version 1.0
38 maps/bgmaps/AR0016SR.map 512 512 370 385 376 252 152.88
3 maps/bgmaps/AR0016SR.map 512 512 416 366 426 371 12.07
81 maps/bgmaps/AR0016SR.map 512 512 399 413 165 194 324.71
90 maps/bgmaps/AR0016SR.map 512 512 40 236 344 361 361.58
31 maps/bgmaps/AR0016SR.map 512 512 325 219 313 298 126.40
17 maps/bgmaps/AR0016SR.map 512 512 252 279 305 318 69.15
25 maps/bgmaps/AR0016SR.map 512 512 241 244 323 288 100.23
49 maps/bgmaps/AR0016SR.map 512 512 243 445 379 416 196.02
52 maps/bgmaps/AR0016SR.map 512 512 293 320 123 345 211.69
54 maps/bgmaps/AR0016SR.map 512 512 268 166 298 312 217.82
43 maps/bgmaps/AR0016SR.map 512 512 225 74 315 209 172.28
68 maps/bgmaps/AR0016SR.map 512 512 252 164 369 373 274.15
47 maps/bgmaps/AR0016SR.map 512 512 295 174 294 254 189.07
36 maps/bgmaps/AR0016SR.map 512 512 128 161 242 151 147.97
85 maps/bgmaps/AR0016SR.map 512 512 302 500 320 201 340.42
37 maps/bgmaps/AR0016SR.map 512 512 289 288 262 385 150.18
72 maps/bgmaps/AR0016SR.map 512 512 145 314 364 224 288.15
12 maps/bgmaps/AR0016SR.map 512 512 142 321 178 291 48.43
50 maps/bgmaps/AR0016SR.map 512 512 323 283 288 466 203.64
57 maps/bgmaps/AR0016SR.map 512 512 365 223 417 362 231.37
58 maps/bgmaps/AR0016SR.map 512 512 386 291 206 362 232.46
42 maps/bgmaps/AR0016SR.map 512 512 242 254 288 404 169.88
31 maps/bgmaps/AR0016SR.map 512 512 140 221 30 241 124.08
19 maps/bgmaps/AR0016SR.map 512 512 442 374 381 418 79.23
86 maps/bgmaps/AR0016SR.map 512 512 177 132 260 442 345.21
68 maps/bgmaps/AR0016SR.map 512 512 331 291 123 141 273.06
75 maps/bgmaps/AR0016SR.map 512 512 89 192 328 328 301.13
51 maps/bgmaps/AR0016SR.map 512 512 402 403 380 239 204.07
59 maps/bgmaps/AR0016SR.map 512 512 229 128 155 80 238.98
61 maps/bgmaps/AR0016SR.map 512 512 75 273 260 127 247.23
76 maps/bgmaps/AR0016SR.map 512 512 172 208 270 464 305.62
40 maps/bgmaps/AR0016SR.map 512 512 407 408 274 389 162.41
76 maps/bgmaps/AR0016SR.map 512 512 320 216 93 295 306.11
64 maps/bgmaps/AR0016SR.map 512 512 228 247 416 358 259.72
29 maps/bgmaps/AR0016SR.map 512 512 249 288 150 330 116.40
60 maps/bgmaps/AR0016SR.map 512 512 94 293 226 108 241.43
60 maps/bgmaps/AR0016SR.map 512 512 115 266 243 428 241.02
45 maps/bgmaps/AR0016SR.map 512 512 268 427 138 346 183.47
36 maps/bgmaps/AR0016SR.map 512 512 233 221 223 351 144.08
59 maps/bgmaps/AR0016SR.map 512 512 348 321 169 241 238.91
65 maps/bgmaps/AR0016SR.map 512 512 210 336 289 179 260.75
97 maps/bgmaps/AR0016SR.map 512 512 79 267 407 399 388.48
44 maps/bgmaps/AR0016SR.map 512 512 181 382 251 234 176.99
61 maps/bgmaps/AR0016SR.map 512 512 175 205 242 405 246.62
27 maps/bgmaps/AR0016SR.map 512 512 150 240 123 336 108.01
43 maps/bgmaps/AR0016SR.map 512 512 266 449 301 307 172.24
66 maps/bgmaps/AR0016SR.map 512 512 412 326 182 392 267.28
50 maps/bgmaps/AR0016SR.map 512 512 388 266 275 422 202.81
56 maps/bgmaps/AR0016SR.map 512 512 54 254 225 377 226.05
35 maps/bgmaps/AR0016SR.map 512 512 184 335 292 413 140.31
22 maps/bgmaps/AR0016SR.map 512 512 381 280 353 200 91.60
23 maps/bgmaps/AR0016SR.map 512 512 251 443 321 419 92.08
72 maps/bgmaps/AR0016SR.map 512 512 310 169 270 400 290.12
16 maps/bgmaps/AR0016SR.map 512 512 139 322 134 264 65.87
58 maps/bgmaps/AR0016SR.map 512 512 442 315 249 220 232.35
90 maps/bgmaps/AR0016SR.map 512 512 366 367 75 228 360.82
22 maps/bgmaps/AR0016SR.map 512 512 257 269 193 204 91.51
22 maps/bgmaps/AR0016SR.map 512 512 97 190 165 219 90.15
14 maps/bgmaps/AR0016SR.map 512 512 174 299 149 259 57.18
75 maps/bgmaps/AR0016SR.map 512 512 231 181 403 410 302.00
29 maps/bgmaps/AR0016SR.map 512 512 135 149 201 159 117.44
88 maps/bgmaps/AR0016SR.map 512 512 137 284 433 358 352.33
13 maps/bgmaps/AR0016SR.map 512 512 266 479 275 430 52.73
30 maps/bgmaps/AR0016SR.map 512 512 200 335 287 249 122.62
37 maps/bgmaps/AR0016SR.map 512 512 175 355 274 245 151.01
8 maps/bgmaps/AR0016SR.map 512 512 163 224 188 206 32.46
45 maps/bgmaps/AR0016SR.map 512 512 237 306 112 210 182.92
47 maps/bgmaps/AR0016SR.map 512 512 220 172 236 349 191.08
64 maps/bgmaps/AR0016SR.map 512 512 134 159 209 370 256.98
64 maps/bgmaps/AR0016SR.map 512 512 279 178 254 353 257.40
93 maps/bgmaps/AR0016SR.map 512 512 118 135 240 443 373.20
54 maps/bgmaps/AR0016SR.map 512 512 195 120 312 290 218.46
82 maps/bgmaps/AR0016SR.map 512 512 82 185 347 208 330.03
10 maps/bgmaps/AR0016SR.map 512 512 345 371 314 349 40.11
40 maps/bgmaps/AR0016SR.map 512 512 329 326 260 461 163.58
11 maps/bgmaps/AR0016SR.map 512 512 311 321 332 358 45.70
6 maps/bgmaps/AR0016SR.map 512 512 236 144 221 163 25.21
50 maps/bgmaps/AR0016SR.map 512 512 184 290 137 137 200.85
47 maps/bgmaps/AR0016SR.map 512 512 188 132 89 197 191.78
85 maps/bgmaps/AR0016SR.map 512 512 136 274 427 378 343.19
22 maps/bgmaps/AR0016SR.map 512 512 242 303 175 357 89.37
17 maps/bgmaps/AR0016SR.map 512 512 244 119 209 175 70.50
104 maps/bgmaps/AR0016SR.map 512 512 302 506 65 197 416.54
87 maps/bgmaps/AR0016SR.map 512 512 382 403 134 159 349.07
102 maps/bgmaps/AR0016SR.map 512 512 289 497 209 121 409.97
71 maps/bgmaps/AR0016SR.map 512 512 278 396 243 133 287.44
116 maps/bgmaps/AR0016SR.map 512 512 167 58 337 421 467.14
41 maps/bgmaps/AR0016SR.map 512 512 440 308 329 186 167.98
37 maps/bgmaps/AR0016SR.map 512 512 155 178 75 252 150.67
15 maps/bgmaps/AR0016SR.map 512 512 382 414 429 378 61.91
59 maps/bgmaps/AR0016SR.map 512 512 373 242 176 298 236.25
12 maps/bgmaps/AR0016SR.map 512 512 95 305 132 271 51.08
57 maps/bgmaps/AR0016SR.map 512 512 175 336 211 147 228.76
19 maps/bgmaps/AR0016SR.map 512 512 391 292 381 357 78.25
83 maps/bgmaps/AR0016SR.map 512 512 131 227 304 487 334.00
62 maps/bgmaps/AR0016SR.map 512 512 224 304 420 398 250.68
35 maps/bgmaps/AR0016SR.map 512 512 243 354 308 318 143.57
75 maps/bgmaps/AR0016SR.map 512 512 143 104 242 354 302.95
11 maps/bgmaps/AR0016SR.map 512 512 282 383 272 423 44.14
27 maps/bgmaps/AR0016SR.map 512 512 279 397 367 382 109.95
52 maps/bgmaps/AR0016SR.map 512 512 292 473 163 353 211.51
23 maps/bgmaps/AR0016SR.map 512 512 293 409 321 477 95.66
17 maps/bgmaps/AR0016SR.map 512 512 362 329 309 284 71.64
70 maps/bgmaps/AR0016SR.map 512 512 269 178 263 382 283.05
74 maps/bgmaps/AR0016SR.map 512 512 286 403 216 136 296.82
48 maps/bgmaps/AR0016SR.map 512 512 316 324 167 211 195.81
52 maps/bgmaps/AR0016SR.map 512 512 349 318 187 205 208.81
63 maps/bgmaps/AR0016SR.map 512 512 189 340 338 230 252.24
9 maps/bgmaps/AR0016SR.map 512 512 114 234 92 206 37.11
56 maps/bgmaps/AR0016SR.map 512 512 254 134 356 319 227.25
48 maps/bgmaps/AR0016SR.map 512 512 242 203 141 325 194.54
67 maps/bgmaps/AR0016SR.map 512 512 429 287 261 465 271.61
43 maps/bgmaps/AR0016SR.map 512 512 175 220 316 296 172.48
54 maps/bgmaps/AR0016SR.map 512 512 266 345 242 153 216.33
13 maps/bgmaps/AR0016SR.map 512 512 277 277 318 308 53.84
57 maps/bgmaps/AR0016SR.map 512 512 227 438 360 270 231.29
46 maps/bgmaps/AR0016SR.map 512 512 152 236 218 388 185.14
69 maps/bgmaps/AR0016SR.map 512 512 104 265 180 56 277.63
59 maps/bgmaps/AR0016SR.map 512 512 332 238 187 310 236.88
53 maps/bgmaps/AR0016SR.map 512 512 283 383 352 206 215.68
54 maps/bgmaps/AR0016SR.map 512 512 250 332 415 280 219.87
35 maps/bgmaps/AR0016SR.map 512 512 318 280 196 227 143.95
70 maps/bgmaps/AR0016SR.map 512 512 255 343 326 187 281.47
61 maps/bgmaps/AR0016SR.map 512 512 302 316 201 110 247.84
30 maps/bgmaps/AR0016SR.map 512 512 274 258 364 338 123.14
3 maps/bgmaps/AR0016SR.map 512 512 138 332 148 321 15.14
50 maps/bgmaps/AR0016SR.map 512 512 164 239 315 188 201.76
2 maps/bgmaps/AR0016SR.map 512 512 156 313 150 318 8.07
44 maps/bgmaps/AR0016SR.map 512 512 132 349 56 234 177.41
107 maps/bgmaps/AR0016SR.map 512 512 425 351 97 196 428.37
25 maps/bgmaps/AR0016SR.map 512 512 251 420 223 335 100.74
69 maps/bgmaps/AR0016SR.map 512 512 322 325 96 214 277.78
57 maps/bgmaps/AR0016SR.map 512 512 189 293 267 141 229.64
102 maps/bgmaps/AR0016SR.map 512 512 75 215 403 398 410.43
59 maps/bgmaps/AR0016SR.map 512 512 364 335 255 144 236.15
31 maps/bgmaps/AR0016SR.map 512 512 259 152 260 243 124.91
45 maps/bgmaps/AR0016SR.map 512 512 204 304 367 308 180.40
29 maps/bgmaps/AR0016SR.map 512 512 338 329 350 222 116.11
67 maps/bgmaps/AR0016SR.map 512 512 234 364 321 222 269.12
26 maps/bgmaps/AR0016SR.map 512 512 177 234 90 191 104.81
127 maps/bgmaps/AR0016SR.map 512 512 306 477 165 57 511.60
82 maps/bgmaps/AR0016SR.map 512 512 288 381 25 235 328.45
56 maps/bgmaps/AR0016SR.map 512 512 204 190 381 265 225.46
10 maps/bgmaps/AR0016SR.map 512 512 307 451 333 418 43.77
34 maps/bgmaps/AR0016SR.map 512 512 243 360 350 339 138.07
68 maps/bgmaps/AR0016SR.map 512 512 145 157 339 335 274.17
54 maps/bgmaps/AR0016SR.map 512 512 381 249 427 363 218.65
53 maps/bgmaps/AR0016SR.map 512 512 222 437 385 416 215.61
82 maps/bgmaps/AR0016SR.map 512 512 215 393 294 196 330.07
41 maps/bgmaps/AR0016SR.map 512 512 222 370 102 297 166.91
54 maps/bgmaps/AR0016SR.map 512 512 129 225 209 410 218.14
4 maps/bgmaps/AR0016SR.map 512 512 335 412 330 397 17.07
59 maps/bgmaps/AR0016SR.map 512 512 397 284 168 304 238.11
11 maps/bgmaps/AR0016SR.map 512 512 320 177 311 218 44.73
28 maps/bgmaps/AR0016SR.map 512 512 211 394 220 283 114.73
86 maps/bgmaps/AR0016SR.map 512 512 71 275 363 388 345.78
34 maps/bgmaps/AR0016SR.map 512 512 176 284 211 223 139.40
76 maps/bgmaps/AR0016SR.map 512 512 333 186 181 335 304.24
54 maps/bgmaps/AR0016SR.map 512 512 140 348 222 165 217.79
21 maps/bgmaps/AR0016SR.map 512 512 285 311 221 283 85.50
12 maps/bgmaps/AR0016SR.map 512 512 168 385 139 347 50.01
74 maps/bgmaps/AR0016SR.map 512 512 334 185 84 203 298.05
50 maps/bgmaps/AR0016SR.map 512 512 70 285 176 157 201.52
26 maps/bgmaps/AR0016SR.map 512 512 139 165 134 243 107.57
78 maps/bgmaps/AR0016SR.map 512 512 53 233 247 428 315.03
32 maps/bgmaps/AR0016SR.map 512 512 403 411 322 316 129.72
28 maps/bgmaps/AR0016SR.map 512 512 347 384 255 378 114.37
59 maps/bgmaps/AR0016SR.map 512 512 183 284 377 235 238.74
50 maps/bgmaps/AR0016SR.map 512 512 372 252 216 327 202.54
45 maps/bgmaps/AR0016SR.map 512 512 140 313 244 214 180.40
14 maps/bgmaps/AR0016SR.map 512 512 300 171 258 133 57.74
77 maps/bgmaps/AR0016SR.map 512 512 172 151 406 323 311.10
40 maps/bgmaps/AR0016SR.map 512 512 114 244 266 222 162.77
46 maps/bgmaps/AR0016SR.map 512 512 373 234 224 143 186.69
56 maps/bgmaps/AR0016SR.map 512 512 362 262 238 430 225.81
30 maps/bgmaps/AR0016SR.map 512 512 170 306 185 216 121.02
9 maps/bgmaps/AR0016SR.map 512 512 210 327 220 359 36.14
34 maps/bgmaps/AR0016SR.map 512 512 105 282 146 175 139.82
48 maps/bgmaps/AR0016SR.map 512 512 198 401 327 317 194.24
67 maps/bgmaps/AR0016SR.map 512 512 335 289 111 198 268.08
14 maps/bgmaps/AR0016SR.map 512 512 284 299 240 262 59.33
51 maps/bgmaps/AR0016SR.map 512 512 257 382 376 252 206.87
18 maps/bgmaps/AR0016SR.map 512 512 106 210 170 233 73.53
35 maps/bgmaps/AR0016SR.map 512 512 313 348 222 321 143.72
69 maps/bgmaps/AR0016SR.map 512 512 272 479 358 236 278.62
93 maps/bgmaps/AR0016SR.map 512 512 407 406 133 164 374.24
75 maps/bgmaps/AR0016SR.map 512 512 279 257 173 60 300.40
1 maps/bgmaps/AR0016SR.map 512 512 429 366 435 363 7.24
31 maps/bgmaps/AR0016SR.map 512 512 123 224 180 154 127.08
46 maps/bgmaps/AR0016SR.map 512 512 309 394 142 346 186.88
55 maps/bgmaps/AR0016SR.map 512 512 228 117 94 270 223.74
50 maps/bgmaps/AR0016SR.map 512 512 320 480 207 342 202.38
20 maps/bgmaps/AR0016SR.map 512 512 122 199 132 278 83.14
75 maps/bgmaps/AR0016SR.map 512 512 284 394 268 144 301.92
31 maps/bgmaps/AR0016SR.map 512 512 205 147 266 249 127.27
58 maps/bgmaps/AR0016SR.map 512 512 220 226 398 326 234.53
73 maps/bgmaps/AR0016SR.map 512 512 246 375 302 161 292.04
11 maps/bgmaps/AR0016SR.map 512 512 213 119 260 120 47.41
40 maps/bgmaps/AR0016SR.map 512 512 76 273 165 366 160.33
25 maps/bgmaps/AR0016SR.map 512 512 319 337 391 267 100.99
69 maps/bgmaps/AR0016SR.map 512 512 183 156 397 307 278.30
19 maps/bgmaps/AR0016SR.map 512 512 397 304 324 292 77.97
26 maps/bgmaps/AR0016SR.map 512 512 205 309 283 243 105.34
58 maps/bgmaps/AR0016SR.map 512 512 130 227 269 403 235.92
62 maps/bgmaps/AR0016SR.map 512 512 100 279 293 181 250.99
31 maps/bgmaps/AR0016SR.map 512 512 202 313 313 291 125.08
12 maps/bgmaps/AR0016SR.map 512 512 364 315 317 309 49.49
72 maps/bgmaps/AR0016SR.map 512 512 335 206 225 382 290.25
37 maps/bgmaps/AR0016SR.map 512 512 202 132 129 147 149.34
78 maps/bgmaps/AR0016SR.map 512 512 257 422 281 181 312.24
56 maps/bgmaps/AR0016SR.map 512 512 303 280 114 204 226.28
48 maps/bgmaps/AR0016SR.map 512 512 219 381 195 223 192.99
51 maps/bgmaps/AR0016SR.map 512 512 148 242 253 399 207.81
36 maps/bgmaps/AR0016SR.map 512 512 236 238 235 377 146.87
69 maps/bgmaps/AR0016SR.map 512 512 239 327 145 105 278.78
46 maps/bgmaps/AR0016SR.map 512 512 110 214 195 365 186.21
30 maps/bgmaps/AR0016SR.map 512 512 348 317 264 384 122.44
50 maps/bgmaps/AR0016SR.map 512 512 155 228 310 202 200.56
75 maps/bgmaps/AR0016SR.map 512 512 205 194 457 313 301.29
55 maps/bgmaps/AR0016SR.map 512 512 123 152 187 332 221.42
10 maps/bgmaps/AR0016SR.map 512 512 302 366 315 345 42.63
54 maps/bgmaps/AR0016SR.map 512 512 195 195 359 254 217.43
39 maps/bgmaps/AR0016SR.map 512 512 204 230 67 265 159.78
29 maps/bgmaps/AR0016SR.map 512 512 60 206 159 250 117.23
55 maps/bgmaps/AR0016SR.map 512 512 219 293 291 173 221.15
110 maps/bgmaps/AR0016SR.map 512 512 417 298 169 72 441.73
72 maps/bgmaps/AR0016SR.map 512 512 378 248 160 249 290.66
48 maps/bgmaps/AR0016SR.map 512 512 229 227 141 351 193.04
73 maps/bgmaps/AR0016SR.map 512 512 71 215 312 324 292.78
41 maps/bgmaps/AR0016SR.map 512 512 163 298 253 419 166.62
11 maps/bgmaps/AR0016SR.map 512 512 354 335 337 375 47.04
39 maps/bgmaps/AR0016SR.map 512 512 220 339 174 229 158.94
80 maps/bgmaps/AR0016SR.map 512 512 246 323 165 61 323.48
59 maps/bgmaps/AR0016SR.map 512 512 227 293 420 386 238.15
10 maps/bgmaps/AR0016SR.map 512 512 329 315 291 322 40.90
32 maps/bgmaps/AR0016SR.map 512 512 393 289 277 254 130.50
54 maps/bgmaps/AR0016SR.map 512 512 346 243 237 345 217.53
12 maps/bgmaps/AR0016SR.map 512 512 162 373 188 333 50.77
61 maps/bgmaps/AR0016SR.map 512 512 285 172 139 101 246.76
67 maps/bgmaps/AR0016SR.map 512 512 184 128 334 335 269.13
80 maps/bgmaps/AR0016SR.map 512 512 103 190 366 315 321.16
31 maps/bgmaps/AR0016SR.map 512 512 166 340 92 302 125.78
85 maps/bgmaps/AR0016SR.map 512 512 181 51 218 60 342.19
12 maps/bgmaps/AR0016SR.map 512 512 217 227 170 215 51.97
50 maps/bgmaps/AR0016SR.map 512 512 207 326 363 391 202.81
55 maps/bgmaps/AR0016SR.map 512 512 166 187 328 237 220.98
53 maps/bgmaps/AR0016SR.map 512 512 122 330 306 399 212.58
28 maps/bgmaps/AR0016SR.map 512 512 335 325 330 229 114.64
70 maps/bgmaps/AR0016SR.map 512 512 394 401 225 189 283.76
39 maps/bgmaps/AR0016SR.map 512 512 136 175 177 286 158.71
52 maps/bgmaps/AR0016SR.map 512 512 163 382 304 332 209.43
65 maps/bgmaps/AR0016SR.map 512 512 381 409 289 191 261.08
24 maps/bgmaps/AR0016SR.map 512 512 386 252 364 341 98.11
38 maps/bgmaps/AR0016SR.map 512 512 381 395 410 296 155.10
22 maps/bgmaps/AR0016SR.map 512 512 254 351 290 428 91.91
56 maps/bgmaps/AR0016SR.map 512 512 250 206 260 424 227.11
53 maps/bgmaps/AR0016SR.map 512 512 408 297 253 429 213.78
57 maps/bgmaps/AR0016SR.map 512 512 406 283 182 298 231.04
35 maps/bgmaps/AR0016SR.map 512 512 326 433 218 372 143.23
18 maps/bgmaps/AR0016SR.map 512 512 179 377 165 309 73.80
61 maps/bgmaps/AR0016SR.map 512 512 404 326 279 492 245.89
84 maps/bgmaps/AR0016SR.map 512 512 244 431 34 233 338.27
26 maps/bgmaps/AR0016SR.map 512 512 377 397 339 307 105.74
25 maps/bgmaps/AR0016SR.map 512 512 158 321 243 358 100.33
41 maps/bgmaps/AR0016SR.map 512 512 209 364 354 370 167.37
47 maps/bgmaps/AR0016SR.map 512 512 258 215 406 311 190.11
29 maps/bgmaps/AR0016SR.map 512 512 117 277 158 180 118.12
45 maps/bgmaps/AR0016SR.map 512 512 432 370 277 394 180.68
38 maps/bgmaps/AR0016SR.map 512 512 260 397 141 329 154.20
89 maps/bgmaps/AR0016SR.map 512 512 94 258 423 313 357.58
44 maps/bgmaps/AR0016SR.map 512 512 369 309 225 323 177.30
54 maps/bgmaps/AR0016SR.map 512 512 361 294 196 170 216.36
103 maps/bgmaps/AR0016SR.map 512 512 425 304 144 101 412.86
47 maps/bgmaps/AR0016SR.map 512 512 210 340 366 289 189.23
46 maps/bgmaps/AR0016SR.map 512 512 208 383 88 289 184.79
47 maps/bgmaps/AR0016SR.map 512 512 195 153 329 282 189.19
91 maps/bgmaps/AR0016SR.map 512 512 404 287 128 117 366.33
48 maps/bgmaps/AR0016SR.map 512 512 195 377 74 250 195.28
21 maps/bgmaps/AR0016SR.map 512 512 149 321 99 271 86.53
26 maps/bgmaps/AR0016SR.map 512 512 65 211 154 256 107.64
76 maps/bgmaps/AR0016SR.map 512 512 170 76 145 345 305.62
24 maps/bgmaps/AR0016SR.map 512 512 300 303 359 376 97.44
77 maps/bgmaps/AR0016SR.map 512 512 425 305 137 269 308.71
61 maps/bgmaps/AR0016SR.map 512 512 249 279 316 491 246.82
3 maps/bgmaps/AR0016SR.map 512 512 254 124 261 134 12.90
8 maps/bgmaps/AR0016SR.map 512 512 447 321 419 309 32.97
2 maps/bgmaps/AR0016SR.map 512 512 165 203 176 202 11.41
62 maps/bgmaps/AR0016SR.map 512 512 446 318 242 422 249.56
37 maps/bgmaps/AR0016SR.map 512 512 276 266 220 389 150.30
11 maps/bgmaps/AR0016SR.map 512 512 275 445 230 442 46.24
35 maps/bgmaps/AR0016SR.map 512 512 320 407 197 361 142.05
24 maps/bgmaps/AR0016SR.map 512 512 229 235 206 294 96.43
51 maps/bgmaps/AR0016SR.map 512 512 93 202 263 279 207.69
49 maps/bgmaps/AR0016SR.map 512 512 325 442 375 275 196.82
24 maps/bgmaps/AR0016SR.map 512 512 321 401 250 461 98.78
35 maps/bgmaps/AR0016SR.map 512 512 205 188 100 273 140.21
76 maps/bgmaps/AR0016SR.map 512 512 426 365 156 361 305.62
57 maps/bgmaps/AR0016SR.map 512 512 198 410 119 214 228.72
34 maps/bgmaps/AR0016SR.map 512 512 208 359 248 457 136.43
10 maps/bgmaps/AR0016SR.map 512 512 52 235 85 255 41.28
39 maps/bgmaps/AR0016SR.map 512 512 200 300 347 298 158.60
40 maps/bgmaps/AR0016SR.map 512 512 327 316 236 191 162.69
52 maps/bgmaps/AR0016SR.map 512 512 293 279 110 243 208.68
38 maps/bgmaps/AR0016SR.map 512 512 405 325 403 416 154.14
49 maps/bgmaps/AR0016SR.map 512 512 108 199 238 312 199.07
82 maps/bgmaps/AR0016SR.map 512 512 302 394 127 152 330.55
82 maps/bgmaps/AR0016SR.map 512 512 49 247 324 194 328.43
3 maps/bgmaps/AR0016SR.map 512 512 327 323 329 308 15.83
21 maps/bgmaps/AR0016SR.map 512 512 399 332 328 309 87.15
62 maps/bgmaps/AR0016SR.map 512 512 113 125 206 300 248.94
56 maps/bgmaps/AR0016SR.map 512 512 435 300 249 209 224.28
50 maps/bgmaps/AR0016SR.map 512 512 166 78 206 238 203.91
107 maps/bgmaps/AR0016SR.map 512 512 180 65 255 422 429.24
39 maps/bgmaps/AR0016SR.map 512 512 459 310 321 362 159.54
42 maps/bgmaps/AR0016SR.map 512 512 367 402 242 429 168.49
52 maps/bgmaps/AR0016SR.map 512 512 206 183 361 269 211.15
82 maps/bgmaps/AR0016SR.map 512 512 137 282 413 370 328.78
38 maps/bgmaps/AR0016SR.map 512 512 248 321 284 459 155.84
46 maps/bgmaps/AR0016SR.map 512 512 144 174 49 224 184.40
44 maps/bgmaps/AR0016SR.map 512 512 376 400 378 244 179.20
46 maps/bgmaps/AR0016SR.map 512 512 374 407 230 354 185.84
56 maps/bgmaps/AR0016SR.map 512 512 393 278 197 218 227.48
82 maps/bgmaps/AR0016SR.map 512 512 222 440 254 157 328.10
44 maps/bgmaps/AR0016SR.map 512 512 320 394 443 316 179.85
5 maps/bgmaps/AR0016SR.map 512 512 191 180 206 196 22.21
84 maps/bgmaps/AR0016SR.map 512 512 360 317 84 185 336.48
29 maps/bgmaps/AR0016SR.map 512 512 244 159 345 204 119.64
100 maps/bgmaps/AR0016SR.map 512 512 243 440 204 71 400.27
19 maps/bgmaps/AR0016SR.map 512 512 318 176 247 156 79.28
21 maps/bgmaps/AR0016SR.map 512 512 260 274 196 324 84.71
83 maps/bgmaps/AR0016SR.map 512 512 250 416 118 148 333.16
51 maps/bgmaps/AR0016SR.map 512 512 290 314 236 132 207.68
11 maps/bgmaps/AR0016SR.map 512 512 282 252 249 284 46.25
91 maps/bgmaps/AR0016SR.map 512 512 388 265 70 224 364.04
71 maps/bgmaps/AR0016SR.map 512 512 87 210 278 414 287.22
40 maps/bgmaps/AR0016SR.map 512 512 330 301 213 191 162.56
49 maps/bgmaps/AR0016SR.map 512 512 214 103 126 264 197.45
18 maps/bgmaps/AR0016SR.map 512 512 162 377 226 356 72.70
95 maps/bgmaps/AR0016SR.map 512 512 66 242 302 497 382.63
58 maps/bgmaps/AR0016SR.map 512 512 219 104 101 291 235.88
42 maps/bgmaps/AR0016SR.map 512 512 238 195 182 328 170.78
75 maps/bgmaps/AR0016SR.map 512 512 128 340 356 233 303.61
22 maps/bgmaps/AR0016SR.map 512 512 314 403 341 323 91.18
44 maps/bgmaps/AR0016SR.map 512 512 337 237 208 118 179.46
33 maps/bgmaps/AR0016SR.map 512 512 174 361 290 373 135.50
7 maps/bgmaps/AR0016SR.map 512 512 324 339 297 334 29.07
57 maps/bgmaps/AR0016SR.map 512 512 382 409 263 229 229.29
45 maps/bgmaps/AR0016SR.map 512 512 161 356 198 225 180.71
59 maps/bgmaps/AR0016SR.map 512 512 290 375 314 190 237.11
59 maps/bgmaps/AR0016SR.map 512 512 185 308 111 121 236.08
24 maps/bgmaps/AR0016SR.map 512 512 185 148 146 175 96.43
37 maps/bgmaps/AR0016SR.map 512 512 93 210 140 164 149.57
29 maps/bgmaps/AR0016SR.map 512 512 330 403 226 439 118.91
80 maps/bgmaps/AR0016SR.map 512 512 254 122 261 423 322.95
81 maps/bgmaps/AR0016SR.map 512 512 357 276 74 214 327.45
34 maps/bgmaps/AR0016SR.map 512 512 154 307 157 181 139.67
43 maps/bgmaps/AR0016SR.map 512 512 244 306 83 279 172.18
29 maps/bgmaps/AR0016SR.map 512 512 306 377 392 423 117.24
3 maps/bgmaps/AR0016SR.map 512 512 370 291 370 305 14.00
73 maps/bgmaps/AR0016SR.map 512 512 316 348 95 204 292.30
99 maps/bgmaps/AR0016SR.map 512 512 74 216 422 319 398.12
87 maps/bgmaps/AR0016SR.map 512 512 333 294 164 75 351.00
62 maps/bgmaps/AR0016SR.map 512 512 388 427 236 239 250.96
56 maps/bgmaps/AR0016SR.map 512 512 201 197 389 290 226.52
92 maps/bgmaps/AR0016SR.map 512 512 344 254 54 228 370.31
65 maps/bgmaps/AR0016SR.map 512 512 411 333 191 323 261.42
23 maps/bgmaps/AR0016SR.map 512 512 104 268 176 217 93.12
77 maps/bgmaps/AR0016SR.map 512 512 411 340 157 235 309.92
43 maps/bgmaps/AR0016SR.map 512 512 212 200 235 358 175.81
36 maps/bgmaps/AR0016SR.map 512 512 186 214 137 335 145.64
84 maps/bgmaps/AR0016SR.map 512 512 216 74 270 387 336.20
40 maps/bgmaps/AR0016SR.map 512 512 406 389 411 310 161.68
37 maps/bgmaps/AR0016SR.map 512 512 68 232 167 330 150.14
41 maps/bgmaps/AR0016SR.map 512 512 392 291 270 388 164.52
82 maps/bgmaps/AR0016SR.map 512 512 58 212 334 213 331.92
67 maps/bgmaps/AR0016SR.map 512 512 187 134 395 288 271.79
25 maps/bgmaps/AR0016SR.map 512 512 372 403 353 313 101.18
39 maps/bgmaps/AR0016SR.map 512 512 407 292 287 379 158.38
45 maps/bgmaps/AR0016SR.map 512 512 237 452 373 350 182.35
40 maps/bgmaps/AR0016SR.map 512 512 214 238 75 243 162.61
60 maps/bgmaps/AR0016SR.map 512 512 213 113 153 86 240.52
71 maps/bgmaps/AR0016SR.map 512 512 218 59 92 282 284.56
58 maps/bgmaps/AR0016SR.map 512 512 49 224 233 342 232.88
24 maps/bgmaps/AR0016SR.map 512 512 176 379 161 287 98.21
41 maps/bgmaps/AR0016SR.map 512 512 120 276 139 137 166.75
39 maps/bgmaps/AR0016SR.map 512 512 233 191 111 281 159.28
94 maps/bgmaps/AR0016SR.map 512 512 401 421 245 112 378.59
19 maps/bgmaps/AR0016SR.map 512 512 178 140 173 210 79.53
45 maps/bgmaps/AR0016SR.map 512 512 202 343 341 313 180.48
92 maps/bgmaps/AR0016SR.map 512 512 191 144 316 454 370.06
75 maps/bgmaps/AR0016SR.map 512 512 252 395 298 179 301.02
22 maps/bgmaps/AR0016SR.map 512 512 403 278 380 357 88.53
13 maps/bgmaps/AR0016SR.map 512 512 372 304 352 350 54.28
39 maps/bgmaps/AR0016SR.map 512 512 157 353 272 421 157.23
70 maps/bgmaps/AR0016SR.map 512 512 110 146 218 368 283.99
88 maps/bgmaps/AR0016SR.map 512 512 323 439 187 148 352.30
52 maps/bgmaps/AR0016SR.map 512 512 51 219 247 208 211.33
72 maps/bgmaps/AR0016SR.map 512 512 334 375 192 145 288.82
43 maps/bgmaps/AR0016SR.map 512 512 164 354 237 219 175.97
73 maps/bgmaps/AR0016SR.map 512 512 224 183 316 432 295.98
22 maps/bgmaps/AR0016SR.map 512 512 274 475 280 387 90.49
27 maps/bgmaps/AR0016SR.map 512 512 341 237 347 337 109.11
56 maps/bgmaps/AR0016SR.map 512 512 303 272 96 265 226.47
30 maps/bgmaps/AR0016SR.map 512 512 416 325 342 232 123.65
71 maps/bgmaps/AR0016SR.map 512 512 362 310 142 161 284.06
44 maps/bgmaps/AR0016SR.map 512 512 241 138 117 248 176.01
51 maps/bgmaps/AR0016SR.map 512 512 220 164 327 327 207.32
72 maps/bgmaps/AR0016SR.map 512 512 141 154 213 400 290.74
85 maps/bgmaps/AR0016SR.map 512 512 408 305 121 199 342.56
13 maps/bgmaps/AR0016SR.map 512 512 194 330 228 292 52.08
58 maps/bgmaps/AR0016SR.map 512 512 220 229 234 437 232.85
63 maps/bgmaps/AR0016SR.map 512 512 342 361 237 157 252.81
62 maps/bgmaps/AR0016SR.map 512 512 216 107 80 289 250.63
28 maps/bgmaps/AR0016SR.map 512 512 117 254 207 199 112.78
49 maps/bgmaps/AR0016SR.map 512 512 137 271 270 176 196.15
68 maps/bgmaps/AR0016SR.map 512 512 162 228 398 264 275.76
92 maps/bgmaps/AR0016SR.map 512 512 175 60 321 324 370.98
34 maps/bgmaps/AR0016SR.map 512 512 212 159 267 274 137.78
102 maps/bgmaps/AR0016SR.map 512 512 133 140 428 365 411.65
44 maps/bgmaps/AR0016SR.map 512 512 361 367 217 335 177.14
4 maps/bgmaps/AR0016SR.map 512 512 203 413 203 395 18.00
49 maps/bgmaps/AR0016SR.map 512 512 230 127 125 116 198.59
61 maps/bgmaps/AR0016SR.map 512 512 410 291 209 185 244.91
85 maps/bgmaps/AR0016SR.map 512 512 254 425 294 151 341.10
71 maps/bgmaps/AR0016SR.map 512 512 62 251 317 309 284.82
10 maps/bgmaps/AR0016SR.map 512 512 204 321 168 340 43.87
77 maps/bgmaps/AR0016SR.map 512 512 423 294 143 256 310.91
35 maps/bgmaps/AR0016SR.map 512 512 407 379 304 304 142.41
89 maps/bgmaps/AR0016SR.map 512 512 326 420 67 203 356.50
97 maps/bgmaps/AR0016SR.map 512 512 423 368 102 247 388.52
33 maps/bgmaps/AR0016SR.map 512 512 139 249 212 146 134.41
68 maps/bgmaps/AR0016SR.map 512 512 163 375 374 250 275.32
41 maps/bgmaps/AR0016SR.map 512 512 204 354 337 429 165.24
3 maps/bgmaps/AR0016SR.map 512 512 387 388 398 382 13.49
16 maps/bgmaps/AR0016SR.map 512 512 170 344 226 320 65.94
11 maps/bgmaps/AR0016SR.map 512 512 191 289 223 317 45.36
88 maps/bgmaps/AR0016SR.map 512 512 77 286 410 304 352.05
63 maps/bgmaps/AR0016SR.map 512 512 218 331 230 95 253.40
39 maps/bgmaps/AR0016SR.map 512 512 202 357 305 310 157.24
23 maps/bgmaps/AR0016SR.map 512 512 218 165 309 167 95.97
81 maps/bgmaps/AR0016SR.map 512 512 230 193 442 364 325.27
15 maps/bgmaps/AR0016SR.map 512 512 179 387 227 350 63.33
48 maps/bgmaps/AR0016SR.map 512 512 224 188 349 329 192.78
32 maps/bgmaps/AR0016SR.map 512 512 267 229 170 150 129.72
68 maps/bgmaps/AR0016SR.map 512 512 248 403 241 148 272.81
70 maps/bgmaps/AR0016SR.map 512 512 110 280 318 217 281.90
36 maps/bgmaps/AR0016SR.map 512 512 96 195 227 222 147.98
52 maps/bgmaps/AR0016SR.map 512 512 129 327 249 440 211.27
24 maps/bgmaps/AR0016SR.map 512 512 81 203 102 287 96.36
28 maps/bgmaps/AR0016SR.map 512 512 210 365 280 431 112.57
37 maps/bgmaps/AR0016SR.map 512 512 306 166 212 224 148.77
19 maps/bgmaps/AR0016SR.map 512 512 216 300 146 323 79.53
55 maps/bgmaps/AR0016SR.map 512 512 289 397 230 206 220.37
57 maps/bgmaps/AR0016SR.map 512 512 143 332 340 318 230.14
45 maps/bgmaps/AR0016SR.map 512 512 204 383 363 376 182.61
80 maps/bgmaps/AR0016SR.map 512 512 250 363 139 94 321.36
61 maps/bgmaps/AR0016SR.map 512 512 453 307 237 315 247.50
78 maps/bgmaps/AR0016SR.map 512 512 162 360 439 363 313.87
24 maps/bgmaps/AR0016SR.map 512 512 233 221 199 136 99.08
82 maps/bgmaps/AR0016SR.map 512 512 402 399 163 183 330.23
39 maps/bgmaps/AR0016SR.map 512 512 169 186 63 243 156.74
43 maps/bgmaps/AR0016SR.map 512 512 83 268 222 248 172.82
103 maps/bgmaps/AR0016SR.map 512 512 447 323 106 148 413.49
87 maps/bgmaps/AR0016SR.map 512 512 148 233 419 395 348.87
52 maps/bgmaps/AR0016SR.map 512 512 344 312 231 149 209.81
15 maps/bgmaps/AR0016SR.map 512 512 225 374 171 355 61.87
2 maps/bgmaps/AR0016SR.map 512 512 79 254 79 245 9.00
74 maps/bgmaps/AR0016SR.map 512 512 365 252 128 218 299.11
46 maps/bgmaps/AR0016SR.map 512 512 330 408 245 264 184.18
26 maps/bgmaps/AR0016SR.map 512 512 282 400 205 332 105.17
55 maps/bgmaps/AR0016SR.map 512 512 80 274 289 277 222.67
6 maps/bgmaps/AR0016SR.map 512 512 358 223 343 203 26.21
63 maps/bgmaps/AR0016SR.map 512 512 309 210 206 304 252.34
23 maps/bgmaps/AR0016SR.map 512 512 154 226 201 159 93.15
19 maps/bgmaps/AR0016SR.map 512 512 151 355 148 280 76.24
64 maps/bgmaps/AR0016SR.map 512 512 323 281 109 192 259.59
75 maps/bgmaps/AR0016SR.map 512 512 196 392 274 162 300.51
72 maps/bgmaps/AR0016SR.map 512 512 69 224 311 188 290.88
109 maps/bgmaps/AR0016SR.map 512 512 190 55 273 408 436.01
69 maps/bgmaps/AR0016SR.map 512 512 348 222 211 375 278.47
65 maps/bgmaps/AR0016SR.map 512 512 402 324 186 336 262.07
87 maps/bgmaps/AR0016SR.map 512 512 219 153 424 392 348.52
98 maps/bgmaps/AR0016SR.map 512 512 68 198 291 490 392.57
9 maps/bgmaps/AR0016SR.map 512 512 160 294 164 330 37.66
42 maps/bgmaps/AR0016SR.map 512 512 322 275 413 381 169.12
44 maps/bgmaps/AR0016SR.map 512 512 368 404 242 343 179.35
76 maps/bgmaps/AR0016SR.map 512 512 431 384 290 173 307.76
80 maps/bgmaps/AR0016SR.map 512 512 117 332 333 232 320.99
26 maps/bgmaps/AR0016SR.map 512 512 170 239 195 293 104.98
13 maps/bgmaps/AR0016SR.map 512 512 390 272 406 321 55.63
20 maps/bgmaps/AR0016SR.map 512 512 399 344 381 273 80.94
62 maps/bgmaps/AR0016SR.map 512 512 229 295 228 60 249.25
57 maps/bgmaps/AR0016SR.map 512 512 141 217 327 191 230.74
38 maps/bgmaps/AR0016SR.map 512 512 133 338 259 268 154.99
38 maps/bgmaps/AR0016SR.map 512 512 305 207 319 325 153.62
14 maps/bgmaps/AR0016SR.map 512 512 94 202 52 240 57.74
37 maps/bgmaps/AR0016SR.map 512 512 393 288 255 262 148.77
37 maps/bgmaps/AR0016SR.map 512 512 159 238 230 118 149.41
83 maps/bgmaps/AR0016SR.map 512 512 116 145 289 375 335.86
24 maps/bgmaps/AR0016SR.map 512 512 306 399 263 481 99.81
23 maps/bgmaps/AR0016SR.map 512 512 290 290 232 221 93.02
23 maps/bgmaps/AR0016SR.map 512 512 312 186 384 242 95.20
36 maps/bgmaps/AR0016SR.map 512 512 252 250 141 166 145.79
45 maps/bgmaps/AR0016SR.map 512 512 356 310 281 461 183.72
75 maps/bgmaps/AR0016SR.map 512 512 273 151 393 395 303.36
58 maps/bgmaps/AR0016SR.map 512 512 156 176 213 373 235.52
71 maps/bgmaps/AR0016SR.map 512 512 327 229 110 253 286.45
11 maps/bgmaps/AR0016SR.map 512 512 144 272 182 293 47.28
35 maps/bgmaps/AR0016SR.map 512 512 250 353 302 463 142.67
92 maps/bgmaps/AR0016SR.map 512 512 315 451 186 142 371.55
60 maps/bgmaps/AR0016SR.map 512 512 144 81 235 120 243.91
55 maps/bgmaps/AR0016SR.map 512 512 203 407 380 407 223.39
51 maps/bgmaps/AR0016SR.map 512 512 130 109 103 260 205.34
8 maps/bgmaps/AR0016SR.map 512 512 208 188 180 202 33.80
51 maps/bgmaps/AR0016SR.map 512 512 205 365 372 316 205.52
42 maps/bgmaps/AR0016SR.map 512 512 216 134 141 274 171.07
79 maps/bgmaps/AR0016SR.map 512 512 77 257 372 273 318.20
22 maps/bgmaps/AR0016SR.map 512 512 162 311 199 384 88.33
90 maps/bgmaps/AR0016SR.map 512 512 414 300 99 196 363.88
27 maps/bgmaps/AR0016SR.map 512 512 259 373 311 331 110.71
95 maps/bgmaps/AR0016SR.map 512 512 128 133 242 456 383.23
69 maps/bgmaps/AR0016SR.map 512 512 317 278 63 250 277.20
51 maps/bgmaps/AR0016SR.map 512 512 265 242 271 427 204.88
79 maps/bgmaps/AR0016SR.map 512 512 252 417 140 149 319.12
22 maps/bgmaps/AR0016SR.map 512 512 282 408 221 398 88.88
66 maps/bgmaps/AR0016SR.map 512 512 337 191 286 420 265.04
87 maps/bgmaps/AR0016SR.map 512 512 342 425 268 142 349.37
27 maps/bgmaps/AR0016SR.map 512 512 233 379 257 462 108.56
81 maps/bgmaps/AR0016SR.map 512 512 291 287 169 59 324.17
12 maps/bgmaps/AR0016SR.map 512 512 208 190 170 222 51.25
35 maps/bgmaps/AR0016SR.map 512 512 176 318 193 215 143.92
80 maps/bgmaps/AR0016SR.map 512 512 387 354 215 105 320.83
33 maps/bgmaps/AR0016SR.map 512 512 201 346 161 240 135.82
55 maps/bgmaps/AR0016SR.map 512 512 409 396 342 221 221.20
13 maps/bgmaps/AR0016SR.map 512 512 194 298 234 332 54.08
55 maps/bgmaps/AR0016SR.map 512 512 309 450 180 317 223.08
114 maps/bgmaps/AR0016SR.map 512 512 218 64 287 493 458.41
61 maps/bgmaps/AR0016SR.map 512 512 123 244 276 423 244.72
36 maps/bgmaps/AR0016SR.map 512 512 185 147 113 216 145.33
52 maps/bgmaps/AR0016SR.map 512 512 359 372 211 223 210.30
53 maps/bgmaps/AR0016SR.map 512 512 208 189 338 348 212.85
80 maps/bgmaps/AR0016SR.map 512 512 48 249 182 62 323.49
30 maps/bgmaps/AR0016SR.map 512 512 238 339 327 403 123.71
90 maps/bgmaps/AR0016SR.map 512 512 219 68 282 402 360.92
47 maps/bgmaps/AR0016SR.map 512 512 165 185 292 321 189.19
72 maps/bgmaps/AR0016SR.map 512 512 188 170 273 423 289.04
41 maps/bgmaps/AR0016SR.map 512 512 307 332 213 396 164.65
85 maps/bgmaps/AR0016SR.map 512 512 129 219 434 296 342.69
92 maps/bgmaps/AR0016SR.map 512 512 134 174 418 381 370.57
14 maps/bgmaps/AR0016SR.map 512 512 193 203 215 153 59.11
76 maps/bgmaps/AR0016SR.map 512 512 140 271 389 392 304.92
46 maps/bgmaps/AR0016SR.map 512 512 293 296 123 274 184.91
12 maps/bgmaps/AR0016SR.map 512 512 285 391 326 412 49.70
14 maps/bgmaps/AR0016SR.map 512 512 75 211 114 243 57.53
40 maps/bgmaps/AR0016SR.map 512 512 320 417 203 318 162.11
84 maps/bgmaps/AR0016SR.map 512 512 108 245 411 314 337.38
24 maps/bgmaps/AR0016SR.map 512 512 311 289 228 248 99.98
55 maps/bgmaps/AR0016SR.map 512 512 385 285 185 338 222.78
91 maps/bgmaps/AR0016SR.map 512 512 158 77 342 324 367.94
77 maps/bgmaps/AR0016SR.map 512 512 433 315 156 338 311.38
30 maps/bgmaps/AR0016SR.map 512 512 177 290 188 406 120.56
77 maps/bgmaps/AR0016SR.map 512 512 399 346 124 275 310.21
67 maps/bgmaps/AR0016SR.map 512 512 296 368 162 185 269.42
41 maps/bgmaps/AR0016SR.map 512 512 109 233 262 235 164.60
68 maps/bgmaps/AR0016SR.map 512 512 168 321 286 187 273.50
90 maps/bgmaps/AR0016SR.map 512 512 362 209 158 87 360.96
74 maps/bgmaps/AR0016SR.map 512 512 130 165 350 259 296.03
58 maps/bgmaps/AR0016SR.map 512 512 304 199 125 250 232.43
77 maps/bgmaps/AR0016SR.map 512 512 164 365 299 160 310.94
25 maps/bgmaps/AR0016SR.map 512 512 211 70 219 168 101.31
48 maps/bgmaps/AR0016SR.map 512 512 261 353 372 292 192.84
25 maps/bgmaps/AR0016SR.map 512 512 115 291 62 211 101.95
36 maps/bgmaps/AR0016SR.map 512 512 360 203 296 295 147.80
18 maps/bgmaps/AR0016SR.map 512 512 370 406 435 386 73.28
62 maps/bgmaps/AR0016SR.map 512 512 332 351 119 279 248.62
73 maps/bgmaps/AR0016SR.map 512 512 164 144 405 274 294.85
10 maps/bgmaps/AR0016SR.map 512 512 264 435 245 400 42.87
36 maps/bgmaps/AR0016SR.map 512 512 357 321 255 216 147.25
43 maps/bgmaps/AR0016SR.map 512 512 228 200 341 219 175.10
74 maps/bgmaps/AR0016SR.map 512 512 394 269 116 273 296.23
36 maps/bgmaps/AR0016SR.map 512 512 326 226 438 306 145.14
60 maps/bgmaps/AR0016SR.map 512 512 145 323 282 479 243.79
65 maps/bgmaps/AR0016SR.map 512 512 446 371 242 251 263.40
16 maps/bgmaps/AR0016SR.map 512 512 147 289 168 232 67.36
9 maps/bgmaps/AR0016SR.map 512 512 362 320 383 351 39.70
48 maps/bgmaps/AR0016SR.map 512 512 183 394 305 293 195.07
61 maps/bgmaps/AR0016SR.map 512 512 326 443 326 232 245.55
49 maps/bgmaps/AR0016SR.map 512 512 186 368 335 289 196.17
47 maps/bgmaps/AR0016SR.map 512 512 285 422 360 262 191.07
60 maps/bgmaps/AR0016SR.map 512 512 184 367 206 165 243.42
43 maps/bgmaps/AR0016SR.map 512 512 308 341 210 206 175.59
80 maps/bgmaps/AR0016SR.map 512 512 407 309 220 63 323.46
86 maps/bgmaps/AR0016SR.map 512 512 367 378 70 278 344.22
16 maps/bgmaps/AR0016SR.map 512 512 254 159 196 180 66.70
18 maps/bgmaps/AR0016SR.map 512 512 244 364 282 423 74.74
26 maps/bgmaps/AR0016SR.map 512 512 207 299 239 223 105.36
49 maps/bgmaps/AR0016SR.map 512 512 144 211 288 192 196.91
14 maps/bgmaps/AR0016SR.map 512 512 139 99 137 153 58.14
14 maps/bgmaps/AR0016SR.map 512 512 400 347 440 314 58.36
38 maps/bgmaps/AR0016SR.map 512 512 223 199 214 333 155.95
28 maps/bgmaps/AR0016SR.map 512 512 271 227 228 323 113.81
32 maps/bgmaps/AR0016SR.map 512 512 220 173 127 143 129.41
17 maps/bgmaps/AR0016SR.map 512 512 209 367 267 392 68.36
25 maps/bgmaps/AR0016SR.map 512 512 202 232 118 249 102.15
76 maps/bgmaps/AR0016SR.map 512 512 212 395 282 166 306.54
44 maps/bgmaps/AR0016SR.map 512 512 360 390 269 251 176.69
15 maps/bgmaps/AR0016SR.map 512 512 336 428 299 475 62.33
13 maps/bgmaps/AR0016SR.map 512 512 235 299 259 342 54.11
83 maps/bgmaps/AR0016SR.map 512 512 172 48 306 173 334.85
71 maps/bgmaps/AR0016SR.map 512 512 123 324 388 279 284.47
74 maps/bgmaps/AR0016SR.map 512 512 354 216 121 265 299.69
53 maps/bgmaps/AR0016SR.map 512 512 43 230 228 303 215.24
43 maps/bgmaps/AR0016SR.map 512 512 177 138 265 276 174.45
27 maps/bgmaps/AR0016SR.map 512 512 330 328 261 394 108.64
70 maps/bgmaps/AR0016SR.map 512 512 356 233 282 480 280.14
73 maps/bgmaps/AR0016SR.map 512 512 338 210 108 193 294.30
3 maps/bgmaps/AR0016SR.map 512 512 136 160 138 148 12.83
65 maps/bgmaps/AR0016SR.map 512 512 303 306 131 126 262.96
29 maps/bgmaps/AR0016SR.map 512 512 191 139 137 167 118.57
58 maps/bgmaps/AR0016SR.map 512 512 145 362 282 484 232.64
78 maps/bgmaps/AR0016SR.map 512 512 353 213 148 362 313.14
38 maps/bgmaps/AR0016SR.map 512 512 186 171 162 301 154.85
32 maps/bgmaps/AR0016SR.map 512 512 341 372 382 257 131.98
42 maps/bgmaps/AR0016SR.map 512 512 245 310 386 269 171.94
66 maps/bgmaps/AR0016SR.map 512 512 416 403 231 229 264.10
19 maps/bgmaps/AR0016SR.map 512 512 208 104 190 175 78.46
42 maps/bgmaps/AR0016SR.map 512 512 192 345 69 240 171.18
48 maps/bgmaps/AR0016SR.map 512 512 129 349 304 381 193.23
41 maps/bgmaps/AR0016SR.map 512 512 222 378 296 252 164.27
49 maps/bgmaps/AR0016SR.map 512 512 349 334 279 168 199.97
53 maps/bgmaps/AR0016SR.map 512 512 354 248 284 433 214.82
34 maps/bgmaps/AR0016SR.map 512 512 207 238 176 287 139.05
84 maps/bgmaps/AR0016SR.map 512 512 215 109 268 423 336.78
57 maps/bgmaps/AR0016SR.map 512 512 150 302 279 157 228.35
29 maps/bgmaps/AR0016SR.map 512 512 259 130 233 236 117.60
69 maps/bgmaps/AR0016SR.map 512 512 140 153 350 232 279.23
53 maps/bgmaps/AR0016SR.map 512 512 220 150 53 214 215.99
23 maps/bgmaps/AR0016SR.map 512 512 214 402 240 411 94.64
21 maps/bgmaps/AR0016SR.map 512 512 185 330 120 282 87.95
15 maps/bgmaps/AR0016SR.map 512 512 352 241 363 299 62.56
53 maps/bgmaps/AR0016SR.map 512 512 254 372 377 251 215.42
23 maps/bgmaps/AR0016SR.map 512 512 334 344 407 296 94.64
60 maps/bgmaps/AR0016SR.map 512 512 426 351 246 269 243.75
53 maps/bgmaps/AR0016SR.map 512 512 163 242 330 299 215.28
88 maps/bgmaps/AR0016SR.map 512 512 415 385 248 130 352.58
49 maps/bgmaps/AR0016SR.map 512 512 150 339 240 202 199.51
13 maps/bgmaps/AR0016SR.map 512 512 218 61 211 113 54.90
66 maps/bgmaps/AR0016SR.map 512 512 194 348 221 115 264.07
100 maps/bgmaps/AR0016SR.map 512 512 316 462 45 225 401.39
23 maps/bgmaps/AR0016SR.map 512 512 199 181 239 105 92.57
34 maps/bgmaps/AR0016SR.map 512 512 417 319 319 220 139.59
65 maps/bgmaps/AR0016SR.map 512 512 169 243 355 351 260.33
33 maps/bgmaps/AR0016SR.map 512 512 324 294 303 211 132.61
42 maps/bgmaps/AR0016SR.map 512 512 350 323 242 197 170.74
113 maps/bgmaps/AR0016SR.map 512 512 384 350 185 54 454.90
18 maps/bgmaps/AR0016SR.map 512 512 247 360 227 294 74.28
9 maps/bgmaps/AR0016SR.map 512 512 235 252 259 280 37.94
28 maps/bgmaps/AR0016SR.map 512 512 180 140 286 162 115.11
46 maps/bgmaps/AR0016SR.map 512 512 263 425 295 273 185.97
60 maps/bgmaps/AR0016SR.map 512 512 255 338 433 361 243.55
82 maps/bgmaps/AR0016SR.map 512 512 392 291 83 253 330.54
51 maps/bgmaps/AR0016SR.map 512 512 278 463 272 293 207.28
60 maps/bgmaps/AR0016SR.map 512 512 361 268 158 345 242.75
63 maps/bgmaps/AR0016SR.map 512 512 160 305 391 256 252.12
109 maps/bgmaps/AR0016SR.map 512 512 225 71 423 354 438.59
66 maps/bgmaps/AR0016SR.map 512 512 376 268 133 324 267.02
81 maps/bgmaps/AR0016SR.map 512 512 140 100 251 374 327.19
47 maps/bgmaps/AR0016SR.map 512 512 355 284 173 302 191.46
47 maps/bgmaps/AR0016SR.map 512 512 198 133 126 103 191.92
76 maps/bgmaps/AR0016SR.map 512 512 153 364 426 369 305.72
74 maps/bgmaps/AR0016SR.map 512 512 217 105 435 294 296.29
34 maps/bgmaps/AR0016SR.map 512 512 156 234 272 263 139.61
62 maps/bgmaps/AR0016SR.map 512 512 159 81 255 258 250.02
42 maps/bgmaps/AR0016SR.map 512 512 379 303 320 441 171.51
42 maps/bgmaps/AR0016SR.map 512 512 245 361 191 213 171.20
26 maps/bgmaps/AR0016SR.map 512 512 138 345 162 254 107.63
62 maps/bgmaps/AR0016SR.map 512 512 353 324 141 342 251.76
78 maps/bgmaps/AR0016SR.map 512 512 235 429 251 142 314.92
28 maps/bgmaps/AR0016SR.map 512 512 392 261 290 288 113.18
20 maps/bgmaps/AR0016SR.map 512 512 375 284 302 266 82.11
65 maps/bgmaps/AR0016SR.map 512 512 193 215 224 437 262.18
40 maps/bgmaps/AR0016SR.map 512 512 209 150 342 223 163.24
20 maps/bgmaps/AR0016SR.map 512 512 135 355 144 278 82.38
17 maps/bgmaps/AR0016SR.map 512 512 374 392 438 373 71.87
10 maps/bgmaps/AR0016SR.map 512 512 249 287 229 320 41.87
38 maps/bgmaps/AR0016SR.map 512 512 346 306 204 296 155.25
68 maps/bgmaps/AR0016SR.map 512 512 197 184 239 424 272.31
76 maps/bgmaps/AR0016SR.map 512 512 275 468 204 193 305.24
34 maps/bgmaps/AR0016SR.map 512 512 186 220 295 294 139.65
33 maps/bgmaps/AR0016SR.map 512 512 159 192 75 200 135.84
69 maps/bgmaps/AR0016SR.map 512 512 445 369 204 393 276.62
32 maps/bgmaps/AR0016SR.map 512 512 175 314 64 268 130.05
33 maps/bgmaps/AR0016SR.map 512 512 201 302 325 296 135.60
60 maps/bgmaps/AR0016SR.map 512 512 173 293 288 489 243.63
12 maps/bgmaps/AR0016SR.map 512 512 188 125 226 96 50.01
65 maps/bgmaps/AR0016SR.map 512 512 263 264 36 232 260.97
88 maps/bgmaps/AR0016SR.map 512 512 315 466 77 290 352.23
16 maps/bgmaps/AR0016SR.map 512 512 190 314 241 346 64.25
74 maps/bgmaps/AR0016SR.map 512 512 309 487 128 278 299.79
12 maps/bgmaps/AR0016SR.map 512 512 406 291 359 285 49.49
13 maps/bgmaps/AR0016SR.map 512 512 262 151 211 158 53.90
27 maps/bgmaps/AR0016SR.map 512 512 211 115 206 221 108.07
9 maps/bgmaps/AR0016SR.map 512 512 215 118 217 81 37.83
33 maps/bgmaps/AR0016SR.map 512 512 173 280 287 251 135.95
33 maps/bgmaps/AR0016SR.map 512 512 272 295 154 317 135.40
21 maps/bgmaps/AR0016SR.map 512 512 301 304 244 240 87.61
33 maps/bgmaps/AR0016SR.map 512 512 223 236 108 201 135.30
65 maps/bgmaps/AR0016SR.map 512 512 238 370 220 121 262.25
33 maps/bgmaps/AR0016SR.map 512 512 266 287 176 233 134.75
79 maps/bgmaps/AR0016SR.map 512 512 218 116 347 379 316.43
28 maps/bgmaps/AR0016SR.map 512 512 51 242 151 280 115.74
21 maps/bgmaps/AR0016SR.map 512 512 202 169 153 234 87.05
32 maps/bgmaps/AR0016SR.map 512 512 279 453 216 357 131.47
102 maps/bgmaps/AR0016SR.map 512 512 226 119 313 487 408.38
32 maps/bgmaps/AR0016SR.map 512 512 292 253 402 304 131.12
81 maps/bgmaps/AR0016SR.map 512 512 363 283 63 237 327.34
32 maps/bgmaps/AR0016SR.map 512 512 280 302 160 295 131.18
66 maps/bgmaps/AR0016SR.map 512 512 416 316 194 356 264.25
32 maps/bgmaps/AR0016SR.map 512 512 245 256 257 148 131.36
3 maps/bgmaps/AR0016SR.map 512 512 228 167 217 156 15.56
31 maps/bgmaps/AR0016SR.map 512 512 271 387 157 354 127.67
30 maps/bgmaps/AR0016SR.map 512 512 125 277 210 199 121.99
84 maps/bgmaps/AR0016SR.map 512 512 299 456 108 216 338.00
31 maps/bgmaps/AR0016SR.map 512 512 220 233 250 347 127.25
67 maps/bgmaps/AR0016SR.map 512 512 152 308 354 229 270.36
63 maps/bgmaps/AR0016SR.map 512 512 426 296 235 440 252.99
19 maps/bgmaps/AR0016SR.map 512 512 229 370 163 337 79.67
31 maps/bgmaps/AR0016SR.map 512 512 146 255 174 370 127.43
74 maps/bgmaps/AR0016SR.map 512 512 130 269 369 233 296.64
26 maps/bgmaps/AR0016SR.map 512 512 312 367 404 332 106.50
92 maps/bgmaps/AR0016SR.map 512 512 382 410 101 220 369.01
67 maps/bgmaps/AR0016SR.map 512 512 146 74 161 313 270.89
30 maps/bgmaps/AR0016SR.map 512 512 303 370 224 321 123.92
13 maps/bgmaps/AR0016SR.map 512 512 343 243 394 248 53.07
30 maps/bgmaps/AR0016SR.map 512 512 229 306 343 286 123.11
28 maps/bgmaps/AR0016SR.map 512 512 212 285 106 276 115.53
69 maps/bgmaps/AR0016SR.map 512 512 215 212 274 464 277.27
27 maps/bgmaps/AR0016SR.map 512 512 354 286 298 200 110.61
67 maps/bgmaps/AR0016SR.map 512 512 178 207 255 438 268.65
27 maps/bgmaps/AR0016SR.map 512 512 336 366 440 380 111.46
27 maps/bgmaps/AR0016SR.map 512 512 206 226 213 282 111.27
68 maps/bgmaps/AR0016SR.map 512 512 207 363 249 119 272.17
25 maps/bgmaps/AR0016SR.map 512 512 172 191 204 117 103.36
25 maps/bgmaps/AR0016SR.map 512 512 271 387 322 317 103.43
72 maps/bgmaps/AR0016SR.map 512 512 379 247 128 319 290.44
21 maps/bgmaps/AR0016SR.map 512 512 207 224 127 221 87.04
83 maps/bgmaps/AR0016SR.map 512 512 327 412 66 231 335.97
21 maps/bgmaps/AR0016SR.map 512 512 300 370 239 348 87.71
74 maps/bgmaps/AR0016SR.map 512 512 276 448 127 213 299.06
21 maps/bgmaps/AR0016SR.map 512 512 244 266 212 339 87.08
20 maps/bgmaps/AR0016SR.map 512 512 246 285 174 313 83.60
20 maps/bgmaps/AR0016SR.map 512 512 216 149 223 68 83.90
72 maps/bgmaps/AR0016SR.map 512 512 181 305 419 386 288.12
20 maps/bgmaps/AR0016SR.map 512 512 246 336 287 377 83.25
20 maps/bgmaps/AR0016SR.map 512 512 265 247 226 180 83.15
20 maps/bgmaps/AR0016SR.map 512 512 193 177 246 115 83.95
19 maps/bgmaps/AR0016SR.map 512 512 295 326 267 258 79.60
66 maps/bgmaps/AR0016SR.map 512 512 131 147 164 384 265.58
20 maps/bgmaps/AR0016SR.map 512 512 313 367 281 437 83.25
63 maps/bgmaps/AR0016SR.map 512 512 79 274 285 385 253.63
18 maps/bgmaps/AR0016SR.map 512 512 336 305 387 359 75.12
18 maps/bgmaps/AR0016SR.map 512 512 168 227 118 281 74.71
17 maps/bgmaps/AR0016SR.map 512 512 207 138 220 72 71.38
18 maps/bgmaps/AR0016SR.map 512 512 273 153 217 106 75.47
16 maps/bgmaps/AR0016SR.map 512 512 192 217 134 232 64.21
73 maps/bgmaps/AR0016SR.map 512 512 212 341 138 95 295.71
18 maps/bgmaps/AR0016SR.map 512 512 258 383 200 408 74.98
17 maps/bgmaps/AR0016SR.map 512 512 163 225 148 288 71.70
17 maps/bgmaps/AR0016SR.map 512 512 108 259 54 217 71.98
17 maps/bgmaps/AR0016SR.map 512 512 242 256 204 293 71.63
17 maps/bgmaps/AR0016SR.map 512 512 261 411 294 461 71.28
16 maps/bgmaps/AR0016SR.map 512 512 189 191 237 143 67.88
16 maps/bgmaps/AR0016SR.map 512 512 178 291 228 333 67.40
16 maps/bgmaps/AR0016SR.map 512 512 254 381 194 387 67.46
16 maps/bgmaps/AR0016SR.map 512 512 336 308 351 250 67.53
78 maps/bgmaps/AR0016SR.map 512 512 156 335 316 193 313.26
73 maps/bgmaps/AR0016SR.map 512 512 150 171 288 374 292.85
83 maps/bgmaps/AR0016SR.map 512 512 128 334 345 205 332.85
15 maps/bgmaps/AR0016SR.map 512 512 352 376 404 404 63.60
15 maps/bgmaps/AR0016SR.map 512 512 182 196 168 143 62.94
15 maps/bgmaps/AR0016SR.map 512 512 140 103 180 56 63.57
15 maps/bgmaps/AR0016SR.map 512 512 187 182 147 169 63.67
73 maps/bgmaps/AR0016SR.map 512 512 295 405 268 176 295.75
8 maps/bgmaps/AR0016SR.map 512 512 445 326 423 323 35.73
64 maps/bgmaps/AR0016SR.map 512 512 389 262 295 478 259.91
15 maps/bgmaps/AR0016SR.map 512 512 320 333 317 393 63.73
14 maps/bgmaps/AR0016SR.map 512 512 279 399 321 358 58.98
14 maps/bgmaps/AR0016SR.map 512 512 244 293 248 235 59.66
11 maps/bgmaps/AR0016SR.map 512 512 187 361 207 400 47.28
10 maps/bgmaps/AR0016SR.map 512 512 291 153 260 125 42.60
70 maps/bgmaps/AR0016SR.map 512 512 56 217 261 393 283.76
10 maps/bgmaps/AR0016SR.map 512 512 324 284 291 259 43.36
9 maps/bgmaps/AR0016SR.map 512 512 311 405 339 431 39.94
9 maps/bgmaps/AR0016SR.map 512 512 276 285 314 282 39.24
9 maps/bgmaps/AR0016SR.map 512 512 355 388 383 416 39.60
9 maps/bgmaps/AR0016SR.map 512 512 220 142 246 113 39.77
8 maps/bgmaps/AR0016SR.map 512 512 337 346 370 339 35.90
83 maps/bgmaps/AR0016SR.map 512 512 198 191 440 379 332.32
1 maps/bgmaps/AR0016SR.map 512 512 270 392 272 388 4.83
8 maps/bgmaps/AR0016SR.map 512 512 142 241 169 222 34.87
64 maps/bgmaps/AR0016SR.map 512 512 180 383 397 324 256.65
8 maps/bgmaps/AR0016SR.map 512 512 178 339 195 367 35.04
8 maps/bgmaps/AR0016SR.map 512 512 217 174 242 149 35.36
71 maps/bgmaps/AR0016SR.map 512 512 274 155 267 388 287.40
94 maps/bgmaps/AR0016SR.map 512 512 278 479 50 225 377.73
8 maps/bgmaps/AR0016SR.map 512 512 329 234 303 212 35.11
7 maps/bgmaps/AR0016SR.map 512 512 295 175 322 178 28.24
8 maps/bgmaps/AR0016SR.map 512 512 278 387 245 381 35.49
7 maps/bgmaps/AR0016SR.map 512 512 145 228 115 231 31.24
7 maps/bgmaps/AR0016SR.map 512 512 296 401 283 427 31.38
78 maps/bgmaps/AR0016SR.map 512 512 84 207 309 406 312.70
81 maps/bgmaps/AR0016SR.map 512 512 270 469 204 173 324.17
7 maps/bgmaps/AR0016SR.map 512 512 305 201 283 179 31.11
73 maps/bgmaps/AR0016SR.map 512 512 305 470 125 272 294.23
7 maps/bgmaps/AR0016SR.map 512 512 247 245 264 269 31.04
7 maps/bgmaps/AR0016SR.map 512 512 350 363 367 387 31.04
83 maps/bgmaps/AR0016SR.map 512 512 216 146 397 404 334.73
7 maps/bgmaps/AR0016SR.map 512 512 148 306 172 287 31.87
7 maps/bgmaps/AR0016SR.map 512 512 348 352 378 354 31.66
68 maps/bgmaps/AR0016SR.map 512 512 362 241 268 476 273.94
7 maps/bgmaps/AR0016SR.map 512 512 344 193 366 215 31.11
64 maps/bgmaps/AR0016SR.map 512 512 90 207 297 196 258.53
97 maps/bgmaps/AR0016SR.map 512 512 84 263 408 409 390.27
6 maps/bgmaps/AR0016SR.map 512 512 295 273 314 292 26.87
6 maps/bgmaps/AR0016SR.map 512 512 198 220 218 239 27.87
78 maps/bgmaps/AR0016SR.map 512 512 88 274 385 272 313.57
84 maps/bgmaps/AR0016SR.map 512 512 75 210 356 265 338.69
6 maps/bgmaps/AR0016SR.map 512 512 344 359 347 385 27.24
6 maps/bgmaps/AR0016SR.map 512 512 191 309 218 307 27.83
6 maps/bgmaps/AR0016SR.map 512 512 420 303 443 314 27.56
6 maps/bgmaps/AR0016SR.map 512 512 133 134 134 107 27.41
6 maps/bgmaps/AR0016SR.map 512 512 218 182 202 162 26.63
80 maps/bgmaps/AR0016SR.map 512 512 257 427 164 144 322.94
6 maps/bgmaps/AR0016SR.map 512 512 261 406 242 425 26.87
64 maps/bgmaps/AR0016SR.map 512 512 429 385 303 492 259.71
5 maps/bgmaps/AR0016SR.map 512 512 280 395 259 402 23.90
5 maps/bgmaps/AR0016SR.map 512 512 157 184 141 168 22.63
5 maps/bgmaps/AR0016SR.map 512 512 203 320 187 336 22.63
5 maps/bgmaps/AR0016SR.map 512 512 247 144 265 156 22.97
5 maps/bgmaps/AR0016SR.map 512 512 91 214 69 218 23.66
5 maps/bgmaps/AR0016SR.map 512 512 189 320 207 333 23.38
3 maps/bgmaps/AR0016SR.map 512 512 219 348 208 343 13.07
5 maps/bgmaps/AR0016SR.map 512 512 160 227 141 237 23.14
5 maps/bgmaps/AR0016SR.map 512 512 351 327 337 344 22.80
5 maps/bgmaps/AR0016SR.map 512 512 380 383 402 387 23.66
71 maps/bgmaps/AR0016SR.map 512 512 106 236 249 456 287.96
4 maps/bgmaps/AR0016SR.map 512 512 304 379 289 370 18.73
64 maps/bgmaps/AR0016SR.map 512 512 203 145 262 377 257.27
4 maps/bgmaps/AR0016SR.map 512 512 242 361 227 350 19.56
64 maps/bgmaps/AR0016SR.map 512 512 385 352 157 348 259.48
4 maps/bgmaps/AR0016SR.map 512 512 233 338 247 325 19.38
4 maps/bgmaps/AR0016SR.map 512 512 267 467 270 485 19.24
4 maps/bgmaps/AR0016SR.map 512 512 155 341 136 341 19.00
4 maps/bgmaps/AR0016SR.map 512 512 375 394 390 405 19.56
4 maps/bgmaps/AR0016SR.map 512 512 214 206 221 223 19.90
4 maps/bgmaps/AR0016SR.map 512 512 288 387 307 387 19.00
81 maps/bgmaps/AR0016SR.map 512 512 174 56 169 336 326.81
63 maps/bgmaps/AR0016SR.map 512 512 104 192 309 298 254.71
3 maps/bgmaps/AR0016SR.map 512 512 224 167 220 153 15.66
2 maps/bgmaps/AR0016SR.map 512 512 252 341 257 350 11.07
2 maps/bgmaps/AR0016SR.map 512 512 329 213 337 221 11.31
2 maps/bgmaps/AR0016SR.map 512 512 171 190 163 182 11.31
2 maps/bgmaps/AR0016SR.map 512 512 233 248 234 259 11.41
2 maps/bgmaps/AR0016SR.map 512 512 357 384 367 386 10.83
71 maps/bgmaps/AR0016SR.map 512 512 193 175 420 320 287.06
2 maps/bgmaps/AR0016SR.map 512 512 163 349 168 358 11.07
70 maps/bgmaps/AR0016SR.map 512 512 155 318 367 223 282.05
2 maps/bgmaps/AR0016SR.map 512 512 203 232 194 227 11.07
70 maps/bgmaps/AR0016SR.map 512 512 128 165 358 221 283.85
1 maps/bgmaps/AR0016SR.map 512 512 196 212 203 213 7.41
1 maps/bgmaps/AR0016SR.map 512 512 228 356 230 363 7.83
98 maps/bgmaps/AR0016SR.map 512 512 107 148 436 304 393.62
93 maps/bgmaps/AR0016SR.map 512 512 399 273 67 222 374.97
80 maps/bgmaps/AR0016SR.map 512 512 253 162 408 393 321.26
1 maps/bgmaps/AR0016SR.map 512 512 294 288 299 293 7.07
1 maps/bgmaps/AR0016SR.map 512 512 286 284 282 278 7.66
1 maps/bgmaps/AR0016SR.map 512 512 294 165 290 160 6.66
1 maps/bgmaps/AR0016SR.map 512 512 376 412 379 418 7.24
1 maps/bgmaps/AR0016SR.map 512 512 415 297 422 297 7.00
1 maps/bgmaps/AR0016SR.map 512 512 185 341 180 337 6.66
0 maps/bgmaps/AR0016SR.map 512 512 176 212 174 214 2.83
79 maps/bgmaps/AR0016SR.map 512 512 88 270 355 377 317.12
0 maps/bgmaps/AR0016SR.map 512 512 274 410 274 413 3.00
63 maps/bgmaps/AR0016SR.map 512 512 127 160 303 336 255.35
0 maps/bgmaps/AR0016SR.map 512 512 362 231 365 231 3.00
0 maps/bgmaps/AR0016SR.map 512 512 248 116 246 113 3.83
0 maps/bgmaps/AR0016SR.map 512 512 324 296 322 298 2.83
0 maps/bgmaps/AR0016SR.map 512 512 254 278 254 281 3.00
70 maps/bgmaps/AR0016SR.map 512 512 140 81 210 76 283.79
0 maps/bgmaps/AR0016SR.map 512 512 377 382 379 384 2.83
77 maps/bgmaps/AR0016SR.map 512 512 267 169 417 388 311.29
0 maps/bgmaps/AR0016SR.map 512 512 131 340 129 338 2.83
0 maps/bgmaps/AR0016SR.map 512 512 385 286 387 289 3.83
0 maps/bgmaps/AR0016SR.map 512 512 422 305 424 307 2.83
63 maps/bgmaps/AR0016SR.map 512 512 161 353 386 291 255.65
94 maps/bgmaps/AR0016SR.map 512 512 215 73 258 434 379.64
79 maps/bgmaps/AR0016SR.map 512 512 270 424 54 217 319.32
86 maps/bgmaps/AR0016SR.map 512 512 387 255 116 137 346.73
83 maps/bgmaps/AR0016SR.map 512 512 402 333 140 174 333.66
97 maps/bgmaps/AR0016SR.map 512 512 231 110 429 371 391.96
96 maps/bgmaps/AR0016SR.map 512 512 401 357 65 250 386.12
99 maps/bgmaps/AR0016SR.map 512 512 183 145 291 498 398.56
67 maps/bgmaps/AR0016SR.map 512 512 139 276 300 464 271.09
81 maps/bgmaps/AR0016SR.map 512 512 112 211 399 295 327.59
78 maps/bgmaps/AR0016SR.map 512 512 116 127 263 376 312.48
66 maps/bgmaps/AR0016SR.map 512 512 113 201 333 181 267.22
79 maps/bgmaps/AR0016SR.map 512 512 45 252 232 65 318.94
66 maps/bgmaps/AR0016SR.map 512 512 360 391 143 316 267.95
89 maps/bgmaps/AR0016SR.map 512 512 441 379 188 170 358.46
89 maps/bgmaps/AR0016SR.map 512 512 87 210 360 388 356.04
66 maps/bgmaps/AR0016SR.map 512 512 252 436 357 212 267.49
79 maps/bgmaps/AR0016SR.map 512 512 259 452 197 159 319.51
97 maps/bgmaps/AR0016SR.map 512 512 388 419 97 209 389.06
86 maps/bgmaps/AR0016SR.map 512 512 35 228 311 381 344.35
78 maps/bgmaps/AR0016SR.map 512 512 185 403 228 120 314.89
85 maps/bgmaps/AR0016SR.map 512 512 239 119 382 398 343.20
79 maps/bgmaps/AR0016SR.map 512 512 230 158 404 387 316.89
88 maps/bgmaps/AR0016SR.map 512 512 53 237 370 267 353.31
92 maps/bgmaps/AR0016SR.map 512 512 89 194 408 303 369.95
92 maps/bgmaps/AR0016SR.map 512 512 328 312 173 61 371.19
95 maps/bgmaps/AR0016SR.map 512 512 149 180 439 366 380.30
87 maps/bgmaps/AR0016SR.map 512 512 111 233 401 352 349.19
89 maps/bgmaps/AR0016SR.map 512 512 206 69 336 372 358.02
90 maps/bgmaps/AR0016SR.map 512 512 69 228 398 284 362.58
77 maps/bgmaps/AR0016SR.map 512 512 268 410 191 132 310.72
97 maps/bgmaps/AR0016SR.map 512 512 330 439 215 101 390.61
79 maps/bgmaps/AR0016SR.map 512 512 336 291 57 217 317.79
87 maps/bgmaps/AR0016SR.map 512 512 195 165 428 377 348.39
85 maps/bgmaps/AR0016SR.map 512 512 316 178 329 481 343.18
86 maps/bgmaps/AR0016SR.map 512 512 330 198 131 351 347.40
84 maps/bgmaps/AR0016SR.map 512 512 309 391 211 101 339.71
92 maps/bgmaps/AR0016SR.map 512 512 371 280 141 82 371.65
85 maps/bgmaps/AR0016SR.map 512 512 278 442 46 232 341.83
85 maps/bgmaps/AR0016SR.map 512 512 175 153 336 425 343.66
77 maps/bgmaps/AR0016SR.map 512 512 306 213 162 343 311.91
84 maps/bgmaps/AR0016SR.map 512 512 316 493 163 236 339.39
106 maps/bgmaps/AR0016SR.map 512 512 136 88 421 324 426.83
84 maps/bgmaps/AR0016SR.map 512 512 325 433 255 159 339.91
79 maps/bgmaps/AR0016SR.map 512 512 93 278 320 448 319.68
81 maps/bgmaps/AR0016SR.map 512 512 322 181 234 439 325.30
94 maps/bgmaps/AR0016SR.map 512 512 197 148 315 470 379.99
90 maps/bgmaps/AR0016SR.map 512 512 362 349 47 246 363.46
90 maps/bgmaps/AR0016SR.map 512 512 226 104 243 446 360.64
91 maps/bgmaps/AR0016SR.map 512 512 187 123 396 396 365.43
86 maps/bgmaps/AR0016SR.map 512 512 259 148 428 373 345.50
91 maps/bgmaps/AR0016SR.map 512 512 278 493 241 153 364.78
107 maps/bgmaps/AR0016SR.map 512 512 104 196 444 362 431.13
86 maps/bgmaps/AR0016SR.map 512 512 278 469 191 158 347.87
114 maps/bgmaps/AR0016SR.map 512 512 403 327 158 61 456.14
92 maps/bgmaps/AR0016SR.map 512 512 43 218 346 369 371.35
83 maps/bgmaps/AR0016SR.map 512 512 133 254 438 301 334.95
99 maps/bgmaps/AR0016SR.map 512 512 166 65 272 390 397.66
93 maps/bgmaps/AR0016SR.map 512 512 79 225 410 279 375.84
91 maps/bgmaps/AR0016SR.map 512 512 372 375 114 128 365.58
91 maps/bgmaps/AR0016SR.map 512 512 82 258 412 324 366.07
98 maps/bgmaps/AR0016SR.map 512 512 36 226 321 444 394.63
95 maps/bgmaps/AR0016SR.map 512 512 186 384 184 59 382.99
86 maps/bgmaps/AR0016SR.map 512 512 54 218 349 202 347.19
94 maps/bgmaps/AR0016SR.map 512 512 268 468 247 112 377.95
86 maps/bgmaps/AR0016SR.map 512 512 414 358 123 339 345.66
87 maps/bgmaps/AR0016SR.map 512 512 439 320 138 222 349.15
89 maps/bgmaps/AR0016SR.map 512 512 291 474 98 198 358.29
95 maps/bgmaps/AR0016SR.map 512 512 410 378 107 214 380.04
91 maps/bgmaps/AR0016SR.map 512 512 39 233 356 340 367.12
100 maps/bgmaps/AR0016SR.map 512 512 318 394 159 85 401.96
94 maps/bgmaps/AR0016SR.map 512 512 300 504 223 160 376.72
89 maps/bgmaps/AR0016SR.map 512 512 44 228 344 355 358.40
93 maps/bgmaps/AR0016SR.map 512 512 221 382 159 69 375.13
104 maps/bgmaps/AR0016SR.map 512 512 392 409 64 210 416.23
91 maps/bgmaps/AR0016SR.map 512 512 212 125 407 402 366.56
114 maps/bgmaps/AR0016SR.map 512 512 421 306 178 67 457.77
100 maps/bgmaps/AR0016SR.map 512 512 431 367 125 199 402.01
97 maps/bgmaps/AR0016SR.map 512 512 401 292 38 243 389.10
94 maps/bgmaps/AR0016SR.map 512 512 140 91 374 253 379.73
95 maps/bgmaps/AR0016SR.map 512 512 35 249 383 255 383.72
95 maps/bgmaps/AR0016SR.map 512 512 92 180 381 395 383.85
95 maps/bgmaps/AR0016SR.map 512 512 80 185 314 443 382.74
102 maps/bgmaps/AR0016SR.map 512 512 397 330 39 238 411.95
106 maps/bgmaps/AR0016SR.map 512 512 327 479 229 99 426.39
93 maps/bgmaps/AR0016SR.map 512 512 249 445 113 135 373.55
88 maps/bgmaps/AR0016SR.map 512 512 262 141 329 432 352.72
99 maps/bgmaps/AR0016SR.map 512 512 375 412 63 237 398.49
87 maps/bgmaps/AR0016SR.map 512 512 138 177 268 464 351.63
97 maps/bgmaps/AR0016SR.map 512 512 106 141 392 392 389.97
90 maps/bgmaps/AR0016SR.map 512 512 305 165 275 472 360.85
98 maps/bgmaps/AR0016SR.map 512 512 403 387 68 255 395.48
91 maps/bgmaps/AR0016SR.map 512 512 112 124 300 406 366.56
99 maps/bgmaps/AR0016SR.map 512 512 224 100 318 454 399.56
93 maps/bgmaps/AR0016SR.map 512 512 118 137 232 441 372.52
95 maps/bgmaps/AR0016SR.map 512 512 302 504 75 238 382.87
87 maps/bgmaps/AR0016SR.map 512 512 390 384 235 109 351.06
99 maps/bgmaps/AR0016SR.map 512 512 146 77 316 389 398.74
95 maps/bgmaps/AR0016SR.map 512 512 288 487 66 221 380.80
99 maps/bgmaps/AR0016SR.map 512 512 419 362 81 271 399.82
106 maps/bgmaps/AR0016SR.map 512 512 183 56 359 344 424.58
90 maps/bgmaps/AR0016SR.map 512 512 414 368 182 147 362.67
102 maps/bgmaps/AR0016SR.map 512 512 80 253 429 388 410.72
97 maps/bgmaps/AR0016SR.map 512 512 57 222 317 461 391.22
94 maps/bgmaps/AR0016SR.map 512 512 219 74 309 404 376.39
96 maps/bgmaps/AR0016SR.map 512 512 48 256 408 305 386.10
94 maps/bgmaps/AR0016SR.map 512 512 277 488 224 131 379.78
104 maps/bgmaps/AR0016SR.map 512 512 411 398 119 121 419.04
103 maps/bgmaps/AR0016SR.map 512 512 30 231 409 306 415.87
88 maps/bgmaps/AR0016SR.map 512 512 379 269 117 117 352.52
114 maps/bgmaps/AR0016SR.map 512 512 167 56 401 341 458.71
100 maps/bgmaps/AR0016SR.map 512 512 168 67 356 334 400.23
103 maps/bgmaps/AR0016SR.map 512 512 422 283 144 89 415.65
89 maps/bgmaps/AR0016SR.map 512 512 286 166 275 464 359.72
96 maps/bgmaps/AR0016SR.map 512 512 88 187 317 451 384.19
100 maps/bgmaps/AR0016SR.map 512 512 87 191 438 299 401.53
105 maps/bgmaps/AR0016SR.map 512 512 428 313 146 100 421.42
89 maps/bgmaps/AR0016SR.map 512 512 127 153 407 336 359.11
98 maps/bgmaps/AR0016SR.map 512 512 109 222 428 387 393.14
112 maps/bgmaps/AR0016SR.map 512 512 169 51 322 402 449.75
103 maps/bgmaps/AR0016SR.map 512 512 126 136 285 481 412.27
94 maps/bgmaps/AR0016SR.map 512 512 202 141 313 464 379.75
88 maps/bgmaps/AR0016SR.map 512 512 63 256 331 438 353.35
98 maps/bgmaps/AR0016SR.map 512 512 310 475 235 124 394.17
97 maps/bgmaps/AR0016SR.map 512 512 375 404 64 233 391.14
108 maps/bgmaps/AR0016SR.map 512 512 175 49 255 412 433.17
98 maps/bgmaps/AR0016SR.map 512 512 233 118 290 485 392.27
93 maps/bgmaps/AR0016SR.map 512 512 111 143 404 337 375.84
89 maps/bgmaps/AR0016SR.map 512 512 238 103 365 403 357.58
106 maps/bgmaps/AR0016SR.map 512 512 409 371 67 222 426.24
106 maps/bgmaps/AR0016SR.map 512 512 386 424 227 63 426.86
93 maps/bgmaps/AR0016SR.map 512 512 332 238 37 238 375.07
93 maps/bgmaps/AR0016SR.map 512 512 285 435 226 86 374.27
88 maps/bgmaps/AR0016SR.map 512 512 307 370 208 67 355.95
96 maps/bgmaps/AR0016SR.map 512 512 30 221 335 415 385.36
100 maps/bgmaps/AR0016SR.map 512 512 436 297 86 189 400.53
99 maps/bgmaps/AR0016SR.map 512 512 363 226 168 62 398.14
108 maps/bgmaps/AR0016SR.map 512 512 189 55 295 370 434.80
101 maps/bgmaps/AR0016SR.map 512 512 412 290 137 85 407.16
96 maps/bgmaps/AR0016SR.map 512 512 70 251 419 326 385.87
102 maps/bgmaps/AR0016SR.map 512 512 369 320 174 67 409.91
100 maps/bgmaps/AR0016SR.map 512 512 226 99 294 473 403.58
98 maps/bgmaps/AR0016SR.map 512 512 88 279 431 376 393.95
102 maps/bgmaps/AR0016SR.map 512 512 381 389 149 97 410.14
100 maps/bgmaps/AR0016SR.map 512 512 414 384 88 212 403.04
105 maps/bgmaps/AR0016SR.map 512 512 186 62 270 403 422.87
101 maps/bgmaps/AR0016SR.map 512 512 123 147 426 365 407.38
96 maps/bgmaps/AR0016SR.map 512 512 35 222 356 229 386.03
122 maps/bgmaps/AR0016SR.map 512 512 452 365 138 87 490.72
100 maps/bgmaps/AR0016SR.map 512 512 317 488 81 190 403.37
99 maps/bgmaps/AR0016SR.map 512 512 313 474 215 126 399.36
99 maps/bgmaps/AR0016SR.map 512 512 415 402 77 268 399.30
101 maps/bgmaps/AR0016SR.map 512 512 230 105 307 468 406.85
98 maps/bgmaps/AR0016SR.map 512 512 28 238 390 300 393.48
123 maps/bgmaps/AR0016SR.map 512 512 324 450 174 57 494.65
113 maps/bgmaps/AR0016SR.map 512 512 424 355 54 230 452.87
106 maps/bgmaps/AR0016SR.map 512 512 186 61 382 296 425.11
102 maps/bgmaps/AR0016SR.map 512 512 305 500 51 227 408.09
107 maps/bgmaps/AR0016SR.map 512 512 316 403 173 70 430.93
111 maps/bgmaps/AR0016SR.map 512 512 384 418 31 222 446.43
103 maps/bgmaps/AR0016SR.map 512 512 363 300 190 59 412.60
108 maps/bgmaps/AR0016SR.map 512 512 445 371 113 145 434.72
107 maps/bgmaps/AR0016SR.map 512 512 316 489 221 105 428.28
103 maps/bgmaps/AR0016SR.map 512 512 182 140 319 492 413.68
117 maps/bgmaps/AR0016SR.map 512 512 148 82 303 462 470.35
103 maps/bgmaps/AR0016SR.map 512 512 411 336 58 217 413.89
112 maps/bgmaps/AR0016SR.map 512 512 354 390 175 51 448.52
119 maps/bgmaps/AR0016SR.map 512 512 306 482 156 89 477.94
96 maps/bgmaps/AR0016SR.map 512 512 415 387 106 216 385.63
104 maps/bgmaps/AR0016SR.map 512 512 30 228 376 386 417.24
104 maps/bgmaps/AR0016SR.map 512 512 126 122 263 480 416.16
115 maps/bgmaps/AR0016SR.map 512 512 286 489 147 100 460.17
96 maps/bgmaps/AR0016SR.map 512 512 286 465 247 110 384.99
98 maps/bgmaps/AR0016SR.map 512 512 418 299 66 208 395.49
96 maps/bgmaps/AR0016SR.map 512 512 243 119 306 455 387.78
96 maps/bgmaps/AR0016SR.map 512 512 100 289 428 365 387.65
105 maps/bgmaps/AR0016SR.map 512 512 65 200 404 384 421.01
126 maps/bgmaps/AR0016SR.map 512 512 297 469 176 56 504.84
106 maps/bgmaps/AR0016SR.map 512 512 173 72 381 346 427.27
104 maps/bgmaps/AR0016SR.map 512 512 64 235 447 302 416.55
112 maps/bgmaps/AR0016SR.map 512 512 185 50 380 343 452.00
117 maps/bgmaps/AR0016SR.map 512 512 395 394 177 64 470.81
110 maps/bgmaps/AR0016SR.map 512 512 47 231 449 318 443.84
104 maps/bgmaps/AR0016SR.map 512 512 182 57 356 334 416.03
110 maps/bgmaps/AR0016SR.map 512 512 162 83 237 451 440.24
105 maps/bgmaps/AR0016SR.map 512 512 226 77 278 475 420.37
115 maps/bgmaps/AR0016SR.map 512 512 175 51 390 360 463.90
111 maps/bgmaps/AR0016SR.map 512 512 412 407 47 221 447.84
112 maps/bgmaps/AR0016SR.map 512 512 180 60 384 355 448.90
101 maps/bgmaps/AR0016SR.map 512 512 87 297 431 367 406.13
110 maps/bgmaps/AR0016SR.map 512 512 374 402 171 76 443.32
102 maps/bgmaps/AR0016SR.map 512 512 423 381 68 260 411.75
101 maps/bgmaps/AR0016SR.map 512 512 312 371 178 63 408.00
103 maps/bgmaps/AR0016SR.map 512 512 442 368 111 208 414.67
104 maps/bgmaps/AR0016SR.map 512 512 212 62 338 423 418.75
109 maps/bgmaps/AR0016SR.map 512 512 150 79 255 459 439.82
103 maps/bgmaps/AR0016SR.map 512 512 424 299 39 242 414.41
117 maps/bgmaps/AR0016SR.map 512 512 148 94 306 486 471.29
111 maps/bgmaps/AR0016SR.map 512 512 282 488 114 115 444.00
108 maps/bgmaps/AR0016SR.map 512 512 162 64 382 348 432.54
109 maps/bgmaps/AR0016SR.map 512 512 389 301 186 57 437.01
106 maps/bgmaps/AR0016SR.map 512 512 128 115 310 452 426.23
105 maps/bgmaps/AR0016SR.map 512 512 230 62 260 469 420.25
101 maps/bgmaps/AR0016SR.map 512 512 293 489 278 144 407.55
108 maps/bgmaps/AR0016SR.map 512 512 69 265 444 368 435.06
111 maps/bgmaps/AR0016SR.map 512 512 158 78 268 457 446.69
104 maps/bgmaps/AR0016SR.map 512 512 137 110 394 416 416.35
101 maps/bgmaps/AR0016SR.map 512 512 387 414 116 121 405.84
121 maps/bgmaps/AR0016SR.map 512 512 149 92 324 487 487.13
107 maps/bgmaps/AR0016SR.map 512 512 178 71 361 385 430.01
111 maps/bgmaps/AR0016SR.map 512 512 60 240 431 360 444.73
104 maps/bgmaps/AR0016SR.map 512 512 139 107 251 469 418.92
101 maps/bgmaps/AR0016SR.map 512 512 125 137 275 481 407.55
101 maps/bgmaps/AR0016SR.map 512 512 218 136 302 506 405.62
107 maps/bgmaps/AR0016SR.map 512 512 400 268 161 66 429.90
108 maps/bgmaps/AR0016SR.map 512 512 155 82 320 423 433.13
101 maps/bgmaps/AR0016SR.map 512 512 416 367 223 87 407.52
122 maps/bgmaps/AR0016SR.map 512 512 161 85 311 483 489.43
114 maps/bgmaps/AR0016SR.map 512 512 164 68 394 389 458.35
110 maps/bgmaps/AR0016SR.map 512 512 306 466 130 112 440.03
107 maps/bgmaps/AR0016SR.map 512 512 375 236 190 54 431.40
107 maps/bgmaps/AR0016SR.map 512 512 307 453 227 72 429.88
110 maps/bgmaps/AR0016SR.map 512 512 52 240 427 377 441.69
110 maps/bgmaps/AR0016SR.map 512 512 405 277 178 64 440.22
111 maps/bgmaps/AR0016SR.map 512 512 31 244 410 394 446.93
124 maps/bgmaps/AR0016SR.map 512 512 169 63 287 481 498.11
108 maps/bgmaps/AR0016SR.map 512 512 119 126 300 484 434.39
117 maps/bgmaps/AR0016SR.map 512 512 173 74 279 463 468.63
107 maps/bgmaps/AR0016SR.map 512 512 216 69 274 475 430.85
118 maps/bgmaps/AR0016SR.map 512 512 153 72 411 402 472.18
113 maps/bgmaps/AR0016SR.map 512 512 138 91 286 478 453.86
112 maps/bgmaps/AR0016SR.map 512 512 305 457 204 68 449.99
110 maps/bgmaps/AR0016SR.map 512 512 70 208 430 370 442.84
106 maps/bgmaps/AR0016SR.map 512 512 128 113 413 399 425.72
105 maps/bgmaps/AR0016SR.map 512 512 452 313 79 222 423.12
114 maps/bgmaps/AR0016SR.map 512 512 428 373 141 92 459.65
108 maps/bgmaps/AR0016SR.map 512 512 229 85 441 361 433.93
111 maps/bgmaps/AR0016SR.map 512 512 222 70 305 475 446.07
120 maps/bgmaps/AR0016SR.map 512 512 176 56 321 436 481.24
112 maps/bgmaps/AR0016SR.map 512 512 260 428 190 58 449.39
114 maps/bgmaps/AR0016SR.map 512 512 164 69 422 320 456.77
112 maps/bgmaps/AR0016SR.map 512 512 222 63 433 362 450.42
106 maps/bgmaps/AR0016SR.map 512 512 46 251 442 314 427.89
115 maps/bgmaps/AR0016SR.map 512 512 386 358 182 52 460.97
110 maps/bgmaps/AR0016SR.map 512 512 177 54 308 393 440.24
113 maps/bgmaps/AR0016SR.map 512 512 407 280 184 52 455.46
111 maps/bgmaps/AR0016SR.map 512 512 405 400 154 93 445.35
110 maps/bgmaps/AR0016SR.map 512 512 167 77 375 403 440.91
112 maps/bgmaps/AR0016SR.map 512 512 372 370 177 51 450.87
118 maps/bgmaps/AR0016SR.map 512 512 400 386 168 59 473.77
113 maps/bgmaps/AR0016SR.map 512 512 425 369 42 240 453.00
114 maps/bgmaps/AR0016SR.map 512 512 222 60 439 361 459.83
120 maps/bgmaps/AR0016SR.map 512 512 393 419 169 60 482.19
112 maps/bgmaps/AR0016SR.map 512 512 163 60 381 383 450.45
127 maps/bgmaps/AR0016SR.map 512 512 427 367 186 61 511.95
113 maps/bgmaps/AR0016SR.map 512 512 125 106 304 482 452.73
127 maps/bgmaps/AR0016SR.map 512 512 179 59 307 464 511.01
111 maps/bgmaps/AR0016SR.map 512 512 172 48 279 414 444.04
105 maps/bgmaps/AR0016SR.map 512 512 40 220 404 327 423.49
109 maps/bgmaps/AR0016SR.map 512 512 133 114 425 359 437.14
108 maps/bgmaps/AR0016SR.map 512 512 72 215 429 385 434.04
114 maps/bgmaps/AR0016SR.map 512 512 126 103 297 490 459.24
108 maps/bgmaps/AR0016SR.map 512 512 169 76 391 348 432.44
116 maps/bgmaps/AR0016SR.map 512 512 269 484 161 87 467.52
112 maps/bgmaps/AR0016SR.map 512 512 138 92 303 447 450.64
109 maps/bgmaps/AR0016SR.map 512 512 184 50 380 240 439.57
105 maps/bgmaps/AR0016SR.map 512 512 286 490 231 90 423.61
120 maps/bgmaps/AR0016SR.map 512 512 440 358 39 225 481.77
105 maps/bgmaps/AR0016SR.map 512 512 440 316 52 245 423.21
109 maps/bgmaps/AR0016SR.map 512 512 278 489 225 72 439.78
105 maps/bgmaps/AR0016SR.map 512 512 373 268 169 49 423.22
118 maps/bgmaps/AR0016SR.map 512 512 404 387 177 65 475.91
114 maps/bgmaps/AR0016SR.map 512 512 185 52 288 424 459.16
109 maps/bgmaps/AR0016SR.map 512 512 128 100 308 449 439.06
123 maps/bgmaps/AR0016SR.map 512 512 296 491 163 80 492.36
117 maps/bgmaps/AR0016SR.map 512 512 159 70 315 446 471.85
119 maps/bgmaps/AR0016SR.map 512 512 432 367 29 228 478.80
117 maps/bgmaps/AR0016SR.map 512 512 146 90 278 492 468.86
109 maps/bgmaps/AR0016SR.map 512 512 176 60 375 355 439.41
111 maps/bgmaps/AR0016SR.map 512 512 242 444 160 69 444.35
109 maps/bgmaps/AR0016SR.map 512 512 241 441 167 75 438.66
118 maps/bgmaps/AR0016SR.map 512 512 165 83 456 310 474.80
121 maps/bgmaps/AR0016SR.map 512 512 174 49 430 314 486.43
115 maps/bgmaps/AR0016SR.map 512 512 247 456 176 70 460.49
117 maps/bgmaps/AR0016SR.map 512 512 430 390 33 231 468.66
113 maps/bgmaps/AR0016SR.map 512 512 180 65 225 436 455.67
119 maps/bgmaps/AR0016SR.map 512 512 378 406 177 50 476.29
113 maps/bgmaps/AR0016SR.map 512 512 441 298 153 76 455.10
122 maps/bgmaps/AR0016SR.map 512 512 281 481 172 68 491.87
116 maps/bgmaps/AR0016SR.map 512 512 431 352 144 101 464.18
121 maps/bgmaps/AR0016SR.map 512 512 171 55 386 421 487.12
116 maps/bgmaps/AR0016SR.map 512 512 426 389 28 237 466.76
113 maps/bgmaps/AR0016SR.map 512 512 443 325 135 84 455.17
119 maps/bgmaps/AR0016SR.map 512 512 168 63 270 467 476.66
113 maps/bgmaps/AR0016SR.map 512 512 56 209 421 360 453.33
117 maps/bgmaps/AR0016SR.map 512 512 161 72 412 390 471.52
118 maps/bgmaps/AR0016SR.map 512 512 149 79 431 382 475.24
124 maps/bgmaps/AR0016SR.map 512 512 184 64 274 480 498.70
120 maps/bgmaps/AR0016SR.map 512 512 428 353 157 85 483.32
125 maps/bgmaps/AR0016SR.map 512 512 275 489 171 61 503.97
125 maps/bgmaps/AR0016SR.map 512 512 316 455 170 53 502.00
122 maps/bgmaps/AR0016SR.map 512 512 320 484 151 86 489.30
124 maps/bgmaps/AR0016SR.map 512 512 310 486 155 76 496.19
125 maps/bgmaps/AR0016SR.map 512 512 183 55 283 473 502.26
127 maps/bgmaps/AR0016SR.map 512 512 180 50 420 369 511.47
123 maps/bgmaps/AR0016SR.map 512 512 175 66 282 479 493.53
127 maps/bgmaps/AR0016SR.map 512 512 304 466 185 59 511.33
118 maps/bgmaps/AR0016SR.map 512 512 391 396 166 55 472.08
120 maps/bgmaps/AR0016SR.map 512 512 393 427 166 65 483.95
124 maps/bgmaps/AR0016SR.map 512 512 180 71 298 469 496.01
117 maps/bgmaps/AR0016SR.map 512 512 169 72 393 420 471.19
118 maps/bgmaps/AR0016SR.map 512 512 164 61 438 304 474.14
125 maps/bgmaps/AR0016SR.map 512 512 179 61 420 395 500.05
120 maps/bgmaps/AR0016SR.map 512 512 293 500 154 94 483.56
125 maps/bgmaps/AR0016SR.map 512 512 435 367 163 70 500.25
127 maps/bgmaps/AR0016SR.map 512 512 163 63 325 476 511.93
117 maps/bgmaps/AR0016SR.map 512 512 224 57 447 365 468.35
116 maps/bgmaps/AR0016SR.map 512 512 174 56 244 448 466.32
121 maps/bgmaps/AR0016SR.map 512 512 448 366 147 92 485.04
116 maps/bgmaps/AR0016SR.map 512 512 263 456 170 59 467.59
115 maps/bgmaps/AR0016SR.map 512 512 451 364 77 226 462.98
115 maps/bgmaps/AR0016SR.map 512 512 446 362 56 244 461.24
115 maps/bgmaps/AR0016SR.map 512 512 163 69 395 395 460.42
127 maps/bgmaps/AR0016SR.map 512 512 180 55 313 458 508.38
115 maps/bgmaps/AR0016SR.map 512 512 165 55 406 323 462.29
121 maps/bgmaps/AR0016SR.map 512 512 166 62 414 395 487.67
118 maps/bgmaps/AR0016SR.map 512 512 150 100 314 483 475.22
