version 1.0
22 maps/bgmaps/AR0418SR.map 512 512 264 407 278 323 89.80
13 maps/bgmaps/AR0418SR.map 512 512 262 395 313 398 52.24
45 maps/bgmaps/AR0418SR.map 512 512 210 424 116 282 180.94
27 maps/bgmaps/AR0418SR.map 512 512 346 312 276 392 108.99
27 maps/bgmaps/AR0418SR.map 512 512 384 301 297 352 108.12
54 maps/bgmaps/AR0418SR.map 512 512 366 338 159 366 218.60
19 maps/bgmaps/AR0418SR.map 512 512 129 318 196 345 78.18
15 maps/bgmaps/AR0418SR.map 512 512 320 435 261 425 63.14
21 maps/bgmaps/AR0418SR.map 512 512 243 367 323 382 86.21
41 maps/bgmaps/AR0418SR.map 512 512 275 264 150 362 165.59
30 maps/bgmaps/AR0418SR.map 512 512 274 206 194 294 121.14
57 maps/bgmaps/AR0418SR.map 512 512 192 263 366 399 230.33
29 maps/bgmaps/AR0418SR.map 512 512 256 269 351 324 117.78
1 maps/bgmaps/AR0418SR.map 512 512 281 260 279 253 7.83
42 maps/bgmaps/AR0418SR.map 512 512 266 457 270 287 171.66
18 maps/bgmaps/AR0418SR.map 512 512 168 345 200 407 75.25
27 maps/bgmaps/AR0418SR.map 512 512 164 363 249 305 109.02
43 maps/bgmaps/AR0418SR.map 512 512 352 367 185 347 175.28
28 maps/bgmaps/AR0418SR.map 512 512 340 341 308 442 114.25
54 maps/bgmaps/AR0418SR.map 512 512 345 304 162 393 219.87
15 maps/bgmaps/AR0418SR.map 512 512 331 347 376 392 63.64
37 maps/bgmaps/AR0418SR.map 512 512 308 324 199 419 148.35
7 maps/bgmaps/AR0418SR.map 512 512 408 302 383 315 30.38
22 maps/bgmaps/AR0418SR.map 512 512 290 400 210 426 90.77
62 maps/bgmaps/AR0418SR.map 512 512 216 236 343 434 250.61
27 maps/bgmaps/AR0418SR.map 512 512 286 347 265 244 111.70
28 maps/bgmaps/AR0418SR.map 512 512 227 280 281 372 114.37
57 maps/bgmaps/AR0418SR.map 512 512 360 418 171 315 231.66
20 maps/bgmaps/AR0418SR.map 512 512 229 233 301 208 82.36
35 maps/bgmaps/AR0418SR.map 512 512 182 335 280 232 143.59
41 maps/bgmaps/AR0418SR.map 512 512 140 293 181 442 165.98
3 maps/bgmaps/AR0418SR.map 512 512 357 421 352 409 14.07
43 maps/bgmaps/AR0418SR.map 512 512 262 299 111 350 172.12
19 maps/bgmaps/AR0418SR.map 512 512 419 319 399 390 79.28
24 maps/bgmaps/AR0418SR.map 512 512 144 345 231 373 98.60
40 maps/bgmaps/AR0418SR.map 512 512 290 348 209 220 161.55
27 maps/bgmaps/AR0418SR.map 512 512 288 331 314 429 108.77
13 maps/bgmaps/AR0418SR.map 512 512 253 429 230 383 55.53
53 maps/bgmaps/AR0418SR.map 512 512 161 303 341 386 214.38
15 maps/bgmaps/AR0418SR.map 512 512 173 368 149 316 61.94
34 maps/bgmaps/AR0418SR.map 512 512 159 377 241 272 138.97
56 maps/bgmaps/AR0418SR.map 512 512 435 331 244 416 226.21
65 maps/bgmaps/AR0418SR.map 512 512 161 405 385 311 262.94
38 maps/bgmaps/AR0418SR.map 512 512 247 290 308 419 154.27
43 maps/bgmaps/AR0418SR.map 512 512 259 315 406 376 172.27
53 maps/bgmaps/AR0418SR.map 512 512 194 437 377 358 215.72
13 maps/bgmaps/AR0418SR.map 512 512 246 371 283 411 55.33
39 maps/bgmaps/AR0418SR.map 512 512 402 331 285 427 156.76
26 maps/bgmaps/AR0418SR.map 512 512 202 324 135 402 105.75
27 maps/bgmaps/AR0418SR.map 512 512 260 376 170 424 109.88
58 maps/bgmaps/AR0418SR.map 512 512 339 339 126 287 234.54
19 maps/bgmaps/AR0418SR.map 512 512 203 435 276 426 76.73
39 maps/bgmaps/AR0418SR.map 512 512 281 266 303 416 159.11
13 maps/bgmaps/AR0418SR.map 512 512 239 368 273 330 52.08
17 maps/bgmaps/AR0418SR.map 512 512 254 364 274 302 70.28
51 maps/bgmaps/AR0418SR.map 512 512 148 396 317 307 205.87
28 maps/bgmaps/AR0418SR.map 512 512 200 333 297 289 115.23
34 maps/bgmaps/AR0418SR.map 512 512 163 279 292 301 138.11
54 maps/bgmaps/AR0418SR.map 512 512 115 353 324 327 219.77
49 maps/bgmaps/AR0418SR.map 512 512 268 273 154 423 197.22
10 maps/bgmaps/AR0418SR.map 512 512 280 251 243 259 40.31
12 maps/bgmaps/AR0418SR.map 512 512 116 342 114 391 49.83
7 maps/bgmaps/AR0418SR.map 512 512 307 447 284 430 30.04
16 maps/bgmaps/AR0418SR.map 512 512 273 376 247 321 65.77
20 maps/bgmaps/AR0418SR.map 512 512 387 388 359 318 81.60
22 maps/bgmaps/AR0418SR.map 512 512 137 305 223 291 91.80
45 maps/bgmaps/AR0418SR.map 512 512 130 358 285 294 181.51
37 maps/bgmaps/AR0418SR.map 512 512 190 268 273 385 151.38
44 maps/bgmaps/AR0418SR.map 512 512 208 259 304 397 177.76
64 maps/bgmaps/AR0418SR.map 512 512 319 271 108 388 259.46
57 maps/bgmaps/AR0418SR.map 512 512 270 238 194 435 228.48
34 maps/bgmaps/AR0418SR.map 512 512 307 226 352 346 138.64
7 maps/bgmaps/AR0418SR.map 512 512 270 275 246 293 31.46
8 maps/bgmaps/AR0418SR.map 512 512 274 398 303 385 34.38
39 maps/bgmaps/AR0418SR.map 512 512 202 371 331 440 157.58
58 maps/bgmaps/AR0418SR.map 512 512 143 368 369 390 235.11
21 maps/bgmaps/AR0418SR.map 512 512 312 247 231 262 87.21
27 maps/bgmaps/AR0418SR.map 512 512 271 346 260 240 110.56
29 maps/bgmaps/AR0418SR.map 512 512 225 236 324 283 118.47
71 maps/bgmaps/AR0418SR.map 512 512 403 335 145 403 286.17
8 maps/bgmaps/AR0418SR.map 512 512 125 356 122 390 35.24
17 maps/bgmaps/AR0418SR.map 512 512 271 226 323 269 69.81
45 maps/bgmaps/AR0418SR.map 512 512 329 457 305 283 183.94
53 maps/bgmaps/AR0418SR.map 512 512 343 418 207 259 215.33
59 maps/bgmaps/AR0418SR.map 512 512 266 456 288 227 238.11
49 maps/bgmaps/AR0418SR.map 512 512 201 414 254 237 198.95
58 maps/bgmaps/AR0418SR.map 512 512 245 198 232 427 234.38
24 maps/bgmaps/AR0418SR.map 512 512 360 359 322 276 98.74
48 maps/bgmaps/AR0418SR.map 512 512 261 271 435 322 195.12
38 maps/bgmaps/AR0418SR.map 512 512 292 424 147 403 153.70
25 maps/bgmaps/AR0418SR.map 512 512 120 317 209 352 103.50
14 maps/bgmaps/AR0418SR.map 512 512 159 357 207 334 57.53
41 maps/bgmaps/AR0418SR.map 512 512 131 377 222 250 164.69
12 maps/bgmaps/AR0418SR.map 512 512 243 348 224 390 49.87
50 maps/bgmaps/AR0418SR.map 512 512 130 307 270 451 201.99
16 maps/bgmaps/AR0418SR.map 512 512 342 356 360 415 66.46
29 maps/bgmaps/AR0418SR.map 512 512 270 388 162 366 117.11
46 maps/bgmaps/AR0418SR.map 512 512 307 217 270 388 186.33
7 maps/bgmaps/AR0418SR.map 512 512 401 405 381 427 30.87
24 maps/bgmaps/AR0418SR.map 512 512 364 414 270 405 97.73
27 maps/bgmaps/AR0418SR.map 512 512 259 445 344 387 109.02
15 maps/bgmaps/AR0418SR.map 512 512 188 422 238 447 60.36
13 maps/bgmaps/AR0418SR.map 512 512 181 373 224 342 55.84
44 maps/bgmaps/AR0418SR.map 512 512 311 271 209 405 176.25
46 maps/bgmaps/AR0418SR.map 512 512 283 418 301 239 186.46
37 maps/bgmaps/AR0418SR.map 512 512 111 370 231 295 151.07
25 maps/bgmaps/AR0418SR.map 512 512 196 366 257 290 101.27
21 maps/bgmaps/AR0418SR.map 512 512 284 379 242 309 87.40
31 maps/bgmaps/AR0418SR.map 512 512 292 311 173 291 127.28
53 maps/bgmaps/AR0418SR.map 512 512 248 238 409 366 214.02
24 maps/bgmaps/AR0418SR.map 512 512 151 289 196 370 99.64
43 maps/bgmaps/AR0418SR.map 512 512 363 344 230 442 173.59
18 maps/bgmaps/AR0418SR.map 512 512 213 302 159 351 74.30
38 maps/bgmaps/AR0418SR.map 512 512 130 383 191 255 153.27
18 maps/bgmaps/AR0418SR.map 512 512 343 337 280 359 72.11
58 maps/bgmaps/AR0418SR.map 512 512 240 433 431 333 232.42
73 maps/bgmaps/AR0418SR.map 512 512 413 312 160 409 293.18
63 maps/bgmaps/AR0418SR.map 512 512 426 330 226 197 255.09
15 maps/bgmaps/AR0418SR.map 512 512 266 314 304 360 61.74
36 maps/bgmaps/AR0418SR.map 512 512 401 405 319 291 147.97
9 maps/bgmaps/AR0418SR.map 512 512 375 374 366 339 38.73
37 maps/bgmaps/AR0418SR.map 512 512 306 339 169 307 150.25
33 maps/bgmaps/AR0418SR.map 512 512 331 381 257 277 134.65
44 maps/bgmaps/AR0418SR.map 512 512 387 364 303 220 178.79
42 maps/bgmaps/AR0418SR.map 512 512 175 327 325 378 171.12
19 maps/bgmaps/AR0418SR.map 512 512 283 374 358 367 77.90
56 maps/bgmaps/AR0418SR.map 512 512 395 314 185 278 224.91
26 maps/bgmaps/AR0418SR.map 512 512 277 362 381 365 105.24
27 maps/bgmaps/AR0418SR.map 512 512 189 385 268 311 109.65
29 maps/bgmaps/AR0418SR.map 512 512 143 387 179 283 118.91
15 maps/bgmaps/AR0418SR.map 512 512 323 426 292 376 62.84
26 maps/bgmaps/AR0418SR.map 512 512 315 370 241 297 104.24
35 maps/bgmaps/AR0418SR.map 512 512 340 348 244 245 142.76
57 maps/bgmaps/AR0418SR.map 512 512 164 298 346 415 230.46
37 maps/bgmaps/AR0418SR.map 512 512 373 376 327 247 151.37
17 maps/bgmaps/AR0418SR.map 512 512 249 254 268 317 70.87
1 maps/bgmaps/AR0418SR.map 512 512 325 356 320 359 6.24
21 maps/bgmaps/AR0418SR.map 512 512 162 373 123 304 85.15
79 maps/bgmaps/AR0418SR.map 512 512 125 394 404 303 316.69
15 maps/bgmaps/AR0418SR.map 512 512 344 311 295 279 62.25
66 maps/bgmaps/AR0418SR.map 512 512 283 447 246 197 265.33
60 maps/bgmaps/AR0418SR.map 512 512 329 404 124 312 243.11
14 maps/bgmaps/AR0418SR.map 512 512 203 279 220 331 59.04
30 maps/bgmaps/AR0418SR.map 512 512 323 437 205 426 122.56
46 maps/bgmaps/AR0418SR.map 512 512 375 391 192 379 187.97
34 maps/bgmaps/AR0418SR.map 512 512 304 257 353 376 139.30
23 maps/bgmaps/AR0418SR.map 512 512 285 321 336 393 93.12
26 maps/bgmaps/AR0418SR.map 512 512 165 433 266 425 104.31
37 maps/bgmaps/AR0418SR.map 512 512 213 412 259 283 148.05
15 maps/bgmaps/AR0418SR.map 512 512 315 397 274 351 62.98
33 maps/bgmaps/AR0418SR.map 512 512 323 305 281 422 134.40
45 maps/bgmaps/AR0418SR.map 512 512 323 423 144 415 182.31
6 maps/bgmaps/AR0418SR.map 512 512 276 342 296 356 25.80
24 maps/bgmaps/AR0418SR.map 512 512 239 271 154 301 97.43
32 maps/bgmaps/AR0418SR.map 512 512 371 412 270 341 130.41
21 maps/bgmaps/AR0418SR.map 512 512 207 336 234 409 84.18
31 maps/bgmaps/AR0418SR.map 512 512 147 342 258 304 126.74
31 maps/bgmaps/AR0418SR.map 512 512 325 276 258 376 127.75
31 maps/bgmaps/AR0418SR.map 512 512 311 384 301 263 125.14
7 maps/bgmaps/AR0418SR.map 512 512 250 361 271 341 29.28
9 maps/bgmaps/AR0418SR.map 512 512 142 407 115 384 36.53
20 maps/bgmaps/AR0418SR.map 512 512 194 276 271 288 81.97
22 maps/bgmaps/AR0418SR.map 512 512 299 342 311 257 89.97
18 maps/bgmaps/AR0418SR.map 512 512 252 263 200 317 75.54
36 maps/bgmaps/AR0418SR.map 512 512 385 310 318 429 146.75
43 maps/bgmaps/AR0418SR.map 512 512 254 423 403 364 173.44
1 maps/bgmaps/AR0418SR.map 512 512 339 406 334 402 6.66
47 maps/bgmaps/AR0418SR.map 512 512 153 342 331 312 190.43
20 maps/bgmaps/AR0418SR.map 512 512 275 323 337 371 81.88
25 maps/bgmaps/AR0418SR.map 512 512 264 362 339 297 101.92
13 maps/bgmaps/AR0418SR.map 512 512 310 267 267 237 55.43
35 maps/bgmaps/AR0418SR.map 512 512 222 253 280 369 140.02
4 maps/bgmaps/AR0418SR.map 512 512 387 317 397 303 18.14
58 maps/bgmaps/AR0418SR.map 512 512 118 312 325 246 234.34
32 maps/bgmaps/AR0418SR.map 512 512 322 329 253 430 129.58
59 maps/bgmaps/AR0418SR.map 512 512 405 357 190 299 239.02
37 maps/bgmaps/AR0418SR.map 512 512 332 371 191 391 149.28
18 maps/bgmaps/AR0418SR.map 512 512 303 340 291 269 75.97
35 maps/bgmaps/AR0418SR.map 512 512 170 417 292 365 143.54
50 maps/bgmaps/AR0418SR.map 512 512 123 346 300 284 202.68
20 maps/bgmaps/AR0418SR.map 512 512 182 353 255 329 82.94
28 maps/bgmaps/AR0418SR.map 512 512 205 405 278 323 112.24
39 maps/bgmaps/AR0418SR.map 512 512 279 294 128 311 158.04
5 maps/bgmaps/AR0418SR.map 512 512 107 385 95 368 21.97
45 maps/bgmaps/AR0418SR.map 512 512 312 447 197 313 181.63
41 maps/bgmaps/AR0418SR.map 512 512 319 420 301 262 165.46
38 maps/bgmaps/AR0418SR.map 512 512 302 326 234 199 155.17
17 maps/bgmaps/AR0418SR.map 512 512 273 395 342 393 69.83
40 maps/bgmaps/AR0418SR.map 512 512 414 304 274 255 160.30
19 maps/bgmaps/AR0418SR.map 512 512 166 413 233 383 79.43
37 maps/bgmaps/AR0418SR.map 512 512 222 225 324 333 150.25
38 maps/bgmaps/AR0418SR.map 512 512 274 448 400 380 154.17
32 maps/bgmaps/AR0418SR.map 512 512 266 285 157 338 130.95
44 maps/bgmaps/AR0418SR.map 512 512 145 413 173 248 176.60
19 maps/bgmaps/AR0418SR.map 512 512 217 250 230 321 76.38
21 maps/bgmaps/AR0418SR.map 512 512 284 306 235 371 85.30
52 maps/bgmaps/AR0418SR.map 512 512 372 400 218 261 211.58
1 maps/bgmaps/AR0418SR.map 512 512 246 226 251 227 5.41
20 maps/bgmaps/AR0418SR.map 512 512 183 335 130 395 81.95
46 maps/bgmaps/AR0418SR.map 512 512 93 378 258 332 184.05
33 maps/bgmaps/AR0418SR.map 512 512 184 257 107 359 133.89
20 maps/bgmaps/AR0418SR.map 512 512 112 357 189 348 80.73
51 maps/bgmaps/AR0418SR.map 512 512 100 360 287 317 204.81
46 maps/bgmaps/AR0418SR.map 512 512 129 307 270 418 186.98
19 maps/bgmaps/AR0418SR.map 512 512 317 338 281 273 79.91
12 maps/bgmaps/AR0418SR.map 512 512 314 362 271 347 49.21
12 maps/bgmaps/AR0418SR.map 512 512 215 364 168 360 48.66
39 maps/bgmaps/AR0418SR.map 512 512 305 291 197 405 158.74
23 maps/bgmaps/AR0418SR.map 512 512 236 236 326 249 95.38
38 maps/bgmaps/AR0418SR.map 512 512 271 427 270 273 154.41
16 maps/bgmaps/AR0418SR.map 512 512 294 339 260 289 64.08
29 maps/bgmaps/AR0418SR.map 512 512 292 404 244 304 119.88
59 maps/bgmaps/AR0418SR.map 512 512 335 316 137 416 239.42
30 maps/bgmaps/AR0418SR.map 512 512 225 314 143 402 121.97
48 maps/bgmaps/AR0418SR.map 512 512 355 371 258 218 193.18
26 maps/bgmaps/AR0418SR.map 512 512 253 297 273 394 105.28
11 maps/bgmaps/AR0418SR.map 512 512 310 365 296 406 46.80
38 maps/bgmaps/AR0418SR.map 512 512 359 307 214 288 152.87
21 maps/bgmaps/AR0418SR.map 512 512 144 282 152 363 84.31
53 maps/bgmaps/AR0418SR.map 512 512 157 254 323 374 215.71
18 maps/bgmaps/AR0418SR.map 512 512 212 395 141 383 75.97
24 maps/bgmaps/AR0418SR.map 512 512 283 282 365 324 99.40
58 maps/bgmaps/AR0418SR.map 512 512 171 309 396 330 233.70
66 maps/bgmaps/AR0418SR.map 512 512 147 291 399 321 264.43
23 maps/bgmaps/AR0418SR.map 512 512 364 348 329 268 94.50
48 maps/bgmaps/AR0418SR.map 512 512 382 352 269 205 193.81
50 maps/bgmaps/AR0418SR.map 512 512 387 320 186 321 201.41
27 maps/bgmaps/AR0418SR.map 512 512 196 307 274 386 111.31
23 maps/bgmaps/AR0418SR.map 512 512 161 298 109 370 93.54
23 maps/bgmaps/AR0418SR.map 512 512 199 352 244 426 92.64
62 maps/bgmaps/AR0418SR.map 512 512 365 376 126 401 249.36
47 maps/bgmaps/AR0418SR.map 512 512 119 379 279 308 189.41
49 maps/bgmaps/AR0418SR.map 512 512 202 369 269 199 197.75
46 maps/bgmaps/AR0418SR.map 512 512 371 348 210 408 185.85
37 maps/bgmaps/AR0418SR.map 512 512 186 364 335 368 150.66
43 maps/bgmaps/AR0418SR.map 512 512 171 346 337 324 175.11
55 maps/bgmaps/AR0418SR.map 512 512 301 317 106 383 222.34
11 maps/bgmaps/AR0418SR.map 512 512 231 399 196 375 44.94
17 maps/bgmaps/AR0418SR.map 512 512 219 268 260 216 68.98
40 maps/bgmaps/AR0418SR.map 512 512 308 232 349 376 160.98
26 maps/bgmaps/AR0418SR.map 512 512 168 279 217 364 105.30
36 maps/bgmaps/AR0418SR.map 512 512 265 379 128 355 146.94
2 maps/bgmaps/AR0418SR.map 512 512 244 193 252 199 10.49
11 maps/bgmaps/AR0418SR.map 512 512 186 307 228 298 45.73
25 maps/bgmaps/AR0418SR.map 512 512 131 371 216 411 101.57
55 maps/bgmaps/AR0418SR.map 512 512 174 277 381 313 221.91
13 maps/bgmaps/AR0418SR.map 512 512 208 373 181 416 54.18
18 maps/bgmaps/AR0418SR.map 512 512 325 370 355 308 74.43
35 maps/bgmaps/AR0418SR.map 512 512 288 417 283 278 141.07
20 maps/bgmaps/AR0418SR.map 512 512 283 269 263 343 82.28
62 maps/bgmaps/AR0418SR.map 512 512 147 405 385 374 250.84
43 maps/bgmaps/AR0418SR.map 512 512 236 422 162 280 172.65
14 maps/bgmaps/AR0418SR.map 512 512 286 323 290 380 58.66
39 maps/bgmaps/AR0418SR.map 512 512 367 413 236 351 156.68
12 maps/bgmaps/AR0418SR.map 512 512 367 386 353 429 48.80
39 maps/bgmaps/AR0418SR.map 512 512 273 291 221 428 158.54
23 maps/bgmaps/AR0418SR.map 512 512 147 352 190 430 95.81
44 maps/bgmaps/AR0418SR.map 512 512 389 341 214 352 179.56
18 maps/bgmaps/AR0418SR.map 512 512 322 431 384 398 75.67
11 maps/bgmaps/AR0418SR.map 512 512 384 401 396 359 46.97
28 maps/bgmaps/AR0418SR.map 512 512 240 371 318 453 114.31
33 maps/bgmaps/AR0418SR.map 512 512 334 430 369 310 134.50
67 maps/bgmaps/AR0418SR.map 512 512 163 415 408 358 268.61
7 maps/bgmaps/AR0418SR.map 512 512 365 367 344 390 31.70
3 maps/bgmaps/AR0418SR.map 512 512 404 393 390 397 15.66
18 maps/bgmaps/AR0418SR.map 512 512 300 298 325 361 73.36
17 maps/bgmaps/AR0418SR.map 512 512 289 337 299 272 69.14
3 maps/bgmaps/AR0418SR.map 512 512 137 398 139 413 15.83
10 maps/bgmaps/AR0418SR.map 512 512 349 414 351 372 42.83
73 maps/bgmaps/AR0418SR.map 512 512 403 326 125 363 293.33
7 maps/bgmaps/AR0418SR.map 512 512 210 360 185 369 28.73
25 maps/bgmaps/AR0418SR.map 512 512 368 349 321 266 102.47
48 maps/bgmaps/AR0418SR.map 512 512 135 357 264 216 194.43
41 maps/bgmaps/AR0418SR.map 512 512 301 379 149 346 165.67
23 maps/bgmaps/AR0418SR.map 512 512 364 405 294 345 94.85
25 maps/bgmaps/AR0418SR.map 512 512 154 255 116 341 101.74
34 maps/bgmaps/AR0418SR.map 512 512 343 344 297 224 139.05
26 maps/bgmaps/AR0418SR.map 512 512 397 401 334 321 106.10
47 maps/bgmaps/AR0418SR.map 512 512 358 367 180 334 191.67
56 maps/bgmaps/AR0418SR.map 512 512 239 265 438 326 224.27
55 maps/bgmaps/AR0418SR.map 512 512 171 295 380 325 221.43
53 maps/bgmaps/AR0418SR.map 512 512 246 207 341 382 214.35
45 maps/bgmaps/AR0418SR.map 512 512 149 356 314 401 183.64
44 maps/bgmaps/AR0418SR.map 512 512 352 357 183 333 178.94
34 maps/bgmaps/AR0418SR.map 512 512 363 338 310 453 136.95
4 maps/bgmaps/AR0418SR.map 512 512 239 230 254 238 18.31
3 maps/bgmaps/AR0418SR.map 512 512 220 368 232 360 15.31
42 maps/bgmaps/AR0418SR.map 512 512 309 288 141 288 168.00
17 maps/bgmaps/AR0418SR.map 512 512 241 366 258 427 68.04
41 maps/bgmaps/AR0418SR.map 512 512 306 386 159 336 167.71
20 maps/bgmaps/AR0418SR.map 512 512 343 331 332 409 82.56
7 maps/bgmaps/AR0418SR.map 512 512 346 435 318 434 28.41
10 maps/bgmaps/AR0418SR.map 512 512 172 421 203 392 43.01
10 maps/bgmaps/AR0418SR.map 512 512 248 312 261 349 42.38
18 maps/bgmaps/AR0418SR.map 512 512 323 287 375 338 73.71
55 maps/bgmaps/AR0418SR.map 512 512 177 435 356 336 220.01
21 maps/bgmaps/AR0418SR.map 512 512 246 417 323 440 86.53
37 maps/bgmaps/AR0418SR.map 512 512 329 277 202 335 151.02
55 maps/bgmaps/AR0418SR.map 512 512 390 394 170 392 220.83
32 maps/bgmaps/AR0418SR.map 512 512 272 422 260 297 129.97
73 maps/bgmaps/AR0418SR.map 512 512 145 312 436 324 295.97
11 maps/bgmaps/AR0418SR.map 512 512 373 353 326 352 47.41
71 maps/bgmaps/AR0418SR.map 512 512 407 364 157 280 284.79
56 maps/bgmaps/AR0418SR.map 512 512 399 338 180 317 227.70
25 maps/bgmaps/AR0418SR.map 512 512 359 370 281 425 100.78
40 maps/bgmaps/AR0418SR.map 512 512 255 285 125 362 161.89
39 maps/bgmaps/AR0418SR.map 512 512 160 413 160 254 159.00
33 maps/bgmaps/AR0418SR.map 512 512 321 319 202 282 134.33
13 maps/bgmaps/AR0418SR.map 512 512 239 369 289 359 54.14
15 maps/bgmaps/AR0418SR.map 512 512 122 375 177 360 61.21
45 maps/bgmaps/AR0418SR.map 512 512 247 230 378 353 181.95
30 maps/bgmaps/AR0418SR.map 512 512 235 208 200 314 120.50
57 maps/bgmaps/AR0418SR.map 512 512 282 201 269 427 231.38
10 maps/bgmaps/AR0418SR.map 512 512 150 361 123 393 43.18
3 maps/bgmaps/AR0418SR.map 512 512 179 418 181 430 12.83
16 maps/bgmaps/AR0418SR.map 512 512 278 274 257 333 67.70
55 maps/bgmaps/AR0418SR.map 512 512 321 340 122 398 223.02
35 maps/bgmaps/AR0418SR.map 512 512 116 368 228 440 141.82
51 maps/bgmaps/AR0418SR.map 512 512 176 269 367 304 205.50
52 maps/bgmaps/AR0418SR.map 512 512 371 416 202 318 209.59
20 maps/bgmaps/AR0418SR.map 512 512 192 421 260 388 81.67
31 maps/bgmaps/AR0418SR.map 512 512 271 338 380 300 124.74
45 maps/bgmaps/AR0418SR.map 512 512 183 434 198 258 182.21
15 maps/bgmaps/AR0418SR.map 512 512 175 413 145 365 60.43
26 maps/bgmaps/AR0418SR.map 512 512 405 382 319 427 104.64
51 maps/bgmaps/AR0418SR.map 512 512 152 278 347 302 204.94
22 maps/bgmaps/AR0418SR.map 512 512 312 272 225 283 91.56
32 maps/bgmaps/AR0418SR.map 512 512 279 259 163 290 128.84
59 maps/bgmaps/AR0418SR.map 512 512 200 434 226 205 239.77
21 maps/bgmaps/AR0418SR.map 512 512 429 335 359 369 84.08
53 maps/bgmaps/AR0418SR.map 512 512 203 425 294 250 212.69
32 maps/bgmaps/AR0418SR.map 512 512 258 363 264 236 129.49
42 maps/bgmaps/AR0418SR.map 512 512 226 331 384 304 169.18
33 maps/bgmaps/AR0418SR.map 512 512 264 294 254 424 134.14
64 maps/bgmaps/AR0418SR.map 512 512 364 354 138 280 256.65
28 maps/bgmaps/AR0418SR.map 512 512 265 217 267 330 113.83
21 maps/bgmaps/AR0418SR.map 512 512 370 401 290 389 84.97
36 maps/bgmaps/AR0418SR.map 512 512 287 316 276 456 144.56
40 maps/bgmaps/AR0418SR.map 512 512 219 218 141 347 161.31
39 maps/bgmaps/AR0418SR.map 512 512 318 282 196 372 159.28
19 maps/bgmaps/AR0418SR.map 512 512 307 418 251 369 76.30
39 maps/bgmaps/AR0418SR.map 512 512 389 313 281 225 156.75
33 maps/bgmaps/AR0418SR.map 512 512 185 392 316 399 133.90
11 maps/bgmaps/AR0418SR.map 512 512 170 379 124 376 47.24
38 maps/bgmaps/AR0418SR.map 512 512 237 422 338 308 155.84
46 maps/bgmaps/AR0418SR.map 512 512 388 400 254 279 184.12
38 maps/bgmaps/AR0418SR.map 512 512 195 359 252 227 155.61
11 maps/bgmaps/AR0418SR.map 512 512 330 250 291 269 46.87
12 maps/bgmaps/AR0418SR.map 512 512 269 294 306 262 50.25
44 maps/bgmaps/AR0418SR.map 512 512 406 358 308 229 177.21
4 maps/bgmaps/AR0418SR.map 512 512 319 418 310 433 18.73
56 maps/bgmaps/AR0418SR.map 512 512 296 228 359 427 225.10
12 maps/bgmaps/AR0418SR.map 512 512 199 337 224 297 50.36
44 maps/bgmaps/AR0418SR.map 512 512 136 358 304 338 176.28
7 maps/bgmaps/AR0418SR.map 512 512 181 402 191 428 30.14
3 maps/bgmaps/AR0418SR.map 512 512 317 347 326 357 13.73
43 maps/bgmaps/AR0418SR.map 512 512 109 385 245 289 175.76
41 maps/bgmaps/AR0418SR.map 512 512 346 349 295 206 164.12
42 maps/bgmaps/AR0418SR.map 512 512 296 429 420 314 171.63
66 maps/bgmaps/AR0418SR.map 512 512 173 284 415 346 267.68
41 maps/bgmaps/AR0418SR.map 512 512 321 375 157 369 166.49
46 maps/bgmaps/AR0418SR.map 512 512 304 332 133 300 184.25
29 maps/bgmaps/AR0418SR.map 512 512 119 380 208 312 117.17
33 maps/bgmaps/AR0418SR.map 512 512 269 286 338 390 132.58
26 maps/bgmaps/AR0418SR.map 512 512 291 297 222 376 107.58
52 maps/bgmaps/AR0418SR.map 512 512 267 206 282 408 208.21
45 maps/bgmaps/AR0418SR.map 512 512 336 347 178 409 183.68
49 maps/bgmaps/AR0418SR.map 512 512 372 295 180 297 199.66
32 maps/bgmaps/AR0418SR.map 512 512 308 237 254 345 130.37
25 maps/bgmaps/AR0418SR.map 512 512 335 418 414 362 102.20
14 maps/bgmaps/AR0418SR.map 512 512 256 348 244 403 59.97
32 maps/bgmaps/AR0418SR.map 512 512 342 437 235 386 128.12
9 maps/bgmaps/AR0418SR.map 512 512 207 314 170 317 38.24
5 maps/bgmaps/AR0418SR.map 512 512 255 222 238 211 21.56
43 maps/bgmaps/AR0418SR.map 512 512 214 199 293 340 173.72
73 maps/bgmaps/AR0418SR.map 512 512 367 304 104 381 294.89
53 maps/bgmaps/AR0418SR.map 512 512 434 336 261 240 212.76
69 maps/bgmaps/AR0418SR.map 512 512 154 280 408 339 278.44
53 maps/bgmaps/AR0418SR.map 512 512 250 427 224 222 215.77
31 maps/bgmaps/AR0418SR.map 512 512 287 381 404 362 124.87
53 maps/bgmaps/AR0418SR.map 512 512 275 247 326 438 212.12
38 maps/bgmaps/AR0418SR.map 512 512 281 413 248 272 154.67
19 maps/bgmaps/AR0418SR.map 512 512 279 338 223 390 77.54
49 maps/bgmaps/AR0418SR.map 512 512 229 394 242 200 199.38
30 maps/bgmaps/AR0418SR.map 512 512 110 357 218 386 120.01
46 maps/bgmaps/AR0418SR.map 512 512 333 248 245 396 184.45
62 maps/bgmaps/AR0418SR.map 512 512 171 434 331 250 250.27
3 maps/bgmaps/AR0418SR.map 512 512 213 301 202 293 14.31
51 maps/bgmaps/AR0418SR.map 512 512 123 401 253 248 206.85
45 maps/bgmaps/AR0418SR.map 512 512 206 388 350 301 180.04
44 maps/bgmaps/AR0418SR.map 512 512 292 274 238 431 179.37
40 maps/bgmaps/AR0418SR.map 512 512 137 391 185 249 161.88
75 maps/bgmaps/AR0418SR.map 512 512 392 313 116 378 302.92
77 maps/bgmaps/AR0418SR.map 512 512 112 335 419 330 309.07
59 maps/bgmaps/AR0418SR.map 512 512 94 361 292 260 239.84
24 maps/bgmaps/AR0418SR.map 512 512 210 242 256 320 97.05
66 maps/bgmaps/AR0418SR.map 512 512 176 263 399 371 267.74
42 maps/bgmaps/AR0418SR.map 512 512 261 255 280 416 168.87
25 maps/bgmaps/AR0418SR.map 512 512 338 357 265 285 102.82
44 maps/bgmaps/AR0418SR.map 512 512 303 308 175 433 179.78
42 maps/bgmaps/AR0418SR.map 512 512 274 392 183 258 171.69
33 maps/bgmaps/AR0418SR.map 512 512 264 219 287 345 135.53
17 maps/bgmaps/AR0418SR.map 512 512 253 324 307 285 70.15
22 maps/bgmaps/AR0418SR.map 512 512 211 334 274 270 90.10
7 maps/bgmaps/AR0418SR.map 512 512 364 307 381 330 30.04
55 maps/bgmaps/AR0418SR.map 512 512 235 199 116 370 220.29
50 maps/bgmaps/AR0418SR.map 512 512 268 243 392 394 202.36
24 maps/bgmaps/AR0418SR.map 512 512 358 423 265 413 97.14
9 maps/bgmaps/AR0418SR.map 512 512 255 232 219 224 39.31
46 maps/bgmaps/AR0418SR.map 512 512 298 428 322 253 184.94
35 maps/bgmaps/AR0418SR.map 512 512 403 367 267 379 140.97
14 maps/bgmaps/AR0418SR.map 512 512 419 349 371 325 57.94
23 maps/bgmaps/AR0418SR.map 512 512 309 403 384 356 94.47
26 maps/bgmaps/AR0418SR.map 512 512 170 321 246 249 105.82
40 maps/bgmaps/AR0418SR.map 512 512 304 400 176 322 160.31
10 maps/bgmaps/AR0418SR.map 512 512 239 388 235 430 43.66
10 maps/bgmaps/AR0418SR.map 512 512 254 409 296 405 43.66
16 maps/bgmaps/AR0418SR.map 512 512 153 382 213 367 66.21
33 maps/bgmaps/AR0418SR.map 512 512 358 345 232 365 134.28
50 maps/bgmaps/AR0418SR.map 512 512 159 374 263 214 203.08
61 maps/bgmaps/AR0418SR.map 512 512 144 390 377 360 245.43
29 maps/bgmaps/AR0418SR.map 512 512 232 281 223 394 116.73
22 maps/bgmaps/AR0418SR.map 512 512 232 408 150 386 91.11
25 maps/bgmaps/AR0418SR.map 512 512 150 278 171 373 103.70
23 maps/bgmaps/AR0418SR.map 512 512 341 308 270 252 94.20
13 maps/bgmaps/AR0418SR.map 512 512 178 339 210 300 52.25
32 maps/bgmaps/AR0418SR.map 512 512 245 282 366 303 129.70
22 maps/bgmaps/AR0418SR.map 512 512 266 371 205 434 88.27
68 maps/bgmaps/AR0418SR.map 512 512 386 353 120 369 272.63
42 maps/bgmaps/AR0418SR.map 512 512 372 414 257 291 170.63
11 maps/bgmaps/AR0418SR.map 512 512 361 405 317 401 45.66
47 maps/bgmaps/AR0418SR.map 512 512 278 393 305 213 191.18
5 maps/bgmaps/AR0418SR.map 512 512 153 359 135 364 20.07
9 maps/bgmaps/AR0418SR.map 512 512 309 391 345 393 36.83
23 maps/bgmaps/AR0418SR.map 512 512 240 276 161 317 95.98
4 maps/bgmaps/AR0418SR.map 512 512 286 332 298 320 16.97
31 maps/bgmaps/AR0418SR.map 512 512 299 369 284 250 125.21
28 maps/bgmaps/AR0418SR.map 512 512 110 311 136 414 115.53
28 maps/bgmaps/AR0418SR.map 512 512 188 362 174 252 115.80
12 maps/bgmaps/AR0418SR.map 512 512 313 416 337 374 51.94
1 maps/bgmaps/AR0418SR.map 512 512 358 335 352 337 6.83
59 maps/bgmaps/AR0418SR.map 512 512 114 295 327 356 238.27
12 maps/bgmaps/AR0418SR.map 512 512 249 306 244 259 49.07
59 maps/bgmaps/AR0418SR.map 512 512 238 196 272 421 239.08
65 maps/bgmaps/AR0418SR.map 512 512 121 304 343 400 261.76
5 maps/bgmaps/AR0418SR.map 512 512 158 370 140 377 20.90
47 maps/bgmaps/AR0418SR.map 512 512 265 284 320 452 190.78
22 maps/bgmaps/AR0418SR.map 512 512 246 419 320 381 89.74
12 maps/bgmaps/AR0418SR.map 512 512 291 325 303 280 49.97
63 maps/bgmaps/AR0418SR.map 512 512 133 407 328 268 252.58
22 maps/bgmaps/AR0418SR.map 512 512 266 374 328 310 89.68
17 maps/bgmaps/AR0418SR.map 512 512 400 314 344 348 70.08
13 maps/bgmaps/AR0418SR.map 512 512 155 335 197 368 55.67
49 maps/bgmaps/AR0418SR.map 512 512 170 378 349 332 198.05
34 maps/bgmaps/AR0418SR.map 512 512 324 287 197 315 138.60
5 maps/bgmaps/AR0418SR.map 512 512 252 345 267 329 22.21
59 maps/bgmaps/AR0418SR.map 512 512 210 248 387 400 239.96
29 maps/bgmaps/AR0418SR.map 512 512 181 416 285 448 117.25
47 maps/bgmaps/AR0418SR.map 512 512 334 346 160 303 191.81
48 maps/bgmaps/AR0418SR.map 512 512 308 276 129 317 195.98
36 maps/bgmaps/AR0418SR.map 512 512 369 331 254 410 147.72
10 maps/bgmaps/AR0418SR.map 512 512 193 376 159 396 42.28
63 maps/bgmaps/AR0418SR.map 512 512 432 321 200 264 255.61
68 maps/bgmaps/AR0418SR.map 512 512 418 360 177 441 274.55
47 maps/bgmaps/AR0418SR.map 512 512 305 253 377 413 189.82
3 maps/bgmaps/AR0418SR.map 512 512 353 308 355 323 15.83
58 maps/bgmaps/AR0418SR.map 512 512 104 388 317 441 234.95
51 maps/bgmaps/AR0418SR.map 512 512 330 437 296 245 206.08
4 maps/bgmaps/AR0418SR.map 512 512 233 209 230 227 19.24
35 maps/bgmaps/AR0418SR.map 512 512 338 420 197 421 141.41
34 maps/bgmaps/AR0418SR.map 512 512 235 220 158 328 139.89
3 maps/bgmaps/AR0418SR.map 512 512 136 278 145 288 13.73
43 maps/bgmaps/AR0418SR.map 512 512 281 394 121 365 172.01
57 maps/bgmaps/AR0418SR.map 512 512 217 238 407 335 230.18
31 maps/bgmaps/AR0418SR.map 512 512 194 326 315 335 124.73
19 maps/bgmaps/AR0418SR.map 512 512 195 354 180 283 77.21
29 maps/bgmaps/AR0418SR.map 512 512 310 399 201 374 119.36
60 maps/bgmaps/AR0418SR.map 512 512 309 236 213 439 242.76
24 maps/bgmaps/AR0418SR.map 512 512 233 338 325 321 99.04
10 maps/bgmaps/AR0418SR.map 512 512 279 421 240 415 41.49
52 maps/bgmaps/AR0418SR.map 512 512 201 280 352 426 211.48
56 maps/bgmaps/AR0418SR.map 512 512 346 428 236 246 227.56
9 maps/bgmaps/AR0418SR.map 512 512 220 403 219 441 38.41
34 maps/bgmaps/AR0418SR.map 512 512 205 279 333 303 137.94
48 maps/bgmaps/AR0418SR.map 512 512 322 388 268 218 192.37
35 maps/bgmaps/AR0418SR.map 512 512 290 414 212 303 143.31
36 maps/bgmaps/AR0418SR.map 512 512 224 352 361 374 146.11
67 maps/bgmaps/AR0418SR.map 512 512 252 201 295 454 270.81
28 maps/bgmaps/AR0418SR.map 512 512 395 317 383 427 114.97
17 maps/bgmaps/AR0418SR.map 512 512 188 250 140 299 68.88
31 maps/bgmaps/AR0418SR.map 512 512 179 399 258 304 127.72
57 maps/bgmaps/AR0418SR.map 512 512 417 320 241 200 229.22
49 maps/bgmaps/AR0418SR.map 512 512 134 379 317 418 199.15
64 maps/bgmaps/AR0418SR.map 512 512 267 203 373 417 257.91
52 maps/bgmaps/AR0418SR.map 512 512 299 275 127 368 210.52
47 maps/bgmaps/AR0418SR.map 512 512 315 266 381 427 188.34
57 maps/bgmaps/AR0418SR.map 512 512 388 374 173 414 231.57
14 maps/bgmaps/AR0418SR.map 512 512 271 301 255 351 56.63
72 maps/bgmaps/AR0418SR.map 512 512 168 269 402 404 289.92
64 maps/bgmaps/AR0418SR.map 512 512 140 351 393 335 259.63
36 maps/bgmaps/AR0418SR.map 512 512 173 411 315 423 146.97
73 maps/bgmaps/AR0418SR.map 512 512 137 322 374 436 294.76
6 maps/bgmaps/AR0418SR.map 512 512 147 275 172 279 26.66
5 maps/bgmaps/AR0418SR.map 512 512 179 295 183 317 23.66
63 maps/bgmaps/AR0418SR.map 512 512 332 425 101 366 255.44
52 maps/bgmaps/AR0418SR.map 512 512 104 346 303 320 209.77
55 maps/bgmaps/AR0418SR.map 512 512 278 207 133 370 223.06
24 maps/bgmaps/AR0418SR.map 512 512 326 293 365 374 97.15
32 maps/bgmaps/AR0418SR.map 512 512 280 396 297 275 128.04
62 maps/bgmaps/AR0418SR.map 512 512 135 286 371 321 250.50
36 maps/bgmaps/AR0418SR.map 512 512 248 394 274 260 144.77
14 maps/bgmaps/AR0418SR.map 512 512 152 347 169 295 59.04
28 maps/bgmaps/AR0418SR.map 512 512 253 247 194 336 113.44
9 maps/bgmaps/AR0418SR.map 512 512 252 432 283 416 37.63
30 maps/bgmaps/AR0418SR.map 512 512 282 286 397 301 121.21
16 maps/bgmaps/AR0418SR.map 512 512 283 333 216 335 67.83
58 maps/bgmaps/AR0418SR.map 512 512 120 369 320 447 232.31
42 maps/bgmaps/AR0418SR.map 512 512 313 356 223 222 171.28
29 maps/bgmaps/AR0418SR.map 512 512 219 396 123 346 116.71
36 maps/bgmaps/AR0418SR.map 512 512 324 395 288 263 146.91
47 maps/bgmaps/AR0418SR.map 512 512 223 360 296 200 190.24
72 maps/bgmaps/AR0418SR.map 512 512 421 346 153 397 289.12
8 maps/bgmaps/AR0418SR.map 512 512 287 259 316 272 34.38
11 maps/bgmaps/AR0418SR.map 512 512 133 394 158 428 44.36
11 maps/bgmaps/AR0418SR.map 512 512 286 215 301 254 45.21
35 maps/bgmaps/AR0418SR.map 512 512 320 285 217 375 140.28
1 maps/bgmaps/AR0418SR.map 512 512 265 383 269 384 4.41
9 maps/bgmaps/AR0418SR.map 512 512 294 268 265 246 38.11
5 maps/bgmaps/AR0418SR.map 512 512 345 395 328 411 23.63
50 maps/bgmaps/AR0418SR.map 512 512 164 423 246 255 201.97
30 maps/bgmaps/AR0418SR.map 512 512 216 192 152 269 123.43
47 maps/bgmaps/AR0418SR.map 512 512 300 369 124 339 188.43
42 maps/bgmaps/AR0418SR.map 512 512 276 304 116 331 171.18
77 maps/bgmaps/AR0418SR.map 512 512 404 308 113 356 310.88
41 maps/bgmaps/AR0418SR.map 512 512 273 241 147 337 165.76
30 maps/bgmaps/AR0418SR.map 512 512 282 372 389 412 123.57
36 maps/bgmaps/AR0418SR.map 512 512 224 311 243 448 144.87
10 maps/bgmaps/AR0418SR.map 512 512 138 295 176 281 43.80
34 maps/bgmaps/AR0418SR.map 512 512 174 259 310 250 139.73
31 maps/bgmaps/AR0418SR.map 512 512 178 336 233 231 127.78
9 maps/bgmaps/AR0418SR.map 512 512 288 242 316 264 37.11
14 maps/bgmaps/AR0418SR.map 512 512 326 392 323 449 58.24
41 maps/bgmaps/AR0418SR.map 512 512 200 298 329 392 167.94
16 maps/bgmaps/AR0418SR.map 512 512 266 293 250 354 67.63
52 maps/bgmaps/AR0418SR.map 512 512 166 399 347 326 211.24
16 maps/bgmaps/AR0418SR.map 512 512 335 356 277 333 67.53
30 maps/bgmaps/AR0418SR.map 512 512 376 405 311 308 123.92
30 maps/bgmaps/AR0418SR.map 512 512 206 218 308 269 123.12
16 maps/bgmaps/AR0418SR.map 512 512 235 373 211 315 67.94
40 maps/bgmaps/AR0418SR.map 512 512 186 385 342 404 163.87
16 maps/bgmaps/AR0418SR.map 512 512 293 373 251 323 67.40
62 maps/bgmaps/AR0418SR.map 512 512 117 378 322 265 251.81
14 maps/bgmaps/AR0418SR.map 512 512 324 376 312 431 59.97
14 maps/bgmaps/AR0418SR.map 512 512 233 326 181 344 59.46
64 maps/bgmaps/AR0418SR.map 512 512 257 220 377 427 256.71
9 maps/bgmaps/AR0418SR.map 512 512 192 287 218 258 39.77
8 maps/bgmaps/AR0418SR.map 512 512 158 291 132 313 35.11
8 maps/bgmaps/AR0418SR.map 512 512 321 284 343 310 35.11
8 maps/bgmaps/AR0418SR.map 512 512 238 288 206 297 35.73
8 maps/bgmaps/AR0418SR.map 512 512 203 420 169 423 35.24
8 maps/bgmaps/AR0418SR.map 512 512 286 352 316 340 34.97
8 maps/bgmaps/AR0418SR.map 512 512 232 324 246 353 34.80
73 maps/bgmaps/AR0418SR.map 512 512 126 399 388 322 293.89
8 maps/bgmaps/AR0418SR.map 512 512 255 377 233 351 35.11
6 maps/bgmaps/AR0418SR.map 512 512 172 352 191 333 26.87
50 maps/bgmaps/AR0418SR.map 512 512 405 319 219 353 200.08
40 maps/bgmaps/AR0418SR.map 512 512 301 394 310 234 163.73
6 maps/bgmaps/AR0418SR.map 512 512 180 309 194 288 26.80
6 maps/bgmaps/AR0418SR.map 512 512 276 211 253 222 27.56
40 maps/bgmaps/AR0418SR.map 512 512 352 362 294 223 163.02
6 maps/bgmaps/AR0418SR.map 512 512 271 238 287 218 26.63
51 maps/bgmaps/AR0418SR.map 512 512 113 367 293 302 206.92
6 maps/bgmaps/AR0418SR.map 512 512 131 383 105 387 27.66
6 maps/bgmaps/AR0418SR.map 512 512 316 317 304 295 26.97
6 maps/bgmaps/AR0418SR.map 512 512 218 307 207 284 27.56
48 maps/bgmaps/AR0418SR.map 512 512 244 386 237 195 193.90
6 maps/bgmaps/AR0418SR.map 512 512 298 367 278 349 27.46
5 maps/bgmaps/AR0418SR.map 512 512 237 332 258 339 23.90
5 maps/bgmaps/AR0418SR.map 512 512 173 260 150 262 23.83
5 maps/bgmaps/AR0418SR.map 512 512 297 352 281 335 23.63
4 maps/bgmaps/AR0418SR.map 512 512 329 390 310 392 19.83
4 maps/bgmaps/AR0418SR.map 512 512 335 342 334 323 19.41
4 maps/bgmaps/AR0418SR.map 512 512 374 362 388 348 19.80
4 maps/bgmaps/AR0418SR.map 512 512 356 365 352 382 18.66
4 maps/bgmaps/AR0418SR.map 512 512 173 340 161 326 18.97
55 maps/bgmaps/AR0418SR.map 512 512 243 205 338 388 222.35
3 maps/bgmaps/AR0418SR.map 512 512 323 368 308 369 15.41
2 maps/bgmaps/AR0418SR.map 512 512 197 389 197 400 11.00
2 maps/bgmaps/AR0418SR.map 512 512 167 346 160 355 11.90
2 maps/bgmaps/AR0418SR.map 512 512 250 224 241 217 11.90
2 maps/bgmaps/AR0418SR.map 512 512 246 397 235 397 11.00
55 maps/bgmaps/AR0418SR.map 512 512 269 218 100 350 223.68
49 maps/bgmaps/AR0418SR.map 512 512 326 311 134 330 199.87
2 maps/bgmaps/AR0418SR.map 512 512 297 428 306 434 11.49
2 maps/bgmaps/AR0418SR.map 512 512 377 305 382 296 11.07
2 maps/bgmaps/AR0418SR.map 512 512 298 332 290 324 11.31
51 maps/bgmaps/AR0418SR.map 512 512 142 370 345 380 207.14
50 maps/bgmaps/AR0418SR.map 512 512 175 430 223 246 203.88
2 maps/bgmaps/AR0418SR.map 512 512 169 334 168 345 11.41
2 maps/bgmaps/AR0418SR.map 512 512 356 338 365 331 11.90
1 maps/bgmaps/AR0418SR.map 512 512 324 298 326 304 6.83
52 maps/bgmaps/AR0418SR.map 512 512 355 388 167 338 208.71
1 maps/bgmaps/AR0418SR.map 512 512 395 406 394 399 7.41
1 maps/bgmaps/AR0418SR.map 512 512 218 361 215 367 7.24
51 maps/bgmaps/AR0418SR.map 512 512 213 360 415 350 206.14
1 maps/bgmaps/AR0418SR.map 512 512 201 422 204 428 7.24
0 maps/bgmaps/AR0418SR.map 512 512 211 284 211 281 3.00
0 maps/bgmaps/AR0418SR.map 512 512 313 346 315 349 3.83
0 maps/bgmaps/AR0418SR.map 512 512 187 284 185 286 2.83
0 maps/bgmaps/AR0418SR.map 512 512 206 410 204 412 2.83
0 maps/bgmaps/AR0418SR.map 512 512 169 353 166 351 3.83
0 maps/bgmaps/AR0418SR.map 512 512 280 449 280 452 3.00
0 maps/bgmaps/AR0418SR.map 512 512 295 216 298 214 3.83
0 maps/bgmaps/AR0418SR.map 512 512 165 311 162 310 3.41
0 maps/bgmaps/AR0418SR.map 512 512 204 348 202 346 2.83
0 maps/bgmaps/AR0418SR.map 512 512 312 381 314 383 2.83
52 maps/bgmaps/AR0418SR.map 512 512 319 451 154 338 211.81
50 maps/bgmaps/AR0418SR.map 512 512 347 347 145 343 203.66
50 maps/bgmaps/AR0418SR.map 512 512 159 339 352 322 200.04
58 maps/bgmaps/AR0418SR.map 512 512 256 226 277 451 233.70
54 maps/bgmaps/AR0418SR.map 512 512 307 290 116 357 218.75
70 maps/bgmaps/AR0418SR.map 512 512 405 379 137 350 280.01
48 maps/bgmaps/AR0418SR.map 512 512 389 353 236 251 195.25
57 maps/bgmaps/AR0418SR.map 512 512 168 359 375 308 228.12
69 maps/bgmaps/AR0418SR.map 512 512 396 395 126 375 278.28
67 maps/bgmaps/AR0418SR.map 512 512 381 422 162 302 268.71
81 maps/bgmaps/AR0418SR.map 512 512 408 402 97 368 325.08
52 maps/bgmaps/AR0418SR.map 512 512 184 387 375 343 209.23
49 maps/bgmaps/AR0418SR.map 512 512 203 437 342 296 198.58
62 maps/bgmaps/AR0418SR.map 512 512 311 253 112 379 251.19
49 maps/bgmaps/AR0418SR.map 512 512 301 396 152 273 199.95
48 maps/bgmaps/AR0418SR.map 512 512 327 249 234 406 195.52
60 maps/bgmaps/AR0418SR.map 512 512 207 258 414 339 240.55
51 maps/bgmaps/AR0418SR.map 512 512 141 383 235 214 207.94
48 maps/bgmaps/AR0418SR.map 512 512 172 312 352 348 194.91
54 maps/bgmaps/AR0418SR.map 512 512 163 357 335 246 217.98
67 maps/bgmaps/AR0418SR.map 512 512 410 364 157 322 270.40
60 maps/bgmaps/AR0418SR.map 512 512 336 375 128 291 242.79
65 maps/bgmaps/AR0418SR.map 512 512 125 280 335 403 260.95
60 maps/bgmaps/AR0418SR.map 512 512 437 336 212 375 241.15
54 maps/bgmaps/AR0418SR.map 512 512 379 403 167 420 219.04
56 maps/bgmaps/AR0418SR.map 512 512 110 356 313 408 224.54
54 maps/bgmaps/AR0418SR.map 512 512 223 198 126 377 219.18
66 maps/bgmaps/AR0418SR.map 512 512 420 335 167 307 264.60
73 maps/bgmaps/AR0418SR.map 512 512 420 351 155 424 295.24
62 maps/bgmaps/AR0418SR.map 512 512 391 311 154 340 249.01
79 maps/bgmaps/AR0418SR.map 512 512 410 327 115 385 319.02
54 maps/bgmaps/AR0418SR.map 512 512 374 324 166 346 217.11
58 maps/bgmaps/AR0418SR.map 512 512 162 394 391 405 233.56
61 maps/bgmaps/AR0418SR.map 512 512 223 206 171 432 247.54
54 maps/bgmaps/AR0418SR.map 512 512 296 232 127 355 219.95
54 maps/bgmaps/AR0418SR.map 512 512 213 221 315 398 219.25
56 maps/bgmaps/AR0418SR.map 512 512 245 248 286 456 224.98
65 maps/bgmaps/AR0418SR.map 512 512 137 293 384 333 263.57
63 maps/bgmaps/AR0418SR.map 512 512 428 342 187 375 254.67
74 maps/bgmaps/AR0418SR.map 512 512 382 388 116 307 299.55
63 maps/bgmaps/AR0418SR.map 512 512 161 352 413 359 254.90
63 maps/bgmaps/AR0418SR.map 512 512 311 445 92 356 255.87
56 maps/bgmaps/AR0418SR.map 512 512 366 332 157 371 225.15
72 maps/bgmaps/AR0418SR.map 512 512 107 342 379 302 288.57
64 maps/bgmaps/AR0418SR.map 512 512 176 434 275 216 259.01
62 maps/bgmaps/AR0418SR.map 512 512 141 382 386 398 251.63
63 maps/bgmaps/AR0418SR.map 512 512 402 373 186 283 253.28
56 maps/bgmaps/AR0418SR.map 512 512 377 297 164 271 227.08
65 maps/bgmaps/AR0418SR.map 512 512 335 416 120 306 260.56
62 maps/bgmaps/AR0418SR.map 512 512 160 272 339 448 251.90
69 maps/bgmaps/AR0418SR.map 512 512 121 335 378 387 278.54
65 maps/bgmaps/AR0418SR.map 512 512 359 373 104 386 260.38
57 maps/bgmaps/AR0418SR.map 512 512 96 355 301 419 231.51
60 maps/bgmaps/AR0418SR.map 512 512 407 324 203 233 241.69
61 maps/bgmaps/AR0418SR.map 512 512 339 413 104 383 247.43
59 maps/bgmaps/AR0418SR.map 512 512 144 335 351 410 238.07
66 maps/bgmaps/AR0418SR.map 512 512 376 434 169 310 266.56
63 maps/bgmaps/AR0418SR.map 512 512 394 394 171 315 255.72
68 maps/bgmaps/AR0418SR.map 512 512 162 308 401 394 274.62
68 maps/bgmaps/AR0418SR.map 512 512 434 328 161 328 273.00
66 maps/bgmaps/AR0418SR.map 512 512 123 357 379 334 265.53
65 maps/bgmaps/AR0418SR.map 512 512 125 338 346 436 261.59
60 maps/bgmaps/AR0418SR.map 512 512 124 323 362 329 240.49
60 maps/bgmaps/AR0418SR.map 512 512 327 328 100 366 242.74
63 maps/bgmaps/AR0418SR.map 512 512 159 421 363 305 252.05
61 maps/bgmaps/AR0418SR.map 512 512 176 428 405 383 247.64
61 maps/bgmaps/AR0418SR.map 512 512 369 409 165 303 247.91
68 maps/bgmaps/AR0418SR.map 512 512 436 340 214 214 274.19
70 maps/bgmaps/AR0418SR.map 512 512 176 246 399 387 281.40
59 maps/bgmaps/AR0418SR.map 512 512 288 454 191 255 239.18
61 maps/bgmaps/AR0418SR.map 512 512 105 387 285 226 246.69
66 maps/bgmaps/AR0418SR.map 512 512 368 388 108 377 264.56
72 maps/bgmaps/AR0418SR.map 512 512 125 397 378 311 288.62
64 maps/bgmaps/AR0418SR.map 512 512 342 414 110 354 256.85
67 maps/bgmaps/AR0418SR.map 512 512 374 323 117 355 270.25
68 maps/bgmaps/AR0418SR.map 512 512 383 382 128 334 274.88
71 maps/bgmaps/AR0418SR.map 512 512 98 350 373 327 284.53
64 maps/bgmaps/AR0418SR.map 512 512 128 393 325 250 256.23
83 maps/bgmaps/AR0418SR.map 512 512 121 356 437 309 335.47
67 maps/bgmaps/AR0418SR.map 512 512 105 370 353 423 269.95
64 maps/bgmaps/AR0418SR.map 512 512 173 413 303 210 256.85
67 maps/bgmaps/AR0418SR.map 512 512 207 218 419 358 270.58
70 maps/bgmaps/AR0418SR.map 512 512 178 265 429 343 283.31
70 maps/bgmaps/AR0418SR.map 512 512 115 307 373 368 283.27
74 maps/bgmaps/AR0418SR.map 512 512 408 365 113 375 299.14
64 maps/bgmaps/AR0418SR.map 512 512 163 340 393 405 256.92
61 maps/bgmaps/AR0418SR.map 512 512 143 361 381 385 247.94
74 maps/bgmaps/AR0418SR.map 512 512 149 421 415 340 299.55
61 maps/bgmaps/AR0418SR.map 512 512 333 411 113 345 247.34
61 maps/bgmaps/AR0418SR.map 512 512 244 225 328 438 247.79
71 maps/bgmaps/AR0418SR.map 512 512 135 313 416 321 284.31
71 maps/bgmaps/AR0418SR.map 512 512 126 357 409 367 287.14
68 maps/bgmaps/AR0418SR.map 512 512 400 302 138 335 275.67
68 maps/bgmaps/AR0418SR.map 512 512 187 290 438 341 272.12
75 maps/bgmaps/AR0418SR.map 512 512 405 322 126 381 303.44
67 maps/bgmaps/AR0418SR.map 512 512 112 386 374 408 271.11
65 maps/bgmaps/AR0418SR.map 512 512 133 339 380 307 260.25
67 maps/bgmaps/AR0418SR.map 512 512 412 350 150 332 269.46
68 maps/bgmaps/AR0418SR.map 512 512 158 324 427 315 272.73
67 maps/bgmaps/AR0418SR.map 512 512 426 311 201 419 269.74
83 maps/bgmaps/AR0418SR.map 512 512 105 387 407 314 332.24
73 maps/bgmaps/AR0418SR.map 512 512 388 309 135 404 292.35
66 maps/bgmaps/AR0418SR.map 512 512 326 454 126 290 267.93
66 maps/bgmaps/AR0418SR.map 512 512 165 256 406 319 267.10
70 maps/bgmaps/AR0418SR.map 512 512 403 316 121 316 282.00
69 maps/bgmaps/AR0418SR.map 512 512 389 334 113 341 278.90
74 maps/bgmaps/AR0418SR.map 512 512 156 383 427 320 297.10
79 maps/bgmaps/AR0418SR.map 512 512 402 408 112 345 316.10
70 maps/bgmaps/AR0418SR.map 512 512 135 363 414 358 281.07
76 maps/bgmaps/AR0418SR.map 512 512 110 364 390 300 306.51
71 maps/bgmaps/AR0418SR.map 512 512 140 394 404 344 284.71
65 maps/bgmaps/AR0418SR.map 512 512 200 264 423 354 260.28
84 maps/bgmaps/AR0418SR.map 512 512 429 309 115 369 338.85
73 maps/bgmaps/AR0418SR.map 512 512 365 421 99 356 292.92
65 maps/bgmaps/AR0418SR.map 512 512 383 350 129 372 263.11
61 maps/bgmaps/AR0418SR.map 512 512 351 361 138 277 247.79
78 maps/bgmaps/AR0418SR.map 512 512 117 390 406 331 313.44
79 maps/bgmaps/AR0418SR.map 512 512 388 325 98 388 316.10
80 maps/bgmaps/AR0418SR.map 512 512 394 406 116 296 323.56
68 maps/bgmaps/AR0418SR.map 512 512 433 328 214 193 274.92
60 maps/bgmaps/AR0418SR.map 512 512 392 337 175 275 242.68
74 maps/bgmaps/AR0418SR.map 512 512 392 320 120 387 299.75
60 maps/bgmaps/AR0418SR.map 512 512 369 389 134 368 243.70
80 maps/bgmaps/AR0418SR.map 512 512 395 306 102 374 321.17
70 maps/bgmaps/AR0418SR.map 512 512 136 276 408 304 283.60
83 maps/bgmaps/AR0418SR.map 512 512 437 336 123 291 332.64
70 maps/bgmaps/AR0418SR.map 512 512 94 359 366 331 283.60
70 maps/bgmaps/AR0418SR.map 512 512 385 323 128 381 281.02
77 maps/bgmaps/AR0418SR.map 512 512 407 335 104 353 310.46
78 maps/bgmaps/AR0418SR.map 512 512 423 337 122 304 314.67
70 maps/bgmaps/AR0418SR.map 512 512 406 319 149 379 281.85
72 maps/bgmaps/AR0418SR.map 512 512 149 283 387 413 291.85
74 maps/bgmaps/AR0418SR.map 512 512 145 311 406 396 296.21
71 maps/bgmaps/AR0418SR.map 512 512 157 288 403 380 284.11
73 maps/bgmaps/AR0418SR.map 512 512 382 408 134 299 293.15
72 maps/bgmaps/AR0418SR.map 512 512 393 397 139 307 291.28
72 maps/bgmaps/AR0418SR.map 512 512 403 401 132 358 288.81
71 maps/bgmaps/AR0418SR.map 512 512 152 333 429 316 284.04
81 maps/bgmaps/AR0418SR.map 512 512 398 387 110 296 325.69
72 maps/bgmaps/AR0418SR.map 512 512 398 381 151 278 289.66
69 maps/bgmaps/AR0418SR.map 512 512 384 344 125 393 279.30
69 maps/bgmaps/AR0418SR.map 512 512 160 346 426 314 279.25
83 maps/bgmaps/AR0418SR.map 512 512 133 384 436 313 332.41
81 maps/bgmaps/AR0418SR.map 512 512 435 334 116 318 325.63
71 maps/bgmaps/AR0418SR.map 512 512 314 443 222 197 284.11
69 maps/bgmaps/AR0418SR.map 512 512 101 364 372 349 277.21
71 maps/bgmaps/AR0418SR.map 512 512 129 341 387 410 286.58
76 maps/bgmaps/AR0418SR.map 512 512 100 369 392 400 304.84
72 maps/bgmaps/AR0418SR.map 512 512 128 287 394 343 289.20
76 maps/bgmaps/AR0418SR.map 512 512 120 282 386 382 307.42
69 maps/bgmaps/AR0418SR.map 512 512 173 254 382 422 278.59
83 maps/bgmaps/AR0418SR.map 512 512 100 368 419 334 333.08
72 maps/bgmaps/AR0418SR.map 512 512 133 377 405 331 291.05
69 maps/bgmaps/AR0418SR.map 512 512 157 294 415 347 279.95
69 maps/bgmaps/AR0418SR.map 512 512 370 374 95 364 279.14
76 maps/bgmaps/AR0418SR.map 512 512 126 319 426 338 307.87
76 maps/bgmaps/AR0418SR.map 512 512 372 417 122 283 306.09
74 maps/bgmaps/AR0418SR.map 512 512 116 285 399 319 297.08
76 maps/bgmaps/AR0418SR.map 512 512 376 398 120 280 304.88
81 maps/bgmaps/AR0418SR.map 512 512 112 315 405 394 325.72
80 maps/bgmaps/AR0418SR.map 512 512 431 309 156 421 321.39
74 maps/bgmaps/AR0418SR.map 512 512 138 389 420 348 298.98
78 maps/bgmaps/AR0418SR.map 512 512 422 342 121 374 314.25
74 maps/bgmaps/AR0418SR.map 512 512 412 353 136 409 299.20
75 maps/bgmaps/AR0418SR.map 512 512 389 373 119 294 302.72
76 maps/bgmaps/AR0418SR.map 512 512 386 397 92 370 305.18
77 maps/bgmaps/AR0418SR.map 512 512 385 388 111 303 309.21
74 maps/bgmaps/AR0418SR.map 512 512 141 335 434 322 298.38
77 maps/bgmaps/AR0418SR.map 512 512 101 349 393 391 309.40
75 maps/bgmaps/AR0418SR.map 512 512 151 285 430 340 301.78
76 maps/bgmaps/AR0418SR.map 512 512 103 356 407 358 304.83
75 maps/bgmaps/AR0418SR.map 512 512 400 402 156 262 301.99
76 maps/bgmaps/AR0418SR.map 512 512 411 320 138 402 306.97
90 maps/bgmaps/AR0418SR.map 512 512 92 358 438 315 363.81
76 maps/bgmaps/AR0418SR.map 512 512 416 359 114 364 304.07
81 maps/bgmaps/AR0418SR.map 512 512 418 323 123 395 324.82
77 maps/bgmaps/AR0418SR.map 512 512 149 401 425 320 309.55
75 maps/bgmaps/AR0418SR.map 512 512 430 331 127 329 303.83
77 maps/bgmaps/AR0418SR.map 512 512 134 285 414 359 310.65
79 maps/bgmaps/AR0418SR.map 512 512 164 421 437 312 318.15
75 maps/bgmaps/AR0418SR.map 512 512 138 330 437 334 300.66
78 maps/bgmaps/AR0418SR.map 512 512 438 331 124 329 314.83
84 maps/bgmaps/AR0418SR.map 512 512 421 320 112 393 339.24
79 maps/bgmaps/AR0418SR.map 512 512 433 329 130 368 319.15
75 maps/bgmaps/AR0418SR.map 512 512 398 394 126 317 303.89
77 maps/bgmaps/AR0418SR.map 512 512 112 303 379 406 309.66
79 maps/bgmaps/AR0418SR.map 512 512 436 327 145 394 318.75
81 maps/bgmaps/AR0418SR.map 512 512 106 377 421 350 326.18
77 maps/bgmaps/AR0418SR.map 512 512 435 332 126 332 309.00
75 maps/bgmaps/AR0418SR.map 512 512 126 288 381 405 303.46
79 maps/bgmaps/AR0418SR.map 512 512 124 285 388 416 318.26
75 maps/bgmaps/AR0418SR.map 512 512 392 330 106 366 300.91
78 maps/bgmaps/AR0418SR.map 512 512 103 363 399 324 312.15
81 maps/bgmaps/AR0418SR.map 512 512 410 315 99 356 327.98
80 maps/bgmaps/AR0418SR.map 512 512 117 366 417 309 323.61
77 maps/bgmaps/AR0418SR.map 512 512 118 320 427 323 310.24
80 maps/bgmaps/AR0418SR.map 512 512 410 362 98 389 323.18
78 maps/bgmaps/AR0418SR.map 512 512 409 333 114 375 312.40
79 maps/bgmaps/AR0418SR.map 512 512 103 357 407 322 318.50
78 maps/bgmaps/AR0418SR.map 512 512 429 320 117 317 313.24
80 maps/bgmaps/AR0418SR.map 512 512 110 293 411 342 321.30
84 maps/bgmaps/AR0418SR.map 512 512 101 380 426 353 336.18
78 maps/bgmaps/AR0418SR.map 512 512 416 308 119 352 315.23
80 maps/bgmaps/AR0418SR.map 512 512 422 350 119 303 322.47
78 maps/bgmaps/AR0418SR.map 512 512 411 302 132 391 315.87
84 maps/bgmaps/AR0418SR.map 512 512 411 323 96 380 338.61
80 maps/bgmaps/AR0418SR.map 512 512 423 337 114 306 321.84
90 maps/bgmaps/AR0418SR.map 512 512 429 313 96 380 360.75
80 maps/bgmaps/AR0418SR.map 512 512 429 318 125 365 323.47
83 maps/bgmaps/AR0418SR.map 512 512 114 290 399 409 334.29
78 maps/bgmaps/AR0418SR.map 512 512 408 385 105 363 312.11
82 maps/bgmaps/AR0418SR.map 512 512 136 408 431 320 331.45
84 maps/bgmaps/AR0418SR.map 512 512 125 383 438 325 337.02
80 maps/bgmaps/AR0418SR.map 512 512 100 388 408 355 321.67
84 maps/bgmaps/AR0418SR.map 512 512 95 373 402 301 336.82
83 maps/bgmaps/AR0418SR.map 512 512 92 371 404 321 332.71
79 maps/bgmaps/AR0418SR.map 512 512 434 321 152 404 316.38
83 maps/bgmaps/AR0418SR.map 512 512 433 329 107 349 334.28
82 maps/bgmaps/AR0418SR.map 512 512 127 385 429 314 331.41
81 maps/bgmaps/AR0418SR.map 512 512 125 367 429 311 327.20
83 maps/bgmaps/AR0418SR.map 512 512 437 321 115 295 332.77
82 maps/bgmaps/AR0418SR.map 512 512 431 345 116 306 331.15
81 maps/bgmaps/AR0418SR.map 512 512 118 359 434 337 325.11
82 maps/bgmaps/AR0418SR.map 512 512 107 379 414 321 331.02
86 maps/bgmaps/AR0418SR.map 512 512 104 377 433 332 347.64
86 maps/bgmaps/AR0418SR.map 512 512 105 379 433 331 347.88
82 maps/bgmaps/AR0418SR.map 512 512 434 325 117 359 331.08
85 maps/bgmaps/AR0418SR.map 512 512 104 388 417 318 341.99
81 maps/bgmaps/AR0418SR.map 512 512 423 352 117 308 324.23
84 maps/bgmaps/AR0418SR.map 512 512 98 358 425 333 337.36
83 maps/bgmaps/AR0418SR.map 512 512 432 314 135 407 335.52
86 maps/bgmaps/AR0418SR.map 512 512 95 379 414 313 346.34
85 maps/bgmaps/AR0418SR.map 512 512 427 316 100 356 343.57
82 maps/bgmaps/AR0418SR.map 512 512 113 306 437 322 330.63
82 maps/bgmaps/AR0418SR.map 512 512 131 381 432 309 330.82
82 maps/bgmaps/AR0418SR.map 512 512 120 371 437 337 331.08
85 maps/bgmaps/AR0418SR.map 512 512 101 387 407 304 340.38
82 maps/bgmaps/AR0418SR.map 512 512 115 306 432 341 331.50
88 maps/bgmaps/AR0418SR.map 512 512 435 310 113 384 352.65
84 maps/bgmaps/AR0418SR.map 512 512 434 338 110 367 336.01
85 maps/bgmaps/AR0418SR.map 512 512 120 380 438 322 342.02
87 maps/bgmaps/AR0418SR.map 512 512 437 315 100 351 351.91
82 maps/bgmaps/AR0418SR.map 512 512 430 312 110 336 329.94
85 maps/bgmaps/AR0418SR.map 512 512 103 362 435 334 343.60
84 maps/bgmaps/AR0418SR.map 512 512 105 379 425 340 336.15
84 maps/bgmaps/AR0418SR.map 512 512 126 389 429 308 336.55
85 maps/bgmaps/AR0418SR.map 512 512 423 346 92 371 341.36
87 maps/bgmaps/AR0418SR.map 512 512 105 371 435 319 351.54
86 maps/bgmaps/AR0418SR.map 512 512 425 318 102 370 344.54
87 maps/bgmaps/AR0418SR.map 512 512 99 374 431 334 348.57
85 maps/bgmaps/AR0418SR.map 512 512 438 329 109 359 341.43
86 maps/bgmaps/AR0418SR.map 512 512 94 357 424 323 344.08
88 maps/bgmaps/AR0418SR.map 512 512 437 331 99 370 354.15
85 maps/bgmaps/AR0418SR.map 512 512 415 314 97 374 342.85
86 maps/bgmaps/AR0418SR.map 512 512 422 323 100 385 347.68
86 maps/bgmaps/AR0418SR.map 512 512 436 313 108 354 344.98
85 maps/bgmaps/AR0418SR.map 512 512 110 357 437 319 342.74
86 maps/bgmaps/AR0418SR.map 512 512 107 378 434 335 344.81
