version 1.0
29 maps/bgmaps/AR0506SR.map 512 512 342 366 375 260 119.67
12 maps/bgmaps/AR0506SR.map 512 512 340 347 292 352 50.07
54 maps/bgmaps/AR0506SR.map 512 512 313 403 321 197 219.25
64 maps/bgmaps/AR0506SR.map 512 512 425 244 208 343 258.01
33 maps/bgmaps/AR0506SR.map 512 512 140 228 247 293 133.92
45 maps/bgmaps/AR0506SR.map 512 512 169 279 337 308 181.67
21 maps/bgmaps/AR0506SR.map 512 512 289 252 359 285 87.77
7 maps/bgmaps/AR0506SR.map 512 512 267 426 288 406 29.28
13 maps/bgmaps/AR0506SR.map 512 512 200 310 246 329 53.87
71 maps/bgmaps/AR0506SR.map 512 512 339 176 108 304 286.95
31 maps/bgmaps/AR0506SR.map 512 512 255 105 290 214 126.81
52 maps/bgmaps/AR0506SR.map 512 512 353 174 285 354 208.17
27 maps/bgmaps/AR0506SR.map 512 512 354 182 283 262 109.41
37 maps/bgmaps/AR0506SR.map 512 512 307 171 186 162 150.41
77 maps/bgmaps/AR0506SR.map 512 512 265 466 151 205 309.05
39 maps/bgmaps/AR0506SR.map 512 512 329 285 204 366 159.14
35 maps/bgmaps/AR0506SR.map 512 512 170 305 229 234 143.64
17 maps/bgmaps/AR0506SR.map 512 512 317 310 377 287 69.53
58 maps/bgmaps/AR0506SR.map 512 512 144 282 230 439 235.67
39 maps/bgmaps/AR0506SR.map 512 512 147 233 182 344 157.14
47 maps/bgmaps/AR0506SR.map 512 512 173 288 330 343 188.89
42 maps/bgmaps/AR0506SR.map 512 512 207 262 303 391 168.76
26 maps/bgmaps/AR0506SR.map 512 512 97 230 197 249 107.87
38 maps/bgmaps/AR0506SR.map 512 512 325 355 206 408 154.27
85 maps/bgmaps/AR0506SR.map 512 512 174 140 316 424 342.82
67 maps/bgmaps/AR0506SR.map 512 512 126 288 206 149 269.85
39 maps/bgmaps/AR0506SR.map 512 512 343 195 250 316 159.52
45 maps/bgmaps/AR0506SR.map 512 512 325 390 242 248 180.48
20 maps/bgmaps/AR0506SR.map 512 512 323 136 253 109 81.18
41 maps/bgmaps/AR0506SR.map 512 512 242 275 232 136 165.23
60 maps/bgmaps/AR0506SR.map 512 512 320 212 283 437 241.15
11 maps/bgmaps/AR0506SR.map 512 512 174 398 139 371 46.18
69 maps/bgmaps/AR0506SR.map 512 512 99 224 349 290 277.34
50 maps/bgmaps/AR0506SR.map 512 512 199 255 367 340 203.21
14 maps/bgmaps/AR0506SR.map 512 512 304 285 259 317 58.25
72 maps/bgmaps/AR0506SR.map 512 512 145 289 261 123 291.76
42 maps/bgmaps/AR0506SR.map 512 512 252 271 191 416 170.27
25 maps/bgmaps/AR0506SR.map 512 512 231 415 230 330 102.57
43 maps/bgmaps/AR0506SR.map 512 512 227 230 357 334 173.08
65 maps/bgmaps/AR0506SR.map 512 512 162 311 396 249 261.10
59 maps/bgmaps/AR0506SR.map 512 512 135 322 210 186 236.28
81 maps/bgmaps/AR0506SR.map 512 512 64 272 334 384 325.61
37 maps/bgmaps/AR0506SR.map 512 512 376 362 301 243 150.07
57 maps/bgmaps/AR0506SR.map 512 512 208 209 315 392 228.49
19 maps/bgmaps/AR0506SR.map 512 512 395 248 383 321 77.97
59 maps/bgmaps/AR0506SR.map 512 512 199 429 137 300 236.40
53 maps/bgmaps/AR0506SR.map 512 512 129 315 150 374 215.91
81 maps/bgmaps/AR0506SR.map 512 512 443 271 214 411 327.48
77 maps/bgmaps/AR0506SR.map 512 512 423 261 160 358 311.08
22 maps/bgmaps/AR0506SR.map 512 512 196 321 217 403 90.70
50 maps/bgmaps/AR0506SR.map 512 512 142 280 198 204 202.95
20 maps/bgmaps/AR0506SR.map 512 512 254 425 330 408 83.04
62 maps/bgmaps/AR0506SR.map 512 512 199 179 194 385 249.49
28 maps/bgmaps/AR0506SR.map 512 512 256 311 160 270 112.98
51 maps/bgmaps/AR0506SR.map 512 512 336 306 163 229 204.89
33 maps/bgmaps/AR0506SR.map 512 512 315 348 263 237 132.54
21 maps/bgmaps/AR0506SR.map 512 512 207 273 155 208 86.54
25 maps/bgmaps/AR0506SR.map 512 512 187 194 274 227 100.67
50 maps/bgmaps/AR0506SR.map 512 512 436 293 263 266 202.99
57 maps/bgmaps/AR0506SR.map 512 512 322 187 325 400 231.64
45 maps/bgmaps/AR0506SR.map 512 512 203 159 356 169 180.34
47 maps/bgmaps/AR0506SR.map 512 512 271 282 110 341 189.58
10 maps/bgmaps/AR0506SR.map 512 512 271 448 297 417 41.77
23 maps/bgmaps/AR0506SR.map 512 512 211 321 278 257 93.51
26 maps/bgmaps/AR0506SR.map 512 512 352 337 295 253 107.61
9 maps/bgmaps/AR0506SR.map 512 512 297 233 268 210 38.53
26 maps/bgmaps/AR0506SR.map 512 512 217 299 230 215 107.47
49 maps/bgmaps/AR0506SR.map 512 512 185 181 198 333 199.63
54 maps/bgmaps/AR0506SR.map 512 512 317 169 372 350 217.04
41 maps/bgmaps/AR0506SR.map 512 512 317 185 276 336 167.98
81 maps/bgmaps/AR0506SR.map 512 512 298 142 244 425 327.61
61 maps/bgmaps/AR0506SR.map 512 512 297 130 181 287 245.45
53 maps/bgmaps/AR0506SR.map 512 512 142 190 268 213 214.62
9 maps/bgmaps/AR0506SR.map 512 512 198 352 230 333 39.87
61 maps/bgmaps/AR0506SR.map 512 512 421 314 272 435 244.59
61 maps/bgmaps/AR0506SR.map 512 512 129 311 334 340 245.18
6 maps/bgmaps/AR0506SR.map 512 512 329 153 348 173 27.87
78 maps/bgmaps/AR0506SR.map 512 512 95 287 309 144 312.48
17 maps/bgmaps/AR0506SR.map 512 512 184 140 204 200 68.28
52 maps/bgmaps/AR0506SR.map 512 512 157 276 332 359 209.38
45 maps/bgmaps/AR0506SR.map 512 512 140 297 287 339 180.97
22 maps/bgmaps/AR0506SR.map 512 512 259 130 208 183 89.36
79 maps/bgmaps/AR0506SR.map 512 512 271 468 153 200 317.71
57 maps/bgmaps/AR0506SR.map 512 512 307 390 317 169 230.11
90 maps/bgmaps/AR0506SR.map 512 512 255 464 275 131 363.65
67 maps/bgmaps/AR0506SR.map 512 512 316 379 256 141 269.88
86 maps/bgmaps/AR0506SR.map 512 512 243 89 299 410 346.68
48 maps/bgmaps/AR0506SR.map 512 512 173 301 310 191 194.87
61 maps/bgmaps/AR0506SR.map 512 512 202 185 113 260 246.02
15 maps/bgmaps/AR0506SR.map 512 512 296 404 333 359 60.33
11 maps/bgmaps/AR0506SR.map 512 512 137 251 130 293 44.90
7 maps/bgmaps/AR0506SR.map 512 512 224 298 238 274 29.80
74 maps/bgmaps/AR0506SR.map 512 512 105 322 203 157 298.18
15 maps/bgmaps/AR0506SR.map 512 512 94 289 125 340 63.84
61 maps/bgmaps/AR0506SR.map 512 512 296 236 242 456 247.34
72 maps/bgmaps/AR0506SR.map 512 512 428 297 198 383 288.84
35 maps/bgmaps/AR0506SR.map 512 512 211 337 339 308 140.01
64 maps/bgmaps/AR0506SR.map 512 512 308 120 211 337 258.01
12 maps/bgmaps/AR0506SR.map 512 512 205 364 199 412 50.49
14 maps/bgmaps/AR0506SR.map 512 512 355 380 306 363 56.04
31 maps/bgmaps/AR0506SR.map 512 512 241 444 196 336 126.64
17 maps/bgmaps/AR0506SR.map 512 512 316 398 266 447 70.30
66 maps/bgmaps/AR0506SR.map 512 512 205 317 433 282 264.54
57 maps/bgmaps/AR0506SR.map 512 512 308 185 187 363 228.12
77 maps/bgmaps/AR0506SR.map 512 512 160 390 185 144 309.37
31 maps/bgmaps/AR0506SR.map 512 512 233 313 304 216 126.41
55 maps/bgmaps/AR0506SR.map 512 512 398 308 219 209 220.01
35 maps/bgmaps/AR0506SR.map 512 512 209 325 129 240 142.05
44 maps/bgmaps/AR0506SR.map 512 512 172 243 199 210 177.34
49 maps/bgmaps/AR0506SR.map 512 512 260 142 318 309 196.30
41 maps/bgmaps/AR0506SR.map 512 512 201 207 324 313 166.91
51 maps/bgmaps/AR0506SR.map 512 512 178 285 238 438 205.23
58 maps/bgmaps/AR0506SR.map 512 512 330 228 453 291 235.18
71 maps/bgmaps/AR0506SR.map 512 512 402 329 186 164 284.35
16 maps/bgmaps/AR0506SR.map 512 512 144 278 86 301 67.53
61 maps/bgmaps/AR0506SR.map 512 512 252 422 132 274 247.74
55 maps/bgmaps/AR0506SR.map 512 512 158 245 329 369 222.36
77 maps/bgmaps/AR0506SR.map 512 512 399 270 252 87 308.51
18 maps/bgmaps/AR0506SR.map 512 512 208 247 166 302 72.40
44 maps/bgmaps/AR0506SR.map 512 512 206 364 154 211 178.68
21 maps/bgmaps/AR0506SR.map 512 512 196 319 171 280 85.36
81 maps/bgmaps/AR0506SR.map 512 512 106 280 413 236 326.05
54 maps/bgmaps/AR0506SR.map 512 512 140 328 246 192 218.65
71 maps/bgmaps/AR0506SR.map 512 512 157 307 264 124 284.98
84 maps/bgmaps/AR0506SR.map 512 512 443 265 140 324 336.55
24 maps/bgmaps/AR0506SR.map 512 512 407 318 323 310 96.43
68 maps/bgmaps/AR0506SR.map 512 512 98 248 182 193 273.31
10 maps/bgmaps/AR0506SR.map 512 512 266 304 227 308 40.66
61 maps/bgmaps/AR0506SR.map 512 512 356 332 146 243 246.87
38 maps/bgmaps/AR0506SR.map 512 512 229 335 228 199 152.98
25 maps/bgmaps/AR0506SR.map 512 512 222 409 231 321 101.67
44 maps/bgmaps/AR0506SR.map 512 512 142 314 246 220 177.05
44 maps/bgmaps/AR0506SR.map 512 512 220 289 203 150 176.51
51 maps/bgmaps/AR0506SR.map 512 512 286 221 183 383 204.66
57 maps/bgmaps/AR0506SR.map 512 512 318 321 165 154 230.37
64 maps/bgmaps/AR0506SR.map 512 512 200 163 394 251 258.68
67 maps/bgmaps/AR0506SR.map 512 512 379 297 129 301 268.23
44 maps/bgmaps/AR0506SR.map 512 512 184 317 327 231 178.62
29 maps/bgmaps/AR0506SR.map 512 512 291 345 301 231 118.14
32 maps/bgmaps/AR0506SR.map 512 512 257 243 366 194 129.30
101 maps/bgmaps/AR0506SR.map 512 512 247 448 244 88 406.81
52 maps/bgmaps/AR0506SR.map 512 512 208 362 95 244 211.81
38 maps/bgmaps/AR0506SR.map 512 512 244 194 180 271 155.04
8 maps/bgmaps/AR0506SR.map 512 512 224 430 200 408 33.11
53 maps/bgmaps/AR0506SR.map 512 512 211 342 397 324 214.17
40 maps/bgmaps/AR0506SR.map 512 512 319 167 296 321 163.53
64 maps/bgmaps/AR0506SR.map 512 512 380 257 158 345 258.45
4 maps/bgmaps/AR0506SR.map 512 512 299 421 293 406 17.49
48 maps/bgmaps/AR0506SR.map 512 512 305 375 337 199 192.57
22 maps/bgmaps/AR0506SR.map 512 512 113 351 178 292 89.44
43 maps/bgmaps/AR0506SR.map 512 512 309 234 311 399 172.46
32 maps/bgmaps/AR0506SR.map 512 512 297 402 190 381 128.12
71 maps/bgmaps/AR0506SR.map 512 512 75 283 347 297 287.01
37 maps/bgmaps/AR0506SR.map 512 512 178 185 313 226 151.98
81 maps/bgmaps/AR0506SR.map 512 512 340 376 61 282 325.39
40 maps/bgmaps/AR0506SR.map 512 512 300 276 176 370 162.94
14 maps/bgmaps/AR0506SR.map 512 512 305 282 285 232 58.28
45 maps/bgmaps/AR0506SR.map 512 512 313 191 194 321 182.22
71 maps/bgmaps/AR0506SR.map 512 512 116 332 327 175 286.58
26 maps/bgmaps/AR0506SR.map 512 512 161 303 63 282 106.70
16 maps/bgmaps/AR0506SR.map 512 512 142 366 192 331 64.50
21 maps/bgmaps/AR0506SR.map 512 512 353 190 274 206 85.63
70 maps/bgmaps/AR0506SR.map 512 512 107 283 326 167 282.87
22 maps/bgmaps/AR0506SR.map 512 512 215 175 253 251 91.74
50 maps/bgmaps/AR0506SR.map 512 512 167 242 195 416 200.02
44 maps/bgmaps/AR0506SR.map 512 512 328 401 196 307 176.79
35 maps/bgmaps/AR0506SR.map 512 512 300 365 180 359 141.54
28 maps/bgmaps/AR0506SR.map 512 512 311 282 408 244 112.74
36 maps/bgmaps/AR0506SR.map 512 512 372 260 249 315 146.37
46 maps/bgmaps/AR0506SR.map 512 512 252 304 102 221 186.72
17 maps/bgmaps/AR0506SR.map 512 512 322 180 269 141 69.15
54 maps/bgmaps/AR0506SR.map 512 512 328 161 382 312 219.17
33 maps/bgmaps/AR0506SR.map 512 512 183 252 294 231 135.44
74 maps/bgmaps/AR0506SR.map 512 512 428 243 217 152 298.19
65 maps/bgmaps/AR0506SR.map 512 512 130 269 264 417 261.74
45 maps/bgmaps/AR0506SR.map 512 512 135 299 271 223 182.71
7 maps/bgmaps/AR0506SR.map 512 512 243 315 232 341 30.56
68 maps/bgmaps/AR0506SR.map 512 512 104 281 174 183 274.07
55 maps/bgmaps/AR0506SR.map 512 512 208 386 109 308 220.98
28 maps/bgmaps/AR0506SR.map 512 512 297 286 228 201 113.58
71 maps/bgmaps/AR0506SR.map 512 512 124 294 398 268 285.60
58 maps/bgmaps/AR0506SR.map 512 512 183 363 376 260 235.66
15 maps/bgmaps/AR0506SR.map 512 512 224 215 274 242 61.18
44 maps/bgmaps/AR0506SR.map 512 512 269 332 425 310 178.37
54 maps/bgmaps/AR0506SR.map 512 512 277 448 308 245 216.67
64 maps/bgmaps/AR0506SR.map 512 512 192 395 220 174 258.28
80 maps/bgmaps/AR0506SR.map 512 512 133 265 247 91 323.34
48 maps/bgmaps/AR0506SR.map 512 512 351 347 165 345 194.28
24 maps/bgmaps/AR0506SR.map 512 512 266 233 334 164 97.17
17 maps/bgmaps/AR0506SR.map 512 512 183 377 233 330 69.47
64 maps/bgmaps/AR0506SR.map 512 512 194 129 369 273 259.29
71 maps/bgmaps/AR0506SR.map 512 512 245 450 131 327 284.52
24 maps/bgmaps/AR0506SR.map 512 512 257 202 306 278 96.30
72 maps/bgmaps/AR0506SR.map 512 512 161 377 177 154 289.27
31 maps/bgmaps/AR0506SR.map 512 512 198 157 260 257 125.68
21 maps/bgmaps/AR0506SR.map 512 512 97 236 117 315 87.28
57 maps/bgmaps/AR0506SR.map 512 512 172 356 226 172 231.22
0 maps/bgmaps/AR0506SR.map 512 512 232 130 234 131 2.41
28 maps/bgmaps/AR0506SR.map 512 512 243 275 159 347 113.82
29 maps/bgmaps/AR0506SR.map 512 512 147 323 244 272 118.12
44 maps/bgmaps/AR0506SR.map 512 512 332 166 223 300 179.15
81 maps/bgmaps/AR0506SR.map 512 512 150 298 435 288 324.72
41 maps/bgmaps/AR0506SR.map 512 512 268 301 415 251 167.71
42 maps/bgmaps/AR0506SR.map 512 512 295 236 333 389 168.74
64 maps/bgmaps/AR0506SR.map 512 512 117 279 336 187 257.11
52 maps/bgmaps/AR0506SR.map 512 512 306 304 110 288 211.74
12 maps/bgmaps/AR0506SR.map 512 512 294 306 342 301 50.07
61 maps/bgmaps/AR0506SR.map 512 512 357 210 174 363 246.37
39 maps/bgmaps/AR0506SR.map 512 512 196 140 340 156 158.08
69 maps/bgmaps/AR0506SR.map 512 512 198 411 325 187 276.61
67 maps/bgmaps/AR0506SR.map 512 512 93 280 333 207 270.24
43 maps/bgmaps/AR0506SR.map 512 512 168 362 271 232 172.66
37 maps/bgmaps/AR0506SR.map 512 512 288 250 331 383 150.81
38 maps/bgmaps/AR0506SR.map 512 512 164 247 169 358 153.72
53 maps/bgmaps/AR0506SR.map 512 512 269 315 268 121 215.12
37 maps/bgmaps/AR0506SR.map 512 512 259 220 202 346 149.61
46 maps/bgmaps/AR0506SR.map 512 512 128 308 200 365 184.30
30 maps/bgmaps/AR0506SR.map 512 512 308 237 198 206 122.84
59 maps/bgmaps/AR0506SR.map 512 512 351 197 157 305 238.74
70 maps/bgmaps/AR0506SR.map 512 512 298 162 118 319 280.18
59 maps/bgmaps/AR0506SR.map 512 512 286 347 98 330 238.95
17 maps/bgmaps/AR0506SR.map 512 512 312 198 298 262 69.80
27 maps/bgmaps/AR0506SR.map 512 512 317 239 367 270 110.84
49 maps/bgmaps/AR0506SR.map 512 512 353 209 186 258 198.07
35 maps/bgmaps/AR0506SR.map 512 512 246 289 176 182 142.58
57 maps/bgmaps/AR0506SR.map 512 512 339 293 265 103 230.02
52 maps/bgmaps/AR0506SR.map 512 512 374 256 183 257 210.57
57 maps/bgmaps/AR0506SR.map 512 512 95 237 285 334 230.18
28 maps/bgmaps/AR0506SR.map 512 512 283 221 230 313 113.95
67 maps/bgmaps/AR0506SR.map 512 512 119 293 295 408 271.98
27 maps/bgmaps/AR0506SR.map 512 512 309 321 216 356 109.25
24 maps/bgmaps/AR0506SR.map 512 512 289 324 315 238 96.77
61 maps/bgmaps/AR0506SR.map 512 512 276 312 247 92 246.92
26 maps/bgmaps/AR0506SR.map 512 512 253 289 183 368 107.99
31 maps/bgmaps/AR0506SR.map 512 512 263 306 381 311 125.87
22 maps/bgmaps/AR0506SR.map 512 512 348 286 268 262 89.94
32 maps/bgmaps/AR0506SR.map 512 512 430 251 347 329 130.20
10 maps/bgmaps/AR0506SR.map 512 512 326 353 345 319 41.87
18 maps/bgmaps/AR0506SR.map 512 512 216 181 245 119 74.60
49 maps/bgmaps/AR0506SR.map 512 512 284 136 292 321 197.28
39 maps/bgmaps/AR0506SR.map 512 512 192 194 296 306 156.84
37 maps/bgmaps/AR0506SR.map 512 512 189 325 120 296 151.88
6 maps/bgmaps/AR0506SR.map 512 512 249 81 228 92 25.56
18 maps/bgmaps/AR0506SR.map 512 512 84 237 144 222 73.28
15 maps/bgmaps/AR0506SR.map 512 512 307 314 304 373 60.24
31 maps/bgmaps/AR0506SR.map 512 512 361 191 258 246 125.78
22 maps/bgmaps/AR0506SR.map 512 512 234 317 175 384 91.44
20 maps/bgmaps/AR0506SR.map 512 512 153 314 132 239 83.70
52 maps/bgmaps/AR0506SR.map 512 512 314 387 325 193 209.33
40 maps/bgmaps/AR0506SR.map 512 512 135 183 62 284 160.79
42 maps/bgmaps/AR0506SR.map 512 512 361 362 207 319 171.81
58 maps/bgmaps/AR0506SR.map 512 512 194 399 249 195 232.58
27 maps/bgmaps/AR0506SR.map 512 512 384 260 300 326 111.34
64 maps/bgmaps/AR0506SR.map 512 512 348 378 137 292 259.05
70 maps/bgmaps/AR0506SR.map 512 512 98 335 233 416 283.04
53 maps/bgmaps/AR0506SR.map 512 512 322 210 313 412 215.67
86 maps/bgmaps/AR0506SR.map 512 512 455 292 196 417 346.29
20 maps/bgmaps/AR0506SR.map 512 512 205 282 135 293 81.04
23 maps/bgmaps/AR0506SR.map 512 512 304 419 369 352 93.92
37 maps/bgmaps/AR0506SR.map 512 512 360 357 233 301 150.20
72 maps/bgmaps/AR0506SR.map 512 512 123 315 226 460 289.68
54 maps/bgmaps/AR0506SR.map 512 512 223 418 150 242 218.20
48 maps/bgmaps/AR0506SR.map 512 512 302 381 170 300 193.98
9 maps/bgmaps/AR0506SR.map 512 512 331 310 308 340 39.53
4 maps/bgmaps/AR0506SR.map 512 512 231 345 216 351 17.49
20 maps/bgmaps/AR0506SR.map 512 512 266 222 264 303 81.83
70 maps/bgmaps/AR0506SR.map 512 512 86 278 326 186 282.79
39 maps/bgmaps/AR0506SR.map 512 512 291 351 155 377 159.20
17 maps/bgmaps/AR0506SR.map 512 512 339 380 326 316 69.38
40 maps/bgmaps/AR0506SR.map 512 512 272 265 128 305 160.57
46 maps/bgmaps/AR0506SR.map 512 512 426 301 258 312 187.57
30 maps/bgmaps/AR0506SR.map 512 512 272 290 295 179 120.53
66 maps/bgmaps/AR0506SR.map 512 512 175 298 249 119 266.38
28 maps/bgmaps/AR0506SR.map 512 512 228 325 324 286 112.15
53 maps/bgmaps/AR0506SR.map 512 512 165 364 104 286 212.68
38 maps/bgmaps/AR0506SR.map 512 512 348 163 264 281 152.79
66 maps/bgmaps/AR0506SR.map 512 512 156 285 280 128 267.89
74 maps/bgmaps/AR0506SR.map 512 512 374 357 116 258 299.01
32 maps/bgmaps/AR0506SR.map 512 512 324 310 209 274 129.91
42 maps/bgmaps/AR0506SR.map 512 512 333 177 355 265 169.54
42 maps/bgmaps/AR0506SR.map 512 512 239 216 142 264 169.04
61 maps/bgmaps/AR0506SR.map 512 512 269 106 265 329 245.37
40 maps/bgmaps/AR0506SR.map 512 512 166 297 284 357 160.59
30 maps/bgmaps/AR0506SR.map 512 512 78 299 188 273 120.77
62 maps/bgmaps/AR0506SR.map 512 512 167 279 271 459 248.41
19 maps/bgmaps/AR0506SR.map 512 512 195 134 266 142 77.38
43 maps/bgmaps/AR0506SR.map 512 512 236 311 89 302 172.61
3 maps/bgmaps/AR0506SR.map 512 512 315 206 301 205 14.41
62 maps/bgmaps/AR0506SR.map 512 512 115 309 185 411 249.92
23 maps/bgmaps/AR0506SR.map 512 512 319 334 248 276 95.02
25 maps/bgmaps/AR0506SR.map 512 512 342 271 350 370 102.31
1 maps/bgmaps/AR0506SR.map 512 512 295 426 289 424 6.83
53 maps/bgmaps/AR0506SR.map 512 512 184 396 363 342 212.78
38 maps/bgmaps/AR0506SR.map 512 512 259 244 134 290 154.01
35 maps/bgmaps/AR0506SR.map 512 512 259 205 179 279 143.46
56 maps/bgmaps/AR0506SR.map 512 512 226 425 137 277 224.94
26 maps/bgmaps/AR0506SR.map 512 512 178 387 264 435 105.88
29 maps/bgmaps/AR0506SR.map 512 512 346 192 264 275 116.97
10 maps/bgmaps/AR0506SR.map 512 512 366 346 327 342 40.66
48 maps/bgmaps/AR0506SR.map 512 512 301 399 266 220 194.33
25 maps/bgmaps/AR0506SR.map 512 512 221 341 219 433 100.28
4 maps/bgmaps/AR0506SR.map 512 512 119 244 118 263 19.41
18 maps/bgmaps/AR0506SR.map 512 512 353 294 278 293 75.41
37 maps/bgmaps/AR0506SR.map 512 512 201 307 244 195 148.54
8 maps/bgmaps/AR0506SR.map 512 512 213 279 202 251 32.56
38 maps/bgmaps/AR0506SR.map 512 512 212 314 309 406 155.02
64 maps/bgmaps/AR0506SR.map 512 512 230 202 81 304 258.54
66 maps/bgmaps/AR0506SR.map 512 512 177 377 301 162 266.36
68 maps/bgmaps/AR0506SR.map 512 512 432 254 203 198 272.08
23 maps/bgmaps/AR0506SR.map 512 512 265 319 351 301 93.46
30 maps/bgmaps/AR0506SR.map 512 512 204 295 274 214 122.30
76 maps/bgmaps/AR0506SR.map 512 512 241 108 138 247 306.31
88 maps/bgmaps/AR0506SR.map 512 512 231 97 196 411 354.18
88 maps/bgmaps/AR0506SR.map 512 512 415 302 116 344 355.49
9 maps/bgmaps/AR0506SR.map 512 512 341 388 321 416 36.28
34 maps/bgmaps/AR0506SR.map 512 512 370 188 267 273 138.21
46 maps/bgmaps/AR0506SR.map 512 512 123 281 274 351 186.82
76 maps/bgmaps/AR0506SR.map 512 512 100 311 260 434 305.55
49 maps/bgmaps/AR0506SR.map 512 512 215 182 170 233 197.82
83 maps/bgmaps/AR0506SR.map 512 512 155 386 435 252 335.50
15 maps/bgmaps/AR0506SR.map 512 512 206 396 200 337 61.49
78 maps/bgmaps/AR0506SR.map 512 512 272 423 191 168 313.40
25 maps/bgmaps/AR0506SR.map 512 512 192 377 266 307 102.99
25 maps/bgmaps/AR0506SR.map 512 512 334 329 288 411 101.05
23 maps/bgmaps/AR0506SR.map 512 512 365 192 286 229 94.33
11 maps/bgmaps/AR0506SR.map 512 512 340 186 300 199 45.38
62 maps/bgmaps/AR0506SR.map 512 512 138 308 174 190 248.35
30 maps/bgmaps/AR0506SR.map 512 512 191 170 299 208 123.74
90 maps/bgmaps/AR0506SR.map 512 512 290 423 219 103 360.18
16 maps/bgmaps/AR0506SR.map 512 512 242 184 185 167 64.04
15 maps/bgmaps/AR0506SR.map 512 512 184 276 136 313 63.33
78 maps/bgmaps/AR0506SR.map 512 512 331 405 168 158 314.52
49 maps/bgmaps/AR0506SR.map 512 512 293 305 225 140 199.55
17 maps/bgmaps/AR0506SR.map 512 512 275 260 334 282 68.11
27 maps/bgmaps/AR0506SR.map 512 512 185 271 234 233 108.21
57 maps/bgmaps/AR0506SR.map 512 512 208 215 202 404 230.14
49 maps/bgmaps/AR0506SR.map 512 512 366 295 208 195 199.42
69 maps/bgmaps/AR0506SR.map 512 512 263 120 153 270 278.89
6 maps/bgmaps/AR0506SR.map 512 512 345 357 364 338 26.87
59 maps/bgmaps/AR0506SR.map 512 512 206 250 266 464 239.68
55 maps/bgmaps/AR0506SR.map 512 512 226 121 330 287 223.32
65 maps/bgmaps/AR0506SR.map 512 512 350 198 137 316 261.88
23 maps/bgmaps/AR0506SR.map 512 512 126 325 98 243 93.60
44 maps/bgmaps/AR0506SR.map 512 512 185 390 329 312 179.82
35 maps/bgmaps/AR0506SR.map 512 512 266 246 266 129 140.20
43 maps/bgmaps/AR0506SR.map 512 512 343 342 178 354 174.94
4 maps/bgmaps/AR0506SR.map 512 512 344 324 329 320 16.66
65 maps/bgmaps/AR0506SR.map 512 512 307 338 88 235 261.66
54 maps/bgmaps/AR0506SR.map 512 512 190 356 322 194 216.68
54 maps/bgmaps/AR0506SR.map 512 512 317 300 235 131 216.44
10 maps/bgmaps/AR0506SR.map 512 512 206 158 174 183 42.36
11 maps/bgmaps/AR0506SR.map 512 512 213 215 226 174 46.38
65 maps/bgmaps/AR0506SR.map 512 512 168 300 295 133 261.66
8 maps/bgmaps/AR0506SR.map 512 512 198 390 199 423 33.41
83 maps/bgmaps/AR0506SR.map 512 512 286 132 189 412 334.61
37 maps/bgmaps/AR0506SR.map 512 512 351 277 227 220 148.44
50 maps/bgmaps/AR0506SR.map 512 512 378 299 235 187 202.28
32 maps/bgmaps/AR0506SR.map 512 512 223 299 103 279 131.70
29 maps/bgmaps/AR0506SR.map 512 512 210 358 281 412 119.18
75 maps/bgmaps/AR0506SR.map 512 512 159 288 435 298 303.34
36 maps/bgmaps/AR0506SR.map 512 512 271 332 317 207 144.05
66 maps/bgmaps/AR0506SR.map 512 512 144 223 373 309 264.62
52 maps/bgmaps/AR0506SR.map 512 512 248 290 277 105 211.10
69 maps/bgmaps/AR0506SR.map 512 512 314 415 126 248 279.43
24 maps/bgmaps/AR0506SR.map 512 512 295 200 271 287 96.94
12 maps/bgmaps/AR0506SR.map 512 512 285 262 244 237 51.36
7 maps/bgmaps/AR0506SR.map 512 512 200 320 228 312 31.31
16 maps/bgmaps/AR0506SR.map 512 512 294 272 333 224 64.15
62 maps/bgmaps/AR0506SR.map 512 512 403 325 186 244 250.55
36 maps/bgmaps/AR0506SR.map 512 512 318 203 300 340 144.46
52 maps/bgmaps/AR0506SR.map 512 512 300 220 133 321 208.84
74 maps/bgmaps/AR0506SR.map 512 512 247 105 329 368 296.97
20 maps/bgmaps/AR0506SR.map 512 512 303 371 333 302 81.43
29 maps/bgmaps/AR0506SR.map 512 512 189 241 274 317 117.07
53 maps/bgmaps/AR0506SR.map 512 512 179 288 349 369 212.66
17 maps/bgmaps/AR0506SR.map 512 512 284 217 353 219 69.83
89 maps/bgmaps/AR0506SR.map 512 512 329 141 62 286 356.35
71 maps/bgmaps/AR0506SR.map 512 512 298 390 92 305 285.88
48 maps/bgmaps/AR0506SR.map 512 512 108 289 197 360 192.67
32 maps/bgmaps/AR0506SR.map 512 512 245 430 243 334 128.85
11 maps/bgmaps/AR0506SR.map 512 512 146 247 192 251 47.66
12 maps/bgmaps/AR0506SR.map 512 512 227 126 272 112 50.80
89 maps/bgmaps/AR0506SR.map 512 512 226 91 93 281 356.30
30 maps/bgmaps/AR0506SR.map 512 512 170 233 183 327 122.58
22 maps/bgmaps/AR0506SR.map 512 512 362 359 329 284 88.67
45 maps/bgmaps/AR0506SR.map 512 512 220 277 310 144 183.75
29 maps/bgmaps/AR0506SR.map 512 512 241 195 224 280 117.36
74 maps/bgmaps/AR0506SR.map 512 512 319 410 313 125 297.43
22 maps/bgmaps/AR0506SR.map 512 512 206 148 258 215 88.54
90 maps/bgmaps/AR0506SR.map 512 512 411 327 81 305 362.31
73 maps/bgmaps/AR0506SR.map 512 512 274 153 298 431 294.77
59 maps/bgmaps/AR0506SR.map 512 512 172 378 218 186 236.74
20 maps/bgmaps/AR0506SR.map 512 512 70 279 124 340 83.37
80 maps/bgmaps/AR0506SR.map 512 512 154 346 233 94 322.12
32 maps/bgmaps/AR0506SR.map 512 512 149 298 224 334 128.98
23 maps/bgmaps/AR0506SR.map 512 512 191 336 230 410 93.08
62 maps/bgmaps/AR0506SR.map 512 512 283 155 172 349 249.09
81 maps/bgmaps/AR0506SR.map 512 512 259 423 208 158 326.43
48 maps/bgmaps/AR0506SR.map 512 512 143 227 221 213 193.82
47 maps/bgmaps/AR0506SR.map 512 512 405 336 336 227 189.42
66 maps/bgmaps/AR0506SR.map 512 512 129 189 214 419 266.04
72 maps/bgmaps/AR0506SR.map 512 512 135 341 315 155 289.26
26 maps/bgmaps/AR0506SR.map 512 512 265 445 339 368 107.65
26 maps/bgmaps/AR0506SR.map 512 512 270 246 202 323 105.17
57 maps/bgmaps/AR0506SR.map 512 512 166 275 392 270 230.56
36 maps/bgmaps/AR0506SR.map 512 512 222 314 115 242 147.95
36 maps/bgmaps/AR0506SR.map 512 512 316 302 319 171 144.67
69 maps/bgmaps/AR0506SR.map 512 512 261 146 143 256 276.55
40 maps/bgmaps/AR0506SR.map 512 512 336 174 316 315 161.71
70 maps/bgmaps/AR0506SR.map 512 512 321 164 170 385 283.55
64 maps/bgmaps/AR0506SR.map 512 512 448 298 256 202 259.91
11 maps/bgmaps/AR0506SR.map 512 512 297 317 332 288 47.01
56 maps/bgmaps/AR0506SR.map 512 512 415 238 310 421 227.08
55 maps/bgmaps/AR0506SR.map 512 512 206 343 176 168 223.05
84 maps/bgmaps/AR0506SR.map 512 512 294 122 97 286 338.28
49 maps/bgmaps/AR0506SR.map 512 512 148 262 309 202 198.58
30 maps/bgmaps/AR0506SR.map 512 512 242 274 185 184 121.75
23 maps/bgmaps/AR0506SR.map 512 512 313 237 351 270 95.18
63 maps/bgmaps/AR0506SR.map 512 512 249 91 238 313 252.24
50 maps/bgmaps/AR0506SR.map 512 512 162 170 190 276 203.38
67 maps/bgmaps/AR0506SR.map 512 512 192 148 368 346 270.90
23 maps/bgmaps/AR0506SR.map 512 512 310 348 226 321 95.18
50 maps/bgmaps/AR0506SR.map 512 512 334 402 154 378 202.37
28 maps/bgmaps/AR0506SR.map 512 512 205 136 315 127 113.73
32 maps/bgmaps/AR0506SR.map 512 512 216 288 246 190 128.08
71 maps/bgmaps/AR0506SR.map 512 512 291 413 232 162 284.55
28 maps/bgmaps/AR0506SR.map 512 512 435 258 341 301 114.30
54 maps/bgmaps/AR0506SR.map 512 512 394 310 191 325 218.33
51 maps/bgmaps/AR0506SR.map 512 512 327 290 132 264 205.77
68 maps/bgmaps/AR0506SR.map 512 512 320 360 89 298 274.08
56 maps/bgmaps/AR0506SR.map 512 512 315 409 259 206 226.20
54 maps/bgmaps/AR0506SR.map 512 512 312 349 134 255 216.94
58 maps/bgmaps/AR0506SR.map 512 512 165 257 179 156 233.79
28 maps/bgmaps/AR0506SR.map 512 512 340 355 377 258 112.33
28 maps/bgmaps/AR0506SR.map 512 512 177 337 244 417 114.78
40 maps/bgmaps/AR0506SR.map 512 512 197 370 333 363 161.27
52 maps/bgmaps/AR0506SR.map 512 512 320 328 144 310 210.79
52 maps/bgmaps/AR0506SR.map 512 512 174 286 368 307 211.33
53 maps/bgmaps/AR0506SR.map 512 512 362 283 161 298 212.18
58 maps/bgmaps/AR0506SR.map 512 512 243 318 298 116 233.89
14 maps/bgmaps/AR0506SR.map 512 512 310 339 266 302 59.33
1 maps/bgmaps/AR0506SR.map 512 512 323 175 330 177 7.83
40 maps/bgmaps/AR0506SR.map 512 512 148 197 125 346 161.01
73 maps/bgmaps/AR0506SR.map 512 512 109 239 318 160 292.84
62 maps/bgmaps/AR0506SR.map 512 512 315 389 331 158 249.23
25 maps/bgmaps/AR0506SR.map 512 512 329 279 250 225 101.37
9 maps/bgmaps/AR0506SR.map 512 512 272 198 260 231 37.97
66 maps/bgmaps/AR0506SR.map 512 512 151 315 295 423 264.09
22 maps/bgmaps/AR0506SR.map 512 512 271 206 298 284 89.18
26 maps/bgmaps/AR0506SR.map 512 512 215 346 255 418 105.60
56 maps/bgmaps/AR0506SR.map 512 512 367 294 165 312 226.47
58 maps/bgmaps/AR0506SR.map 512 512 154 381 305 210 233.55
6 maps/bgmaps/AR0506SR.map 512 512 410 318 390 308 24.14
36 maps/bgmaps/AR0506SR.map 512 512 162 364 287 357 145.30
69 maps/bgmaps/AR0506SR.map 512 512 344 344 233 116 279.84
16 maps/bgmaps/AR0506SR.map 512 512 272 300 208 306 66.49
35 maps/bgmaps/AR0506SR.map 512 512 227 230 327 143 140.72
56 maps/bgmaps/AR0506SR.map 512 512 330 384 348 188 227.48
46 maps/bgmaps/AR0506SR.map 512 512 184 191 182 251 186.89
23 maps/bgmaps/AR0506SR.map 512 512 275 272 188 256 93.63
67 maps/bgmaps/AR0506SR.map 512 512 417 312 345 157 268.28
43 maps/bgmaps/AR0506SR.map 512 512 255 242 163 379 175.11
66 maps/bgmaps/AR0506SR.map 512 512 148 304 342 159 265.19
8 maps/bgmaps/AR0506SR.map 512 512 114 262 145 253 34.73
42 maps/bgmaps/AR0506SR.map 512 512 306 260 158 226 171.20
48 maps/bgmaps/AR0506SR.map 512 512 262 302 190 139 192.82
49 maps/bgmaps/AR0506SR.map 512 512 305 397 176 270 198.59
50 maps/bgmaps/AR0506SR.map 512 512 205 385 134 319 200.78
11 maps/bgmaps/AR0506SR.map 512 512 108 276 154 278 46.83
48 maps/bgmaps/AR0506SR.map 512 512 141 233 264 207 193.95
40 maps/bgmaps/AR0506SR.map 512 512 336 215 381 297 161.27
19 maps/bgmaps/AR0506SR.map 512 512 331 235 356 169 76.36
16 maps/bgmaps/AR0506SR.map 512 512 331 337 353 279 67.11
42 maps/bgmaps/AR0506SR.map 512 512 365 280 360 195 168.17
65 maps/bgmaps/AR0506SR.map 512 512 162 374 191 173 261.06
47 maps/bgmaps/AR0506SR.map 512 512 233 233 149 193 188.07
90 maps/bgmaps/AR0506SR.map 512 512 248 86 187 397 361.95
42 maps/bgmaps/AR0506SR.map 512 512 325 231 382 355 169.84
50 maps/bgmaps/AR0506SR.map 512 512 283 313 114 322 202.55
37 maps/bgmaps/AR0506SR.map 512 512 293 430 208 345 148.33
68 maps/bgmaps/AR0506SR.map 512 512 165 164 181 375 273.96
81 maps/bgmaps/AR0506SR.map 512 512 190 201 262 458 326.16
49 maps/bgmaps/AR0506SR.map 512 512 94 290 270 317 197.95
63 maps/bgmaps/AR0506SR.map 512 512 116 277 335 362 254.21
58 maps/bgmaps/AR0506SR.map 512 512 165 392 129 328 233.08
68 maps/bgmaps/AR0506SR.map 512 512 374 365 175 182 274.80
78 maps/bgmaps/AR0506SR.map 512 512 388 318 106 242 313.48
34 maps/bgmaps/AR0506SR.map 512 512 103 248 225 289 138.98
9 maps/bgmaps/AR0506SR.map 512 512 213 275 210 311 37.24
95 maps/bgmaps/AR0506SR.map 512 512 76 291 237 92 380.99
7 maps/bgmaps/AR0506SR.map 512 512 311 224 305 195 31.49
33 maps/bgmaps/AR0506SR.map 512 512 260 323 372 272 133.12
11 maps/bgmaps/AR0506SR.map 512 512 260 205 269 248 46.73
8 maps/bgmaps/AR0506SR.map 512 512 466 285 441 268 32.04
77 maps/bgmaps/AR0506SR.map 512 512 118 247 285 129 311.11
27 maps/bgmaps/AR0506SR.map 512 512 175 384 256 450 108.34
36 maps/bgmaps/AR0506SR.map 512 512 162 287 226 230 147.08
63 maps/bgmaps/AR0506SR.map 512 512 369 271 158 372 252.84
67 maps/bgmaps/AR0506SR.map 512 512 103 321 327 348 271.63
25 maps/bgmaps/AR0506SR.map 512 512 251 258 205 176 101.05
85 maps/bgmaps/AR0506SR.map 512 512 44 269 217 159 343.51
35 maps/bgmaps/AR0506SR.map 512 512 311 302 291 435 141.28
69 maps/bgmaps/AR0506SR.map 512 512 213 162 358 378 276.06
55 maps/bgmaps/AR0506SR.map 512 512 358 183 371 353 222.61
6 maps/bgmaps/AR0506SR.map 512 512 129 239 143 261 27.80
26 maps/bgmaps/AR0506SR.map 512 512 114 275 214 289 106.97
35 maps/bgmaps/AR0506SR.map 512 512 272 336 245 437 142.31
84 maps/bgmaps/AR0506SR.map 512 512 232 430 327 150 336.58
6 maps/bgmaps/AR0506SR.map 512 512 224 110 212 131 25.97
0 maps/bgmaps/AR0506SR.map 512 512 213 395 212 396 1.41
72 maps/bgmaps/AR0506SR.map 512 512 289 123 137 267 291.48
12 maps/bgmaps/AR0506SR.map 512 512 348 192 305 205 48.38
12 maps/bgmaps/AR0506SR.map 512 512 211 346 241 307 51.43
60 maps/bgmaps/AR0506SR.map 512 512 196 142 161 276 241.02
44 maps/bgmaps/AR0506SR.map 512 512 162 295 229 199 177.23
33 maps/bgmaps/AR0506SR.map 512 512 171 354 289 318 132.91
80 maps/bgmaps/AR0506SR.map 512 512 319 140 256 432 320.10
90 maps/bgmaps/AR0506SR.map 512 512 434 278 107 258 360.78
59 maps/bgmaps/AR0506SR.map 512 512 421 250 272 415 239.61
74 maps/bgmaps/AR0506SR.map 512 512 330 406 207 159 297.95
5 maps/bgmaps/AR0506SR.map 512 512 195 397 181 382 20.80
55 maps/bgmaps/AR0506SR.map 512 512 314 195 306 409 221.46
77 maps/bgmaps/AR0506SR.map 512 512 200 414 279 151 308.15
25 maps/bgmaps/AR0506SR.map 512 512 171 360 238 436 103.75
98 maps/bgmaps/AR0506SR.map 512 512 464 284 241 90 393.29
15 maps/bgmaps/AR0506SR.map 512 512 247 194 225 231 61.18
30 maps/bgmaps/AR0506SR.map 512 512 250 308 164 222 123.97
38 maps/bgmaps/AR0506SR.map 512 512 285 330 405 248 153.97
46 maps/bgmaps/AR0506SR.map 512 512 193 380 282 230 186.87
30 maps/bgmaps/AR0506SR.map 512 512 146 293 182 319 123.30
99 maps/bgmaps/AR0506SR.map 512 512 252 96 274 460 396.31
43 maps/bgmaps/AR0506SR.map 512 512 191 252 202 412 172.01
20 maps/bgmaps/AR0506SR.map 512 512 181 157 218 223 81.33
36 maps/bgmaps/AR0506SR.map 512 512 309 193 291 332 146.46
80 maps/bgmaps/AR0506SR.map 512 512 406 256 232 94 322.59
36 maps/bgmaps/AR0506SR.map 512 512 305 324 196 390 146.30
82 maps/bgmaps/AR0506SR.map 512 512 239 100 204 388 328.18
63 maps/bgmaps/AR0506SR.map 512 512 204 190 113 311 252.21
66 maps/bgmaps/AR0506SR.map 512 512 235 179 199 412 265.31
15 maps/bgmaps/AR0506SR.map 512 512 210 319 202 379 63.31
36 maps/bgmaps/AR0506SR.map 512 512 251 227 157 292 145.53
58 maps/bgmaps/AR0506SR.map 512 512 206 182 339 362 235.09
48 maps/bgmaps/AR0506SR.map 512 512 339 206 162 164 194.40
34 maps/bgmaps/AR0506SR.map 512 512 244 274 150 375 139.94
79 maps/bgmaps/AR0506SR.map 512 512 433 291 146 276 316.61
31 maps/bgmaps/AR0506SR.map 512 512 188 373 288 402 124.44
46 maps/bgmaps/AR0506SR.map 512 512 275 258 289 428 186.57
4 maps/bgmaps/AR0506SR.map 512 512 213 189 197 194 18.07
27 maps/bgmaps/AR0506SR.map 512 512 248 216 206 251 111.38
33 maps/bgmaps/AR0506SR.map 512 512 207 407 274 308 134.37
59 maps/bgmaps/AR0506SR.map 512 512 166 253 382 305 237.54
12 maps/bgmaps/AR0506SR.map 512 512 326 283 306 323 48.28
58 maps/bgmaps/AR0506SR.map 512 512 243 107 256 313 232.10
13 maps/bgmaps/AR0506SR.map 512 512 328 306 280 323 55.04
75 maps/bgmaps/AR0506SR.map 512 512 89 287 337 393 300.19
65 maps/bgmaps/AR0506SR.map 512 512 137 331 377 276 263.61
30 maps/bgmaps/AR0506SR.map 512 512 191 242 287 244 120.37
56 maps/bgmaps/AR0506SR.map 512 512 207 175 383 266 226.56
56 maps/bgmaps/AR0506SR.map 512 512 175 346 299 171 226.36
34 maps/bgmaps/AR0506SR.map 512 512 343 287 236 216 136.41
45 maps/bgmaps/AR0506SR.map 512 512 341 394 196 368 182.28
29 maps/bgmaps/AR0506SR.map 512 512 304 211 351 266 119.70
14 maps/bgmaps/AR0506SR.map 512 512 130 335 134 279 57.66
39 maps/bgmaps/AR0506SR.map 512 512 198 153 286 276 159.45
38 maps/bgmaps/AR0506SR.map 512 512 311 420 173 385 152.50
55 maps/bgmaps/AR0506SR.map 512 512 332 203 155 228 222.98
4 maps/bgmaps/AR0506SR.map 512 512 295 273 278 275 17.83
68 maps/bgmaps/AR0506SR.map 512 512 165 312 286 448 275.69
34 maps/bgmaps/AR0506SR.map 512 512 309 352 210 259 139.87
41 maps/bgmaps/AR0506SR.map 512 512 135 286 281 241 164.64
14 maps/bgmaps/AR0506SR.map 512 512 260 310 213 335 57.36
47 maps/bgmaps/AR0506SR.map 512 512 204 299 203 157 189.65
79 maps/bgmaps/AR0506SR.map 512 512 294 425 100 242 316.26
56 maps/bgmaps/AR0506SR.map 512 512 365 297 312 125 225.33
55 maps/bgmaps/AR0506SR.map 512 512 222 411 128 269 221.60
32 maps/bgmaps/AR0506SR.map 512 512 251 326 287 210 130.91
96 maps/bgmaps/AR0506SR.map 512 512 78 302 253 95 387.18
24 maps/bgmaps/AR0506SR.map 512 512 295 359 252 278 98.81
33 maps/bgmaps/AR0506SR.map 512 512 278 287 171 350 133.10
41 maps/bgmaps/AR0506SR.map 512 512 199 170 344 186 167.37
38 maps/bgmaps/AR0506SR.map 512 512 300 345 207 412 152.91
63 maps/bgmaps/AR0506SR.map 512 512 82 294 309 232 252.68
24 maps/bgmaps/AR0506SR.map 512 512 299 216 210 196 97.28
19 maps/bgmaps/AR0506SR.map 512 512 260 118 317 163 76.81
9 maps/bgmaps/AR0506SR.map 512 512 99 332 78 306 37.63
18 maps/bgmaps/AR0506SR.map 512 512 209 420 212 349 72.24
22 maps/bgmaps/AR0506SR.map 512 512 267 330 357 331 90.41
10 maps/bgmaps/AR0506SR.map 512 512 350 181 325 151 40.36
8 maps/bgmaps/AR0506SR.map 512 512 180 348 199 374 33.87
41 maps/bgmaps/AR0506SR.map 512 512 296 241 147 257 167.23
70 maps/bgmaps/AR0506SR.map 512 512 162 378 351 176 280.29
33 maps/bgmaps/AR0506SR.map 512 512 213 372 265 259 134.54
7 maps/bgmaps/AR0506SR.map 512 512 286 416 287 445 29.41
39 maps/bgmaps/AR0506SR.map 512 512 107 294 206 327 159.01
63 maps/bgmaps/AR0506SR.map 512 512 336 400 297 164 252.15
32 maps/bgmaps/AR0506SR.map 512 512 243 74 189 182 130.37
34 maps/bgmaps/AR0506SR.map 512 512 282 237 263 118 136.81
71 maps/bgmaps/AR0506SR.map 512 512 164 224 284 120 284.39
41 maps/bgmaps/AR0506SR.map 512 512 419 312 271 279 164.15
67 maps/bgmaps/AR0506SR.map 512 512 212 224 443 270 269.11
20 maps/bgmaps/AR0506SR.map 512 512 184 239 128 297 81.20
42 maps/bgmaps/AR0506SR.map 512 512 175 146 266 277 168.69
31 maps/bgmaps/AR0506SR.map 512 512 256 317 359 376 127.44
83 maps/bgmaps/AR0506SR.map 512 512 98 243 280 449 333.76
34 maps/bgmaps/AR0506SR.map 512 512 205 216 336 196 139.28
40 maps/bgmaps/AR0506SR.map 512 512 319 170 185 158 161.34
47 maps/bgmaps/AR0506SR.map 512 512 249 299 184 135 190.92
9 maps/bgmaps/AR0506SR.map 512 512 194 147 172 177 39.11
34 maps/bgmaps/AR0506SR.map 512 512 284 350 237 453 139.14
43 maps/bgmaps/AR0506SR.map 512 512 154 223 280 343 175.71
41 maps/bgmaps/AR0506SR.map 512 512 363 177 244 295 167.88
27 maps/bgmaps/AR0506SR.map 512 512 202 353 182 265 109.60
15 maps/bgmaps/AR0506SR.map 512 512 239 302 289 273 62.01
47 maps/bgmaps/AR0506SR.map 512 512 337 388 424 238 191.89
17 maps/bgmaps/AR0506SR.map 512 512 216 121 192 183 71.94
34 maps/bgmaps/AR0506SR.map 512 512 182 336 285 248 139.45
21 maps/bgmaps/AR0506SR.map 512 512 350 332 275 362 87.43
41 maps/bgmaps/AR0506SR.map 512 512 159 358 286 260 167.59
43 maps/bgmaps/AR0506SR.map 512 512 204 319 210 178 175.79
39 maps/bgmaps/AR0506SR.map 512 512 294 266 294 419 159.63
47 maps/bgmaps/AR0506SR.map 512 512 167 247 343 284 191.33
81 maps/bgmaps/AR0506SR.map 512 512 214 124 195 412 324.87
60 maps/bgmaps/AR0506SR.map 512 512 135 296 213 168 242.27
55 maps/bgmaps/AR0506SR.map 512 512 300 138 209 245 222.31
69 maps/bgmaps/AR0506SR.map 512 512 320 163 122 242 276.42
63 maps/bgmaps/AR0506SR.map 512 512 167 161 163 220 254.02
39 maps/bgmaps/AR0506SR.map 512 512 309 389 168 401 159.23
47 maps/bgmaps/AR0506SR.map 512 512 290 317 117 281 191.23
24 maps/bgmaps/AR0506SR.map 512 512 141 250 216 294 96.15
63 maps/bgmaps/AR0506SR.map 512 512 161 353 378 259 255.94
10 maps/bgmaps/AR0506SR.map 512 512 146 329 134 292 41.97
19 maps/bgmaps/AR0506SR.map 512 512 230 335 197 273 77.43
11 maps/bgmaps/AR0506SR.map 512 512 184 255 164 294 47.28
76 maps/bgmaps/AR0506SR.map 512 512 149 367 291 138 306.83
74 maps/bgmaps/AR0506SR.map 512 512 110 326 358 205 298.12
9 maps/bgmaps/AR0506SR.map 512 512 236 93 225 126 37.56
63 maps/bgmaps/AR0506SR.map 512 512 201 332 273 127 252.22
56 maps/bgmaps/AR0506SR.map 512 512 290 435 251 234 227.10
18 maps/bgmaps/AR0506SR.map 512 512 295 187 299 121 75.94
43 maps/bgmaps/AR0506SR.map 512 512 369 309 228 229 175.89
31 maps/bgmaps/AR0506SR.map 512 512 281 252 188 335 127.38
21 maps/bgmaps/AR0506SR.map 512 512 240 290 224 217 87.08
34 maps/bgmaps/AR0506SR.map 512 512 337 312 331 200 139.34
69 maps/bgmaps/AR0506SR.map 512 512 253 334 253 84 278.99
31 maps/bgmaps/AR0506SR.map 512 512 215 342 152 290 126.94
70 maps/bgmaps/AR0506SR.map 512 512 204 260 461 279 283.92
6 maps/bgmaps/AR0506SR.map 512 512 205 148 201 173 26.66
33 maps/bgmaps/AR0506SR.map 512 512 310 381 378 275 134.75
46 maps/bgmaps/AR0506SR.map 512 512 126 323 259 343 185.84
16 maps/bgmaps/AR0506SR.map 512 512 175 287 119 261 66.77
47 maps/bgmaps/AR0506SR.map 512 512 234 445 272 289 191.62
29 maps/bgmaps/AR0506SR.map 512 512 373 274 277 329 118.78
11 maps/bgmaps/AR0506SR.map 512 512 245 298 277 264 47.25
63 maps/bgmaps/AR0506SR.map 512 512 239 106 299 337 255.85
88 maps/bgmaps/AR0506SR.map 512 512 92 273 427 312 353.64
74 maps/bgmaps/AR0506SR.map 512 512 270 117 171 355 298.89
60 maps/bgmaps/AR0506SR.map 512 512 382 258 155 296 243.57
4 maps/bgmaps/AR0506SR.map 512 512 225 132 237 120 16.97
29 maps/bgmaps/AR0506SR.map 512 512 188 345 298 350 119.53
51 maps/bgmaps/AR0506SR.map 512 512 280 121 338 290 205.23
33 maps/bgmaps/AR0506SR.map 512 512 222 271 351 269 135.63
72 maps/bgmaps/AR0506SR.map 512 512 236 110 396 265 291.79
62 maps/bgmaps/AR0506SR.map 512 512 159 295 276 424 251.78
46 maps/bgmaps/AR0506SR.map 512 512 344 375 268 219 187.48
24 maps/bgmaps/AR0506SR.map 512 512 259 328 187 262 99.34
27 maps/bgmaps/AR0506SR.map 512 512 294 313 389 326 111.98
76 maps/bgmaps/AR0506SR.map 512 512 315 416 212 151 307.66
18 maps/bgmaps/AR0506SR.map 512 512 262 268 330 285 75.04
79 maps/bgmaps/AR0506SR.map 512 512 56 283 365 271 317.28
62 maps/bgmaps/AR0506SR.map 512 512 165 227 301 421 251.16
76 maps/bgmaps/AR0506SR.map 512 512 309 149 104 233 307.59
14 maps/bgmaps/AR0506SR.map 512 512 317 337 317 278 59.00
12 maps/bgmaps/AR0506SR.map 512 512 355 374 315 354 48.28
83 maps/bgmaps/AR0506SR.map 512 512 437 284 147 310 333.82
24 maps/bgmaps/AR0506SR.map 512 512 423 307 337 291 99.25
56 maps/bgmaps/AR0506SR.map 512 512 308 191 295 412 227.21
74 maps/bgmaps/AR0506SR.map 512 512 258 440 374 196 296.98
21 maps/bgmaps/AR0506SR.map 512 512 147 247 215 290 86.98
27 maps/bgmaps/AR0506SR.map 512 512 302 189 205 203 111.08
21 maps/bgmaps/AR0506SR.map 512 512 270 343 212 375 87.60
13 maps/bgmaps/AR0506SR.map 512 512 218 305 259 272 54.67
21 maps/bgmaps/AR0506SR.map 512 512 149 294 62 292 87.83
53 maps/bgmaps/AR0506SR.map 512 512 197 277 272 457 215.99
9 maps/bgmaps/AR0506SR.map 512 512 223 134 253 117 37.04
10 maps/bgmaps/AR0506SR.map 512 512 192 270 161 241 43.01
51 maps/bgmaps/AR0506SR.map 512 512 259 433 382 286 207.32
20 maps/bgmaps/AR0506SR.map 512 512 245 312 321 330 83.46
50 maps/bgmaps/AR0506SR.map 512 512 245 457 303 278 203.02
19 maps/bgmaps/AR0506SR.map 512 512 226 286 304 283 79.24
10 maps/bgmaps/AR0506SR.map 512 512 202 162 161 169 43.90
70 maps/bgmaps/AR0506SR.map 512 512 263 127 158 230 283.46
8 maps/bgmaps/AR0506SR.map 512 512 272 129 246 110 33.87
8 maps/bgmaps/AR0506SR.map 512 512 308 278 280 259 35.87
19 maps/bgmaps/AR0506SR.map 512 512 224 297 299 307 79.14
19 maps/bgmaps/AR0506SR.map 512 512 179 275 110 249 79.77
19 maps/bgmaps/AR0506SR.map 512 512 296 264 253 204 79.57
81 maps/bgmaps/AR0506SR.map 512 512 127 351 285 131 327.99
19 maps/bgmaps/AR0506SR.map 512 512 303 312 280 242 79.53
65 maps/bgmaps/AR0506SR.map 512 512 231 128 282 360 263.89
18 maps/bgmaps/AR0506SR.map 512 512 281 277 356 279 75.83
18 maps/bgmaps/AR0506SR.map 512 512 249 259 206 243 75.97
18 maps/bgmaps/AR0506SR.map 512 512 298 404 323 339 75.36
95 maps/bgmaps/AR0506SR.map 512 512 243 130 250 456 380.18
46 maps/bgmaps/AR0506SR.map 512 512 288 209 154 298 184.34
69 maps/bgmaps/AR0506SR.map 512 512 160 282 421 245 277.15
14 maps/bgmaps/AR0506SR.map 512 512 340 325 377 290 59.11
16 maps/bgmaps/AR0506SR.map 512 512 277 317 336 338 67.70
51 maps/bgmaps/AR0506SR.map 512 512 369 293 344 158 207.92
16 maps/bgmaps/AR0506SR.map 512 512 223 176 159 167 67.73
16 maps/bgmaps/AR0506SR.map 512 512 349 303 399 336 66.98
62 maps/bgmaps/AR0506SR.map 512 512 95 278 311 202 251.58
60 maps/bgmaps/AR0506SR.map 512 512 291 419 213 223 243.87
15 maps/bgmaps/AR0506SR.map 512 512 290 268 289 331 63.41
14 maps/bgmaps/AR0506SR.map 512 512 203 263 153 239 59.94
65 maps/bgmaps/AR0506SR.map 512 512 150 292 283 423 260.53
66 maps/bgmaps/AR0506SR.map 512 512 119 351 334 322 264.29
14 maps/bgmaps/AR0506SR.map 512 512 317 301 342 350 59.36
13 maps/bgmaps/AR0506SR.map 512 512 156 265 110 243 55.11
7 maps/bgmaps/AR0506SR.map 512 512 273 348 269 319 30.66
45 maps/bgmaps/AR0506SR.map 512 512 306 399 275 228 183.84
51 maps/bgmaps/AR0506SR.map 512 512 276 113 271 304 207.98
13 maps/bgmaps/AR0506SR.map 512 512 378 306 427 310 54.80
10 maps/bgmaps/AR0506SR.map 512 512 427 251 389 256 40.07
13 maps/bgmaps/AR0506SR.map 512 512 230 302 189 284 54.84
1 maps/bgmaps/AR0506SR.map 512 512 210 283 208 277 6.83
60 maps/bgmaps/AR0506SR.map 512 512 243 225 286 437 243.07
72 maps/bgmaps/AR0506SR.map 512 512 112 320 352 203 288.46
51 maps/bgmaps/AR0506SR.map 512 512 292 229 276 422 207.91
13 maps/bgmaps/AR0506SR.map 512 512 312 394 353 361 54.67
13 maps/bgmaps/AR0506SR.map 512 512 220 271 169 281 55.14
51 maps/bgmaps/AR0506SR.map 512 512 305 321 264 130 207.98
13 maps/bgmaps/AR0506SR.map 512 512 245 129 300 128 55.41
65 maps/bgmaps/AR0506SR.map 512 512 318 367 105 308 263.12
72 maps/bgmaps/AR0506SR.map 512 512 387 255 121 309 289.20
80 maps/bgmaps/AR0506SR.map 512 512 134 236 417 229 323.04
45 maps/bgmaps/AR0506SR.map 512 512 302 384 227 240 183.27
13 maps/bgmaps/AR0506SR.map 512 512 200 368 240 332 54.91
12 maps/bgmaps/AR0506SR.map 512 512 249 266 238 219 51.56
8 maps/bgmaps/AR0506SR.map 512 512 279 290 282 324 35.24
8 maps/bgmaps/AR0506SR.map 512 512 308 326 282 304 35.11
7 maps/bgmaps/AR0506SR.map 512 512 266 121 243 100 31.70
7 maps/bgmaps/AR0506SR.map 512 512 207 352 182 368 31.63
7 maps/bgmaps/AR0506SR.map 512 512 196 328 194 358 30.83
6 maps/bgmaps/AR0506SR.map 512 512 351 205 370 186 26.87
6 maps/bgmaps/AR0506SR.map 512 512 309 148 294 127 27.21
6 maps/bgmaps/AR0506SR.map 512 512 428 288 437 265 26.73
60 maps/bgmaps/AR0506SR.map 512 512 341 167 374 364 243.81
5 maps/bgmaps/AR0506SR.map 512 512 213 403 223 422 23.14
5 maps/bgmaps/AR0506SR.map 512 512 217 345 220 366 23.41
5 maps/bgmaps/AR0506SR.map 512 512 295 334 316 341 23.90
5 maps/bgmaps/AR0506SR.map 512 512 249 270 230 280 23.73
5 maps/bgmaps/AR0506SR.map 512 512 215 125 219 104 22.66
76 maps/bgmaps/AR0506SR.map 512 512 145 203 239 122 305.05
5 maps/bgmaps/AR0506SR.map 512 512 249 264 251 241 23.83
88 maps/bgmaps/AR0506SR.map 512 512 104 334 269 116 355.09
5 maps/bgmaps/AR0506SR.map 512 512 305 412 321 396 22.63
5 maps/bgmaps/AR0506SR.map 512 512 248 272 230 285 23.38
5 maps/bgmaps/AR0506SR.map 512 512 247 245 240 224 23.90
4 maps/bgmaps/AR0506SR.map 512 512 249 280 233 289 19.73
68 maps/bgmaps/AR0506SR.map 512 512 98 271 204 436 273.28
4 maps/bgmaps/AR0506SR.map 512 512 294 166 280 152 19.80
68 maps/bgmaps/AR0506SR.map 512 512 160 257 410 319 275.68
4 maps/bgmaps/AR0506SR.map 512 512 210 384 219 368 19.73
3 maps/bgmaps/AR0506SR.map 512 512 282 258 297 258 15.00
3 maps/bgmaps/AR0506SR.map 512 512 223 208 212 197 15.56
3 maps/bgmaps/AR0506SR.map 512 512 184 340 182 355 15.83
3 maps/bgmaps/AR0506SR.map 512 512 321 218 332 209 14.73
3 maps/bgmaps/AR0506SR.map 512 512 189 380 197 392 15.31
3 maps/bgmaps/AR0506SR.map 512 512 178 162 167 152 15.14
3 maps/bgmaps/AR0506SR.map 512 512 262 98 252 87 15.14
3 maps/bgmaps/AR0506SR.map 512 512 325 174 312 178 14.66
67 maps/bgmaps/AR0506SR.map 512 512 318 398 183 184 271.09
70 maps/bgmaps/AR0506SR.map 512 512 145 315 398 312 283.24
59 maps/bgmaps/AR0506SR.map 512 512 154 269 236 448 238.40
60 maps/bgmaps/AR0506SR.map 512 512 293 191 151 376 243.82
3 maps/bgmaps/AR0506SR.map 512 512 315 351 325 340 15.14
2 maps/bgmaps/AR0506SR.map 512 512 284 252 276 244 11.31
2 maps/bgmaps/AR0506SR.map 512 512 170 376 164 385 11.49
2 maps/bgmaps/AR0506SR.map 512 512 315 142 308 134 10.90
2 maps/bgmaps/AR0506SR.map 512 512 312 367 320 375 11.31
60 maps/bgmaps/AR0506SR.map 512 512 157 220 371 266 242.99
2 maps/bgmaps/AR0506SR.map 512 512 286 409 281 418 11.07
2 maps/bgmaps/AR0506SR.map 512 512 282 408 292 406 10.83
2 maps/bgmaps/AR0506SR.map 512 512 262 135 255 126 11.90
77 maps/bgmaps/AR0506SR.map 512 512 288 408 98 325 309.13
2 maps/bgmaps/AR0506SR.map 512 512 342 351 348 360 11.49
2 maps/bgmaps/AR0506SR.map 512 512 340 368 351 369 11.41
60 maps/bgmaps/AR0506SR.map 512 512 69 280 225 231 242.74
2 maps/bgmaps/AR0506SR.map 512 512 270 321 278 313 11.31
1 maps/bgmaps/AR0506SR.map 512 512 174 344 168 348 7.66
90 maps/bgmaps/AR0506SR.map 512 512 47 265 164 160 363.12
59 maps/bgmaps/AR0506SR.map 512 512 215 184 346 369 239.26
1 maps/bgmaps/AR0506SR.map 512 512 260 239 255 234 7.07
1 maps/bgmaps/AR0506SR.map 512 512 279 223 275 218 6.66
1 maps/bgmaps/AR0506SR.map 512 512 348 185 355 185 7.00
1 maps/bgmaps/AR0506SR.map 512 512 239 235 244 240 7.07
76 maps/bgmaps/AR0506SR.map 512 512 108 240 282 415 304.06
1 maps/bgmaps/AR0506SR.map 512 512 313 387 313 394 7.00
78 maps/bgmaps/AR0506SR.map 512 512 231 441 336 181 314.87
1 maps/bgmaps/AR0506SR.map 512 512 210 191 205 186 7.07
70 maps/bgmaps/AR0506SR.map 512 512 238 439 98 275 283.74
0 maps/bgmaps/AR0506SR.map 512 512 215 271 212 273 3.83
68 maps/bgmaps/AR0506SR.map 512 512 392 332 161 369 275.42
0 maps/bgmaps/AR0506SR.map 512 512 193 389 191 392 3.83
0 maps/bgmaps/AR0506SR.map 512 512 336 283 339 284 3.41
0 maps/bgmaps/AR0506SR.map 512 512 276 339 274 337 2.83
0 maps/bgmaps/AR0506SR.map 512 512 235 444 237 446 2.83
0 maps/bgmaps/AR0506SR.map 512 512 320 219 320 222 3.00
0 maps/bgmaps/AR0506SR.map 512 512 335 199 338 199 3.00
0 maps/bgmaps/AR0506SR.map 512 512 216 397 218 399 2.83
82 maps/bgmaps/AR0506SR.map 512 512 289 117 426 288 329.38
76 maps/bgmaps/AR0506SR.map 512 512 221 415 197 153 304.25
75 maps/bgmaps/AR0506SR.map 512 512 276 151 115 322 302.39
86 maps/bgmaps/AR0506SR.map 512 512 446 292 149 329 347.91
80 maps/bgmaps/AR0506SR.map 512 512 392 331 107 314 323.87
80 maps/bgmaps/AR0506SR.map 512 512 374 351 101 326 323.95
94 maps/bgmaps/AR0506SR.map 512 512 235 86 99 322 376.01
82 maps/bgmaps/AR0506SR.map 512 512 439 288 174 188 330.55
95 maps/bgmaps/AR0506SR.map 512 512 63 276 417 230 383.92
93 maps/bgmaps/AR0506SR.map 512 512 50 264 389 242 372.44
92 maps/bgmaps/AR0506SR.map 512 512 260 104 224 420 368.78
75 maps/bgmaps/AR0506SR.map 512 512 273 136 119 296 302.69
80 maps/bgmaps/AR0506SR.map 512 512 229 452 71 286 322.91
85 maps/bgmaps/AR0506SR.map 512 512 316 154 246 465 340.82
77 maps/bgmaps/AR0506SR.map 512 512 206 426 59 273 308.08
75 maps/bgmaps/AR0506SR.map 512 512 399 261 256 97 300.58
74 maps/bgmaps/AR0506SR.map 512 512 315 417 103 269 296.15
76 maps/bgmaps/AR0506SR.map 512 512 103 315 361 196 307.29
73 maps/bgmaps/AR0506SR.map 512 512 265 427 352 169 294.87
73 maps/bgmaps/AR0506SR.map 512 512 317 212 58 274 294.62
73 maps/bgmaps/AR0506SR.map 512 512 458 286 376 195 294.02
76 maps/bgmaps/AR0506SR.map 512 512 442 268 308 127 306.54
73 maps/bgmaps/AR0506SR.map 512 512 202 389 205 131 295.69
80 maps/bgmaps/AR0506SR.map 512 512 255 130 165 383 323.76
73 maps/bgmaps/AR0506SR.map 512 512 368 298 114 348 292.11
78 maps/bgmaps/AR0506SR.map 512 512 139 329 415 315 313.28
73 maps/bgmaps/AR0506SR.map 512 512 424 294 174 244 295.14
83 maps/bgmaps/AR0506SR.map 512 512 135 304 255 92 334.84
85 maps/bgmaps/AR0506SR.map 512 512 419 318 103 297 341.27
73 maps/bgmaps/AR0506SR.map 512 512 185 173 88 294 295.04
72 maps/bgmaps/AR0506SR.map 512 512 225 101 197 353 289.28
80 maps/bgmaps/AR0506SR.map 512 512 337 399 186 140 321.55
84 maps/bgmaps/AR0506SR.map 512 512 265 423 261 119 337.48
84 maps/bgmaps/AR0506SR.map 512 512 426 295 263 104 339.52
77 maps/bgmaps/AR0506SR.map 512 512 350 185 246 451 309.91
73 maps/bgmaps/AR0506SR.map 512 512 96 318 351 333 295.18
77 maps/bgmaps/AR0506SR.map 512 512 368 337 98 318 311.84
75 maps/bgmaps/AR0506SR.map 512 512 208 372 257 119 303.95
78 maps/bgmaps/AR0506SR.map 512 512 133 280 261 110 313.04
79 maps/bgmaps/AR0506SR.map 512 512 296 436 114 325 317.82
79 maps/bgmaps/AR0506SR.map 512 512 275 454 461 280 316.43
75 maps/bgmaps/AR0506SR.map 512 512 327 166 195 414 302.68
75 maps/bgmaps/AR0506SR.map 512 512 127 348 306 150 303.92
90 maps/bgmaps/AR0506SR.map 512 512 98 291 424 296 361.27
75 maps/bgmaps/AR0506SR.map 512 512 231 134 128 331 302.25
89 maps/bgmaps/AR0506SR.map 512 512 456 283 177 146 357.14
82 maps/bgmaps/AR0506SR.map 512 512 415 228 129 322 329.87
82 maps/bgmaps/AR0506SR.map 512 512 392 333 110 229 329.76
75 maps/bgmaps/AR0506SR.map 512 512 362 187 206 423 300.62
82 maps/bgmaps/AR0506SR.map 512 512 217 158 247 442 328.74
86 maps/bgmaps/AR0506SR.map 512 512 232 121 221 427 345.35
83 maps/bgmaps/AR0506SR.map 512 512 448 274 213 413 333.89
89 maps/bgmaps/AR0506SR.map 512 512 265 460 185 164 359.79
83 maps/bgmaps/AR0506SR.map 512 512 110 338 274 130 334.68
79 maps/bgmaps/AR0506SR.map 512 512 240 439 339 168 319.28
78 maps/bgmaps/AR0506SR.map 512 512 382 317 95 306 315.58
79 maps/bgmaps/AR0506SR.map 512 512 219 104 157 372 319.36
79 maps/bgmaps/AR0506SR.map 512 512 237 426 170 167 319.06
82 maps/bgmaps/AR0506SR.map 512 512 237 121 314 412 329.34
86 maps/bgmaps/AR0506SR.map 512 512 152 365 255 90 345.10
91 maps/bgmaps/AR0506SR.map 512 512 443 294 119 316 364.59
86 maps/bgmaps/AR0506SR.map 512 512 442 279 197 420 344.19
85 maps/bgmaps/AR0506SR.map 512 512 251 440 315 125 342.34
83 maps/bgmaps/AR0506SR.map 512 512 95 233 393 323 335.28
83 maps/bgmaps/AR0506SR.map 512 512 67 272 346 382 335.53
86 maps/bgmaps/AR0506SR.map 512 512 279 421 62 281 347.78
88 maps/bgmaps/AR0506SR.map 512 512 361 182 54 274 355.05
79 maps/bgmaps/AR0506SR.map 512 512 161 298 445 289 319.21
96 maps/bgmaps/AR0506SR.map 512 512 443 297 93 312 387.69
91 maps/bgmaps/AR0506SR.map 512 512 52 266 368 364 364.05
108 maps/bgmaps/AR0506SR.map 512 512 453 292 60 265 434.21
90 maps/bgmaps/AR0506SR.map 512 512 248 468 173 171 360.37
78 maps/bgmaps/AR0506SR.map 512 512 174 355 257 100 315.06
82 maps/bgmaps/AR0506SR.map 512 512 245 80 152 318 331.49
82 maps/bgmaps/AR0506SR.map 512 512 104 295 408 317 328.02
78 maps/bgmaps/AR0506SR.map 512 512 299 180 56 275 315.48
90 maps/bgmaps/AR0506SR.map 512 512 257 449 288 118 362.07
84 maps/bgmaps/AR0506SR.map 512 512 290 123 111 324 338.19
90 maps/bgmaps/AR0506SR.map 512 512 434 258 86 288 363.74
87 maps/bgmaps/AR0506SR.map 512 512 227 119 300 431 351.35
88 maps/bgmaps/AR0506SR.map 512 512 335 394 40 269 354.23
87 maps/bgmaps/AR0506SR.map 512 512 443 275 120 251 351.99
89 maps/bgmaps/AR0506SR.map 512 512 237 457 222 139 359.84
97 maps/bgmaps/AR0506SR.map 512 512 450 296 228 88 388.33
85 maps/bgmaps/AR0506SR.map 512 512 464 278 246 464 342.27
85 maps/bgmaps/AR0506SR.map 512 512 239 81 321 388 340.97
84 maps/bgmaps/AR0506SR.map 512 512 363 275 39 270 336.01
84 maps/bgmaps/AR0506SR.map 512 512 319 149 223 438 339.53
83 maps/bgmaps/AR0506SR.map 512 512 424 263 189 423 333.68
89 maps/bgmaps/AR0506SR.map 512 512 213 445 321 133 359.22
108 maps/bgmaps/AR0506SR.map 512 512 439 275 38 266 432.99
94 maps/bgmaps/AR0506SR.map 512 512 243 77 179 402 377.19
91 maps/bgmaps/AR0506SR.map 512 512 287 129 234 454 367.18
87 maps/bgmaps/AR0506SR.map 512 512 114 330 432 256 350.31
93 maps/bgmaps/AR0506SR.map 512 512 289 113 75 279 375.04
92 maps/bgmaps/AR0506SR.map 512 512 221 413 259 95 368.53
107 maps/bgmaps/AR0506SR.map 512 512 446 286 53 269 430.65
89 maps/bgmaps/AR0506SR.map 512 512 201 421 290 112 359.12
84 maps/bgmaps/AR0506SR.map 512 512 221 141 439 286 336.79
87 maps/bgmaps/AR0506SR.map 512 512 171 385 465 284 349.09
87 maps/bgmaps/AR0506SR.map 512 512 246 94 426 302 349.56
91 maps/bgmaps/AR0506SR.map 512 512 286 118 242 444 366.45
85 maps/bgmaps/AR0506SR.map 512 512 383 356 98 222 340.50
86 maps/bgmaps/AR0506SR.map 512 512 284 427 70 296 345.78
82 maps/bgmaps/AR0506SR.map 512 512 238 98 334 389 330.76
85 maps/bgmaps/AR0506SR.map 512 512 112 245 427 262 342.27
87 maps/bgmaps/AR0506SR.map 512 512 117 347 299 112 351.48
89 maps/bgmaps/AR0506SR.map 512 512 429 252 94 310 359.85
89 maps/bgmaps/AR0506SR.map 512 512 277 446 216 135 356.98
84 maps/bgmaps/AR0506SR.map 512 512 430 296 222 126 338.48
91 maps/bgmaps/AR0506SR.map 512 512 292 429 252 88 365.85
85 maps/bgmaps/AR0506SR.map 512 512 68 278 373 344 340.38
87 maps/bgmaps/AR0506SR.map 512 512 129 317 444 276 350.21
88 maps/bgmaps/AR0506SR.map 512 512 152 168 422 289 352.79
86 maps/bgmaps/AR0506SR.map 512 512 187 390 268 101 344.09
94 maps/bgmaps/AR0506SR.map 512 512 39 264 273 146 377.66
88 maps/bgmaps/AR0506SR.map 512 512 117 295 260 90 353.18
93 maps/bgmaps/AR0506SR.map 512 512 243 458 284 121 373.87
91 maps/bgmaps/AR0506SR.map 512 512 210 148 261 460 365.43
87 maps/bgmaps/AR0506SR.map 512 512 267 110 278 436 350.44
87 maps/bgmaps/AR0506SR.map 512 512 447 275 208 126 350.23
96 maps/bgmaps/AR0506SR.map 512 512 100 233 448 281 386.94
98 maps/bgmaps/AR0506SR.map 512 512 256 92 77 304 393.25
93 maps/bgmaps/AR0506SR.map 512 512 219 452 230 114 375.69
97 maps/bgmaps/AR0506SR.map 512 512 99 334 425 286 388.49
87 maps/bgmaps/AR0506SR.map 512 512 303 138 220 442 351.63
88 maps/bgmaps/AR0506SR.map 512 512 110 332 422 237 352.18
94 maps/bgmaps/AR0506SR.map 512 512 434 289 99 247 378.04
93 maps/bgmaps/AR0506SR.map 512 512 199 132 263 449 375.82
97 maps/bgmaps/AR0506SR.map 512 512 270 457 211 119 388.95
89 maps/bgmaps/AR0506SR.map 512 512 239 124 241 432 358.53
102 maps/bgmaps/AR0506SR.map 512 512 70 284 459 274 411.37
92 maps/bgmaps/AR0506SR.map 512 512 114 299 246 74 368.04
95 maps/bgmaps/AR0506SR.map 512 512 291 114 66 275 382.59
95 maps/bgmaps/AR0506SR.map 512 512 459 278 117 326 381.76
86 maps/bgmaps/AR0506SR.map 512 512 214 136 453 280 345.82
98 maps/bgmaps/AR0506SR.map 512 512 255 441 249 87 395.42
92 maps/bgmaps/AR0506SR.map 512 512 246 89 117 348 370.33
88 maps/bgmaps/AR0506SR.map 512 512 456 285 124 275 355.20
94 maps/bgmaps/AR0506SR.map 512 512 105 322 446 271 376.21
98 maps/bgmaps/AR0506SR.map 512 512 69 282 423 290 395.44
92 maps/bgmaps/AR0506SR.map 512 512 445 282 230 100 370.36
96 maps/bgmaps/AR0506SR.map 512 512 446 286 101 247 384.31
95 maps/bgmaps/AR0506SR.map 512 512 106 236 456 271 383.55
91 maps/bgmaps/AR0506SR.map 512 512 272 107 268 445 364.51
93 maps/bgmaps/AR0506SR.map 512 512 437 286 123 348 375.85
92 maps/bgmaps/AR0506SR.map 512 512 261 91 190 407 371.09
91 maps/bgmaps/AR0506SR.map 512 512 110 327 434 297 367.91
97 maps/bgmaps/AR0506SR.map 512 512 465 283 244 93 389.63
96 maps/bgmaps/AR0506SR.map 512 512 79 286 437 295 385.75
91 maps/bgmaps/AR0506SR.map 512 512 238 94 231 412 366.32
95 maps/bgmaps/AR0506SR.map 512 512 268 108 235 434 380.14
95 maps/bgmaps/AR0506SR.map 512 512 461 281 109 297 380.99
97 maps/bgmaps/AR0506SR.map 512 512 241 116 246 455 388.63
92 maps/bgmaps/AR0506SR.map 512 512 427 260 79 305 371.61
94 maps/bgmaps/AR0506SR.map 512 512 274 456 224 127 377.88
93 maps/bgmaps/AR0506SR.map 512 512 449 295 263 88 373.25
93 maps/bgmaps/AR0506SR.map 512 512 103 305 437 281 372.75
98 maps/bgmaps/AR0506SR.map 512 512 254 94 222 441 395.88
92 maps/bgmaps/AR0506SR.map 512 512 264 458 185 154 368.20
92 maps/bgmaps/AR0506SR.map 512 512 234 108 237 433 371.81
94 maps/bgmaps/AR0506SR.map 512 512 253 115 260 456 378.69
96 maps/bgmaps/AR0506SR.map 512 512 67 290 266 106 385.11
91 maps/bgmaps/AR0506SR.map 512 512 272 129 60 284 365.79
95 maps/bgmaps/AR0506SR.map 512 512 85 298 442 274 383.51
96 maps/bgmaps/AR0506SR.map 512 512 186 144 271 468 384.89
93 maps/bgmaps/AR0506SR.map 512 512 239 112 280 452 375.21
97 maps/bgmaps/AR0506SR.map 512 512 54 264 405 335 388.45
93 maps/bgmaps/AR0506SR.map 512 512 457 271 114 313 374.48
92 maps/bgmaps/AR0506SR.map 512 512 235 431 225 104 369.25
99 maps/bgmaps/AR0506SR.map 512 512 228 95 277 450 396.01
94 maps/bgmaps/AR0506SR.map 512 512 240 105 225 437 376.32
96 maps/bgmaps/AR0506SR.map 512 512 234 101 264 445 387.91
96 maps/bgmaps/AR0506SR.map 512 512 291 114 228 448 384.04
96 maps/bgmaps/AR0506SR.map 512 512 254 433 225 100 386.63
109 maps/bgmaps/AR0506SR.map 512 512 48 275 454 289 439.48
95 maps/bgmaps/AR0506SR.map 512 512 125 186 444 290 383.96
97 maps/bgmaps/AR0506SR.map 512 512 50 271 308 119 388.69
101 maps/bgmaps/AR0506SR.map 512 512 246 77 217 438 404.49
94 maps/bgmaps/AR0506SR.map 512 512 401 326 57 266 377.48
94 maps/bgmaps/AR0506SR.map 512 512 241 124 267 458 379.62
101 maps/bgmaps/AR0506SR.map 512 512 265 460 224 104 407.74
97 maps/bgmaps/AR0506SR.map 512 512 253 459 259 109 388.11
105 maps/bgmaps/AR0506SR.map 512 512 435 266 40 269 420.27
99 maps/bgmaps/AR0506SR.map 512 512 261 114 226 460 396.81
98 maps/bgmaps/AR0506SR.map 512 512 82 295 451 278 395.92
99 maps/bgmaps/AR0506SR.map 512 512 234 88 222 444 396.59
100 maps/bgmaps/AR0506SR.map 512 512 246 93 56 282 403.31
99 maps/bgmaps/AR0506SR.map 512 512 463 279 89 284 396.78
98 maps/bgmaps/AR0506SR.map 512 512 405 328 43 264 395.97
100 maps/bgmaps/AR0506SR.map 512 512 268 453 248 88 401.45
97 maps/bgmaps/AR0506SR.map 512 512 242 96 272 449 390.28
98 maps/bgmaps/AR0506SR.map 512 512 127 186 461 279 393.33
100 maps/bgmaps/AR0506SR.map 512 512 261 457 252 92 402.69
100 maps/bgmaps/AR0506SR.map 512 512 453 286 86 311 403.87
105 maps/bgmaps/AR0506SR.map 512 512 265 465 244 82 422.35
100 maps/bgmaps/AR0506SR.map 512 512 250 432 236 83 402.56
100 maps/bgmaps/AR0506SR.map 512 512 61 286 443 270 401.88
103 maps/bgmaps/AR0506SR.map 512 512 69 278 449 294 412.65
97 maps/bgmaps/AR0506SR.map 512 512 250 455 256 106 389.59
101 maps/bgmaps/AR0506SR.map 512 512 241 86 232 444 405.63
102 maps/bgmaps/AR0506SR.map 512 512 267 462 231 94 411.91
105 maps/bgmaps/AR0506SR.map 512 512 457 287 66 277 421.65
112 maps/bgmaps/AR0506SR.map 512 512 42 270 459 288 450.97
99 maps/bgmaps/AR0506SR.map 512 512 256 95 249 451 397.01
101 maps/bgmaps/AR0506SR.map 512 512 231 453 237 94 404.56
100 maps/bgmaps/AR0506SR.map 512 512 54 271 423 303 401.99
107 maps/bgmaps/AR0506SR.map 512 512 440 276 44 266 428.41
99 maps/bgmaps/AR0506SR.map 512 512 60 266 252 106 398.35
98 maps/bgmaps/AR0506SR.map 512 512 63 284 231 88 394.27
102 maps/bgmaps/AR0506SR.map 512 512 266 458 241 90 408.18
99 maps/bgmaps/AR0506SR.map 512 512 449 294 95 228 398.74
100 maps/bgmaps/AR0506SR.map 512 512 449 293 88 241 400.76
99 maps/bgmaps/AR0506SR.map 512 512 70 286 440 294 398.17
99 maps/bgmaps/AR0506SR.map 512 512 449 292 95 319 396.66
101 maps/bgmaps/AR0506SR.map 512 512 428 302 54 269 405.89
98 maps/bgmaps/AR0506SR.map 512 512 255 454 259 99 392.28
103 maps/bgmaps/AR0506SR.map 512 512 65 284 248 74 413.31
105 maps/bgmaps/AR0506SR.map 512 512 459 272 65 271 423.85
111 maps/bgmaps/AR0506SR.map 512 512 43 270 457 285 446.72
101 maps/bgmaps/AR0506SR.map 512 512 259 457 239 93 407.91
101 maps/bgmaps/AR0506SR.map 512 512 55 271 430 303 405.65
103 maps/bgmaps/AR0506SR.map 512 512 235 86 271 461 415.59
110 maps/bgmaps/AR0506SR.map 512 512 241 79 38 264 440.69
101 maps/bgmaps/AR0506SR.map 512 512 465 279 101 222 407.84
103 maps/bgmaps/AR0506SR.map 512 512 67 291 448 292 412.07
103 maps/bgmaps/AR0506SR.map 512 512 426 292 53 271 415.24
101 maps/bgmaps/AR0506SR.map 512 512 243 102 47 274 405.38
100 maps/bgmaps/AR0506SR.map 512 512 236 102 243 455 403.12
102 maps/bgmaps/AR0506SR.map 512 512 91 236 462 282 409.11
