version 1.0
71 maps/bgmaps/AR0310SR.map 512 512 185 437 418 311 285.19
62 maps/bgmaps/AR0310SR.map 512 512 333 417 101 423 250.23
62 maps/bgmaps/AR0310SR.map 512 512 233 461 142 248 250.69
33 maps/bgmaps/AR0310SR.map 512 512 314 294 353 412 134.15
56 maps/bgmaps/AR0310SR.map 512 512 342 274 148 354 227.14
30 maps/bgmaps/AR0310SR.map 512 512 196 333 92 373 120.57
48 maps/bgmaps/AR0310SR.map 512 512 368 303 189 343 195.57
19 maps/bgmaps/AR0310SR.map 512 512 104 478 176 463 78.21
19 maps/bgmaps/AR0310SR.map 512 512 333 374 402 396 78.11
56 maps/bgmaps/AR0310SR.map 512 512 223 231 388 367 224.85
29 maps/bgmaps/AR0310SR.map 512 512 268 157 303 262 119.50
69 maps/bgmaps/AR0310SR.map 512 512 290 229 96 425 276.36
24 maps/bgmaps/AR0310SR.map 512 512 386 235 336 313 98.71
2 maps/bgmaps/AR0310SR.map 512 512 274 226 270 216 11.66
74 maps/bgmaps/AR0310SR.map 512 512 154 505 269 254 298.63
28 maps/bgmaps/AR0310SR.map 512 512 153 343 102 437 115.12
26 maps/bgmaps/AR0310SR.map 512 512 162 369 202 281 104.57
11 maps/bgmaps/AR0310SR.map 512 512 136 375 170 346 46.01
64 maps/bgmaps/AR0310SR.map 512 512 340 337 145 488 257.55
64 maps/bgmaps/AR0310SR.map 512 512 155 280 359 413 259.09
61 maps/bgmaps/AR0310SR.map 512 512 398 346 183 413 245.68
42 maps/bgmaps/AR0310SR.map 512 512 281 313 213 454 169.17
38 maps/bgmaps/AR0310SR.map 512 512 341 276 198 300 152.94
15 maps/bgmaps/AR0310SR.map 512 512 145 426 190 464 60.74
89 maps/bgmaps/AR0310SR.map 512 512 410 196 226 476 356.22
47 maps/bgmaps/AR0310SR.map 512 512 302 346 415 204 188.81
44 maps/bgmaps/AR0310SR.map 512 512 228 246 333 381 178.49
44 maps/bgmaps/AR0310SR.map 512 512 113 454 166 299 176.95
44 maps/bgmaps/AR0310SR.map 512 512 417 193 335 161 178.65
58 maps/bgmaps/AR0310SR.map 512 512 430 327 250 193 235.50
62 maps/bgmaps/AR0310SR.map 512 512 179 261 120 487 250.44
11 maps/bgmaps/AR0310SR.map 512 512 152 458 113 441 46.04
44 maps/bgmaps/AR0310SR.map 512 512 353 270 208 350 178.14
65 maps/bgmaps/AR0310SR.map 512 512 365 306 146 410 262.08
69 maps/bgmaps/AR0310SR.map 512 512 123 343 386 382 279.15
58 maps/bgmaps/AR0310SR.map 512 512 157 348 307 178 232.13
77 maps/bgmaps/AR0310SR.map 512 512 428 322 177 469 311.89
19 maps/bgmaps/AR0310SR.map 512 512 97 469 114 398 78.04
31 maps/bgmaps/AR0310SR.map 512 512 193 277 190 403 127.24
21 maps/bgmaps/AR0310SR.map 512 512 349 375 320 300 87.01
48 maps/bgmaps/AR0310SR.map 512 512 214 388 321 238 194.32
41 maps/bgmaps/AR0310SR.map 512 512 306 323 253 450 164.79
41 maps/bgmaps/AR0310SR.map 512 512 234 433 168 293 167.34
53 maps/bgmaps/AR0310SR.map 512 512 153 258 124 455 214.81
48 maps/bgmaps/AR0310SR.map 512 512 279 299 122 388 193.87
32 maps/bgmaps/AR0310SR.map 512 512 258 479 226 363 129.25
35 maps/bgmaps/AR0310SR.map 512 512 133 380 249 443 142.10
46 maps/bgmaps/AR0310SR.map 512 512 264 323 164 466 184.42
46 maps/bgmaps/AR0310SR.map 512 512 437 312 299 428 186.05
21 maps/bgmaps/AR0310SR.map 512 512 208 387 181 461 85.18
21 maps/bgmaps/AR0310SR.map 512 512 313 334 324 253 85.56
39 maps/bgmaps/AR0310SR.map 512 512 124 477 275 464 156.38
64 maps/bgmaps/AR0310SR.map 512 512 190 233 98 451 256.11
57 maps/bgmaps/AR0310SR.map 512 512 95 376 303 321 230.78
59 maps/bgmaps/AR0310SR.map 512 512 366 370 167 276 237.94
47 maps/bgmaps/AR0310SR.map 512 512 333 418 212 285 188.98
22 maps/bgmaps/AR0310SR.map 512 512 214 325 164 257 88.71
38 maps/bgmaps/AR0310SR.map 512 512 365 244 223 274 154.43
9 maps/bgmaps/AR0310SR.map 512 512 339 354 337 317 37.83
59 maps/bgmaps/AR0310SR.map 512 512 333 239 288 459 238.64
26 maps/bgmaps/AR0310SR.map 512 512 294 213 391 224 107.36
22 maps/bgmaps/AR0310SR.map 512 512 208 338 163 410 90.64
27 maps/bgmaps/AR0310SR.map 512 512 131 495 229 470 108.36
60 maps/bgmaps/AR0310SR.map 512 512 225 387 436 308 243.72
30 maps/bgmaps/AR0310SR.map 512 512 373 406 417 304 120.23
28 maps/bgmaps/AR0310SR.map 512 512 282 280 176 259 114.70
25 maps/bgmaps/AR0310SR.map 512 512 194 362 197 263 100.24
51 maps/bgmaps/AR0310SR.map 512 512 305 234 210 401 206.35
63 maps/bgmaps/AR0310SR.map 512 512 313 224 173 421 254.99
43 maps/bgmaps/AR0310SR.map 512 512 177 238 196 405 174.87
83 maps/bgmaps/AR0310SR.map 512 512 250 199 113 477 334.75
41 maps/bgmaps/AR0310SR.map 512 512 276 187 255 345 166.70
6 maps/bgmaps/AR0310SR.map 512 512 304 241 316 261 24.97
34 maps/bgmaps/AR0310SR.map 512 512 347 422 249 401 138.58
69 maps/bgmaps/AR0310SR.map 512 512 407 379 172 485 278.91
55 maps/bgmaps/AR0310SR.map 512 512 309 375 106 410 222.57
6 maps/bgmaps/AR0310SR.map 512 512 306 208 296 228 24.14
42 maps/bgmaps/AR0310SR.map 512 512 151 345 218 201 171.75
63 maps/bgmaps/AR0310SR.map 512 512 422 196 192 250 252.37
74 maps/bgmaps/AR0310SR.map 512 512 429 328 172 430 299.25
41 maps/bgmaps/AR0310SR.map 512 512 196 359 336 408 165.57
13 maps/bgmaps/AR0310SR.map 512 512 231 187 223 236 52.31
70 maps/bgmaps/AR0310SR.map 512 512 236 505 166 250 283.99
80 maps/bgmaps/AR0310SR.map 512 512 92 454 312 224 321.13
88 maps/bgmaps/AR0310SR.map 512 512 163 504 255 188 354.11
63 maps/bgmaps/AR0310SR.map 512 512 217 447 233 198 255.63
99 maps/bgmaps/AR0310SR.map 512 512 256 137 94 466 396.10
31 maps/bgmaps/AR0310SR.map 512 512 343 364 356 242 127.38
47 maps/bgmaps/AR0310SR.map 512 512 371 237 210 311 191.65
12 maps/bgmaps/AR0310SR.map 512 512 136 462 173 430 50.25
36 maps/bgmaps/AR0310SR.map 512 512 198 302 323 353 146.12
24 maps/bgmaps/AR0310SR.map 512 512 412 360 329 326 97.08
59 maps/bgmaps/AR0310SR.map 512 512 177 388 322 211 237.06
70 maps/bgmaps/AR0310SR.map 512 512 422 347 167 409 280.68
57 maps/bgmaps/AR0310SR.map 512 512 186 284 220 499 229.08
39 maps/bgmaps/AR0310SR.map 512 512 190 360 294 449 158.44
20 maps/bgmaps/AR0310SR.map 512 512 164 406 95 373 82.67
69 maps/bgmaps/AR0310SR.map 512 512 279 175 163 406 279.05
46 maps/bgmaps/AR0310SR.map 512 512 98 435 272 466 186.84
10 maps/bgmaps/AR0310SR.map 512 512 190 448 152 434 43.80
43 maps/bgmaps/AR0310SR.map 512 512 239 491 99 405 175.62
22 maps/bgmaps/AR0310SR.map 512 512 241 458 164 494 91.91
24 maps/bgmaps/AR0310SR.map 512 512 321 382 386 338 97.87
69 maps/bgmaps/AR0310SR.map 512 512 161 238 342 433 278.76
68 maps/bgmaps/AR0310SR.map 512 512 245 453 282 200 275.78
41 maps/bgmaps/AR0310SR.map 512 512 134 378 253 264 166.22
31 maps/bgmaps/AR0310SR.map 512 512 139 373 166 258 126.18
52 maps/bgmaps/AR0310SR.map 512 512 116 392 284 288 211.08
19 maps/bgmaps/AR0310SR.map 512 512 279 292 343 258 78.08
57 maps/bgmaps/AR0310SR.map 512 512 222 199 103 374 230.74
34 maps/bgmaps/AR0310SR.map 512 512 206 256 244 378 137.74
44 maps/bgmaps/AR0310SR.map 512 512 262 342 184 487 177.31
52 maps/bgmaps/AR0310SR.map 512 512 300 275 120 352 211.89
51 maps/bgmaps/AR0310SR.map 512 512 240 397 309 218 207.58
22 maps/bgmaps/AR0310SR.map 512 512 315 331 239 364 89.67
38 maps/bgmaps/AR0310SR.map 512 512 186 474 201 326 154.21
44 maps/bgmaps/AR0310SR.map 512 512 170 295 88 440 178.97
53 maps/bgmaps/AR0310SR.map 512 512 187 322 246 135 214.75
22 maps/bgmaps/AR0310SR.map 512 512 347 297 397 365 89.88
69 maps/bgmaps/AR0310SR.map 512 512 98 435 302 259 276.90
14 maps/bgmaps/AR0310SR.map 512 512 409 384 386 334 59.53
15 maps/bgmaps/AR0310SR.map 512 512 270 334 237 284 63.67
42 maps/bgmaps/AR0310SR.map 512 512 212 395 256 243 170.23
49 maps/bgmaps/AR0310SR.map 512 512 206 371 224 180 198.46
32 maps/bgmaps/AR0310SR.map 512 512 442 316 342 390 130.65
25 maps/bgmaps/AR0310SR.map 512 512 240 384 142 375 101.73
38 maps/bgmaps/AR0310SR.map 512 512 271 298 140 244 153.37
13 maps/bgmaps/AR0310SR.map 512 512 221 368 273 372 53.66
48 maps/bgmaps/AR0310SR.map 512 512 100 401 248 292 193.15
52 maps/bgmaps/AR0310SR.map 512 512 388 403 252 249 210.33
37 maps/bgmaps/AR0310SR.map 512 512 132 465 249 387 149.31
58 maps/bgmaps/AR0310SR.map 512 512 105 379 293 267 234.39
45 maps/bgmaps/AR0310SR.map 512 512 221 348 314 205 181.52
49 maps/bgmaps/AR0310SR.map 512 512 318 268 277 449 199.64
53 maps/bgmaps/AR0310SR.map 512 512 406 387 326 208 212.14
38 maps/bgmaps/AR0310SR.map 512 512 307 217 410 302 154.89
31 maps/bgmaps/AR0310SR.map 512 512 168 360 291 364 124.66
31 maps/bgmaps/AR0310SR.map 512 512 258 382 315 278 127.61
46 maps/bgmaps/AR0310SR.map 512 512 163 415 284 278 187.12
19 maps/bgmaps/AR0310SR.map 512 512 345 292 287 245 77.47
102 maps/bgmaps/AR0310SR.map 512 512 223 494 344 135 409.12
54 maps/bgmaps/AR0310SR.map 512 512 95 433 256 293 218.99
51 maps/bgmaps/AR0310SR.map 512 512 167 245 340 322 204.89
19 maps/bgmaps/AR0310SR.map 512 512 111 481 183 464 79.04
26 maps/bgmaps/AR0310SR.map 512 512 330 411 260 391 105.40
50 maps/bgmaps/AR0310SR.map 512 512 300 222 380 387 201.45
50 maps/bgmaps/AR0310SR.map 512 512 192 309 348 414 201.25
24 maps/bgmaps/AR0310SR.map 512 512 274 473 182 463 96.14
61 maps/bgmaps/AR0310SR.map 512 512 262 444 355 249 244.07
27 maps/bgmaps/AR0310SR.map 512 512 187 421 269 352 110.58
60 maps/bgmaps/AR0310SR.map 512 512 299 281 144 459 242.20
12 maps/bgmaps/AR0310SR.map 512 512 289 460 245 448 48.97
6 maps/bgmaps/AR0310SR.map 512 512 140 339 130 360 25.14
23 maps/bgmaps/AR0310SR.map 512 512 342 237 261 273 95.91
28 maps/bgmaps/AR0310SR.map 512 512 231 445 249 337 115.46
38 maps/bgmaps/AR0310SR.map 512 512 288 329 185 440 153.66
16 maps/bgmaps/AR0310SR.map 512 512 249 338 266 279 66.04
53 maps/bgmaps/AR0310SR.map 512 512 360 242 205 387 215.06
56 maps/bgmaps/AR0310SR.map 512 512 111 400 245 230 225.50
45 maps/bgmaps/AR0310SR.map 512 512 422 366 251 337 183.01
46 maps/bgmaps/AR0310SR.map 512 512 277 436 113 399 184.30
32 maps/bgmaps/AR0310SR.map 512 512 189 242 312 255 128.38
46 maps/bgmaps/AR0310SR.map 512 512 170 339 309 222 187.46
32 maps/bgmaps/AR0310SR.map 512 512 400 229 302 302 128.24
46 maps/bgmaps/AR0310SR.map 512 512 203 291 181 469 187.11
25 maps/bgmaps/AR0310SR.map 512 512 200 460 227 371 100.18
44 maps/bgmaps/AR0310SR.map 512 512 151 436 321 429 177.87
14 maps/bgmaps/AR0310SR.map 512 512 257 338 295 294 59.74
48 maps/bgmaps/AR0310SR.map 512 512 414 311 250 380 192.58
25 maps/bgmaps/AR0310SR.map 512 512 204 368 195 268 103.73
12 maps/bgmaps/AR0310SR.map 512 512 216 234 249 198 49.67
56 maps/bgmaps/AR0310SR.map 512 512 407 215 255 377 226.13
6 maps/bgmaps/AR0310SR.map 512 512 276 303 275 278 25.41
24 maps/bgmaps/AR0310SR.map 512 512 249 293 279 207 98.43
44 maps/bgmaps/AR0310SR.map 512 512 259 320 190 470 178.58
43 maps/bgmaps/AR0310SR.map 512 512 123 362 260 270 175.11
28 maps/bgmaps/AR0310SR.map 512 512 244 380 328 410 115.01
29 maps/bgmaps/AR0310SR.map 512 512 141 336 182 236 116.98
31 maps/bgmaps/AR0310SR.map 512 512 251 451 158 372 125.72
27 maps/bgmaps/AR0310SR.map 512 512 240 344 195 251 111.64
12 maps/bgmaps/AR0310SR.map 512 512 136 355 172 320 50.50
39 maps/bgmaps/AR0310SR.map 512 512 336 433 419 311 156.38
29 maps/bgmaps/AR0310SR.map 512 512 190 263 296 291 117.60
10 maps/bgmaps/AR0310SR.map 512 512 251 400 221 375 40.36
68 maps/bgmaps/AR0310SR.map 512 512 138 495 316 295 273.73
60 maps/bgmaps/AR0310SR.map 512 512 229 456 188 229 243.98
50 maps/bgmaps/AR0310SR.map 512 512 196 316 259 140 202.10
2 maps/bgmaps/AR0310SR.map 512 512 347 417 356 414 10.24
17 maps/bgmaps/AR0310SR.map 512 512 245 280 262 219 68.04
51 maps/bgmaps/AR0310SR.map 512 512 305 445 118 398 206.47
43 maps/bgmaps/AR0310SR.map 512 512 289 185 374 325 175.21
26 maps/bgmaps/AR0310SR.map 512 512 141 496 153 394 106.97
22 maps/bgmaps/AR0310SR.map 512 512 186 252 213 332 91.18
73 maps/bgmaps/AR0310SR.map 512 512 277 445 409 208 292.85
38 maps/bgmaps/AR0310SR.map 512 512 315 211 414 308 155.58
33 maps/bgmaps/AR0310SR.map 512 512 209 283 118 380 134.69
59 maps/bgmaps/AR0310SR.map 512 512 309 426 235 227 238.76
26 maps/bgmaps/AR0310SR.map 512 512 184 187 206 188 104.31
93 maps/bgmaps/AR0310SR.map 512 512 431 327 96 417 372.28
27 maps/bgmaps/AR0310SR.map 512 512 264 389 182 324 108.92
36 maps/bgmaps/AR0310SR.map 512 512 297 221 303 363 144.49
3 maps/bgmaps/AR0310SR.map 512 512 318 360 314 347 14.66
82 maps/bgmaps/AR0310SR.map 512 512 132 365 434 302 328.10
46 maps/bgmaps/AR0310SR.map 512 512 185 284 228 453 186.81
63 maps/bgmaps/AR0310SR.map 512 512 133 333 349 239 254.94
6 maps/bgmaps/AR0310SR.map 512 512 269 368 283 346 27.80
24 maps/bgmaps/AR0310SR.map 512 512 315 370 221 365 96.07
47 maps/bgmaps/AR0310SR.map 512 512 284 259 326 433 191.40
14 maps/bgmaps/AR0310SR.map 512 512 206 197 260 211 59.80
76 maps/bgmaps/AR0310SR.map 512 512 145 466 336 239 306.11
31 maps/bgmaps/AR0310SR.map 512 512 254 334 347 256 125.31
46 maps/bgmaps/AR0310SR.map 512 512 316 432 249 279 184.07
66 maps/bgmaps/AR0310SR.map 512 512 320 301 115 450 266.72
36 maps/bgmaps/AR0310SR.map 512 512 293 297 310 428 146.33
52 maps/bgmaps/AR0310SR.map 512 512 275 380 259 176 210.63
62 maps/bgmaps/AR0310SR.map 512 512 308 267 119 416 250.72
28 maps/bgmaps/AR0310SR.map 512 512 181 372 95 436 112.51
10 maps/bgmaps/AR0310SR.map 512 512 266 285 238 255 41.60
33 maps/bgmaps/AR0310SR.map 512 512 178 248 146 369 134.25
47 maps/bgmaps/AR0310SR.map 512 512 399 216 342 384 191.61
14 maps/bgmaps/AR0310SR.map 512 512 204 417 255 397 59.28
16 maps/bgmaps/AR0310SR.map 512 512 358 248 355 313 66.24
14 maps/bgmaps/AR0310SR.map 512 512 191 288 148 322 57.08
15 maps/bgmaps/AR0310SR.map 512 512 310 258 340 309 63.43
30 maps/bgmaps/AR0310SR.map 512 512 253 348 235 235 120.46
57 maps/bgmaps/AR0310SR.map 512 512 258 354 335 154 231.89
37 maps/bgmaps/AR0310SR.map 512 512 207 308 358 308 151.00
54 maps/bgmaps/AR0310SR.map 512 512 272 284 104 403 217.29
57 maps/bgmaps/AR0310SR.map 512 512 314 268 131 378 228.56
37 maps/bgmaps/AR0310SR.map 512 512 310 353 234 464 149.51
85 maps/bgmaps/AR0310SR.map 512 512 395 387 80 427 343.99
54 maps/bgmaps/AR0310SR.map 512 512 165 391 340 286 218.49
77 maps/bgmaps/AR0310SR.map 512 512 153 377 332 141 310.14
34 maps/bgmaps/AR0310SR.map 512 512 261 348 272 438 139.08
15 maps/bgmaps/AR0310SR.map 512 512 278 370 219 376 61.49
9 maps/bgmaps/AR0310SR.map 512 512 302 344 318 313 37.63
28 maps/bgmaps/AR0310SR.map 512 512 165 303 209 397 112.23
34 maps/bgmaps/AR0310SR.map 512 512 144 424 264 385 136.15
26 maps/bgmaps/AR0310SR.map 512 512 343 234 264 173 104.27
58 maps/bgmaps/AR0310SR.map 512 512 286 193 375 387 232.04
37 maps/bgmaps/AR0310SR.map 512 512 371 244 317 370 148.37
78 maps/bgmaps/AR0310SR.map 512 512 92 392 389 357 313.25
3 maps/bgmaps/AR0310SR.map 512 512 258 128 251 141 15.90
22 maps/bgmaps/AR0310SR.map 512 512 259 284 177 269 88.21
46 maps/bgmaps/AR0310SR.map 512 512 315 379 163 443 185.72
48 maps/bgmaps/AR0310SR.map 512 512 142 243 313 296 192.95
53 maps/bgmaps/AR0310SR.map 512 512 357 382 171 450 214.17
35 maps/bgmaps/AR0310SR.map 512 512 118 379 221 287 141.11
61 maps/bgmaps/AR0310SR.map 512 512 172 452 267 244 247.35
38 maps/bgmaps/AR0310SR.map 512 512 159 236 269 340 153.66
34 maps/bgmaps/AR0310SR.map 512 512 216 433 97 385 138.88
62 maps/bgmaps/AR0310SR.map 512 512 85 459 143 246 251.11
35 maps/bgmaps/AR0310SR.map 512 512 429 311 325 393 143.24
41 maps/bgmaps/AR0310SR.map 512 512 92 447 219 352 166.35
16 maps/bgmaps/AR0310SR.map 512 512 223 403 227 469 67.66
60 maps/bgmaps/AR0310SR.map 512 512 243 259 161 467 241.97
45 maps/bgmaps/AR0310SR.map 512 512 242 353 107 470 183.46
51 maps/bgmaps/AR0310SR.map 512 512 128 338 329 353 207.21
15 maps/bgmaps/AR0310SR.map 512 512 163 472 194 423 61.84
64 maps/bgmaps/AR0310SR.map 512 512 192 428 422 364 256.51
34 maps/bgmaps/AR0310SR.map 512 512 125 380 162 502 137.33
53 maps/bgmaps/AR0310SR.map 512 512 102 471 183 291 213.55
31 maps/bgmaps/AR0310SR.map 512 512 270 448 266 363 124.40
61 maps/bgmaps/AR0310SR.map 512 512 153 375 381 409 245.40
57 maps/bgmaps/AR0310SR.map 512 512 136 415 348 421 231.88
32 maps/bgmaps/AR0310SR.map 512 512 270 269 188 367 131.97
47 maps/bgmaps/AR0310SR.map 512 512 245 331 397 238 190.52
43 maps/bgmaps/AR0310SR.map 512 512 105 422 270 445 174.53
26 maps/bgmaps/AR0310SR.map 512 512 171 448 93 382 105.34
61 maps/bgmaps/AR0310SR.map 512 512 327 316 104 369 247.44
37 maps/bgmaps/AR0310SR.map 512 512 275 365 131 377 148.97
56 maps/bgmaps/AR0310SR.map 512 512 102 350 243 233 224.09
55 maps/bgmaps/AR0310SR.map 512 512 348 360 270 173 220.48
38 maps/bgmaps/AR0310SR.map 512 512 139 392 274 344 154.88
23 maps/bgmaps/AR0310SR.map 512 512 318 434 317 343 93.07
36 maps/bgmaps/AR0310SR.map 512 512 260 218 325 336 144.92
39 maps/bgmaps/AR0310SR.map 512 512 236 342 238 185 157.83
34 maps/bgmaps/AR0310SR.map 512 512 209 428 256 309 138.47
42 maps/bgmaps/AR0310SR.map 512 512 144 375 294 326 170.30
65 maps/bgmaps/AR0310SR.map 512 512 144 232 372 316 262.79
13 maps/bgmaps/AR0310SR.map 512 512 175 264 186 315 55.56
74 maps/bgmaps/AR0310SR.map 512 512 253 159 111 397 296.82
38 maps/bgmaps/AR0310SR.map 512 512 227 359 100 428 155.58
41 maps/bgmaps/AR0310SR.map 512 512 342 361 192 325 164.91
24 maps/bgmaps/AR0310SR.map 512 512 185 191 230 199 98.84
27 maps/bgmaps/AR0310SR.map 512 512 410 375 305 365 109.14
54 maps/bgmaps/AR0310SR.map 512 512 361 255 144 255 217.00
30 maps/bgmaps/AR0310SR.map 512 512 198 373 129 466 121.58
28 maps/bgmaps/AR0310SR.map 512 512 144 403 226 329 112.65
39 maps/bgmaps/AR0310SR.map 512 512 187 323 87 441 159.42
14 maps/bgmaps/AR0310SR.map 512 512 137 478 194 476 57.83
21 maps/bgmaps/AR0310SR.map 512 512 129 457 196 412 85.64
25 maps/bgmaps/AR0310SR.map 512 512 186 294 264 349 100.78
40 maps/bgmaps/AR0310SR.map 512 512 337 254 208 333 161.72
43 maps/bgmaps/AR0310SR.map 512 512 264 476 193 330 175.41
14 maps/bgmaps/AR0310SR.map 512 512 119 452 162 485 56.67
60 maps/bgmaps/AR0310SR.map 512 512 349 243 142 328 242.21
51 maps/bgmaps/AR0310SR.map 512 512 335 416 152 412 206.20
67 maps/bgmaps/AR0310SR.map 512 512 132 459 317 267 268.63
41 maps/bgmaps/AR0310SR.map 512 512 315 410 179 483 166.24
42 maps/bgmaps/AR0310SR.map 512 512 284 293 447 313 171.28
61 maps/bgmaps/AR0310SR.map 512 512 423 355 185 354 246.70
41 maps/bgmaps/AR0310SR.map 512 512 233 371 136 246 165.18
12 maps/bgmaps/AR0310SR.map 512 512 239 333 276 302 49.84
25 maps/bgmaps/AR0310SR.map 512 512 162 379 201 463 100.15
57 maps/bgmaps/AR0310SR.map 512 512 171 252 355 367 231.63
68 maps/bgmaps/AR0310SR.map 512 512 297 445 403 216 272.91
16 maps/bgmaps/AR0310SR.map 512 512 237 306 254 248 65.04
13 maps/bgmaps/AR0310SR.map 512 512 202 377 251 364 54.38
18 maps/bgmaps/AR0310SR.map 512 512 167 385 232 365 73.28
72 maps/bgmaps/AR0310SR.map 512 512 209 191 430 355 288.93
26 maps/bgmaps/AR0310SR.map 512 512 315 356 283 262 107.25
40 maps/bgmaps/AR0310SR.map 512 512 326 160 262 297 163.51
92 maps/bgmaps/AR0310SR.map 512 512 261 146 142 466 369.29
18 maps/bgmaps/AR0310SR.map 512 512 293 366 243 413 72.40
5 maps/bgmaps/AR0310SR.map 512 512 110 453 95 470 23.21
25 maps/bgmaps/AR0310SR.map 512 512 330 240 287 325 102.81
29 maps/bgmaps/AR0310SR.map 512 512 164 336 85 422 118.72
32 maps/bgmaps/AR0310SR.map 512 512 248 375 193 484 131.78
29 maps/bgmaps/AR0310SR.map 512 512 283 235 184 280 117.64
37 maps/bgmaps/AR0310SR.map 512 512 187 451 195 304 150.31
13 maps/bgmaps/AR0310SR.map 512 512 156 457 151 406 53.07
55 maps/bgmaps/AR0310SR.map 512 512 387 332 189 273 222.44
67 maps/bgmaps/AR0310SR.map 512 512 192 475 237 223 270.64
66 maps/bgmaps/AR0310SR.map 512 512 79 446 312 371 264.07
18 maps/bgmaps/AR0310SR.map 512 512 194 397 208 466 74.80
30 maps/bgmaps/AR0310SR.map 512 512 372 243 262 276 123.67
44 maps/bgmaps/AR0310SR.map 512 512 138 239 311 249 177.14
44 maps/bgmaps/AR0310SR.map 512 512 193 372 306 241 177.81
17 maps/bgmaps/AR0310SR.map 512 512 219 225 275 257 69.25
93 maps/bgmaps/AR0310SR.map 512 512 214 475 338 153 373.36
6 maps/bgmaps/AR0310SR.map 512 512 193 237 211 222 25.97
63 maps/bgmaps/AR0310SR.map 512 512 148 329 384 377 255.88
80 maps/bgmaps/AR0310SR.map 512 512 101 463 269 212 320.59
47 maps/bgmaps/AR0310SR.map 512 512 284 369 242 197 189.40
24 maps/bgmaps/AR0310SR.map 512 512 369 311 284 338 96.18
39 maps/bgmaps/AR0310SR.map 512 512 347 322 206 280 158.40
58 maps/bgmaps/AR0310SR.map 512 512 170 263 86 462 233.79
18 maps/bgmaps/AR0310SR.map 512 512 174 428 108 408 74.28
59 maps/bgmaps/AR0310SR.map 512 512 257 301 176 504 236.55
77 maps/bgmaps/AR0310SR.map 512 512 298 175 100 346 309.70
36 maps/bgmaps/AR0310SR.map 512 512 155 249 185 381 144.43
54 maps/bgmaps/AR0310SR.map 512 512 366 391 189 292 218.01
28 maps/bgmaps/AR0310SR.map 512 512 275 453 216 377 113.33
36 maps/bgmaps/AR0310SR.map 512 512 323 296 233 186 147.28
40 maps/bgmaps/AR0310SR.map 512 512 171 412 312 424 160.88
34 maps/bgmaps/AR0310SR.map 512 512 232 391 357 386 139.50
54 maps/bgmaps/AR0310SR.map 512 512 87 459 199 287 218.39
32 maps/bgmaps/AR0310SR.map 512 512 339 407 349 281 130.14
55 maps/bgmaps/AR0310SR.map 512 512 330 426 234 245 220.76
52 maps/bgmaps/AR0310SR.map 512 512 129 364 207 188 208.31
35 maps/bgmaps/AR0310SR.map 512 512 315 212 182 236 142.94
11 maps/bgmaps/AR0310SR.map 512 512 177 263 208 229 46.84
45 maps/bgmaps/AR0310SR.map 512 512 263 363 285 190 182.11
49 maps/bgmaps/AR0310SR.map 512 512 292 453 104 475 197.11
75 maps/bgmaps/AR0310SR.map 512 512 268 189 260 466 300.20
42 maps/bgmaps/AR0310SR.map 512 512 128 331 270 267 168.51
49 maps/bgmaps/AR0310SR.map 512 512 420 362 273 239 197.95
60 maps/bgmaps/AR0310SR.map 512 512 201 362 429 332 242.91
15 maps/bgmaps/AR0310SR.map 512 512 77 429 122 467 60.74
10 maps/bgmaps/AR0310SR.map 512 512 343 346 309 361 40.21
43 maps/bgmaps/AR0310SR.map 512 512 254 400 327 256 174.24
27 maps/bgmaps/AR0310SR.map 512 512 160 270 143 374 111.04
59 maps/bgmaps/AR0310SR.map 512 512 413 349 339 157 239.22
58 maps/bgmaps/AR0310SR.map 512 512 152 469 305 298 234.37
30 maps/bgmaps/AR0310SR.map 512 512 273 250 337 345 121.51
40 maps/bgmaps/AR0310SR.map 512 512 340 313 190 285 161.60
14 maps/bgmaps/AR0310SR.map 512 512 150 386 95 377 58.73
24 maps/bgmaps/AR0310SR.map 512 512 242 324 318 271 97.95
28 maps/bgmaps/AR0310SR.map 512 512 365 392 365 293 114.74
54 maps/bgmaps/AR0310SR.map 512 512 224 253 372 409 217.30
62 maps/bgmaps/AR0310SR.map 512 512 358 267 158 387 249.71
85 maps/bgmaps/AR0310SR.map 512 512 259 157 116 439 341.23
20 maps/bgmaps/AR0310SR.map 512 512 228 441 241 366 80.38
66 maps/bgmaps/AR0310SR.map 512 512 177 290 405 382 266.11
82 maps/bgmaps/AR0310SR.map 512 512 404 346 113 440 329.94
4 maps/bgmaps/AR0310SR.map 512 512 196 265 212 267 16.83
40 maps/bgmaps/AR0310SR.map 512 512 303 198 265 343 160.74
88 maps/bgmaps/AR0310SR.map 512 512 81 454 399 368 353.62
74 maps/bgmaps/AR0310SR.map 512 512 100 348 344 430 297.28
64 maps/bgmaps/AR0310SR.map 512 512 136 481 360 402 256.72
2 maps/bgmaps/AR0310SR.map 512 512 271 297 263 302 10.07
25 maps/bgmaps/AR0310SR.map 512 512 230 182 324 165 101.04
63 maps/bgmaps/AR0310SR.map 512 512 264 139 128 336 255.68
28 maps/bgmaps/AR0310SR.map 512 512 184 280 180 394 115.66
30 maps/bgmaps/AR0310SR.map 512 512 208 430 291 341 123.38
39 maps/bgmaps/AR0310SR.map 512 512 294 330 220 201 159.65
36 maps/bgmaps/AR0310SR.map 512 512 382 245 440 334 146.10
90 maps/bgmaps/AR0310SR.map 512 512 118 466 304 181 362.04
16 maps/bgmaps/AR0310SR.map 512 512 218 204 231 263 64.38
60 maps/bgmaps/AR0310SR.map 512 512 156 395 386 368 241.18
76 maps/bgmaps/AR0310SR.map 512 512 258 208 183 482 305.07
63 maps/bgmaps/AR0310SR.map 512 512 217 446 331 238 255.22
67 maps/bgmaps/AR0310SR.map 512 512 398 332 166 409 268.87
79 maps/bgmaps/AR0310SR.map 512 512 361 415 249 143 318.39
12 maps/bgmaps/AR0310SR.map 512 512 316 360 338 402 51.11
48 maps/bgmaps/AR0310SR.map 512 512 92 405 260 465 192.85
57 maps/bgmaps/AR0310SR.map 512 512 225 210 171 419 231.37
80 maps/bgmaps/AR0310SR.map 512 512 176 475 317 212 321.40
20 maps/bgmaps/AR0310SR.map 512 512 337 273 259 261 82.97
75 maps/bgmaps/AR0310SR.map 512 512 77 427 273 209 300.94
41 maps/bgmaps/AR0310SR.map 512 512 382 405 299 274 165.38
69 maps/bgmaps/AR0310SR.map 512 512 349 240 246 471 277.76
55 maps/bgmaps/AR0310SR.map 512 512 193 410 246 210 221.95
30 maps/bgmaps/AR0310SR.map 512 512 228 492 127 439 122.95
25 maps/bgmaps/AR0310SR.map 512 512 327 296 345 389 100.46
34 maps/bgmaps/AR0310SR.map 512 512 313 327 178 322 137.07
58 maps/bgmaps/AR0310SR.map 512 512 174 379 371 290 233.87
42 maps/bgmaps/AR0310SR.map 512 512 220 366 288 226 168.17
48 maps/bgmaps/AR0310SR.map 512 512 269 229 369 380 194.18
67 maps/bgmaps/AR0310SR.map 512 512 246 219 300 450 269.94
37 maps/bgmaps/AR0310SR.map 512 512 101 383 236 347 149.91
103 maps/bgmaps/AR0310SR.map 512 512 435 286 101 474 413.63
61 maps/bgmaps/AR0310SR.map 512 512 352 412 218 223 244.50
42 maps/bgmaps/AR0310SR.map 512 512 319 177 308 343 170.56
18 maps/bgmaps/AR0310SR.map 512 512 209 313 239 252 73.43
58 maps/bgmaps/AR0310SR.map 512 512 334 326 136 237 234.87
45 maps/bgmaps/AR0310SR.map 512 512 273 285 442 321 183.91
71 maps/bgmaps/AR0310SR.map 512 512 261 140 141 378 287.71
72 maps/bgmaps/AR0310SR.map 512 512 403 224 156 329 290.49
67 maps/bgmaps/AR0310SR.map 512 512 200 204 337 416 271.68
31 maps/bgmaps/AR0310SR.map 512 512 327 418 243 387 126.50
19 maps/bgmaps/AR0310SR.map 512 512 123 461 196 446 79.21
9 maps/bgmaps/AR0310SR.map 512 512 218 193 252 184 37.73
33 maps/bgmaps/AR0310SR.map 512 512 423 346 375 241 134.58
69 maps/bgmaps/AR0310SR.map 512 512 260 467 325 216 277.92
13 maps/bgmaps/AR0310SR.map 512 512 219 310 221 365 55.83
9 maps/bgmaps/AR0310SR.map 512 512 181 350 174 315 37.90
64 maps/bgmaps/AR0310SR.map 512 512 181 465 294 255 256.81
35 maps/bgmaps/AR0310SR.map 512 512 359 419 287 306 142.82
27 maps/bgmaps/AR0310SR.map 512 512 336 308 309 210 109.18
29 maps/bgmaps/AR0310SR.map 512 512 164 426 167 310 117.24
20 maps/bgmaps/AR0310SR.map 512 512 123 406 166 470 81.81
7 maps/bgmaps/AR0310SR.map 512 512 211 440 185 434 28.49
36 maps/bgmaps/AR0310SR.map 512 512 130 396 267 374 146.11
8 maps/bgmaps/AR0310SR.map 512 512 439 343 425 371 34.97
65 maps/bgmaps/AR0310SR.map 512 512 410 383 289 170 263.12
55 maps/bgmaps/AR0310SR.map 512 512 364 408 160 366 221.40
27 maps/bgmaps/AR0310SR.map 512 512 240 230 141 232 109.77
51 maps/bgmaps/AR0310SR.map 512 512 263 247 354 415 205.69
30 maps/bgmaps/AR0310SR.map 512 512 301 438 198 402 121.23
45 maps/bgmaps/AR0310SR.map 512 512 369 243 270 382 180.01
61 maps/bgmaps/AR0310SR.map 512 512 205 453 222 213 247.04
60 maps/bgmaps/AR0310SR.map 512 512 417 333 201 272 241.27
21 maps/bgmaps/AR0310SR.map 512 512 309 248 234 278 87.43
30 maps/bgmaps/AR0310SR.map 512 512 159 380 220 475 120.27
27 maps/bgmaps/AR0310SR.map 512 512 308 255 253 341 108.78
14 maps/bgmaps/AR0310SR.map 512 512 135 416 141 471 57.49
18 maps/bgmaps/AR0310SR.map 512 512 263 231 316 280 73.30
74 maps/bgmaps/AR0310SR.map 512 512 100 356 386 376 299.80
49 maps/bgmaps/AR0310SR.map 512 512 201 448 222 259 197.70
29 maps/bgmaps/AR0310SR.map 512 512 244 384 130 373 118.56
54 maps/bgmaps/AR0310SR.map 512 512 314 434 104 428 219.11
71 maps/bgmaps/AR0310SR.map 512 512 209 414 306 169 285.18
50 maps/bgmaps/AR0310SR.map 512 512 181 411 360 414 203.44
26 maps/bgmaps/AR0310SR.map 512 512 192 277 263 200 106.41
60 maps/bgmaps/AR0310SR.map 512 512 248 450 304 240 243.14
15 maps/bgmaps/AR0310SR.map 512 512 249 242 251 302 60.83
43 maps/bgmaps/AR0310SR.map 512 512 279 377 255 212 174.94
53 maps/bgmaps/AR0310SR.map 512 512 273 291 132 447 214.40
55 maps/bgmaps/AR0310SR.map 512 512 98 368 219 214 220.32
42 maps/bgmaps/AR0310SR.map 512 512 220 425 369 406 170.95
22 maps/bgmaps/AR0310SR.map 512 512 169 313 254 304 88.73
19 maps/bgmaps/AR0310SR.map 512 512 407 311 345 272 78.15
48 maps/bgmaps/AR0310SR.map 512 512 155 366 209 196 192.37
69 maps/bgmaps/AR0310SR.map 512 512 101 458 322 321 277.75
69 maps/bgmaps/AR0310SR.map 512 512 112 451 361 384 276.75
4 maps/bgmaps/AR0310SR.map 512 512 344 328 327 331 18.24
52 maps/bgmaps/AR0310SR.map 512 512 437 279 264 256 211.24
48 maps/bgmaps/AR0310SR.map 512 512 325 263 171 360 194.18
63 maps/bgmaps/AR0310SR.map 512 512 163 283 392 224 253.44
61 maps/bgmaps/AR0310SR.map 512 512 348 406 132 334 245.82
27 maps/bgmaps/AR0310SR.map 512 512 297 335 249 246 108.88
70 maps/bgmaps/AR0310SR.map 512 512 264 443 397 227 281.05
20 maps/bgmaps/AR0310SR.map 512 512 206 280 137 244 83.91
86 maps/bgmaps/AR0310SR.map 512 512 265 133 259 457 346.71
47 maps/bgmaps/AR0310SR.map 512 512 313 278 214 426 189.01
3 maps/bgmaps/AR0310SR.map 512 512 195 378 188 388 12.90
19 maps/bgmaps/AR0310SR.map 512 512 243 241 292 182 79.30
64 maps/bgmaps/AR0310SR.map 512 512 285 218 212 444 256.24
64 maps/bgmaps/AR0310SR.map 512 512 149 251 173 501 259.94
49 maps/bgmaps/AR0310SR.map 512 512 216 349 401 382 198.67
25 maps/bgmaps/AR0310SR.map 512 512 274 454 198 395 102.20
21 maps/bgmaps/AR0310SR.map 512 512 370 314 326 246 86.23
51 maps/bgmaps/AR0310SR.map 512 512 240 436 234 235 205.83
45 maps/bgmaps/AR0310SR.map 512 512 217 384 361 290 182.94
17 maps/bgmaps/AR0310SR.map 512 512 278 298 227 348 71.71
13 maps/bgmaps/AR0310SR.map 512 512 395 327 379 375 54.63
57 maps/bgmaps/AR0310SR.map 512 512 314 350 261 141 230.95
29 maps/bgmaps/AR0310SR.map 512 512 291 271 183 246 118.36
59 maps/bgmaps/AR0310SR.map 512 512 89 390 301 324 239.34
52 maps/bgmaps/AR0310SR.map 512 512 262 260 101 379 210.29
39 maps/bgmaps/AR0310SR.map 512 512 338 254 199 299 157.64
21 maps/bgmaps/AR0310SR.map 512 512 263 343 188 320 84.53
29 maps/bgmaps/AR0310SR.map 512 512 237 297 256 186 118.87
65 maps/bgmaps/AR0310SR.map 512 512 217 209 329 426 263.39
13 maps/bgmaps/AR0310SR.map 512 512 171 450 155 496 52.63
21 maps/bgmaps/AR0310SR.map 512 512 232 345 192 277 84.57
63 maps/bgmaps/AR0310SR.map 512 512 122 387 347 418 255.78
23 maps/bgmaps/AR0310SR.map 512 512 382 309 344 230 94.74
39 maps/bgmaps/AR0310SR.map 512 512 199 320 311 213 156.32
31 maps/bgmaps/AR0310SR.map 512 512 214 366 194 485 127.28
78 maps/bgmaps/AR0310SR.map 512 512 303 216 105 447 313.01
61 maps/bgmaps/AR0310SR.map 512 512 340 236 198 424 246.82
6 maps/bgmaps/AR0310SR.map 512 512 218 287 225 312 27.90
10 maps/bgmaps/AR0310SR.map 512 512 249 327 214 348 43.70
23 maps/bgmaps/AR0310SR.map 512 512 191 405 221 486 93.43
80 maps/bgmaps/AR0310SR.map 512 512 120 481 229 206 320.15
12 maps/bgmaps/AR0310SR.map 512 512 277 162 318 187 51.36
22 maps/bgmaps/AR0310SR.map 512 512 254 456 163 457 91.41
35 maps/bgmaps/AR0310SR.map 512 512 251 179 240 318 143.56
51 maps/bgmaps/AR0310SR.map 512 512 352 243 149 255 207.97
42 maps/bgmaps/AR0310SR.map 512 512 129 416 281 371 170.64
50 maps/bgmaps/AR0310SR.map 512 512 418 198 434 328 200.69
18 maps/bgmaps/AR0310SR.map 512 512 356 315 289 328 72.38
17 maps/bgmaps/AR0310SR.map 512 512 323 366 320 435 70.24
50 maps/bgmaps/AR0310SR.map 512 512 304 424 134 384 201.48
79 maps/bgmaps/AR0310SR.map 512 512 301 197 259 482 318.14
19 maps/bgmaps/AR0310SR.map 512 512 311 332 244 309 76.53
96 maps/bgmaps/AR0310SR.map 512 512 419 301 101 469 387.59
70 maps/bgmaps/AR0310SR.map 512 512 227 463 300 213 280.24
33 maps/bgmaps/AR0310SR.map 512 512 269 457 139 449 133.31
57 maps/bgmaps/AR0310SR.map 512 512 194 246 170 465 228.94
85 maps/bgmaps/AR0310SR.map 512 512 125 468 316 206 341.11
21 maps/bgmaps/AR0310SR.map 512 512 313 430 248 485 87.78
70 maps/bgmaps/AR0310SR.map 512 512 436 341 268 138 283.72
10 maps/bgmaps/AR0310SR.map 512 512 171 245 192 278 41.70
37 maps/bgmaps/AR0310SR.map 512 512 181 398 290 299 150.01
59 maps/bgmaps/AR0310SR.map 512 512 94 448 259 277 239.35
16 maps/bgmaps/AR0310SR.map 512 512 342 353 392 384 64.60
60 maps/bgmaps/AR0310SR.map 512 512 155 375 374 321 241.37
100 maps/bgmaps/AR0310SR.map 512 512 330 145 219 502 402.98
45 maps/bgmaps/AR0310SR.map 512 512 358 423 267 279 181.69
47 maps/bgmaps/AR0310SR.map 512 512 249 244 328 400 188.72
32 maps/bgmaps/AR0310SR.map 512 512 185 391 288 453 128.68
85 maps/bgmaps/AR0310SR.map 512 512 262 150 275 452 342.40
63 maps/bgmaps/AR0310SR.map 512 512 234 233 272 466 252.25
26 maps/bgmaps/AR0310SR.map 512 512 100 385 179 447 104.68
24 maps/bgmaps/AR0310SR.map 512 512 196 274 244 352 97.88
35 maps/bgmaps/AR0310SR.map 512 512 153 256 281 218 143.74
52 maps/bgmaps/AR0310SR.map 512 512 337 326 175 444 210.88
6 maps/bgmaps/AR0310SR.map 512 512 422 351 416 328 25.49
67 maps/bgmaps/AR0310SR.map 512 512 411 309 230 479 268.40
32 maps/bgmaps/AR0310SR.map 512 512 279 304 382 369 129.92
43 maps/bgmaps/AR0310SR.map 512 512 215 344 373 307 173.33
12 maps/bgmaps/AR0310SR.map 512 512 143 340 145 390 50.83
73 maps/bgmaps/AR0310SR.map 512 512 339 159 162 378 292.32
62 maps/bgmaps/AR0310SR.map 512 512 357 370 114 390 251.28
64 maps/bgmaps/AR0310SR.map 512 512 190 262 397 384 257.53
70 maps/bgmaps/AR0310SR.map 512 512 91 399 344 329 281.99
3 maps/bgmaps/AR0310SR.map 512 512 232 291 221 294 12.24
35 maps/bgmaps/AR0310SR.map 512 512 390 229 426 317 143.78
15 maps/bgmaps/AR0310SR.map 512 512 293 252 304 309 61.56
65 maps/bgmaps/AR0310SR.map 512 512 86 416 264 226 263.73
34 maps/bgmaps/AR0310SR.map 512 512 334 152 231 232 136.14
56 maps/bgmaps/AR0310SR.map 512 512 202 405 403 347 225.02
39 maps/bgmaps/AR0310SR.map 512 512 282 256 399 350 157.69
55 maps/bgmaps/AR0310SR.map 512 512 190 260 388 317 221.61
40 maps/bgmaps/AR0310SR.map 512 512 321 325 160 328 162.24
37 maps/bgmaps/AR0310SR.map 512 512 272 283 384 362 150.72
33 maps/bgmaps/AR0310SR.map 512 512 211 487 153 379 132.02
71 maps/bgmaps/AR0310SR.map 512 512 386 376 149 495 286.29
68 maps/bgmaps/AR0310SR.map 512 512 122 423 348 310 272.81
40 maps/bgmaps/AR0310SR.map 512 512 392 343 253 290 162.71
12 maps/bgmaps/AR0310SR.map 512 512 406 374 368 403 50.01
52 maps/bgmaps/AR0310SR.map 512 512 178 362 321 211 210.23
65 maps/bgmaps/AR0310SR.map 512 512 173 477 353 290 261.56
33 maps/bgmaps/AR0310SR.map 512 512 137 419 241 344 135.07
23 maps/bgmaps/AR0310SR.map 512 512 230 225 144 239 95.94
32 maps/bgmaps/AR0310SR.map 512 512 173 415 283 466 131.12
37 maps/bgmaps/AR0310SR.map 512 512 413 354 295 279 149.07
23 maps/bgmaps/AR0310SR.map 512 512 247 264 332 246 92.46
15 maps/bgmaps/AR0310SR.map 512 512 261 172 222 218 62.15
83 maps/bgmaps/AR0310SR.map 512 512 90 400 413 369 335.84
14 maps/bgmaps/AR0310SR.map 512 512 203 472 219 419 59.63
56 maps/bgmaps/AR0310SR.map 512 512 159 398 364 399 227.78
55 maps/bgmaps/AR0310SR.map 512 512 316 284 134 377 220.52
7 maps/bgmaps/AR0310SR.map 512 512 191 235 187 207 29.66
12 maps/bgmaps/AR0310SR.map 512 512 271 290 314 308 50.46
64 maps/bgmaps/AR0310SR.map 512 512 176 442 378 310 256.68
6 maps/bgmaps/AR0310SR.map 512 512 245 469 255 492 27.14
75 maps/bgmaps/AR0310SR.map 512 512 83 460 226 219 300.23
29 maps/bgmaps/AR0310SR.map 512 512 253 116 251 235 119.83
13 maps/bgmaps/AR0310SR.map 512 512 281 377 309 333 55.60
65 maps/bgmaps/AR0310SR.map 512 512 349 395 102 363 262.84
16 maps/bgmaps/AR0310SR.map 512 512 172 271 205 322 64.67
33 maps/bgmaps/AR0310SR.map 512 512 284 287 181 359 132.82
43 maps/bgmaps/AR0310SR.map 512 512 226 205 349 330 175.95
23 maps/bgmaps/AR0310SR.map 512 512 322 394 253 445 94.81
54 maps/bgmaps/AR0310SR.map 512 512 190 292 223 495 216.67
40 maps/bgmaps/AR0310SR.map 512 512 347 262 190 247 163.21
4 maps/bgmaps/AR0310SR.map 512 512 302 225 289 212 18.38
47 maps/bgmaps/AR0310SR.map 512 512 233 362 180 192 191.95
13 maps/bgmaps/AR0310SR.map 512 512 235 203 276 231 52.60
22 maps/bgmaps/AR0310SR.map 512 512 119 413 135 498 91.63
45 maps/bgmaps/AR0310SR.map 512 512 227 273 122 413 183.49
65 maps/bgmaps/AR0310SR.map 512 512 194 232 402 356 262.88
35 maps/bgmaps/AR0310SR.map 512 512 339 423 255 316 141.79
50 maps/bgmaps/AR0310SR.map 512 512 128 366 314 325 202.98
45 maps/bgmaps/AR0310SR.map 512 512 127 454 164 287 182.33
23 maps/bgmaps/AR0310SR.map 512 512 277 182 204 236 95.37
36 maps/bgmaps/AR0310SR.map 512 512 119 406 217 299 147.59
9 maps/bgmaps/AR0310SR.map 512 512 96 401 112 433 38.63
40 maps/bgmaps/AR0310SR.map 512 512 296 428 383 311 162.99
40 maps/bgmaps/AR0310SR.map 512 512 343 363 264 232 163.72
36 maps/bgmaps/AR0310SR.map 512 512 175 334 151 472 147.94
23 maps/bgmaps/AR0310SR.map 512 512 233 296 307 341 92.64
79 maps/bgmaps/AR0310SR.map 512 512 279 179 268 466 319.24
50 maps/bgmaps/AR0310SR.map 512 512 408 357 263 223 201.09
23 maps/bgmaps/AR0310SR.map 512 512 289 223 232 295 95.61
62 maps/bgmaps/AR0310SR.map 512 512 230 219 437 290 251.32
15 maps/bgmaps/AR0310SR.map 512 512 227 215 247 267 60.28
21 maps/bgmaps/AR0310SR.map 512 512 174 453 89 460 87.90
20 maps/bgmaps/AR0310SR.map 512 512 94 383 158 336 83.47
17 maps/bgmaps/AR0310SR.map 512 512 179 301 220 355 70.98
65 maps/bgmaps/AR0310SR.map 512 512 231 423 443 310 260.56
17 maps/bgmaps/AR0310SR.map 512 512 266 396 216 352 68.23
54 maps/bgmaps/AR0310SR.map 512 512 389 403 202 325 219.31
35 maps/bgmaps/AR0310SR.map 512 512 312 315 185 355 143.57
66 maps/bgmaps/AR0310SR.map 512 512 233 437 295 195 267.68
59 maps/bgmaps/AR0310SR.map 512 512 395 392 213 255 238.75
11 maps/bgmaps/AR0310SR.map 512 512 252 149 228 182 47.04
68 maps/bgmaps/AR0310SR.map 512 512 169 398 315 183 275.48
58 maps/bgmaps/AR0310SR.map 512 512 157 486 229 281 234.82
11 maps/bgmaps/AR0310SR.map 512 512 299 223 297 176 47.83
20 maps/bgmaps/AR0310SR.map 512 512 149 342 192 276 83.81
20 maps/bgmaps/AR0310SR.map 512 512 339 320 339 403 83.00
20 maps/bgmaps/AR0310SR.map 512 512 390 330 347 264 83.81
33 maps/bgmaps/AR0310SR.map 512 512 241 354 317 250 135.48
78 maps/bgmaps/AR0310SR.map 512 512 371 402 267 131 314.08
20 maps/bgmaps/AR0310SR.map 512 512 334 411 286 349 81.88
18 maps/bgmaps/AR0310SR.map 512 512 277 320 207 334 75.80
11 maps/bgmaps/AR0310SR.map 512 512 208 212 179 228 47.49
33 maps/bgmaps/AR0310SR.map 512 512 254 450 244 328 135.11
18 maps/bgmaps/AR0310SR.map 512 512 169 401 98 413 75.97
55 maps/bgmaps/AR0310SR.map 512 512 404 346 196 312 222.08
53 maps/bgmaps/AR0310SR.map 512 512 131 497 284 348 214.72
18 maps/bgmaps/AR0310SR.map 512 512 185 360 125 397 75.33
53 maps/bgmaps/AR0310SR.map 512 512 117 361 313 315 215.05
62 maps/bgmaps/AR0310SR.map 512 512 255 157 251 406 250.66
17 maps/bgmaps/AR0310SR.map 512 512 357 326 316 377 71.50
71 maps/bgmaps/AR0310SR.map 512 512 258 171 306 425 285.48
67 maps/bgmaps/AR0310SR.map 512 512 179 310 431 357 271.47
17 maps/bgmaps/AR0310SR.map 512 512 220 189 283 174 69.21
2 maps/bgmaps/AR0310SR.map 512 512 377 414 371 420 11.41
51 maps/bgmaps/AR0310SR.map 512 512 274 176 194 350 207.14
17 maps/bgmaps/AR0310SR.map 512 512 371 303 435 320 71.04
56 maps/bgmaps/AR0310SR.map 512 512 292 162 423 316 226.42
17 maps/bgmaps/AR0310SR.map 512 512 223 424 178 476 70.64
59 maps/bgmaps/AR0310SR.map 512 512 181 442 335 266 239.79
16 maps/bgmaps/AR0310SR.map 512 512 195 324 258 313 67.56
58 maps/bgmaps/AR0310SR.map 512 512 174 378 396 393 234.01
72 maps/bgmaps/AR0310SR.map 512 512 280 469 299 206 288.27
56 maps/bgmaps/AR0310SR.map 512 512 372 319 154 343 227.94
53 maps/bgmaps/AR0310SR.map 512 512 424 336 214 323 215.38
56 maps/bgmaps/AR0310SR.map 512 512 206 277 276 473 226.75
16 maps/bgmaps/AR0310SR.map 512 512 301 247 355 279 67.25
16 maps/bgmaps/AR0310SR.map 512 512 284 356 226 332 67.94
8 maps/bgmaps/AR0310SR.map 512 512 160 444 132 425 35.87
11 maps/bgmaps/AR0310SR.map 512 512 316 367 271 374 47.90
10 maps/bgmaps/AR0310SR.map 512 512 279 365 314 351 40.80
62 maps/bgmaps/AR0310SR.map 512 512 198 241 139 467 250.44
70 maps/bgmaps/AR0310SR.map 512 512 138 489 235 247 282.18
11 maps/bgmaps/AR0310SR.map 512 512 298 325 335 349 46.94
11 maps/bgmaps/AR0310SR.map 512 512 314 246 359 252 47.49
11 maps/bgmaps/AR0310SR.map 512 512 207 432 250 444 47.97
10 maps/bgmaps/AR0310SR.map 512 512 193 365 200 324 43.90
1 maps/bgmaps/AR0310SR.map 512 512 133 358 129 352 7.66
10 maps/bgmaps/AR0310SR.map 512 512 215 457 217 500 43.83
5 maps/bgmaps/AR0310SR.map 512 512 232 191 238 171 22.49
10 maps/bgmaps/AR0310SR.map 512 512 399 308 432 289 42.63
52 maps/bgmaps/AR0310SR.map 512 512 191 471 343 344 211.05
8 maps/bgmaps/AR0310SR.map 512 512 209 369 224 398 35.21
9 maps/bgmaps/AR0310SR.map 512 512 194 365 209 332 39.21
4 maps/bgmaps/AR0310SR.map 512 512 419 346 436 339 19.90
9 maps/bgmaps/AR0310SR.map 512 512 217 222 184 224 39.63
9 maps/bgmaps/AR0310SR.map 512 512 196 259 164 277 39.46
9 maps/bgmaps/AR0310SR.map 512 512 291 180 323 162 39.46
6 maps/bgmaps/AR0310SR.map 512 512 392 333 396 310 24.66
9 maps/bgmaps/AR0310SR.map 512 512 315 362 351 371 39.73
65 maps/bgmaps/AR0310SR.map 512 512 107 367 335 299 262.65
8 maps/bgmaps/AR0310SR.map 512 512 342 265 373 253 35.97
50 maps/bgmaps/AR0310SR.map 512 512 235 378 267 188 203.25
50 maps/bgmaps/AR0310SR.map 512 512 139 387 303 291 203.76
80 maps/bgmaps/AR0310SR.map 512 512 295 184 115 431 321.56
8 maps/bgmaps/AR0310SR.map 512 512 170 333 135 334 35.41
8 maps/bgmaps/AR0310SR.map 512 512 320 257 320 292 35.00
49 maps/bgmaps/AR0310SR.map 512 512 212 486 379 408 199.31
79 maps/bgmaps/AR0310SR.map 512 512 211 187 229 499 319.46
8 maps/bgmaps/AR0310SR.map 512 512 298 335 323 360 35.36
8 maps/bgmaps/AR0310SR.map 512 512 407 323 425 295 35.46
8 maps/bgmaps/AR0310SR.map 512 512 272 362 242 350 34.97
8 maps/bgmaps/AR0310SR.map 512 512 348 386 374 407 34.70
7 maps/bgmaps/AR0310SR.map 512 512 216 235 238 213 31.11
7 maps/bgmaps/AR0310SR.map 512 512 359 231 384 221 31.49
7 maps/bgmaps/AR0310SR.map 512 512 347 394 374 405 31.56
7 maps/bgmaps/AR0310SR.map 512 512 244 283 242 252 31.83
49 maps/bgmaps/AR0310SR.map 512 512 154 455 190 270 199.91
7 maps/bgmaps/AR0310SR.map 512 512 236 370 230 399 31.49
49 maps/bgmaps/AR0310SR.map 512 512 413 363 247 287 198.65
7 maps/bgmaps/AR0310SR.map 512 512 167 406 143 389 31.04
7 maps/bgmaps/AR0310SR.map 512 512 155 397 136 421 31.87
7 maps/bgmaps/AR0310SR.map 512 512 188 316 204 292 30.63
5 maps/bgmaps/AR0310SR.map 512 512 191 396 172 385 23.56
49 maps/bgmaps/AR0310SR.map 512 512 264 457 233 275 198.94
5 maps/bgmaps/AR0310SR.map 512 512 203 383 223 375 23.31
5 maps/bgmaps/AR0310SR.map 512 512 201 308 224 308 23.00
5 maps/bgmaps/AR0310SR.map 512 512 131 364 131 341 23.00
2 maps/bgmaps/AR0310SR.map 512 512 285 339 279 330 11.49
77 maps/bgmaps/AR0310SR.map 512 512 332 265 124 487 308.16
5 maps/bgmaps/AR0310SR.map 512 512 275 272 266 253 22.73
5 maps/bgmaps/AR0310SR.map 512 512 211 452 215 474 23.66
5 maps/bgmaps/AR0310SR.map 512 512 180 432 203 432 23.00
5 maps/bgmaps/AR0310SR.map 512 512 240 328 220 336 23.31
4 maps/bgmaps/AR0310SR.map 512 512 232 205 236 187 19.66
4 maps/bgmaps/AR0310SR.map 512 512 255 201 263 185 19.31
4 maps/bgmaps/AR0310SR.map 512 512 150 390 152 372 18.83
4 maps/bgmaps/AR0310SR.map 512 512 206 354 206 373 19.00
4 maps/bgmaps/AR0310SR.map 512 512 309 276 328 276 19.00
4 maps/bgmaps/AR0310SR.map 512 512 353 302 365 288 18.97
3 maps/bgmaps/AR0310SR.map 512 512 225 411 215 400 15.14
73 maps/bgmaps/AR0310SR.map 512 512 109 480 298 266 292.29
3 maps/bgmaps/AR0310SR.map 512 512 161 378 157 391 14.66
3 maps/bgmaps/AR0310SR.map 512 512 228 375 240 368 14.90
3 maps/bgmaps/AR0310SR.map 512 512 259 162 267 150 15.31
3 maps/bgmaps/AR0310SR.map 512 512 258 442 271 438 15.83
3 maps/bgmaps/AR0310SR.map 512 512 332 415 339 428 15.90
2 maps/bgmaps/AR0310SR.map 512 512 190 247 182 239 11.31
2 maps/bgmaps/AR0310SR.map 512 512 223 194 226 184 11.24
2 maps/bgmaps/AR0310SR.map 512 512 427 323 435 316 10.90
66 maps/bgmaps/AR0310SR.map 512 512 261 211 283 435 267.28
2 maps/bgmaps/AR0310SR.map 512 512 158 466 150 474 11.31
67 maps/bgmaps/AR0310SR.map 512 512 343 328 120 437 268.15
2 maps/bgmaps/AR0310SR.map 512 512 120 403 112 411 11.31
1 maps/bgmaps/AR0310SR.map 512 512 138 330 133 335 7.07
1 maps/bgmaps/AR0310SR.map 512 512 257 162 257 155 7.00
1 maps/bgmaps/AR0310SR.map 512 512 257 182 252 177 7.07
1 maps/bgmaps/AR0310SR.map 512 512 223 290 216 290 7.00
1 maps/bgmaps/AR0310SR.map 512 512 252 177 253 170 7.41
1 maps/bgmaps/AR0310SR.map 512 512 311 337 316 342 7.07
1 maps/bgmaps/AR0310SR.map 512 512 200 276 205 271 7.07
1 maps/bgmaps/AR0310SR.map 512 512 242 344 237 348 6.66
1 maps/bgmaps/AR0310SR.map 512 512 213 480 208 485 7.07
0 maps/bgmaps/AR0310SR.map 512 512 293 209 291 207 2.83
0 maps/bgmaps/AR0310SR.map 512 512 354 383 356 385 2.83
0 maps/bgmaps/AR0310SR.map 512 512 314 440 316 438 2.83
0 maps/bgmaps/AR0310SR.map 512 512 302 249 304 247 2.83
0 maps/bgmaps/AR0310SR.map 512 512 319 422 319 425 3.00
0 maps/bgmaps/AR0310SR.map 512 512 283 260 285 258 2.83
0 maps/bgmaps/AR0310SR.map 512 512 83 453 81 455 2.83
0 maps/bgmaps/AR0310SR.map 512 512 321 229 323 232 3.83
75 maps/bgmaps/AR0310SR.map 512 512 243 458 403 236 301.69
0 maps/bgmaps/AR0310SR.map 512 512 270 377 273 377 3.00
0 maps/bgmaps/AR0310SR.map 512 512 213 492 211 494 2.83
79 maps/bgmaps/AR0310SR.map 512 512 335 242 103 445 316.09
79 maps/bgmaps/AR0310SR.map 512 512 379 233 137 418 318.63
66 maps/bgmaps/AR0310SR.map 512 512 221 221 109 440 265.39
68 maps/bgmaps/AR0310SR.map 512 512 345 259 157 456 274.87
66 maps/bgmaps/AR0310SR.map 512 512 206 489 174 235 267.25
68 maps/bgmaps/AR0310SR.map 512 512 332 321 114 459 275.16
71 maps/bgmaps/AR0310SR.map 512 512 277 468 229 208 285.15
68 maps/bgmaps/AR0310SR.map 512 512 309 293 112 483 275.70
73 maps/bgmaps/AR0310SR.map 512 512 116 401 395 378 294.33
72 maps/bgmaps/AR0310SR.map 512 512 249 133 170 388 288.55
71 maps/bgmaps/AR0310SR.map 512 512 343 227 175 445 287.59
67 maps/bgmaps/AR0310SR.map 512 512 97 430 255 226 269.45
76 maps/bgmaps/AR0310SR.map 512 512 367 325 105 429 305.08
75 maps/bgmaps/AR0310SR.map 512 512 436 299 158 354 300.78
68 maps/bgmaps/AR0310SR.map 512 512 392 234 243 440 275.27
81 maps/bgmaps/AR0310SR.map 512 512 388 408 84 390 327.20
82 maps/bgmaps/AR0310SR.map 512 512 97 405 398 346 328.37
82 maps/bgmaps/AR0310SR.map 512 512 254 156 221 472 329.67
71 maps/bgmaps/AR0310SR.map 512 512 401 352 161 462 285.56
76 maps/bgmaps/AR0310SR.map 512 512 256 180 104 423 305.96
81 maps/bgmaps/AR0310SR.map 512 512 264 209 189 504 326.07
67 maps/bgmaps/AR0310SR.map 512 512 239 236 120 455 268.29
89 maps/bgmaps/AR0310SR.map 512 512 141 482 387 224 359.90
66 maps/bgmaps/AR0310SR.map 512 512 296 253 208 484 267.45
81 maps/bgmaps/AR0310SR.map 512 512 169 453 311 187 324.82
68 maps/bgmaps/AR0310SR.map 512 512 225 189 255 449 275.94
70 maps/bgmaps/AR0310SR.map 512 512 317 194 178 419 282.58
78 maps/bgmaps/AR0310SR.map 512 512 145 261 419 356 313.35
66 maps/bgmaps/AR0310SR.map 512 512 191 382 392 221 267.69
82 maps/bgmaps/AR0310SR.map 512 512 111 429 406 343 330.62
66 maps/bgmaps/AR0310SR.map 512 512 307 216 125 405 264.39
75 maps/bgmaps/AR0310SR.map 512 512 260 151 334 423 302.65
93 maps/bgmaps/AR0310SR.map 512 512 106 417 402 230 373.46
85 maps/bgmaps/AR0310SR.map 512 512 183 475 284 173 343.84
74 maps/bgmaps/AR0310SR.map 512 512 320 244 126 461 297.36
77 maps/bgmaps/AR0310SR.map 512 512 340 251 93 403 309.96
82 maps/bgmaps/AR0310SR.map 512 512 131 443 279 173 331.30
71 maps/bgmaps/AR0310SR.map 512 512 245 476 442 289 285.00
84 maps/bgmaps/AR0310SR.map 512 512 132 499 395 335 338.39
84 maps/bgmaps/AR0310SR.map 512 512 96 456 299 201 339.09
74 maps/bgmaps/AR0310SR.map 512 512 239 218 119 468 299.71
90 maps/bgmaps/AR0310SR.map 512 512 89 464 392 321 362.23
72 maps/bgmaps/AR0310SR.map 512 512 193 231 446 320 289.87
72 maps/bgmaps/AR0310SR.map 512 512 347 264 113 395 288.26
75 maps/bgmaps/AR0310SR.map 512 512 409 311 166 455 302.65
72 maps/bgmaps/AR0310SR.map 512 512 186 209 420 319 289.52
73 maps/bgmaps/AR0310SR.map 512 512 251 121 430 322 293.89
96 maps/bgmaps/AR0310SR.map 512 512 436 321 107 460 386.58
77 maps/bgmaps/AR0310SR.map 512 512 181 426 439 299 310.61
91 maps/bgmaps/AR0310SR.map 512 512 380 239 112 475 365.75
84 maps/bgmaps/AR0310SR.map 512 512 328 212 186 490 336.82
88 maps/bgmaps/AR0310SR.map 512 512 306 175 185 478 353.12
77 maps/bgmaps/AR0310SR.map 512 512 113 457 351 281 310.90
79 maps/bgmaps/AR0310SR.map 512 512 102 467 393 398 319.58
87 maps/bgmaps/AR0310SR.map 512 512 301 189 81 448 350.13
81 maps/bgmaps/AR0310SR.map 512 512 209 502 309 218 325.42
77 maps/bgmaps/AR0310SR.map 512 512 211 454 409 238 310.32
84 maps/bgmaps/AR0310SR.map 512 512 137 238 443 320 339.97
76 maps/bgmaps/AR0310SR.map 512 512 151 384 441 341 307.81
85 maps/bgmaps/AR0310SR.map 512 512 214 489 394 223 340.56
73 maps/bgmaps/AR0310SR.map 512 512 296 209 119 430 294.32
77 maps/bgmaps/AR0310SR.map 512 512 310 253 159 500 309.55
70 maps/bgmaps/AR0310SR.map 512 512 187 213 140 476 282.47
81 maps/bgmaps/AR0310SR.map 512 512 87 381 266 141 325.86
73 maps/bgmaps/AR0310SR.map 512 512 154 240 410 333 294.52
71 maps/bgmaps/AR0310SR.map 512 512 97 428 275 215 286.73
83 maps/bgmaps/AR0310SR.map 512 512 93 457 350 268 335.29
89 maps/bgmaps/AR0310SR.map 512 512 245 146 108 442 356.89
87 maps/bgmaps/AR0310SR.map 512 512 425 345 110 431 350.62
97 maps/bgmaps/AR0310SR.map 512 512 114 482 397 221 391.11
95 maps/bgmaps/AR0310SR.map 512 512 447 293 102 386 383.52
73 maps/bgmaps/AR0310SR.map 512 512 118 427 262 193 293.65
77 maps/bgmaps/AR0310SR.map 512 512 95 472 334 300 310.24
76 maps/bgmaps/AR0310SR.map 512 512 98 385 287 161 305.22
76 maps/bgmaps/AR0310SR.map 512 512 175 347 420 196 307.55
70 maps/bgmaps/AR0310SR.map 512 512 197 501 283 255 281.62
88 maps/bgmaps/AR0310SR.map 512 512 312 175 162 467 354.13
82 maps/bgmaps/AR0310SR.map 512 512 305 435 253 139 329.97
91 maps/bgmaps/AR0310SR.map 512 512 134 451 397 208 366.00
95 maps/bgmaps/AR0310SR.map 512 512 130 489 306 181 380.90
74 maps/bgmaps/AR0310SR.map 512 512 142 404 295 170 297.37
83 maps/bgmaps/AR0310SR.map 512 512 413 354 92 384 333.43
74 maps/bgmaps/AR0310SR.map 512 512 323 206 111 416 298.98
76 maps/bgmaps/AR0310SR.map 512 512 107 467 376 377 306.28
89 maps/bgmaps/AR0310SR.map 512 512 77 446 263 165 358.04
90 maps/bgmaps/AR0310SR.map 512 512 208 505 402 225 360.94
73 maps/bgmaps/AR0310SR.map 512 512 322 433 342 150 293.77
88 maps/bgmaps/AR0310SR.map 512 512 97 459 370 262 354.60
76 maps/bgmaps/AR0310SR.map 512 512 218 433 405 205 305.46
75 maps/bgmaps/AR0310SR.map 512 512 179 398 399 204 303.87
76 maps/bgmaps/AR0310SR.map 512 512 257 191 152 453 305.49
80 maps/bgmaps/AR0310SR.map 512 512 97 346 379 326 320.61
72 maps/bgmaps/AR0310SR.map 512 512 106 419 322 244 288.49
92 maps/bgmaps/AR0310SR.map 512 512 377 238 92 447 371.57
79 maps/bgmaps/AR0310SR.map 512 512 143 237 397 388 316.55
81 maps/bgmaps/AR0310SR.map 512 512 98 470 392 396 324.65
73 maps/bgmaps/AR0310SR.map 512 512 302 241 160 477 294.82
90 maps/bgmaps/AR0310SR.map 512 512 196 495 294 172 363.59
75 maps/bgmaps/AR0310SR.map 512 512 126 442 315 218 302.29
83 maps/bgmaps/AR0310SR.map 512 512 110 478 245 199 334.92
72 maps/bgmaps/AR0310SR.map 512 512 308 209 261 471 291.41
72 maps/bgmaps/AR0310SR.map 512 512 393 227 258 454 289.95
82 maps/bgmaps/AR0310SR.map 512 512 397 204 179 444 330.30
74 maps/bgmaps/AR0310SR.map 512 512 248 177 106 415 296.82
97 maps/bgmaps/AR0310SR.map 512 512 441 330 111 472 388.82
87 maps/bgmaps/AR0310SR.map 512 512 432 338 112 412 350.65
83 maps/bgmaps/AR0310SR.map 512 512 320 230 146 491 333.07
90 maps/bgmaps/AR0310SR.map 512 512 415 343 87 426 362.38
78 maps/bgmaps/AR0310SR.map 512 512 117 385 414 343 314.40
75 maps/bgmaps/AR0310SR.map 512 512 241 191 147 456 303.94
84 maps/bgmaps/AR0310SR.map 512 512 414 318 129 446 338.02
81 maps/bgmaps/AR0310SR.map 512 512 304 175 138 431 324.76
83 maps/bgmaps/AR0310SR.map 512 512 244 173 186 482 333.02
80 maps/bgmaps/AR0310SR.map 512 512 109 399 398 330 320.89
80 maps/bgmaps/AR0310SR.map 512 512 114 442 376 300 320.82
88 maps/bgmaps/AR0310SR.map 512 512 327 159 158 441 352.00
90 maps/bgmaps/AR0310SR.map 512 512 117 438 441 344 362.94
78 maps/bgmaps/AR0310SR.map 512 512 413 326 136 413 313.04
80 maps/bgmaps/AR0310SR.map 512 512 207 501 247 196 321.57
81 maps/bgmaps/AR0310SR.map 512 512 385 235 209 487 324.90
83 maps/bgmaps/AR0310SR.map 512 512 403 329 113 433 335.56
85 maps/bgmaps/AR0310SR.map 512 512 329 148 94 387 340.44
78 maps/bgmaps/AR0310SR.map 512 512 250 226 126 487 312.36
90 maps/bgmaps/AR0310SR.map 512 512 385 242 122 481 362.00
87 maps/bgmaps/AR0310SR.map 512 512 104 419 425 350 349.58
100 maps/bgmaps/AR0310SR.map 512 512 107 472 440 306 401.76
98 maps/bgmaps/AR0310SR.map 512 512 245 128 86 453 395.00
79 maps/bgmaps/AR0310SR.map 512 512 229 200 178 496 317.12
78 maps/bgmaps/AR0310SR.map 512 512 245 205 166 487 314.72
95 maps/bgmaps/AR0310SR.map 512 512 131 493 317 190 380.04
78 maps/bgmaps/AR0310SR.map 512 512 402 325 141 457 315.68
79 maps/bgmaps/AR0310SR.map 512 512 112 475 286 228 319.07
87 maps/bgmaps/AR0310SR.map 512 512 272 171 138 464 348.50
87 maps/bgmaps/AR0310SR.map 512 512 251 121 229 460 348.11
83 maps/bgmaps/AR0310SR.map 512 512 259 186 204 498 334.78
86 maps/bgmaps/AR0310SR.map 512 512 96 443 402 348 345.35
80 maps/bgmaps/AR0310SR.map 512 512 99 463 389 390 320.24
88 maps/bgmaps/AR0310SR.map 512 512 148 469 409 242 355.03
78 maps/bgmaps/AR0310SR.map 512 512 271 221 121 473 314.13
81 maps/bgmaps/AR0310SR.map 512 512 406 207 219 454 324.46
92 maps/bgmaps/AR0310SR.map 512 512 222 467 334 144 369.39
86 maps/bgmaps/AR0310SR.map 512 512 156 473 249 166 345.52
83 maps/bgmaps/AR0310SR.map 512 512 152 418 244 129 332.08
82 maps/bgmaps/AR0310SR.map 512 512 329 214 112 456 331.88
84 maps/bgmaps/AR0310SR.map 512 512 123 469 422 377 337.11
85 maps/bgmaps/AR0310SR.map 512 512 292 172 240 491 343.85
81 maps/bgmaps/AR0310SR.map 512 512 428 319 151 441 327.53
82 maps/bgmaps/AR0310SR.map 512 512 438 308 135 378 331.99
84 maps/bgmaps/AR0310SR.map 512 512 389 377 81 447 336.99
88 maps/bgmaps/AR0310SR.map 512 512 392 332 97 464 354.65
97 maps/bgmaps/AR0310SR.map 512 512 424 335 87 462 389.61
92 maps/bgmaps/AR0310SR.map 512 512 125 483 425 311 371.24
90 maps/bgmaps/AR0310SR.map 512 512 288 176 172 489 361.05
90 maps/bgmaps/AR0310SR.map 512 512 210 480 251 136 360.98
87 maps/bgmaps/AR0310SR.map 512 512 77 427 317 177 351.17
84 maps/bgmaps/AR0310SR.map 512 512 84 416 380 330 336.11
85 maps/bgmaps/AR0310SR.map 512 512 122 445 318 185 341.19
85 maps/bgmaps/AR0310SR.map 512 512 277 453 261 152 342.40
94 maps/bgmaps/AR0310SR.map 512 512 150 501 278 176 378.02
92 maps/bgmaps/AR0310SR.map 512 512 252 163 143 486 368.15
90 maps/bgmaps/AR0310SR.map 512 512 157 472 430 278 362.73
86 maps/bgmaps/AR0310SR.map 512 512 170 442 252 128 347.97
97 maps/bgmaps/AR0310SR.map 512 512 153 497 294 167 388.40
88 maps/bgmaps/AR0310SR.map 512 512 304 200 127 479 352.32
89 maps/bgmaps/AR0310SR.map 512 512 88 378 429 334 359.23
84 maps/bgmaps/AR0310SR.map 512 512 100 424 391 312 337.39
86 maps/bgmaps/AR0310SR.map 512 512 116 473 362 231 346.24
89 maps/bgmaps/AR0310SR.map 512 512 310 195 154 490 359.62
93 maps/bgmaps/AR0310SR.map 512 512 93 434 420 322 373.39
84 maps/bgmaps/AR0310SR.map 512 512 252 189 105 467 338.89
98 maps/bgmaps/AR0310SR.map 512 512 412 188 203 495 393.57
87 maps/bgmaps/AR0310SR.map 512 512 126 383 398 203 351.24
92 maps/bgmaps/AR0310SR.map 512 512 215 500 319 172 371.08
96 maps/bgmaps/AR0310SR.map 512 512 77 431 430 355 384.48
86 maps/bgmaps/AR0310SR.map 512 512 264 159 78 424 344.97
87 maps/bgmaps/AR0310SR.map 512 512 130 498 424 361 350.75
91 maps/bgmaps/AR0310SR.map 512 512 423 297 114 425 364.36
94 maps/bgmaps/AR0310SR.map 512 512 400 214 131 473 376.28
92 maps/bgmaps/AR0310SR.map 512 512 235 489 267 134 368.25
86 maps/bgmaps/AR0310SR.map 512 512 212 502 292 188 347.14
86 maps/bgmaps/AR0310SR.map 512 512 259 137 104 418 345.20
88 maps/bgmaps/AR0310SR.map 512 512 401 348 102 479 353.26
87 maps/bgmaps/AR0310SR.map 512 512 418 334 97 408 351.65
86 maps/bgmaps/AR0310SR.map 512 512 398 218 155 464 346.65
92 maps/bgmaps/AR0310SR.map 512 512 417 194 119 369 370.49
86 maps/bgmaps/AR0310SR.map 512 512 141 477 424 322 347.20
100 maps/bgmaps/AR0310SR.map 512 512 413 195 96 403 403.74
89 maps/bgmaps/AR0310SR.map 512 512 97 369 428 307 359.17
89 maps/bgmaps/AR0310SR.map 512 512 262 485 415 191 357.37
91 maps/bgmaps/AR0310SR.map 512 512 335 163 216 480 366.29
92 maps/bgmaps/AR0310SR.map 512 512 425 363 88 443 370.14
92 maps/bgmaps/AR0310SR.map 512 512 101 440 411 303 369.09
91 maps/bgmaps/AR0310SR.map 512 512 91 471 397 341 366.29
91 maps/bgmaps/AR0310SR.map 512 512 385 239 125 497 366.87
96 maps/bgmaps/AR0310SR.map 512 512 255 143 107 467 385.30
91 maps/bgmaps/AR0310SR.map 512 512 263 161 162 484 364.84
91 maps/bgmaps/AR0310SR.map 512 512 439 279 143 440 366.20
91 maps/bgmaps/AR0310SR.map 512 512 251 138 149 461 365.25
98 maps/bgmaps/AR0310SR.map 512 512 316 169 160 499 394.62
89 maps/bgmaps/AR0310SR.map 512 512 156 500 256 183 358.42
103 maps/bgmaps/AR0310SR.map 512 512 399 228 78 456 415.44
91 maps/bgmaps/AR0310SR.map 512 512 189 470 410 195 366.54
100 maps/bgmaps/AR0310SR.map 512 512 332 143 195 489 402.75
102 maps/bgmaps/AR0310SR.map 512 512 437 300 102 478 408.73
100 maps/bgmaps/AR0310SR.map 512 512 438 278 91 398 401.39
89 maps/bgmaps/AR0310SR.map 512 512 91 452 395 318 359.50
94 maps/bgmaps/AR0310SR.map 512 512 398 234 117 465 376.68
93 maps/bgmaps/AR0310SR.map 512 512 260 163 88 467 375.24
99 maps/bgmaps/AR0310SR.map 512 512 403 230 105 475 399.48
93 maps/bgmaps/AR0310SR.map 512 512 81 452 399 317 373.92
93 maps/bgmaps/AR0310SR.map 512 512 131 478 271 162 373.99
105 maps/bgmaps/AR0310SR.map 512 512 346 143 180 496 421.76
93 maps/bgmaps/AR0310SR.map 512 512 319 191 153 498 375.76
93 maps/bgmaps/AR0310SR.map 512 512 113 426 434 297 374.43
99 maps/bgmaps/AR0310SR.map 512 512 106 451 438 287 399.93
95 maps/bgmaps/AR0310SR.map 512 512 328 151 228 492 382.42
94 maps/bgmaps/AR0310SR.map 512 512 408 238 115 443 377.91
95 maps/bgmaps/AR0310SR.map 512 512 179 496 412 211 383.27
107 maps/bgmaps/AR0310SR.map 512 512 346 152 127 493 431.71
99 maps/bgmaps/AR0310SR.map 512 512 92 395 406 199 397.53
95 maps/bgmaps/AR0310SR.map 512 512 258 131 93 445 382.35
97 maps/bgmaps/AR0310SR.map 512 512 160 499 400 207 391.41
94 maps/bgmaps/AR0310SR.map 512 512 262 144 94 452 377.59
96 maps/bgmaps/AR0310SR.map 512 512 89 457 416 316 385.40
96 maps/bgmaps/AR0310SR.map 512 512 104 465 254 140 387.13
98 maps/bgmaps/AR0310SR.map 512 512 112 443 350 150 392.75
97 maps/bgmaps/AR0310SR.map 512 512 421 196 162 475 388.62
98 maps/bgmaps/AR0310SR.map 512 512 100 432 437 297 392.92
96 maps/bgmaps/AR0310SR.map 512 512 306 176 151 497 385.20
101 maps/bgmaps/AR0310SR.map 512 512 255 121 159 487 405.76
94 maps/bgmaps/AR0310SR.map 512 512 110 449 438 331 376.88
103 maps/bgmaps/AR0310SR.map 512 512 253 116 87 462 414.76
93 maps/bgmaps/AR0310SR.map 512 512 108 366 446 299 374.24
97 maps/bgmaps/AR0310SR.map 512 512 314 168 125 479 389.29
95 maps/bgmaps/AR0310SR.map 512 512 110 462 402 243 382.71
101 maps/bgmaps/AR0310SR.map 512 512 331 167 161 502 405.42
101 maps/bgmaps/AR0310SR.map 512 512 437 312 93 457 404.06
94 maps/bgmaps/AR0310SR.map 512 512 255 120 163 458 376.11
97 maps/bgmaps/AR0310SR.map 512 512 195 477 343 150 388.30
102 maps/bgmaps/AR0310SR.map 512 512 126 476 343 157 410.06
101 maps/bgmaps/AR0310SR.map 512 512 413 200 98 346 406.39
95 maps/bgmaps/AR0310SR.map 512 512 230 503 335 165 382.66
101 maps/bgmaps/AR0310SR.map 512 512 401 206 109 478 405.84
96 maps/bgmaps/AR0310SR.map 512 512 445 303 92 381 385.31
95 maps/bgmaps/AR0310SR.map 512 512 99 354 440 306 381.07
98 maps/bgmaps/AR0310SR.map 512 512 110 483 264 152 394.79
101 maps/bgmaps/AR0310SR.map 512 512 441 299 113 486 405.46
95 maps/bgmaps/AR0310SR.map 512 512 440 306 98 353 382.48
104 maps/bgmaps/AR0310SR.map 512 512 173 496 344 149 417.83
94 maps/bgmaps/AR0310SR.map 512 512 400 207 91 375 379.76
101 maps/bgmaps/AR0310SR.map 512 512 444 325 95 464 406.58
94 maps/bgmaps/AR0310SR.map 512 512 106 437 438 322 379.63
103 maps/bgmaps/AR0310SR.map 512 512 333 162 127 490 413.33
97 maps/bgmaps/AR0310SR.map 512 512 83 460 320 168 390.17
99 maps/bgmaps/AR0310SR.map 512 512 244 133 103 466 396.37
102 maps/bgmaps/AR0310SR.map 512 512 338 149 131 475 411.74
101 maps/bgmaps/AR0310SR.map 512 512 345 143 200 488 405.06
98 maps/bgmaps/AR0310SR.map 512 512 172 498 247 136 395.55
94 maps/bgmaps/AR0310SR.map 512 512 407 206 200 500 379.74
96 maps/bgmaps/AR0310SR.map 512 512 157 483 265 143 384.74
97 maps/bgmaps/AR0310SR.map 512 512 113 477 253 146 388.99
99 maps/bgmaps/AR0310SR.map 512 512 435 284 107 442 396.37
96 maps/bgmaps/AR0310SR.map 512 512 125 498 313 190 385.87
104 maps/bgmaps/AR0310SR.map 512 512 100 477 440 290 417.46
103 maps/bgmaps/AR0310SR.map 512 512 203 500 338 141 414.92
100 maps/bgmaps/AR0310SR.map 512 512 253 127 138 483 403.63
98 maps/bgmaps/AR0310SR.map 512 512 174 498 322 165 394.30
102 maps/bgmaps/AR0310SR.map 512 512 165 499 334 158 411.00
102 maps/bgmaps/AR0310SR.map 512 512 108 463 330 143 411.96
99 maps/bgmaps/AR0310SR.map 512 512 267 147 149 495 396.88
101 maps/bgmaps/AR0310SR.map 512 512 164 494 409 191 404.48
102 maps/bgmaps/AR0310SR.map 512 512 118 492 255 139 409.75
104 maps/bgmaps/AR0310SR.map 512 512 130 475 338 142 419.16
99 maps/bgmaps/AR0310SR.map 512 512 412 191 203 501 396.57
103 maps/bgmaps/AR0310SR.map 512 512 160 494 337 152 415.32
101 maps/bgmaps/AR0310SR.map 512 512 432 305 99 478 404.66
98 maps/bgmaps/AR0310SR.map 512 512 419 192 106 388 394.19
99 maps/bgmaps/AR0310SR.map 512 512 432 279 117 458 396.76
98 maps/bgmaps/AR0310SR.map 512 512 330 144 228 496 394.25
106 maps/bgmaps/AR0310SR.map 512 512 341 144 96 468 425.48
102 maps/bgmaps/AR0310SR.map 512 512 144 505 322 169 409.73
103 maps/bgmaps/AR0310SR.map 512 512 328 151 136 484 412.53
100 maps/bgmaps/AR0310SR.map 512 512 129 494 254 143 402.78
103 maps/bgmaps/AR0310SR.map 512 512 105 450 408 193 414.14
103 maps/bgmaps/AR0310SR.map 512 512 443 298 95 462 415.93
100 maps/bgmaps/AR0310SR.map 512 512 432 330 84 462 402.68
105 maps/bgmaps/AR0310SR.map 512 512 409 195 95 448 421.72
99 maps/bgmaps/AR0310SR.map 512 512 347 150 107 447 396.41
100 maps/bgmaps/AR0310SR.map 512 512 317 172 123 493 401.36
104 maps/bgmaps/AR0310SR.map 512 512 410 201 85 423 416.96
104 maps/bgmaps/AR0310SR.map 512 512 421 192 124 480 416.29
105 maps/bgmaps/AR0310SR.map 512 512 103 462 414 194 422.60
100 maps/bgmaps/AR0310SR.map 512 512 178 501 268 138 400.28
106 maps/bgmaps/AR0310SR.map 512 512 146 481 344 138 425.01
103 maps/bgmaps/AR0310SR.map 512 512 141 492 408 190 412.60
102 maps/bgmaps/AR0310SR.map 512 512 114 468 437 276 408.97
104 maps/bgmaps/AR0310SR.map 512 512 151 500 322 154 416.83
102 maps/bgmaps/AR0310SR.map 512 512 429 291 92 466 411.83
104 maps/bgmaps/AR0310SR.map 512 512 121 478 422 195 418.22
