version 1.0
75 maps/bgmaps/AR0509SR.map 512 512 129 398 371 257 300.40
37 maps/bgmaps/AR0509SR.map 512 512 208 377 341 382 148.91
106 maps/bgmaps/AR0509SR.map 512 512 140 432 409 192 426.10
55 maps/bgmaps/AR0509SR.map 512 512 211 238 362 371 221.91
38 maps/bgmaps/AR0509SR.map 512 512 280 218 179 310 153.75
30 maps/bgmaps/AR0509SR.map 512 512 204 287 101 332 121.64
53 maps/bgmaps/AR0509SR.map 512 512 280 248 88 298 212.71
29 maps/bgmaps/AR0509SR.map 512 512 65 454 173 434 116.28
34 maps/bgmaps/AR0509SR.map 512 512 88 334 218 356 139.11
65 maps/bgmaps/AR0509SR.map 512 512 444 176 353 325 260.57
32 maps/bgmaps/AR0509SR.map 512 512 321 114 415 205 131.69
103 maps/bgmaps/AR0509SR.map 512 512 366 175 70 385 413.49
32 maps/bgmaps/AR0509SR.map 512 512 293 181 392 259 131.31
34 maps/bgmaps/AR0509SR.map 512 512 270 173 395 166 137.84
114 maps/bgmaps/AR0509SR.map 512 512 123 495 375 198 458.14
87 maps/bgmaps/AR0509SR.map 512 512 360 297 50 398 351.84
31 maps/bgmaps/AR0509SR.map 512 512 254 327 226 225 125.21
26 maps/bgmaps/AR0509SR.map 512 512 300 334 209 301 104.67
53 maps/bgmaps/AR0509SR.map 512 512 105 292 89 467 212.28
99 maps/bgmaps/AR0509SR.map 512 512 452 223 171 373 396.00
43 maps/bgmaps/AR0509SR.map 512 512 149 302 293 372 172.99
54 maps/bgmaps/AR0509SR.map 512 512 339 259 235 421 216.79
35 maps/bgmaps/AR0509SR.map 512 512 331 220 212 244 140.25
35 maps/bgmaps/AR0509SR.map 512 512 151 386 274 435 143.30
112 maps/bgmaps/AR0509SR.map 512 512 287 149 96 452 450.64
59 maps/bgmaps/AR0509SR.map 512 512 363 301 218 158 238.79
53 maps/bgmaps/AR0509SR.map 512 512 275 191 382 341 213.65
59 maps/bgmaps/AR0509SR.map 512 512 276 420 422 242 238.48
21 maps/bgmaps/AR0509SR.map 512 512 364 145 289 117 86.60
47 maps/bgmaps/AR0509SR.map 512 512 269 281 285 145 191.14
78 maps/bgmaps/AR0509SR.map 512 512 251 204 133 465 312.22
7 maps/bgmaps/AR0509SR.map 512 512 126 427 112 402 30.80
34 maps/bgmaps/AR0509SR.map 512 512 238 214 138 306 139.87
30 maps/bgmaps/AR0509SR.map 512 512 353 251 363 368 121.14
43 maps/bgmaps/AR0509SR.map 512 512 288 297 135 343 172.05
52 maps/bgmaps/AR0509SR.map 512 512 263 303 349 130 208.62
62 maps/bgmaps/AR0509SR.map 512 512 271 274 143 442 250.49
28 maps/bgmaps/AR0509SR.map 512 512 267 441 208 357 113.71
106 maps/bgmaps/AR0509SR.map 512 512 446 220 119 362 426.83
66 maps/bgmaps/AR0509SR.map 512 512 157 335 384 244 265.87
60 maps/bgmaps/AR0509SR.map 512 512 336 348 180 184 243.26
38 maps/bgmaps/AR0509SR.map 512 512 259 275 231 415 155.11
62 maps/bgmaps/AR0509SR.map 512 512 121 394 281 236 250.05
81 maps/bgmaps/AR0509SR.map 512 512 385 201 235 422 327.15
34 maps/bgmaps/AR0509SR.map 512 512 322 243 242 348 138.14
52 maps/bgmaps/AR0509SR.map 512 512 133 456 254 320 211.31
26 maps/bgmaps/AR0509SR.map 512 512 136 340 217 405 107.92
47 maps/bgmaps/AR0509SR.map 512 512 198 275 137 438 189.92
64 maps/bgmaps/AR0509SR.map 512 512 125 259 309 388 256.22
69 maps/bgmaps/AR0509SR.map 512 512 333 347 90 432 278.21
59 maps/bgmaps/AR0509SR.map 512 512 363 288 461 197 238.50
4 maps/bgmaps/AR0509SR.map 512 512 163 452 162 436 16.41
117 maps/bgmaps/AR0509SR.map 512 512 403 178 61 416 469.87
35 maps/bgmaps/AR0509SR.map 512 512 308 335 191 272 143.10
40 maps/bgmaps/AR0509SR.map 512 512 250 329 365 219 161.15
93 maps/bgmaps/AR0509SR.map 512 512 213 378 454 228 372.45
87 maps/bgmaps/AR0509SR.map 512 512 124 278 433 200 351.01
9 maps/bgmaps/AR0509SR.map 512 512 474 189 446 217 39.60
14 maps/bgmaps/AR0509SR.map 512 512 375 310 409 265 59.08
63 maps/bgmaps/AR0509SR.map 512 512 246 185 269 429 253.53
59 maps/bgmaps/AR0509SR.map 512 512 440 164 218 172 236.08
35 maps/bgmaps/AR0509SR.map 512 512 241 292 145 369 141.95
15 maps/bgmaps/AR0509SR.map 512 512 130 476 82 444 61.25
49 maps/bgmaps/AR0509SR.map 512 512 349 347 207 254 197.17
35 maps/bgmaps/AR0509SR.map 512 512 283 365 334 249 140.88
6 maps/bgmaps/AR0509SR.map 512 512 330 224 340 202 26.14
37 maps/bgmaps/AR0509SR.map 512 512 163 319 248 206 149.97
53 maps/bgmaps/AR0509SR.map 512 512 186 180 193 360 214.20
112 maps/bgmaps/AR0509SR.map 512 512 473 171 137 381 449.35
79 maps/bgmaps/AR0509SR.map 512 512 357 183 140 364 317.16
119 maps/bgmaps/AR0509SR.map 512 512 422 151 152 452 477.88
53 maps/bgmaps/AR0509SR.map 512 512 355 138 245 300 212.84
10 maps/bgmaps/AR0509SR.map 512 512 458 186 423 204 42.46
16 maps/bgmaps/AR0509SR.map 512 512 287 382 230 360 66.11
42 maps/bgmaps/AR0509SR.map 512 512 82 340 118 463 168.05
54 maps/bgmaps/AR0509SR.map 512 512 119 335 325 368 219.67
47 maps/bgmaps/AR0509SR.map 512 512 260 161 437 174 191.50
84 maps/bgmaps/AR0509SR.map 512 512 146 300 422 153 337.48
33 maps/bgmaps/AR0509SR.map 512 512 298 149 415 194 135.64
30 maps/bgmaps/AR0509SR.map 512 512 291 282 261 390 120.43
35 maps/bgmaps/AR0509SR.map 512 512 341 315 222 367 141.12
25 maps/bgmaps/AR0509SR.map 512 512 312 138 396 181 101.81
117 maps/bgmaps/AR0509SR.map 512 512 135 498 391 194 470.52
101 maps/bgmaps/AR0509SR.map 512 512 256 420 472 171 407.59
115 maps/bgmaps/AR0509SR.map 512 512 136 491 345 139 462.24
72 maps/bgmaps/AR0509SR.map 512 512 281 410 354 150 291.07
123 maps/bgmaps/AR0509SR.map 512 512 365 101 72 438 493.51
43 maps/bgmaps/AR0509SR.map 512 512 75 322 172 188 175.94
42 maps/bgmaps/AR0509SR.map 512 512 265 183 404 256 169.24
51 maps/bgmaps/AR0509SR.map 512 512 91 433 262 390 206.21
23 maps/bgmaps/AR0509SR.map 512 512 323 246 340 309 95.01
44 maps/bgmaps/AR0509SR.map 512 512 305 317 144 280 176.33
56 maps/bgmaps/AR0509SR.map 512 512 302 348 375 163 226.17
28 maps/bgmaps/AR0509SR.map 512 512 205 303 119 368 112.92
51 maps/bgmaps/AR0509SR.map 512 512 367 316 201 414 206.59
69 maps/bgmaps/AR0509SR.map 512 512 367 364 104 332 276.25
68 maps/bgmaps/AR0509SR.map 512 512 281 128 367 364 274.55
56 maps/bgmaps/AR0509SR.map 512 512 285 395 98 439 226.14
15 maps/bgmaps/AR0509SR.map 512 512 118 412 62 395 63.04
70 maps/bgmaps/AR0509SR.map 512 512 83 472 304 363 281.87
35 maps/bgmaps/AR0509SR.map 512 512 47 428 131 475 143.17
70 maps/bgmaps/AR0509SR.map 512 512 378 342 117 293 281.30
68 maps/bgmaps/AR0509SR.map 512 512 347 183 201 394 274.40
100 maps/bgmaps/AR0509SR.map 512 512 104 420 303 153 401.77
74 maps/bgmaps/AR0509SR.map 512 512 96 338 334 207 299.88
82 maps/bgmaps/AR0509SR.map 512 512 145 332 397 201 329.78
108 maps/bgmaps/AR0509SR.map 512 512 117 352 457 231 433.80
40 maps/bgmaps/AR0509SR.map 512 512 408 235 265 202 160.81
77 maps/bgmaps/AR0509SR.map 512 512 366 151 151 333 309.72
41 maps/bgmaps/AR0509SR.map 512 512 184 200 250 338 167.68
48 maps/bgmaps/AR0509SR.map 512 512 153 297 93 466 193.85
51 maps/bgmaps/AR0509SR.map 512 512 248 219 78 308 207.45
64 maps/bgmaps/AR0509SR.map 512 512 362 356 216 168 259.61
10 maps/bgmaps/AR0509SR.map 512 512 278 285 296 321 43.46
65 maps/bgmaps/AR0509SR.map 512 512 116 449 279 279 260.36
79 maps/bgmaps/AR0509SR.map 512 512 322 238 76 401 319.37
68 maps/bgmaps/AR0509SR.map 512 512 200 273 367 99 275.39
39 maps/bgmaps/AR0509SR.map 512 512 341 241 218 323 156.97
65 maps/bgmaps/AR0509SR.map 512 512 285 395 160 203 261.94
64 maps/bgmaps/AR0509SR.map 512 512 176 345 397 288 258.17
27 maps/bgmaps/AR0509SR.map 512 512 280 288 209 228 111.08
86 maps/bgmaps/AR0509SR.map 512 512 115 355 381 188 346.30
87 maps/bgmaps/AR0509SR.map 512 512 99 330 344 131 349.10
26 maps/bgmaps/AR0509SR.map 512 512 411 264 361 350 106.71
16 maps/bgmaps/AR0509SR.map 512 512 369 344 307 334 66.14
15 maps/bgmaps/AR0509SR.map 512 512 279 242 262 189 60.04
18 maps/bgmaps/AR0509SR.map 512 512 245 326 310 331 72.04
32 maps/bgmaps/AR0509SR.map 512 512 367 359 379 235 128.97
57 maps/bgmaps/AR0509SR.map 512 512 286 362 165 194 228.08
36 maps/bgmaps/AR0509SR.map 512 512 263 436 372 347 145.87
103 maps/bgmaps/AR0509SR.map 512 512 88 339 429 210 413.69
51 maps/bgmaps/AR0509SR.map 512 512 353 303 405 158 207.02
116 maps/bgmaps/AR0509SR.map 512 512 457 211 120 414 465.77
76 maps/bgmaps/AR0509SR.map 512 512 167 348 300 161 306.29
31 maps/bgmaps/AR0509SR.map 512 512 347 167 277 247 124.23
1 maps/bgmaps/AR0509SR.map 512 512 346 316 345 321 5.41
32 maps/bgmaps/AR0509SR.map 512 512 354 342 334 222 129.94
45 maps/bgmaps/AR0509SR.map 512 512 336 374 262 222 182.65
38 maps/bgmaps/AR0509SR.map 512 512 230 236 366 190 155.05
126 maps/bgmaps/AR0509SR.map 512 512 102 476 357 100 504.47
66 maps/bgmaps/AR0509SR.map 512 512 203 393 392 236 264.58
44 maps/bgmaps/AR0509SR.map 512 512 253 190 124 274 177.55
58 maps/bgmaps/AR0509SR.map 512 512 170 457 267 435 234.72
5 maps/bgmaps/AR0509SR.map 512 512 309 370 302 351 21.90
82 maps/bgmaps/AR0509SR.map 512 512 383 170 142 348 331.72
40 maps/bgmaps/AR0509SR.map 512 512 289 254 192 374 162.52
7 maps/bgmaps/AR0509SR.map 512 512 153 448 179 434 31.80
97 maps/bgmaps/AR0509SR.map 512 512 54 407 313 194 388.82
34 maps/bgmaps/AR0509SR.map 512 512 150 381 255 308 139.34
60 maps/bgmaps/AR0509SR.map 512 512 361 225 268 428 241.52
38 maps/bgmaps/AR0509SR.map 512 512 142 431 233 412 152.43
34 maps/bgmaps/AR0509SR.map 512 512 182 293 310 316 137.53
73 maps/bgmaps/AR0509SR.map 512 512 195 183 469 216 292.64
57 maps/bgmaps/AR0509SR.map 512 512 97 408 275 291 228.81
34 maps/bgmaps/AR0509SR.map 512 512 206 283 202 401 137.88
19 maps/bgmaps/AR0509SR.map 512 512 280 292 259 223 77.70
60 maps/bgmaps/AR0509SR.map 512 512 175 188 330 347 241.36
54 maps/bgmaps/AR0509SR.map 512 512 135 359 200 176 217.97
14 maps/bgmaps/AR0509SR.map 512 512 320 324 276 291 57.67
14 maps/bgmaps/AR0509SR.map 512 512 214 397 171 358 59.15
14 maps/bgmaps/AR0509SR.map 512 512 334 187 388 199 58.97
62 maps/bgmaps/AR0509SR.map 512 512 209 293 391 170 249.94
56 maps/bgmaps/AR0509SR.map 512 512 440 175 422 246 227.51
79 maps/bgmaps/AR0509SR.map 512 512 332 234 147 442 318.00
44 maps/bgmaps/AR0509SR.map 512 512 257 430 119 330 179.42
1 maps/bgmaps/AR0509SR.map 512 512 84 397 85 390 7.41
51 maps/bgmaps/AR0509SR.map 512 512 287 292 164 238 204.24
25 maps/bgmaps/AR0509SR.map 512 512 367 257 318 340 103.30
32 maps/bgmaps/AR0509SR.map 512 512 229 326 270 211 131.98
14 maps/bgmaps/AR0509SR.map 512 512 414 179 369 150 57.01
66 maps/bgmaps/AR0509SR.map 512 512 325 166 170 337 267.56
44 maps/bgmaps/AR0509SR.map 512 512 423 247 254 222 179.36
37 maps/bgmaps/AR0509SR.map 512 512 385 236 268 160 149.65
44 maps/bgmaps/AR0509SR.map 512 512 252 270 252 443 176.31
60 maps/bgmaps/AR0509SR.map 512 512 366 318 428 213 243.37
12 maps/bgmaps/AR0509SR.map 512 512 312 340 275 369 49.01
59 maps/bgmaps/AR0509SR.map 512 512 168 290 357 181 238.25
40 maps/bgmaps/AR0509SR.map 512 512 49 417 123 331 162.57
64 maps/bgmaps/AR0509SR.map 512 512 198 299 391 195 256.38
55 maps/bgmaps/AR0509SR.map 512 512 187 311 390 269 223.71
59 maps/bgmaps/AR0509SR.map 512 512 195 394 371 257 239.19
31 maps/bgmaps/AR0509SR.map 512 512 242 206 150 235 126.40
30 maps/bgmaps/AR0509SR.map 512 512 267 359 380 334 123.36
67 maps/bgmaps/AR0509SR.map 512 512 137 476 211 239 269.31
68 maps/bgmaps/AR0509SR.map 512 512 270 424 224 175 273.33
46 maps/bgmaps/AR0509SR.map 512 512 362 263 365 103 184.44
20 maps/bgmaps/AR0509SR.map 512 512 264 377 200 374 80.70
34 maps/bgmaps/AR0509SR.map 512 512 252 224 367 168 138.20
13 maps/bgmaps/AR0509SR.map 512 512 223 408 212 357 55.56
41 maps/bgmaps/AR0509SR.map 512 512 344 136 382 278 166.02
90 maps/bgmaps/AR0509SR.map 512 512 93 478 378 353 360.21
53 maps/bgmaps/AR0509SR.map 512 512 357 196 205 286 212.75
77 maps/bgmaps/AR0509SR.map 512 512 197 408 313 161 310.99
71 maps/bgmaps/AR0509SR.map 512 512 369 163 136 254 286.69
36 maps/bgmaps/AR0509SR.map 512 512 204 227 122 340 146.97
82 maps/bgmaps/AR0509SR.map 512 512 293 386 445 173 331.27
4 maps/bgmaps/AR0509SR.map 512 512 280 138 299 139 19.41
26 maps/bgmaps/AR0509SR.map 512 512 270 281 295 376 105.36
36 maps/bgmaps/AR0509SR.map 512 512 360 349 246 276 144.24
56 maps/bgmaps/AR0509SR.map 512 512 186 170 326 320 227.91
28 maps/bgmaps/AR0509SR.map 512 512 247 317 139 303 113.80
28 maps/bgmaps/AR0509SR.map 512 512 216 322 300 247 115.07
40 maps/bgmaps/AR0509SR.map 512 512 145 287 262 185 163.94
13 maps/bgmaps/AR0509SR.map 512 512 305 326 345 301 52.70
44 maps/bgmaps/AR0509SR.map 512 512 144 329 314 322 179.53
101 maps/bgmaps/AR0509SR.map 512 512 470 202 186 394 404.86
4 maps/bgmaps/AR0509SR.map 512 512 311 149 316 163 16.07
77 maps/bgmaps/AR0509SR.map 512 512 120 438 250 185 308.61
45 maps/bgmaps/AR0509SR.map 512 512 265 288 388 200 183.89
55 maps/bgmaps/AR0509SR.map 512 512 136 393 243 223 223.11
58 maps/bgmaps/AR0509SR.map 512 512 407 245 249 414 234.45
41 maps/bgmaps/AR0509SR.map 512 512 277 241 319 388 164.40
58 maps/bgmaps/AR0509SR.map 512 512 341 340 347 128 232.71
80 maps/bgmaps/AR0509SR.map 512 512 443 210 325 375 322.82
42 maps/bgmaps/AR0509SR.map 512 512 145 331 287 396 171.27
18 maps/bgmaps/AR0509SR.map 512 512 214 229 276 199 74.43
71 maps/bgmaps/AR0509SR.map 512 512 443 192 240 327 284.35
55 maps/bgmaps/AR0509SR.map 512 512 186 167 112 345 220.25
59 maps/bgmaps/AR0509SR.map 512 512 147 377 376 356 237.70
32 maps/bgmaps/AR0509SR.map 512 512 357 193 409 259 131.68
62 maps/bgmaps/AR0509SR.map 512 512 340 231 113 273 250.20
29 maps/bgmaps/AR0509SR.map 512 512 206 202 115 255 117.64
55 maps/bgmaps/AR0509SR.map 512 512 383 303 420 180 222.85
57 maps/bgmaps/AR0509SR.map 512 512 283 310 295 113 229.31
35 maps/bgmaps/AR0509SR.map 512 512 254 253 396 253 142.00
39 maps/bgmaps/AR0509SR.map 512 512 242 228 300 361 159.37
108 maps/bgmaps/AR0509SR.map 512 512 454 211 92 338 434.69
64 maps/bgmaps/AR0509SR.map 512 512 313 309 123 436 259.01
26 maps/bgmaps/AR0509SR.map 512 512 157 348 81 387 106.94
36 maps/bgmaps/AR0509SR.map 512 512 213 351 263 230 145.23
101 maps/bgmaps/AR0509SR.map 512 512 74 337 352 104 407.32
55 maps/bgmaps/AR0509SR.map 512 512 86 304 256 399 220.81
3 maps/bgmaps/AR0509SR.map 512 512 109 329 98 336 13.90
33 maps/bgmaps/AR0509SR.map 512 512 256 299 374 259 134.57
32 maps/bgmaps/AR0509SR.map 512 512 318 247 333 356 131.78
29 maps/bgmaps/AR0509SR.map 512 512 102 384 84 346 119.60
32 maps/bgmaps/AR0509SR.map 512 512 264 180 308 126 129.25
79 maps/bgmaps/AR0509SR.map 512 512 319 145 137 348 318.06
101 maps/bgmaps/AR0509SR.map 512 512 480 189 146 329 406.05
23 maps/bgmaps/AR0509SR.map 512 512 94 352 174 314 95.74
3 maps/bgmaps/AR0509SR.map 512 512 297 93 302 104 13.07
7 maps/bgmaps/AR0509SR.map 512 512 229 228 251 212 28.63
70 maps/bgmaps/AR0509SR.map 512 512 322 339 66 405 283.34
13 maps/bgmaps/AR0509SR.map 512 512 279 188 273 240 54.49
37 maps/bgmaps/AR0509SR.map 512 512 107 343 60 415 149.47
83 maps/bgmaps/AR0509SR.map 512 512 101 339 391 230 335.15
111 maps/bgmaps/AR0509SR.map 512 512 58 418 381 189 446.56
33 maps/bgmaps/AR0509SR.map 512 512 347 181 371 294 135.47
35 maps/bgmaps/AR0509SR.map 512 512 103 394 225 345 142.30
118 maps/bgmaps/AR0509SR.map 512 512 134 428 465 190 474.10
45 maps/bgmaps/AR0509SR.map 512 512 381 257 244 353 183.79
43 maps/bgmaps/AR0509SR.map 512 512 99 410 208 308 172.34
32 maps/bgmaps/AR0509SR.map 512 512 150 362 247 442 130.72
96 maps/bgmaps/AR0509SR.map 512 512 431 202 242 439 387.66
52 maps/bgmaps/AR0509SR.map 512 512 249 309 117 443 211.52
48 maps/bgmaps/AR0509SR.map 512 512 165 292 346 309 193.01
20 maps/bgmaps/AR0509SR.map 512 512 125 446 159 383 83.53
42 maps/bgmaps/AR0509SR.map 512 512 263 388 133 322 169.05
41 maps/bgmaps/AR0509SR.map 512 512 128 340 104 488 164.57
73 maps/bgmaps/AR0509SR.map 512 512 144 444 284 234 294.78
28 maps/bgmaps/AR0509SR.map 512 512 258 412 291 320 112.30
10 maps/bgmaps/AR0509SR.map 512 512 316 334 295 368 42.70
7 maps/bgmaps/AR0509SR.map 512 512 310 374 284 381 28.90
100 maps/bgmaps/AR0509SR.map 512 512 425 212 93 325 402.20
37 maps/bgmaps/AR0509SR.map 512 512 211 285 295 184 151.61
56 maps/bgmaps/AR0509SR.map 512 512 326 381 134 408 226.20
25 maps/bgmaps/AR0509SR.map 512 512 100 412 155 342 100.98
32 maps/bgmaps/AR0509SR.map 512 512 265 264 163 327 128.10
5 maps/bgmaps/AR0509SR.map 512 512 365 322 381 336 21.80
64 maps/bgmaps/AR0509SR.map 512 512 290 305 453 178 256.61
54 maps/bgmaps/AR0509SR.map 512 512 275 317 314 126 218.75
28 maps/bgmaps/AR0509SR.map 512 512 138 352 230 299 113.95
28 maps/bgmaps/AR0509SR.map 512 512 197 395 238 298 113.98
60 maps/bgmaps/AR0509SR.map 512 512 447 167 385 290 243.07
83 maps/bgmaps/AR0509SR.map 512 512 100 297 296 136 333.13
42 maps/bgmaps/AR0509SR.map 512 512 279 388 349 254 169.97
54 maps/bgmaps/AR0509SR.map 512 512 308 334 111 280 219.37
33 maps/bgmaps/AR0509SR.map 512 512 377 177 309 264 132.15
29 maps/bgmaps/AR0509SR.map 512 512 204 207 119 262 116.12
71 maps/bgmaps/AR0509SR.map 512 512 307 115 240 356 286.15
34 maps/bgmaps/AR0509SR.map 512 512 65 316 112 388 139.95
29 maps/bgmaps/AR0509SR.map 512 512 301 318 402 277 117.98
61 maps/bgmaps/AR0509SR.map 512 512 202 287 94 488 245.74
13 maps/bgmaps/AR0509SR.map 512 512 322 142 374 151 55.73
52 maps/bgmaps/AR0509SR.map 512 512 265 335 73 323 208.57
73 maps/bgmaps/AR0509SR.map 512 512 435 199 159 199 294.23
51 maps/bgmaps/AR0509SR.map 512 512 258 332 104 438 204.35
56 maps/bgmaps/AR0509SR.map 512 512 339 361 147 283 224.31
86 maps/bgmaps/AR0509SR.map 512 512 381 274 87 402 347.02
8 maps/bgmaps/AR0509SR.map 512 512 97 454 65 452 32.83
16 maps/bgmaps/AR0509SR.map 512 512 247 425 273 371 64.77
50 maps/bgmaps/AR0509SR.map 512 512 332 237 158 305 202.17
70 maps/bgmaps/AR0509SR.map 512 512 439 198 216 287 282.65
42 maps/bgmaps/AR0509SR.map 512 512 132 452 140 284 171.31
51 maps/bgmaps/AR0509SR.map 512 512 249 417 109 463 206.27
60 maps/bgmaps/AR0509SR.map 512 512 469 188 294 281 242.81
2 maps/bgmaps/AR0509SR.map 512 512 206 376 197 371 11.07
98 maps/bgmaps/AR0509SR.map 512 512 257 428 452 210 394.76
61 maps/bgmaps/AR0509SR.map 512 512 263 369 62 461 246.32
42 maps/bgmaps/AR0509SR.map 512 512 149 237 268 260 168.75
11 maps/bgmaps/AR0509SR.map 512 512 168 312 214 310 46.83
99 maps/bgmaps/AR0509SR.map 512 512 124 330 459 190 396.50
41 maps/bgmaps/AR0509SR.map 512 512 246 287 397 246 167.98
34 maps/bgmaps/AR0509SR.map 512 512 143 339 240 434 136.35
38 maps/bgmaps/AR0509SR.map 512 512 322 196 321 325 153.44
66 maps/bgmaps/AR0509SR.map 512 512 215 408 189 167 264.20
18 maps/bgmaps/AR0509SR.map 512 512 156 251 187 193 74.36
49 maps/bgmaps/AR0509SR.map 512 512 120 337 307 321 199.43
12 maps/bgmaps/AR0509SR.map 512 512 291 345 324 322 49.36
66 maps/bgmaps/AR0509SR.map 512 512 332 142 175 312 266.66
91 maps/bgmaps/AR0509SR.map 512 512 85 313 396 205 367.92
54 maps/bgmaps/AR0509SR.map 512 512 314 116 205 241 216.89
112 maps/bgmaps/AR0509SR.map 512 512 352 108 117 438 450.19
57 maps/bgmaps/AR0509SR.map 512 512 140 324 349 372 228.88
6 maps/bgmaps/AR0509SR.map 512 512 111 419 106 443 26.07
38 maps/bgmaps/AR0509SR.map 512 512 189 290 307 381 155.69
42 maps/bgmaps/AR0509SR.map 512 512 86 335 107 462 169.68
84 maps/bgmaps/AR0509SR.map 512 512 465 180 159 224 336.12
55 maps/bgmaps/AR0509SR.map 512 512 237 416 371 248 223.50
27 maps/bgmaps/AR0509SR.map 512 512 272 425 355 364 108.27
20 maps/bgmaps/AR0509SR.map 512 512 387 286 358 216 82.01
80 maps/bgmaps/AR0509SR.map 512 512 157 450 185 171 323.01
20 maps/bgmaps/AR0509SR.map 512 512 247 408 256 330 81.73
70 maps/bgmaps/AR0509SR.map 512 512 318 356 179 438 281.47
13 maps/bgmaps/AR0509SR.map 512 512 171 189 213 220 54.84
16 maps/bgmaps/AR0509SR.map 512 512 331 184 271 194 64.14
95 maps/bgmaps/AR0509SR.map 512 512 157 331 460 186 380.05
13 maps/bgmaps/AR0509SR.map 512 512 283 172 240 201 55.01
119 maps/bgmaps/AR0509SR.map 512 512 178 450 342 112 478.46
25 maps/bgmaps/AR0509SR.map 512 512 367 182 271 170 103.46
16 maps/bgmaps/AR0509SR.map 512 512 365 282 339 337 65.77
83 maps/bgmaps/AR0509SR.map 512 512 102 434 222 164 333.61
92 maps/bgmaps/AR0509SR.map 512 512 57 328 345 149 369.76
16 maps/bgmaps/AR0509SR.map 512 512 325 257 356 292 64.83
17 maps/bgmaps/AR0509SR.map 512 512 173 274 216 224 70.74
63 maps/bgmaps/AR0509SR.map 512 512 195 206 237 432 255.82
60 maps/bgmaps/AR0509SR.map 512 512 307 313 435 190 242.05
60 maps/bgmaps/AR0509SR.map 512 512 335 127 183 272 240.18
94 maps/bgmaps/AR0509SR.map 512 512 348 245 119 492 378.17
72 maps/bgmaps/AR0509SR.map 512 512 299 128 155 301 288.89
62 maps/bgmaps/AR0509SR.map 512 512 400 193 256 341 249.14
33 maps/bgmaps/AR0509SR.map 512 512 354 351 324 235 134.77
21 maps/bgmaps/AR0509SR.map 512 512 133 420 134 337 85.07
35 maps/bgmaps/AR0509SR.map 512 512 282 240 303 137 142.95
18 maps/bgmaps/AR0509SR.map 512 512 215 371 271 384 74.36
39 maps/bgmaps/AR0509SR.map 512 512 276 351 122 347 158.97
92 maps/bgmaps/AR0509SR.map 512 512 164 428 370 230 370.76
87 maps/bgmaps/AR0509SR.map 512 512 224 366 451 225 351.65
55 maps/bgmaps/AR0509SR.map 512 512 313 386 315 190 220.02
76 maps/bgmaps/AR0509SR.map 512 512 135 321 300 139 306.35
12 maps/bgmaps/AR0509SR.map 512 512 315 164 357 181 49.04
17 maps/bgmaps/AR0509SR.map 512 512 201 206 231 175 71.04
47 maps/bgmaps/AR0509SR.map 512 512 289 320 259 142 190.43
47 maps/bgmaps/AR0509SR.map 512 512 226 420 74 450 190.11
110 maps/bgmaps/AR0509SR.map 512 512 367 140 87 439 440.75
49 maps/bgmaps/AR0509SR.map 512 512 393 284 407 210 198.31
109 maps/bgmaps/AR0509SR.map 512 512 70 320 453 184 439.92
13 maps/bgmaps/AR0509SR.map 512 512 170 319 128 287 55.25
17 maps/bgmaps/AR0509SR.map 512 512 103 389 148 439 71.57
47 maps/bgmaps/AR0509SR.map 512 512 96 302 270 318 188.08
58 maps/bgmaps/AR0509SR.map 512 512 270 359 370 200 235.99
31 maps/bgmaps/AR0509SR.map 512 512 248 213 246 333 127.46
56 maps/bgmaps/AR0509SR.map 512 512 262 305 347 114 226.21
76 maps/bgmaps/AR0509SR.map 512 512 120 442 324 242 307.35
65 maps/bgmaps/AR0509SR.map 512 512 165 195 365 300 262.24
51 maps/bgmaps/AR0509SR.map 512 512 395 259 433 228 207.59
20 maps/bgmaps/AR0509SR.map 512 512 273 346 347 336 80.63
31 maps/bgmaps/AR0509SR.map 512 512 303 276 204 215 124.27
57 maps/bgmaps/AR0509SR.map 512 512 366 197 287 368 231.78
53 maps/bgmaps/AR0509SR.map 512 512 163 211 279 347 214.45
109 maps/bgmaps/AR0509SR.map 512 512 312 114 89 400 439.07
59 maps/bgmaps/AR0509SR.map 512 512 276 402 78 324 236.94
44 maps/bgmaps/AR0509SR.map 512 512 274 233 152 343 179.87
6 maps/bgmaps/AR0509SR.map 512 512 257 208 282 210 25.83
63 maps/bgmaps/AR0509SR.map 512 512 299 151 189 298 254.08
40 maps/bgmaps/AR0509SR.map 512 512 245 420 122 327 161.52
38 maps/bgmaps/AR0509SR.map 512 512 221 303 126 391 152.54
55 maps/bgmaps/AR0509SR.map 512 512 72 458 252 361 220.18
44 maps/bgmaps/AR0509SR.map 512 512 213 241 385 246 178.31
42 maps/bgmaps/AR0509SR.map 512 512 324 133 250 120 168.54
75 maps/bgmaps/AR0509SR.map 512 512 312 103 155 290 301.61
40 maps/bgmaps/AR0509SR.map 512 512 159 224 106 354 160.10
46 maps/bgmaps/AR0509SR.map 512 512 295 390 148 296 185.94
65 maps/bgmaps/AR0509SR.map 512 512 235 284 424 153 260.25
87 maps/bgmaps/AR0509SR.map 512 512 456 190 148 289 349.59
111 maps/bgmaps/AR0509SR.map 512 512 94 438 286 133 445.10
23 maps/bgmaps/AR0509SR.map 512 512 304 157 281 206 95.98
65 maps/bgmaps/AR0509SR.map 512 512 346 354 95 327 263.01
121 maps/bgmaps/AR0509SR.map 512 512 429 160 148 459 486.50
63 maps/bgmaps/AR0509SR.map 512 512 199 409 189 184 253.17
78 maps/bgmaps/AR0509SR.map 512 512 398 286 118 368 313.97
77 maps/bgmaps/AR0509SR.map 512 512 270 375 368 105 311.76
12 maps/bgmaps/AR0509SR.map 512 512 245 317 231 361 49.80
64 maps/bgmaps/AR0509SR.map 512 512 298 363 177 437 257.81
97 maps/bgmaps/AR0509SR.map 512 512 317 162 90 379 390.17
99 maps/bgmaps/AR0509SR.map 512 512 142 450 317 164 399.17
22 maps/bgmaps/AR0509SR.map 512 512 263 217 341 204 89.18
113 maps/bgmaps/AR0509SR.map 512 512 77 387 410 161 455.46
41 maps/bgmaps/AR0509SR.map 512 512 289 364 240 218 166.30
78 maps/bgmaps/AR0509SR.map 512 512 246 186 151 445 314.53
72 maps/bgmaps/AR0509SR.map 512 512 173 369 337 162 291.33
20 maps/bgmaps/AR0509SR.map 512 512 120 473 100 400 81.28
64 maps/bgmaps/AR0509SR.map 512 512 300 240 90 350 258.49
3 maps/bgmaps/AR0509SR.map 512 512 182 281 191 273 12.31
39 maps/bgmaps/AR0509SR.map 512 512 154 339 244 234 158.10
72 maps/bgmaps/AR0509SR.map 512 512 58 324 283 173 288.13
25 maps/bgmaps/AR0509SR.map 512 512 344 155 328 252 103.63
88 maps/bgmaps/AR0509SR.map 512 512 346 175 66 341 352.27
69 maps/bgmaps/AR0509SR.map 512 512 351 168 275 415 279.31
26 maps/bgmaps/AR0509SR.map 512 512 214 343 305 302 107.98
85 maps/bgmaps/AR0509SR.map 512 512 327 230 166 448 341.42
81 maps/bgmaps/AR0509SR.map 512 512 360 371 460 170 325.47
62 maps/bgmaps/AR0509SR.map 512 512 275 130 229 298 249.12
45 maps/bgmaps/AR0509SR.map 512 512 272 259 407 196 182.23
47 maps/bgmaps/AR0509SR.map 512 512 150 280 298 182 189.18
51 maps/bgmaps/AR0509SR.map 512 512 221 229 408 272 204.81
96 maps/bgmaps/AR0509SR.map 512 512 367 103 101 338 387.94
51 maps/bgmaps/AR0509SR.map 512 512 228 172 373 282 205.79
60 maps/bgmaps/AR0509SR.map 512 512 266 157 208 376 243.02
42 maps/bgmaps/AR0509SR.map 512 512 208 378 366 347 170.84
19 maps/bgmaps/AR0509SR.map 512 512 185 431 123 409 76.97
14 maps/bgmaps/AR0509SR.map 512 512 375 144 321 135 57.73
37 maps/bgmaps/AR0509SR.map 512 512 173 302 255 187 150.72
119 maps/bgmaps/AR0509SR.map 512 512 138 440 447 166 478.87
23 maps/bgmaps/AR0509SR.map 512 512 363 255 314 322 95.50
69 maps/bgmaps/AR0509SR.map 512 512 363 334 96 352 276.94
75 maps/bgmaps/AR0509SR.map 512 512 382 305 108 262 300.10
41 maps/bgmaps/AR0509SR.map 512 512 268 391 148 317 166.47
101 maps/bgmaps/AR0509SR.map 512 512 103 437 371 199 405.43
50 maps/bgmaps/AR0509SR.map 512 512 168 386 314 255 200.85
71 maps/bgmaps/AR0509SR.map 512 512 329 364 172 443 286.71
60 maps/bgmaps/AR0509SR.map 512 512 286 355 51 334 243.70
81 maps/bgmaps/AR0509SR.map 512 512 360 298 50 331 324.50
6 maps/bgmaps/AR0509SR.map 512 512 251 294 260 317 26.73
86 maps/bgmaps/AR0509SR.map 512 512 173 344 271 124 346.62
16 maps/bgmaps/AR0509SR.map 512 512 277 367 321 323 64.57
46 maps/bgmaps/AR0509SR.map 512 512 196 176 374 177 185.04
46 maps/bgmaps/AR0509SR.map 512 512 267 192 263 375 184.66
39 maps/bgmaps/AR0509SR.map 512 512 283 399 147 361 158.18
79 maps/bgmaps/AR0509SR.map 512 512 488 188 365 342 319.08
31 maps/bgmaps/AR0509SR.map 512 512 374 230 387 165 124.02
75 maps/bgmaps/AR0509SR.map 512 512 280 419 372 164 300.38
66 maps/bgmaps/AR0509SR.map 512 512 122 288 356 215 264.24
21 maps/bgmaps/AR0509SR.map 512 512 290 193 215 222 87.01
39 maps/bgmaps/AR0509SR.map 512 512 160 340 183 450 157.23
45 maps/bgmaps/AR0509SR.map 512 512 385 199 389 295 181.10
77 maps/bgmaps/AR0509SR.map 512 512 340 375 180 444 310.68
49 maps/bgmaps/AR0509SR.map 512 512 183 177 363 224 199.47
31 maps/bgmaps/AR0509SR.map 512 512 184 312 302 336 127.94
102 maps/bgmaps/AR0509SR.map 512 512 128 412 411 202 410.73
62 maps/bgmaps/AR0509SR.map 512 512 373 344 137 332 250.08
14 maps/bgmaps/AR0509SR.map 512 512 193 395 138 388 57.90
68 maps/bgmaps/AR0509SR.map 512 512 348 373 303 123 275.27
81 maps/bgmaps/AR0509SR.map 512 512 70 321 380 328 324.50
2 maps/bgmaps/AR0509SR.map 512 512 193 370 203 374 11.66
53 maps/bgmaps/AR0509SR.map 512 512 446 220 264 153 212.68
104 maps/bgmaps/AR0509SR.map 512 512 226 415 474 185 417.66
27 maps/bgmaps/AR0509SR.map 512 512 281 276 380 252 108.94
50 maps/bgmaps/AR0509SR.map 512 512 243 337 210 164 202.41
70 maps/bgmaps/AR0509SR.map 512 512 398 234 200 410 282.62
68 maps/bgmaps/AR0509SR.map 512 512 79 326 257 165 274.50
21 maps/bgmaps/AR0509SR.map 512 512 209 385 279 365 85.11
61 maps/bgmaps/AR0509SR.map 512 512 198 259 427 248 245.36
30 maps/bgmaps/AR0509SR.map 512 512 361 257 257 216 122.74
53 maps/bgmaps/AR0509SR.map 512 512 316 323 297 148 212.99
72 maps/bgmaps/AR0509SR.map 512 512 49 427 251 272 289.63
23 maps/bgmaps/AR0509SR.map 512 512 102 416 130 345 92.25
14 maps/bgmaps/AR0509SR.map 512 512 235 282 290 285 56.24
48 maps/bgmaps/AR0509SR.map 512 512 445 223 268 200 193.98
62 maps/bgmaps/AR0509SR.map 512 512 440 206 348 316 249.64
64 maps/bgmaps/AR0509SR.map 512 512 452 226 218 172 256.37
36 maps/bgmaps/AR0509SR.map 512 512 259 365 150 288 144.99
33 maps/bgmaps/AR0509SR.map 512 512 353 289 295 191 132.12
62 maps/bgmaps/AR0509SR.map 512 512 245 405 291 174 251.23
15 maps/bgmaps/AR0509SR.map 512 512 215 224 258 189 61.60
94 maps/bgmaps/AR0509SR.map 512 512 295 99 234 426 379.61
48 maps/bgmaps/AR0509SR.map 512 512 332 222 258 386 194.65
43 maps/bgmaps/AR0509SR.map 512 512 400 186 256 134 174.91
58 maps/bgmaps/AR0509SR.map 512 512 127 458 284 374 234.20
66 maps/bgmaps/AR0509SR.map 512 512 193 168 255 406 266.17
99 maps/bgmaps/AR0509SR.map 512 512 327 195 123 486 399.17
62 maps/bgmaps/AR0509SR.map 512 512 381 304 148 343 250.57
46 maps/bgmaps/AR0509SR.map 512 512 115 284 73 394 186.38
40 maps/bgmaps/AR0509SR.map 512 512 51 422 102 355 160.23
30 maps/bgmaps/AR0509SR.map 512 512 294 261 369 191 121.57
87 maps/bgmaps/AR0509SR.map 512 512 203 397 419 180 349.82
27 maps/bgmaps/AR0509SR.map 512 512 299 242 358 303 108.87
13 maps/bgmaps/AR0509SR.map 512 512 235 281 235 335 54.00
26 maps/bgmaps/AR0509SR.map 512 512 203 356 193 282 105.30
10 maps/bgmaps/AR0509SR.map 512 512 151 215 183 191 41.94
69 maps/bgmaps/AR0509SR.map 512 512 156 350 401 276 279.79
98 maps/bgmaps/AR0509SR.map 512 512 410 203 85 339 394.79
82 maps/bgmaps/AR0509SR.map 512 512 440 198 163 243 331.78
59 maps/bgmaps/AR0509SR.map 512 512 187 298 406 269 239.30
65 maps/bgmaps/AR0509SR.map 512 512 153 241 325 137 261.68
29 maps/bgmaps/AR0509SR.map 512 512 61 415 105 478 116.60
74 maps/bgmaps/AR0509SR.map 512 512 223 300 445 220 296.15
49 maps/bgmaps/AR0509SR.map 512 512 474 187 334 246 196.66
10 maps/bgmaps/AR0509SR.map 512 512 244 347 268 378 40.94
46 maps/bgmaps/AR0509SR.map 512 512 204 255 352 176 185.41
103 maps/bgmaps/AR0509SR.map 512 512 103 270 464 164 413.78
83 maps/bgmaps/AR0509SR.map 512 512 372 323 139 463 335.89
110 maps/bgmaps/AR0509SR.map 512 512 426 166 111 410 442.43
55 maps/bgmaps/AR0509SR.map 512 512 194 182 176 384 222.47
52 maps/bgmaps/AR0509SR.map 512 512 388 230 202 258 209.50
30 maps/bgmaps/AR0509SR.map 512 512 135 364 90 465 120.47
95 maps/bgmaps/AR0509SR.map 512 512 57 458 220 159 382.76
40 maps/bgmaps/AR0509SR.map 512 512 324 117 259 139 161.81
64 maps/bgmaps/AR0509SR.map 512 512 52 425 278 425 258.75
57 maps/bgmaps/AR0509SR.map 512 512 253 131 417 266 229.29
80 maps/bgmaps/AR0509SR.map 512 512 472 188 164 199 321.67
48 maps/bgmaps/AR0509SR.map 512 512 335 375 170 330 194.18
36 maps/bgmaps/AR0509SR.map 512 512 328 151 296 282 144.25
25 maps/bgmaps/AR0509SR.map 512 512 170 324 224 396 100.81
66 maps/bgmaps/AR0509SR.map 512 512 369 312 167 194 265.66
10 maps/bgmaps/AR0509SR.map 512 512 263 384 261 344 40.83
94 maps/bgmaps/AR0509SR.map 512 512 266 150 106 460 378.03
14 maps/bgmaps/AR0509SR.map 512 512 298 286 338 254 56.77
49 maps/bgmaps/AR0509SR.map 512 512 261 246 270 441 198.73
98 maps/bgmaps/AR0509SR.map 512 512 264 434 445 164 394.18
11 maps/bgmaps/AR0509SR.map 512 512 244 426 203 413 46.38
77 maps/bgmaps/AR0509SR.map 512 512 243 191 92 437 310.30
81 maps/bgmaps/AR0509SR.map 512 512 254 440 358 159 324.08
20 maps/bgmaps/AR0509SR.map 512 512 96 391 76 464 81.28
61 maps/bgmaps/AR0509SR.map 512 512 250 296 286 103 247.39
53 maps/bgmaps/AR0509SR.map 512 512 256 190 459 221 215.84
37 maps/bgmaps/AR0509SR.map 512 512 336 331 274 212 149.37
72 maps/bgmaps/AR0509SR.map 512 512 175 365 238 129 291.88
54 maps/bgmaps/AR0509SR.map 512 512 240 411 224 221 219.25
76 maps/bgmaps/AR0509SR.map 512 512 102 457 340 330 307.01
17 maps/bgmaps/AR0509SR.map 512 512 319 334 300 272 71.53
127 maps/bgmaps/AR0509SR.map 512 512 286 109 108 489 511.37
103 maps/bgmaps/AR0509SR.map 512 512 432 247 101 439 415.80
23 maps/bgmaps/AR0509SR.map 512 512 349 163 281 213 92.23
44 maps/bgmaps/AR0509SR.map 512 512 302 383 259 223 177.81
54 maps/bgmaps/AR0509SR.map 512 512 364 189 292 359 217.05
46 maps/bgmaps/AR0509SR.map 512 512 290 253 366 105 185.92
20 maps/bgmaps/AR0509SR.map 512 512 231 351 223 420 80.60
88 maps/bgmaps/AR0509SR.map 512 512 281 111 262 418 353.81
45 maps/bgmaps/AR0509SR.map 512 512 174 187 100 335 181.24
120 maps/bgmaps/AR0509SR.map 512 512 444 178 98 439 483.98
22 maps/bgmaps/AR0509SR.map 512 512 228 345 245 410 88.18
66 maps/bgmaps/AR0509SR.map 512 512 421 217 232 308 265.22
123 maps/bgmaps/AR0509SR.map 512 512 455 180 78 394 492.00
71 maps/bgmaps/AR0509SR.map 512 512 462 199 189 168 285.84
37 maps/bgmaps/AR0509SR.map 512 512 152 280 206 406 148.37
25 maps/bgmaps/AR0509SR.map 512 512 366 307 279 282 103.98
43 maps/bgmaps/AR0509SR.map 512 512 261 404 133 431 175.91
71 maps/bgmaps/AR0509SR.map 512 512 266 255 107 456 286.19
45 maps/bgmaps/AR0509SR.map 512 512 307 186 486 189 180.24
43 maps/bgmaps/AR0509SR.map 512 512 242 207 401 246 175.15
75 maps/bgmaps/AR0509SR.map 512 512 112 435 363 331 303.45
27 maps/bgmaps/AR0509SR.map 512 512 145 249 149 328 110.15
57 maps/bgmaps/AR0509SR.map 512 512 174 299 386 252 231.47
16 maps/bgmaps/AR0509SR.map 512 512 210 294 223 350 65.53
87 maps/bgmaps/AR0509SR.map 512 512 346 115 122 338 348.00
13 maps/bgmaps/AR0509SR.map 512 512 240 329 194 350 55.28
37 maps/bgmaps/AR0509SR.map 512 512 151 358 259 283 150.20
54 maps/bgmaps/AR0509SR.map 512 512 169 379 171 187 219.20
1 maps/bgmaps/AR0509SR.map 512 512 359 234 364 237 6.24
43 maps/bgmaps/AR0509SR.map 512 512 326 334 341 188 172.78
43 maps/bgmaps/AR0509SR.map 512 512 462 205 324 120 173.21
54 maps/bgmaps/AR0509SR.map 512 512 458 196 394 254 216.27
56 maps/bgmaps/AR0509SR.map 512 512 294 375 238 173 225.20
45 maps/bgmaps/AR0509SR.map 512 512 290 112 447 177 183.92
19 maps/bgmaps/AR0509SR.map 512 512 146 364 186 303 77.57
26 maps/bgmaps/AR0509SR.map 512 512 170 301 201 207 106.84
26 maps/bgmaps/AR0509SR.map 512 512 284 200 282 306 106.83
12 maps/bgmaps/AR0509SR.map 512 512 233 424 271 399 48.36
38 maps/bgmaps/AR0509SR.map 512 512 314 203 202 266 153.02
21 maps/bgmaps/AR0509SR.map 512 512 187 362 165 287 85.87
69 maps/bgmaps/AR0509SR.map 512 512 402 160 190 283 276.42
19 maps/bgmaps/AR0509SR.map 512 512 382 197 340 218 79.97
24 maps/bgmaps/AR0509SR.map 512 512 289 278 353 281 98.11
33 maps/bgmaps/AR0509SR.map 512 512 119 466 134 339 134.87
70 maps/bgmaps/AR0509SR.map 512 512 302 336 147 476 282.68
68 maps/bgmaps/AR0509SR.map 512 512 69 383 256 256 272.94
31 maps/bgmaps/AR0509SR.map 512 512 273 298 373 233 126.92
30 maps/bgmaps/AR0509SR.map 512 512 157 334 267 362 122.18
47 maps/bgmaps/AR0509SR.map 512 512 55 408 177 304 191.44
74 maps/bgmaps/AR0509SR.map 512 512 148 319 374 163 299.99
70 maps/bgmaps/AR0509SR.map 512 512 88 453 227 234 282.43
57 maps/bgmaps/AR0509SR.map 512 512 331 316 285 133 228.04
45 maps/bgmaps/AR0509SR.map 512 512 349 378 199 299 182.72
68 maps/bgmaps/AR0509SR.map 512 512 326 377 185 176 272.88
78 maps/bgmaps/AR0509SR.map 512 512 174 353 390 202 315.68
103 maps/bgmaps/AR0509SR.map 512 512 61 323 292 107 413.56
29 maps/bgmaps/AR0509SR.map 512 512 177 390 143 286 118.08
3 maps/bgmaps/AR0509SR.map 512 512 329 172 337 184 15.31
71 maps/bgmaps/AR0509SR.map 512 512 345 374 108 439 284.07
56 maps/bgmaps/AR0509SR.map 512 512 139 311 329 223 227.62
14 maps/bgmaps/AR0509SR.map 512 512 328 207 374 191 58.49
26 maps/bgmaps/AR0509SR.map 512 512 321 125 411 167 107.40
95 maps/bgmaps/AR0509SR.map 512 512 423 196 110 346 382.79
28 maps/bgmaps/AR0509SR.map 512 512 163 446 171 379 112.25
27 maps/bgmaps/AR0509SR.map 512 512 251 357 361 358 110.41
44 maps/bgmaps/AR0509SR.map 512 512 284 228 384 336 179.30
9 maps/bgmaps/AR0509SR.map 512 512 377 180 408 159 39.70
59 maps/bgmaps/AR0509SR.map 512 512 67 378 287 405 236.15
11 maps/bgmaps/AR0509SR.map 512 512 391 233 355 253 44.28
113 maps/bgmaps/AR0509SR.map 512 512 132 409 458 176 454.73
38 maps/bgmaps/AR0509SR.map 512 512 268 403 284 256 153.63
58 maps/bgmaps/AR0509SR.map 512 512 264 442 145 473 234.99
70 maps/bgmaps/AR0509SR.map 512 512 281 429 332 168 282.95
46 maps/bgmaps/AR0509SR.map 512 512 295 82 435 180 187.04
65 maps/bgmaps/AR0509SR.map 512 512 157 229 324 125 260.44
25 maps/bgmaps/AR0509SR.map 512 512 269 214 238 128 100.60
33 maps/bgmaps/AR0509SR.map 512 512 245 337 355 287 135.40
31 maps/bgmaps/AR0509SR.map 512 512 196 355 84 320 126.50
16 maps/bgmaps/AR0509SR.map 512 512 272 214 258 273 64.80
61 maps/bgmaps/AR0509SR.map 512 512 159 231 327 315 246.84
33 maps/bgmaps/AR0509SR.map 512 512 261 159 287 284 135.77
73 maps/bgmaps/AR0509SR.map 512 512 383 341 118 408 292.75
85 maps/bgmaps/AR0509SR.map 512 512 324 235 133 477 343.96
4 maps/bgmaps/AR0509SR.map 512 512 470 206 475 191 17.07
37 maps/bgmaps/AR0509SR.map 512 512 397 172 263 164 148.08
52 maps/bgmaps/AR0509SR.map 512 512 236 312 328 143 210.62
43 maps/bgmaps/AR0509SR.map 512 512 306 157 195 177 174.60
41 maps/bgmaps/AR0509SR.map 512 512 195 373 104 481 167.37
52 maps/bgmaps/AR0509SR.map 512 512 328 214 200 372 211.02
79 maps/bgmaps/AR0509SR.map 512 512 412 177 167 313 318.32
46 maps/bgmaps/AR0509SR.map 512 512 283 383 418 263 184.71
12 maps/bgmaps/AR0509SR.map 512 512 291 323 282 278 48.73
92 maps/bgmaps/AR0509SR.map 512 512 48 421 337 230 369.87
27 maps/bgmaps/AR0509SR.map 512 512 288 128 377 181 110.95
47 maps/bgmaps/AR0509SR.map 512 512 325 364 208 243 191.62
29 maps/bgmaps/AR0509SR.map 512 512 363 359 261 393 116.08
84 maps/bgmaps/AR0509SR.map 512 512 57 390 338 257 336.09
50 maps/bgmaps/AR0509SR.map 512 512 92 347 172 178 203.89
56 maps/bgmaps/AR0509SR.map 512 512 194 253 113 446 226.55
69 maps/bgmaps/AR0509SR.map 512 512 418 239 164 296 277.61
111 maps/bgmaps/AR0509SR.map 512 512 287 131 94 439 445.93
40 maps/bgmaps/AR0509SR.map 512 512 192 314 210 171 161.43
31 maps/bgmaps/AR0509SR.map 512 512 372 149 380 238 127.31
47 maps/bgmaps/AR0509SR.map 512 512 415 167 252 234 190.75
33 maps/bgmaps/AR0509SR.map 512 512 436 165 342 210 135.08
63 maps/bgmaps/AR0509SR.map 512 512 269 419 45 430 255.17
13 maps/bgmaps/AR0509SR.map 512 512 171 340 183 290 55.80
17 maps/bgmaps/AR0509SR.map 512 512 260 245 266 311 68.49
50 maps/bgmaps/AR0509SR.map 512 512 194 383 345 256 203.61
22 maps/bgmaps/AR0509SR.map 512 512 138 356 205 308 89.23
52 maps/bgmaps/AR0509SR.map 512 512 287 362 113 278 208.79
30 maps/bgmaps/AR0509SR.map 512 512 333 251 234 311 123.85
78 maps/bgmaps/AR0509SR.map 512 512 209 398 362 147 314.37
46 maps/bgmaps/AR0509SR.map 512 512 344 348 252 199 187.11
9 maps/bgmaps/AR0509SR.map 512 512 298 105 323 133 38.36
82 maps/bgmaps/AR0509SR.map 512 512 189 359 272 135 329.96
75 maps/bgmaps/AR0509SR.map 512 512 136 464 251 225 302.11
52 maps/bgmaps/AR0509SR.map 512 512 467 181 277 129 211.54
72 maps/bgmaps/AR0509SR.map 512 512 241 333 432 219 290.12
45 maps/bgmaps/AR0509SR.map 512 512 144 252 211 362 183.41
71 maps/bgmaps/AR0509SR.map 512 512 253 305 466 207 286.18
41 maps/bgmaps/AR0509SR.map 512 512 157 320 256 195 167.76
76 maps/bgmaps/AR0509SR.map 512 512 263 361 363 97 305.42
39 maps/bgmaps/AR0509SR.map 512 512 312 370 179 305 159.92
17 maps/bgmaps/AR0509SR.map 512 512 277 257 220 288 69.84
11 maps/bgmaps/AR0509SR.map 512 512 302 157 339 174 44.04
41 maps/bgmaps/AR0509SR.map 512 512 147 440 141 282 167.21
39 maps/bgmaps/AR0509SR.map 512 512 328 351 177 372 159.70
17 maps/bgmaps/AR0509SR.map 512 512 155 302 126 258 68.01
48 maps/bgmaps/AR0509SR.map 512 512 99 481 143 304 195.23
29 maps/bgmaps/AR0509SR.map 512 512 172 275 253 356 116.89
18 maps/bgmaps/AR0509SR.map 512 512 330 317 375 262 75.40
74 maps/bgmaps/AR0509SR.map 512 512 235 113 194 365 299.45
15 maps/bgmaps/AR0509SR.map 512 512 249 277 254 337 62.07
71 maps/bgmaps/AR0509SR.map 512 512 333 124 277 385 285.02
30 maps/bgmaps/AR0509SR.map 512 512 316 262 214 314 123.54
5 maps/bgmaps/AR0509SR.map 512 512 323 140 306 127 22.38
24 maps/bgmaps/AR0509SR.map 512 512 220 374 301 380 97.77
73 maps/bgmaps/AR0509SR.map 512 512 240 129 89 306 295.75
9 maps/bgmaps/AR0509SR.map 512 512 208 236 198 271 39.14
39 maps/bgmaps/AR0509SR.map 512 512 339 131 392 264 159.10
84 maps/bgmaps/AR0509SR.map 512 512 357 312 172 451 337.08
121 maps/bgmaps/AR0509SR.map 512 512 105 412 464 209 484.36
29 maps/bgmaps/AR0509SR.map 512 512 243 347 317 259 118.65
39 maps/bgmaps/AR0509SR.map 512 512 157 347 312 353 159.14
101 maps/bgmaps/AR0509SR.map 512 512 99 443 342 159 407.50
38 maps/bgmaps/AR0509SR.map 512 512 225 286 361 297 155.47
12 maps/bgmaps/AR0509SR.map 512 512 154 291 109 275 51.63
80 maps/bgmaps/AR0509SR.map 512 512 273 212 155 448 322.53
28 maps/bgmaps/AR0509SR.map 512 512 334 173 429 223 115.71
22 maps/bgmaps/AR0509SR.map 512 512 215 365 217 286 88.94
25 maps/bgmaps/AR0509SR.map 512 512 192 406 103 385 100.87
36 maps/bgmaps/AR0509SR.map 512 512 190 306 54 334 147.60
25 maps/bgmaps/AR0509SR.map 512 512 369 322 272 307 103.21
100 maps/bgmaps/AR0509SR.map 512 512 357 186 165 439 403.66
78 maps/bgmaps/AR0509SR.map 512 512 115 468 191 192 314.94
49 maps/bgmaps/AR0509SR.map 512 512 397 239 225 305 199.34
36 maps/bgmaps/AR0509SR.map 512 512 383 178 243 197 147.87
9 maps/bgmaps/AR0509SR.map 512 512 320 380 291 406 39.77
16 maps/bgmaps/AR0509SR.map 512 512 298 327 262 276 65.91
36 maps/bgmaps/AR0509SR.map 512 512 219 314 86 308 147.08
84 maps/bgmaps/AR0509SR.map 512 512 337 303 124 485 339.94
11 maps/bgmaps/AR0509SR.map 512 512 354 142 314 124 47.46
12 maps/bgmaps/AR0509SR.map 512 512 268 268 242 233 51.04
69 maps/bgmaps/AR0509SR.map 512 512 116 467 295 299 279.05
7 maps/bgmaps/AR0509SR.map 512 512 313 327 312 357 30.41
58 maps/bgmaps/AR0509SR.map 512 512 98 479 201 286 235.66
4 maps/bgmaps/AR0509SR.map 512 512 168 302 184 294 19.31
12 maps/bgmaps/AR0509SR.map 512 512 412 166 363 171 51.07
36 maps/bgmaps/AR0509SR.map 512 512 266 147 375 220 146.85
12 maps/bgmaps/AR0509SR.map 512 512 310 137 350 117 48.28
27 maps/bgmaps/AR0509SR.map 512 512 398 287 301 256 109.84
15 maps/bgmaps/AR0509SR.map 512 512 258 311 314 330 63.87
23 maps/bgmaps/AR0509SR.map 512 512 342 324 376 243 95.08
28 maps/bgmaps/AR0509SR.map 512 512 256 254 173 198 115.57
83 maps/bgmaps/AR0509SR.map 512 512 166 381 356 139 334.17
75 maps/bgmaps/AR0509SR.map 512 512 341 369 156 235 303.09
82 maps/bgmaps/AR0509SR.map 512 512 361 135 184 391 329.32
49 maps/bgmaps/AR0509SR.map 512 512 331 245 152 288 196.81
20 maps/bgmaps/AR0509SR.map 512 512 239 177 206 236 82.18
69 maps/bgmaps/AR0509SR.map 512 512 124 496 291 367 277.54
120 maps/bgmaps/AR0509SR.map 512 512 293 138 96 484 481.20
72 maps/bgmaps/AR0509SR.map 512 512 459 201 252 317 289.11
52 maps/bgmaps/AR0509SR.map 512 512 137 290 327 239 211.12
27 maps/bgmaps/AR0509SR.map 512 512 266 342 170 306 110.91
11 maps/bgmaps/AR0509SR.map 512 512 250 335 285 366 47.84
69 maps/bgmaps/AR0509SR.map 512 512 188 312 387 164 277.29
18 maps/bgmaps/AR0509SR.map 512 512 285 177 220 170 74.53
7 maps/bgmaps/AR0509SR.map 512 512 309 358 282 364 29.49
61 maps/bgmaps/AR0509SR.map 512 512 219 285 409 196 247.99
82 maps/bgmaps/AR0509SR.map 512 512 146 460 276 213 329.29
80 maps/bgmaps/AR0509SR.map 512 512 454 213 282 358 323.17
107 maps/bgmaps/AR0509SR.map 512 512 87 321 443 230 431.86
50 maps/bgmaps/AR0509SR.map 512 512 204 314 169 450 203.85
24 maps/bgmaps/AR0509SR.map 512 512 159 381 245 349 99.25
123 maps/bgmaps/AR0509SR.map 512 512 438 217 66 381 495.29
18 maps/bgmaps/AR0509SR.map 512 512 395 277 337 235 75.40
27 maps/bgmaps/AR0509SR.map 512 512 200 365 303 345 111.28
104 maps/bgmaps/AR0509SR.map 512 512 248 429 469 218 419.81
50 maps/bgmaps/AR0509SR.map 512 512 251 133 251 326 203.77
50 maps/bgmaps/AR0509SR.map 512 512 201 386 383 334 203.54
11 maps/bgmaps/AR0509SR.map 512 512 315 247 270 253 47.49
24 maps/bgmaps/AR0509SR.map 512 512 311 341 231 295 99.05
24 maps/bgmaps/AR0509SR.map 512 512 308 312 220 284 99.60
127 maps/bgmaps/AR0509SR.map 512 512 457 208 137 465 510.14
84 maps/bgmaps/AR0509SR.map 512 512 162 346 406 197 338.22
83 maps/bgmaps/AR0509SR.map 512 512 287 203 144 449 333.19
19 maps/bgmaps/AR0509SR.map 512 512 121 447 72 393 77.23
24 maps/bgmaps/AR0509SR.map 512 512 203 223 243 290 99.38
63 maps/bgmaps/AR0509SR.map 512 512 304 373 317 138 254.47
22 maps/bgmaps/AR0509SR.map 512 512 388 187 320 136 89.12
24 maps/bgmaps/AR0509SR.map 512 512 103 390 118 331 99.46
50 maps/bgmaps/AR0509SR.map 512 512 136 252 266 332 203.92
10 maps/bgmaps/AR0509SR.map 512 512 238 227 276 220 40.90
63 maps/bgmaps/AR0509SR.map 512 512 134 428 243 232 255.21
50 maps/bgmaps/AR0509SR.map 512 512 56 417 234 359 202.61
119 maps/bgmaps/AR0509SR.map 512 512 143 456 429 209 476.04
82 maps/bgmaps/AR0509SR.map 512 512 434 166 205 351 331.99
20 maps/bgmaps/AR0509SR.map 512 512 328 368 264 326 83.15
24 maps/bgmaps/AR0509SR.map 512 512 367 156 286 111 99.64
24 maps/bgmaps/AR0509SR.map 512 512 328 334 255 399 99.92
66 maps/bgmaps/AR0509SR.map 512 512 158 201 84 389 265.54
70 maps/bgmaps/AR0509SR.map 512 512 195 379 367 184 281.48
58 maps/bgmaps/AR0509SR.map 512 512 316 335 296 135 233.14
23 maps/bgmaps/AR0509SR.map 512 512 376 339 404 264 92.40
74 maps/bgmaps/AR0509SR.map 512 512 317 163 189 396 297.48
24 maps/bgmaps/AR0509SR.map 512 512 136 371 83 449 99.95
58 maps/bgmaps/AR0509SR.map 512 512 234 282 68 398 235.14
58 maps/bgmaps/AR0509SR.map 512 512 141 319 355 369 234.71
23 maps/bgmaps/AR0509SR.map 512 512 199 217 155 289 95.74
10 maps/bgmaps/AR0509SR.map 512 512 310 155 311 113 42.41
48 maps/bgmaps/AR0509SR.map 512 512 485 196 320 129 192.75
23 maps/bgmaps/AR0509SR.map 512 512 256 228 339 233 95.84
88 maps/bgmaps/AR0509SR.map 512 512 135 361 343 123 354.03
4 maps/bgmaps/AR0509SR.map 512 512 107 442 112 426 18.07
61 maps/bgmaps/AR0509SR.map 512 512 336 131 204 297 244.11
22 maps/bgmaps/AR0509SR.map 512 512 346 298 347 214 91.87
22 maps/bgmaps/AR0509SR.map 512 512 315 256 368 303 91.21
71 maps/bgmaps/AR0509SR.map 512 512 293 273 152 463 285.33
48 maps/bgmaps/AR0509SR.map 512 512 310 317 301 160 195.54
68 maps/bgmaps/AR0509SR.map 512 512 361 253 124 346 275.52
63 maps/bgmaps/AR0509SR.map 512 512 170 439 298 399 252.47
48 maps/bgmaps/AR0509SR.map 512 512 127 330 291 255 195.07
22 maps/bgmaps/AR0509SR.map 512 512 298 263 306 192 91.77
49 maps/bgmaps/AR0509SR.map 512 512 290 198 290 385 199.43
49 maps/bgmaps/AR0509SR.map 512 512 298 331 182 202 199.31
8 maps/bgmaps/AR0509SR.map 512 512 111 391 116 422 33.07
11 maps/bgmaps/AR0509SR.map 512 512 426 206 425 159 47.41
22 maps/bgmaps/AR0509SR.map 512 512 382 174 367 99 91.15
18 maps/bgmaps/AR0509SR.map 512 512 205 170 271 178 75.11
98 maps/bgmaps/AR0509SR.map 512 512 49 428 296 182 395.76
22 maps/bgmaps/AR0509SR.map 512 512 160 340 238 337 91.67
76 maps/bgmaps/AR0509SR.map 512 512 279 270 90 476 307.13
102 maps/bgmaps/AR0509SR.map 512 512 471 187 197 407 411.40
68 maps/bgmaps/AR0509SR.map 512 512 171 449 315 368 275.85
89 maps/bgmaps/AR0509SR.map 512 512 91 455 351 237 359.09
21 maps/bgmaps/AR0509SR.map 512 512 270 328 269 415 87.41
11 maps/bgmaps/AR0509SR.map 512 512 334 179 306 143 47.60
91 maps/bgmaps/AR0509SR.map 512 512 350 214 70 407 365.80
21 maps/bgmaps/AR0509SR.map 512 512 328 223 260 266 87.57
21 maps/bgmaps/AR0509SR.map 512 512 144 387 81 445 87.02
19 maps/bgmaps/AR0509SR.map 512 512 311 337 369 290 77.47
21 maps/bgmaps/AR0509SR.map 512 512 142 390 177 434 87.14
48 maps/bgmaps/AR0509SR.map 512 512 348 306 357 133 194.95
63 maps/bgmaps/AR0509SR.map 512 512 115 436 322 351 253.92
75 maps/bgmaps/AR0509SR.map 512 512 420 190 301 391 302.57
21 maps/bgmaps/AR0509SR.map 512 512 179 396 100 401 86.87
82 maps/bgmaps/AR0509SR.map 512 512 194 285 458 221 331.76
15 maps/bgmaps/AR0509SR.map 512 512 168 393 148 338 63.28
19 maps/bgmaps/AR0509SR.map 512 512 351 300 344 377 79.90
19 maps/bgmaps/AR0509SR.map 512 512 270 244 269 165 79.41
104 maps/bgmaps/AR0509SR.map 512 512 391 169 95 401 418.46
80 maps/bgmaps/AR0509SR.map 512 512 143 476 256 225 322.01
61 maps/bgmaps/AR0509SR.map 512 512 230 428 192 209 247.17
11 maps/bgmaps/AR0509SR.map 512 512 447 182 400 183 47.41
19 maps/bgmaps/AR0509SR.map 512 512 241 355 178 393 78.74
19 maps/bgmaps/AR0509SR.map 512 512 319 185 262 232 79.98
126 maps/bgmaps/AR0509SR.map 512 512 441 231 83 442 504.90
63 maps/bgmaps/AR0509SR.map 512 512 200 203 124 424 252.48
109 maps/bgmaps/AR0509SR.map 512 512 79 469 362 180 439.03
18 maps/bgmaps/AR0509SR.map 512 512 230 230 174 184 75.05
101 maps/bgmaps/AR0509SR.map 512 512 82 470 396 280 405.00
67 maps/bgmaps/AR0509SR.map 512 512 345 112 173 278 270.05
10 maps/bgmaps/AR0509SR.map 512 512 189 363 197 400 40.31
110 maps/bgmaps/AR0509SR.map 512 512 415 162 109 422 440.06
18 maps/bgmaps/AR0509SR.map 512 512 227 314 159 296 75.46
17 maps/bgmaps/AR0509SR.map 512 512 132 422 166 365 71.08
79 maps/bgmaps/AR0509SR.map 512 512 270 245 98 474 319.58
17 maps/bgmaps/AR0509SR.map 512 512 256 201 194 213 71.94
17 maps/bgmaps/AR0509SR.map 512 512 252 215 315 194 71.70
15 maps/bgmaps/AR0509SR.map 512 512 282 382 239 428 63.81
74 maps/bgmaps/AR0509SR.map 512 512 235 125 92 303 298.16
15 maps/bgmaps/AR0509SR.map 512 512 332 194 305 242 63.28
3 maps/bgmaps/AR0509SR.map 512 512 244 282 230 281 14.41
67 maps/bgmaps/AR0509SR.map 512 512 162 206 404 273 271.41
15 maps/bgmaps/AR0509SR.map 512 512 128 368 106 398 63.31
10 maps/bgmaps/AR0509SR.map 512 512 210 317 170 320 43.73
78 maps/bgmaps/AR0509SR.map 512 512 457 224 239 328 313.02
2 maps/bgmaps/AR0509SR.map 512 512 236 128 244 130 8.83
57 maps/bgmaps/AR0509SR.map 512 512 381 282 208 174 228.28
90 maps/bgmaps/AR0509SR.map 512 512 256 441 402 160 363.74
9 maps/bgmaps/AR0509SR.map 512 512 135 404 126 440 39.73
9 maps/bgmaps/AR0509SR.map 512 512 132 451 127 488 39.07
9 maps/bgmaps/AR0509SR.map 512 512 204 406 239 418 39.97
9 maps/bgmaps/AR0509SR.map 512 512 357 188 392 177 39.56
9 maps/bgmaps/AR0509SR.map 512 512 304 313 313 348 38.73
8 maps/bgmaps/AR0509SR.map 512 512 313 136 317 170 35.66
8 maps/bgmaps/AR0509SR.map 512 512 190 204 162 216 35.31
8 maps/bgmaps/AR0509SR.map 512 512 132 332 103 346 34.80
8 maps/bgmaps/AR0509SR.map 512 512 317 355 352 354 35.41
8 maps/bgmaps/AR0509SR.map 512 512 350 214 375 239 35.36
8 maps/bgmaps/AR0509SR.map 512 512 166 330 142 356 35.94
8 maps/bgmaps/AR0509SR.map 512 512 223 406 253 400 35.80
65 maps/bgmaps/AR0509SR.map 512 512 203 237 112 460 260.69
8 maps/bgmaps/AR0509SR.map 512 512 219 405 193 381 35.94
116 maps/bgmaps/AR0509SR.map 512 512 421 161 77 389 465.63
7 maps/bgmaps/AR0509SR.map 512 512 136 388 147 361 31.56
7 maps/bgmaps/AR0509SR.map 512 512 182 361 151 359 31.83
67 maps/bgmaps/AR0509SR.map 512 512 114 359 377 338 271.70
84 maps/bgmaps/AR0509SR.map 512 512 353 327 149 481 337.38
67 maps/bgmaps/AR0509SR.map 512 512 368 350 118 400 270.71
7 maps/bgmaps/AR0509SR.map 512 512 196 405 219 423 31.63
7 maps/bgmaps/AR0509SR.map 512 512 288 200 269 223 30.87
57 maps/bgmaps/AR0509SR.map 512 512 322 315 126 400 231.21
67 maps/bgmaps/AR0509SR.map 512 512 349 110 288 348 271.95
6 maps/bgmaps/AR0509SR.map 512 512 196 291 176 310 27.87
6 maps/bgmaps/AR0509SR.map 512 512 221 172 195 168 27.66
6 maps/bgmaps/AR0509SR.map 512 512 200 351 177 361 27.14
6 maps/bgmaps/AR0509SR.map 512 512 243 213 219 221 27.31
6 maps/bgmaps/AR0509SR.map 512 512 308 186 335 185 27.41
102 maps/bgmaps/AR0509SR.map 512 512 458 163 104 266 411.49
6 maps/bgmaps/AR0509SR.map 512 512 159 389 182 399 27.14
65 maps/bgmaps/AR0509SR.map 512 512 411 177 243 334 263.49
5 maps/bgmaps/AR0509SR.map 512 512 209 352 192 368 23.63
73 maps/bgmaps/AR0509SR.map 512 512 314 331 454 223 294.79
5 maps/bgmaps/AR0509SR.map 512 512 228 234 207 228 23.49
5 maps/bgmaps/AR0509SR.map 512 512 257 205 240 221 23.63
5 maps/bgmaps/AR0509SR.map 512 512 331 351 327 373 23.66
5 maps/bgmaps/AR0509SR.map 512 512 283 295 287 317 23.66
5 maps/bgmaps/AR0509SR.map 512 512 318 237 335 221 23.63
5 maps/bgmaps/AR0509SR.map 512 512 275 385 279 407 23.66
4 maps/bgmaps/AR0509SR.map 512 512 187 295 171 304 19.73
4 maps/bgmaps/AR0509SR.map 512 512 278 298 263 286 19.97
67 maps/bgmaps/AR0509SR.map 512 512 134 390 229 173 271.22
4 maps/bgmaps/AR0509SR.map 512 512 280 420 271 435 18.73
4 maps/bgmaps/AR0509SR.map 512 512 244 307 263 309 19.83
3 maps/bgmaps/AR0509SR.map 512 512 276 352 262 349 15.24
3 maps/bgmaps/AR0509SR.map 512 512 162 200 151 211 15.56
67 maps/bgmaps/AR0509SR.map 512 512 376 278 151 389 270.98
3 maps/bgmaps/AR0509SR.map 512 512 257 418 264 431 15.90
86 maps/bgmaps/AR0509SR.map 512 512 360 170 90 349 347.66
3 maps/bgmaps/AR0509SR.map 512 512 234 224 222 233 15.73
67 maps/bgmaps/AR0509SR.map 512 512 70 447 300 373 270.59
3 maps/bgmaps/AR0509SR.map 512 512 342 133 357 133 15.00
2 maps/bgmaps/AR0509SR.map 512 512 180 302 188 310 11.31
2 maps/bgmaps/AR0509SR.map 512 512 252 287 241 289 11.83
2 maps/bgmaps/AR0509SR.map 512 512 273 349 277 359 11.66
2 maps/bgmaps/AR0509SR.map 512 512 300 115 311 115 11.00
94 maps/bgmaps/AR0509SR.map 512 512 380 194 116 397 376.93
61 maps/bgmaps/AR0509SR.map 512 512 347 190 278 401 247.44
2 maps/bgmaps/AR0509SR.map 512 512 162 354 152 350 11.66
2 maps/bgmaps/AR0509SR.map 512 512 259 291 251 299 11.31
2 maps/bgmaps/AR0509SR.map 512 512 344 318 354 320 10.83
1 maps/bgmaps/AR0509SR.map 512 512 266 399 272 395 7.66
121 maps/bgmaps/AR0509SR.map 512 512 358 113 180 446 484.43
1 maps/bgmaps/AR0509SR.map 512 512 82 451 82 458 7.00
1 maps/bgmaps/AR0509SR.map 512 512 150 442 155 447 7.07
1 maps/bgmaps/AR0509SR.map 512 512 370 141 376 145 7.66
1 maps/bgmaps/AR0509SR.map 512 512 350 242 355 237 7.07
76 maps/bgmaps/AR0509SR.map 512 512 359 308 115 433 305.74
67 maps/bgmaps/AR0509SR.map 512 512 307 147 173 314 271.53
93 maps/bgmaps/AR0509SR.map 512 512 73 442 348 214 374.13
1 maps/bgmaps/AR0509SR.map 512 512 367 158 372 153 7.07
1 maps/bgmaps/AR0509SR.map 512 512 257 304 262 299 7.07
78 maps/bgmaps/AR0509SR.map 512 512 265 346 461 180 315.14
61 maps/bgmaps/AR0509SR.map 512 512 359 173 157 281 247.32
0 maps/bgmaps/AR0509SR.map 512 512 195 362 193 360 2.83
72 maps/bgmaps/AR0509SR.map 512 512 246 132 344 382 290.59
0 maps/bgmaps/AR0509SR.map 512 512 96 420 93 420 3.00
0 maps/bgmaps/AR0509SR.map 512 512 337 254 340 254 3.00
0 maps/bgmaps/AR0509SR.map 512 512 188 372 186 369 3.83
0 maps/bgmaps/AR0509SR.map 512 512 384 237 384 234 3.00
121 maps/bgmaps/AR0509SR.map 512 512 402 161 132 492 487.94
0 maps/bgmaps/AR0509SR.map 512 512 431 183 433 181 2.83
0 maps/bgmaps/AR0509SR.map 512 512 259 188 257 185 3.83
93 maps/bgmaps/AR0509SR.map 512 512 368 269 163 465 373.82
0 maps/bgmaps/AR0509SR.map 512 512 148 305 146 307 2.83
0 maps/bgmaps/AR0509SR.map 512 512 316 119 315 116 3.41
0 maps/bgmaps/AR0509SR.map 512 512 343 384 342 387 3.41
85 maps/bgmaps/AR0509SR.map 512 512 114 259 296 109 341.12
91 maps/bgmaps/AR0509SR.map 512 512 95 321 379 147 365.39
83 maps/bgmaps/AR0509SR.map 512 512 302 391 445 178 332.95
82 maps/bgmaps/AR0509SR.map 512 512 125 457 274 209 328.46
88 maps/bgmaps/AR0509SR.map 512 512 411 181 231 422 354.81
85 maps/bgmaps/AR0509SR.map 512 512 108 459 213 172 343.81
76 maps/bgmaps/AR0509SR.map 512 512 189 195 121 462 304.28
75 maps/bgmaps/AR0509SR.map 512 512 188 436 153 205 303.54
75 maps/bgmaps/AR0509SR.map 512 512 99 294 378 345 300.95
73 maps/bgmaps/AR0509SR.map 512 512 245 419 252 139 292.84
103 maps/bgmaps/AR0509SR.map 512 512 306 138 99 414 413.36
102 maps/bgmaps/AR0509SR.map 512 512 365 146 96 379 409.77
79 maps/bgmaps/AR0509SR.map 512 512 277 365 436 227 318.87
74 maps/bgmaps/AR0509SR.map 512 512 252 193 97 417 296.99
74 maps/bgmaps/AR0509SR.map 512 512 382 171 256 400 297.59
84 maps/bgmaps/AR0509SR.map 512 512 471 175 324 365 339.99
74 maps/bgmaps/AR0509SR.map 512 512 430 166 329 363 298.65
103 maps/bgmaps/AR0509SR.map 512 512 63 326 361 104 414.56
83 maps/bgmaps/AR0509SR.map 512 512 140 480 306 240 335.75
96 maps/bgmaps/AR0509SR.map 512 512 458 231 290 416 384.62
72 maps/bgmaps/AR0509SR.map 512 512 341 358 130 463 290.81
73 maps/bgmaps/AR0509SR.map 512 512 327 111 279 383 293.54
84 maps/bgmaps/AR0509SR.map 512 512 448 228 182 293 337.63
116 maps/bgmaps/AR0509SR.map 512 512 56 429 301 149 464.77
108 maps/bgmaps/AR0509SR.map 512 512 149 450 327 126 433.00
98 maps/bgmaps/AR0509SR.map 512 512 472 175 207 389 395.23
124 maps/bgmaps/AR0509SR.map 512 512 431 189 188 431 496.10
91 maps/bgmaps/AR0509SR.map 512 512 356 292 67 469 366.42
123 maps/bgmaps/AR0509SR.map 512 512 462 231 96 381 495.09
117 maps/bgmaps/AR0509SR.map 512 512 394 183 100 479 471.09
103 maps/bgmaps/AR0509SR.map 512 512 136 488 405 268 415.43
74 maps/bgmaps/AR0509SR.map 512 512 285 404 323 126 298.71
87 maps/bgmaps/AR0509SR.map 512 512 473 184 242 360 349.01
73 maps/bgmaps/AR0509SR.map 512 512 114 451 252 233 295.08
73 maps/bgmaps/AR0509SR.map 512 512 143 464 341 351 295.95
84 maps/bgmaps/AR0509SR.map 512 512 319 164 139 395 337.62
96 maps/bgmaps/AR0509SR.map 512 512 427 167 248 440 387.56
92 maps/bgmaps/AR0509SR.map 512 512 78 321 416 241 371.14
118 maps/bgmaps/AR0509SR.map 512 512 66 339 467 173 473.27
81 maps/bgmaps/AR0509SR.map 512 512 135 435 361 272 326.32
79 maps/bgmaps/AR0509SR.map 512 512 466 207 306 354 319.85
83 maps/bgmaps/AR0509SR.map 512 512 362 144 141 358 335.42
92 maps/bgmaps/AR0509SR.map 512 512 391 266 154 447 370.48
89 maps/bgmaps/AR0509SR.map 512 512 137 489 333 238 357.27
80 maps/bgmaps/AR0509SR.map 512 512 348 120 172 338 322.43
77 maps/bgmaps/AR0509SR.map 512 512 392 268 100 267 309.81
94 maps/bgmaps/AR0509SR.map 512 512 403 272 91 430 377.45
88 maps/bgmaps/AR0509SR.map 512 512 365 293 119 469 352.29
95 maps/bgmaps/AR0509SR.map 512 512 124 446 329 172 381.76
96 maps/bgmaps/AR0509SR.map 512 512 466 210 129 287 385.22
77 maps/bgmaps/AR0509SR.map 512 512 51 424 326 343 310.31
83 maps/bgmaps/AR0509SR.map 512 512 160 230 444 225 335.21
108 maps/bgmaps/AR0509SR.map 512 512 426 248 178 444 435.69
91 maps/bgmaps/AR0509SR.map 512 512 291 185 82 450 366.22
106 maps/bgmaps/AR0509SR.map 512 512 328 164 92 470 426.60
81 maps/bgmaps/AR0509SR.map 512 512 337 319 76 465 327.33
110 maps/bgmaps/AR0509SR.map 512 512 306 128 142 454 440.80
76 maps/bgmaps/AR0509SR.map 512 512 173 429 185 195 307.97
102 maps/bgmaps/AR0509SR.map 512 512 232 425 452 225 408.33
81 maps/bgmaps/AR0509SR.map 512 512 349 289 92 440 327.16
111 maps/bgmaps/AR0509SR.map 512 512 132 402 450 220 445.53
77 maps/bgmaps/AR0509SR.map 512 512 54 424 333 363 309.44
88 maps/bgmaps/AR0509SR.map 512 512 278 141 227 411 353.05
104 maps/bgmaps/AR0509SR.map 512 512 390 164 94 385 418.04
86 maps/bgmaps/AR0509SR.map 512 512 301 159 115 364 346.00
81 maps/bgmaps/AR0509SR.map 512 512 170 326 408 160 327.26
95 maps/bgmaps/AR0509SR.map 512 512 98 489 216 168 382.61
97 maps/bgmaps/AR0509SR.map 512 512 211 396 456 216 388.30
86 maps/bgmaps/AR0509SR.map 512 512 77 401 333 213 347.93
81 maps/bgmaps/AR0509SR.map 512 512 316 145 132 355 327.79
106 maps/bgmaps/AR0509SR.map 512 512 86 469 343 171 427.30
107 maps/bgmaps/AR0509SR.map 512 512 412 173 108 409 428.11
96 maps/bgmaps/AR0509SR.map 512 512 432 161 169 390 384.22
76 maps/bgmaps/AR0509SR.map 512 512 97 423 266 198 306.13
127 maps/bgmaps/AR0509SR.map 512 512 53 416 433 219 511.16
87 maps/bgmaps/AR0509SR.map 512 512 366 288 89 453 351.79
127 maps/bgmaps/AR0509SR.map 512 512 441 197 126 484 511.49
99 maps/bgmaps/AR0509SR.map 512 512 351 164 135 451 399.32
90 maps/bgmaps/AR0509SR.map 512 512 114 341 317 104 363.59
87 maps/bgmaps/AR0509SR.map 512 512 456 215 262 380 350.76
92 maps/bgmaps/AR0509SR.map 512 512 373 311 47 417 369.91
95 maps/bgmaps/AR0509SR.map 512 512 345 174 86 394 380.00
96 maps/bgmaps/AR0509SR.map 512 512 183 448 388 288 387.78
101 maps/bgmaps/AR0509SR.map 512 512 309 108 134 403 406.07
90 maps/bgmaps/AR0509SR.map 512 512 83 459 232 170 360.76
80 maps/bgmaps/AR0509SR.map 512 512 404 189 250 409 323.62
91 maps/bgmaps/AR0509SR.map 512 512 138 387 296 145 364.42
96 maps/bgmaps/AR0509SR.map 512 512 205 389 456 219 385.03
97 maps/bgmaps/AR0509SR.map 512 512 115 412 321 140 388.32
127 maps/bgmaps/AR0509SR.map 512 512 126 464 448 220 508.01
78 maps/bgmaps/AR0509SR.map 512 512 148 366 418 259 314.32
126 maps/bgmaps/AR0509SR.map 512 512 443 217 141 468 504.53
80 maps/bgmaps/AR0509SR.map 512 512 318 239 159 453 323.76
102 maps/bgmaps/AR0509SR.map 512 512 96 487 332 199 408.60
89 maps/bgmaps/AR0509SR.map 512 512 64 449 362 300 359.72
88 maps/bgmaps/AR0509SR.map 512 512 312 128 243 439 352.84
77 maps/bgmaps/AR0509SR.map 512 512 82 395 357 308 311.04
88 maps/bgmaps/AR0509SR.map 512 512 211 396 302 103 352.23
95 maps/bgmaps/AR0509SR.map 512 512 123 416 302 161 383.49
106 maps/bgmaps/AR0509SR.map 512 512 410 243 74 460 427.64
116 maps/bgmaps/AR0509SR.map 512 512 107 468 288 133 467.71
98 maps/bgmaps/AR0509SR.map 512 512 434 215 147 364 394.96
80 maps/bgmaps/AR0509SR.map 512 512 135 474 365 358 323.74
109 maps/bgmaps/AR0509SR.map 512 512 151 472 379 195 439.56
91 maps/bgmaps/AR0509SR.map 512 512 201 390 440 210 367.96
86 maps/bgmaps/AR0509SR.map 512 512 130 333 405 176 347.06
110 maps/bgmaps/AR0509SR.map 512 512 362 197 48 426 441.36
79 maps/bgmaps/AR0509SR.map 512 512 128 329 339 130 318.62
78 maps/bgmaps/AR0509SR.map 512 512 251 401 332 119 315.55
89 maps/bgmaps/AR0509SR.map 512 512 116 268 423 211 358.88
86 maps/bgmaps/AR0509SR.map 512 512 87 342 400 261 347.38
88 maps/bgmaps/AR0509SR.map 512 512 389 239 127 427 353.35
86 maps/bgmaps/AR0509SR.map 512 512 328 180 110 405 347.52
88 maps/bgmaps/AR0509SR.map 512 512 182 394 302 111 354.24
96 maps/bgmaps/AR0509SR.map 512 512 278 121 84 321 385.63
101 maps/bgmaps/AR0509SR.map 512 512 296 90 94 344 407.53
91 maps/bgmaps/AR0509SR.map 512 512 124 437 335 183 364.24
111 maps/bgmaps/AR0509SR.map 512 512 105 394 425 158 444.11
96 maps/bgmaps/AR0509SR.map 512 512 247 405 452 231 384.61
101 maps/bgmaps/AR0509SR.map 512 512 56 406 343 185 404.90
85 maps/bgmaps/AR0509SR.map 512 512 271 235 121 497 343.46
98 maps/bgmaps/AR0509SR.map 512 512 156 371 441 173 393.37
85 maps/bgmaps/AR0509SR.map 512 512 141 294 428 162 342.26
93 maps/bgmaps/AR0509SR.map 512 512 105 448 396 277 374.72
97 maps/bgmaps/AR0509SR.map 512 512 107 289 446 170 388.88
95 maps/bgmaps/AR0509SR.map 512 512 434 227 145 336 380.96
110 maps/bgmaps/AR0509SR.map 512 512 95 485 406 240 441.19
127 maps/bgmaps/AR0509SR.map 512 512 451 186 76 453 511.96
119 maps/bgmaps/AR0509SR.map 512 512 107 477 352 125 476.33
124 maps/bgmaps/AR0509SR.map 512 512 71 454 417 151 499.62
115 maps/bgmaps/AR0509SR.map 512 512 399 158 164 445 462.26
97 maps/bgmaps/AR0509SR.map 512 512 211 411 449 182 389.68
125 maps/bgmaps/AR0509SR.map 512 512 122 442 467 178 500.04
104 maps/bgmaps/AR0509SR.map 512 512 154 469 417 265 417.13
110 maps/bgmaps/AR0509SR.map 512 512 135 365 478 184 440.82
107 maps/bgmaps/AR0509SR.map 512 512 378 182 131 465 428.66
105 maps/bgmaps/AR0509SR.map 512 512 93 396 399 204 422.66
95 maps/bgmaps/AR0509SR.map 512 512 392 284 76 446 383.10
102 maps/bgmaps/AR0509SR.map 512 512 111 383 404 199 410.93
90 maps/bgmaps/AR0509SR.map 512 512 336 116 103 322 360.20
104 maps/bgmaps/AR0509SR.map 512 512 330 176 87 471 418.50
85 maps/bgmaps/AR0509SR.map 512 512 124 348 372 155 340.24
90 maps/bgmaps/AR0509SR.map 512 512 352 212 145 457 361.87
100 maps/bgmaps/AR0509SR.map 512 512 353 142 114 424 403.84
90 maps/bgmaps/AR0509SR.map 512 512 263 204 116 494 360.26
114 maps/bgmaps/AR0509SR.map 512 512 289 126 151 459 458.57
107 maps/bgmaps/AR0509SR.map 512 512 374 153 112 451 430.54
105 maps/bgmaps/AR0509SR.map 512 512 133 497 389 240 420.45
94 maps/bgmaps/AR0509SR.map 512 512 243 433 423 168 378.22
86 maps/bgmaps/AR0509SR.map 512 512 134 365 352 138 347.17
123 maps/bgmaps/AR0509SR.map 512 512 434 166 64 380 493.29
95 maps/bgmaps/AR0509SR.map 512 512 128 396 308 131 383.07
85 maps/bgmaps/AR0509SR.map 512 512 333 118 189 402 343.65
92 maps/bgmaps/AR0509SR.map 512 512 142 258 457 180 369.17
85 maps/bgmaps/AR0509SR.map 512 512 367 303 60 391 343.45
92 maps/bgmaps/AR0509SR.map 512 512 89 312 431 246 370.51
91 maps/bgmaps/AR0509SR.map 512 512 173 437 384 292 367.56
93 maps/bgmaps/AR0509SR.map 512 512 81 384 339 184 373.35
103 maps/bgmaps/AR0509SR.map 512 512 408 234 94 453 414.09
92 maps/bgmaps/AR0509SR.map 512 512 120 431 403 246 371.35
93 maps/bgmaps/AR0509SR.map 512 512 348 215 91 460 374.30
102 maps/bgmaps/AR0509SR.map 512 512 177 424 412 269 409.50
106 maps/bgmaps/AR0509SR.map 512 512 77 312 446 207 426.33
91 maps/bgmaps/AR0509SR.map 512 512 293 100 164 356 367.72
85 maps/bgmaps/AR0509SR.map 512 512 258 230 98 488 343.61
98 maps/bgmaps/AR0509SR.map 512 512 296 98 100 347 394.77
98 maps/bgmaps/AR0509SR.map 512 512 318 198 148 480 394.32
100 maps/bgmaps/AR0509SR.map 512 512 414 160 135 393 401.87
90 maps/bgmaps/AR0509SR.map 512 512 395 235 124 425 360.24
114 maps/bgmaps/AR0509SR.map 512 512 105 487 333 148 456.29
100 maps/bgmaps/AR0509SR.map 512 512 434 214 127 361 403.93
94 maps/bgmaps/AR0509SR.map 512 512 371 288 125 491 379.88
97 maps/bgmaps/AR0509SR.map 512 512 128 414 308 139 388.97
92 maps/bgmaps/AR0509SR.map 512 512 291 181 117 466 369.37
113 maps/bgmaps/AR0509SR.map 512 512 57 394 288 148 455.07
100 maps/bgmaps/AR0509SR.map 512 512 248 428 456 177 400.42
94 maps/bgmaps/AR0509SR.map 512 512 328 119 73 330 379.89
103 maps/bgmaps/AR0509SR.map 512 512 72 446 407 251 415.77
127 maps/bgmaps/AR0509SR.map 512 512 298 91 60 419 508.84
90 maps/bgmaps/AR0509SR.map 512 512 363 283 76 458 363.59
118 maps/bgmaps/AR0509SR.map 512 512 133 440 450 199 474.42
90 maps/bgmaps/AR0509SR.map 512 512 147 461 384 288 363.71
124 maps/bgmaps/AR0509SR.map 512 512 418 152 127 478 496.33
109 maps/bgmaps/AR0509SR.map 512 512 325 158 76 466 436.47
112 maps/bgmaps/AR0509SR.map 512 512 75 339 447 220 448.83
113 maps/bgmaps/AR0509SR.map 512 512 155 473 303 142 452.43
121 maps/bgmaps/AR0509SR.map 512 512 82 450 427 174 486.27
99 maps/bgmaps/AR0509SR.map 512 512 361 181 114 442 396.11
89 maps/bgmaps/AR0509SR.map 512 512 63 416 343 234 359.49
127 maps/bgmaps/AR0509SR.map 512 512 162 459 454 204 509.84
116 maps/bgmaps/AR0509SR.map 512 512 346 124 181 435 464.90
94 maps/bgmaps/AR0509SR.map 512 512 293 86 284 430 377.55
105 maps/bgmaps/AR0509SR.map 512 512 147 364 463 207 420.65
115 maps/bgmaps/AR0509SR.map 512 512 328 137 99 482 462.70
107 maps/bgmaps/AR0509SR.map 512 512 456 178 110 359 431.52
100 maps/bgmaps/AR0509SR.map 512 512 97 328 427 215 400.20
118 maps/bgmaps/AR0509SR.map 512 512 438 169 138 447 475.63
89 maps/bgmaps/AR0509SR.map 512 512 341 243 132 484 358.62
115 maps/bgmaps/AR0509SR.map 512 512 101 440 300 107 461.47
99 maps/bgmaps/AR0509SR.map 512 512 336 190 173 456 396.04
89 maps/bgmaps/AR0509SR.map 512 512 76 378 369 241 359.69
99 maps/bgmaps/AR0509SR.map 512 512 108 480 307 186 398.69
117 maps/bgmaps/AR0509SR.map 512 512 171 447 293 120 470.91
94 maps/bgmaps/AR0509SR.map 512 512 101 421 411 254 379.17
89 maps/bgmaps/AR0509SR.map 512 512 112 389 360 186 359.27
122 maps/bgmaps/AR0509SR.map 512 512 67 378 292 95 489.19
89 maps/bgmaps/AR0509SR.map 512 512 197 165 52 424 358.15
97 maps/bgmaps/AR0509SR.map 512 512 112 405 342 140 391.32
89 maps/bgmaps/AR0509SR.map 512 512 90 383 385 242 359.20
102 maps/bgmaps/AR0509SR.map 512 512 433 251 80 392 411.40
122 maps/bgmaps/AR0509SR.map 512 512 77 460 418 177 488.10
120 maps/bgmaps/AR0509SR.map 512 512 350 125 84 472 480.03
98 maps/bgmaps/AR0509SR.map 512 512 359 184 79 389 392.10
102 maps/bgmaps/AR0509SR.map 512 512 112 435 376 169 409.91
93 maps/bgmaps/AR0509SR.map 512 512 102 441 322 185 374.94
97 maps/bgmaps/AR0509SR.map 512 512 386 281 142 486 391.53
93 maps/bgmaps/AR0509SR.map 512 512 85 331 426 248 375.38
93 maps/bgmaps/AR0509SR.map 512 512 176 433 322 203 375.10
100 maps/bgmaps/AR0509SR.map 512 512 128 452 363 179 403.14
93 maps/bgmaps/AR0509SR.map 512 512 368 311 93 485 374.61
125 maps/bgmaps/AR0509SR.map 512 512 285 106 59 420 500.64
126 maps/bgmaps/AR0509SR.map 512 512 464 177 101 442 506.16
113 maps/bgmaps/AR0509SR.map 512 512 394 198 56 398 453.00
110 maps/bgmaps/AR0509SR.map 512 512 386 186 94 456 441.33
109 maps/bgmaps/AR0509SR.map 512 512 405 187 138 451 439.17
108 maps/bgmaps/AR0509SR.map 512 512 351 129 81 381 434.56
105 maps/bgmaps/AR0509SR.map 512 512 75 327 432 175 422.30
97 maps/bgmaps/AR0509SR.map 512 512 373 232 178 442 388.49
115 maps/bgmaps/AR0509SR.map 512 512 75 454 393 209 463.10
105 maps/bgmaps/AR0509SR.map 512 512 100 429 395 186 422.01
107 maps/bgmaps/AR0509SR.map 512 512 85 482 395 246 428.84
113 maps/bgmaps/AR0509SR.map 512 512 144 474 364 143 452.43
100 maps/bgmaps/AR0509SR.map 512 512 253 129 146 468 403.30
120 maps/bgmaps/AR0509SR.map 512 512 117 457 366 100 482.98
113 maps/bgmaps/AR0509SR.map 512 512 78 387 274 130 455.11
105 maps/bgmaps/AR0509SR.map 512 512 129 431 401 206 420.97
115 maps/bgmaps/AR0509SR.map 512 512 400 197 149 475 463.56
99 maps/bgmaps/AR0509SR.map 512 512 322 164 96 442 399.43
99 maps/bgmaps/AR0509SR.map 512 512 323 185 170 464 399.53
120 maps/bgmaps/AR0509SR.map 512 512 110 486 401 206 483.84
125 maps/bgmaps/AR0509SR.map 512 512 127 462 455 193 501.42
108 maps/bgmaps/AR0509SR.map 512 512 412 254 130 493 434.89
114 maps/bgmaps/AR0509SR.map 512 512 101 469 382 161 457.78
110 maps/bgmaps/AR0509SR.map 512 512 79 469 371 191 443.47
123 maps/bgmaps/AR0509SR.map 512 512 157 454 446 183 492.70
120 maps/bgmaps/AR0509SR.map 512 512 452 201 115 438 482.70
108 maps/bgmaps/AR0509SR.map 512 512 102 486 244 129 434.14
116 maps/bgmaps/AR0509SR.map 512 512 308 157 93 489 464.57
110 maps/bgmaps/AR0509SR.map 512 512 357 157 122 480 443.19
108 maps/bgmaps/AR0509SR.map 512 512 145 445 401 201 434.56
124 maps/bgmaps/AR0509SR.map 512 512 445 203 122 464 499.63
117 maps/bgmaps/AR0509SR.map 512 512 119 446 426 222 471.74
117 maps/bgmaps/AR0509SR.map 512 512 147 479 315 121 471.14
105 maps/bgmaps/AR0509SR.map 512 512 104 398 407 207 421.73
112 maps/bgmaps/AR0509SR.map 512 512 455 193 123 410 451.07
108 maps/bgmaps/AR0509SR.map 512 512 172 439 367 158 432.26
114 maps/bgmaps/AR0509SR.map 512 512 171 442 406 188 459.07
121 maps/bgmaps/AR0509SR.map 512 512 72 449 426 192 487.64
105 maps/bgmaps/AR0509SR.map 512 512 86 387 397 190 421.45
109 maps/bgmaps/AR0509SR.map 512 512 359 143 89 448 439.68
105 maps/bgmaps/AR0509SR.map 512 512 141 471 413 239 420.52
113 maps/bgmaps/AR0509SR.map 512 512 376 147 162 469 455.85
113 maps/bgmaps/AR0509SR.map 512 512 313 149 55 425 452.70
122 maps/bgmaps/AR0509SR.map 512 512 435 185 148 466 489.14
113 maps/bgmaps/AR0509SR.map 512 512 284 130 88 435 452.51
116 maps/bgmaps/AR0509SR.map 512 512 293 140 113 477 466.33
112 maps/bgmaps/AR0509SR.map 512 512 172 449 332 129 450.90
105 maps/bgmaps/AR0509SR.map 512 512 122 485 255 126 423.30
121 maps/bgmaps/AR0509SR.map 512 512 431 164 68 396 485.46
114 maps/bgmaps/AR0509SR.map 512 512 100 415 424 224 457.98
127 maps/bgmaps/AR0509SR.map 512 512 440 173 83 462 511.27
127 maps/bgmaps/AR0509SR.map 512 512 421 208 116 495 511.19
104 maps/bgmaps/AR0509SR.map 512 512 122 495 332 186 418.83
126 maps/bgmaps/AR0509SR.map 512 512 478 198 148 436 507.24
108 maps/bgmaps/AR0509SR.map 512 512 100 321 459 215 432.69
112 maps/bgmaps/AR0509SR.map 512 512 316 135 89 460 451.81
107 maps/bgmaps/AR0509SR.map 512 512 89 296 469 177 429.88
104 maps/bgmaps/AR0509SR.map 512 512 83 307 444 216 419.99
111 maps/bgmaps/AR0509SR.map 512 512 402 165 147 447 445.01
107 maps/bgmaps/AR0509SR.map 512 512 426 223 73 332 428.17
124 maps/bgmaps/AR0509SR.map 512 512 106 469 363 99 499.30
112 maps/bgmaps/AR0509SR.map 512 512 415 187 147 450 451.90
106 maps/bgmaps/AR0509SR.map 512 512 101 489 245 140 426.73
112 maps/bgmaps/AR0509SR.map 512 512 126 480 381 176 451.22
104 maps/bgmaps/AR0509SR.map 512 512 67 454 404 255 419.43
106 maps/bgmaps/AR0509SR.map 512 512 85 393 300 134 425.14
106 maps/bgmaps/AR0509SR.map 512 512 152 471 415 246 424.17
126 maps/bgmaps/AR0509SR.map 512 512 80 458 444 196 507.13
104 maps/bgmaps/AR0509SR.map 512 512 439 228 122 360 419.32
115 maps/bgmaps/AR0509SR.map 512 512 113 411 451 206 461.70
109 maps/bgmaps/AR0509SR.map 512 512 318 128 160 436 437.00
125 maps/bgmaps/AR0509SR.map 512 512 438 165 168 457 503.81
107 maps/bgmaps/AR0509SR.map 512 512 133 495 348 175 431.90
126 maps/bgmaps/AR0509SR.map 512 512 440 208 55 407 507.87
126 maps/bgmaps/AR0509SR.map 512 512 107 445 462 171 507.16
123 maps/bgmaps/AR0509SR.map 512 512 155 466 425 222 492.40
122 maps/bgmaps/AR0509SR.map 512 512 51 409 353 107 491.53
109 maps/bgmaps/AR0509SR.map 512 512 474 199 104 343 439.79
109 maps/bgmaps/AR0509SR.map 512 512 91 461 328 143 439.01
112 maps/bgmaps/AR0509SR.map 512 512 335 118 123 457 449.66
121 maps/bgmaps/AR0509SR.map 512 512 280 116 123 473 484.64
107 maps/bgmaps/AR0509SR.map 512 512 143 439 324 115 431.76
121 maps/bgmaps/AR0509SR.map 512 512 94 470 411 207 484.88
106 maps/bgmaps/AR0509SR.map 512 512 405 164 101 385 426.04
121 maps/bgmaps/AR0509SR.map 512 512 473 186 100 397 486.76
120 maps/bgmaps/AR0509SR.map 512 512 460 215 100 402 483.70
118 maps/bgmaps/AR0509SR.map 512 512 369 147 57 464 474.94
125 maps/bgmaps/AR0509SR.map 512 512 455 187 64 395 503.52
114 maps/bgmaps/AR0509SR.map 512 512 68 445 309 136 457.96
119 maps/bgmaps/AR0509SR.map 512 512 423 219 165 428 478.29
125 maps/bgmaps/AR0509SR.map 512 512 117 462 449 179 503.70
119 maps/bgmaps/AR0509SR.map 512 512 50 428 394 204 477.43
116 maps/bgmaps/AR0509SR.map 512 512 395 170 133 480 464.80
116 maps/bgmaps/AR0509SR.map 512 512 296 104 92 435 467.20
111 maps/bgmaps/AR0509SR.map 512 512 423 217 135 433 447.04
111 maps/bgmaps/AR0509SR.map 512 512 410 192 108 446 447.87
120 maps/bgmaps/AR0509SR.map 512 512 415 174 106 469 483.33
116 maps/bgmaps/AR0509SR.map 512 512 337 126 54 415 465.39
111 maps/bgmaps/AR0509SR.map 512 512 77 470 364 168 447.83
115 maps/bgmaps/AR0509SR.map 512 512 353 139 66 455 463.58
126 maps/bgmaps/AR0509SR.map 512 512 421 219 56 427 507.16
115 maps/bgmaps/AR0509SR.map 512 512 456 190 104 392 462.03
122 maps/bgmaps/AR0509SR.map 512 512 139 438 467 179 491.90
111 maps/bgmaps/AR0509SR.map 512 512 288 111 135 439 447.36
120 maps/bgmaps/AR0509SR.map 512 512 144 478 409 213 480.11
115 maps/bgmaps/AR0509SR.map 512 512 386 191 121 491 463.07
114 maps/bgmaps/AR0509SR.map 512 512 84 455 361 134 458.58
119 maps/bgmaps/AR0509SR.map 512 512 344 116 77 462 479.44
114 maps/bgmaps/AR0509SR.map 512 512 438 173 106 415 458.60
120 maps/bgmaps/AR0509SR.map 512 512 312 123 101 483 483.50
114 maps/bgmaps/AR0509SR.map 512 512 123 482 337 134 459.49
125 maps/bgmaps/AR0509SR.map 512 512 306 106 68 469 502.65
117 maps/bgmaps/AR0509SR.map 512 512 81 384 434 181 468.42
118 maps/bgmaps/AR0509SR.map 512 512 422 186 173 429 474.17
126 maps/bgmaps/AR0509SR.map 512 512 92 431 465 213 507.88
119 maps/bgmaps/AR0509SR.map 512 512 305 116 82 461 479.27
118 maps/bgmaps/AR0509SR.map 512 512 97 456 417 202 473.57
119 maps/bgmaps/AR0509SR.map 512 512 336 122 107 484 479.70
118 maps/bgmaps/AR0509SR.map 512 512 444 176 100 430 475.57
125 maps/bgmaps/AR0509SR.map 512 512 79 379 462 174 503.39
125 maps/bgmaps/AR0509SR.map 512 512 140 456 459 176 503.56
117 maps/bgmaps/AR0509SR.map 512 512 108 482 390 203 468.43
125 maps/bgmaps/AR0509SR.map 512 512 446 178 90 453 503.30
124 maps/bgmaps/AR0509SR.map 512 512 417 208 127 492 499.63
118 maps/bgmaps/AR0509SR.map 512 512 168 443 413 158 475.91
117 maps/bgmaps/AR0509SR.map 512 512 333 119 146 480 470.42
124 maps/bgmaps/AR0509SR.map 512 512 95 435 460 176 498.64
123 maps/bgmaps/AR0509SR.map 512 512 99 486 411 186 494.26
117 maps/bgmaps/AR0509SR.map 512 512 463 216 111 389 471.56
123 maps/bgmaps/AR0509SR.map 512 512 453 198 137 458 495.00
118 maps/bgmaps/AR0509SR.map 512 512 307 116 80 457 475.27
123 maps/bgmaps/AR0509SR.map 512 512 87 391 464 211 494.49
124 maps/bgmaps/AR0509SR.map 512 512 434 184 137 481 499.00
124 maps/bgmaps/AR0509SR.map 512 512 108 466 437 204 499.84
124 maps/bgmaps/AR0509SR.map 512 512 422 218 60 420 499.09
122 maps/bgmaps/AR0509SR.map 512 512 65 383 437 180 488.24
122 maps/bgmaps/AR0509SR.map 512 512 111 438 458 179 491.19
122 maps/bgmaps/AR0509SR.map 512 512 304 114 67 465 491.90
122 maps/bgmaps/AR0509SR.map 512 512 285 127 81 476 491.97
122 maps/bgmaps/AR0509SR.map 512 512 412 189 121 492 490.90
