version 1.0
36 maps/bgmaps/AR0600SR.map 512 512 113 396 175 288 147.76
6 maps/bgmaps/AR0600SR.map 512 512 114 375 139 380 27.07
85 maps/bgmaps/AR0600SR.map 512 512 63 423 194 162 342.82
89 maps/bgmaps/AR0600SR.map 512 512 453 253 165 369 358.53
77 maps/bgmaps/AR0600SR.map 512 512 452 214 236 333 310.87
44 maps/bgmaps/AR0600SR.map 512 512 195 315 360 344 179.50
66 maps/bgmaps/AR0600SR.map 512 512 173 272 398 325 265.18
3 maps/bgmaps/AR0600SR.map 512 512 82 436 90 424 15.31
33 maps/bgmaps/AR0600SR.map 512 512 288 345 167 355 134.25
97 maps/bgmaps/AR0600SR.map 512 512 235 140 363 341 388.36
42 maps/bgmaps/AR0600SR.map 512 512 300 113 436 189 168.65
72 maps/bgmaps/AR0600SR.map 512 512 217 139 142 382 288.15
107 maps/bgmaps/AR0600SR.map 512 512 403 144 236 290 431.43
36 maps/bgmaps/AR0600SR.map 512 512 388 136 252 131 145.53
87 maps/bgmaps/AR0600SR.map 512 512 67 462 181 174 349.30
41 maps/bgmaps/AR0600SR.map 512 512 229 325 94 396 164.41
40 maps/bgmaps/AR0600SR.map 512 512 258 342 160 227 163.79
45 maps/bgmaps/AR0600SR.map 512 512 358 345 186 328 180.70
45 maps/bgmaps/AR0600SR.map 512 512 216 320 84 443 182.95
109 maps/bgmaps/AR0600SR.map 512 512 446 224 111 371 438.29
26 maps/bgmaps/AR0600SR.map 512 512 229 328 141 370 105.40
39 maps/bgmaps/AR0600SR.map 512 512 195 290 116 415 157.72
99 maps/bgmaps/AR0600SR.map 512 512 445 218 182 264 396.75
12 maps/bgmaps/AR0600SR.map 512 512 106 384 89 425 48.04
107 maps/bgmaps/AR0600SR.map 512 512 278 123 86 435 430.22
66 maps/bgmaps/AR0600SR.map 512 512 216 328 257 126 267.01
74 maps/bgmaps/AR0600SR.map 512 512 405 159 314 348 298.74
49 maps/bgmaps/AR0600SR.map 512 512 93 415 179 262 199.98
2 maps/bgmaps/AR0600SR.map 512 512 296 122 292 114 9.66
64 maps/bgmaps/AR0600SR.map 512 512 194 308 277 122 259.55
6 maps/bgmaps/AR0600SR.map 512 512 101 419 118 400 26.04
33 maps/bgmaps/AR0600SR.map 512 512 175 207 184 331 134.36
32 maps/bgmaps/AR0600SR.map 512 512 169 278 133 367 128.24
14 maps/bgmaps/AR0600SR.map 512 512 222 325 175 349 56.94
75 maps/bgmaps/AR0600SR.map 512 512 224 329 286 118 303.63
41 maps/bgmaps/AR0600SR.map 512 512 190 302 103 429 164.69
23 maps/bgmaps/AR0600SR.map 512 512 85 429 132 356 92.47
41 maps/bgmaps/AR0600SR.map 512 512 169 219 157 360 165.02
23 maps/bgmaps/AR0600SR.map 512 512 174 346 181 265 93.01
64 maps/bgmaps/AR0600SR.map 512 512 261 351 210 148 257.81
91 maps/bgmaps/AR0600SR.map 512 512 419 302 111 411 365.68
49 maps/bgmaps/AR0600SR.map 512 512 102 392 163 251 199.08
127 maps/bgmaps/AR0600SR.map 512 512 434 184 101 416 511.90
24 maps/bgmaps/AR0600SR.map 512 512 175 263 182 351 99.18
40 maps/bgmaps/AR0600SR.map 512 512 48 438 170 339 163.01
17 maps/bgmaps/AR0600SR.map 512 512 159 348 122 403 70.33
52 maps/bgmaps/AR0600SR.map 512 512 230 302 71 427 210.78
36 maps/bgmaps/AR0600SR.map 512 512 237 289 131 386 146.18
21 maps/bgmaps/AR0600SR.map 512 512 138 351 101 422 86.33
104 maps/bgmaps/AR0600SR.map 512 512 182 317 426 172 419.88
16 maps/bgmaps/AR0600SR.map 512 512 47 436 109 425 66.56
88 maps/bgmaps/AR0600SR.map 512 512 218 142 77 412 354.79
13 maps/bgmaps/AR0600SR.map 512 512 193 346 216 300 55.53
43 maps/bgmaps/AR0600SR.map 512 512 259 343 165 217 173.14
48 maps/bgmaps/AR0600SR.map 512 512 114 376 167 235 194.79
34 maps/bgmaps/AR0600SR.map 512 512 421 304 438 178 139.67
78 maps/bgmaps/AR0600SR.map 512 512 196 157 449 213 312.81
22 maps/bgmaps/AR0600SR.map 512 512 173 334 245 295 88.15
3 maps/bgmaps/AR0600SR.map 512 512 375 129 387 135 14.49
18 maps/bgmaps/AR0600SR.map 512 512 190 321 137 367 72.05
6 maps/bgmaps/AR0600SR.map 512 512 66 449 50 431 24.63
25 maps/bgmaps/AR0600SR.map 512 512 142 351 182 282 103.23
35 maps/bgmaps/AR0600SR.map 512 512 116 364 181 274 143.02
11 maps/bgmaps/AR0600SR.map 512 512 448 225 442 182 45.49
85 maps/bgmaps/AR0600SR.map 512 512 228 338 438 190 341.62
107 maps/bgmaps/AR0600SR.map 512 512 381 143 167 358 431.78
112 maps/bgmaps/AR0600SR.map 512 512 376 135 150 378 450.50
112 maps/bgmaps/AR0600SR.map 512 512 385 147 152 362 448.23
111 maps/bgmaps/AR0600SR.map 512 512 258 124 44 436 445.19
81 maps/bgmaps/AR0600SR.map 512 512 314 120 221 327 327.56
69 maps/bgmaps/AR0600SR.map 512 512 204 152 444 187 279.35
14 maps/bgmaps/AR0600SR.map 512 512 128 380 176 358 57.11
29 maps/bgmaps/AR0600SR.map 512 512 146 348 82 441 119.51
12 maps/bgmaps/AR0600SR.map 512 512 165 346 124 367 49.70
33 maps/bgmaps/AR0600SR.map 512 512 364 127 239 138 134.87
87 maps/bgmaps/AR0600SR.map 512 512 197 327 347 124 350.62
26 maps/bgmaps/AR0600SR.map 512 512 280 123 193 166 104.81
29 maps/bgmaps/AR0600SR.map 512 512 206 309 120 388 118.72
25 maps/bgmaps/AR0600SR.map 512 512 252 336 163 365 102.67
23 maps/bgmaps/AR0600SR.map 512 512 304 120 221 145 93.36
90 maps/bgmaps/AR0600SR.map 512 512 71 466 187 166 362.13
127 maps/bgmaps/AR0600SR.map 512 512 92 412 376 135 511.46
119 maps/bgmaps/AR0600SR.map 512 512 90 408 347 123 477.83
123 maps/bgmaps/AR0600SR.map 512 512 318 109 56 427 495.67
57 maps/bgmaps/AR0600SR.map 512 512 381 339 412 153 229.35
93 maps/bgmaps/AR0600SR.map 512 512 208 147 432 286 374.22
12 maps/bgmaps/AR0600SR.map 512 512 87 423 120 388 48.67
69 maps/bgmaps/AR0600SR.map 512 512 440 268 210 333 277.89
11 maps/bgmaps/AR0600SR.map 512 512 248 337 217 306 47.36
65 maps/bgmaps/AR0600SR.map 512 512 194 351 241 129 263.65
22 maps/bgmaps/AR0600SR.map 512 512 210 329 137 366 88.33
127 maps/bgmaps/AR0600SR.map 512 512 448 237 60 454 511.50
27 maps/bgmaps/AR0600SR.map 512 512 197 337 116 410 111.24
58 maps/bgmaps/AR0600SR.map 512 512 143 363 360 344 235.64
93 maps/bgmaps/AR0600SR.map 512 512 312 117 142 363 373.85
11 maps/bgmaps/AR0600SR.map 512 512 129 393 96 427 47.67
13 maps/bgmaps/AR0600SR.map 512 512 90 409 135 392 52.04
26 maps/bgmaps/AR0600SR.map 512 512 77 446 130 362 105.95
7 maps/bgmaps/AR0600SR.map 512 512 70 420 78 448 31.31
18 maps/bgmaps/AR0600SR.map 512 512 160 349 222 321 73.60
77 maps/bgmaps/AR0600SR.map 512 512 223 147 117 392 309.43
119 maps/bgmaps/AR0600SR.map 512 512 71 415 326 124 479.14
40 maps/bgmaps/AR0600SR.map 512 512 193 347 178 193 162.70
51 maps/bgmaps/AR0600SR.map 512 512 370 344 437 180 206.24
39 maps/bgmaps/AR0600SR.map 512 512 137 353 165 242 156.10
93 maps/bgmaps/AR0600SR.map 512 512 165 250 428 182 375.43
68 maps/bgmaps/AR0600SR.map 512 512 252 124 202 345 274.04
79 maps/bgmaps/AR0600SR.map 512 512 422 177 269 347 318.28
44 maps/bgmaps/AR0600SR.map 512 512 190 325 60 443 178.88
31 maps/bgmaps/AR0600SR.map 512 512 174 216 198 332 125.94
93 maps/bgmaps/AR0600SR.map 512 512 302 355 355 132 374.82
43 maps/bgmaps/AR0600SR.map 512 512 409 312 255 339 173.57
50 maps/bgmaps/AR0600SR.map 512 512 51 434 188 306 203.29
105 maps/bgmaps/AR0600SR.map 512 512 446 254 107 399 423.89
70 maps/bgmaps/AR0600SR.map 512 512 192 301 302 109 282.11
30 maps/bgmaps/AR0600SR.map 512 512 169 260 252 340 120.24
118 maps/bgmaps/AR0600SR.map 512 512 129 393 442 183 472.06
16 maps/bgmaps/AR0600SR.map 512 512 142 350 196 317 67.67
78 maps/bgmaps/AR0600SR.map 512 512 404 316 171 233 315.32
82 maps/bgmaps/AR0600SR.map 512 512 285 354 413 154 330.15
88 maps/bgmaps/AR0600SR.map 512 512 365 343 314 118 353.65
16 maps/bgmaps/AR0600SR.map 512 512 179 295 185 352 65.28
6 maps/bgmaps/AR0600SR.map 512 512 336 349 359 345 24.66
88 maps/bgmaps/AR0600SR.map 512 512 177 261 410 155 352.18
25 maps/bgmaps/AR0600SR.map 512 512 168 342 262 344 101.46
94 maps/bgmaps/AR0600SR.map 512 512 142 358 452 249 379.39
120 maps/bgmaps/AR0600SR.map 512 512 131 361 426 164 482.43
27 maps/bgmaps/AR0600SR.map 512 512 68 426 148 351 111.07
58 maps/bgmaps/AR0600SR.map 512 512 304 347 170 200 234.72
91 maps/bgmaps/AR0600SR.map 512 512 239 329 336 126 364.53
119 maps/bgmaps/AR0600SR.map 512 512 444 202 111 410 477.27
100 maps/bgmaps/AR0600SR.map 512 512 172 351 368 127 403.08
80 maps/bgmaps/AR0600SR.map 512 512 383 131 174 270 323.82
46 maps/bgmaps/AR0600SR.map 512 512 192 337 369 339 186.94
39 maps/bgmaps/AR0600SR.map 512 512 154 349 167 222 156.61
46 maps/bgmaps/AR0600SR.map 512 512 138 372 160 222 185.62
87 maps/bgmaps/AR0600SR.map 512 512 445 250 195 158 350.39
122 maps/bgmaps/AR0600SR.map 512 512 59 449 308 109 491.78
103 maps/bgmaps/AR0600SR.map 512 512 115 391 447 251 415.99
106 maps/bgmaps/AR0600SR.map 512 512 400 157 237 301 427.48
3 maps/bgmaps/AR0600SR.map 512 512 86 438 87 425 13.41
43 maps/bgmaps/AR0600SR.map 512 512 162 368 315 352 174.54
100 maps/bgmaps/AR0600SR.map 512 512 363 134 166 351 403.46
93 maps/bgmaps/AR0600SR.map 512 512 436 282 112 372 375.56
2 maps/bgmaps/AR0600SR.map 512 512 85 433 91 424 11.49
25 maps/bgmaps/AR0600SR.map 512 512 153 378 233 332 100.23
117 maps/bgmaps/AR0600SR.map 512 512 449 227 98 420 469.83
7 maps/bgmaps/AR0600SR.map 512 512 77 422 102 409 30.38
59 maps/bgmaps/AR0600SR.map 512 512 403 321 183 337 237.40
75 maps/bgmaps/AR0600SR.map 512 512 410 146 168 212 301.52
37 maps/bgmaps/AR0600SR.map 512 512 82 406 195 320 148.62
29 maps/bgmaps/AR0600SR.map 512 512 195 310 129 399 116.34
85 maps/bgmaps/AR0600SR.map 512 512 199 321 447 223 341.76
121 maps/bgmaps/AR0600SR.map 512 512 413 153 138 351 484.65
109 maps/bgmaps/AR0600SR.map 512 512 147 357 379 139 438.33
6 maps/bgmaps/AR0600SR.map 512 512 184 341 195 320 25.56
50 maps/bgmaps/AR0600SR.map 512 512 122 395 291 356 203.38
6 maps/bgmaps/AR0600SR.map 512 512 198 153 188 176 27.14
93 maps/bgmaps/AR0600SR.map 512 512 181 322 366 134 374.76
41 maps/bgmaps/AR0600SR.map 512 512 234 139 182 269 165.54
124 maps/bgmaps/AR0600SR.map 512 512 446 247 51 430 499.73
76 maps/bgmaps/AR0600SR.map 512 512 110 421 370 343 305.42
11 maps/bgmaps/AR0600SR.map 512 512 99 395 143 387 47.31
77 maps/bgmaps/AR0600SR.map 512 512 201 321 449 253 310.59
17 maps/bgmaps/AR0600SR.map 512 512 174 288 186 348 69.94
40 maps/bgmaps/AR0600SR.map 512 512 164 342 175 201 161.40
34 maps/bgmaps/AR0600SR.map 512 512 222 143 351 123 138.11
69 maps/bgmaps/AR0600SR.map 512 512 235 131 148 347 278.42
97 maps/bgmaps/AR0600SR.map 512 512 181 271 452 221 389.23
70 maps/bgmaps/AR0600SR.map 512 512 445 251 251 127 282.55
44 maps/bgmaps/AR0600SR.map 512 512 180 299 97 430 177.08
89 maps/bgmaps/AR0600SR.map 512 512 196 338 445 206 358.04
7 maps/bgmaps/AR0600SR.map 512 512 184 348 160 367 31.87
52 maps/bgmaps/AR0600SR.map 512 512 225 318 212 145 211.97
30 maps/bgmaps/AR0600SR.map 512 512 112 412 204 344 120.17
47 maps/bgmaps/AR0600SR.map 512 512 236 326 183 168 191.27
14 maps/bgmaps/AR0600SR.map 512 512 193 334 235 298 56.91
36 maps/bgmaps/AR0600SR.map 512 512 115 392 175 288 144.11
95 maps/bgmaps/AR0600SR.map 512 512 437 190 174 248 381.43
8 maps/bgmaps/AR0600SR.map 512 512 179 357 150 346 33.56
121 maps/bgmaps/AR0600SR.map 512 512 68 449 453 255 487.26
71 maps/bgmaps/AR0600SR.map 512 512 432 293 297 110 286.84
1 maps/bgmaps/AR0600SR.map 512 512 117 375 114 372 4.24
69 maps/bgmaps/AR0600SR.map 512 512 172 225 379 132 276.07
16 maps/bgmaps/AR0600SR.map 512 512 99 406 133 356 64.08
62 maps/bgmaps/AR0600SR.map 512 512 255 120 218 305 251.76
31 maps/bgmaps/AR0600SR.map 512 512 67 450 136 354 124.58
96 maps/bgmaps/AR0600SR.map 512 512 426 169 225 313 385.05
125 maps/bgmaps/AR0600SR.map 512 512 93 406 372 127 500.66
46 maps/bgmaps/AR0600SR.map 512 512 239 129 176 282 185.20
36 maps/bgmaps/AR0600SR.map 512 512 162 231 156 348 147.27
113 maps/bgmaps/AR0600SR.map 512 512 130 384 366 137 455.62
8 maps/bgmaps/AR0600SR.map 512 512 296 120 330 120 34.00
24 maps/bgmaps/AR0600SR.map 512 512 194 308 126 374 99.44
34 maps/bgmaps/AR0600SR.map 512 512 335 351 225 303 139.84
102 maps/bgmaps/AR0600SR.map 512 512 389 133 187 339 408.35
10 maps/bgmaps/AR0600SR.map 512 512 234 337 194 329 43.31
22 maps/bgmaps/AR0600SR.map 512 512 164 340 180 270 89.50
112 maps/bgmaps/AR0600SR.map 512 512 453 232 115 414 448.17
102 maps/bgmaps/AR0600SR.map 512 512 223 314 395 149 410.85
9 maps/bgmaps/AR0600SR.map 512 512 179 342 212 328 38.80
17 maps/bgmaps/AR0600SR.map 512 512 247 343 184 340 69.21
122 maps/bgmaps/AR0600SR.map 512 512 438 183 113 392 489.30
24 maps/bgmaps/AR0600SR.map 512 512 284 123 378 128 96.90
93 maps/bgmaps/AR0600SR.map 512 512 224 316 427 178 373.05
113 maps/bgmaps/AR0600SR.map 512 512 104 391 443 223 455.82
51 maps/bgmaps/AR0600SR.map 512 512 178 267 79 411 207.74
96 maps/bgmaps/AR0600SR.map 512 512 445 259 134 386 386.09
88 maps/bgmaps/AR0600SR.map 512 512 191 348 328 117 352.21
51 maps/bgmaps/AR0600SR.map 512 512 174 200 132 373 207.65
34 maps/bgmaps/AR0600SR.map 512 512 241 344 134 394 136.58
16 maps/bgmaps/AR0600SR.map 512 512 449 235 430 175 67.87
88 maps/bgmaps/AR0600SR.map 512 512 409 162 254 342 355.15
81 maps/bgmaps/AR0600SR.map 512 512 356 131 347 349 326.75
45 maps/bgmaps/AR0600SR.map 512 512 150 374 306 355 181.27
105 maps/bgmaps/AR0600SR.map 512 512 423 163 240 290 420.68
16 maps/bgmaps/AR0600SR.map 512 512 168 241 183 301 66.21
103 maps/bgmaps/AR0600SR.map 512 512 180 182 435 283 413.75
100 maps/bgmaps/AR0600SR.map 512 512 387 329 223 144 403.68
94 maps/bgmaps/AR0600SR.map 512 512 384 333 270 113 376.58
0 maps/bgmaps/AR0600SR.map 512 512 436 280 438 281 2.41
99 maps/bgmaps/AR0600SR.map 512 512 449 233 137 360 399.98
92 maps/bgmaps/AR0600SR.map 512 512 443 202 192 347 370.59
36 maps/bgmaps/AR0600SR.map 512 512 207 333 99 425 146.11
11 maps/bgmaps/AR0600SR.map 512 512 169 351 142 384 44.18
46 maps/bgmaps/AR0600SR.map 512 512 293 352 174 238 186.14
93 maps/bgmaps/AR0600SR.map 512 512 355 346 308 110 374.20
74 maps/bgmaps/AR0600SR.map 512 512 389 329 134 397 296.28
6 maps/bgmaps/AR0600SR.map 512 512 238 343 262 346 25.24
57 maps/bgmaps/AR0600SR.map 512 512 402 326 232 290 228.95
46 maps/bgmaps/AR0600SR.map 512 512 438 270 295 355 187.58
23 maps/bgmaps/AR0600SR.map 512 512 102 382 183 350 94.25
33 maps/bgmaps/AR0600SR.map 512 512 390 143 268 117 132.77
80 maps/bgmaps/AR0600SR.map 512 512 285 122 165 351 320.91
56 maps/bgmaps/AR0600SR.map 512 512 198 157 247 343 226.52
67 maps/bgmaps/AR0600SR.map 512 512 131 353 382 335 269.23
1 maps/bgmaps/AR0600SR.map 512 512 307 108 302 110 5.83
7 maps/bgmaps/AR0600SR.map 512 512 446 233 442 203 31.66
68 maps/bgmaps/AR0600SR.map 512 512 344 347 102 403 275.97
30 maps/bgmaps/AR0600SR.map 512 512 205 154 163 258 121.40
25 maps/bgmaps/AR0600SR.map 512 512 168 349 92 411 101.68
49 maps/bgmaps/AR0600SR.map 512 512 307 347 173 239 197.48
50 maps/bgmaps/AR0600SR.map 512 512 209 145 202 323 203.27
16 maps/bgmaps/AR0600SR.map 512 512 98 392 145 350 64.40
39 maps/bgmaps/AR0600SR.map 512 512 178 288 308 353 156.92
35 maps/bgmaps/AR0600SR.map 512 512 109 407 221 332 143.07
32 maps/bgmaps/AR0600SR.map 512 512 164 360 62 430 130.99
38 maps/bgmaps/AR0600SR.map 512 512 192 333 78 430 154.18
51 maps/bgmaps/AR0600SR.map 512 512 403 320 212 333 207.98
16 maps/bgmaps/AR0600SR.map 512 512 69 432 110 381 67.98
15 maps/bgmaps/AR0600SR.map 512 512 120 386 154 340 60.08
35 maps/bgmaps/AR0600SR.map 512 512 157 348 74 456 142.38
62 maps/bgmaps/AR0600SR.map 512 512 65 431 175 247 251.26
24 maps/bgmaps/AR0600SR.map 512 512 108 409 179 339 99.99
66 maps/bgmaps/AR0600SR.map 512 512 362 345 117 367 264.88
2 maps/bgmaps/AR0600SR.map 512 512 132 372 125 379 9.90
88 maps/bgmaps/AR0600SR.map 512 512 443 204 207 341 352.28
98 maps/bgmaps/AR0600SR.map 512 512 215 312 388 148 394.61
13 maps/bgmaps/AR0600SR.map 512 512 135 379 91 406 55.18
71 maps/bgmaps/AR0600SR.map 512 512 85 409 335 348 286.87
14 maps/bgmaps/AR0600SR.map 512 512 227 294 246 342 56.70
40 maps/bgmaps/AR0600SR.map 512 512 197 340 350 346 161.28
102 maps/bgmaps/AR0600SR.map 512 512 397 330 230 142 408.65
75 maps/bgmaps/AR0600SR.map 512 512 241 337 269 117 303.26
68 maps/bgmaps/AR0600SR.map 512 512 142 353 396 326 275.95
24 maps/bgmaps/AR0600SR.map 512 512 118 393 189 326 98.75
59 maps/bgmaps/AR0600SR.map 512 512 244 132 208 319 239.21
88 maps/bgmaps/AR0600SR.map 512 512 184 325 350 119 353.28
34 maps/bgmaps/AR0600SR.map 512 512 124 386 178 283 136.97
42 maps/bgmaps/AR0600SR.map 512 512 360 345 209 306 168.81
57 maps/bgmaps/AR0600SR.map 512 512 218 141 238 294 229.79
95 maps/bgmaps/AR0600SR.map 512 512 437 192 234 292 381.39
90 maps/bgmaps/AR0600SR.map 512 512 321 113 172 355 361.74
76 maps/bgmaps/AR0600SR.map 512 512 374 336 99 386 307.65
65 maps/bgmaps/AR0600SR.map 512 512 181 338 416 304 262.20
47 maps/bgmaps/AR0600SR.map 512 512 194 315 72 456 191.53
15 maps/bgmaps/AR0600SR.map 512 512 312 121 253 124 60.24
4 maps/bgmaps/AR0600SR.map 512 512 188 346 203 340 17.49
1 maps/bgmaps/AR0600SR.map 512 512 431 176 435 174 4.83
30 maps/bgmaps/AR0600SR.map 512 512 152 345 63 427 122.97
74 maps/bgmaps/AR0600SR.map 512 512 146 360 411 309 299.24
34 maps/bgmaps/AR0600SR.map 512 512 207 302 112 400 137.35
2 maps/bgmaps/AR0600SR.map 512 512 89 436 79 435 10.41
16 maps/bgmaps/AR0600SR.map 512 512 100 418 144 369 67.23
26 maps/bgmaps/AR0600SR.map 512 512 160 253 224 330 105.27
100 maps/bgmaps/AR0600SR.map 512 512 424 174 197 315 403.95
96 maps/bgmaps/AR0600SR.map 512 512 95 435 418 310 387.30
7 maps/bgmaps/AR0600SR.map 512 512 87 413 79 441 31.31
98 maps/bgmaps/AR0600SR.map 512 512 395 155 200 308 394.88
5 maps/bgmaps/AR0600SR.map 512 512 114 374 134 369 22.07
67 maps/bgmaps/AR0600SR.map 512 512 95 420 176 200 268.22
30 maps/bgmaps/AR0600SR.map 512 512 157 367 64 440 123.24
12 maps/bgmaps/AR0600SR.map 512 512 160 252 182 291 49.28
1 maps/bgmaps/AR0600SR.map 512 512 250 334 245 333 5.41
118 maps/bgmaps/AR0600SR.map 512 512 142 344 418 158 473.71
14 maps/bgmaps/AR0600SR.map 512 512 205 315 176 269 58.01
65 maps/bgmaps/AR0600SR.map 512 512 317 347 96 424 263.66
81 maps/bgmaps/AR0600SR.map 512 512 422 169 272 341 324.01
120 maps/bgmaps/AR0600SR.map 512 512 97 406 357 131 483.32
96 maps/bgmaps/AR0600SR.map 512 512 172 277 426 162 387.49
32 maps/bgmaps/AR0600SR.map 512 512 136 347 257 339 128.46
7 maps/bgmaps/AR0600SR.map 512 512 161 350 187 340 30.14
88 maps/bgmaps/AR0600SR.map 512 512 314 121 251 334 355.36
97 maps/bgmaps/AR0600SR.map 512 512 185 335 431 189 391.76
51 maps/bgmaps/AR0600SR.map 512 512 273 114 179 259 204.24
117 maps/bgmaps/AR0600SR.map 512 512 306 111 67 427 471.84
7 maps/bgmaps/AR0600SR.map 512 512 155 341 155 370 29.00
5 maps/bgmaps/AR0600SR.map 512 512 88 414 76 430 20.97
99 maps/bgmaps/AR0600SR.map 512 512 407 150 198 305 399.81
78 maps/bgmaps/AR0600SR.map 512 512 406 318 130 379 312.04
36 maps/bgmaps/AR0600SR.map 512 512 157 346 51 441 145.35
29 maps/bgmaps/AR0600SR.map 512 512 380 144 452 224 117.44
47 maps/bgmaps/AR0600SR.map 512 512 98 412 166 273 188.71
17 maps/bgmaps/AR0600SR.map 512 512 106 418 140 363 69.08
86 maps/bgmaps/AR0600SR.map 512 512 210 314 443 211 346.49
21 maps/bgmaps/AR0600SR.map 512 512 102 406 160 344 86.02
64 maps/bgmaps/AR0600SR.map 512 512 292 355 81 427 258.22
76 maps/bgmaps/AR0600SR.map 512 512 400 155 160 218 305.15
56 maps/bgmaps/AR0600SR.map 512 512 391 148 196 165 224.75
58 maps/bgmaps/AR0600SR.map 512 512 244 344 205 152 233.01
60 maps/bgmaps/AR0600SR.map 512 512 221 136 433 179 241.41
119 maps/bgmaps/AR0600SR.map 512 512 97 434 326 112 477.22
5 maps/bgmaps/AR0600SR.map 512 512 215 146 231 134 20.97
14 maps/bgmaps/AR0600SR.map 512 512 214 309 172 347 57.74
103 maps/bgmaps/AR0600SR.map 512 512 73 424 262 129 413.14
86 maps/bgmaps/AR0600SR.map 512 512 369 342 316 123 345.16
11 maps/bgmaps/AR0600SR.map 512 512 236 287 207 321 46.01
32 maps/bgmaps/AR0600SR.map 512 512 239 301 163 225 131.05
93 maps/bgmaps/AR0600SR.map 512 512 238 335 412 158 375.63
70 maps/bgmaps/AR0600SR.map 512 512 300 117 204 300 281.94
6 maps/bgmaps/AR0600SR.map 512 512 116 386 124 365 24.31
64 maps/bgmaps/AR0600SR.map 512 512 164 267 69 460 256.72
83 maps/bgmaps/AR0600SR.map 512 512 317 117 173 328 333.35
65 maps/bgmaps/AR0600SR.map 512 512 190 164 289 348 260.28
52 maps/bgmaps/AR0600SR.map 512 512 327 352 175 249 208.72
23 maps/bgmaps/AR0600SR.map 512 512 78 415 140 347 93.68
50 maps/bgmaps/AR0600SR.map 512 512 165 258 273 120 202.65
4 maps/bgmaps/AR0600SR.map 512 512 138 369 127 382 17.56
1 maps/bgmaps/AR0600SR.map 512 512 308 352 314 350 6.83
59 maps/bgmaps/AR0600SR.map 512 512 85 420 168 239 237.61
39 maps/bgmaps/AR0600SR.map 512 512 164 364 166 228 158.37
124 maps/bgmaps/AR0600SR.map 512 512 135 384 415 157 499.52
89 maps/bgmaps/AR0600SR.map 512 512 229 339 331 120 359.88
36 maps/bgmaps/AR0600SR.map 512 512 345 129 212 145 145.43
18 maps/bgmaps/AR0600SR.map 512 512 433 190 384 138 74.05
79 maps/bgmaps/AR0600SR.map 512 512 178 339 300 121 318.94
5 maps/bgmaps/AR0600SR.map 512 512 81 415 72 434 22.73
101 maps/bgmaps/AR0600SR.map 512 512 264 121 94 427 405.73
31 maps/bgmaps/AR0600SR.map 512 512 418 311 448 199 124.43
93 maps/bgmaps/AR0600SR.map 512 512 375 338 210 149 372.88
7 maps/bgmaps/AR0600SR.map 512 512 230 338 219 314 28.56
15 maps/bgmaps/AR0600SR.map 512 512 97 387 57 428 61.08
14 maps/bgmaps/AR0600SR.map 512 512 226 328 173 338 57.14
49 maps/bgmaps/AR0600SR.map 512 512 179 357 188 178 197.40
74 maps/bgmaps/AR0600SR.map 512 512 446 205 251 345 297.41
83 maps/bgmaps/AR0600SR.map 512 512 390 330 307 113 332.33
109 maps/bgmaps/AR0600SR.map 512 512 98 429 443 261 437.07
48 maps/bgmaps/AR0600SR.map 512 512 427 166 392 327 194.17
31 maps/bgmaps/AR0600SR.map 512 512 237 290 162 235 124.02
16 maps/bgmaps/AR0600SR.map 512 512 278 350 342 346 65.66
36 maps/bgmaps/AR0600SR.map 512 512 239 303 163 209 146.23
27 maps/bgmaps/AR0600SR.map 512 512 182 353 178 252 110.94
122 maps/bgmaps/AR0600SR.map 512 512 432 171 115 367 491.43
52 maps/bgmaps/AR0600SR.map 512 512 444 200 343 350 211.65
102 maps/bgmaps/AR0600SR.map 512 512 298 113 108 398 410.00
77 maps/bgmaps/AR0600SR.map 512 512 101 401 375 340 310.04
29 maps/bgmaps/AR0600SR.map 512 512 174 245 179 349 116.84
37 maps/bgmaps/AR0600SR.map 512 512 231 328 112 399 148.41
85 maps/bgmaps/AR0600SR.map 512 512 445 194 176 199 340.09
47 maps/bgmaps/AR0600SR.map 512 512 86 415 236 342 188.04
34 maps/bgmaps/AR0600SR.map 512 512 214 329 101 389 137.85
23 maps/bgmaps/AR0600SR.map 512 512 91 438 125 360 92.08
87 maps/bgmaps/AR0600SR.map 512 512 440 259 173 269 351.58
3 maps/bgmaps/AR0600SR.map 512 512 269 119 280 115 12.66
75 maps/bgmaps/AR0600SR.map 512 512 291 110 222 318 301.29
100 maps/bgmaps/AR0600SR.map 512 512 452 224 142 354 402.74
25 maps/bgmaps/AR0600SR.map 512 512 128 388 202 324 100.51
85 maps/bgmaps/AR0600SR.map 512 512 211 311 348 124 341.42
102 maps/bgmaps/AR0600SR.map 512 512 417 158 208 317 411.02
107 maps/bgmaps/AR0600SR.map 512 512 61 427 260 119 428.53
58 maps/bgmaps/AR0600SR.map 512 512 372 125 171 191 232.58
19 maps/bgmaps/AR0600SR.map 512 512 272 354 206 342 78.77
127 maps/bgmaps/AR0600SR.map 512 512 352 127 84 439 511.53
84 maps/bgmaps/AR0600SR.map 512 512 83 407 213 148 339.23
24 maps/bgmaps/AR0600SR.map 512 512 212 314 137 366 96.54
104 maps/bgmaps/AR0600SR.map 512 512 119 373 325 110 416.89
31 maps/bgmaps/AR0600SR.map 512 512 234 337 120 360 126.01
19 maps/bgmaps/AR0600SR.map 512 512 128 362 98 426 76.43
82 maps/bgmaps/AR0600SR.map 512 512 263 128 143 376 330.53
124 maps/bgmaps/AR0600SR.map 512 512 88 434 345 129 498.70
8 maps/bgmaps/AR0600SR.map 512 512 450 212 431 187 32.87
78 maps/bgmaps/AR0600SR.map 512 512 142 384 239 128 314.95
49 maps/bgmaps/AR0600SR.map 512 512 123 363 175 214 198.10
100 maps/bgmaps/AR0600SR.map 512 512 144 367 340 128 403.68
54 maps/bgmaps/AR0600SR.map 512 512 166 258 342 351 218.04
10 maps/bgmaps/AR0600SR.map 512 512 228 307 190 301 40.49
51 maps/bgmaps/AR0600SR.map 512 512 320 347 165 247 205.79
66 maps/bgmaps/AR0600SR.map 512 512 370 340 392 136 266.05
53 maps/bgmaps/AR0600SR.map 512 512 265 125 186 279 213.99
94 maps/bgmaps/AR0600SR.map 512 512 398 138 255 348 379.88
123 maps/bgmaps/AR0600SR.map 512 512 375 132 122 411 492.86
105 maps/bgmaps/AR0600SR.map 512 512 176 338 425 169 423.32
5 maps/bgmaps/AR0600SR.map 512 512 185 349 176 329 23.73
118 maps/bgmaps/AR0600SR.map 512 512 451 238 88 433 475.04
109 maps/bgmaps/AR0600SR.map 512 512 165 369 380 134 438.88
67 maps/bgmaps/AR0600SR.map 512 512 268 118 187 326 271.45
31 maps/bgmaps/AR0600SR.map 512 512 178 290 185 170 125.38
49 maps/bgmaps/AR0600SR.map 512 512 219 306 204 146 196.68
18 maps/bgmaps/AR0600SR.map 512 512 451 235 427 300 74.94
81 maps/bgmaps/AR0600SR.map 512 512 298 110 194 347 324.52
97 maps/bgmaps/AR0600SR.map 512 512 389 135 216 309 389.98
115 maps/bgmaps/AR0600SR.map 512 512 368 125 115 374 460.58
10 maps/bgmaps/AR0600SR.map 512 512 113 376 146 351 43.36
4 maps/bgmaps/AR0600SR.map 512 512 88 422 79 407 18.73
14 maps/bgmaps/AR0600SR.map 512 512 270 122 327 119 58.24
99 maps/bgmaps/AR0600SR.map 512 512 235 328 397 152 396.09
125 maps/bgmaps/AR0600SR.map 512 512 89 428 352 131 500.11
4 maps/bgmaps/AR0600SR.map 512 512 146 346 132 353 16.90
17 maps/bgmaps/AR0600SR.map 512 512 178 331 231 292 69.15
27 maps/bgmaps/AR0600SR.map 512 512 121 389 209 337 109.54
77 maps/bgmaps/AR0600SR.map 512 512 80 426 183 176 308.50
34 maps/bgmaps/AR0600SR.map 512 512 123 377 184 277 137.17
77 maps/bgmaps/AR0600SR.map 512 512 191 281 355 128 311.79
35 maps/bgmaps/AR0600SR.map 512 512 110 384 194 284 143.58
20 maps/bgmaps/AR0600SR.map 512 512 133 363 92 430 83.98
2 maps/bgmaps/AR0600SR.map 512 512 89 400 97 393 10.90
12 maps/bgmaps/AR0600SR.map 512 512 326 354 279 345 50.73
7 maps/bgmaps/AR0600SR.map 512 512 208 326 186 344 29.46
14 maps/bgmaps/AR0600SR.map 512 512 183 323 237 337 59.80
97 maps/bgmaps/AR0600SR.map 512 512 299 349 293 116 390.65
29 maps/bgmaps/AR0600SR.map 512 512 169 365 273 340 119.91
43 maps/bgmaps/AR0600SR.map 512 512 378 139 217 141 175.91
67 maps/bgmaps/AR0600SR.map 512 512 199 161 117 373 271.76
20 maps/bgmaps/AR0600SR.map 512 512 93 398 159 359 82.15
112 maps/bgmaps/AR0600SR.map 512 512 399 155 157 349 451.65
65 maps/bgmaps/AR0600SR.map 512 512 168 239 352 130 263.89
120 maps/bgmaps/AR0600SR.map 512 512 110 414 358 129 482.59
92 maps/bgmaps/AR0600SR.map 512 512 190 316 450 209 368.08
79 maps/bgmaps/AR0600SR.map 512 512 412 163 175 221 316.66
28 maps/bgmaps/AR0600SR.map 512 512 165 348 98 434 113.75
40 maps/bgmaps/AR0600SR.map 512 512 187 176 193 324 160.43
21 maps/bgmaps/AR0600SR.map 512 512 136 373 74 431 86.02
69 maps/bgmaps/AR0600SR.map 512 512 374 140 162 226 279.52
22 maps/bgmaps/AR0600SR.map 512 512 376 334 294 346 88.97
70 maps/bgmaps/AR0600SR.map 512 512 92 409 184 183 282.88
8 maps/bgmaps/AR0600SR.map 512 512 337 349 368 344 33.07
4 maps/bgmaps/AR0600SR.map 512 512 117 393 100 386 19.90
85 maps/bgmaps/AR0600SR.map 512 512 145 371 275 116 341.68
2 maps/bgmaps/AR0600SR.map 512 512 201 339 191 343 11.66
7 maps/bgmaps/AR0600SR.map 512 512 142 368 115 372 28.66
52 maps/bgmaps/AR0600SR.map 512 512 168 219 321 124 210.41
33 maps/bgmaps/AR0600SR.map 512 512 211 153 170 269 135.91
69 maps/bgmaps/AR0600SR.map 512 512 234 303 441 279 277.59
74 maps/bgmaps/AR0600SR.map 512 512 154 347 259 129 297.25
49 maps/bgmaps/AR0600SR.map 512 512 168 248 118 407 199.59
101 maps/bgmaps/AR0600SR.map 512 512 374 341 239 130 407.50
5 maps/bgmaps/AR0600SR.map 512 512 120 383 115 364 21.07
77 maps/bgmaps/AR0600SR.map 512 512 433 289 180 273 311.78
96 maps/bgmaps/AR0600SR.map 512 512 439 287 165 211 385.65
78 maps/bgmaps/AR0600SR.map 512 512 272 340 251 123 315.02
45 maps/bgmaps/AR0600SR.map 512 512 89 419 220 300 180.29
77 maps/bgmaps/AR0600SR.map 512 512 80 412 352 349 310.52
62 maps/bgmaps/AR0600SR.map 512 512 193 309 412 312 249.24
12 maps/bgmaps/AR0600SR.map 512 512 444 224 436 177 50.31
94 maps/bgmaps/AR0600SR.map 512 512 442 191 192 337 377.87
29 maps/bgmaps/AR0600SR.map 512 512 446 230 387 135 119.44
14 maps/bgmaps/AR0600SR.map 512 512 171 363 196 316 57.36
104 maps/bgmaps/AR0600SR.map 512 512 197 318 410 159 419.12
126 maps/bgmaps/AR0600SR.map 512 512 125 403 396 137 506.69
79 maps/bgmaps/AR0600SR.map 512 512 163 225 409 155 319.32
112 maps/bgmaps/AR0600SR.map 512 512 294 109 76 419 448.36
50 maps/bgmaps/AR0600SR.map 512 512 166 222 122 384 203.52
18 maps/bgmaps/AR0600SR.map 512 512 257 347 197 351 74.18
34 maps/bgmaps/AR0600SR.map 512 512 408 151 284 119 137.25
25 maps/bgmaps/AR0600SR.map 512 512 51 439 126 372 102.75
88 maps/bgmaps/AR0600SR.map 512 512 250 132 123 404 352.16
10 maps/bgmaps/AR0600SR.map 512 512 213 330 178 349 42.87
80 maps/bgmaps/AR0600SR.map 512 512 412 310 136 391 321.49
60 maps/bgmaps/AR0600SR.map 512 512 82 416 281 354 241.25
35 maps/bgmaps/AR0600SR.map 512 512 184 292 194 160 143.60
77 maps/bgmaps/AR0600SR.map 512 512 120 395 222 144 311.43
54 maps/bgmaps/AR0600SR.map 512 512 330 349 162 247 217.87
24 maps/bgmaps/AR0600SR.map 512 512 179 261 240 329 98.54
66 maps/bgmaps/AR0600SR.map 512 512 420 307 181 346 265.92
70 maps/bgmaps/AR0600SR.map 512 512 163 355 415 308 282.82
80 maps/bgmaps/AR0600SR.map 512 512 209 331 305 110 321.74
77 maps/bgmaps/AR0600SR.map 512 512 448 208 195 159 309.22
20 maps/bgmaps/AR0600SR.map 512 512 139 352 191 304 80.91
67 maps/bgmaps/AR0600SR.map 512 512 431 185 303 347 270.79
24 maps/bgmaps/AR0600SR.map 512 512 424 174 444 262 97.94
18 maps/bgmaps/AR0600SR.map 512 512 177 326 239 298 73.60
51 maps/bgmaps/AR0600SR.map 512 512 174 259 278 120 204.92
115 maps/bgmaps/AR0600SR.map 512 512 379 127 135 384 462.40
11 maps/bgmaps/AR0600SR.map 512 512 92 411 71 450 47.70
31 maps/bgmaps/AR0600SR.map 512 512 216 327 168 219 127.88
32 maps/bgmaps/AR0600SR.map 512 512 408 153 443 268 131.98
34 maps/bgmaps/AR0600SR.map 512 512 220 302 126 401 137.94
60 maps/bgmaps/AR0600SR.map 512 512 334 350 117 376 241.02
89 maps/bgmaps/AR0600SR.map 512 512 175 284 402 139 359.72
100 maps/bgmaps/AR0600SR.map 512 512 242 298 379 129 403.91
83 maps/bgmaps/AR0600SR.map 512 512 369 340 87 441 335.19
116 maps/bgmaps/AR0600SR.map 512 512 347 131 112 407 464.59
124 maps/bgmaps/AR0600SR.map 512 512 394 145 114 382 499.17
27 maps/bgmaps/AR0600SR.map 512 512 172 239 230 288 110.88
8 maps/bgmaps/AR0600SR.map 512 512 213 307 237 329 33.70
27 maps/bgmaps/AR0600SR.map 512 512 151 362 80 442 109.41
126 maps/bgmaps/AR0600SR.map 512 512 88 438 351 126 507.46
6 maps/bgmaps/AR0600SR.map 512 512 301 114 324 120 25.49
12 maps/bgmaps/AR0600SR.map 512 512 395 155 436 174 48.87
9 maps/bgmaps/AR0600SR.map 512 512 135 373 153 344 36.46
89 maps/bgmaps/AR0600SR.map 512 512 370 123 208 309 359.76
11 maps/bgmaps/AR0600SR.map 512 512 195 293 233 308 44.21
17 maps/bgmaps/AR0600SR.map 512 512 162 341 124 394 68.74
105 maps/bgmaps/AR0600SR.map 512 512 180 335 426 164 422.66
53 maps/bgmaps/AR0600SR.map 512 512 125 382 311 349 212.10
127 maps/bgmaps/AR0600SR.map 512 512 324 123 47 440 511.09
10 maps/bgmaps/AR0600SR.map 512 512 198 314 176 283 40.11
53 maps/bgmaps/AR0600SR.map 512 512 171 268 86 429 213.61
127 maps/bgmaps/AR0600SR.map 512 512 102 422 376 129 511.90
2 maps/bgmaps/AR0600SR.map 512 512 78 419 80 410 9.83
83 maps/bgmaps/AR0600SR.map 512 512 197 159 77 426 334.30
127 maps/bgmaps/AR0600SR.map 512 512 104 428 371 126 510.83
17 maps/bgmaps/AR0600SR.map 512 512 94 389 51 442 70.81
86 maps/bgmaps/AR0600SR.map 512 512 226 324 328 109 345.19
76 maps/bgmaps/AR0600SR.map 512 512 401 157 166 221 307.49
70 maps/bgmaps/AR0600SR.map 512 512 269 344 448 203 282.65
95 maps/bgmaps/AR0600SR.map 512 512 158 363 331 117 383.88
30 maps/bgmaps/AR0600SR.map 512 512 147 356 177 263 121.37
113 maps/bgmaps/AR0600SR.map 512 512 116 408 451 219 455.69
21 maps/bgmaps/AR0600SR.map 512 512 215 333 138 350 84.04
36 maps/bgmaps/AR0600SR.map 512 512 69 438 176 344 145.94
42 maps/bgmaps/AR0600SR.map 512 512 362 345 232 300 171.08
120 maps/bgmaps/AR0600SR.map 512 512 297 111 72 457 481.98
49 maps/bgmaps/AR0600SR.map 512 512 184 271 97 427 198.66
26 maps/bgmaps/AR0600SR.map 512 512 234 129 166 206 107.51
104 maps/bgmaps/AR0600SR.map 512 512 135 381 447 223 419.85
122 maps/bgmaps/AR0600SR.map 512 512 400 156 124 358 490.37
69 maps/bgmaps/AR0600SR.map 512 512 170 281 324 110 278.72
64 maps/bgmaps/AR0600SR.map 512 512 297 352 81 415 257.01
110 maps/bgmaps/AR0600SR.map 512 512 288 112 73 414 442.04
58 maps/bgmaps/AR0600SR.map 512 512 213 152 160 346 235.31
90 maps/bgmaps/AR0600SR.map 512 512 228 142 96 427 360.20
22 maps/bgmaps/AR0600SR.map 512 512 146 350 81 408 89.02
80 maps/bgmaps/AR0600SR.map 512 512 443 213 227 332 320.04
118 maps/bgmaps/AR0600SR.map 512 512 377 144 137 391 473.62
53 maps/bgmaps/AR0600SR.map 512 512 437 176 249 132 214.51
6 maps/bgmaps/AR0600SR.map 512 512 193 332 203 309 27.14
59 maps/bgmaps/AR0600SR.map 512 512 182 284 41 438 238.26
3 maps/bgmaps/AR0600SR.map 512 512 210 151 199 157 13.49
101 maps/bgmaps/AR0600SR.map 512 512 440 192 177 269 406.09
64 maps/bgmaps/AR0600SR.map 512 512 60 425 275 344 256.84
23 maps/bgmaps/AR0600SR.map 512 512 186 273 154 343 95.25
20 maps/bgmaps/AR0600SR.map 512 512 230 326 168 280 81.05
69 maps/bgmaps/AR0600SR.map 512 512 405 322 152 352 276.20
89 maps/bgmaps/AR0600SR.map 512 512 330 113 199 347 357.35
30 maps/bgmaps/AR0600SR.map 512 512 256 343 145 352 122.18
110 maps/bgmaps/AR0600SR.map 512 512 439 188 139 350 440.49
13 maps/bgmaps/AR0600SR.map 512 512 186 356 208 310 55.11
66 maps/bgmaps/AR0600SR.map 512 512 154 376 212 152 265.04
96 maps/bgmaps/AR0600SR.map 512 512 453 247 168 253 387.03
62 maps/bgmaps/AR0600SR.map 512 512 364 345 404 154 251.15
38 maps/bgmaps/AR0600SR.map 512 512 172 190 293 115 153.82
48 maps/bgmaps/AR0600SR.map 512 512 232 139 186 296 192.20
99 maps/bgmaps/AR0600SR.map 512 512 421 170 189 283 396.36
118 maps/bgmaps/AR0600SR.map 512 512 125 373 386 136 472.72
22 maps/bgmaps/AR0600SR.map 512 512 314 112 235 141 91.60
99 maps/bgmaps/AR0600SR.map 512 512 176 328 437 192 396.18
43 maps/bgmaps/AR0600SR.map 512 512 178 178 219 331 172.47
8 maps/bgmaps/AR0600SR.map 512 512 115 417 90 398 32.87
29 maps/bgmaps/AR0600SR.map 512 512 440 184 433 295 118.87
66 maps/bgmaps/AR0600SR.map 512 512 173 360 409 314 266.41
62 maps/bgmaps/AR0600SR.map 512 512 346 127 421 309 251.35
38 maps/bgmaps/AR0600SR.map 512 512 176 346 171 207 154.33
12 maps/bgmaps/AR0600SR.map 512 512 183 172 165 215 50.46
0 maps/bgmaps/AR0600SR.map 512 512 206 305 204 308 3.83
37 maps/bgmaps/AR0600SR.map 512 512 447 231 367 338 151.27
33 maps/bgmaps/AR0600SR.map 512 512 86 410 185 326 133.79
74 maps/bgmaps/AR0600SR.map 512 512 67 443 315 347 298.53
69 maps/bgmaps/AR0600SR.map 512 512 294 346 70 449 276.61
85 maps/bgmaps/AR0600SR.map 512 512 144 380 434 285 343.05
23 maps/bgmaps/AR0600SR.map 512 512 197 326 165 246 93.25
58 maps/bgmaps/AR0600SR.map 512 512 342 345 127 361 232.40
23 maps/bgmaps/AR0600SR.map 512 512 123 405 171 330 94.88
63 maps/bgmaps/AR0600SR.map 512 512 209 338 240 129 255.87
66 maps/bgmaps/AR0600SR.map 512 512 58 436 161 247 266.13
68 maps/bgmaps/AR0600SR.map 512 512 188 337 260 119 273.62
30 maps/bgmaps/AR0600SR.map 512 512 135 376 236 326 121.71
47 maps/bgmaps/AR0600SR.map 512 512 74 427 180 299 188.29
114 maps/bgmaps/AR0600SR.map 512 512 132 375 375 139 456.79
61 maps/bgmaps/AR0600SR.map 512 512 295 353 179 183 244.79
76 maps/bgmaps/AR0600SR.map 512 512 201 340 285 111 307.01
32 maps/bgmaps/AR0600SR.map 512 512 110 388 210 313 131.07
68 maps/bgmaps/AR0600SR.map 512 512 394 327 153 377 273.07
46 maps/bgmaps/AR0600SR.map 512 512 224 136 393 148 185.57
18 maps/bgmaps/AR0600SR.map 512 512 141 372 99 427 72.40
31 maps/bgmaps/AR0600SR.map 512 512 181 334 160 224 127.81
10 maps/bgmaps/AR0600SR.map 512 512 177 193 195 160 40.46
25 maps/bgmaps/AR0600SR.map 512 512 331 116 236 132 101.63
48 maps/bgmaps/AR0600SR.map 512 512 189 170 189 350 194.08
24 maps/bgmaps/AR0600SR.map 512 512 78 432 154 376 99.20
2 maps/bgmaps/AR0600SR.map 512 512 143 356 134 357 9.41
62 maps/bgmaps/AR0600SR.map 512 512 165 234 351 346 250.21
10 maps/bgmaps/AR0600SR.map 512 512 169 246 186 281 42.04
127 maps/bgmaps/AR0600SR.map 512 512 84 405 368 140 511.80
42 maps/bgmaps/AR0600SR.map 512 512 96 402 172 286 171.08
5 maps/bgmaps/AR0600SR.map 512 512 66 430 75 447 20.73
12 maps/bgmaps/AR0600SR.map 512 512 188 334 148 354 48.28
127 maps/bgmaps/AR0600SR.map 512 512 88 416 371 132 510.87
19 maps/bgmaps/AR0600SR.map 512 512 288 108 226 144 78.67
59 maps/bgmaps/AR0600SR.map 512 512 172 235 332 116 237.41
46 maps/bgmaps/AR0600SR.map 512 512 447 207 305 117 184.55
20 maps/bgmaps/AR0600SR.map 512 512 154 347 221 315 80.25
20 maps/bgmaps/AR0600SR.map 512 512 304 354 378 338 80.63
92 maps/bgmaps/AR0600SR.map 512 512 447 207 196 301 369.05
33 maps/bgmaps/AR0600SR.map 512 512 164 243 249 336 134.65
63 maps/bgmaps/AR0600SR.map 512 512 249 125 224 311 252.18
65 maps/bgmaps/AR0600SR.map 512 512 315 348 87 406 263.62
66 maps/bgmaps/AR0600SR.map 512 512 175 249 58 450 264.13
73 maps/bgmaps/AR0600SR.map 512 512 174 192 419 160 293.84
27 maps/bgmaps/AR0600SR.map 512 512 240 136 339 129 109.46
92 maps/bgmaps/AR0600SR.map 512 512 237 336 343 121 371.78
11 maps/bgmaps/AR0600SR.map 512 512 339 125 377 140 44.21
26 maps/bgmaps/AR0600SR.map 512 512 126 370 64 452 107.68
112 maps/bgmaps/AR0600SR.map 512 512 439 199 127 370 449.78
57 maps/bgmaps/AR0600SR.map 512 512 227 141 196 335 229.51
28 maps/bgmaps/AR0600SR.map 512 512 130 381 187 294 114.75
19 maps/bgmaps/AR0600SR.map 512 512 266 340 204 305 76.50
57 maps/bgmaps/AR0600SR.map 512 512 97 415 160 239 228.61
27 maps/bgmaps/AR0600SR.map 512 512 314 117 217 145 108.60
94 maps/bgmaps/AR0600SR.map 512 512 132 363 449 262 377.81
10 maps/bgmaps/AR0600SR.map 512 512 141 358 119 391 42.11
87 maps/bgmaps/AR0600SR.map 512 512 136 387 433 287 351.53
76 maps/bgmaps/AR0600SR.map 512 512 345 348 373 141 307.19
53 maps/bgmaps/AR0600SR.map 512 512 187 280 66 432 212.71
20 maps/bgmaps/AR0600SR.map 512 512 171 257 206 324 81.50
110 maps/bgmaps/AR0600SR.map 512 512 301 118 95 427 443.56
62 maps/bgmaps/AR0600SR.map 512 512 387 335 390 134 249.81
70 maps/bgmaps/AR0600SR.map 512 512 357 122 169 255 281.17
37 maps/bgmaps/AR0600SR.map 512 512 237 132 167 247 149.85
27 maps/bgmaps/AR0600SR.map 512 512 364 130 443 199 110.51
5 maps/bgmaps/AR0600SR.map 512 512 105 414 84 421 23.90
61 maps/bgmaps/AR0600SR.map 512 512 184 349 405 318 244.61
20 maps/bgmaps/AR0600SR.map 512 512 175 266 212 334 83.33
33 maps/bgmaps/AR0600SR.map 512 512 119 381 187 286 132.58
20 maps/bgmaps/AR0600SR.map 512 512 147 355 221 332 83.53
80 maps/bgmaps/AR0600SR.map 512 512 132 361 419 304 321.97
68 maps/bgmaps/AR0600SR.map 512 512 442 277 204 334 275.31
112 maps/bgmaps/AR0600SR.map 512 512 124 396 354 122 451.89
102 maps/bgmaps/AR0600SR.map 512 512 189 353 424 175 410.95
12 maps/bgmaps/AR0600SR.map 512 512 315 110 269 119 49.73
90 maps/bgmaps/AR0600SR.map 512 512 160 357 315 119 360.22
69 maps/bgmaps/AR0600SR.map 512 512 66 442 166 227 278.55
33 maps/bgmaps/AR0600SR.map 512 512 216 149 337 117 134.25
40 maps/bgmaps/AR0600SR.map 512 512 250 345 171 217 162.48
94 maps/bgmaps/AR0600SR.map 512 512 444 269 120 361 379.32
82 maps/bgmaps/AR0600SR.map 512 512 388 330 176 194 330.11
56 maps/bgmaps/AR0600SR.map 512 512 142 347 189 167 225.27
101 maps/bgmaps/AR0600SR.map 512 512 128 360 327 108 405.33
20 maps/bgmaps/AR0600SR.map 512 512 163 368 229 330 81.74
9 maps/bgmaps/AR0600SR.map 512 512 188 287 214 316 39.77
8 maps/bgmaps/AR0600SR.map 512 512 371 125 399 137 32.97
45 maps/bgmaps/AR0600SR.map 512 512 92 428 223 308 180.71
57 maps/bgmaps/AR0600SR.map 512 512 329 351 121 370 229.95
13 maps/bgmaps/AR0600SR.map 512 512 230 327 192 288 55.33
98 maps/bgmaps/AR0600SR.map 512 512 63 452 394 329 392.72
18 maps/bgmaps/AR0600SR.map 512 512 224 302 175 355 73.30
21 maps/bgmaps/AR0600SR.map 512 512 254 337 185 293 87.23
95 maps/bgmaps/AR0600SR.map 512 512 331 112 163 363 383.88
18 maps/bgmaps/AR0600SR.map 512 512 212 304 157 347 72.81
98 maps/bgmaps/AR0600SR.map 512 512 308 116 126 383 394.55
78 maps/bgmaps/AR0600SR.map 512 512 433 284 157 336 312.41
10 maps/bgmaps/AR0600SR.map 512 512 253 121 293 117 41.66
3 maps/bgmaps/AR0600SR.map 512 512 119 372 130 378 13.49
85 maps/bgmaps/AR0600SR.map 512 512 332 117 181 331 343.35
24 maps/bgmaps/AR0600SR.map 512 512 175 250 237 299 99.91
70 maps/bgmaps/AR0600SR.map 512 512 304 114 430 294 280.01
35 maps/bgmaps/AR0600SR.map 512 512 177 335 75 435 143.42
67 maps/bgmaps/AR0600SR.map 512 512 87 409 176 198 269.56
18 maps/bgmaps/AR0600SR.map 512 512 170 355 189 290 75.36
17 maps/bgmaps/AR0600SR.map 512 512 256 347 325 353 71.49
127 maps/bgmaps/AR0600SR.map 512 512 83 421 367 126 511.46
11 maps/bgmaps/AR0600SR.map 512 512 194 298 230 325 47.18
54 maps/bgmaps/AR0600SR.map 512 512 398 321 219 302 216.61
126 maps/bgmaps/AR0600SR.map 512 512 446 206 85 433 507.97
38 maps/bgmaps/AR0600SR.map 512 512 266 126 173 224 155.85
19 maps/bgmaps/AR0600SR.map 512 512 169 362 228 313 79.30
5 maps/bgmaps/AR0600SR.map 512 512 111 402 99 383 23.97
17 maps/bgmaps/AR0600SR.map 512 512 219 324 280 345 69.70
5 maps/bgmaps/AR0600SR.map 512 512 197 340 177 332 23.31
86 maps/bgmaps/AR0600SR.map 512 512 72 444 193 161 347.20
27 maps/bgmaps/AR0600SR.map 512 512 166 257 240 330 108.34
13 maps/bgmaps/AR0600SR.map 512 512 223 141 183 171 52.43
15 maps/bgmaps/AR0600SR.map 512 512 132 378 80 405 63.18
15 maps/bgmaps/AR0600SR.map 512 512 262 339 229 303 62.70
9 maps/bgmaps/AR0600SR.map 512 512 164 336 201 332 38.66
56 maps/bgmaps/AR0600SR.map 512 512 235 329 62 455 225.19
4 maps/bgmaps/AR0600SR.map 512 512 320 121 304 116 18.07
23 maps/bgmaps/AR0600SR.map 512 512 225 300 167 245 95.81
44 maps/bgmaps/AR0600SR.map 512 512 48 444 176 327 176.46
31 maps/bgmaps/AR0600SR.map 512 512 269 342 157 356 124.43
52 maps/bgmaps/AR0600SR.map 512 512 76 454 224 313 208.16
45 maps/bgmaps/AR0600SR.map 512 512 234 328 399 322 183.23
29 maps/bgmaps/AR0600SR.map 512 512 345 131 237 135 117.70
51 maps/bgmaps/AR0600SR.map 512 512 313 119 162 219 205.31
8 maps/bgmaps/AR0600SR.map 512 512 274 120 307 114 35.49
68 maps/bgmaps/AR0600SR.map 512 512 412 315 176 286 274.52
10 maps/bgmaps/AR0600SR.map 512 512 208 334 169 344 43.14
76 maps/bgmaps/AR0600SR.map 512 512 190 341 446 263 307.87
38 maps/bgmaps/AR0600SR.map 512 512 190 318 181 173 155.36
111 maps/bgmaps/AR0600SR.map 512 512 106 379 344 120 447.23
41 maps/bgmaps/AR0600SR.map 512 512 123 368 175 248 166.17
110 maps/bgmaps/AR0600SR.map 512 512 337 119 110 389 440.79
75 maps/bgmaps/AR0600SR.map 512 512 445 266 197 316 302.01
78 maps/bgmaps/AR0600SR.map 512 512 388 140 175 250 312.14
29 maps/bgmaps/AR0600SR.map 512 512 67 463 117 366 117.71
120 maps/bgmaps/AR0600SR.map 512 512 300 120 62 454 482.40
87 maps/bgmaps/AR0600SR.map 512 512 428 181 235 337 348.18
19 maps/bgmaps/AR0600SR.map 512 512 219 318 176 256 79.81
4 maps/bgmaps/AR0600SR.map 512 512 178 345 192 331 19.80
9 maps/bgmaps/AR0600SR.map 512 512 148 346 116 365 39.87
71 maps/bgmaps/AR0600SR.map 512 512 377 334 362 129 285.36
45 maps/bgmaps/AR0600SR.map 512 512 394 140 224 134 182.43
56 maps/bgmaps/AR0600SR.map 512 512 325 356 122 363 224.12
41 maps/bgmaps/AR0600SR.map 512 512 217 312 185 170 165.30
76 maps/bgmaps/AR0600SR.map 512 512 58 439 165 206 306.72
58 maps/bgmaps/AR0600SR.map 512 512 451 206 318 356 234.38
79 maps/bgmaps/AR0600SR.map 512 512 205 339 449 239 317.28
43 maps/bgmaps/AR0600SR.map 512 512 225 332 95 434 173.42
57 maps/bgmaps/AR0600SR.map 512 512 104 379 307 351 228.68
105 maps/bgmaps/AR0600SR.map 512 512 447 213 142 378 421.61
22 maps/bgmaps/AR0600SR.map 512 512 231 304 178 249 91.60
4 maps/bgmaps/AR0600SR.map 512 512 158 368 162 350 19.66
126 maps/bgmaps/AR0600SR.map 512 512 75 421 453 215 506.90
79 maps/bgmaps/AR0600SR.map 512 512 290 113 170 342 318.56
13 maps/bgmaps/AR0600SR.map 512 512 115 387 151 346 55.91
81 maps/bgmaps/AR0600SR.map 512 512 183 270 440 280 325.43
68 maps/bgmaps/AR0600SR.map 512 512 147 360 395 323 275.85
2 maps/bgmaps/AR0600SR.map 512 512 207 322 208 311 11.41
81 maps/bgmaps/AR0600SR.map 512 512 176 196 47 443 325.65
55 maps/bgmaps/AR0600SR.map 512 512 260 350 189 172 223.69
13 maps/bgmaps/AR0600SR.map 512 512 99 431 134 390 55.50
95 maps/bgmaps/AR0600SR.map 512 512 447 200 184 319 380.59
94 maps/bgmaps/AR0600SR.map 512 512 134 371 305 120 376.92
13 maps/bgmaps/AR0600SR.map 512 512 211 153 249 120 52.84
28 maps/bgmaps/AR0600SR.map 512 512 109 397 203 344 115.95
81 maps/bgmaps/AR0600SR.map 512 512 437 278 154 345 326.79
3 maps/bgmaps/AR0600SR.map 512 512 170 231 175 218 15.07
61 maps/bgmaps/AR0600SR.map 512 512 75 422 160 243 247.75
28 maps/bgmaps/AR0600SR.map 512 512 82 416 171 357 113.44
80 maps/bgmaps/AR0600SR.map 512 512 50 438 168 198 321.06
97 maps/bgmaps/AR0600SR.map 512 512 349 131 291 352 390.99
13 maps/bgmaps/AR0600SR.map 512 512 128 366 173 342 54.94
31 maps/bgmaps/AR0600SR.map 512 512 401 147 289 112 126.50
68 maps/bgmaps/AR0600SR.map 512 512 372 338 134 397 275.55
59 maps/bgmaps/AR0600SR.map 512 512 186 179 141 386 239.72
126 maps/bgmaps/AR0600SR.map 512 512 112 377 400 148 506.35
85 maps/bgmaps/AR0600SR.map 512 512 195 346 321 119 343.21
82 maps/bgmaps/AR0600SR.map 512 512 137 348 433 294 329.14
120 maps/bgmaps/AR0600SR.map 512 512 379 128 116 394 480.69
46 maps/bgmaps/AR0600SR.map 512 512 229 309 99 433 184.29
33 maps/bgmaps/AR0600SR.map 512 512 193 309 99 396 134.14
70 maps/bgmaps/AR0600SR.map 512 512 383 336 127 368 280.02
97 maps/bgmaps/AR0600SR.map 512 512 387 134 210 317 390.15
4 maps/bgmaps/AR0600SR.map 512 512 259 125 274 113 19.97
25 maps/bgmaps/AR0600SR.map 512 512 428 170 347 117 102.95
101 maps/bgmaps/AR0600SR.map 512 512 167 209 450 245 405.72
83 maps/bgmaps/AR0600SR.map 512 512 156 359 285 116 335.12
8 maps/bgmaps/AR0600SR.map 512 512 95 429 65 419 34.14
79 maps/bgmaps/AR0600SR.map 512 512 312 118 202 325 316.52
49 maps/bgmaps/AR0600SR.map 512 512 134 362 164 208 197.24
28 maps/bgmaps/AR0600SR.map 512 512 452 248 384 329 115.61
46 maps/bgmaps/AR0600SR.map 512 512 205 301 90 441 187.63
73 maps/bgmaps/AR0600SR.map 512 512 249 337 254 127 292.12
17 maps/bgmaps/AR0600SR.map 512 512 188 281 193 350 71.07
9 maps/bgmaps/AR0600SR.map 512 512 68 425 96 398 39.18
22 maps/bgmaps/AR0600SR.map 512 512 146 343 188 284 91.43
64 maps/bgmaps/AR0600SR.map 512 512 347 350 414 161 259.08
121 maps/bgmaps/AR0600SR.map 512 512 396 142 129 383 487.10
57 maps/bgmaps/AR0600SR.map 512 512 283 350 174 182 231.31
4 maps/bgmaps/AR0600SR.map 512 512 93 397 91 416 19.83
26 maps/bgmaps/AR0600SR.map 512 512 173 205 237 127 107.44
35 maps/bgmaps/AR0600SR.map 512 512 185 171 302 109 142.68
44 maps/bgmaps/AR0600SR.map 512 512 220 134 386 141 178.84
88 maps/bgmaps/AR0600SR.map 512 512 71 420 203 146 353.30
2 maps/bgmaps/AR0600SR.map 512 512 163 348 153 347 10.41
52 maps/bgmaps/AR0600SR.map 512 512 187 299 56 449 210.75
21 maps/bgmaps/AR0600SR.map 512 512 79 436 122 367 86.81
63 maps/bgmaps/AR0600SR.map 512 512 64 437 165 253 252.89
35 maps/bgmaps/AR0600SR.map 512 512 196 302 120 411 140.48
37 maps/bgmaps/AR0600SR.map 512 512 199 153 337 121 151.25
65 maps/bgmaps/AR0600SR.map 512 512 165 208 87 405 261.63
98 maps/bgmaps/AR0600SR.map 512 512 441 199 182 296 394.78
35 maps/bgmaps/AR0600SR.map 512 512 188 349 81 431 140.97
9 maps/bgmaps/AR0600SR.map 512 512 174 342 204 319 39.53
9 maps/bgmaps/AR0600SR.map 512 512 109 392 91 424 39.46
81 maps/bgmaps/AR0600SR.map 512 512 258 337 277 119 327.43
66 maps/bgmaps/AR0600SR.map 512 512 97 425 319 352 267.15
126 maps/bgmaps/AR0600SR.map 512 512 409 160 129 389 507.07
3 maps/bgmaps/AR0600SR.map 512 512 99 403 113 399 15.66
26 maps/bgmaps/AR0600SR.map 512 512 211 310 166 221 107.64
43 maps/bgmaps/AR0600SR.map 512 512 111 393 256 347 174.82
120 maps/bgmaps/AR0600SR.map 512 512 400 142 135 375 480.62
64 maps/bgmaps/AR0600SR.map 512 512 237 293 242 130 257.76
120 maps/bgmaps/AR0600SR.map 512 512 371 133 112 399 481.42
70 maps/bgmaps/AR0600SR.map 512 512 69 449 167 227 283.30
124 maps/bgmaps/AR0600SR.map 512 512 103 421 439 196 497.90
3 maps/bgmaps/AR0600SR.map 512 512 381 145 396 147 15.83
46 maps/bgmaps/AR0600SR.map 512 512 266 349 109 391 186.82
65 maps/bgmaps/AR0600SR.map 512 512 345 129 164 243 262.14
60 maps/bgmaps/AR0600SR.map 512 512 161 242 89 429 242.50
68 maps/bgmaps/AR0600SR.map 512 512 181 186 107 417 275.74
98 maps/bgmaps/AR0600SR.map 512 512 46 445 209 144 393.14
54 maps/bgmaps/AR0600SR.map 512 512 180 340 209 148 218.10
48 maps/bgmaps/AR0600SR.map 512 512 71 445 209 307 195.16
67 maps/bgmaps/AR0600SR.map 512 512 327 112 423 304 270.74
15 maps/bgmaps/AR0600SR.map 512 512 170 361 125 398 60.33
123 maps/bgmaps/AR0600SR.map 512 512 356 128 89 416 493.22
9 maps/bgmaps/AR0600SR.map 512 512 170 336 204 324 38.97
32 maps/bgmaps/AR0600SR.map 512 512 65 456 156 363 130.69
57 maps/bgmaps/AR0600SR.map 512 512 178 266 84 447 231.53
40 maps/bgmaps/AR0600SR.map 512 512 288 119 172 205 162.17
71 maps/bgmaps/AR0600SR.map 512 512 184 184 420 165 284.76
41 maps/bgmaps/AR0600SR.map 512 512 198 299 91 420 165.32
79 maps/bgmaps/AR0600SR.map 512 512 314 116 192 329 319.21
96 maps/bgmaps/AR0600SR.map 512 512 433 176 180 261 385.12
63 maps/bgmaps/AR0600SR.map 512 512 195 309 418 307 255.31
38 maps/bgmaps/AR0600SR.map 512 512 179 190 231 301 154.74
28 maps/bgmaps/AR0600SR.map 512 512 201 342 108 396 115.37
1 maps/bgmaps/AR0600SR.map 512 512 164 341 157 339 7.83
32 maps/bgmaps/AR0600SR.map 512 512 174 234 162 343 131.23
9 maps/bgmaps/AR0600SR.map 512 512 302 117 263 118 39.41
96 maps/bgmaps/AR0600SR.map 512 512 218 309 381 137 384.81
124 maps/bgmaps/AR0600SR.map 512 512 82 429 346 127 496.36
30 maps/bgmaps/AR0600SR.map 512 512 176 346 86 428 123.97
22 maps/bgmaps/AR0600SR.map 512 512 128 396 64 457 89.27
8 maps/bgmaps/AR0600SR.map 512 512 85 421 117 413 35.31
65 maps/bgmaps/AR0600SR.map 512 512 441 199 222 141 262.87
99 maps/bgmaps/AR0600SR.map 512 512 370 126 197 351 398.45
30 maps/bgmaps/AR0600SR.map 512 512 353 119 236 134 123.21
3 maps/bgmaps/AR0600SR.map 512 512 440 196 443 210 15.24
1 maps/bgmaps/AR0600SR.map 512 512 189 343 188 350 7.41
28 maps/bgmaps/AR0600SR.map 512 512 174 355 273 354 115.98
40 maps/bgmaps/AR0600SR.map 512 512 371 132 449 256 162.17
1 maps/bgmaps/AR0600SR.map 512 512 153 350 148 355 7.07
67 maps/bgmaps/AR0600SR.map 512 512 165 252 48 440 271.13
1 maps/bgmaps/AR0600SR.map 512 512 108 384 113 379 7.07
80 maps/bgmaps/AR0600SR.map 512 512 242 128 139 386 321.19
25 maps/bgmaps/AR0600SR.map 512 512 80 414 159 359 101.78
41 maps/bgmaps/AR0600SR.map 512 512 145 358 294 347 164.33
85 maps/bgmaps/AR0600SR.map 512 512 361 342 75 452 342.33
21 maps/bgmaps/AR0600SR.map 512 512 110 380 186 353 87.18
21 maps/bgmaps/AR0600SR.map 512 512 181 350 115 398 85.88
1 maps/bgmaps/AR0600SR.map 512 512 83 412 79 417 6.66
37 maps/bgmaps/AR0600SR.map 512 512 351 133 449 223 148.75
39 maps/bgmaps/AR0600SR.map 512 512 248 336 117 398 158.34
80 maps/bgmaps/AR0600SR.map 512 512 291 109 193 351 321.52
52 maps/bgmaps/AR0600SR.map 512 512 196 156 236 333 211.55
64 maps/bgmaps/AR0600SR.map 512 512 231 291 250 132 259.76
22 maps/bgmaps/AR0600SR.map 512 512 226 293 166 359 90.85
56 maps/bgmaps/AR0600SR.map 512 512 277 124 449 219 224.14
107 maps/bgmaps/AR0600SR.map 512 512 195 329 413 149 428.15
83 maps/bgmaps/AR0600SR.map 512 512 252 129 425 295 335.84
15 maps/bgmaps/AR0600SR.map 512 512 68 421 121 397 62.94
91 maps/bgmaps/AR0600SR.map 512 512 227 141 349 345 364.29
15 maps/bgmaps/AR0600SR.map 512 512 195 321 155 366 61.57
65 maps/bgmaps/AR0600SR.map 512 512 266 344 446 224 263.82
21 maps/bgmaps/AR0600SR.map 512 512 207 304 170 233 86.91
28 maps/bgmaps/AR0600SR.map 512 512 230 141 160 220 115.02
0 maps/bgmaps/AR0600SR.map 512 512 437 195 438 198 3.41
15 maps/bgmaps/AR0600SR.map 512 512 189 337 140 371 63.08
73 maps/bgmaps/AR0600SR.map 512 512 260 129 244 337 292.29
86 maps/bgmaps/AR0600SR.map 512 512 419 308 173 220 344.63
126 maps/bgmaps/AR0600SR.map 512 512 391 137 117 405 507.00
15 maps/bgmaps/AR0600SR.map 512 512 174 290 169 330 63.43
40 maps/bgmaps/AR0600SR.map 512 512 271 340 417 313 162.98
124 maps/bgmaps/AR0600SR.map 512 512 103 388 384 136 498.93
75 maps/bgmaps/AR0600SR.map 512 512 348 346 89 425 302.49
0 maps/bgmaps/AR0600SR.map 512 512 198 332 195 333 3.41
41 maps/bgmaps/AR0600SR.map 512 512 167 367 311 351 165.30
0 maps/bgmaps/AR0600SR.map 512 512 439 197 441 200 3.83
35 maps/bgmaps/AR0600SR.map 512 512 213 305 103 387 143.97
28 maps/bgmaps/AR0600SR.map 512 512 170 338 96 422 114.65
99 maps/bgmaps/AR0600SR.map 512 512 358 134 273 351 398.33
84 maps/bgmaps/AR0600SR.map 512 512 406 160 162 245 338.81
19 maps/bgmaps/AR0600SR.map 512 512 95 433 133 371 77.74
21 maps/bgmaps/AR0600SR.map 512 512 362 125 277 119 87.49
19 maps/bgmaps/AR0600SR.map 512 512 185 279 239 333 78.71
75 maps/bgmaps/AR0600SR.map 512 512 165 251 407 317 301.22
0 maps/bgmaps/AR0600SR.map 512 512 181 354 181 357 3.00
0 maps/bgmaps/AR0600SR.map 512 512 325 113 322 113 3.00
67 maps/bgmaps/AR0600SR.map 512 512 183 173 107 395 271.66
0 maps/bgmaps/AR0600SR.map 512 512 136 354 138 352 2.83
0 maps/bgmaps/AR0600SR.map 512 512 403 323 401 326 3.83
67 maps/bgmaps/AR0600SR.map 512 512 432 289 194 339 271.24
0 maps/bgmaps/AR0600SR.map 512 512 128 391 126 393 2.83
28 maps/bgmaps/AR0600SR.map 512 512 130 362 230 328 114.08
110 maps/bgmaps/AR0600SR.map 512 512 285 113 82 432 440.01
19 maps/bgmaps/AR0600SR.map 512 512 103 399 40 439 79.57
71 maps/bgmaps/AR0600SR.map 512 512 292 354 54 433 287.29
19 maps/bgmaps/AR0600SR.map 512 512 189 320 166 253 79.01
84 maps/bgmaps/AR0600SR.map 512 512 384 332 93 423 339.46
90 maps/bgmaps/AR0600SR.map 512 512 282 122 382 335 363.68
64 maps/bgmaps/AR0600SR.map 512 512 97 416 164 208 258.95
75 maps/bgmaps/AR0600SR.map 512 512 180 292 342 124 303.58
92 maps/bgmaps/AR0600SR.map 512 512 276 350 379 144 369.78
61 maps/bgmaps/AR0600SR.map 512 512 248 131 222 307 245.04
42 maps/bgmaps/AR0600SR.map 512 512 72 451 180 326 169.74
99 maps/bgmaps/AR0600SR.map 512 512 322 118 140 380 398.92
56 maps/bgmaps/AR0600SR.map 512 512 302 349 116 414 227.11
26 maps/bgmaps/AR0600SR.map 512 512 145 363 176 283 106.68
104 maps/bgmaps/AR0600SR.map 512 512 237 128 72 460 417.94
59 maps/bgmaps/AR0600SR.map 512 512 177 187 376 145 239.55
99 maps/bgmaps/AR0600SR.map 512 512 234 335 394 149 398.43
59 maps/bgmaps/AR0600SR.map 512 512 230 298 53 443 237.06
43 maps/bgmaps/AR0600SR.map 512 512 172 193 245 331 175.27
26 maps/bgmaps/AR0600SR.map 512 512 372 135 273 114 107.70
83 maps/bgmaps/AR0600SR.map 512 512 254 122 137 385 335.50
54 maps/bgmaps/AR0600SR.map 512 512 211 151 405 149 217.20
84 maps/bgmaps/AR0600SR.map 512 512 152 349 294 120 338.81
73 maps/bgmaps/AR0600SR.map 512 512 74 417 325 356 294.49
44 maps/bgmaps/AR0600SR.map 512 512 99 400 248 335 176.75
59 maps/bgmaps/AR0600SR.map 512 512 145 343 371 341 237.60
49 maps/bgmaps/AR0600SR.map 512 512 65 436 209 304 198.68
75 maps/bgmaps/AR0600SR.map 512 512 153 370 420 309 303.04
83 maps/bgmaps/AR0600SR.map 512 512 234 289 313 111 335.29
84 maps/bgmaps/AR0600SR.map 512 512 363 343 77 440 336.95
32 maps/bgmaps/AR0600SR.map 512 512 215 150 334 119 131.84
108 maps/bgmaps/AR0600SR.map 512 512 56 431 426 298 435.86
94 maps/bgmaps/AR0600SR.map 512 512 207 339 358 122 376.94
48 maps/bgmaps/AR0600SR.map 512 512 108 411 267 343 194.62
76 maps/bgmaps/AR0600SR.map 512 512 129 388 228 142 307.53
52 maps/bgmaps/AR0600SR.map 512 512 197 163 175 350 210.20
118 maps/bgmaps/AR0600SR.map 512 512 432 190 129 399 473.45
55 maps/bgmaps/AR0600SR.map 512 512 152 348 189 161 221.68
50 maps/bgmaps/AR0600SR.map 512 512 445 225 306 115 201.55
81 maps/bgmaps/AR0600SR.map 512 512 172 340 303 122 325.01
45 maps/bgmaps/AR0600SR.map 512 512 187 321 67 455 183.71
74 maps/bgmaps/AR0600SR.map 512 512 75 438 172 197 297.75
84 maps/bgmaps/AR0600SR.map 512 512 222 146 100 416 339.89
32 maps/bgmaps/AR0600SR.map 512 512 272 350 159 363 131.64
39 maps/bgmaps/AR0600SR.map 512 512 242 290 126 396 159.91
107 maps/bgmaps/AR0600SR.map 512 512 170 362 431 177 428.78
42 maps/bgmaps/AR0600SR.map 512 512 57 452 173 329 171.05
115 maps/bgmaps/AR0600SR.map 512 512 163 358 410 157 462.82
87 maps/bgmaps/AR0600SR.map 512 512 185 167 55 441 349.55
92 maps/bgmaps/AR0600SR.map 512 512 438 190 236 305 371.98
97 maps/bgmaps/AR0600SR.map 512 512 347 346 251 131 390.02
98 maps/bgmaps/AR0600SR.map 512 512 412 150 199 293 393.81
107 maps/bgmaps/AR0600SR.map 512 512 187 327 414 159 428.12
86 maps/bgmaps/AR0600SR.map 512 512 239 298 325 119 345.25
107 maps/bgmaps/AR0600SR.map 512 512 451 234 121 391 428.65
112 maps/bgmaps/AR0600SR.map 512 512 101 414 322 120 448.24
105 maps/bgmaps/AR0600SR.map 512 512 303 120 106 410 423.17
98 maps/bgmaps/AR0600SR.map 512 512 326 122 145 376 395.19
106 maps/bgmaps/AR0600SR.map 512 512 115 364 449 232 424.63
94 maps/bgmaps/AR0600SR.map 512 512 431 186 200 335 378.59
73 maps/bgmaps/AR0600SR.map 512 512 189 163 117 412 292.91
84 maps/bgmaps/AR0600SR.map 512 512 323 348 226 134 339.78
91 maps/bgmaps/AR0600SR.map 512 512 242 135 88 399 365.30
63 maps/bgmaps/AR0600SR.map 512 512 123 357 361 345 253.74
115 maps/bgmaps/AR0600SR.map 512 512 137 372 385 143 462.20
97 maps/bgmaps/AR0600SR.map 512 512 148 351 339 125 389.05
58 maps/bgmaps/AR0600SR.map 512 512 55 447 242 336 234.63
113 maps/bgmaps/AR0600SR.map 512 512 372 139 126 364 455.23
104 maps/bgmaps/AR0600SR.map 512 512 348 131 136 362 417.09
50 maps/bgmaps/AR0600SR.map 512 512 187 162 165 337 202.30
87 maps/bgmaps/AR0600SR.map 512 512 373 338 310 110 350.89
73 maps/bgmaps/AR0600SR.map 512 512 269 120 244 297 294.25
63 maps/bgmaps/AR0600SR.map 512 512 60 447 167 258 255.20
73 maps/bgmaps/AR0600SR.map 512 512 162 228 391 133 295.62
114 maps/bgmaps/AR0600SR.map 512 512 439 269 68 427 456.59
121 maps/bgmaps/AR0600SR.map 512 512 386 148 119 375 485.10
53 maps/bgmaps/AR0600SR.map 512 512 165 242 110 412 215.15
43 maps/bgmaps/AR0600SR.map 512 512 196 304 351 347 172.81
87 maps/bgmaps/AR0600SR.map 512 512 453 247 178 361 348.81
63 maps/bgmaps/AR0600SR.map 512 512 172 218 366 129 254.82
53 maps/bgmaps/AR0600SR.map 512 512 382 143 193 165 215.51
56 maps/bgmaps/AR0600SR.map 512 512 220 136 183 334 227.41
95 maps/bgmaps/AR0600SR.map 512 512 299 112 129 381 383.96
48 maps/bgmaps/AR0600SR.map 512 512 387 136 214 153 192.81
80 maps/bgmaps/AR0600SR.map 512 512 362 129 193 284 323.62
76 maps/bgmaps/AR0600SR.map 512 512 168 238 403 321 307.32
72 maps/bgmaps/AR0600SR.map 512 512 128 374 219 140 289.88
102 maps/bgmaps/AR0600SR.map 512 512 105 420 281 123 410.35
59 maps/bgmaps/AR0600SR.map 512 512 400 319 196 300 236.24
53 maps/bgmaps/AR0600SR.map 512 512 72 412 236 288 215.36
106 maps/bgmaps/AR0600SR.map 512 512 90 434 272 117 424.04
58 maps/bgmaps/AR0600SR.map 512 512 228 139 209 334 235.72
107 maps/bgmaps/AR0600SR.map 512 512 140 360 364 131 428.26
58 maps/bgmaps/AR0600SR.map 512 512 319 354 111 381 235.75
118 maps/bgmaps/AR0600SR.map 512 512 372 139 117 387 473.76
79 maps/bgmaps/AR0600SR.map 512 512 277 349 428 164 319.87
95 maps/bgmaps/AR0600SR.map 512 512 253 345 397 139 381.71
48 maps/bgmaps/AR0600SR.map 512 512 192 334 378 337 195.53
78 maps/bgmaps/AR0600SR.map 512 512 221 146 305 355 314.71
61 maps/bgmaps/AR0600SR.map 512 512 87 412 161 229 245.19
92 maps/bgmaps/AR0600SR.map 512 512 164 216 431 292 371.58
81 maps/bgmaps/AR0600SR.map 512 512 246 335 286 113 326.09
79 maps/bgmaps/AR0600SR.map 512 512 390 326 162 217 316.91
43 maps/bgmaps/AR0600SR.map 512 512 207 321 85 444 174.12
41 maps/bgmaps/AR0600SR.map 512 512 166 242 149 378 164.58
54 maps/bgmaps/AR0600SR.map 512 512 66 457 180 298 217.33
63 maps/bgmaps/AR0600SR.map 512 512 395 153 370 344 254.74
57 maps/bgmaps/AR0600SR.map 512 512 183 172 134 360 231.17
102 maps/bgmaps/AR0600SR.map 512 512 98 405 436 275 410.23
39 maps/bgmaps/AR0600SR.map 512 512 124 363 265 349 159.23
92 maps/bgmaps/AR0600SR.map 512 512 448 248 143 343 371.52
48 maps/bgmaps/AR0600SR.map 512 512 258 335 99 416 193.38
71 maps/bgmaps/AR0600SR.map 512 512 437 290 288 122 285.79
56 maps/bgmaps/AR0600SR.map 512 512 106 404 295 355 226.69
98 maps/bgmaps/AR0600SR.map 512 512 96 402 271 117 395.00
56 maps/bgmaps/AR0600SR.map 512 512 302 353 110 401 227.62
89 maps/bgmaps/AR0600SR.map 512 512 416 307 109 402 357.71
75 maps/bgmaps/AR0600SR.map 512 512 411 316 311 114 302.88
45 maps/bgmaps/AR0600SR.map 512 512 159 335 335 351 183.46
60 maps/bgmaps/AR0600SR.map 512 512 215 149 179 358 240.92
60 maps/bgmaps/AR0600SR.map 512 512 91 435 169 245 241.36
74 maps/bgmaps/AR0600SR.map 512 512 76 440 324 352 299.36
50 maps/bgmaps/AR0600SR.map 512 512 64 453 211 318 202.92
98 maps/bgmaps/AR0600SR.map 512 512 171 204 447 242 394.82
113 maps/bgmaps/AR0600SR.map 512 512 346 129 108 393 455.10
100 maps/bgmaps/AR0600SR.map 512 512 424 169 201 323 401.63
124 maps/bgmaps/AR0600SR.map 512 512 93 417 366 124 498.56
121 maps/bgmaps/AR0600SR.map 512 512 424 176 117 365 486.92
92 maps/bgmaps/AR0600SR.map 512 512 237 135 102 428 370.62
106 maps/bgmaps/AR0600SR.map 512 512 130 375 346 126 424.40
74 maps/bgmaps/AR0600SR.map 512 512 203 339 445 260 296.62
39 maps/bgmaps/AR0600SR.map 512 512 116 373 178 262 159.99
37 maps/bgmaps/AR0600SR.map 512 512 190 335 81 432 149.18
55 maps/bgmaps/AR0600SR.map 512 512 191 335 399 325 222.91
83 maps/bgmaps/AR0600SR.map 512 512 338 116 203 315 333.76
104 maps/bgmaps/AR0600SR.map 512 512 178 336 398 137 419.74
47 maps/bgmaps/AR0600SR.map 512 512 163 237 117 374 190.62
61 maps/bgmaps/AR0600SR.map 512 512 346 345 429 166 246.79
89 maps/bgmaps/AR0600SR.map 512 512 299 347 371 137 356.43
55 maps/bgmaps/AR0600SR.map 512 512 66 425 236 300 221.78
52 maps/bgmaps/AR0600SR.map 512 512 451 213 285 119 211.38
63 maps/bgmaps/AR0600SR.map 512 512 323 347 101 401 255.14
39 maps/bgmaps/AR0600SR.map 512 512 200 335 74 415 159.14
55 maps/bgmaps/AR0600SR.map 512 512 216 150 239 299 222.99
42 maps/bgmaps/AR0600SR.map 512 512 176 194 187 354 169.53
45 maps/bgmaps/AR0600SR.map 512 512 406 319 419 163 183.75
84 maps/bgmaps/AR0600SR.map 512 512 167 366 442 263 339.56
87 maps/bgmaps/AR0600SR.map 512 512 318 122 183 356 351.45
51 maps/bgmaps/AR0600SR.map 512 512 174 248 95 399 207.42
63 maps/bgmaps/AR0600SR.map 512 512 161 223 80 406 255.71
55 maps/bgmaps/AR0600SR.map 512 512 222 301 54 433 222.68
122 maps/bgmaps/AR0600SR.map 512 512 66 458 449 254 490.57
89 maps/bgmaps/AR0600SR.map 512 512 298 115 262 347 358.23
61 maps/bgmaps/AR0600SR.map 512 512 197 323 250 125 247.55
44 maps/bgmaps/AR0600SR.map 512 512 221 333 78 419 178.62
71 maps/bgmaps/AR0600SR.map 512 512 90 401 341 350 285.38
44 maps/bgmaps/AR0600SR.map 512 512 168 247 266 129 179.68
97 maps/bgmaps/AR0600SR.map 512 512 437 287 110 416 391.20
48 maps/bgmaps/AR0600SR.map 512 512 263 348 107 413 194.52
94 maps/bgmaps/AR0600SR.map 512 512 374 127 220 298 376.66
103 maps/bgmaps/AR0600SR.map 512 512 384 142 224 334 413.26
62 maps/bgmaps/AR0600SR.map 512 512 277 126 191 302 250.65
62 maps/bgmaps/AR0600SR.map 512 512 420 304 235 296 251.31
74 maps/bgmaps/AR0600SR.map 512 512 178 283 429 296 298.63
96 maps/bgmaps/AR0600SR.map 512 512 418 306 89 421 387.40
50 maps/bgmaps/AR0600SR.map 512 512 208 322 55 445 203.95
38 maps/bgmaps/AR0600SR.map 512 512 123 375 171 264 154.72
101 maps/bgmaps/AR0600SR.map 512 512 196 348 375 139 405.42
84 maps/bgmaps/AR0600SR.map 512 512 223 306 334 120 336.18
92 maps/bgmaps/AR0600SR.map 512 512 75 426 224 136 371.07
53 maps/bgmaps/AR0600SR.map 512 512 397 330 410 151 214.21
62 maps/bgmaps/AR0600SR.map 512 512 446 244 259 351 251.24
101 maps/bgmaps/AR0600SR.map 512 512 150 359 451 216 404.39
86 maps/bgmaps/AR0600SR.map 512 512 439 202 220 314 347.74
55 maps/bgmaps/AR0600SR.map 512 512 177 198 291 348 222.89
51 maps/bgmaps/AR0600SR.map 512 512 97 417 262 349 205.59
50 maps/bgmaps/AR0600SR.map 512 512 350 346 175 279 203.58
38 maps/bgmaps/AR0600SR.map 512 512 147 361 173 233 155.10
44 maps/bgmaps/AR0600SR.map 512 512 209 324 188 164 179.47
61 maps/bgmaps/AR0600SR.map 512 512 179 268 382 332 247.79
42 maps/bgmaps/AR0600SR.map 512 512 213 315 94 437 171.88
44 maps/bgmaps/AR0600SR.map 512 512 195 331 189 168 177.08
110 maps/bgmaps/AR0600SR.map 512 512 434 185 141 349 443.15
53 maps/bgmaps/AR0600SR.map 512 512 180 273 74 431 214.19
72 maps/bgmaps/AR0600SR.map 512 512 433 286 192 299 289.08
73 maps/bgmaps/AR0600SR.map 512 512 376 126 161 243 293.14
61 maps/bgmaps/AR0600SR.map 512 512 287 354 89 433 247.29
82 maps/bgmaps/AR0600SR.map 512 512 331 117 217 309 329.66
86 maps/bgmaps/AR0600SR.map 512 512 438 200 214 333 347.69
126 maps/bgmaps/AR0600SR.map 512 512 338 126 73 445 507.67
38 maps/bgmaps/AR0600SR.map 512 512 109 392 191 279 152.48
86 maps/bgmaps/AR0600SR.map 512 512 366 338 77 442 344.02
126 maps/bgmaps/AR0600SR.map 512 512 318 117 47 437 505.50
78 maps/bgmaps/AR0600SR.map 512 512 77 413 184 167 315.53
60 maps/bgmaps/AR0600SR.map 512 512 96 418 167 228 240.12
47 maps/bgmaps/AR0600SR.map 512 512 162 338 187 177 190.71
84 maps/bgmaps/AR0600SR.map 512 512 178 282 446 264 337.50
104 maps/bgmaps/AR0600SR.map 512 512 384 148 240 296 417.36
42 maps/bgmaps/AR0600SR.map 512 512 82 435 203 315 170.71
42 maps/bgmaps/AR0600SR.map 512 512 196 308 78 428 170.63
54 maps/bgmaps/AR0600SR.map 512 512 123 400 170 219 218.69
73 maps/bgmaps/AR0600SR.map 512 512 450 234 229 338 294.97
71 maps/bgmaps/AR0600SR.map 512 512 325 347 78 416 286.35
90 maps/bgmaps/AR0600SR.map 512 512 111 398 423 308 360.05
91 maps/bgmaps/AR0600SR.map 512 512 311 122 140 351 367.81
72 maps/bgmaps/AR0600SR.map 512 512 442 197 270 353 289.72
73 maps/bgmaps/AR0600SR.map 512 512 97 421 347 345 292.25
96 maps/bgmaps/AR0600SR.map 512 512 272 121 113 408 386.86
61 maps/bgmaps/AR0600SR.map 512 512 196 290 279 116 246.87
109 maps/bgmaps/AR0600SR.map 512 512 363 129 148 382 439.85
55 maps/bgmaps/AR0600SR.map 512 512 222 302 54 437 223.92
103 maps/bgmaps/AR0600SR.map 512 512 357 126 146 362 414.02
72 maps/bgmaps/AR0600SR.map 512 512 386 331 118 362 291.61
83 maps/bgmaps/AR0600SR.map 512 512 346 345 348 127 335.75
55 maps/bgmaps/AR0600SR.map 512 512 234 305 407 316 223.92
119 maps/bgmaps/AR0600SR.map 512 512 89 404 453 223 477.86
95 maps/bgmaps/AR0600SR.map 512 512 127 361 308 120 382.78
47 maps/bgmaps/AR0600SR.map 512 512 75 426 218 311 190.63
55 maps/bgmaps/AR0600SR.map 512 512 121 394 165 212 222.59
89 maps/bgmaps/AR0600SR.map 512 512 348 124 230 296 359.66
126 maps/bgmaps/AR0600SR.map 512 512 125 405 390 148 507.24
54 maps/bgmaps/AR0600SR.map 512 512 214 150 238 299 219.99
38 maps/bgmaps/AR0600SR.map 512 512 169 214 273 124 155.34
54 maps/bgmaps/AR0600SR.map 512 512 331 347 136 379 219.02
91 maps/bgmaps/AR0600SR.map 512 512 449 220 197 288 365.36
54 maps/bgmaps/AR0600SR.map 512 512 122 384 168 206 218.69
125 maps/bgmaps/AR0600SR.map 512 512 427 164 117 371 500.16
72 maps/bgmaps/AR0600SR.map 512 512 176 351 258 118 291.01
95 maps/bgmaps/AR0600SR.map 512 512 295 120 289 354 383.06
104 maps/bgmaps/AR0600SR.map 512 512 47 445 233 135 416.36
82 maps/bgmaps/AR0600SR.map 512 512 231 141 125 406 330.61
86 maps/bgmaps/AR0600SR.map 512 512 245 128 108 388 346.65
125 maps/bgmaps/AR0600SR.map 512 512 337 126 67 435 503.26
82 maps/bgmaps/AR0600SR.map 512 512 99 403 391 334 331.35
123 maps/bgmaps/AR0600SR.map 512 512 128 368 404 154 493.10
82 maps/bgmaps/AR0600SR.map 512 512 216 139 94 392 331.09
95 maps/bgmaps/AR0600SR.map 512 512 183 289 412 151 383.01
122 maps/bgmaps/AR0600SR.map 512 512 98 386 375 130 491.62
72 maps/bgmaps/AR0600SR.map 512 512 207 335 443 259 291.14
106 maps/bgmaps/AR0600SR.map 512 512 165 340 390 147 427.61
102 maps/bgmaps/AR0600SR.map 512 512 302 111 125 401 409.03
91 maps/bgmaps/AR0600SR.map 512 512 82 425 227 134 367.49
82 maps/bgmaps/AR0600SR.map 512 512 210 148 88 404 330.58
72 maps/bgmaps/AR0600SR.map 512 512 417 307 174 272 290.63
91 maps/bgmaps/AR0600SR.map 512 512 118 370 280 122 366.68
119 maps/bgmaps/AR0600SR.map 512 512 54 432 440 265 477.07
111 maps/bgmaps/AR0600SR.map 512 512 117 387 444 217 446.75
72 maps/bgmaps/AR0600SR.map 512 512 221 146 123 367 291.49
91 maps/bgmaps/AR0600SR.map 512 512 102 396 253 121 366.86
100 maps/bgmaps/AR0600SR.map 512 512 129 357 331 121 401.71
109 maps/bgmaps/AR0600SR.map 512 512 449 216 122 379 439.85
78 maps/bgmaps/AR0600SR.map 512 512 226 316 449 228 315.59
72 maps/bgmaps/AR0600SR.map 512 512 63 442 169 219 288.30
82 maps/bgmaps/AR0600SR.map 512 512 152 343 286 114 330.81
71 maps/bgmaps/AR0600SR.map 512 512 180 352 427 290 287.55
118 maps/bgmaps/AR0600SR.map 512 512 449 223 92 409 475.27
125 maps/bgmaps/AR0600SR.map 512 512 446 222 78 444 503.53
71 maps/bgmaps/AR0600SR.map 512 512 100 415 181 176 286.63
60 maps/bgmaps/AR0600SR.map 512 512 172 358 391 327 242.61
105 maps/bgmaps/AR0600SR.map 512 512 70 427 425 295 422.79
91 maps/bgmaps/AR0600SR.map 512 512 402 150 185 283 367.42
120 maps/bgmaps/AR0600SR.map 512 512 320 117 67 428 483.77
60 maps/bgmaps/AR0600SR.map 512 512 230 142 179 342 242.82
60 maps/bgmaps/AR0600SR.map 512 512 161 345 388 332 243.15
103 maps/bgmaps/AR0600SR.map 512 512 224 328 393 134 412.95
90 maps/bgmaps/AR0600SR.map 512 512 139 374 289 110 363.65
125 maps/bgmaps/AR0600SR.map 512 512 89 409 369 127 502.90
90 maps/bgmaps/AR0600SR.map 512 512 188 319 365 129 363.45
101 maps/bgmaps/AR0600SR.map 512 512 156 370 343 129 404.53
90 maps/bgmaps/AR0600SR.map 512 512 175 230 441 184 363.36
107 maps/bgmaps/AR0600SR.map 512 512 70 444 260 119 429.50
47 maps/bgmaps/AR0600SR.map 512 512 242 136 412 159 191.12
47 maps/bgmaps/AR0600SR.map 512 512 182 298 87 441 190.63
90 maps/bgmaps/AR0600SR.map 512 512 411 312 100 410 362.95
105 maps/bgmaps/AR0600SR.map 512 512 446 263 106 418 423.76
37 maps/bgmaps/AR0600SR.map 512 512 244 134 175 245 150.71
37 maps/bgmaps/AR0600SR.map 512 512 181 190 295 116 151.68
37 maps/bgmaps/AR0600SR.map 512 512 270 126 405 158 151.57
112 maps/bgmaps/AR0600SR.map 512 512 373 126 131 373 449.58
125 maps/bgmaps/AR0600SR.map 512 512 431 186 110 418 503.56
125 maps/bgmaps/AR0600SR.map 512 512 385 141 110 403 503.56
124 maps/bgmaps/AR0600SR.map 512 512 105 383 427 184 498.89
125 maps/bgmaps/AR0600SR.map 512 512 105 404 431 187 501.17
114 maps/bgmaps/AR0600SR.map 512 512 99 392 341 126 457.45
100 maps/bgmaps/AR0600SR.map 512 512 134 385 320 123 403.16
108 maps/bgmaps/AR0600SR.map 512 512 178 355 391 143 434.22
113 maps/bgmaps/AR0600SR.map 512 512 325 121 98 414 452.07
112 maps/bgmaps/AR0600SR.map 512 512 124 369 365 137 451.48
123 maps/bgmaps/AR0600SR.map 512 512 120 376 426 169 494.65
125 maps/bgmaps/AR0600SR.map 512 512 128 376 417 156 503.37
115 maps/bgmaps/AR0600SR.map 512 512 143 368 389 148 461.79
105 maps/bgmaps/AR0600SR.map 512 512 160 343 382 139 422.53
110 maps/bgmaps/AR0600SR.map 512 512 398 138 170 355 442.46
102 maps/bgmaps/AR0600SR.map 512 512 404 154 212 329 411.43
124 maps/bgmaps/AR0600SR.map 512 512 86 441 338 116 499.11
115 maps/bgmaps/AR0600SR.map 512 512 129 401 356 132 460.96
101 maps/bgmaps/AR0600SR.map 512 512 84 433 257 124 407.63
123 maps/bgmaps/AR0600SR.map 512 512 313 122 48 432 495.36
123 maps/bgmaps/AR0600SR.map 512 512 127 390 395 146 495.59
101 maps/bgmaps/AR0600SR.map 512 512 147 372 341 119 406.61
123 maps/bgmaps/AR0600SR.map 512 512 113 409 372 142 495.73
106 maps/bgmaps/AR0600SR.map 512 512 345 118 125 372 427.16
123 maps/bgmaps/AR0600SR.map 512 512 104 393 438 187 494.72
113 maps/bgmaps/AR0600SR.map 512 512 424 175 145 347 452.46
105 maps/bgmaps/AR0600SR.map 512 512 418 311 57 432 421.89
123 maps/bgmaps/AR0600SR.map 512 512 114 376 423 176 495.48
104 maps/bgmaps/AR0600SR.map 512 512 290 121 105 417 417.17
103 maps/bgmaps/AR0600SR.map 512 512 317 118 116 389 415.20
103 maps/bgmaps/AR0600SR.map 512 512 424 162 188 303 415.63
122 maps/bgmaps/AR0600SR.map 512 512 334 122 84 439 491.46
122 maps/bgmaps/AR0600SR.map 512 512 320 124 61 435 491.43
122 maps/bgmaps/AR0600SR.map 512 512 69 464 448 258 489.16
106 maps/bgmaps/AR0600SR.map 512 512 349 131 139 377 425.40
109 maps/bgmaps/AR0600SR.map 512 512 120 369 350 132 438.99
103 maps/bgmaps/AR0600SR.map 512 512 109 395 306 118 413.69
106 maps/bgmaps/AR0600SR.map 512 512 325 116 128 400 427.72
113 maps/bgmaps/AR0600SR.map 512 512 133 355 381 145 455.99
119 maps/bgmaps/AR0600SR.map 512 512 145 381 393 148 477.96
118 maps/bgmaps/AR0600SR.map 512 512 401 144 150 371 472.23
121 maps/bgmaps/AR0600SR.map 512 512 425 162 131 363 485.68
122 maps/bgmaps/AR0600SR.map 512 512 446 245 66 441 491.29
113 maps/bgmaps/AR0600SR.map 512 512 371 139 127 364 453.23
113 maps/bgmaps/AR0600SR.map 512 512 299 113 73 416 453.46
115 maps/bgmaps/AR0600SR.map 512 512 349 127 104 391 460.45
110 maps/bgmaps/AR0600SR.map 512 512 63 456 260 123 442.74
110 maps/bgmaps/AR0600SR.map 512 512 448 237 106 397 441.89
111 maps/bgmaps/AR0600SR.map 512 512 114 409 332 120 447.86
116 maps/bgmaps/AR0600SR.map 512 512 375 139 129 384 465.86
103 maps/bgmaps/AR0600SR.map 512 512 184 345 424 173 414.63
118 maps/bgmaps/AR0600SR.map 512 512 434 191 116 378 474.75
117 maps/bgmaps/AR0600SR.map 512 512 446 220 94 399 470.89
111 maps/bgmaps/AR0600SR.map 512 512 302 110 82 414 447.87
115 maps/bgmaps/AR0600SR.map 512 512 290 124 76 450 460.94
111 maps/bgmaps/AR0600SR.map 512 512 269 126 56 443 446.26
115 maps/bgmaps/AR0600SR.map 512 512 417 157 163 359 460.33
117 maps/bgmaps/AR0600SR.map 512 512 79 443 307 121 470.94
115 maps/bgmaps/AR0600SR.map 512 512 84 416 449 247 462.17
110 maps/bgmaps/AR0600SR.map 512 512 371 126 134 364 440.85
114 maps/bgmaps/AR0600SR.map 512 512 441 187 124 359 459.39
114 maps/bgmaps/AR0600SR.map 512 512 308 119 77 425 459.70
114 maps/bgmaps/AR0600SR.map 512 512 292 111 64 422 458.77
111 maps/bgmaps/AR0600SR.map 512 512 276 123 80 452 447.70
109 maps/bgmaps/AR0600SR.map 512 512 373 126 132 352 439.88
114 maps/bgmaps/AR0600SR.map 512 512 377 137 134 376 456.96
121 maps/bgmaps/AR0600SR.map 512 512 147 379 418 154 487.20
117 maps/bgmaps/AR0600SR.map 512 512 345 125 94 402 470.17
106 maps/bgmaps/AR0600SR.map 512 512 361 127 133 352 427.29
121 maps/bgmaps/AR0600SR.map 512 512 452 254 71 454 485.74
120 maps/bgmaps/AR0600SR.map 512 512 127 391 428 180 482.03
111 maps/bgmaps/AR0600SR.map 512 512 306 117 84 415 447.39
106 maps/bgmaps/AR0600SR.map 512 512 444 196 149 365 426.63
109 maps/bgmaps/AR0600SR.map 512 512 80 428 286 111 439.26
121 maps/bgmaps/AR0600SR.map 512 512 93 426 445 216 487.49
114 maps/bgmaps/AR0600SR.map 512 512 59 432 285 115 459.26
108 maps/bgmaps/AR0600SR.map 512 512 349 119 125 381 434.48
121 maps/bgmaps/AR0600SR.map 512 512 126 367 398 151 487.45
119 maps/bgmaps/AR0600SR.map 512 512 443 255 60 424 479.00
111 maps/bgmaps/AR0600SR.map 512 512 182 353 408 152 447.58
119 maps/bgmaps/AR0600SR.map 512 512 347 129 97 417 479.97
119 maps/bgmaps/AR0600SR.map 512 512 313 122 78 446 479.94
111 maps/bgmaps/AR0600SR.map 512 512 131 384 440 203 447.16
109 maps/bgmaps/AR0600SR.map 512 512 104 405 446 244 439.37
117 maps/bgmaps/AR0600SR.map 512 512 380 145 139 386 471.20
108 maps/bgmaps/AR0600SR.map 512 512 432 173 158 340 435.25
117 maps/bgmaps/AR0600SR.map 512 512 431 187 118 363 471.19
117 maps/bgmaps/AR0600SR.map 512 512 132 397 442 184 470.89
108 maps/bgmaps/AR0600SR.map 512 512 95 401 310 116 435.00
108 maps/bgmaps/AR0600SR.map 512 512 315 120 115 414 435.45
108 maps/bgmaps/AR0600SR.map 512 512 167 352 422 173 435.36
117 maps/bgmaps/AR0600SR.map 512 512 327 124 93 429 471.56
108 maps/bgmaps/AR0600SR.map 512 512 164 333 398 146 433.29
117 maps/bgmaps/AR0600SR.map 512 512 136 373 390 150 471.52
116 maps/bgmaps/AR0600SR.map 512 512 373 128 114 374 467.82
108 maps/bgmaps/AR0600SR.map 512 512 348 125 117 367 435.68
116 maps/bgmaps/AR0600SR.map 512 512 116 389 439 201 466.65
116 maps/bgmaps/AR0600SR.map 512 512 439 269 59 430 466.83
108 maps/bgmaps/AR0600SR.map 512 512 153 366 376 130 435.19
116 maps/bgmaps/AR0600SR.map 512 512 124 403 442 197 467.20
116 maps/bgmaps/AR0600SR.map 512 512 321 122 77 415 467.32
114 maps/bgmaps/AR0600SR.map 512 512 110 392 355 123 459.20
116 maps/bgmaps/AR0600SR.map 512 512 140 367 395 143 467.13
116 maps/bgmaps/AR0600SR.map 512 512 303 122 80 444 467.11
116 maps/bgmaps/AR0600SR.map 512 512 110 418 448 217 467.17
114 maps/bgmaps/AR0600SR.map 512 512 84 425 310 109 458.84
