 10 maps/bigMaps/307.map 177 229 171 230 6.4142135624
 10 maps/bigMaps/307.map  97 108  94 107 3.4142135624
 20 maps/bigMaps/307.map 104 204  90 218 19.7989898732
 20 maps/bigMaps/307.map  50 183  54 173 11.6568542495
 30 maps/bigMaps/307.map 188 234 162 232 28.4852813742
 30 maps/bigMaps/307.map 145 141 166 147 24.0710678119
 40 maps/bigMaps/307.map 153  65 174  44 31.4558441227
 40 maps/bigMaps/307.map 144 235 175 220 37.7989898732
 50 maps/bigMaps/307.map 102  24 120  60 43.4558441227
 50 maps/bigMaps/307.map 149 155 151 193 42.1421356237
 60 maps/bigMaps/307.map 190 222 159 180 57.1837661841
 60 maps/bigMaps/307.map  29 106  35  58 50.4852813742
 70 maps/bigMaps/307.map 179 228 137 199 63.2842712475
 70 maps/bigMaps/307.map 210 250 168 206 61.3969696197
 80 maps/bigMaps/307.map 139 237 199 244 71.0416305603
 80 maps/bigMaps/307.map  33 125  97 117 76.6274169980
 90 maps/bigMaps/307.map  74 119  37  75 83.8700576851
 90 maps/bigMaps/307.map 179 219 145 153 81.8406204336
100 maps/bigMaps/307.map 121  55  37  68 99.7695526217
100 maps/bigMaps/307.map  38 103  56 179 94.2253967444
 10 maps/bigMaps/516.map 144  86 138  90 7.6568542495
 10 maps/bigMaps/516.map 208  94 217  95 9.4142135624
 20 maps/bigMaps/516.map 113  83 103  86 11.2426406871
 20 maps/bigMaps/516.map 104 144  91 148 14.6568542495
 30 maps/bigMaps/516.map 103 140 124 153 26.3847763109
 30 maps/bigMaps/516.map 141  93 165  90 25.2426406871
 40 maps/bigMaps/516.map  77  59  50  73 38.0710678119
 40 maps/bigMaps/516.map  86  64  83  91 36.0416305603
 50 maps/bigMaps/516.map  82  44  55  70 49.7279220614
 50 maps/bigMaps/516.map 129 156  94 137 42.8700576851
 60 maps/bigMaps/516.map 204 142 207  95 55.4558441227
 60 maps/bigMaps/516.map 112  24  79  59 52.1837661841
 70 maps/bigMaps/516.map 100 124 144 161 66.3553390593
 70 maps/bigMaps/516.map 193 145 204  96 67.9411254970
 80 maps/bigMaps/516.map  91  75  88 145 76.5563491861
 80 maps/bigMaps/516.map  97 148  90  72 78.8994949366
 90 maps/bigMaps/516.map  89  98 171  79 89.8700576851
 90 maps/bigMaps/516.map  50  71 106  30 81.7695526217
100 maps/bigMaps/516.map  76  68  85 150 95.1837661841
100 maps/bigMaps/516.map  80 162 168 160 97.1126983722
 10 maps/bigMaps/600.map  43 164  36 171 9.8994949366
 10 maps/bigMaps/600.map  68 148  67 142 6.4142135624
 20 maps/bigMaps/600.map  77 137  92 142 17.0710678119
 20 maps/bigMaps/600.map  79 139  65 149 18.1421356237
 30 maps/bigMaps/600.map 124  47 103  51 22.6568542495
 30 maps/bigMaps/600.map  29 184  48 162 29.8700576851
 40 maps/bigMaps/600.map  77  64  63  97 39.3847763109
 40 maps/bigMaps/600.map  78 138  54 154 30.6274169980
 50 maps/bigMaps/600.map  83 129 118 148 45.2132034356
 50 maps/bigMaps/600.map  69 139  63  96 47.9705627485
 60 maps/bigMaps/600.map  40 172  72 133 52.2548339959
 60 maps/bigMaps/600.map  47 161  70 118 54.1837661841
 70 maps/bigMaps/600.map 125  52 166  92 65.1837661841
 70 maps/bigMaps/600.map  26 191  61 142 63.4974746831
 80 maps/bigMaps/600.map  89 138  31 177 74.1543289326
 80 maps/bigMaps/600.map  79 136  21 183 77.4680374315
 90 maps/bigMaps/600.map 106 146  34 173 88.9827560573
 90 maps/bigMaps/600.map  23 177  66 115 87.1248916810
100 maps/bigMaps/600.map 103 144  23 181 99.4680374315
100 maps/bigMaps/600.map  60  91 131  49 94.8406204336
 10 maps/bigMaps/603.map  83  58  90  55 8.2426406871
 10 maps/bigMaps/603.map  95  45 100  46 5.4142135624
 20 maps/bigMaps/603.map 193  86 177  87 16.4142135624
 20 maps/bigMaps/603.map 159 219 147 218 12.4142135624
 30 maps/bigMaps/603.map  92  87  73  68 26.8700576851
 30 maps/bigMaps/603.map 119  55  99  39 26.6274169980
 40 maps/bigMaps/603.map  62  91  87  73 32.4558441227
 40 maps/bigMaps/603.map  48  44  74  34 30.1421356237
 50 maps/bigMaps/603.map 154  76 122  53 41.5269119346
 50 maps/bigMaps/603.map 171 128 136 103 45.9411254970
 60 maps/bigMaps/603.map 103  78 141  68 54.1837661841
 60 maps/bigMaps/603.map 128 229 164 188 57.0832611207
 70 maps/bigMaps/603.map  95 111 102  56 65.3553390593
 70 maps/bigMaps/603.map 137 107  82  83 69.0832611207
 80 maps/bigMaps/603.map 166  92 119  52 71.4264068712
 80 maps/bigMaps/603.map  77  25  86  90 71.2132034356
 90 maps/bigMaps/603.map 135  66  93 106 85.8822509939
 90 maps/bigMaps/603.map  92 224  50 163 87.9116882454
100 maps/bigMaps/603.map  34 201  50 238 97.0832611207
100 maps/bigMaps/603.map 124  58  43  30 92.5979797464
 10 maps/bigMaps/701.map  76 204  71 197 9.0710678119
 10 maps/bigMaps/701.map 139  59 139  64 5.0000000000
 20 maps/bigMaps/701.map  37 192  51 198 16.4852813742
 20 maps/bigMaps/701.map 146  57 131  61 16.6568542495
 30 maps/bigMaps/701.map 149 176 138 192 26.3137084990
 30 maps/bigMaps/701.map  71 130  47 126 25.6568542495
 40 maps/bigMaps/701.map 115 114  95 133 35.1421356237
 40 maps/bigMaps/701.map 114 117 122 153 39.8994949366
 50 maps/bigMaps/701.map  33  59  68  44 48.2842712475
 50 maps/bigMaps/701.map 185  56 155  84 43.3553390593
 60 maps/bigMaps/701.map  95 110 144  92 57.2842712475
 60 maps/bigMaps/701.map 111 182  73 210 54.8700576851
 70 maps/bigMaps/701.map 144 178 147 124 66.4558441227
 70 maps/bigMaps/701.map  65  29  55  83 64.7695526217
 80 maps/bigMaps/701.map 165 145 184 210 72.8700576851
 80 maps/bigMaps/701.map  48  76  35 141 74.9705627485
 90 maps/bigMaps/701.map 108  45 187  57 88.1126983722
 90 maps/bigMaps/701.map 127 124  61  95 80.3553390593
100 maps/bigMaps/701.map 164  93 105  91 90.0121933088
100 maps/bigMaps/701.map 102 127 110  46 96.3553390593
