version 1
110	maps/rooms/8room_018.map	512	512	363	22	164	307	442.191
127	maps/rooms/8room_018.map	512	512	78	495	338	181	511.446
112	maps/rooms/8room_018.map	512	512	218	42	357	367	451.806
43	maps/rooms/8room_018.map	512	512	45	182	140	87	173.196
117	maps/rooms/8room_018.map	512	512	441	101	104	162	471.848
53	maps/rooms/8room_018.map	512	512	236	253	390	268	214.782
97	maps/rooms/8room_018.map	512	512	456	360	212	171	391.191
115	maps/rooms/8room_018.map	512	512	38	474	381	469	460.25
124	maps/rooms/8room_018.map	512	512	498	219	130	207	498.392
19	maps/rooms/8room_018.map	512	512	473	392	410	360	78.598
67	maps/rooms/8room_018.map	512	512	124	425	119	204	271.095
88	maps/rooms/8room_018.map	512	512	364	227	118	101	355.622
34	maps/rooms/8room_018.map	512	512	47	239	74	126	139.64
80	maps/rooms/8room_018.map	512	512	240	101	504	124	323.693
73	maps/rooms/8room_018.map	512	512	252	430	463	342	293.652
95	maps/rooms/8room_018.map	512	512	441	9	168	122	380.978
48	maps/rooms/8room_018.map	512	512	506	489	363	413	195.167
127	maps/rooms/8room_018.map	512	512	503	500	219	194	511.345
70	maps/rooms/8room_018.map	512	512	382	212	164	158	281.196
31	maps/rooms/8room_018.map	512	512	86	169	27	89	126.154
127	maps/rooms/8room_018.map	512	512	374	357	93	62	511.103
73	maps/rooms/8room_018.map	512	512	258	195	247	422	292.953
88	maps/rooms/8room_018.map	512	512	258	378	459	204	355.108
127	maps/rooms/8room_018.map	512	512	23	412	381	181	511.902
66	maps/rooms/8room_018.map	512	512	312	4	211	86	267.066
94	maps/rooms/8room_018.map	512	512	303	290	7	293	378.037
57	maps/rooms/8room_018.map	512	512	213	392	40	428	228.924
26	maps/rooms/8room_018.map	512	512	148	42	230	4	104.426
45	maps/rooms/8room_018.map	512	512	344	127	222	119	181.238
116	maps/rooms/8room_018.map	512	512	297	460	487	141	466.948
86	maps/rooms/8room_018.map	512	512	194	264	107	46	345.635
69	maps/rooms/8room_018.map	512	512	448	459	229	470	279.865
125	maps/rooms/8room_018.map	512	512	479	8	196	242	502.948
107	maps/rooms/8room_018.map	512	512	430	398	50	447	429.35
127	maps/rooms/8room_018.map	512	512	119	24	469	205	510.99
65	maps/rooms/8room_018.map	512	512	10	244	35	56	263.794
103	maps/rooms/8room_018.map	512	512	395	476	68	380	413.936
127	maps/rooms/8room_018.map	512	512	506	72	312	431	511.534
111	maps/rooms/8room_018.map	512	512	334	79	124	343	445.505
127	maps/rooms/8room_018.map	512	512	443	427	26	482	511.019
69	maps/rooms/8room_018.map	512	512	203	264	146	84	278.037
104	maps/rooms/8room_018.map	512	512	313	510	403	204	418.877
85	maps/rooms/8room_018.map	512	512	243	207	492	142	341.037
98	maps/rooms/8room_018.map	512	512	252	262	462	40	393.262
125	maps/rooms/8room_018.map	512	512	414	182	43	335	503.889
59	maps/rooms/8room_018.map	512	512	142	381	30	211	239.823
106	maps/rooms/8room_018.map	512	512	345	167	150	445	427.635
116	maps/rooms/8room_018.map	512	512	425	173	93	329	464.375
80	maps/rooms/8room_018.map	512	512	207	264	443	174	322.451
111	maps/rooms/8room_018.map	512	512	356	394	365	60	446.12
26	maps/rooms/8room_018.map	512	512	402	154	439	124	106.598
29	maps/rooms/8room_018.map	512	512	274	50	364	79	118.255
67	maps/rooms/8room_018.map	512	512	490	422	452	227	270.581
20	maps/rooms/8room_018.map	512	512	56	199	70	130	82.4558
52	maps/rooms/8room_018.map	512	512	349	212	452	338	211.853
127	maps/rooms/8room_018.map	512	512	478	29	310	393	511.12
43	maps/rooms/8room_018.map	512	512	239	250	203	237	173.024
125	maps/rooms/8room_018.map	512	512	217	60	478	354	503.96
120	maps/rooms/8room_018.map	512	512	92	52	188	431	481.434
56	maps/rooms/8room_018.map	512	512	364	364	344	441	224.38
127	maps/rooms/8room_018.map	512	512	473	258	51	238	511.889
120	maps/rooms/8room_018.map	512	512	463	392	312	26	483.86
32	maps/rooms/8room_018.map	512	512	107	87	179	9	131.154
114	maps/rooms/8room_018.map	512	512	34	296	366	275	457.777
106	maps/rooms/8room_018.map	512	512	363	398	87	202	427.505
58	maps/rooms/8room_018.map	512	512	461	281	419	450	234.439
116	maps/rooms/8room_018.map	512	512	443	164	213	447	464.706
120	maps/rooms/8room_018.map	512	512	428	63	66	191	482.132
105	maps/rooms/8room_018.map	512	512	21	18	91	362	423.706
44	maps/rooms/8room_018.map	512	512	398	311	253	276	176.468
127	maps/rooms/8room_018.map	512	512	450	485	217	170	511.103
43	maps/rooms/8room_018.map	512	512	222	283	150	404	174.439
23	maps/rooms/8room_018.map	512	512	286	245	270	222	94.3553
67	maps/rooms/8room_018.map	512	512	457	141	380	343	269.61
22	maps/rooms/8room_018.map	512	512	383	271	446	295	90.9411
126	maps/rooms/8room_018.map	512	512	126	1	180	399	507.848
55	maps/rooms/8room_018.map	512	512	94	21	276	18	220.983
120	maps/rooms/8room_018.map	512	512	68	26	27	393	481.747
65	maps/rooms/8room_018.map	512	512	467	154	276	106	262.966
106	maps/rooms/8room_018.map	512	512	359	308	41	322	425.019
99	maps/rooms/8room_018.map	512	512	136	259	360	41	396.735
126	maps/rooms/8room_018.map	512	512	46	489	318	178	507.617
120	maps/rooms/8room_018.map	512	512	484	267	119	422	483.262
82	maps/rooms/8room_018.map	512	512	397	270	486	40	328.037
91	maps/rooms/8room_018.map	512	512	303	315	51	284	365.149
112	maps/rooms/8room_018.map	512	512	82	330	238	70	448.576
126	maps/rooms/8room_018.map	512	512	93	510	275	187	507.617
73	maps/rooms/8room_018.map	512	512	278	443	364	204	294.439
126	maps/rooms/8room_018.map	512	512	259	500	83	160	507.948
78	maps/rooms/8room_018.map	512	512	325	134	131	203	313.108
109	maps/rooms/8room_018.map	512	512	509	219	334	500	438.191
87	maps/rooms/8room_018.map	512	512	495	379	499	153	348.108
83	maps/rooms/8room_018.map	512	512	335	260	46	246	333.551
111	maps/rooms/8room_018.map	512	512	165	54	501	22	447.764
53	maps/rooms/8room_018.map	512	512	440	62	264	55	213.51
105	maps/rooms/8room_018.map	512	512	111	132	357	311	421.09
126	maps/rooms/8room_018.map	512	512	131	220	491	41	507.576
103	maps/rooms/8room_018.map	512	512	50	79	157	398	413.078
126	maps/rooms/8room_018.map	512	512	201	170	428	490	505.718
117	maps/rooms/8room_018.map	512	512	290	47	340	394	468.806
114	maps/rooms/8room_018.map	512	512	201	170	275	500	458.35
58	maps/rooms/8room_018.map	512	512	167	88	275	8	234.007
53	maps/rooms/8room_018.map	512	512	139	213	293	168	215.953
107	maps/rooms/8room_018.map	512	512	340	308	491	19	429.179
96	maps/rooms/8room_018.map	512	512	451	186	285	441	385.108
119	maps/rooms/8room_018.map	512	512	292	83	146	441	476.291
72	maps/rooms/8room_018.map	512	512	250	173	431	54	288.108
126	maps/rooms/8room_018.map	512	512	488	75	169	319	507.818
126	maps/rooms/8room_018.map	512	512	13	396	383	221	507.274
37	maps/rooms/8room_018.map	512	512	390	25	390	138	151.953
66	maps/rooms/8room_018.map	512	512	355	178	261	14	264.451
55	maps/rooms/8room_018.map	512	512	423	412	501	245	220.296
81	maps/rooms/8room_018.map	512	512	362	138	120	71	325.291
117	maps/rooms/8room_018.map	512	512	18	58	314	270	469.99
7	maps/rooms/8room_018.map	512	512	60	279	59	309	30.4142
126	maps/rooms/8room_018.map	512	512	464	475	200	174	507.132
111	maps/rooms/8room_018.map	512	512	219	164	243	490	447.037
80	maps/rooms/8room_018.map	512	512	221	178	455	270	322.35
82	maps/rooms/8room_018.map	512	512	188	200	14	384	330.451
43	maps/rooms/8room_018.map	512	512	142	313	274	363	175.054
47	maps/rooms/8room_018.map	512	512	157	418	78	282	191.125
126	maps/rooms/8room_018.map	512	512	333	110	346	487	507.563
100	maps/rooms/8room_018.map	512	512	394	200	244	492	400.392
125	maps/rooms/8room_018.map	512	512	153	119	294	459	502.747
69	maps/rooms/8room_018.map	512	512	259	470	142	296	276.38
125	maps/rooms/8room_018.map	512	512	160	40	414	313	502.747
125	maps/rooms/8room_018.map	512	512	164	486	293	113	503.12
64	maps/rooms/8room_018.map	512	512	18	182	186	217	257.794
123	maps/rooms/8room_018.map	512	512	430	195	123	450	494.718
82	maps/rooms/8room_018.map	512	512	174	207	342	344	329.451
67	maps/rooms/8room_018.map	512	512	398	216	268	372	268.309
82	maps/rooms/8room_018.map	512	512	164	222	301	407	330.208
125	maps/rooms/8room_018.map	512	512	493	175	105	38	503.333
125	maps/rooms/8room_018.map	512	512	501	502	428	126	501.191
78	maps/rooms/8room_018.map	512	512	169	107	341	286	314.764
64	maps/rooms/8room_018.map	512	512	291	414	378	226	256.48
114	maps/rooms/8room_018.map	512	512	61	9	265	290	457.333
121	maps/rooms/8room_018.map	512	512	420	198	55	373	486.375
26	maps/rooms/8room_018.map	512	512	429	40	329	47	107.87
85	maps/rooms/8room_018.map	512	512	376	226	132	178	342.894
83	maps/rooms/8room_018.map	512	512	32	214	10	491	335.936
35	maps/rooms/8room_018.map	512	512	203	196	127	199	140.012
103	maps/rooms/8room_018.map	512	512	347	135	139	394	415.25
66	maps/rooms/8room_018.map	512	512	45	227	206	390	265.421
112	maps/rooms/8room_018.map	512	512	140	249	492	342	450.404
76	maps/rooms/8room_018.map	512	512	489	236	504	441	304.409
44	maps/rooms/8room_018.map	512	512	71	458	211	471	177.669
125	maps/rooms/8room_018.map	512	512	132	86	407	380	503.718
93	maps/rooms/8room_018.map	512	512	243	187	183	447	375.421
100	maps/rooms/8room_018.map	512	512	163	125	455	191	403.99
57	maps/rooms/8room_018.map	512	512	230	418	380	468	230.853
92	maps/rooms/8room_018.map	512	512	306	245	499	27	369.392
89	maps/rooms/8room_018.map	512	512	102	399	397	425	358.622
25	maps/rooms/8room_018.map	512	512	226	473	263	442	100.284
114	maps/rooms/8room_018.map	512	512	5	107	26	440	459.647
90	maps/rooms/8room_018.map	512	512	40	419	183	186	361.279
85	maps/rooms/8room_018.map	512	512	390	383	136	319	343.764
43	maps/rooms/8room_018.map	512	512	300	201	374	101	172.711
125	maps/rooms/8room_018.map	512	512	164	490	132	72	503.706
39	maps/rooms/8room_018.map	512	512	334	348	377	426	158.296
49	maps/rooms/8room_018.map	512	512	388	356	307	227	198.024
73	maps/rooms/8room_018.map	512	512	90	185	289	73	292.037
64	maps/rooms/8room_018.map	512	512	182	486	106	301	257.167
23	maps/rooms/8room_018.map	512	512	329	236	372	269	95.3553
95	maps/rooms/8room_018.map	512	512	220	461	138	160	380.764
75	maps/rooms/8room_018.map	512	512	402	116	436	361	301.652
85	maps/rooms/8room_018.map	512	512	379	389	92	366	342.208
88	maps/rooms/8room_018.map	512	512	21	280	255	360	353.12
15	maps/rooms/8room_018.map	512	512	12	291	20	277	62.1421
83	maps/rooms/8room_018.map	512	512	142	203	390	239	333.137
101	maps/rooms/8room_018.map	512	512	483	425	140	396	404.35
28	maps/rooms/8room_018.map	512	512	297	203	283	108	112.255
80	maps/rooms/8room_018.map	512	512	171	210	414	297	322.35
77	maps/rooms/8room_018.map	512	512	253	303	37	405	308.25
124	maps/rooms/8room_018.map	512	512	59	318	437	199	499.233
112	maps/rooms/8room_018.map	512	512	299	412	99	140	449.948
21	maps/rooms/8room_018.map	512	512	415	213	437	162	85.3848
124	maps/rooms/8room_018.map	512	512	115	462	352	131	499.262
96	maps/rooms/8room_018.map	512	512	171	346	435	186	385.12
124	maps/rooms/8room_018.map	512	512	365	36	84	304	499.475
107	maps/rooms/8room_018.map	512	512	111	157	202	461	429.877
61	maps/rooms/8room_018.map	512	512	479	309	319	424	245.167
124	maps/rooms/8room_018.map	512	512	462	187	117	401	499.96
120	maps/rooms/8room_018.map	512	512	461	164	99	87	480.948
64	maps/rooms/8room_018.map	512	512	222	483	40	391	256.995
124	maps/rooms/8room_018.map	512	512	340	499	98	188	499.233
120	maps/rooms/8room_018.map	512	512	456	374	125	173	482.333
54	maps/rooms/8room_018.map	512	512	178	66	109	196	218.439
66	maps/rooms/8room_018.map	512	512	148	381	183	166	267.865
45	maps/rooms/8room_018.map	512	512	286	306	341	382	181.225
84	maps/rooms/8room_018.map	512	512	410	31	473	281	338.078
124	maps/rooms/8room_018.map	512	512	446	365	265	6	498.174
124	maps/rooms/8room_018.map	512	512	101	191	446	435	499.86
47	maps/rooms/8room_018.map	512	512	423	168	276	207	190.953
124	maps/rooms/8room_018.map	512	512	292	510	382	98	499.848
85	maps/rooms/8room_018.map	512	512	486	486	394	203	343.936
71	maps/rooms/8room_018.map	512	512	190	116	407	155	287.078
71	maps/rooms/8room_018.map	512	512	158	79	94	283	284.551
40	maps/rooms/8room_018.map	512	512	179	370	254	302	163.368
49	maps/rooms/8room_018.map	512	512	285	181	170	244	196.51
65	maps/rooms/8room_018.map	512	512	314	319	503	339	260.196
124	maps/rooms/8room_018.map	512	512	246	511	239	163	499.392
80	maps/rooms/8room_018.map	512	512	455	361	258	182	322.049
123	maps/rooms/8room_018.map	512	512	23	347	290	72	495.345
116	maps/rooms/8room_018.map	512	512	346	446	131	231	465.304
123	maps/rooms/8room_018.map	512	512	141	511	407	220	495.576
115	maps/rooms/8room_018.map	512	512	214	146	232	478	460.049
55	maps/rooms/8room_018.map	512	512	228	460	75	365	220.652
89	maps/rooms/8room_018.map	512	512	338	60	425	335	358.534
79	maps/rooms/8room_018.map	512	512	188	361	153	117	318.924
83	maps/rooms/8room_018.map	512	512	136	319	120	59	332.066
103	maps/rooms/8room_018.map	512	512	44	215	299	334	414.09
100	maps/rooms/8room_018.map	512	512	373	105	323	435	401.907
34	maps/rooms/8room_018.map	512	512	105	226	185	294	138.569
123	maps/rooms/8room_018.map	512	512	445	24	275	389	494.747
61	maps/rooms/8room_018.map	512	512	299	300	456	405	247.38
107	maps/rooms/8room_018.map	512	512	348	59	185	344	430.534
91	maps/rooms/8room_018.map	512	512	76	13	35	300	366.392
67	maps/rooms/8room_018.map	512	512	30	364	253	421	270.953
123	maps/rooms/8room_018.map	512	512	473	138	135	333	495.174
123	maps/rooms/8room_018.map	512	512	86	500	384	314	495.203
48	maps/rooms/8room_018.map	512	512	169	265	99	138	194.581
123	maps/rooms/8room_018.map	512	512	187	503	409	181	495.019
84	maps/rooms/8room_018.map	512	512	357	468	382	213	338.309
123	maps/rooms/8room_018.map	512	512	122	329	419	82	495.446
67	maps/rooms/8room_018.map	512	512	198	109	157	316	269.238
73	maps/rooms/8room_018.map	512	512	453	138	237	136	293.279
97	maps/rooms/8room_018.map	512	512	210	58	216	324	388.978
123	maps/rooms/8room_018.map	512	512	4	105	372	239	495.019
94	maps/rooms/8room_018.map	512	512	98	205	388	282	376.664
112	maps/rooms/8room_018.map	512	512	451	174	117	128	451.463
55	maps/rooms/8room_018.map	512	512	227	472	355	505	221.167
28	maps/rooms/8room_018.map	512	512	371	293	313	234	112.255
123	maps/rooms/8room_018.map	512	512	143	142	290	486	495.492
79	maps/rooms/8room_018.map	512	512	47	332	4	144	318.764
103	maps/rooms/8room_018.map	512	512	389	442	131	281	414.362
45	maps/rooms/8room_018.map	512	512	202	419	262	318	181.669
19	maps/rooms/8room_018.map	512	512	437	407	495	408	76.9411
28	maps/rooms/8room_018.map	512	512	85	459	137	406	114.355
43	maps/rooms/8room_018.map	512	512	345	210	200	223	175.539
99	maps/rooms/8room_018.map	512	512	425	359	325	56	398.019
68	maps/rooms/8room_018.map	512	512	134	379	340	347	275.338
122	maps/rooms/8room_018.map	512	512	303	78	91	417	491.96
89	maps/rooms/8room_018.map	512	512	98	187	122	484	359.451
92	maps/rooms/8room_018.map	512	512	166	100	393	283	370.25
80	maps/rooms/8room_018.map	512	512	244	277	8	362	322.179
91	maps/rooms/8room_018.map	512	512	282	84	4	59	365.108
77	maps/rooms/8room_018.map	512	512	434	30	202	57	310.865
91	maps/rooms/8room_018.map	512	512	200	201	451	226	367.078
122	maps/rooms/8room_018.map	512	512	116	506	395	390	491.576
60	maps/rooms/8room_018.map	512	512	206	169	41	132	240.267
95	maps/rooms/8room_018.map	512	512	156	326	441	411	381.907
63	maps/rooms/8room_018.map	512	512	454	308	506	106	252.125
92	maps/rooms/8room_018.map	512	512	275	511	252	220	370.995
91	maps/rooms/8room_018.map	512	512	387	443	215	254	364.706
110	maps/rooms/8room_018.map	512	512	467	310	107	210	440.191
109	maps/rooms/8room_018.map	512	512	73	44	310	291	438.434
15	maps/rooms/8room_018.map	512	512	37	196	71	178	62.8701
32	maps/rooms/8room_018.map	512	512	206	406	226	381	128.355
45	maps/rooms/8room_018.map	512	512	274	231	154	247	183.64
49	maps/rooms/8room_018.map	512	512	74	306	53	170	199.752
67	maps/rooms/8room_018.map	512	512	277	227	110	314	271.137
98	maps/rooms/8room_018.map	512	512	160	27	90	335	393.664
122	maps/rooms/8room_018.map	512	512	52	186	406	379	491.274
19	maps/rooms/8room_018.map	512	512	205	45	269	21	78.2843
34	maps/rooms/8room_018.map	512	512	276	431	247	355	137.569
47	maps/rooms/8room_018.map	512	512	345	460	363	371	190.439
58	maps/rooms/8room_018.map	512	512	168	78	265	228	232.037
87	maps/rooms/8room_018.map	512	512	372	482	107	460	349.007
88	maps/rooms/8room_018.map	512	512	295	156	57	10	354.534
9	maps/rooms/8room_018.map	512	512	502	299	475	279	39.2843
115	maps/rooms/8room_018.map	512	512	119	456	392	200	461.132
68	maps/rooms/8room_018.map	512	512	223	323	85	494	274.48
120	maps/rooms/8room_018.map	512	512	328	363	79	91	483.576
49	maps/rooms/8room_018.map	512	512	167	338	90	216	196.983
92	maps/rooms/8room_018.map	512	512	108	386	57	83	370.108
90	maps/rooms/8room_018.map	512	512	259	395	366	130	362.208
112	maps/rooms/8room_018.map	512	512	424	464	472	99	451.191
122	maps/rooms/8room_018.map	512	512	78	13	332	301	491.061
103	maps/rooms/8room_018.map	512	512	229	442	85	138	414.108
122	maps/rooms/8room_018.map	512	512	430	491	293	101	491.233
62	maps/rooms/8room_018.map	512	512	199	428	2	362	249.368
110	maps/rooms/8room_018.map	512	512	355	76	310	440	441.149
37	maps/rooms/8room_018.map	512	512	422	388	387	506	150.983
40	maps/rooms/8room_018.map	512	512	435	4	350	45	163.296
99	maps/rooms/8room_018.map	512	512	271	325	371	31	396.149
85	maps/rooms/8room_018.map	512	512	261	232	27	303	341.936
20	maps/rooms/8room_018.map	512	512	143	285	71	268	81.8701
100	maps/rooms/8room_018.map	512	512	98	359	55	42	400.635
97	maps/rooms/8room_018.map	512	512	154	258	431	136	391.735
87	maps/rooms/8room_018.map	512	512	120	218	390	183	349.936
62	maps/rooms/8room_018.map	512	512	366	312	328	130	249.38
42	maps/rooms/8room_018.map	512	512	424	228	372	101	171.953
89	maps/rooms/8room_018.map	512	512	355	10	476	264	358.463
122	maps/rooms/8room_018.map	512	512	510	402	108	245	491.919
116	maps/rooms/8room_018.map	512	512	370	298	38	453	464.563
87	maps/rooms/8room_018.map	512	512	364	309	83	215	348.078
76	maps/rooms/8room_018.map	512	512	191	209	22	378	307.037
84	maps/rooms/8room_018.map	512	512	342	423	403	184	337.622
78	maps/rooms/8room_018.map	512	512	262	216	10	213	314.037
101	maps/rooms/8room_018.map	512	512	508	3	290	235	405.421
77	maps/rooms/8room_018.map	512	512	265	503	38	447	311.409
86	maps/rooms/8room_018.map	512	512	78	489	258	287	344.836
92	maps/rooms/8room_018.map	512	512	153	424	446	348	370.38
65	maps/rooms/8room_018.map	512	512	388	20	364	233	263.25
73	maps/rooms/8room_018.map	512	512	242	362	266	130	295.723
51	maps/rooms/8room_018.map	512	512	265	230	318	331	206.368
21	maps/rooms/8room_018.map	512	512	239	84	237	77	86.598
31	maps/rooms/8room_018.map	512	512	302	317	230	239	124.225
121	maps/rooms/8room_018.map	512	512	414	354	142	104	485.647
74	maps/rooms/8room_018.map	512	512	302	317	185	480	297.966
122	maps/rooms/8room_018.map	512	512	13	346	350	138	491.617
99	maps/rooms/8room_018.map	512	512	382	333	351	13	396.019
102	maps/rooms/8room_018.map	512	512	382	226	46	257	408.907
122	maps/rooms/8room_018.map	512	512	228	491	131	110	491.605
122	maps/rooms/8room_018.map	512	512	139	485	473	247	491.304
122	maps/rooms/8room_018.map	512	512	171	4	354	329	491.948
92	maps/rooms/8room_018.map	512	512	73	318	345	460	371.806
117	maps/rooms/8room_018.map	512	512	153	182	428	426	471.09
91	maps/rooms/8room_018.map	512	512	337	43	413	338	366.12
104	maps/rooms/8room_018.map	512	512	328	156	34	31	417.735
78	maps/rooms/8room_018.map	512	512	232	108	75	274	315.593
89	maps/rooms/8room_018.map	512	512	333	511	234	239	359.652
78	maps/rooms/8room_018.map	512	512	52	213	8	426	314.522
66	maps/rooms/8room_018.map	512	512	197	18	54	180	265.409
30	maps/rooms/8room_018.map	512	512	76	148	50	54	121.598
45	maps/rooms/8room_018.map	512	512	42	203	77	334	180.953
91	maps/rooms/8room_018.map	512	512	395	347	236	492	365.865
76	maps/rooms/8room_018.map	512	512	318	236	438	24	307.078
81	maps/rooms/8room_018.map	512	512	131	61	389	60	326.581
121	maps/rooms/8room_018.map	512	512	446	287	36	226	487.576
79	maps/rooms/8room_018.map	512	512	126	185	293	34	316.291
69	maps/rooms/8room_018.map	512	512	202	493	83	292	279.037
101	maps/rooms/8room_018.map	512	512	166	205	197	503	407.635
66	maps/rooms/8room_018.map	512	512	227	328	380	163	266.936
117	maps/rooms/8room_018.map	512	512	409	194	18	249	468.534
25	maps/rooms/8room_018.map	512	512	276	212	259	301	103.012
82	maps/rooms/8room_018.map	512	512	306	215	441	8	331.907
121	maps/rooms/8room_018.map	512	512	130	187	372	407	487.889
77	maps/rooms/8room_018.map	512	512	19	476	94	232	308.966
111	maps/rooms/8room_018.map	512	512	137	54	321	333	444.161
50	maps/rooms/8room_018.map	512	512	72	314	38	167	201.267
71	maps/rooms/8room_018.map	512	512	78	190	36	402	286.451
121	maps/rooms/8room_018.map	512	512	4	461	277	173	486.889
63	maps/rooms/8room_018.map	512	512	8	253	226	251	252.167
121	maps/rooms/8room_018.map	512	512	51	284	410	299	487.747
121	maps/rooms/8room_018.map	512	512	134	15	74	374	487.233
72	maps/rooms/8room_018.map	512	512	346	427	314	265	291.622
72	maps/rooms/8room_018.map	512	512	219	427	310	220	290.409
76	maps/rooms/8room_018.map	512	512	223	469	133	244	304.238
38	maps/rooms/8room_018.map	512	512	294	215	236	108	152.64
27	maps/rooms/8room_018.map	512	512	472	409	450	476	108.255
88	maps/rooms/8room_018.map	512	512	369	485	83	426	354.179
117	maps/rooms/8room_018.map	512	512	391	343	82	159	468.061
102	maps/rooms/8room_018.map	512	512	389	492	143	300	411.12
36	maps/rooms/8room_018.map	512	512	169	467	137	396	146.941
55	maps/rooms/8room_018.map	512	512	322	284	491	294	221.711
67	maps/rooms/8room_018.map	512	512	424	331	346	143	268.208
64	maps/rooms/8room_018.map	512	512	505	394	372	233	258.208
121	maps/rooms/8room_018.map	512	512	245	470	372	121	487.848
103	maps/rooms/8room_018.map	512	512	37	509	21	167	415.948
28	maps/rooms/8room_018.map	512	512	390	430	372	485	114.355
117	maps/rooms/8room_018.map	512	512	162	194	399	424	469.718
58	maps/rooms/8room_018.map	512	512	87	155	103	346	235.853
106	maps/rooms/8room_018.map	512	512	362	454	477	149	424.978
79	maps/rooms/8room_018.map	512	512	422	114	377	370	316.48
111	maps/rooms/8room_018.map	512	512	102	283	459	350	445.605
118	maps/rooms/8room_018.map	512	512	310	462	414	86	472.049
61	maps/rooms/8room_018.map	512	512	52	246	168	107	245.652
39	maps/rooms/8room_018.map	512	512	282	407	236	294	156.255
82	maps/rooms/8room_018.map	512	512	350	178	451	226	330.907
121	maps/rooms/8room_018.map	512	512	487	7	208	265	487.333
116	maps/rooms/8room_018.map	512	512	73	183	386	339	465.233
17	maps/rooms/8room_018.map	512	512	370	410	419	387	70.8701
121	maps/rooms/8room_018.map	512	512	68	41	445	139	484.706
94	maps/rooms/8room_018.map	512	512	435	111	406	407	379.593
56	maps/rooms/8room_018.map	512	512	445	318	456	471	224.125
10	maps/rooms/8room_018.map	512	512	87	306	62	306	41.3848
33	maps/rooms/8room_018.map	512	512	134	454	26	474	135.941
57	maps/rooms/8room_018.map	512	512	8	331	146	247	230.208
69	maps/rooms/8room_018.map	512	512	51	86	211	55	276.823
33	maps/rooms/8room_018.map	512	512	211	140	103	102	135.012
54	maps/rooms/8room_018.map	512	512	414	207	399	36	218.953
30	maps/rooms/8room_018.map	512	512	216	329	203	386	121.882
17	maps/rooms/8room_018.map	512	512	229	99	183	103	69.2548
59	maps/rooms/8room_018.map	512	512	348	462	178	506	239.539
114	maps/rooms/8room_018.map	512	512	425	455	313	105	459.99
41	maps/rooms/8room_018.map	512	512	315	443	251	455	167.539
108	maps/rooms/8room_018.map	512	512	302	329	130	125	432.836
39	maps/rooms/8room_018.map	512	512	120	265	171	342	156.024
79	maps/rooms/8room_018.map	512	512	270	236	363	370	319.794
25	maps/rooms/8room_018.map	512	512	421	328	489	376	101.397
46	maps/rooms/8room_018.map	512	512	166	169	169	43	185.326
44	maps/rooms/8room_018.map	512	512	186	5	115	121	176.74
88	maps/rooms/8room_018.map	512	512	315	366	432	109	353.622
93	maps/rooms/8room_018.map	512	512	107	165	317	334	373.635
45	maps/rooms/8room_018.map	512	512	396	436	335	452	181.711
74	maps/rooms/8room_018.map	512	512	322	487	454	303	298.794
55	maps/rooms/8room_018.map	512	512	118	178	267	132	221.551
32	maps/rooms/8room_018.map	512	512	114	234	165	303	129.698
46	maps/rooms/8room_018.map	512	512	357	297	504	275	185.711
64	maps/rooms/8room_018.map	512	512	389	379	434	184	259.64
54	maps/rooms/8room_018.map	512	512	310	126	430	239	218.095
66	maps/rooms/8room_018.map	512	512	5	365	202	311	267.652
120	maps/rooms/8room_018.map	512	512	510	139	184	334	482.889
65	maps/rooms/8room_018.map	512	512	51	313	61	118	262.966
45	maps/rooms/8room_018.map	512	512	137	493	212	376	181.539
120	maps/rooms/8room_018.map	512	512	366	419	98	189	483.203
40	maps/rooms/8room_018.map	512	512	235	249	311	150	163.225
71	maps/rooms/8room_018.map	512	512	301	260	158	423	285.037
119	maps/rooms/8room_018.map	512	512	37	246	393	103	479.919
119	maps/rooms/8room_018.map	512	512	462	42	469	423	479.019
94	maps/rooms/8room_018.map	512	512	413	299	308	18	376.777
67	maps/rooms/8room_018.map	512	512	332	320	138	392	270.894
104	maps/rooms/8room_018.map	512	512	211	154	484	21	418.291
102	maps/rooms/8room_018.map	512	512	210	345	132	22	409.877
47	maps/rooms/8room_018.map	512	512	419	331	274	331	188.681
52	maps/rooms/8room_018.map	512	512	403	275	260	198	209.782
47	maps/rooms/8room_018.map	512	512	426	314	409	471	190.711
104	maps/rooms/8room_018.map	512	512	238	334	15	75	419.99
29	maps/rooms/8room_018.map	512	512	100	203	89	296	118.669
118	maps/rooms/8room_018.map	512	512	502	444	154	242	475.161
112	maps/rooms/8room_018.map	512	512	373	151	237	452	448.22
51	maps/rooms/8room_018.map	512	512	362	42	398	191	206.622
112	maps/rooms/8room_018.map	512	512	351	103	488	395	449.576
59	maps/rooms/8room_018.map	512	512	497	52	296	85	239.64
93	maps/rooms/8room_018.map	512	512	183	102	363	317	373.635
119	maps/rooms/8room_018.map	512	512	26	198	402	332	479.404
71	maps/rooms/8room_018.map	512	512	427	372	190	422	286.095
119	maps/rooms/8room_018.map	512	512	184	14	329	340	479.049
119	maps/rooms/8room_018.map	512	512	458	372	98	183	479.233
55	maps/rooms/8room_018.map	512	512	260	395	425	359	222.882
66	maps/rooms/8room_018.map	512	512	361	150	213	157	265.551
59	maps/rooms/8room_018.map	512	512	298	232	186	359	238.966
119	maps/rooms/8room_018.map	512	512	381	141	110	418	479.688
64	maps/rooms/8room_018.map	512	512	348	213	323	435	258.64
119	maps/rooms/8room_018.map	512	512	191	374	372	78	479.09
31	maps/rooms/8room_018.map	512	512	292	266	323	363	124.326
86	maps/rooms/8room_018.map	512	512	362	247	147	415	346.907
119	maps/rooms/8room_018.map	512	512	440	500	73	370	477.191
119	maps/rooms/8room_018.map	512	512	41	174	394	302	479.818
44	maps/rooms/8room_018.map	512	512	346	137	216	89	179.681
97	maps/rooms/8room_018.map	512	512	425	210	371	508	391.563
82	maps/rooms/8room_018.map	512	512	389	60	223	12	330.693
118	maps/rooms/8room_018.map	512	512	148	372	405	109	475.345
118	maps/rooms/8room_018.map	512	512	460	260	104	433	475.676
118	maps/rooms/8room_018.map	512	512	373	101	94	360	475.889
66	maps/rooms/8room_018.map	512	512	262	262	373	409	266.652
42	maps/rooms/8room_018.map	512	512	99	381	215	332	171.125
61	maps/rooms/8room_018.map	512	512	211	254	69	404	247.522
118	maps/rooms/8room_018.map	512	512	55	477	307	185	475.789
106	maps/rooms/8room_018.map	512	512	326	444	344	116	424.392
114	maps/rooms/8room_018.map	512	512	26	20	334	231	456.404
114	maps/rooms/8room_018.map	512	512	475	87	114	180	458.576
118	maps/rooms/8room_018.map	512	512	116	477	50	93	475.019
118	maps/rooms/8room_018.map	512	512	386	94	61	264	475.919
101	maps/rooms/8room_018.map	512	512	156	120	485	102	405.877
71	maps/rooms/8room_018.map	512	512	120	105	157	329	287.409
83	maps/rooms/8room_018.map	512	512	199	397	302	158	332.208
118	maps/rooms/8room_018.map	512	512	456	102	392	468	475.12
118	maps/rooms/8room_018.map	512	512	395	378	82	136	475.375
113	maps/rooms/8room_018.map	512	512	105	42	425	202	454.191
42	maps/rooms/8room_018.map	512	512	139	23	211	127	168.995
117	maps/rooms/8room_018.map	512	512	315	19	250	410	470.635
81	maps/rooms/8room_018.map	512	512	205	504	286	277	325.966
86	maps/rooms/8room_018.map	512	512	199	392	435	494	344.593
101	maps/rooms/8room_018.map	512	512	261	214	19	437	404.848
89	maps/rooms/8room_018.map	512	512	278	103	307	410	359.037
51	maps/rooms/8room_018.map	512	512	460	415	329	300	205.581
17	maps/rooms/8room_018.map	512	512	328	50	387	68	71.0416
117	maps/rooms/8room_018.map	512	512	470	169	338	505	471.505
61	maps/rooms/8room_018.map	512	512	229	91	62	169	247.995
111	maps/rooms/8room_018.map	512	512	204	498	461	267	446.676
91	maps/rooms/8room_018.map	512	512	189	426	362	196	364.137
113	maps/rooms/8room_018.map	512	512	311	158	29	382	454.475
6	maps/rooms/8room_018.map	512	512	243	14	269	15	27.2426
72	maps/rooms/8room_018.map	512	512	189	218	246	25	290.836
32	maps/rooms/8room_018.map	512	512	393	152	354	56	128.882
117	maps/rooms/8room_018.map	512	512	124	478	430	251	471.333
81	maps/rooms/8room_018.map	512	512	133	5	303	170	327.208
114	maps/rooms/8room_018.map	512	512	220	153	322	470	459.836
0	maps/rooms/8room_018.map	512	512	466	393	466	395	2
69	maps/rooms/8room_018.map	512	512	285	294	83	366	279.907
107	maps/rooms/8room_018.map	512	512	366	154	328	495	431.007
56	maps/rooms/8room_018.map	512	512	231	52	252	198	225.551
83	maps/rooms/8room_018.map	512	512	73	197	314	203	335.108
67	maps/rooms/8room_018.map	512	512	367	372	325	220	270.995
108	maps/rooms/8room_018.map	512	512	169	488	425	286	435.362
44	maps/rooms/8room_018.map	512	512	223	483	178	357	177.51
91	maps/rooms/8room_018.map	512	512	248	227	398	402	367.894
96	maps/rooms/8room_018.map	512	512	142	418	54	130	386.492
37	maps/rooms/8room_018.map	512	512	358	153	425	241	148.497
63	maps/rooms/8room_018.map	512	512	408	296	437	122	255.752
28	maps/rooms/8room_018.map	512	512	314	362	278	306	113.355
81	maps/rooms/8room_018.map	512	512	179	475	56	263	327.208
116	maps/rooms/8room_018.map	512	512	482	219	146	325	467.889
116	maps/rooms/8room_018.map	512	512	71	250	407	129	467.919
116	maps/rooms/8room_018.map	512	512	491	482	409	106	467.463
109	maps/rooms/8room_018.map	512	512	166	229	489	123	439.333
97	maps/rooms/8room_018.map	512	512	276	327	51	136	389.848
36	maps/rooms/8room_018.map	512	512	357	356	287	424	147.983
13	maps/rooms/8room_018.map	512	512	210	199	255	186	55.8995
96	maps/rooms/8room_018.map	512	512	50	30	148	331	386.764
59	maps/rooms/8room_018.map	512	512	191	220	36	169	237.924
60	maps/rooms/8room_018.map	512	512	228	297	398	255	243.681
116	maps/rooms/8room_018.map	512	512	376	495	409	130	467.463
115	maps/rooms/8room_018.map	512	512	421	247	105	431	462.777
82	maps/rooms/8room_018.map	512	512	5	244	296	280	329.309
78	maps/rooms/8room_018.map	512	512	413	29	165	98	313.693
81	maps/rooms/8room_018.map	512	512	312	462	277	205	325.823
77	maps/rooms/8room_018.map	512	512	168	322	382	249	310.037
45	maps/rooms/8room_018.map	512	512	312	349	362	200	181.912
17	maps/rooms/8room_018.map	512	512	282	231	277	291	70.2132
93	maps/rooms/8room_018.map	512	512	371	413	56	435	373.693
115	maps/rooms/8room_018.map	512	512	266	57	432	405	463.848
81	maps/rooms/8room_018.map	512	512	290	371	173	229	325.392
83	maps/rooms/8room_018.map	512	512	489	413	205	412	334.966
112	maps/rooms/8room_018.map	512	512	406	231	89	57	448.262
115	maps/rooms/8room_018.map	512	512	151	226	494	422	463.333
108	maps/rooms/8room_018.map	512	512	362	187	493	451	432.664
115	maps/rooms/8room_018.map	512	512	56	63	444	49	463.078
115	maps/rooms/8room_018.map	512	512	85	459	276	155	463.676
52	maps/rooms/8room_018.map	512	512	469	451	397	310	208.782
71	maps/rooms/8room_018.map	512	512	141	407	199	189	286.409
28	maps/rooms/8room_018.map	512	512	424	394	481	479	112.711
68	maps/rooms/8room_018.map	512	512	323	217	494	357	275.936
88	maps/rooms/8room_018.map	512	512	457	44	222	203	352.25
115	maps/rooms/8room_018.map	512	512	60	493	142	130	463.049
71	maps/rooms/8room_018.map	512	512	286	488	201	276	286.681
71	maps/rooms/8room_018.map	512	512	292	221	453	394	285.037
41	maps/rooms/8room_018.map	512	512	197	110	79	34	165.539
115	maps/rooms/8room_018.map	512	512	362	444	222	177	463.333
51	maps/rooms/8room_018.map	512	512	189	136	182	12	205.51
92	maps/rooms/8room_018.map	512	512	158	456	214	164	368.25
109	maps/rooms/8room_018.map	512	512	356	370	510	131	438.907
41	maps/rooms/8room_018.map	512	512	365	301	373	165	166.024
114	maps/rooms/8room_018.map	512	512	379	474	64	318	459.333
114	maps/rooms/8room_018.map	512	512	229	505	477	237	459.362
113	maps/rooms/8room_018.map	512	512	450	207	110	351	455.647
113	maps/rooms/8room_018.map	512	512	470	77	278	378	455.149
113	maps/rooms/8room_018.map	512	512	440	478	149	253	455.647
98	maps/rooms/8room_018.map	512	512	377	21	59	59	393.279
89	maps/rooms/8room_018.map	512	512	473	453	211	455	356.492
109	maps/rooms/8room_018.map	512	512	374	487	137	243	439.492
94	maps/rooms/8room_018.map	512	512	220	322	200	52	376.492
113	maps/rooms/8room_018.map	512	512	503	62	301	357	455.392
113	maps/rooms/8room_018.map	512	512	84	71	18	418	455.132
100	maps/rooms/8room_018.map	512	512	70	305	143	7	400.706
81	maps/rooms/8room_018.map	512	512	268	137	34	172	327.35
104	maps/rooms/8room_018.map	512	512	125	336	403	162	417.747
21	maps/rooms/8room_018.map	512	512	67	477	118	439	85.7696
113	maps/rooms/8room_018.map	512	512	41	167	376	312	455.747
113	maps/rooms/8room_018.map	512	512	19	155	215	415	455.907
113	maps/rooms/8room_018.map	512	512	15	345	393	390	455.593
35	maps/rooms/8room_018.map	512	512	300	286	284	367	143.225
112	maps/rooms/8room_018.map	512	512	336	114	492	422	451.262
102	maps/rooms/8room_018.map	512	512	30	482	263	253	409.747
66	maps/rooms/8room_018.map	512	512	452	196	275	136	267.995
107	maps/rooms/8room_018.map	512	512	485	375	125	422	430.664
93	maps/rooms/8room_018.map	512	512	444	472	438	170	372.836
34	maps/rooms/8room_018.map	512	512	296	77	327	184	139.782
30	maps/rooms/8room_018.map	512	512	472	127	457	23	121.042
81	maps/rooms/8room_018.map	512	512	212	29	356	148	327.693
37	maps/rooms/8room_018.map	512	512	2	319	57	432	150.125
27	maps/rooms/8room_018.map	512	512	444	82	452	166	111.983
53	maps/rooms/8room_018.map	512	512	186	92	20	143	212.782
111	maps/rooms/8room_018.map	512	512	425	441	216	168	447.99
85	maps/rooms/8room_018.map	512	512	392	4	292	259	340.037
47	maps/rooms/8room_018.map	512	512	317	120	458	84	190.539
64	maps/rooms/8room_018.map	512	512	198	452	13	348	258.338
46	maps/rooms/8room_018.map	512	512	102	259	60	407	187.397
72	maps/rooms/8room_018.map	512	512	269	148	178	53	290.007
70	maps/rooms/8room_018.map	512	512	76	186	252	227	283.936
81	maps/rooms/8room_018.map	512	512	454	135	308	343	325.723
62	maps/rooms/8room_018.map	512	512	242	2	73	50	249.51
49	maps/rooms/8room_018.map	512	512	18	233	26	95	197.924
98	maps/rooms/8room_018.map	512	512	442	118	141	78	393.534
111	maps/rooms/8room_018.map	512	512	41	227	414	339	447.434
111	maps/rooms/8room_018.map	512	512	486	280	145	150	447.534
93	maps/rooms/8room_018.map	512	512	187	313	36	34	375.463
110	maps/rooms/8room_018.map	512	512	136	175	433	323	443.291
84	maps/rooms/8room_018.map	512	512	73	408	356	405	337.966
51	maps/rooms/8room_018.map	512	512	194	151	35	105	206.539
70	maps/rooms/8room_018.map	512	512	108	188	86	411	282.137
14	maps/rooms/8room_018.map	512	512	205	247	173	270	56.4558
89	maps/rooms/8room_018.map	512	512	198	165	427	126	358.007
110	maps/rooms/8room_018.map	512	512	69	180	269	469	443.007
107	maps/rooms/8room_018.map	512	512	37	142	258	364	429.191
97	maps/rooms/8room_018.map	512	512	407	412	91	354	388.593
110	maps/rooms/8room_018.map	512	512	204	447	386	137	443.22
110	maps/rooms/8room_018.map	512	512	57	221	349	139	443.262
110	maps/rooms/8room_018.map	512	512	397	492	231	198	443.262
110	maps/rooms/8room_018.map	512	512	397	200	131	445	443.718
95	maps/rooms/8room_018.map	512	512	255	478	426	261	381.321
110	maps/rooms/8room_018.map	512	512	467	109	106	38	443.078
109	maps/rooms/8room_018.map	512	512	8	406	302	186	439.647
109	maps/rooms/8room_018.map	512	512	479	246	187	118	439.404
109	maps/rooms/8room_018.map	512	512	251	415	327	55	439.078
33	maps/rooms/8room_018.map	512	512	349	48	389	150	133.539
103	maps/rooms/8room_018.map	512	512	326	141	297	477	415.693
90	maps/rooms/8room_018.map	512	512	423	277	139	228	361.635
95	maps/rooms/8room_018.map	512	512	473	78	441	359	380.321
109	maps/rooms/8room_018.map	512	512	151	200	411	414	439.404
109	maps/rooms/8room_018.map	512	512	329	50	307	423	439.593
108	maps/rooms/8room_018.map	512	512	130	188	442	271	435.635
68	maps/rooms/8room_018.map	512	512	98	204	271	92	274.966
108	maps/rooms/8room_018.map	512	512	138	354	483	395	435.706
91	maps/rooms/8room_018.map	512	512	140	389	335	170	366.35
54	maps/rooms/8room_018.map	512	512	215	312	189	462	219.338
63	maps/rooms/8room_018.map	512	512	261	468	316	281	253.338
108	maps/rooms/8room_018.map	512	512	127	325	265	60	435.576
97	maps/rooms/8room_018.map	512	512	345	478	29	372	388.25
65	maps/rooms/8room_018.map	512	512	25	9	218	125	263.208
108	maps/rooms/8room_018.map	512	512	2	91	364	32	435.25
105	maps/rooms/8room_018.map	512	512	10	243	331	150	420.049
108	maps/rooms/8room_018.map	512	512	387	508	57	375	435.149
108	maps/rooms/8room_018.map	512	512	431	299	58	242	435.463
60	maps/rooms/8room_018.map	512	512	488	330	335	323	242.451
108	maps/rooms/8room_018.map	512	512	388	79	266	402	434.706
103	maps/rooms/8room_018.map	512	512	166	394	479	283	415.664
38	maps/rooms/8room_018.map	512	512	259	454	232	344	154.983
12	maps/rooms/8room_018.map	512	512	478	294	482	269	51.8701
89	maps/rooms/8room_018.map	512	512	229	39	154	253	356.38
18	maps/rooms/8room_018.map	512	512	358	298	394	249	74.1127
85	maps/rooms/8room_018.map	512	512	451	107	459	362	340.723
69	maps/rooms/8room_018.map	512	512	150	488	222	265	276.924
107	maps/rooms/8room_018.map	512	512	47	280	341	171	431.877
107	maps/rooms/8room_018.map	512	512	495	265	197	126	431.09
85	maps/rooms/8room_018.map	512	512	138	329	376	262	342.664
105	maps/rooms/8room_018.map	512	512	431	457	218	195	423.333
87	maps/rooms/8room_018.map	512	512	398	14	466	276	349.078
74	maps/rooms/8room_018.map	512	512	139	282	26	85	299.622
107	maps/rooms/8room_018.map	512	512	90	367	300	90	431.333
53	maps/rooms/8room_018.map	512	512	251	349	283	164	214.681
68	maps/rooms/8room_018.map	512	512	202	434	373	309	275.137
98	maps/rooms/8room_018.map	512	512	490	50	218	132	392.434
50	maps/rooms/8room_018.map	512	512	174	380	29	472	201.853
53	maps/rooms/8room_018.map	512	512	490	322	366	347	215.853
106	maps/rooms/8room_018.map	512	512	71	101	105	457	427.907
65	maps/rooms/8room_018.map	512	512	217	91	291	297	262.267
48	maps/rooms/8room_018.map	512	512	41	363	196	379	192.397
52	maps/rooms/8room_018.map	512	512	287	388	140	357	208.752
106	maps/rooms/8room_018.map	512	512	65	106	349	280	427.362
92	maps/rooms/8room_018.map	512	512	140	477	53	204	368.35
90	maps/rooms/8room_018.map	512	512	179	319	25	52	363.877
85	maps/rooms/8room_018.map	512	512	51	327	276	482	342.35
106	maps/rooms/8room_018.map	512	512	439	53	150	247	427.777
93	maps/rooms/8room_018.map	512	512	455	340	292	95	372.635
106	maps/rooms/8room_018.map	512	512	108	260	431	404	427.191
105	maps/rooms/8room_018.map	512	512	81	309	380	180	420.777
62	maps/rooms/8room_018.map	512	512	22	139	106	266	251.894
45	maps/rooms/8room_018.map	512	512	469	101	367	175	181.74
106	maps/rooms/8room_018.map	512	512	467	151	189	329	427.262
97	maps/rooms/8room_018.map	512	512	446	245	136	201	390.936
60	maps/rooms/8room_018.map	512	512	315	68	244	243	241.439
105	maps/rooms/8room_018.map	512	512	455	86	107	92	423.806
74	maps/rooms/8room_018.map	512	512	373	378	194	455	299.966
49	maps/rooms/8room_018.map	512	512	228	147	154	191	196.225
47	maps/rooms/8room_018.map	512	512	410	312	421	466	189.853
101	maps/rooms/8room_018.map	512	512	117	287	322	56	406.007
105	maps/rooms/8room_018.map	512	512	47	152	330	318	423.777
84	maps/rooms/8room_018.map	512	512	255	273	53	116	337.836
65	maps/rooms/8room_018.map	512	512	422	292	242	414	263.48
105	maps/rooms/8room_018.map	512	512	248	77	106	327	423.747
62	maps/rooms/8room_018.map	512	512	126	243	101	88	248.894
90	maps/rooms/8room_018.map	512	512	10	264	300	216	363.179
100	maps/rooms/8room_018.map	512	512	389	164	118	343	400.09
105	maps/rooms/8room_018.map	512	512	396	30	174	278	423.848
87	maps/rooms/8room_018.map	512	512	360	143	375	408	350.593
105	maps/rooms/8room_018.map	512	512	437	503	264	199	423.919
104	maps/rooms/8room_018.map	512	512	8	41	295	218	419.12
37	maps/rooms/8room_018.map	512	512	404	421	301	370	150.569
17	maps/rooms/8room_018.map	512	512	425	200	376	186	69.0416
77	maps/rooms/8room_018.map	512	512	386	139	152	151	311.078
47	maps/rooms/8room_018.map	512	512	346	364	452	426	191.924
103	maps/rooms/8room_018.map	512	512	171	29	152	358	414.25
104	maps/rooms/8room_018.map	512	512	62	255	371	130	419.806
104	maps/rooms/8room_018.map	512	512	423	101	123	247	419.362
26	maps/rooms/8room_018.map	512	512	245	408	250	332	107.527
96	maps/rooms/8room_018.map	512	512	30	37	72	343	386.049
39	maps/rooms/8room_018.map	512	512	354	172	316	158	158.225
104	maps/rooms/8room_018.map	512	512	396	60	87	172	418.706
80	maps/rooms/8room_018.map	512	512	12	95	227	200	323.764
84	maps/rooms/8room_018.map	512	512	7	301	247	204	338.865
104	maps/rooms/8room_018.map	512	512	510	434	454	137	419.836
65	maps/rooms/8room_018.map	512	512	307	455	470	341	263.024
102	maps/rooms/8room_018.map	512	512	459	14	202	218	411.191
102	maps/rooms/8room_018.map	512	512	301	492	325	178	411.179
24	maps/rooms/8room_018.map	512	512	255	142	315	154	97.1127
52	maps/rooms/8room_018.map	512	512	302	69	421	186	210.894
102	maps/rooms/8room_018.map	512	512	181	31	83	336	411.108
15	maps/rooms/8room_018.map	512	512	473	119	447	98	61.1838
57	maps/rooms/8room_018.map	512	512	75	419	185	286	230.439
102	maps/rooms/8room_018.map	512	512	403	106	112	248	411.049
102	maps/rooms/8room_018.map	512	512	92	51	354	255	411.019
102	maps/rooms/8room_018.map	512	512	282	472	98	195	411.593
40	maps/rooms/8room_018.map	512	512	4	342	52	222	161.64
101	maps/rooms/8room_018.map	512	512	210	425	132	102	407.836
88	maps/rooms/8room_018.map	512	512	74	224	23	437	353.421
86	maps/rooms/8room_018.map	512	512	77	10	248	214	345.049
53	maps/rooms/8room_018.map	512	512	334	42	488	146	215.723
101	maps/rooms/8room_018.map	512	512	131	488	446	459	407.262
27	maps/rooms/8room_018.map	512	512	364	94	281	57	110.083
101	maps/rooms/8room_018.map	512	512	121	212	419	398	407.848
101	maps/rooms/8room_018.map	512	512	486	141	180	225	407.664
76	maps/rooms/8room_018.map	512	512	226	232	15	280	304.865
83	maps/rooms/8room_018.map	512	512	27	377	132	173	332.563
40	maps/rooms/8room_018.map	512	512	270	459	234	350	163.811
69	maps/rooms/8room_018.map	512	512	258	58	261	282	279.066
8	maps/rooms/8room_018.map	512	512	202	84	200	54	33.3137
68	maps/rooms/8room_018.map	512	512	218	196	412	107	275.066
100	maps/rooms/8room_018.map	512	512	450	329	195	126	403.605
14	maps/rooms/8room_018.map	512	512	367	62	387	24	56.7696
100	maps/rooms/8room_018.map	512	512	484	459	238	262	403.09
63	maps/rooms/8room_018.map	512	512	477	455	358	286	255.137
100	maps/rooms/8room_018.map	512	512	429	431	94	443	403.978
77	maps/rooms/8room_018.map	512	512	42	422	297	498	311.066
100	maps/rooms/8room_018.map	512	512	191	42	83	324	403.522
99	maps/rooms/8room_018.map	512	512	162	363	303	68	399.664
99	maps/rooms/8room_018.map	512	512	51	242	387	221	399.007
99	maps/rooms/8room_018.map	512	512	408	20	209	265	399.605
99	maps/rooms/8room_018.map	512	512	243	166	301	430	399.865
32	maps/rooms/8room_018.map	512	512	36	311	9	396	128.953
65	maps/rooms/8room_018.map	512	512	317	166	383	362	263.38
94	maps/rooms/8room_018.map	512	512	294	475	107	249	377.108
20	maps/rooms/8room_018.map	512	512	126	292	133	361	81.3553
43	maps/rooms/8room_018.map	512	512	297	385	237	293	173.539
99	maps/rooms/8room_018.map	512	512	34	23	294	217	399.019
99	maps/rooms/8room_018.map	512	512	421	127	159	303	399.848
54	maps/rooms/8room_018.map	512	512	141	290	105	477	217.51
98	maps/rooms/8room_018.map	512	512	509	461	394	162	395.907
98	maps/rooms/8room_018.map	512	512	409	455	335	183	395.706
98	maps/rooms/8room_018.map	512	512	360	201	202	475	395.279
20	maps/rooms/8room_018.map	512	512	119	245	83	307	81.598
64	maps/rooms/8room_018.map	512	512	228	402	98	268	258.894
98	maps/rooms/8room_018.map	512	512	43	148	138	435	395.664
51	maps/rooms/8room_018.map	512	512	341	63	398	199	206.279
90	maps/rooms/8room_018.map	512	512	278	55	424	311	363.362
94	maps/rooms/8room_018.map	512	512	426	49	180	230	379.392
98	maps/rooms/8room_018.map	512	512	406	77	81	34	395.522
64	maps/rooms/8room_018.map	512	512	394	310	179	340	259.409
97	maps/rooms/8room_018.map	512	512	271	181	461	454	391.191
97	maps/rooms/8room_018.map	512	512	91	282	405	302	391.321
21	maps/rooms/8room_018.map	512	512	126	297	188	309	87.2548
96	maps/rooms/8room_018.map	512	512	27	357	271	189	387.22
96	maps/rooms/8room_018.map	512	512	486	237	192	316	387.978
96	maps/rooms/8room_018.map	512	512	260	92	135	357	387.948
96	maps/rooms/8room_018.map	512	512	26	387	358	395	386.936
68	maps/rooms/8room_018.map	512	512	199	233	57	391	274.853
62	maps/rooms/8room_018.map	512	512	229	342	412	275	250.995
42	maps/rooms/8room_018.map	512	512	348	473	324	379	168.912
89	maps/rooms/8room_018.map	512	512	223	180	44	406	359.208
75	maps/rooms/8room_018.map	512	512	324	122	229	15	301.522
69	maps/rooms/8room_018.map	512	512	300	34	345	228	278.238
55	maps/rooms/8room_018.map	512	512	132	55	228	200	221.894
77	maps/rooms/8room_018.map	512	512	181	150	246	343	311.764
76	maps/rooms/8room_018.map	512	512	258	163	52	235	307.38
96	maps/rooms/8room_018.map	512	512	327	30	419	314	387.505
95	maps/rooms/8room_018.map	512	512	170	489	447	458	383.806
95	maps/rooms/8room_018.map	512	512	110	194	326	392	383.948
95	maps/rooms/8room_018.map	512	512	476	177	202	327	383.12
53	maps/rooms/8room_018.map	512	512	220	399	307	265	214.439
95	maps/rooms/8room_018.map	512	512	440	142	155	45	383.179
95	maps/rooms/8room_018.map	512	512	126	325	346	142	383.635
8	maps/rooms/8room_018.map	512	512	186	500	165	485	34.1421
84	maps/rooms/8room_018.map	512	512	355	377	119	285	337.078
94	maps/rooms/8room_018.map	512	512	447	393	184	502	379.179
94	maps/rooms/8room_018.map	512	512	450	164	266	400	379.421
87	maps/rooms/8room_018.map	512	512	178	170	290	335	349.652
43	maps/rooms/8room_018.map	512	512	213	254	327	326	174.953
21	maps/rooms/8room_018.map	512	512	466	271	494	200	85.7696
51	maps/rooms/8room_018.map	512	512	412	74	387	231	207.196
33	maps/rooms/8room_018.map	512	512	366	462	469	465	135.74
80	maps/rooms/8room_018.map	512	512	246	382	469	247	320.35
58	maps/rooms/8room_018.map	512	512	136	178	10	270	233.681
94	maps/rooms/8room_018.map	512	512	339	390	214	157	378.936
93	maps/rooms/8room_018.map	512	512	349	115	414	383	375.978
44	maps/rooms/8room_018.map	512	512	21	275	137	377	179.338
93	maps/rooms/8room_018.map	512	512	313	30	256	347	375.279
93	maps/rooms/8room_018.map	512	512	89	478	266	229	375.463
38	maps/rooms/8room_018.map	512	512	95	395	220	424	154.326
92	maps/rooms/8room_018.map	512	512	407	359	122	217	371.877
92	maps/rooms/8room_018.map	512	512	346	488	292	195	371.309
90	maps/rooms/8room_018.map	512	512	502	372	284	205	363.777
45	maps/rooms/8room_018.map	512	512	185	217	45	231	183.782
90	maps/rooms/8room_018.map	512	512	447	460	385	150	363.563
75	maps/rooms/8room_018.map	512	512	12	85	58	292	303.25
90	maps/rooms/8room_018.map	512	512	107	26	297	222	363.262
90	maps/rooms/8room_018.map	512	512	378	26	328	326	363.706
62	maps/rooms/8room_018.map	512	512	350	223	364	25	249.764
32	maps/rooms/8room_018.map	512	512	123	191	174	102	129.64
59	maps/rooms/8room_018.map	512	512	425	477	495	281	239.338
88	maps/rooms/8room_018.map	512	512	331	261	103	435	354.735
58	maps/rooms/8room_018.map	512	512	424	420	410	227	234.882
43	maps/rooms/8room_018.map	512	512	45	379	191	409	173.882
76	maps/rooms/8room_018.map	512	512	350	455	505	266	304.652
84	maps/rooms/8room_018.map	512	512	151	283	404	356	338.593
88	maps/rooms/8room_018.map	512	512	15	73	254	200	355.421
62	maps/rooms/8room_018.map	512	512	471	445	285	500	248.48
82	maps/rooms/8room_018.map	512	512	489	278	509	21	330.622
87	maps/rooms/8room_018.map	512	512	399	431	188	265	351.978
82	maps/rooms/8room_018.map	512	512	330	484	149	303	329.279
87	maps/rooms/8room_018.map	512	512	466	328	215	448	351.35
52	maps/rooms/8room_018.map	512	512	319	149	172	196	211.095
87	maps/rooms/8room_018.map	512	512	461	296	194	429	351.321
86	maps/rooms/8room_018.map	512	512	78	265	367	313	347.593
86	maps/rooms/8room_018.map	512	512	115	293	373	276	347.735
74	maps/rooms/8room_018.map	512	512	437	238	219	307	296.279
13	maps/rooms/8room_018.map	512	512	45	203	70	166	54.0416
86	maps/rooms/8room_018.map	512	512	121	431	323	233	346.735
86	maps/rooms/8room_018.map	512	512	429	459	395	162	347.25
86	maps/rooms/8room_018.map	512	512	466	459	294	221	347.806
84	maps/rooms/8room_018.map	512	512	188	189	395	46	339.907
84	maps/rooms/8room_018.map	512	512	39	41	195	274	339.049
37	maps/rooms/8room_018.map	512	512	22	411	119	468	149.054
77	maps/rooms/8room_018.map	512	512	308	259	435	472	308.007
83	maps/rooms/8room_018.map	512	512	157	419	436	402	335.48
58	maps/rooms/8room_018.map	512	512	147	66	318	74	233.936
80	maps/rooms/8room_018.map	512	512	397	57	127	56	323.51
15	maps/rooms/8room_018.map	512	512	132	394	174	361	63.8701
83	maps/rooms/8room_018.map	512	512	133	110	350	255	335.279
51	maps/rooms/8room_018.map	512	512	424	333	373	173	206.196
50	maps/rooms/8room_018.map	512	512	181	479	297	367	202.853
27	maps/rooms/8room_018.map	512	512	410	21	319	60	111.841
1	maps/rooms/8room_018.map	512	512	211	166	216	170	6.65685
80	maps/rooms/8room_018.map	512	512	226	315	440	451	323.078
76	maps/rooms/8room_018.map	512	512	397	141	150	114	305.522
53	maps/rooms/8room_018.map	512	512	199	133	242	263	213.853
79	maps/rooms/8room_018.map	512	512	246	143	103	265	319.693
44	maps/rooms/8room_018.map	512	512	303	285	365	172	177.368
38	maps/rooms/8room_018.map	512	512	272	133	290	42	152.296
79	maps/rooms/8room_018.map	512	512	237	424	117	193	319.167
79	maps/rooms/8room_018.map	512	512	454	105	226	37	319.279
79	maps/rooms/8room_018.map	512	512	291	92	379	350	319.279
74	maps/rooms/8room_018.map	512	512	169	338	322	163	299.38
28	maps/rooms/8room_018.map	512	512	324	484	412	486	115.74
79	maps/rooms/8room_018.map	512	512	267	148	410	383	319.664
9	maps/rooms/8room_018.map	512	512	226	302	245	306	38.8995
78	maps/rooms/8room_018.map	512	512	156	365	353	214	315.764
76	maps/rooms/8room_018.map	512	512	311	284	76	324	306.865
78	maps/rooms/8room_018.map	512	512	253	263	366	62	315.966
78	maps/rooms/8room_018.map	512	512	114	132	375	39	315.865
78	maps/rooms/8room_018.map	512	512	278	349	108	421	315.622
77	maps/rooms/8room_018.map	512	512	268	222	5	255	311.723
76	maps/rooms/8room_018.map	512	512	297	436	44	458	307.995
75	maps/rooms/8room_018.map	512	512	340	23	264	231	303.622
50	maps/rooms/8room_018.map	512	512	188	27	219	56	201.296
75	maps/rooms/8room_018.map	512	512	390	93	219	253	303.208
75	maps/rooms/8room_018.map	512	512	142	423	90	177	303.48
73	maps/rooms/8room_018.map	512	512	37	295	174	186	292.25
70	maps/rooms/8room_018.map	512	512	178	159	3	248	282.894
75	maps/rooms/8room_018.map	512	512	360	182	171	237	303.622
75	maps/rooms/8room_018.map	512	512	349	58	445	289	303.978
26	maps/rooms/8room_018.map	512	512	13	422	54	485	104.527
63	maps/rooms/8room_018.map	512	512	277	295	458	419	255.208
75	maps/rooms/8room_018.map	512	512	467	441	332	275	303.836
75	maps/rooms/8room_018.map	512	512	462	280	213	193	303.966
74	maps/rooms/8room_018.map	512	512	134	450	188	199	299.51
74	maps/rooms/8room_018.map	512	512	136	324	273	133	299.622
69	maps/rooms/8room_018.map	512	512	275	99	492	158	279.137
74	maps/rooms/8room_018.map	512	512	500	154	304	219	299.652
74	maps/rooms/8room_018.map	512	512	383	301	204	147	299.693
73	maps/rooms/8room_018.map	512	512	362	55	135	165	295.936
50	maps/rooms/8room_018.map	512	512	368	313	229	395	202.681
73	maps/rooms/8room_018.map	512	512	397	69	246	246	295.723
56	maps/rooms/8room_018.map	512	512	72	213	3	95	224.723
73	maps/rooms/8room_018.map	512	512	466	360	232	278	295.179
72	maps/rooms/8room_018.map	512	512	178	23	39	217	290.723
43	maps/rooms/8room_018.map	512	512	374	329	291	443	175.811
71	maps/rooms/8room_018.map	512	512	230	124	442	148	286.593
72	maps/rooms/8room_018.map	512	512	27	194	243	277	291.894
27	maps/rooms/8room_018.map	512	512	107	318	142	405	109.698
72	maps/rooms/8room_018.map	512	512	506	9	296	92	291.267
68	maps/rooms/8room_018.map	512	512	410	287	252	131	274.995
72	maps/rooms/8room_018.map	512	512	67	229	290	309	290.764
50	maps/rooms/8room_018.map	512	512	154	111	258	165	201.338
72	maps/rooms/8room_018.map	512	512	116	47	254	200	291.492
70	maps/rooms/8room_018.map	512	512	141	248	375	344	283.137
38	maps/rooms/8room_018.map	512	512	506	7	498	116	155.225
39	maps/rooms/8room_018.map	512	512	152	344	220	459	157.853
51	maps/rooms/8room_018.map	512	512	226	341	77	367	206.581
30	maps/rooms/8room_018.map	512	512	399	274	444	365	120.184
68	maps/rooms/8room_018.map	512	512	250	297	459	194	275.764
70	maps/rooms/8room_018.map	512	512	478	341	371	121	283.693
70	maps/rooms/8room_018.map	512	512	222	348	435	406	283.794
70	maps/rooms/8room_018.map	512	512	221	313	142	127	283.108
54	maps/rooms/8room_018.map	512	512	494	150	344	154	217.581
16	maps/rooms/8room_018.map	512	512	234	283	204	323	67.6985
70	maps/rooms/8room_018.map	512	512	156	429	367	446	283.823
70	maps/rooms/8room_018.map	512	512	386	367	166	255	282.794
68	maps/rooms/8room_018.map	512	512	502	310	298	213	275.593
63	maps/rooms/8room_018.map	512	512	266	427	58	449	255.095
23	maps/rooms/8room_018.map	512	512	20	392	96	358	95.598
63	maps/rooms/8room_018.map	512	512	194	473	332	320	255.995
63	maps/rooms/8room_018.map	512	512	210	109	151	283	255.894
63	maps/rooms/8room_018.map	512	512	287	253	495	293	255.924
62	maps/rooms/8room_018.map	512	512	398	157	431	372	251.338
62	maps/rooms/8room_018.map	512	512	503	131	307	37	251.966
61	maps/rooms/8room_018.map	512	512	25	105	93	260	247.551
31	maps/rooms/8room_018.map	512	512	322	492	253	453	125.841
55	maps/rooms/8room_018.map	512	512	258	94	408	164	221.137
61	maps/rooms/8room_018.map	512	512	211	486	253	319	247.267
61	maps/rooms/8room_018.map	512	512	351	56	422	247	247.279
61	maps/rooms/8room_018.map	512	512	181	11	299	132	246.924
61	maps/rooms/8room_018.map	512	512	230	36	286	209	247.125
29	maps/rooms/8room_018.map	512	512	222	391	164	322	118.255
60	maps/rooms/8room_018.map	512	512	365	166	246	307	243.622
60	maps/rooms/8room_018.map	512	512	201	113	342	217	243.752
54	maps/rooms/8room_018.map	512	512	13	156	184	126	217.61
60	maps/rooms/8room_018.map	512	512	143	430	267	279	242.823
60	maps/rooms/8room_018.map	512	512	357	158	318	341	243.681
60	maps/rooms/8room_018.map	512	512	451	423	328	269	243.894
60	maps/rooms/8room_018.map	512	512	237	19	296	211	242.782
59	maps/rooms/8room_018.map	512	512	366	468	186	407	239.167
59	maps/rooms/8room_018.map	512	512	510	32	487	220	239.267
59	maps/rooms/8room_018.map	512	512	377	359	259	199	239.238
59	maps/rooms/8room_018.map	512	512	136	427	130	222	239.125
22	maps/rooms/8room_018.map	512	512	237	408	312	414	89.7696
58	maps/rooms/8room_018.map	512	512	18	327	178	397	235.539
58	maps/rooms/8room_018.map	512	512	172	247	82	430	235.652
58	maps/rooms/8room_018.map	512	512	162	393	290	254	234.823
48	maps/rooms/8room_018.map	512	512	244	474	85	412	194.196
57	maps/rooms/8room_018.map	512	512	313	26	278	219	231.439
57	maps/rooms/8room_018.map	512	512	76	215	211	121	231.51
57	maps/rooms/8room_018.map	512	512	153	14	294	107	231.782
57	maps/rooms/8room_018.map	512	512	26	21	105	205	231.409
57	maps/rooms/8room_018.map	512	512	381	150	253	293	231.108
57	maps/rooms/8room_018.map	512	512	173	453	210	274	231.196
56	maps/rooms/8room_018.map	512	512	309	419	116	390	227.054
44	maps/rooms/8room_018.map	512	512	366	457	324	451	179.74
56	maps/rooms/8room_018.map	512	512	178	456	361	485	226.752
56	maps/rooms/8room_018.map	512	512	306	376	140	387	227.125
22	maps/rooms/8room_018.map	512	512	14	298	40	351	88.9411
56	maps/rooms/8room_018.map	512	512	149	282	311	234	227.782
56	maps/rooms/8room_018.map	512	512	296	394	295	210	226.782
56	maps/rooms/8room_018.map	512	512	297	443	310	247	227.468
55	maps/rooms/8room_018.map	512	512	141	155	83	320	223.51
54	maps/rooms/8room_018.map	512	512	435	473	275	491	219.581
36	maps/rooms/8room_018.map	512	512	102	413	217	370	147.296
54	maps/rooms/8room_018.map	512	512	270	230	138	353	219.652
54	maps/rooms/8room_018.map	512	512	307	412	111	425	219.468
53	maps/rooms/8room_018.map	512	512	7	471	173	396	215.752
52	maps/rooms/8room_018.map	512	512	381	265	224	278	211.782
47	maps/rooms/8room_018.map	512	512	349	248	443	376	188.024
23	maps/rooms/8room_018.map	512	512	405	314	451	379	94.0122
52	maps/rooms/8room_018.map	512	512	419	341	295	212	211.995
52	maps/rooms/8room_018.map	512	512	339	53	258	199	211.267
52	maps/rooms/8room_018.map	512	512	154	98	275	204	211.267
50	maps/rooms/8room_018.map	512	512	285	394	408	349	203.196
51	maps/rooms/8room_018.map	512	512	139	381	284	367	207.024
50	maps/rooms/8room_018.map	512	512	326	28	286	132	203.782
50	maps/rooms/8room_018.map	512	512	250	120	355	255	203.924
50	maps/rooms/8room_018.map	512	512	158	269	301	240	203.782
37	maps/rooms/8room_018.map	512	512	277	40	195	82	151.539
49	maps/rooms/8room_018.map	512	512	406	56	246	95	199.024
49	maps/rooms/8room_018.map	512	512	426	90	303	187	199.095
49	maps/rooms/8room_018.map	512	512	324	136	266	278	199.095
49	maps/rooms/8room_018.map	512	512	309	309	150	241	199.51
48	maps/rooms/8room_018.map	512	512	477	424	308	404	195.711
48	maps/rooms/8room_018.map	512	512	250	268	293	121	195.296
48	maps/rooms/8room_018.map	512	512	22	237	181	229	195.368
48	maps/rooms/8room_018.map	512	512	62	485	83	334	195.296
48	maps/rooms/8room_018.map	512	512	117	301	269	279	195.681
22	maps/rooms/8room_018.map	512	512	334	126	345	69	91.2548
48	maps/rooms/8room_018.map	512	512	323	446	332	276	195.669
47	maps/rooms/8room_018.map	512	512	66	459	223	414	191.882
46	maps/rooms/8room_018.map	512	512	397	308	270	398	187.125
46	maps/rooms/8room_018.map	512	512	39	147	187	118	187.811
37	maps/rooms/8room_018.map	512	512	101	148	6	66	148.296
27	maps/rooms/8room_018.map	512	512	379	234	453	185	110.113
46	maps/rooms/8room_018.map	512	512	5	455	106	338	187.439
46	maps/rooms/8room_018.map	512	512	402	158	280	258	186.853
46	maps/rooms/8room_018.map	512	512	290	373	341	235	187.569
6	maps/rooms/8room_018.map	512	512	233	478	214	468	24.3137
46	maps/rooms/8room_018.map	512	512	14	511	129	420	187.681
46	maps/rooms/8room_018.map	512	512	376	510	418	372	186.711
44	maps/rooms/8room_018.map	512	512	178	331	66	245	179.681
44	maps/rooms/8room_018.map	512	512	404	12	381	140	179.167
42	maps/rooms/8room_018.map	512	512	408	39	284	112	171.61
42	maps/rooms/8room_018.map	512	512	287	302	224	198	171.083
42	maps/rooms/8room_018.map	512	512	155	135	162	253	171.61
42	maps/rooms/8room_018.map	512	512	442	447	420	294	171.569
42	maps/rooms/8room_018.map	512	512	302	315	253	407	171.225
42	maps/rooms/8room_018.map	512	512	275	506	188	409	171.983
41	maps/rooms/8room_018.map	512	512	89	267	42	388	167.64
35	maps/rooms/8room_018.map	512	512	108	153	130	229	143.882
41	maps/rooms/8room_018.map	512	512	466	40	329	57	166.811
41	maps/rooms/8room_018.map	512	512	178	286	76	323	167.711
41	maps/rooms/8room_018.map	512	512	421	266	396	394	167.326
41	maps/rooms/8room_018.map	512	512	298	487	410	412	167.125
41	maps/rooms/8room_018.map	512	512	376	501	259	430	167.924
41	maps/rooms/8room_018.map	512	512	134	154	251	200	167.083
40	maps/rooms/8room_018.map	512	512	351	425	316	358	163.64
21	maps/rooms/8room_018.map	512	512	87	140	55	194	87.9411
40	maps/rooms/8room_018.map	512	512	363	166	280	207	163.882
40	maps/rooms/8room_018.map	512	512	52	204	155	141	163.64
30	maps/rooms/8room_018.map	512	512	428	183	446	267	120.468
40	maps/rooms/8room_018.map	512	512	440	217	344	144	163.267
17	maps/rooms/8room_018.map	512	512	493	425	451	450	69.3848
40	maps/rooms/8room_018.map	512	512	121	147	31	229	163.196
39	maps/rooms/8room_018.map	512	512	190	169	297	222	159.497
24	maps/rooms/8room_018.map	512	512	420	365	394	431	99.2548
39	maps/rooms/8room_018.map	512	512	294	172	211	263	158.811
39	maps/rooms/8room_018.map	512	512	54	188	125	72	159.711
39	maps/rooms/8room_018.map	512	512	375	221	234	198	159.497
39	maps/rooms/8room_018.map	512	512	164	453	151	317	159.125
38	maps/rooms/8room_018.map	512	512	255	178	343	255	155.61
38	maps/rooms/8room_018.map	512	512	151	56	117	175	155.912
38	maps/rooms/8room_018.map	512	512	307	69	377	151	155.539
38	maps/rooms/8room_018.map	512	512	332	78	210	122	155.782
38	maps/rooms/8room_018.map	512	512	425	323	411	191	155.983
14	maps/rooms/8room_018.map	512	512	426	287	383	282	56.5269
37	maps/rooms/8room_018.map	512	512	269	479	389	437	151.255
37	maps/rooms/8room_018.map	512	512	18	443	148	453	151.941
36	maps/rooms/8room_018.map	512	512	458	362	349	341	147.497
36	maps/rooms/8room_018.map	512	512	310	346	306	227	147.912
36	maps/rooms/8room_018.map	512	512	163	508	151	379	147.083
36	maps/rooms/8room_018.map	512	512	274	454	255	331	147.012
36	maps/rooms/8room_018.map	512	512	40	238	159	236	147.569
36	maps/rooms/8room_018.map	512	512	163	315	260	244	147.296
36	maps/rooms/8room_018.map	512	512	340	306	324	427	147.77
35	maps/rooms/8room_018.map	512	512	303	323	235	338	143.125
35	maps/rooms/8room_018.map	512	512	105	108	120	217	143.397
35	maps/rooms/8room_018.map	512	512	312	286	183	282	143.912
35	maps/rooms/8room_018.map	512	512	156	87	184	175	143.983
35	maps/rooms/8room_018.map	512	512	443	197	326	230	143.64
35	maps/rooms/8room_018.map	512	512	452	135	376	201	143.983
35	maps/rooms/8room_018.map	512	512	125	403	226	469	142.983
34	maps/rooms/8room_018.map	512	512	231	477	264	404	138.669
34	maps/rooms/8room_018.map	512	512	103	495	162	406	139.154
34	maps/rooms/8room_018.map	512	512	19	409	122	346	139.296
23	maps/rooms/8room_018.map	512	512	396	346	474	329	95.5269
34	maps/rooms/8room_018.map	512	512	237	18	293	117	139.426
34	maps/rooms/8room_018.map	512	512	295	60	293	181	139.083
34	maps/rooms/8room_018.map	512	512	140	418	263	402	139.912
33	maps/rooms/8room_018.map	512	512	140	202	220	279	135.569
33	maps/rooms/8room_018.map	512	512	379	118	299	191	135.569
33	maps/rooms/8room_018.map	512	512	422	180	322	124	135.64
33	maps/rooms/8room_018.map	512	512	70	390	45	300	134.841
33	maps/rooms/8room_018.map	512	512	4	403	114	443	134.77
33	maps/rooms/8room_018.map	512	512	435	318	409	414	135.841
32	maps/rooms/8room_018.map	512	512	25	373	26	261	131.326
32	maps/rooms/8room_018.map	512	512	492	58	485	153	131.497
32	maps/rooms/8room_018.map	512	512	246	44	297	127	131.74
32	maps/rooms/8room_018.map	512	512	40	83	149	56	131.941
31	maps/rooms/8room_018.map	512	512	470	350	430	256	127.74
31	maps/rooms/8room_018.map	512	512	311	357	223	415	127.74
31	maps/rooms/8room_018.map	512	512	507	381	468	317	127.569
31	maps/rooms/8room_018.map	512	512	230	473	136	415	127.397
31	maps/rooms/8room_018.map	512	512	436	116	382	167	127.326
31	maps/rooms/8room_018.map	512	512	183	306	278	363	126.811
30	maps/rooms/8room_018.map	512	512	215	75	207	123	123.296
30	maps/rooms/8room_018.map	512	512	210	329	159	407	123.426
30	maps/rooms/8room_018.map	512	512	260	136	307	225	123.255
30	maps/rooms/8room_018.map	512	512	295	209	408	220	123.941
30	maps/rooms/8room_018.map	512	512	232	169	303	85	123.368
29	maps/rooms/8room_018.map	512	512	43	111	131	63	119.598
29	maps/rooms/8room_018.map	512	512	373	469	411	389	119.74
29	maps/rooms/8room_018.map	512	512	124	291	43	232	119.397
29	maps/rooms/8room_018.map	512	512	91	28	132	98	119.569
29	maps/rooms/8room_018.map	512	512	20	349	92	278	119.811
29	maps/rooms/8room_018.map	512	512	221	217	309	228	119.326
29	maps/rooms/8room_018.map	512	512	153	246	68	219	116.326
28	maps/rooms/8room_018.map	512	512	287	149	347	141	114.87
28	maps/rooms/8room_018.map	512	512	41	43	77	132	114.74
28	maps/rooms/8room_018.map	512	512	293	166	249	246	115.355
27	maps/rooms/8room_018.map	512	512	379	363	330	283	111.669
27	maps/rooms/8room_018.map	512	512	500	372	429	402	111.083
27	maps/rooms/8room_018.map	512	512	18	188	33	283	111.355
27	maps/rooms/8room_018.map	512	512	143	12	92	44	111.083
26	maps/rooms/8room_018.map	512	512	42	84	83	162	106.74
26	maps/rooms/8room_018.map	512	512	83	386	151	321	107.811
26	maps/rooms/8room_018.map	512	512	239	40	285	79	107.77
26	maps/rooms/8room_018.map	512	512	226	22	287	86	107.426
23	maps/rooms/8room_018.map	512	512	286	5	282	68	95.4264
26	maps/rooms/8room_018.map	512	512	232	452	263	402	107.669
25	maps/rooms/8room_018.map	512	512	399	76	344	139	103.497
25	maps/rooms/8room_018.map	512	512	121	398	181	337	103.426
25	maps/rooms/8room_018.map	512	512	124	34	175	93	103.983
25	maps/rooms/8room_018.map	512	512	377	166	338	243	103.154
25	maps/rooms/8room_018.map	512	512	24	46	71	124	103.326
25	maps/rooms/8room_018.map	512	512	102	181	138	141	103.497
25	maps/rooms/8room_018.map	512	512	498	4	492	81	103.971
24	maps/rooms/8room_018.map	512	512	139	486	162	406	99.4264
24	maps/rooms/8room_018.map	512	512	481	212	466	133	99.6985
24	maps/rooms/8room_018.map	512	512	435	138	394	75	98.7696
24	maps/rooms/8room_018.map	512	512	445	94	360	78	98.598
24	maps/rooms/8room_018.map	512	512	125	247	168	313	99.4264
24	maps/rooms/8room_018.map	512	512	237	404	165	379	99.4264
24	maps/rooms/8room_018.map	512	512	55	202	115	212	99.598
24	maps/rooms/8room_018.map	512	512	220	125	195	175	99.4264
23	maps/rooms/8room_018.map	512	512	239	117	312	111	95.669
23	maps/rooms/8room_018.map	512	512	363	325	282	301	95.7696
23	maps/rooms/8room_018.map	512	512	373	426	428	369	95.598
23	maps/rooms/8room_018.map	512	512	130	443	91	386	95.3553
22	maps/rooms/8room_018.map	512	512	189	43	266	35	91.3848
22	maps/rooms/8room_018.map	512	512	138	98	123	169	91.0122
22	maps/rooms/8room_018.map	512	512	248	394	304	354	91.9411
22	maps/rooms/8room_018.map	512	512	117	78	185	118	91.598
22	maps/rooms/8room_018.map	512	512	490	116	432	143	91.1838
22	maps/rooms/8room_018.map	512	512	308	423	233	414	91.3553
21	maps/rooms/8room_018.map	512	512	306	374	259	346	87.3259
21	maps/rooms/8room_018.map	512	512	278	172	293	102	87.5269
21	maps/rooms/8room_018.map	512	512	4	140	69	110	86.598
21	maps/rooms/8room_018.map	512	512	343	375	319	355	87.3553
20	maps/rooms/8room_018.map	512	512	261	471	228	415	83.8701
20	maps/rooms/8room_018.map	512	512	442	482	390	487	83.3259
20	maps/rooms/8room_018.map	512	512	299	189	263	124	83.4264
20	maps/rooms/8room_018.map	512	512	92	77	148	105	83.4975
20	maps/rooms/8room_018.map	512	512	84	139	142	103	83.9411
20	maps/rooms/8room_018.map	512	512	46	184	75	136	83.2843
19	maps/rooms/8room_018.map	512	512	477	495	444	432	79.0122
19	maps/rooms/8room_018.map	512	512	146	405	179	343	79.1838
19	maps/rooms/8room_018.map	512	512	143	380	192	379	79.598
19	maps/rooms/8room_018.map	512	512	310	233	261	284	79.4975
19	maps/rooms/8room_018.map	512	512	503	260	444	288	79.5269
19	maps/rooms/8room_018.map	512	512	318	237	260	199	79.598
19	maps/rooms/8room_018.map	512	512	418	149	381	142	78.7696
18	maps/rooms/8room_018.map	512	512	379	229	324	232	75.1127
18	maps/rooms/8room_018.map	512	512	135	473	184	440	75.0122
18	maps/rooms/8room_018.map	512	512	77	118	141	102	75.9411
18	maps/rooms/8room_018.map	512	512	478	78	485	130	74.9411
18	maps/rooms/8room_018.map	512	512	122	506	59	493	75.3137
18	maps/rooms/8room_018.map	512	512	168	380	197	323	75.0122
18	maps/rooms/8room_018.map	512	512	416	372	366	337	75.5269
18	maps/rooms/8room_018.map	512	512	51	78	87	36	74.8701
18	maps/rooms/8room_018.map	512	512	143	188	137	122	75.9411
17	maps/rooms/8room_018.map	512	512	348	323	285	306	71.2132
17	maps/rooms/8room_018.map	512	512	282	440	313	390	71.0416
17	maps/rooms/8room_018.map	512	512	177	51	132	83	71.3848
17	maps/rooms/8room_018.map	512	512	341	173	282	196	70.8701
16	maps/rooms/8room_018.map	512	512	333	303	279	279	67.4558
16	maps/rooms/8room_018.map	512	512	166	430	158	443	66.9411
16	maps/rooms/8room_018.map	512	512	116	309	124	361	67.4558
16	maps/rooms/8room_018.map	512	512	307	229	260	199	67.0416
16	maps/rooms/8room_018.map	512	512	488	237	452	276	66.6985
16	maps/rooms/8room_018.map	512	512	407	187	419	244	67.2843
16	maps/rooms/8room_018.map	512	512	190	431	247	409	67.8701
16	maps/rooms/8room_018.map	512	512	389	251	397	299	64.6274
16	maps/rooms/8room_018.map	512	512	116	307	118	361	66.9706
15	maps/rooms/8room_018.map	512	512	181	487	214	445	63.8701
15	maps/rooms/8room_018.map	512	512	396	391	398	436	62.799
15	maps/rooms/8room_018.map	512	512	258	61	244	97	63.4558
15	maps/rooms/8room_018.map	512	512	229	487	214	452	63.1127
15	maps/rooms/8room_018.map	512	512	434	478	441	420	63.3848
15	maps/rooms/8room_018.map	512	512	190	421	173	394	63.4558
14	maps/rooms/8room_018.map	512	512	281	46	271	68	59.8406
14	maps/rooms/8room_018.map	512	512	510	211	471	243	59.2843
14	maps/rooms/8room_018.map	512	512	4	486	47	458	59.8701
14	maps/rooms/8room_018.map	512	512	475	271	488	223	59.0416
14	maps/rooms/8room_018.map	512	512	455	14	433	55	59.0416
14	maps/rooms/8room_018.map	512	512	354	478	334	472	59.3553
14	maps/rooms/8room_018.map	512	512	475	490	451	442	59.1127
13	maps/rooms/8room_018.map	512	512	250	20	268	67	55.6274
13	maps/rooms/8room_018.map	512	512	66	36	99	68	55.0416
13	maps/rooms/8room_018.map	512	512	106	266	83	307	55.2132
13	maps/rooms/8room_018.map	512	512	167	291	138	330	55.6985
13	maps/rooms/8room_018.map	512	512	404	232	358	217	55.1421
13	maps/rooms/8room_018.map	512	512	280	438	230	433	55.3848
13	maps/rooms/8room_018.map	512	512	193	412	246	410	55.4853
13	maps/rooms/8room_018.map	512	512	106	172	103	198	55.8701
12	maps/rooms/8room_018.map	512	512	480	300	442	273	51.5269
12	maps/rooms/8room_018.map	512	512	59	94	75	127	51.3848
12	maps/rooms/8room_018.map	512	512	169	356	201	385	51.2843
12	maps/rooms/8room_018.map	512	512	59	198	91	188	50.6274
12	maps/rooms/8room_018.map	512	512	101	45	104	73	51.8701
12	maps/rooms/8room_018.map	512	512	280	457	301	420	51.5563
12	maps/rooms/8room_018.map	512	512	175	381	168	335	51.3848
12	maps/rooms/8room_018.map	512	512	291	308	260	329	50.8701
12	maps/rooms/8room_018.map	512	512	127	470	160	456	51.5269
11	maps/rooms/8room_018.map	512	512	391	329	419	305	47.4558
11	maps/rooms/8room_018.map	512	512	38	511	70	482	47.5269
11	maps/rooms/8room_018.map	512	512	168	248	146	281	47.9706
11	maps/rooms/8room_018.map	512	512	201	147	202	175	47.0416
11	maps/rooms/8room_018.map	512	512	323	372	361	390	47.799
11	maps/rooms/8room_018.map	512	512	139	462	136	416	47.2426
11	maps/rooms/8room_018.map	512	512	79	45	99	68	47.9706
11	maps/rooms/8room_018.map	512	512	442	318	403	300	47.6274
11	maps/rooms/8room_018.map	512	512	44	164	65	198	47.3848
11	maps/rooms/8room_018.map	512	512	83	406	71	376	47.6985
10	maps/rooms/8room_018.map	512	512	87	388	111	359	43.0416
10	maps/rooms/8room_018.map	512	512	85	72	118	83	42.8701
10	maps/rooms/8room_018.map	512	512	74	179	98	206	43.3848
10	maps/rooms/8room_018.map	512	512	274	276	252	306	42.6274
10	maps/rooms/8room_018.map	512	512	431	43	393	40	43.3848
10	maps/rooms/8room_018.map	512	512	487	429	451	414	43.3848
10	maps/rooms/8room_018.map	512	512	131	173	116	191	43.9706
10	maps/rooms/8room_018.map	512	512	333	494	308	470	43.1421
10	maps/rooms/8room_018.map	512	512	259	381	261	346	43.2843
9	maps/rooms/8room_018.map	512	512	62	165	52	200	39.9706
9	maps/rooms/8room_018.map	512	512	126	308	133	306	39.7279
9	maps/rooms/8room_018.map	512	512	345	124	325	134	39.6985
9	maps/rooms/8room_018.map	512	512	331	451	316	419	39.9706
9	maps/rooms/8room_018.map	512	512	185	477	187	458	39.9706
9	maps/rooms/8room_018.map	512	512	466	394	441	402	39.3848
9	maps/rooms/8room_018.map	512	512	450	105	466	124	39.4853
9	maps/rooms/8room_018.map	512	512	404	22	380	47	39.6274
8	maps/rooms/8room_018.map	512	512	467	493	468	463	35.3848
8	maps/rooms/8room_018.map	512	512	241	278	267	296	34.6274
8	maps/rooms/8room_018.map	512	512	285	381	267	354	35.6274
8	maps/rooms/8room_018.map	512	512	138	20	140	49	35.6274
8	maps/rooms/8room_018.map	512	512	267	100	292	117	35.5563
8	maps/rooms/8room_018.map	512	512	86	363	117	353	35.1421
8	maps/rooms/8room_018.map	512	512	182	211	171	194	35.799
8	maps/rooms/8room_018.map	512	512	360	436	387	435	34.6274
7	maps/rooms/8room_018.map	512	512	252	52	262	73	31.1421
7	maps/rooms/8room_018.map	512	512	86	71	109	80	31.2132
7	maps/rooms/8room_018.map	512	512	236	344	218	323	31.3848
7	maps/rooms/8room_018.map	512	512	175	462	156	440	31.0416
7	maps/rooms/8room_018.map	512	512	203	351	227	342	31.4853
7	maps/rooms/8room_018.map	512	512	316	149	306	176	31.1421
7	maps/rooms/8room_018.map	512	512	341	228	321	222	31.3137
7	maps/rooms/8room_018.map	512	512	194	435	211	433	31.1421
7	maps/rooms/8room_018.map	512	512	149	25	139	51	31.3137
6	maps/rooms/8room_018.map	512	512	370	313	345	311	27.4853
6	maps/rooms/8room_018.map	512	512	355	90	364	66	27.7279
6	maps/rooms/8room_018.map	512	512	216	235	193	229	27.9706
6	maps/rooms/8room_018.map	512	512	414	493	406	469	27.3137
6	maps/rooms/8room_018.map	512	512	395	172	410	182	27.9706
6	maps/rooms/8room_018.map	512	512	265	307	255	328	27.4853
6	maps/rooms/8room_018.map	512	512	490	135	475	151	27.4853
6	maps/rooms/8room_018.map	512	512	419	398	442	402	27.4853
5	maps/rooms/8room_018.map	512	512	445	385	441	405	23.6569
5	maps/rooms/8room_018.map	512	512	346	276	329	266	22.8995
5	maps/rooms/8room_018.map	512	512	261	182	280	191	22.7279
5	maps/rooms/8room_018.map	512	512	491	168	488	187	22.7279
5	maps/rooms/8room_018.map	512	512	54	83	67	98	23.8995
5	maps/rooms/8room_018.map	512	512	23	248	44	255	23.8995
5	maps/rooms/8room_018.map	512	512	13	389	24	373	23.4853
5	maps/rooms/8room_018.map	512	512	452	307	434	299	23.6569
5	maps/rooms/8room_018.map	512	512	8	315	18	299	23.0711
5	maps/rooms/8room_018.map	512	512	211	89	227	98	23.2426
4	maps/rooms/8room_018.map	512	512	332	338	331	323	18.8284
4	maps/rooms/8room_018.map	512	512	79	483	88	472	19.3137
4	maps/rooms/8room_018.map	512	512	27	488	44	492	19.4853
4	maps/rooms/8room_018.map	512	512	91	221	96	207	19
4	maps/rooms/8room_018.map	512	512	26	140	36	126	19.3137
4	maps/rooms/8room_018.map	512	512	22	77	31	61	19.7279
4	maps/rooms/8room_018.map	512	512	62	457	59	439	19.2426
4	maps/rooms/8room_018.map	512	512	511	235	499	249	18.9706
4	maps/rooms/8room_018.map	512	512	241	264	258	270	19.4853
4	maps/rooms/8room_018.map	512	512	147	93	133	95	19.8995
3	maps/rooms/8room_018.map	512	512	474	286	466	296	15.6569
3	maps/rooms/8room_018.map	512	512	274	348	286	340	15.3137
3	maps/rooms/8room_018.map	512	512	295	100	302	88	14.8995
3	maps/rooms/8room_018.map	512	512	41	351	47	338	15.4853
3	maps/rooms/8room_018.map	512	512	295	27	308	31	14.6569
3	maps/rooms/8room_018.map	512	512	39	452	54	450	15.8284
3	maps/rooms/8room_018.map	512	512	21	362	34	357	15.0711
3	maps/rooms/8room_018.map	512	512	354	184	366	177	15.4853
3	maps/rooms/8room_018.map	512	512	234	84	226	96	15.3137
3	maps/rooms/8room_018.map	512	512	50	179	57	192	15.8995
2	maps/rooms/8room_018.map	512	512	109	335	120	335	11
2	maps/rooms/8room_018.map	512	512	296	511	289	502	11.8995
2	maps/rooms/8room_018.map	512	512	283	248	275	241	11.4853
2	maps/rooms/8room_018.map	512	512	89	462	82	453	11.8995
2	maps/rooms/8room_018.map	512	512	436	95	425	95	11
2	maps/rooms/8room_018.map	512	512	62	169	55	177	11.4853
2	maps/rooms/8room_018.map	512	512	110	399	112	389	11.4142
2	maps/rooms/8room_018.map	512	512	66	75	75	71	10.6569
2	maps/rooms/8room_018.map	512	512	356	169	366	173	11.6569
2	maps/rooms/8room_018.map	512	512	446	166	440	157	11.4853
1	maps/rooms/8room_018.map	512	512	6	467	10	473	7.65685
1	maps/rooms/8room_018.map	512	512	409	15	406	9	7.24264
1	maps/rooms/8room_018.map	512	512	139	137	140	144	7.41421
1	maps/rooms/8room_018.map	512	512	233	386	239	384	7.41421
1	maps/rooms/8room_018.map	512	512	219	11	214	7	6.65685
1	maps/rooms/8room_018.map	512	512	339	379	335	375	7.41421
1	maps/rooms/8room_018.map	512	512	286	172	290	176	7.41421
1	maps/rooms/8room_018.map	512	512	371	405	365	402	7.24264
1	maps/rooms/8room_018.map	512	512	86	131	88	138	7.82843
0	maps/rooms/8room_018.map	512	512	149	79	148	82	3.41421
0	maps/rooms/8room_018.map	512	512	322	157	324	160	3.82843
0	maps/rooms/8room_018.map	512	512	90	172	91	175	3.41421
0	maps/rooms/8room_018.map	512	512	474	204	472	206	2.82843
0	maps/rooms/8room_018.map	512	512	331	333	329	336	3.82843
0	maps/rooms/8room_018.map	512	512	439	448	439	445	3
0	maps/rooms/8room_018.map	512	512	7	23	9	25	2.82843
0	maps/rooms/8room_018.map	512	512	85	90	87	93	3.82843
0	maps/rooms/8room_018.map	512	512	170	152	173	152	3
