version 1
118	maps/rooms/8room_040.map	512	512	484	96	259	380	475.777
127	maps/rooms/8room_040.map	512	512	202	511	411	348	510.617
81	maps/rooms/8room_040.map	512	512	445	329	489	75	326.853
27	maps/rooms/8room_040.map	512	512	341	468	374	439	110.77
34	maps/rooms/8room_040.map	512	512	347	316	446	321	137.74
94	maps/rooms/8room_040.map	512	512	315	464	475	199	376.706
127	maps/rooms/8room_040.map	512	512	505	486	137	383	511.96
119	maps/rooms/8room_040.map	512	512	31	355	376	421	479.191
82	maps/rooms/8room_040.map	512	512	255	492	55	338	329.421
96	maps/rooms/8room_040.map	512	512	380	486	140	307	387.09
39	maps/rooms/8room_040.map	512	512	218	169	103	189	156.054
106	maps/rooms/8room_040.map	512	512	487	146	287	430	425.505
51	maps/rooms/8room_040.map	512	512	21	89	158	4	205.095
120	maps/rooms/8room_040.map	512	512	101	303	375	29	483.647
49	maps/rooms/8room_040.map	512	512	179	348	312	248	196.581
43	maps/rooms/8room_040.map	512	512	238	331	268	444	173.468
49	maps/rooms/8room_040.map	512	512	254	8	182	116	197.296
45	maps/rooms/8room_040.map	512	512	174	42	131	149	180.468
104	maps/rooms/8room_040.map	512	512	295	469	207	475	419.806
70	maps/rooms/8room_040.map	512	512	83	163	86	359	280.48
58	maps/rooms/8room_040.map	512	512	274	254	327	421	235.296
67	maps/rooms/8room_040.map	512	512	219	329	165	136	270.48
127	maps/rooms/8room_040.map	512	512	420	472	345	95	511.161
106	maps/rooms/8room_040.map	512	512	88	403	413	309	425.434
127	maps/rooms/8room_040.map	512	512	109	499	390	432	511.304
120	maps/rooms/8room_040.map	512	512	166	364	422	58	483.789
30	maps/rooms/8room_040.map	512	512	205	61	172	132	121.355
101	maps/rooms/8room_040.map	512	512	72	162	212	453	405.735
127	maps/rooms/8room_040.map	512	512	72	188	383	364	511.274
127	maps/rooms/8room_040.map	512	512	50	323	389	492	511.061
58	maps/rooms/8room_040.map	512	512	158	441	254	303	234.752
127	maps/rooms/8room_040.map	512	512	35	420	311	163	511.191
40	maps/rooms/8room_040.map	512	512	212	411	324	460	163.368
40	maps/rooms/8room_040.map	512	512	312	307	424	245	160.125
58	maps/rooms/8room_040.map	512	512	267	153	420	60	234.995
54	maps/rooms/8room_040.map	512	512	169	197	84	50	218.752
114	maps/rooms/8room_040.map	512	512	40	145	25	483	458.22
100	maps/rooms/8room_040.map	512	512	479	89	152	35	402.823
68	maps/rooms/8room_040.map	512	512	179	92	310	264	275.309
17	maps/rooms/8room_040.map	512	512	155	395	157	454	70.1127
76	maps/rooms/8room_040.map	512	512	475	393	421	153	306.995
34	maps/rooms/8room_040.map	512	512	283	6	355	43	137.326
62	maps/rooms/8room_040.map	512	512	249	40	62	70	249.267
42	maps/rooms/8room_040.map	512	512	373	373	446	327	171.326
22	maps/rooms/8room_040.map	512	512	357	468	436	480	90.6985
71	maps/rooms/8room_040.map	512	512	263	417	430	279	287.108
97	maps/rooms/8room_040.map	512	512	206	228	485	244	391.35
92	maps/rooms/8room_040.map	512	512	24	489	212	315	369.664
116	maps/rooms/8room_040.map	512	512	202	376	204	22	467.99
62	maps/rooms/8room_040.map	512	512	431	70	258	130	248.581
15	maps/rooms/8room_040.map	512	512	413	99	425	59	62.8701
47	maps/rooms/8room_040.map	512	512	95	216	28	215	191.054
70	maps/rooms/8room_040.map	512	512	318	248	166	377	281.492
127	maps/rooms/8room_040.map	512	512	492	127	131	275	511.09
117	maps/rooms/8room_040.map	512	512	388	246	62	341	469.032
127	maps/rooms/8room_040.map	512	512	119	493	138	44	510.978
108	maps/rooms/8room_040.map	512	512	41	55	394	126	432.836
127	maps/rooms/8room_040.map	512	512	9	197	329	434	511.818
68	maps/rooms/8room_040.map	512	512	427	313	423	93	275.095
119	maps/rooms/8room_040.map	512	512	9	335	382	268	478.818
126	maps/rooms/8room_040.map	512	512	484	511	130	392	507.375
82	maps/rooms/8room_040.map	512	512	239	281	210	51	331.409
126	maps/rooms/8room_040.map	512	512	50	72	355	328	507.818
37	maps/rooms/8room_040.map	512	512	374	105	493	143	149.083
126	maps/rooms/8room_040.map	512	512	499	203	86	162	507.806
105	maps/rooms/8room_040.map	512	512	166	356	474	203	421.718
103	maps/rooms/8room_040.map	512	512	84	69	138	420	413.35
111	maps/rooms/8room_040.map	512	512	329	212	11	91	444.12
76	maps/rooms/8room_040.map	512	512	237	430	136	197	307.865
90	maps/rooms/8room_040.map	512	512	442	206	339	457	361.463
126	maps/rooms/8room_040.map	512	512	268	72	355	411	504.492
126	maps/rooms/8room_040.map	512	512	350	397	34	259	507.647
46	maps/rooms/8room_040.map	512	512	508	355	397	267	184.054
50	maps/rooms/8room_040.map	512	512	364	324	298	199	200.196
126	maps/rooms/8room_040.map	512	512	204	468	422	407	507.132
100	maps/rooms/8room_040.map	512	512	119	382	329	147	401.635
94	maps/rooms/8room_040.map	512	512	215	197	174	468	377.563
89	maps/rooms/8room_040.map	512	512	249	443	312	151	359.693
9	maps/rooms/8room_040.map	512	512	386	295	386	267	37.3137
126	maps/rooms/8room_040.map	512	512	501	408	201	132	507.345
98	maps/rooms/8room_040.map	512	512	174	239	367	499	393.049
59	maps/rooms/8room_040.map	512	512	98	406	221	251	238.409
16	maps/rooms/8room_040.map	512	512	296	342	258	308	66.3848
126	maps/rooms/8room_040.map	512	512	21	504	313	227	507.718
124	maps/rooms/8room_040.map	512	512	297	50	4	261	497.505
36	maps/rooms/8room_040.map	512	512	408	158	501	198	147.225
96	maps/rooms/8room_040.map	512	512	125	459	140	121	385.936
116	maps/rooms/8room_040.map	512	512	105	389	245	44	464.647
42	maps/rooms/8room_040.map	512	512	53	244	185	301	168.154
57	maps/rooms/8room_040.map	512	512	257	205	69	200	230.095
115	maps/rooms/8room_040.map	512	512	53	346	347	198	460.576
89	maps/rooms/8room_040.map	512	512	52	153	316	75	357.321
96	maps/rooms/8room_040.map	512	512	163	227	348	29	387.919
67	maps/rooms/8room_040.map	512	512	243	297	277	84	269.024
64	maps/rooms/8room_040.map	512	512	9	120	179	9	257.551
98	maps/rooms/8room_040.map	512	512	146	507	206	194	392.078
87	maps/rooms/8room_040.map	512	512	59	444	318	359	349.907
117	maps/rooms/8room_040.map	512	512	151	154	355	399	470.931
67	maps/rooms/8room_040.map	512	512	323	504	328	274	270.924
103	maps/rooms/8room_040.map	512	512	451	21	206	146	415.605
96	maps/rooms/8room_040.map	512	512	354	343	262	41	385.966
41	maps/rooms/8room_040.map	512	512	446	162	320	180	165.74
80	maps/rooms/8room_040.map	512	512	229	223	457	290	322.279
19	maps/rooms/8room_040.map	512	512	229	78	174	38	79.1838
84	maps/rooms/8room_040.map	512	512	356	236	350	467	337.007
99	maps/rooms/8room_040.map	512	512	230	152	505	283	396.735
110	maps/rooms/8room_040.map	512	512	392	359	423	70	440.049
90	maps/rooms/8room_040.map	512	512	254	100	462	303	361.25
112	maps/rooms/8room_040.map	512	512	302	388	141	73	449.12
108	maps/rooms/8room_040.map	512	512	295	82	155	396	435.078
126	maps/rooms/8room_040.map	512	512	452	76	472	504	507.463
111	maps/rooms/8room_040.map	512	512	294	354	68	76	444.718
126	maps/rooms/8room_040.map	512	512	467	475	148	239	506.931
125	maps/rooms/8room_040.map	512	512	442	281	82	427	503.103
99	maps/rooms/8room_040.map	512	512	360	139	314	468	396.421
125	maps/rooms/8room_040.map	512	512	167	508	425	358	503.061
35	maps/rooms/8room_040.map	512	512	382	482	262	483	142.154
50	maps/rooms/8room_040.map	512	512	332	260	246	157	203.125
125	maps/rooms/8room_040.map	512	512	482	195	95	198	503.747
83	maps/rooms/8room_040.map	512	512	10	148	90	339	334.622
125	maps/rooms/8room_040.map	512	512	141	109	409	346	503.517
85	maps/rooms/8room_040.map	512	512	378	501	427	298	343.681
125	maps/rooms/8room_040.map	512	512	350	90	122	424	503.99
23	maps/rooms/8room_040.map	512	512	277	28	248	88	95.669
31	maps/rooms/8room_040.map	512	512	444	484	334	477	126.598
120	maps/rooms/8room_040.map	512	512	316	472	196	109	482.161
77	maps/rooms/8room_040.map	512	512	296	185	502	47	309.179
97	maps/rooms/8room_040.map	512	512	4	57	115	313	390.321
77	maps/rooms/8room_040.map	512	512	158	308	242	149	308.966
84	maps/rooms/8room_040.map	512	512	136	104	7	339	336.208
119	maps/rooms/8room_040.map	512	512	43	127	258	446	477.061
125	maps/rooms/8room_040.map	512	512	27	418	296	142	503.434
109	maps/rooms/8room_040.map	512	512	124	258	440	96	439.463
67	maps/rooms/8room_040.map	512	512	202	290	370	164	270.208
58	maps/rooms/8room_040.map	512	512	72	502	229	452	234.196
59	maps/rooms/8room_040.map	512	512	216	371	393	436	238.953
56	maps/rooms/8room_040.map	512	512	390	221	253	99	226.095
125	maps/rooms/8room_040.map	512	512	415	54	231	359	503.517
69	maps/rooms/8room_040.map	512	512	117	446	267	312	279.966
70	maps/rooms/8room_040.map	512	512	85	278	194	83	283.338
79	maps/rooms/8room_040.map	512	512	39	191	67	419	319.037
125	maps/rooms/8room_040.map	512	512	67	467	402	261	503.617
125	maps/rooms/8room_040.map	512	512	105	38	378	329	503.404
46	maps/rooms/8room_040.map	512	512	317	12	182	10	185.468
52	maps/rooms/8room_040.map	512	512	311	347	470	344	209.581
107	maps/rooms/8room_040.map	512	512	168	279	460	116	428.747
81	maps/rooms/8room_040.map	512	512	450	215	431	474	326.551
97	maps/rooms/8room_040.map	512	512	457	58	220	183	390.593
101	maps/rooms/8room_040.map	512	512	15	411	316	347	406.664
87	maps/rooms/8room_040.map	512	512	269	270	12	335	350.794
53	maps/rooms/8room_040.map	512	512	322	434	295	268	214.74
125	maps/rooms/8room_040.map	512	512	446	115	147	384	503.546
71	maps/rooms/8room_040.map	512	512	485	292	371	487	287.024
43	maps/rooms/8room_040.map	512	512	172	57	39	50	172.368
124	maps/rooms/8room_040.map	512	512	244	467	162	67	499.563
41	maps/rooms/8room_040.map	512	512	173	294	293	248	167.782
116	maps/rooms/8room_040.map	512	512	301	111	414	420	464.049
71	maps/rooms/8room_040.map	512	512	317	163	115	124	286.238
74	maps/rooms/8room_040.map	512	512	263	239	462	264	298.309
93	maps/rooms/8room_040.map	512	512	318	227	178	441	375.563
124	maps/rooms/8room_040.map	512	512	505	110	278	433	499.446
124	maps/rooms/8room_040.map	512	512	58	414	413	263	499.588
122	maps/rooms/8room_040.map	512	512	160	120	367	457	491.061
51	maps/rooms/8room_040.map	512	512	354	280	508	312	205.782
110	maps/rooms/8room_040.map	512	512	323	69	507	390	443.233
59	maps/rooms/8room_040.map	512	512	200	371	280	201	238.167
56	maps/rooms/8room_040.map	512	512	173	175	363	183	224.711
49	maps/rooms/8room_040.map	512	512	83	232	211	150	199.64
109	maps/rooms/8room_040.map	512	512	41	206	411	232	436.049
93	maps/rooms/8room_040.map	512	512	367	479	382	185	375.149
124	maps/rooms/8room_040.map	512	512	361	92	158	421	499.505
78	maps/rooms/8room_040.map	512	512	226	317	152	79	315.823
124	maps/rooms/8room_040.map	512	512	373	203	35	4	499.09
113	maps/rooms/8room_040.map	512	512	3	275	250	479	453.877
107	maps/rooms/8room_040.map	512	512	396	408	171	443	428.191
124	maps/rooms/8room_040.map	512	512	407	463	67	262	498.99
123	maps/rooms/8room_040.map	512	512	25	88	246	392	493.96
46	maps/rooms/8room_040.map	512	512	341	269	227	232	186.681
124	maps/rooms/8room_040.map	512	512	37	434	359	287	499.919
124	maps/rooms/8room_040.map	512	512	461	339	135	170	499.233
64	maps/rooms/8room_040.map	512	512	361	277	323	95	258.309
105	maps/rooms/8room_040.map	512	512	301	328	126	58	421.635
124	maps/rooms/8room_040.map	512	512	73	244	409	474	499.304
82	maps/rooms/8room_040.map	512	512	275	470	120	296	328.723
107	maps/rooms/8room_040.map	512	512	345	375	94	335	431.149
107	maps/rooms/8room_040.map	512	512	173	345	468	275	428.605
65	maps/rooms/8room_040.map	512	512	186	243	156	67	262.267
123	maps/rooms/8room_040.map	512	512	439	508	294	152	495.291
72	maps/rooms/8room_040.map	512	512	324	93	120	138	289.894
123	maps/rooms/8room_040.map	512	512	60	146	410	347	495.132
89	maps/rooms/8room_040.map	512	512	460	156	410	365	357.35
123	maps/rooms/8room_040.map	512	512	104	246	483	79	495.605
92	maps/rooms/8room_040.map	512	512	355	328	60	245	369.179
123	maps/rooms/8room_040.map	512	512	203	399	381	115	495.588
48	maps/rooms/8room_040.map	512	512	510	130	478	248	194.024
87	maps/rooms/8room_040.map	512	512	354	344	93	227	350.492
101	maps/rooms/8room_040.map	512	512	380	283	70	407	405.505
78	maps/rooms/8room_040.map	512	512	99	377	207	159	314.35
123	maps/rooms/8room_040.map	512	512	390	455	128	170	495.86
84	maps/rooms/8room_040.map	512	512	195	349	437	333	336.492
99	maps/rooms/8room_040.map	512	512	469	95	275	317	398.836
89	maps/rooms/8room_040.map	512	512	95	383	276	182	356.551
21	maps/rooms/8room_040.map	512	512	231	287	219	339	86.5269
37	maps/rooms/8room_040.map	512	512	10	476	37	380	149.083
107	maps/rooms/8room_040.map	512	512	450	249	124	381	431.747
90	maps/rooms/8room_040.map	512	512	446	234	159	108	363.108
89	maps/rooms/8room_040.map	512	512	307	204	467	406	358.007
123	maps/rooms/8room_040.map	512	512	127	483	135	48	495.007
80	maps/rooms/8room_040.map	512	512	229	268	281	25	320.622
92	maps/rooms/8room_040.map	512	512	31	251	266	100	370.936
123	maps/rooms/8room_040.map	512	512	438	505	140	224	495.174
89	maps/rooms/8room_040.map	512	512	325	260	425	22	357.907
123	maps/rooms/8room_040.map	512	512	486	36	210	335	495.375
66	maps/rooms/8room_040.map	512	512	503	190	299	202	264.652
123	maps/rooms/8room_040.map	512	512	62	8	145	367	495.647
76	maps/rooms/8room_040.map	512	512	86	55	57	287	304.037
88	maps/rooms/8room_040.map	512	512	214	114	142	391	353.25
78	maps/rooms/8room_040.map	512	512	152	259	364	342	312.522
60	maps/rooms/8room_040.map	512	512	436	211	329	76	243.137
122	maps/rooms/8room_040.map	512	512	509	184	152	364	490.931
54	maps/rooms/8room_040.map	512	512	165	402	26	445	219.581
51	maps/rooms/8room_040.map	512	512	217	412	362	389	205.681
122	maps/rooms/8room_040.map	512	512	123	409	316	60	491.605
122	maps/rooms/8room_040.map	512	512	119	52	387	330	491.505
122	maps/rooms/8room_040.map	512	512	229	482	287	217	491.718
84	maps/rooms/8room_040.map	512	512	16	265	294	301	338.108
52	maps/rooms/8room_040.map	512	512	229	324	313	474	208.711
100	maps/rooms/8room_040.map	512	512	226	214	365	359	402.836
122	maps/rooms/8room_040.map	512	512	85	232	420	37	491.161
122	maps/rooms/8room_040.map	512	512	8	298	403	227	491.404
113	maps/rooms/8room_040.map	512	512	19	100	340	285	454.635
122	maps/rooms/8room_040.map	512	512	138	116	358	420	491.831
60	maps/rooms/8room_040.map	512	512	259	487	338	357	243.752
37	maps/rooms/8room_040.map	512	512	127	351	234	326	148.468
68	maps/rooms/8room_040.map	512	512	244	36	334	239	273.167
80	maps/rooms/8room_040.map	512	512	217	266	6	158	321.735
122	maps/rooms/8room_040.map	512	512	435	27	486	407	491.877
74	maps/rooms/8room_040.map	512	512	382	95	470	316	297.208
122	maps/rooms/8room_040.map	512	512	241	106	290	483	491.12
121	maps/rooms/8room_040.map	512	512	100	471	426	360	487.86
108	maps/rooms/8room_040.map	512	512	413	372	122	429	433.019
37	maps/rooms/8room_040.map	512	512	418	276	484	290	150.426
95	maps/rooms/8room_040.map	512	512	42	300	207	73	381.421
59	maps/rooms/8room_040.map	512	512	132	294	136	507	237.853
121	maps/rooms/8room_040.map	512	512	476	280	146	89	487.09
104	maps/rooms/8room_040.map	512	512	70	495	310	392	419.818
60	maps/rooms/8room_040.map	512	512	184	236	294	395	241.894
86	maps/rooms/8room_040.map	512	512	402	209	341	470	344.978
49	maps/rooms/8room_040.map	512	512	157	117	307	75	197.882
84	maps/rooms/8room_040.map	512	512	174	315	401	467	337.794
121	maps/rooms/8room_040.map	512	512	474	111	71	126	487.463
32	maps/rooms/8room_040.map	512	512	510	83	409	69	128.113
87	maps/rooms/8room_040.map	512	512	402	386	425	139	351.966
121	maps/rooms/8room_040.map	512	512	507	26	313	371	487.09
118	maps/rooms/8room_040.map	512	512	394	408	407	93	473.664
15	maps/rooms/8room_040.map	512	512	60	383	21	398	63.9411
96	maps/rooms/8room_040.map	512	512	265	471	355	171	387.12
21	maps/rooms/8room_040.map	512	512	3	167	20	171	85.669
72	maps/rooms/8room_040.map	512	512	263	255	479	251	288.208
101	maps/rooms/8room_040.map	512	512	203	132	179	446	404.693
62	maps/rooms/8room_040.map	512	512	441	329	292	238	250.794
48	maps/rooms/8room_040.map	512	512	121	197	118	367	195.225
121	maps/rooms/8room_040.map	512	512	447	442	206	137	487.889
121	maps/rooms/8room_040.map	512	512	42	492	364	298	487.99
61	maps/rooms/8room_040.map	512	512	145	463	120	246	245.196
121	maps/rooms/8room_040.map	512	512	114	314	441	97	487.262
121	maps/rooms/8room_040.map	512	512	504	231	163	56	487.262
64	maps/rooms/8room_040.map	512	512	270	213	90	187	259.439
74	maps/rooms/8room_040.map	512	512	366	166	431	366	296.764
75	maps/rooms/8room_040.map	512	512	365	460	380	238	302.522
19	maps/rooms/8room_040.map	512	512	367	124	379	61	79.6274
43	maps/rooms/8room_040.map	512	512	286	233	378	331	173.196
121	maps/rooms/8room_040.map	512	512	434	502	142	233	486.688
77	maps/rooms/8room_040.map	512	512	242	334	489	398	310.078
37	maps/rooms/8room_040.map	512	512	130	333	214	246	149.711
11	maps/rooms/8room_040.map	512	512	38	485	26	467	45.2132
77	maps/rooms/8room_040.map	512	512	114	322	8	151	309.551
24	maps/rooms/8room_040.map	512	512	159	175	220	168	97.0122
101	maps/rooms/8room_040.map	512	512	355	479	130	251	406.404
121	maps/rooms/8room_040.map	512	512	374	495	206	155	487.203
81	maps/rooms/8room_040.map	512	512	287	247	477	430	325.735
120	maps/rooms/8room_040.map	512	512	159	466	434	309	483.505
120	maps/rooms/8room_040.map	512	512	141	485	393	470	483.09
67	maps/rooms/8room_040.map	512	512	330	332	473	165	271.865
120	maps/rooms/8room_040.map	512	512	461	404	151	172	483.99
36	maps/rooms/8room_040.map	512	512	56	200	141	281	144.569
29	maps/rooms/8room_040.map	512	512	507	100	457	15	119.083
120	maps/rooms/8room_040.map	512	512	84	100	385	329	483.889
120	maps/rooms/8room_040.map	512	512	434	318	84	148	483.262
94	maps/rooms/8room_040.map	512	512	483	387	511	139	377.664
93	maps/rooms/8room_040.map	512	512	116	291	409	307	372.421
106	maps/rooms/8room_040.map	512	512	365	474	168	196	424.747
27	maps/rooms/8room_040.map	512	512	443	445	365	466	108.355
100	maps/rooms/8room_040.map	512	512	150	108	168	442	403.622
61	maps/rooms/8room_040.map	512	512	134	361	294	429	245.137
95	maps/rooms/8room_040.map	512	512	260	215	9	356	382.693
59	maps/rooms/8room_040.map	512	512	511	319	321	313	239.196
120	maps/rooms/8room_040.map	512	512	3	478	324	322	483.333
84	maps/rooms/8room_040.map	512	512	179	325	277	140	336.037
120	maps/rooms/8room_040.map	512	512	29	422	391	334	482.777
119	maps/rooms/8room_040.map	512	512	382	386	356	29	479.534
119	maps/rooms/8room_040.map	512	512	325	443	126	105	479.576
116	maps/rooms/8room_040.map	512	512	185	99	105	485	464.978
83	maps/rooms/8room_040.map	512	512	98	406	247	250	334.806
76	maps/rooms/8room_040.map	512	512	310	390	154	434	307.179
18	maps/rooms/8room_040.map	512	512	167	228	136	280	73.0416
103	maps/rooms/8room_040.map	512	512	468	474	490	167	415.492
116	maps/rooms/8room_040.map	512	512	418	120	82	189	467.492
115	maps/rooms/8room_040.map	512	512	231	119	364	408	461.22
29	maps/rooms/8room_040.map	512	512	110	326	136	229	118.598
119	maps/rooms/8room_040.map	512	512	260	71	68	415	479.203
94	maps/rooms/8room_040.map	512	512	332	280	467	27	378.735
87	maps/rooms/8room_040.map	512	512	507	214	278	391	350.978
107	maps/rooms/8room_040.map	512	512	106	20	323	246	429.291
26	maps/rooms/8room_040.map	512	512	306	103	266	26	107.912
119	maps/rooms/8room_040.map	512	512	99	38	234	407	479.747
42	maps/rooms/8room_040.map	512	512	460	447	333	488	170.468
14	maps/rooms/8room_040.map	512	512	36	460	17	481	56.6274
72	maps/rooms/8room_040.map	512	512	283	218	142	35	288.894
110	maps/rooms/8room_040.map	512	512	446	467	122	354	441.818
36	maps/rooms/8room_040.map	512	512	285	120	160	95	146.669
119	maps/rooms/8room_040.map	512	512	390	371	274	39	479.948
119	maps/rooms/8room_040.map	512	512	252	490	323	418	479.434
119	maps/rooms/8room_040.map	512	512	460	99	279	456	479.99
89	maps/rooms/8room_040.map	512	512	263	456	454	302	356.078
69	maps/rooms/8room_040.map	512	512	458	330	305	169	277.581
63	maps/rooms/8room_040.map	512	512	217	47	178	223	253.368
118	maps/rooms/8room_040.map	512	512	55	470	291	187	475.434
2	maps/rooms/8room_040.map	512	512	335	58	333	67	9.82843
70	maps/rooms/8room_040.map	512	512	262	36	53	95	283.581
113	maps/rooms/8room_040.map	512	512	122	63	114	442	455.936
8	maps/rooms/8room_040.map	512	512	405	475	424	494	34.4853
97	maps/rooms/8room_040.map	512	512	107	335	411	281	389.22
96	maps/rooms/8room_040.map	512	512	162	377	413	429	387.735
118	maps/rooms/8room_040.map	512	512	70	100	365	325	474.877
51	maps/rooms/8room_040.map	512	512	326	25	427	126	204.409
112	maps/rooms/8room_040.map	512	512	300	509	104	470	449.777
118	maps/rooms/8room_040.map	512	512	460	445	225	146	475.889
85	maps/rooms/8room_040.map	512	512	502	306	355	95	343.764
58	maps/rooms/8room_040.map	512	512	260	265	174	390	234.38
96	maps/rooms/8room_040.map	512	512	354	101	24	124	387.593
118	maps/rooms/8room_040.map	512	512	124	156	465	297	475.019
106	maps/rooms/8room_040.map	512	512	488	378	490	57	427.735
118	maps/rooms/8room_040.map	512	512	425	117	80	264	475.12
48	maps/rooms/8room_040.map	512	512	66	310	135	373	195.054
49	maps/rooms/8room_040.map	512	512	308	301	325	152	199.054
82	maps/rooms/8room_040.map	512	512	204	135	291	373	331.978
51	maps/rooms/8room_040.map	512	512	237	141	183	265	205.539
118	maps/rooms/8room_040.map	512	512	5	183	286	387	475.818
49	maps/rooms/8room_040.map	512	512	338	133	271	281	199.225
78	maps/rooms/8room_040.map	512	512	440	237	301	438	315.22
118	maps/rooms/8room_040.map	512	512	494	440	189	206	474.647
88	maps/rooms/8room_040.map	512	512	56	227	341	171	353.936
63	maps/rooms/8room_040.map	512	512	35	50	98	234	254.238
81	maps/rooms/8room_040.map	512	512	239	358	477	490	326.35
118	maps/rooms/8room_040.map	512	512	457	291	110	166	475.605
91	maps/rooms/8room_040.map	512	512	174	206	357	2	367.635
24	maps/rooms/8room_040.map	512	512	495	215	475	156	96.6985
100	maps/rooms/8room_040.map	512	512	105	18	157	324	400.693
117	maps/rooms/8room_040.map	512	512	381	385	42	345	471.676
57	maps/rooms/8room_040.map	512	512	203	71	350	98	229.439
27	maps/rooms/8room_040.map	512	512	338	55	366	13	110.569
71	maps/rooms/8room_040.map	512	512	310	20	395	252	286.38
117	maps/rooms/8room_040.map	512	512	180	22	296	369	471.676
79	maps/rooms/8room_040.map	512	512	216	393	268	152	316.38
20	maps/rooms/8room_040.map	512	512	87	282	150	260	80.9411
40	maps/rooms/8room_040.map	512	512	166	430	191	322	160.882
117	maps/rooms/8room_040.map	512	512	377	42	308	453	471.321
28	maps/rooms/8room_040.map	512	512	269	486	363	478	115.054
91	maps/rooms/8room_040.map	512	512	343	116	236	399	367.037
85	maps/rooms/8room_040.map	512	512	122	402	325	264	340.806
117	maps/rooms/8room_040.map	512	512	366	421	77	323	471.777
32	maps/rooms/8room_040.map	512	512	258	133	171	104	129.841
117	maps/rooms/8room_040.map	512	512	381	116	109	383	470.789
117	maps/rooms/8room_040.map	512	512	46	244	365	106	471.233
101	maps/rooms/8room_040.map	512	512	489	191	507	500	405.836
87	maps/rooms/8room_040.map	512	512	377	2	346	313	348.066
92	maps/rooms/8room_040.map	512	512	229	54	401	247	369.593
51	maps/rooms/8room_040.map	512	512	328	202	313	21	204.125
57	maps/rooms/8room_040.map	512	512	152	172	13	75	231.095
93	maps/rooms/8room_040.map	512	512	306	333	473	83	372.907
15	maps/rooms/8room_040.map	512	512	330	404	341	454	61.6274
117	maps/rooms/8room_040.map	512	512	146	450	435	258	471.818
75	maps/rooms/8room_040.map	512	512	266	218	340	445	301.894
30	maps/rooms/8room_040.map	512	512	37	333	37	423	122.527
64	maps/rooms/8room_040.map	512	512	366	173	282	333	257.38
67	maps/rooms/8room_040.map	512	512	395	142	221	221	271.894
115	maps/rooms/8room_040.map	512	512	443	325	189	83	463.019
91	maps/rooms/8room_040.map	512	512	372	7	246	276	365.794
57	maps/rooms/8room_040.map	512	512	341	371	499	440	230.38
67	maps/rooms/8room_040.map	512	512	126	428	42	250	269.581
57	maps/rooms/8room_040.map	512	512	388	51	306	51	229.924
86	maps/rooms/8room_040.map	512	512	348	297	122	429	344.735
117	maps/rooms/8room_040.map	512	512	426	450	295	131	471.362
113	maps/rooms/8room_040.map	512	512	275	179	165	500	452.019
36	maps/rooms/8room_040.map	512	512	294	70	178	109	144.012
116	maps/rooms/8room_040.map	512	512	10	52	148	387	467.392
69	maps/rooms/8room_040.map	512	512	173	251	245	473	278.309
115	maps/rooms/8room_040.map	512	512	43	407	282	500	461.362
30	maps/rooms/8room_040.map	512	512	412	409	486	469	122.468
65	maps/rooms/8room_040.map	512	512	214	291	18	228	262.581
116	maps/rooms/8room_040.map	512	512	418	447	355	108	466.676
81	maps/rooms/8room_040.map	512	512	119	153	172	434	327.338
116	maps/rooms/8room_040.map	512	512	20	197	341	258	466.777
77	maps/rooms/8room_040.map	512	512	375	188	113	159	311.752
116	maps/rooms/8room_040.map	512	512	213	409	403	79	467.161
40	maps/rooms/8room_040.map	512	512	360	104	494	104	160.426
116	maps/rooms/8room_040.map	512	512	126	22	242	367	467.333
115	maps/rooms/8room_040.map	512	512	484	51	296	380	462.848
56	maps/rooms/8room_040.map	512	512	20	389	167	471	225.066
54	maps/rooms/8room_040.map	512	512	355	68	424	229	217.581
115	maps/rooms/8room_040.map	512	512	149	229	435	461	462.86
115	maps/rooms/8room_040.map	512	512	178	419	370	164	463.233
115	maps/rooms/8room_040.map	512	512	382	105	501	467	463.434
79	maps/rooms/8room_040.map	512	512	430	436	231	312	318.078
61	maps/rooms/8room_040.map	512	512	404	26	295	3	246.752
67	maps/rooms/8room_040.map	512	512	223	73	220	214	268.51
114	maps/rooms/8room_040.map	512	512	431	134	363	474	459.848
37	maps/rooms/8room_040.map	512	512	255	222	370	226	149.811
31	maps/rooms/8room_040.map	512	512	51	386	124	330	125.971
37	maps/rooms/8room_040.map	512	512	203	383	221	411	149.841
82	maps/rooms/8room_040.map	512	512	36	229	86	488	329.995
115	maps/rooms/8room_040.map	512	512	454	376	407	29	463.078
72	maps/rooms/8room_040.map	512	512	205	494	179	279	291.794
108	maps/rooms/8room_040.map	512	512	243	507	45	252	432.321
115	maps/rooms/8room_040.map	512	512	479	197	126	88	463.019
63	maps/rooms/8room_040.map	512	512	135	168	13	223	255.125
90	maps/rooms/8room_040.map	512	512	447	189	185	103	362.208
39	maps/rooms/8room_040.map	512	512	117	414	100	274	158.841
75	maps/rooms/8room_040.map	512	512	510	275	361	114	300.35
82	maps/rooms/8room_040.map	512	512	242	327	29	441	331.894
38	maps/rooms/8room_040.map	512	512	375	403	383	347	155.882
114	maps/rooms/8room_040.map	512	512	339	60	335	423	459.676
114	maps/rooms/8room_040.map	512	512	455	278	113	158	459.706
114	maps/rooms/8room_040.map	512	512	420	11	258	297	459.304
85	maps/rooms/8room_040.map	512	512	351	214	91	150	343.764
41	maps/rooms/8room_040.map	512	512	251	124	248	14	165.953
114	maps/rooms/8room_040.map	512	512	183	39	76	410	458.777
114	maps/rooms/8room_040.map	512	512	331	207	206	482	459.747
76	maps/rooms/8room_040.map	512	512	359	239	429	21	306.936
51	maps/rooms/8room_040.map	512	512	76	71	91	203	207.267
104	maps/rooms/8room_040.map	512	512	168	426	387	437	418.877
91	maps/rooms/8room_040.map	512	512	155	27	348	237	364.664
114	maps/rooms/8room_040.map	512	512	92	510	120	122	459.605
84	maps/rooms/8room_040.map	512	512	124	217	298	441	338.877
73	maps/rooms/8room_040.map	512	512	326	370	109	274	295.451
114	maps/rooms/8room_040.map	512	512	38	108	433	102	459.25
71	maps/rooms/8room_040.map	512	512	340	491	259	260	286.894
114	maps/rooms/8room_040.map	512	512	6	373	327	203	459.534
68	maps/rooms/8room_040.map	512	512	430	101	292	258	275.551
18	maps/rooms/8room_040.map	512	512	51	407	44	383	74.6985
49	maps/rooms/8room_040.map	512	512	289	397	397	314	196.095
77	maps/rooms/8room_040.map	512	512	453	244	351	19	310.865
113	maps/rooms/8room_040.map	512	512	167	7	49	331	455.706
113	maps/rooms/8room_040.map	512	512	27	457	293	434	455.434
113	maps/rooms/8room_040.map	512	512	435	141	62	238	454.635
71	maps/rooms/8room_040.map	512	512	90	252	74	56	286.208
30	maps/rooms/8room_040.map	512	512	314	158	227	198	122.355
59	maps/rooms/8room_040.map	512	512	53	126	183	250	236.853
113	maps/rooms/8room_040.map	512	512	500	406	151	363	455.061
71	maps/rooms/8room_040.map	512	512	253	243	435	118	287.652
93	maps/rooms/8room_040.map	512	512	31	286	299	386	375.179
68	maps/rooms/8room_040.map	512	512	115	131	324	102	273.581
53	maps/rooms/8room_040.map	512	512	375	485	499	387	213.681
80	maps/rooms/8room_040.map	512	512	467	188	301	24	323.078
113	maps/rooms/8room_040.map	512	512	242	42	157	378	455.718
46	maps/rooms/8room_040.map	512	512	248	294	262	433	185.024
113	maps/rooms/8room_040.map	512	512	393	372	277	60	455.463
76	maps/rooms/8room_040.map	512	512	119	295	339	237	307.865
112	maps/rooms/8room_040.map	512	512	82	252	307	23	451.463
112	maps/rooms/8room_040.map	512	512	28	57	149	390	451.321
112	maps/rooms/8room_040.map	512	512	456	150	196	335	451.233
17	maps/rooms/8room_040.map	512	512	349	242	398	215	71.0122
112	maps/rooms/8room_040.map	512	512	479	77	148	242	451.605
82	maps/rooms/8room_040.map	512	512	118	260	372	251	329.108
54	maps/rooms/8room_040.map	512	512	383	370	474	484	216.279
112	maps/rooms/8room_040.map	512	512	490	18	257	303	451.747
112	maps/rooms/8room_040.map	512	512	68	510	285	240	451.718
80	maps/rooms/8room_040.map	512	512	67	434	99	206	322.794
65	maps/rooms/8room_040.map	512	512	118	126	303	40	263.995
41	maps/rooms/8room_040.map	512	512	339	88	404	214	165.953
112	maps/rooms/8room_040.map	512	512	296	452	67	467	451.262
112	maps/rooms/8room_040.map	512	512	487	499	156	358	451.262
55	maps/rooms/8room_040.map	512	512	387	334	414	190	223.551
49	maps/rooms/8room_040.map	512	512	72	183	123	43	197.912
111	maps/rooms/8room_040.map	512	512	59	259	365	464	447.09
59	maps/rooms/8room_040.map	512	512	70	249	146	424	237.368
98	maps/rooms/8room_040.map	512	512	414	163	163	335	395.735
111	maps/rooms/8room_040.map	512	512	72	308	280	462	447.321
111	maps/rooms/8room_040.map	512	512	405	495	437	151	447.764
97	maps/rooms/8room_040.map	512	512	367	163	51	152	388.037
14	maps/rooms/8room_040.map	512	512	290	125	303	74	57.2132
92	maps/rooms/8room_040.map	512	512	168	137	459	180	368.752
109	maps/rooms/8room_040.map	512	512	119	387	347	123	439.848
74	maps/rooms/8room_040.map	512	512	184	164	372	57	297.894
92	maps/rooms/8room_040.map	512	512	408	270	403	511	368.936
104	maps/rooms/8room_040.map	512	512	429	498	232	251	419.647
47	maps/rooms/8room_040.map	512	512	270	121	171	211	189.409
86	maps/rooms/8room_040.map	512	512	179	402	14	485	345.238
111	maps/rooms/8room_040.map	512	512	262	14	132	350	447.505
111	maps/rooms/8room_040.map	512	512	223	428	382	94	446.948
111	maps/rooms/8room_040.map	512	512	104	494	359	289	447.889
69	maps/rooms/8room_040.map	512	512	56	95	223	165	278.581
45	maps/rooms/8room_040.map	512	512	146	159	21	146	183.397
98	maps/rooms/8room_040.map	512	512	41	165	252	403	394.605
111	maps/rooms/8room_040.map	512	512	403	41	93	111	447.605
90	maps/rooms/8room_040.map	512	512	383	217	122	327	362.706
111	maps/rooms/8room_040.map	512	512	226	506	207	189	447.262
29	maps/rooms/8room_040.map	512	512	174	291	156	355	117.983
110	maps/rooms/8room_040.map	512	512	146	411	455	388	443.848
110	maps/rooms/8room_040.map	512	512	393	379	122	424	442.676
57	maps/rooms/8room_040.map	512	512	309	191	485	169	228.167
24	maps/rooms/8room_040.map	512	512	364	379	428	364	98.3553
56	maps/rooms/8room_040.map	512	512	9	336	164	313	224.024
13	maps/rooms/8room_040.map	512	512	120	256	75	268	55.9706
70	maps/rooms/8room_040.map	512	512	499	339	298	350	281.037
20	maps/rooms/8room_040.map	512	512	166	110	153	172	82.799
40	maps/rooms/8room_040.map	512	512	5	338	92	322	163.468
86	maps/rooms/8room_040.map	512	512	275	466	324	205	346.593
110	maps/rooms/8room_040.map	512	512	106	95	279	416	443.161
34	maps/rooms/8room_040.map	512	512	298	126	405	117	137.941
110	maps/rooms/8room_040.map	512	512	200	443	57	166	443.747
69	maps/rooms/8room_040.map	512	512	445	302	251	344	279.137
110	maps/rooms/8room_040.map	512	512	487	303	186	115	443.735
68	maps/rooms/8room_040.map	512	512	256	22	44	85	272.723
31	maps/rooms/8room_040.map	512	512	251	253	286	171	124.113
75	maps/rooms/8room_040.map	512	512	213	24	105	214	300.794
45	maps/rooms/8room_040.map	512	512	152	389	269	360	182.024
110	maps/rooms/8room_040.map	512	512	13	199	332	282	443.22
83	maps/rooms/8room_040.map	512	512	168	442	222	215	332.137
110	maps/rooms/8room_040.map	512	512	408	23	230	320	443.475
109	maps/rooms/8room_040.map	512	512	28	250	283	472	439.635
33	maps/rooms/8room_040.map	512	512	286	92	166	98	135.598
59	maps/rooms/8room_040.map	512	512	366	233	420	376	236.48
93	maps/rooms/8room_040.map	512	512	229	207	2	24	372.35
109	maps/rooms/8room_040.map	512	512	66	460	223	132	439.919
109	maps/rooms/8room_040.map	512	512	27	105	244	385	439.534
109	maps/rooms/8room_040.map	512	512	455	476	147	290	438.676
101	maps/rooms/8room_040.map	512	512	439	423	377	125	407.563
61	maps/rooms/8room_040.map	512	512	53	340	155	218	247.439
29	maps/rooms/8room_040.map	512	512	251	339	252	446	118.184
85	maps/rooms/8room_040.map	512	512	463	294	235	353	340.421
41	maps/rooms/8room_040.map	512	512	446	109	487	214	164.912
109	maps/rooms/8room_040.map	512	512	358	428	98	482	439.505
109	maps/rooms/8room_040.map	512	512	430	287	146	73	439.907
55	maps/rooms/8room_040.map	512	512	357	306	260	452	222.238
109	maps/rooms/8room_040.map	512	512	153	427	436	259	439.676
108	maps/rooms/8room_040.map	512	512	292	387	94	96	435.233
108	maps/rooms/8room_040.map	512	512	472	419	424	41	435.179
61	maps/rooms/8room_040.map	512	512	58	30	240	107	244.338
20	maps/rooms/8room_040.map	512	512	44	132	111	115	82.8701
108	maps/rooms/8room_040.map	512	512	471	506	159	355	435.434
39	maps/rooms/8room_040.map	512	512	141	230	264	235	157.983
67	maps/rooms/8room_040.map	512	512	246	361	436	471	269.723
108	maps/rooms/8room_040.map	512	512	486	177	128	170	435.836
39	maps/rooms/8room_040.map	512	512	372	74	315	187	156.468
6	maps/rooms/8room_040.map	512	512	389	27	389	3	25.6569
49	maps/rooms/8room_040.map	512	512	495	216	498	367	196.267
108	maps/rooms/8room_040.map	512	512	55	348	313	162	435.706
37	maps/rooms/8room_040.map	512	512	375	177	265	133	150.225
69	maps/rooms/8room_040.map	512	512	174	72	397	123	276.024
25	maps/rooms/8room_040.map	512	512	63	413	62	483	100.113
108	maps/rooms/8room_040.map	512	512	183	12	224	351	435.664
89	maps/rooms/8room_040.map	512	512	341	505	439	286	357.652
14	maps/rooms/8room_040.map	512	512	220	394	251	430	59.5269
27	maps/rooms/8room_040.map	512	512	487	31	429	23	111.154
107	maps/rooms/8room_040.map	512	512	203	248	478	49	431.948
104	maps/rooms/8room_040.map	512	512	377	498	323	230	416.007
107	maps/rooms/8room_040.map	512	512	41	371	334	196	431.12
53	maps/rooms/8room_040.map	512	512	381	283	499	162	213.368
107	maps/rooms/8room_040.map	512	512	511	164	202	335	431.404
77	maps/rooms/8room_040.map	512	512	479	299	269	311	309.823
61	maps/rooms/8room_040.map	512	512	345	447	202	380	247.924
53	maps/rooms/8room_040.map	512	512	489	259	444	111	214.439
63	maps/rooms/8room_040.map	512	512	502	82	280	72	254.912
41	maps/rooms/8room_040.map	512	512	158	58	87	159	166.326
107	maps/rooms/8room_040.map	512	512	77	446	264	166	431.09
24	maps/rooms/8room_040.map	512	512	66	12	6	52	96.8701
101	maps/rooms/8room_040.map	512	512	71	74	269	328	405.848
106	maps/rooms/8room_040.map	512	512	207	341	50	44	425.262
69	maps/rooms/8room_040.map	512	512	51	71	246	74	278.995
106	maps/rooms/8room_040.map	512	512	211	303	483	78	427.191
106	maps/rooms/8room_040.map	512	512	482	171	149	84	427.907
16	maps/rooms/8room_040.map	512	512	182	217	183	162	64.2843
106	maps/rooms/8room_040.map	512	512	318	92	470	395	427.534
50	maps/rooms/8room_040.map	512	512	351	253	402	380	203.095
106	maps/rooms/8room_040.map	512	512	13	249	315	418	427.534
106	maps/rooms/8room_040.map	512	512	455	14	174	150	427.676
20	maps/rooms/8room_040.map	512	512	148	301	119	249	80.6985
105	maps/rooms/8room_040.map	512	512	14	320	340	280	423.907
105	maps/rooms/8room_040.map	512	512	74	434	363	418	423.291
72	maps/rooms/8room_040.map	512	512	185	476	230	378	288.38
48	maps/rooms/8room_040.map	512	512	382	428	251	366	194.64
105	maps/rooms/8room_040.map	512	512	337	20	472	342	423.434
21	maps/rooms/8room_040.map	512	512	306	63	280	10	86.9411
85	maps/rooms/8room_040.map	512	512	237	86	454	89	341.196
105	maps/rooms/8room_040.map	512	512	379	145	129	361	423.848
73	maps/rooms/8room_040.map	512	512	374	15	340	258	294.338
75	maps/rooms/8room_040.map	512	512	372	200	374	361	300.421
51	maps/rooms/8room_040.map	512	512	164	230	200	108	205.296
55	maps/rooms/8room_040.map	512	512	65	501	217	454	223.125
105	maps/rooms/8room_040.map	512	512	313	131	361	459	423.421
105	maps/rooms/8room_040.map	512	512	453	214	129	90	423.806
87	maps/rooms/8room_040.map	512	512	439	301	471	22	350.823
69	maps/rooms/8room_040.map	512	512	291	399	255	197	277.622
105	maps/rooms/8room_040.map	512	512	451	51	201	197	422.978
80	maps/rooms/8room_040.map	512	512	339	242	106	316	321.936
23	maps/rooms/8room_040.map	512	512	21	307	50	233	93.5269
20	maps/rooms/8room_040.map	512	512	351	243	291	261	81.598
10	maps/rooms/8room_040.map	512	512	407	349	419	370	43.9706
82	maps/rooms/8room_040.map	512	512	510	223	262	328	330.605
105	maps/rooms/8room_040.map	512	512	182	73	85	392	423.907
48	maps/rooms/8room_040.map	512	512	370	343	382	239	192.024
59	maps/rooms/8room_040.map	512	512	174	348	51	274	236.095
93	maps/rooms/8room_040.map	512	512	362	214	133	60	374.563
104	maps/rooms/8room_040.map	512	512	472	25	347	333	419.149
19	maps/rooms/8room_040.map	512	512	414	339	358	344	79.5269
104	maps/rooms/8room_040.map	512	512	491	263	191	266	419.434
62	maps/rooms/8room_040.map	512	512	21	262	55	103	250.439
86	maps/rooms/8room_040.map	512	512	457	298	396	53	345.865
66	maps/rooms/8room_040.map	512	512	109	318	246	149	267.279
97	maps/rooms/8room_040.map	512	512	315	464	58	349	388.049
20	maps/rooms/8room_040.map	512	512	109	70	51	47	81.1838
69	maps/rooms/8room_040.map	512	512	310	308	94	259	278.581
61	maps/rooms/8room_040.map	512	512	397	126	197	146	244.51
93	maps/rooms/8room_040.map	512	512	314	126	130	340	375.764
63	maps/rooms/8room_040.map	512	512	5	68	139	200	252.309
22	maps/rooms/8room_040.map	512	512	336	472	261	470	88.2548
45	maps/rooms/8room_040.map	512	512	91	238	215	173	183.995
104	maps/rooms/8room_040.map	512	512	106	6	420	75	418.966
87	maps/rooms/8room_040.map	512	512	9	282	3	66	349.279
38	maps/rooms/8room_040.map	512	512	168	167	203	268	155.154
89	maps/rooms/8room_040.map	512	512	140	322	136	30	359.48
104	maps/rooms/8room_040.map	512	512	393	179	149	389	419.019
52	maps/rooms/8room_040.map	512	512	325	301	301	126	210.64
16	maps/rooms/8room_040.map	512	512	376	173	406	131	64.7696
104	maps/rooms/8room_040.map	512	512	167	389	447	388	419.818
103	maps/rooms/8room_040.map	512	512	77	170	280	440	415.09
103	maps/rooms/8room_040.map	512	512	78	115	263	392	414.635
13	maps/rooms/8room_040.map	512	512	70	330	72	297	53.9706
86	maps/rooms/8room_040.map	512	512	344	495	250	241	346.309
73	maps/rooms/8room_040.map	512	512	330	198	217	396	292.723
103	maps/rooms/8room_040.map	512	512	491	298	180	354	414.948
34	maps/rooms/8room_040.map	512	512	350	117	313	215	139.711
100	maps/rooms/8room_040.map	512	512	316	258	98	25	401.978
43	maps/rooms/8room_040.map	512	512	201	89	58	122	175.924
103	maps/rooms/8room_040.map	512	512	340	390	446	129	415.25
67	maps/rooms/8room_040.map	512	512	72	57	74	255	271.966
89	maps/rooms/8room_040.map	512	512	350	207	68	199	358.492
84	maps/rooms/8room_040.map	512	512	260	365	181	509	338.563
47	maps/rooms/8room_040.map	512	512	264	367	349	499	191.225
73	maps/rooms/8room_040.map	512	512	276	468	383	242	294.279
62	maps/rooms/8room_040.map	512	512	329	232	354	25	248.066
76	maps/rooms/8room_040.map	512	512	476	322	470	69	304.238
103	maps/rooms/8room_040.map	512	512	21	310	286	117	414.735
48	maps/rooms/8room_040.map	512	512	262	445	242	306	193.51
103	maps/rooms/8room_040.map	512	512	7	249	307	409	415.948
37	maps/rooms/8room_040.map	512	512	316	210	201	232	149.083
103	maps/rooms/8room_040.map	512	512	454	255	130	361	415.848
101	maps/rooms/8room_040.map	512	512	171	487	275	467	404.392
54	maps/rooms/8room_040.map	512	512	314	492	212	345	218.338
102	maps/rooms/8room_040.map	512	512	228	88	132	343	411.551
76	maps/rooms/8room_040.map	512	512	128	51	377	37	304.338
14	maps/rooms/8room_040.map	512	512	158	271	121	296	57.3137
43	maps/rooms/8room_040.map	512	512	317	293	227	375	173.196
87	maps/rooms/8room_040.map	512	512	185	361	328	124	348.108
76	maps/rooms/8room_040.map	512	512	424	365	511	148	306.309
54	maps/rooms/8room_040.map	512	512	472	172	487	315	218.024
102	maps/rooms/8room_040.map	512	512	334	385	173	101	411.635
102	maps/rooms/8room_040.map	512	512	204	135	117	463	411.936
102	maps/rooms/8room_040.map	512	512	485	286	207	197	411.25
98	maps/rooms/8room_040.map	512	512	204	175	503	68	393.279
96	maps/rooms/8room_040.map	512	512	338	299	489	23	385.978
30	maps/rooms/8room_040.map	512	512	21	389	105	386	120.941
102	maps/rooms/8room_040.map	512	512	470	339	282	66	411.676
58	maps/rooms/8room_040.map	512	512	501	388	329	362	233.095
32	maps/rooms/8room_040.map	512	512	387	214	343	318	129.397
53	maps/rooms/8room_040.map	512	512	284	356	405	475	212.853
48	maps/rooms/8room_040.map	512	512	4	260	167	264	195.468
28	maps/rooms/8room_040.map	512	512	419	125	371	115	114.184
76	maps/rooms/8room_040.map	512	512	377	238	392	39	307.865
102	maps/rooms/8room_040.map	512	512	19	187	115	482	410.664
74	maps/rooms/8room_040.map	512	512	116	291	248	92	299.007
102	maps/rooms/8room_040.map	512	512	476	178	209	335	411.161
57	maps/rooms/8room_040.map	512	512	194	342	142	163	229.066
90	maps/rooms/8room_040.map	512	512	56	380	104	117	362.279
92	maps/rooms/8room_040.map	512	512	436	391	313	167	368.563
100	maps/rooms/8room_040.map	512	512	138	211	379	14	400.735
100	maps/rooms/8room_040.map	512	512	206	377	472	217	403.747
59	maps/rooms/8room_040.map	512	512	314	24	197	86	239.853
20	maps/rooms/8room_040.map	512	512	85	50	143	78	82.6274
45	maps/rooms/8room_040.map	512	512	353	342	220	379	183.539
68	maps/rooms/8room_040.map	512	512	217	493	182	308	274.794
43	maps/rooms/8room_040.map	512	512	274	346	340	468	174.225
81	maps/rooms/8room_040.map	512	512	45	442	103	220	325.823
82	maps/rooms/8room_040.map	512	512	66	380	253	219	329.38
36	maps/rooms/8room_040.map	512	512	94	381	56	490	146.983
94	maps/rooms/8room_040.map	512	512	451	290	191	210	376.693
102	maps/rooms/8room_040.map	512	512	475	325	153	278	411.635
102	maps/rooms/8room_040.map	512	512	349	218	40	157	411.664
70	maps/rooms/8room_040.map	512	512	446	324	357	463	283.782
102	maps/rooms/8room_040.map	512	512	259	478	295	126	411.907
101	maps/rooms/8room_040.map	512	512	343	314	224	36	407.794
100	maps/rooms/8room_040.map	512	512	10	107	224	261	403.12
40	maps/rooms/8room_040.map	512	512	116	422	207	339	160.953
75	maps/rooms/8room_040.map	512	512	493	204	246	155	301.581
81	maps/rooms/8room_040.map	512	512	143	462	13	251	327.208
94	maps/rooms/8room_040.map	512	512	431	205	139	186	377.25
46	maps/rooms/8room_040.map	512	512	335	406	380	296	184.64
70	maps/rooms/8room_040.map	512	512	300	316	394	135	283.794
57	maps/rooms/8room_040.map	512	512	248	355	323	205	228.338
4	maps/rooms/8room_040.map	512	512	302	183	287	184	16
98	maps/rooms/8room_040.map	512	512	173	393	370	222	393.061
17	maps/rooms/8room_040.map	512	512	429	435	455	472	68.598
65	maps/rooms/8room_040.map	512	512	445	117	245	205	260.995
90	maps/rooms/8room_040.map	512	512	40	157	315	140	362.836
88	maps/rooms/8room_040.map	512	512	219	237	53	441	355.019
100	maps/rooms/8room_040.map	512	512	367	461	251	156	402.664
99	maps/rooms/8room_040.map	512	512	450	377	380	100	399.149
94	maps/rooms/8room_040.map	512	512	168	212	419	375	377.563
17	maps/rooms/8room_040.map	512	512	357	114	398	70	68.598
31	maps/rooms/8room_040.map	512	512	199	255	247	162	125.225
73	maps/rooms/8room_040.map	512	512	303	457	428	318	293.338
99	maps/rooms/8room_040.map	512	512	413	454	481	172	399.664
99	maps/rooms/8room_040.map	512	512	351	355	146	287	399.777
66	maps/rooms/8room_040.map	512	512	74	445	213	297	267.551
54	maps/rooms/8room_040.map	512	512	90	7	267	25	216.539
69	maps/rooms/8room_040.map	512	512	204	498	217	326	279.451
99	maps/rooms/8room_040.map	512	512	468	19	282	262	399.877
61	maps/rooms/8room_040.map	512	512	488	69	278	102	245.225
99	maps/rooms/8room_040.map	512	512	436	29	175	149	399.534
78	maps/rooms/8room_040.map	512	512	445	298	198	307	314.066
73	maps/rooms/8room_040.map	512	512	491	345	309	491	294.25
75	maps/rooms/8room_040.map	512	512	163	36	261	252	300.167
98	maps/rooms/8room_040.map	512	512	88	116	379	211	395.907
41	maps/rooms/8room_040.map	512	512	379	280	472	246	165.853
99	maps/rooms/8room_040.map	512	512	406	407	151	242	399.304
5	maps/rooms/8room_040.map	512	512	59	36	71	24	23.0711
70	maps/rooms/8room_040.map	512	512	132	172	286	351	281.451
99	maps/rooms/8room_040.map	512	512	354	101	166	359	399.321
98	maps/rooms/8room_040.map	512	512	410	271	152	85	395.421
31	maps/rooms/8room_040.map	512	512	378	39	417	34	126.083
80	maps/rooms/8room_040.map	512	512	297	359	505	278	321.451
68	maps/rooms/8room_040.map	512	512	238	206	200	24	275.095
98	maps/rooms/8room_040.map	512	512	67	125	295	362	395.291
98	maps/rooms/8room_040.map	512	512	447	40	293	234	395.948
27	maps/rooms/8room_040.map	512	512	70	70	36	155	110.74
97	maps/rooms/8room_040.map	512	512	251	78	146	367	391.948
88	maps/rooms/8room_040.map	512	512	410	113	101	169	354.622
77	maps/rooms/8room_040.map	512	512	259	414	404	194	309.492
88	maps/rooms/8room_040.map	512	512	210	422	46	393	354.037
93	maps/rooms/8room_040.map	512	512	267	415	55	310	372.764
97	maps/rooms/8room_040.map	512	512	340	149	347	450	391.806
97	maps/rooms/8room_040.map	512	512	506	432	432	102	391.664
74	maps/rooms/8room_040.map	512	512	507	89	367	249	299.137
30	maps/rooms/8room_040.map	512	512	396	282	396	191	122.983
97	maps/rooms/8room_040.map	512	512	498	470	483	152	391.492
46	maps/rooms/8room_040.map	512	512	238	152	105	130	185.711
96	maps/rooms/8room_040.map	512	512	83	506	135	186	387.522
96	maps/rooms/8room_040.map	512	512	38	440	284	323	387.108
95	maps/rooms/8room_040.map	512	512	106	431	99	114	382.936
50	maps/rooms/8room_040.map	512	512	124	373	215	508	200.752
95	maps/rooms/8room_040.map	512	512	203	221	390	432	383.747
95	maps/rooms/8room_040.map	512	512	327	132	31	22	383.037
95	maps/rooms/8room_040.map	512	512	83	404	323	212	383.12
95	maps/rooms/8room_040.map	512	512	68	434	127	115	383.321
95	maps/rooms/8room_040.map	512	512	371	381	191	220	383.049
95	maps/rooms/8room_040.map	512	512	507	317	197	335	383.563
95	maps/rooms/8room_040.map	512	512	104	97	284	351	383.362
5	maps/rooms/8room_040.map	512	512	396	87	380	88	20.8995
77	maps/rooms/8room_040.map	512	512	187	217	26	55	310.037
24	maps/rooms/8room_040.map	512	512	361	218	292	238	99.669
63	maps/rooms/8room_040.map	512	512	485	244	358	146	253.51
94	maps/rooms/8room_040.map	512	512	167	141	315	403	379.706
94	maps/rooms/8room_040.map	512	512	407	487	232	265	379.676
29	maps/rooms/8room_040.map	512	512	137	42	66	40	118.74
58	maps/rooms/8room_040.map	512	512	84	51	98	197	232.752
66	maps/rooms/8room_040.map	512	512	149	319	93	175	267.581
75	maps/rooms/8room_040.map	512	512	310	214	308	452	303.681
44	maps/rooms/8room_040.map	512	512	189	247	292	239	179.61
51	maps/rooms/8room_040.map	512	512	317	309	442	198	204.995
94	maps/rooms/8room_040.map	512	512	57	103	366	106	379.664
47	maps/rooms/8room_040.map	512	512	494	74	331	115	188.669
64	maps/rooms/8room_040.map	512	512	415	202	200	199	257.196
27	maps/rooms/8room_040.map	512	512	372	252	398	162	111.941
93	maps/rooms/8room_040.map	512	512	400	399	149	372	375.706
92	maps/rooms/8room_040.map	512	512	468	117	314	381	371.563
92	maps/rooms/8room_040.map	512	512	198	104	131	404	368.723
35	maps/rooms/8room_040.map	512	512	28	326	135	361	140.284
68	maps/rooms/8room_040.map	512	512	416	463	455	247	275.995
40	maps/rooms/8room_040.map	512	512	146	284	19	300	163.225
82	maps/rooms/8room_040.map	512	512	250	495	31	506	330.978
88	maps/rooms/8room_040.map	512	512	162	167	395	333	355.108
74	maps/rooms/8room_040.map	512	512	158	275	394	302	297.451
92	maps/rooms/8room_040.map	512	512	199	30	131	320	371.522
91	maps/rooms/8room_040.map	512	512	53	67	361	105	367.48
75	maps/rooms/8room_040.map	512	512	41	124	98	339	303.48
91	maps/rooms/8room_040.map	512	512	73	454	205	192	367.706
49	maps/rooms/8room_040.map	512	512	101	366	123	199	197.953
91	maps/rooms/8room_040.map	512	512	215	360	40	146	367.534
80	maps/rooms/8room_040.map	512	512	139	51	402	106	323.681
75	maps/rooms/8room_040.map	512	512	147	66	44	250	303.551
14	maps/rooms/8room_040.map	512	512	216	138	253	167	58.0416
56	maps/rooms/8room_040.map	512	512	506	14	451	168	225.752
91	maps/rooms/8room_040.map	512	512	79	413	341	426	367.978
72	maps/rooms/8room_040.map	512	512	455	250	443	478	290.894
91	maps/rooms/8room_040.map	512	512	503	472	264	290	367.392
74	maps/rooms/8room_040.map	512	512	78	7	160	236	299.409
60	maps/rooms/8room_040.map	512	512	62	25	229	126	240.995
80	maps/rooms/8room_040.map	512	512	408	506	362	280	320.836
91	maps/rooms/8room_040.map	512	512	470	287	269	94	367.907
90	maps/rooms/8room_040.map	512	512	511	393	317	172	363.451
90	maps/rooms/8room_040.map	512	512	335	228	108	402	362.706
79	maps/rooms/8room_040.map	512	512	153	99	165	334	319.108
90	maps/rooms/8room_040.map	512	512	265	477	377	185	363.563
80	maps/rooms/8room_040.map	512	512	440	187	498	457	320.409
88	maps/rooms/8room_040.map	512	512	15	194	51	78	355.522
22	maps/rooms/8room_040.map	512	512	261	182	258	252	91.8701
37	maps/rooms/8room_040.map	512	512	327	281	334	197	151.953
64	maps/rooms/8room_040.map	512	512	187	164	326	322	257.752
88	maps/rooms/8room_040.map	512	512	103	506	168	215	354.936
79	maps/rooms/8room_040.map	512	512	90	253	246	121	319.38
88	maps/rooms/8room_040.map	512	512	90	250	287	423	355.764
7	maps/rooms/8room_040.map	512	512	184	280	158	278	31.799
52	maps/rooms/8room_040.map	512	512	85	332	3	245	210.196
77	maps/rooms/8room_040.map	512	512	203	303	122	56	309.037
88	maps/rooms/8room_040.map	512	512	262	468	118	222	355.806
41	maps/rooms/8room_040.map	512	512	215	36	79	20	165.154
87	maps/rooms/8room_040.map	512	512	87	101	393	105	351.38
86	maps/rooms/8room_040.map	512	512	77	15	187	278	347.836
86	maps/rooms/8room_040.map	512	512	435	27	244	175	347.836
86	maps/rooms/8room_040.map	512	512	180	9	383	186	346.836
21	maps/rooms/8room_040.map	512	512	377	393	339	447	87.2548
39	maps/rooms/8room_040.map	512	512	131	258	21	291	156.74
86	maps/rooms/8room_040.map	512	512	388	309	194	127	347.806
48	maps/rooms/8room_040.map	512	512	474	167	362	250	195.468
85	maps/rooms/8room_040.map	512	512	181	250	386	122	343.25
63	maps/rooms/8room_040.map	512	512	301	327	151	418	252.924
74	maps/rooms/8room_040.map	512	512	188	149	383	18	297.622
78	maps/rooms/8room_040.map	512	512	132	73	345	147	312.723
85	maps/rooms/8room_040.map	512	512	92	360	351	425	343.764
85	maps/rooms/8room_040.map	512	512	159	471	286	250	343.078
85	maps/rooms/8room_040.map	512	512	127	81	315	274	343.25
84	maps/rooms/8room_040.map	512	512	492	394	378	153	339.007
84	maps/rooms/8room_040.map	512	512	79	346	152	140	339.551
83	maps/rooms/8room_040.map	512	512	490	268	281	329	335.747
83	maps/rooms/8room_040.map	512	512	47	94	44	355	334.794
48	maps/rooms/8room_040.map	512	512	306	309	158	278	195.368
83	maps/rooms/8room_040.map	512	512	274	55	460	265	335.22
34	maps/rooms/8room_040.map	512	512	156	20	54	54	137.255
83	maps/rooms/8room_040.map	512	512	36	303	289	323	335.551
83	maps/rooms/8room_040.map	512	512	499	412	284	239	335.806
83	maps/rooms/8room_040.map	512	512	455	90	201	41	333.51
62	maps/rooms/8room_040.map	512	512	187	58	230	228	250.539
48	maps/rooms/8room_040.map	512	512	281	374	303	238	195.338
30	maps/rooms/8room_040.map	512	512	222	179	298	131	123.355
28	maps/rooms/8room_040.map	512	512	414	157	410	220	114.154
83	maps/rooms/8room_040.map	512	512	370	195	120	254	335.309
56	maps/rooms/8room_040.map	512	512	263	316	291	498	224.61
81	maps/rooms/8room_040.map	512	512	483	394	283	227	327.492
81	maps/rooms/8room_040.map	512	512	107	402	216	154	327.108
39	maps/rooms/8room_040.map	512	512	56	350	68	489	156.255
81	maps/rooms/8room_040.map	512	512	123	463	57	215	327.48
79	maps/rooms/8room_040.map	512	512	230	250	371	411	318.877
72	maps/rooms/8room_040.map	512	512	301	255	265	483	289.179
63	maps/rooms/8room_040.map	512	512	109	156	250	41	252.409
74	maps/rooms/8room_040.map	512	512	458	82	231	156	297.309
39	maps/rooms/8room_040.map	512	512	162	383	139	247	158.983
79	maps/rooms/8room_040.map	512	512	491	485	335	283	319.522
38	maps/rooms/8room_040.map	512	512	287	269	388	245	155.125
79	maps/rooms/8room_040.map	512	512	329	466	287	210	319.238
79	maps/rooms/8room_040.map	512	512	500	286	302	427	319.208
46	maps/rooms/8room_040.map	512	512	244	153	191	56	187.397
79	maps/rooms/8room_040.map	512	512	91	41	190	281	319.593
23	maps/rooms/8room_040.map	512	512	19	509	94	470	94.669
78	maps/rooms/8room_040.map	512	512	421	29	306	234	315.22
18	maps/rooms/8room_040.map	512	512	265	411	222	397	73.9706
78	maps/rooms/8room_040.map	512	512	200	83	108	335	315.48
57	maps/rooms/8room_040.map	512	512	440	271	392	362	231.368
45	maps/rooms/8room_040.map	512	512	223	332	87	332	182.711
78	maps/rooms/8room_040.map	512	512	444	171	442	428	315.409
78	maps/rooms/8room_040.map	512	512	98	222	344	328	315.279
52	maps/rooms/8room_040.map	512	512	250	82	106	43	209.953
33	maps/rooms/8room_040.map	512	512	131	287	85	196	133.912
39	maps/rooms/8room_040.map	512	512	83	346	205	350	159.681
73	maps/rooms/8room_040.map	512	512	429	265	182	263	295.309
73	maps/rooms/8room_040.map	512	512	255	296	431	142	295.966
73	maps/rooms/8room_040.map	512	512	493	89	350	267	295.894
27	maps/rooms/8room_040.map	512	512	410	375	493	335	111.184
73	maps/rooms/8room_040.map	512	512	71	260	287	168	295.622
34	maps/rooms/8room_040.map	512	512	398	271	390	157	138.569
60	maps/rooms/8room_040.map	512	512	255	8	94	54	242.238
72	maps/rooms/8room_040.map	512	512	221	386	295	162	291.924
72	maps/rooms/8room_040.map	512	512	39	47	243	150	291.208
72	maps/rooms/8room_040.map	512	512	440	315	208	259	291.966
51	maps/rooms/8room_040.map	512	512	207	187	54	219	206.137
71	maps/rooms/8room_040.map	512	512	210	262	86	79	287.936
47	maps/rooms/8room_040.map	512	512	265	220	149	268	188.811
19	maps/rooms/8room_040.map	512	512	309	106	301	37	79.2843
68	maps/rooms/8room_040.map	512	512	350	277	316	57	275.48
71	maps/rooms/8room_040.map	512	512	462	173	318	352	287.693
71	maps/rooms/8room_040.map	512	512	58	278	153	79	287.48
70	maps/rooms/8room_040.map	512	512	229	396	76	264	283.894
70	maps/rooms/8room_040.map	512	512	228	349	423	229	282.907
62	maps/rooms/8room_040.map	512	512	462	31	340	142	251.409
10	maps/rooms/8room_040.map	512	512	301	300	327	321	41.1421
46	maps/rooms/8room_040.map	512	512	237	374	360	303	187.681
65	maps/rooms/8room_040.map	512	512	199	335	14	309	262.338
58	maps/rooms/8room_040.map	512	512	88	136	14	247	234.581
31	maps/rooms/8room_040.map	512	512	327	491	293	382	125.426
66	maps/rooms/8room_040.map	512	512	281	89	138	253	267.35
66	maps/rooms/8room_040.map	512	512	323	476	204	289	267.966
56	maps/rooms/8room_040.map	512	512	230	435	148	350	224.882
66	maps/rooms/8room_040.map	512	512	470	387	259	324	267.037
66	maps/rooms/8room_040.map	512	512	489	237	309	124	267.551
66	maps/rooms/8room_040.map	512	512	42	399	234	316	267.652
66	maps/rooms/8room_040.map	512	512	148	212	66	424	267.823
23	maps/rooms/8room_040.map	512	512	18	164	55	165	95.1127
65	maps/rooms/8room_040.map	512	512	266	303	385	122	263.137
65	maps/rooms/8room_040.map	512	512	338	237	324	405	262.652
65	maps/rooms/8room_040.map	512	512	472	319	284	326	262.622
42	maps/rooms/8room_040.map	512	512	59	127	148	26	171.296
65	maps/rooms/8room_040.map	512	512	367	333	161	246	263.894
9	maps/rooms/8room_040.map	512	512	345	427	341	462	37.4853
56	maps/rooms/8room_040.map	512	512	85	333	45	470	225.652
58	maps/rooms/8room_040.map	512	512	252	408	140	407	235.409
65	maps/rooms/8room_040.map	512	512	260	60	311	268	262.782
35	maps/rooms/8room_040.map	512	512	45	261	55	373	140.569
64	maps/rooms/8room_040.map	512	512	168	44	137	247	259.581
64	maps/rooms/8room_040.map	512	512	263	10	73	126	259.865
17	maps/rooms/8room_040.map	512	512	140	285	202	282	70.4558
64	maps/rooms/8room_040.map	512	512	185	182	294	361	259.865
64	maps/rooms/8room_040.map	512	512	503	60	458	251	259.782
63	maps/rooms/8room_040.map	512	512	332	344	335	364	255.752
63	maps/rooms/8room_040.map	512	512	506	187	326	312	255.208
62	maps/rooms/8room_040.map	512	512	454	342	371	190	251.752
15	maps/rooms/8room_040.map	512	512	89	333	140	315	60.799
62	maps/rooms/8room_040.map	512	512	489	265	323	174	251.894
40	maps/rooms/8room_040.map	512	512	349	120	394	248	163.811
36	maps/rooms/8room_040.map	512	512	63	142	5	87	144.154
62	maps/rooms/8room_040.map	512	512	68	508	132	328	251.823
61	maps/rooms/8room_040.map	512	512	285	388	396	214	247.894
61	maps/rooms/8room_040.map	512	512	458	184	290	266	247.48
60	maps/rooms/8room_040.map	512	512	333	390	149	365	243.551
17	maps/rooms/8room_040.map	512	512	314	201	265	195	69.8701
60	maps/rooms/8room_040.map	512	512	131	91	338	131	242.681
60	maps/rooms/8room_040.map	512	512	351	147	234	312	243.238
34	maps/rooms/8room_040.map	512	512	86	215	163	152	137.255
60	maps/rooms/8room_040.map	512	512	487	4	364	148	243.752
60	maps/rooms/8room_040.map	512	512	122	29	317	65	243.953
58	maps/rooms/8room_040.map	512	512	323	198	146	173	235.338
57	maps/rooms/8room_040.map	512	512	298	506	200	349	231.225
33	maps/rooms/8room_040.map	512	512	486	22	413	19	133.882
35	maps/rooms/8room_040.map	512	512	413	266	302	260	141.468
56	maps/rooms/8room_040.map	512	512	219	157	131	316	227.995
56	maps/rooms/8room_040.map	512	512	399	99	226	184	227.782
55	maps/rooms/8room_040.map	512	512	203	85	352	105	223.468
55	maps/rooms/8room_040.map	512	512	246	463	181	298	223.924
55	maps/rooms/8room_040.map	512	512	214	124	416	103	223.468
40	maps/rooms/8room_040.map	512	512	192	23	77	56	163.64
54	maps/rooms/8room_040.map	512	512	424	206	269	270	219.409
55	maps/rooms/8room_040.map	512	512	166	495	196	334	223.51
30	maps/rooms/8room_040.map	512	512	413	282	411	211	123.569
55	maps/rooms/8room_040.map	512	512	87	403	154	222	222.61
55	maps/rooms/8room_040.map	512	512	23	383	208	349	223.51
55	maps/rooms/8room_040.map	512	512	252	499	149	367	223.953
54	maps/rooms/8room_040.map	512	512	333	142	166	219	218.61
54	maps/rooms/8room_040.map	512	512	461	35	372	127	219.167
53	maps/rooms/8room_040.map	512	512	258	149	326	321	215.539
53	maps/rooms/8room_040.map	512	512	478	316	359	191	215.924
36	maps/rooms/8room_040.map	512	512	453	223	338	247	144.64
53	maps/rooms/8room_040.map	512	512	83	363	134	190	215.296
53	maps/rooms/8room_040.map	512	512	243	328	362	459	215.238
53	maps/rooms/8room_040.map	512	512	10	38	115	146	215.267
47	maps/rooms/8room_040.map	512	512	92	246	55	350	191.953
50	maps/rooms/8room_040.map	512	512	424	74	463	244	202.782
52	maps/rooms/8room_040.map	512	512	509	454	382	327	210.894
52	maps/rooms/8room_040.map	512	512	46	242	205	288	211.61
16	maps/rooms/8room_040.map	512	512	224	325	168	344	65.0416
46	maps/rooms/8room_040.map	512	512	110	228	106	111	185.468
52	maps/rooms/8room_040.map	512	512	319	51	210	185	211.61
52	maps/rooms/8room_040.map	512	512	503	345	403	210	210.681
52	maps/rooms/8room_040.map	512	512	21	231	159	216	211.267
50	maps/rooms/8room_040.map	512	512	233	445	346	316	203.924
50	maps/rooms/8room_040.map	512	512	287	39	210	188	203.439
50	maps/rooms/8room_040.map	512	512	170	118	140	293	203.569
50	maps/rooms/8room_040.map	512	512	149	444	236	355	203.681
50	maps/rooms/8room_040.map	512	512	329	376	168	361	202.61
47	maps/rooms/8room_040.map	512	512	95	283	159	431	191.539
47	maps/rooms/8room_040.map	512	512	238	213	392	162	191.468
47	maps/rooms/8room_040.map	512	512	269	338	123	361	191.953
47	maps/rooms/8room_040.map	512	512	37	202	191	208	191.095
46	maps/rooms/8room_040.map	512	512	506	498	473	341	186.912
45	maps/rooms/8room_040.map	512	512	6	178	59	236	183.711
45	maps/rooms/8room_040.map	512	512	458	324	323	283	182.61
45	maps/rooms/8room_040.map	512	512	389	70	271	167	183.953
45	maps/rooms/8room_040.map	512	512	135	219	265	292	183.267
44	maps/rooms/8room_040.map	512	512	253	60	205	191	179.953
44	maps/rooms/8room_040.map	512	512	424	53	338	180	179.51
44	maps/rooms/8room_040.map	512	512	333	391	391	470	179.953
44	maps/rooms/8room_040.map	512	512	210	456	180	362	179.539
44	maps/rooms/8room_040.map	512	512	360	492	274	377	179.853
34	maps/rooms/8room_040.map	512	512	250	441	334	388	136.154
10	maps/rooms/8room_040.map	512	512	135	357	166	357	40.6985
44	maps/rooms/8room_040.map	512	512	157	466	189	341	179.711
44	maps/rooms/8room_040.map	512	512	292	211	418	255	179.681
30	maps/rooms/8room_040.map	512	512	43	356	41	259	120.255
44	maps/rooms/8room_040.map	512	512	2	271	159	278	179.64
44	maps/rooms/8room_040.map	512	512	284	408	245	282	179.61
43	maps/rooms/8room_040.map	512	512	125	200	244	117	175.296
43	maps/rooms/8room_040.map	512	512	490	456	337	473	175.497
14	maps/rooms/8room_040.map	512	512	284	380	311	419	57.799
43	maps/rooms/8room_040.map	512	512	95	356	124	222	174.74
43	maps/rooms/8room_040.map	512	512	350	509	226	438	175.61
42	maps/rooms/8room_040.map	512	512	146	12	219	108	171.368
42	maps/rooms/8room_040.map	512	512	131	230	88	376	171.225
42	maps/rooms/8room_040.map	512	512	483	328	491	478	171.497
42	maps/rooms/8room_040.map	512	512	275	348	395	257	171.752
42	maps/rooms/8room_040.map	512	512	376	370	324	317	171.368
42	maps/rooms/8room_040.map	512	512	117	229	257	275	171.539
41	maps/rooms/8room_040.map	512	512	70	78	147	174	167.61
41	maps/rooms/8room_040.map	512	512	42	171	44	291	167.397
40	maps/rooms/8room_040.map	512	512	511	121	389	164	163.953
39	maps/rooms/8room_040.map	512	512	442	452	326	423	159.953
39	maps/rooms/8room_040.map	512	512	153	12	250	23	159.539
38	maps/rooms/8room_040.map	512	512	223	494	146	389	155.64
38	maps/rooms/8room_040.map	512	512	503	44	398	108	155.468
38	maps/rooms/8room_040.map	512	512	30	473	103	426	155.397
38	maps/rooms/8room_040.map	512	512	246	283	216	386	155.024
38	maps/rooms/8room_040.map	512	512	130	121	155	247	155.711
38	maps/rooms/8room_040.map	512	512	10	411	117	363	155.184
38	maps/rooms/8room_040.map	512	512	37	287	165	282	155.326
36	maps/rooms/8room_040.map	512	512	472	507	467	385	147.326
36	maps/rooms/8room_040.map	512	512	281	398	249	286	147.397
36	maps/rooms/8room_040.map	512	512	338	424	436	364	147.397
35	maps/rooms/8room_040.map	512	512	371	278	378	162	143.225
35	maps/rooms/8room_040.map	512	512	52	41	125	133	142.983
35	maps/rooms/8room_040.map	512	512	150	423	204	349	143.296
35	maps/rooms/8room_040.map	512	512	234	378	182	273	143.225
35	maps/rooms/8room_040.map	512	512	46	180	138	247	143.711
35	maps/rooms/8room_040.map	512	512	266	501	350	426	143.61
34	maps/rooms/8room_040.map	512	512	142	346	153	226	139.083
27	maps/rooms/8room_040.map	512	512	375	11	284	34	108.527
34	maps/rooms/8room_040.map	512	512	15	434	78	365	139.698
19	maps/rooms/8room_040.map	512	512	85	264	139	295	76.4558
33	maps/rooms/8room_040.map	512	512	142	77	244	31	135.841
33	maps/rooms/8room_040.map	512	512	286	391	201	314	135.64
33	maps/rooms/8room_040.map	512	512	158	389	225	351	135.811
33	maps/rooms/8room_040.map	512	512	13	488	73	439	135.912
33	maps/rooms/8room_040.map	512	512	251	238	351	275	135.811
15	maps/rooms/8room_040.map	512	512	453	389	409	398	61.3848
33	maps/rooms/8room_040.map	512	512	279	389	250	290	135.983
33	maps/rooms/8room_040.map	512	512	270	453	225	351	135.912
32	maps/rooms/8room_040.map	512	512	374	78	389	190	131.083
32	maps/rooms/8room_040.map	512	512	81	149	52	248	131.397
32	maps/rooms/8room_040.map	512	512	444	196	361	248	131.426
32	maps/rooms/8room_040.map	512	512	376	169	303	90	131.983
32	maps/rooms/8room_040.map	512	512	53	213	127	170	131.669
32	maps/rooms/8room_040.map	512	512	293	131	405	103	131.113
32	maps/rooms/8room_040.map	512	512	183	248	228	290	129.468
31	maps/rooms/8room_040.map	512	512	502	140	403	105	127.012
31	maps/rooms/8room_040.map	512	512	113	395	193	334	127.953
31	maps/rooms/8room_040.map	512	512	498	397	468	302	126.983
31	maps/rooms/8room_040.map	512	512	427	3	422	70	126.811
30	maps/rooms/8room_040.map	512	512	99	125	159	184	123.326
29	maps/rooms/8room_040.map	512	512	115	191	179	264	119.326
29	maps/rooms/8room_040.map	512	512	253	178	335	134	119.113
29	maps/rooms/8room_040.map	512	512	120	383	114	277	119.255
29	maps/rooms/8room_040.map	512	512	157	15	127	89	119.74
29	maps/rooms/8room_040.map	512	512	188	461	138	372	119.083
28	maps/rooms/8room_040.map	512	512	281	95	211	159	115.74
28	maps/rooms/8room_040.map	512	512	134	351	136	243	115.456
28	maps/rooms/8room_040.map	512	512	236	207	275	279	114.841
28	maps/rooms/8room_040.map	512	512	235	5	162	54	115.355
26	maps/rooms/8room_040.map	512	512	43	341	108	339	105.284
28	maps/rooms/8room_040.map	512	512	468	346	388	331	114.983
28	maps/rooms/8room_040.map	512	512	24	376	69	461	115.497
28	maps/rooms/8room_040.map	512	512	182	85	133	172	115.497
27	maps/rooms/8room_040.map	512	512	54	350	149	363	110.77
27	maps/rooms/8room_040.map	512	512	509	23	450	86	111.012
26	maps/rooms/8room_040.map	512	512	195	28	172	93	107.74
26	maps/rooms/8room_040.map	512	512	255	485	196	465	107.77
26	maps/rooms/8room_040.map	512	512	494	477	410	500	106.355
26	maps/rooms/8room_040.map	512	512	169	422	177	364	107.497
26	maps/rooms/8room_040.map	512	512	48	23	147	26	106.87
26	maps/rooms/8room_040.map	512	512	38	492	92	427	107.527
26	maps/rooms/8room_040.map	512	512	3	312	82	264	107.225
26	maps/rooms/8room_040.map	512	512	475	55	442	117	107.77
25	maps/rooms/8room_040.map	512	512	404	235	318	223	103.598
25	maps/rooms/8room_040.map	512	512	333	107	375	178	103.77
25	maps/rooms/8room_040.map	512	512	35	119	122	100	103.012
25	maps/rooms/8room_040.map	512	512	41	360	108	326	103.627
25	maps/rooms/8room_040.map	512	512	494	278	444	319	103.527
25	maps/rooms/8room_040.map	512	512	473	430	385	403	103.326
25	maps/rooms/8room_040.map	512	512	261	85	212	152	103.154
25	maps/rooms/8room_040.map	512	512	373	386	314	419	103.598
25	maps/rooms/8room_040.map	512	512	11	359	38	274	103.355
24	maps/rooms/8room_040.map	512	512	164	44	127	107	99.598
24	maps/rooms/8room_040.map	512	512	108	245	181	258	99.3553
24	maps/rooms/8room_040.map	512	512	237	386	307	433	99.0833
24	maps/rooms/8room_040.map	512	512	172	214	229	264	99.1838
24	maps/rooms/8room_040.map	512	512	194	495	159	430	99.9828
23	maps/rooms/8room_040.map	512	512	259	348	281	272	95.7401
23	maps/rooms/8room_040.map	512	512	482	151	434	103	95.8406
23	maps/rooms/8room_040.map	512	512	251	440	238	355	95.6985
23	maps/rooms/8room_040.map	512	512	130	170	203	201	95.3553
23	maps/rooms/8room_040.map	512	512	114	451	138	382	95.5269
23	maps/rooms/8room_040.map	512	512	57	3	68	21	95.5269
22	maps/rooms/8room_040.map	512	512	451	398	400	338	91.0833
7	maps/rooms/8room_040.map	512	512	43	459	41	434	29.1421
22	maps/rooms/8room_040.map	512	512	347	379	329	426	90.6985
22	maps/rooms/8room_040.map	512	512	495	27	453	87	91.598
22	maps/rooms/8room_040.map	512	512	230	159	250	226	91.0416
22	maps/rooms/8room_040.map	512	512	324	37	251	31	91.3848
22	maps/rooms/8room_040.map	512	512	124	25	167	77	91.5269
22	maps/rooms/8room_040.map	512	512	230	157	201	229	91.5269
21	maps/rooms/8room_040.map	512	512	23	275	99	266	87.5269
21	maps/rooms/8room_040.map	512	512	267	250	323	212	87.0122
21	maps/rooms/8room_040.map	512	512	72	180	127	167	87.799
21	maps/rooms/8room_040.map	512	512	486	181	457	219	87.3848
21	maps/rooms/8room_040.map	512	512	234	148	307	167	87.2132
21	maps/rooms/8room_040.map	512	512	381	152	374	232	87.0416
20	maps/rooms/8room_040.map	512	512	168	367	223	324	83.3553
20	maps/rooms/8room_040.map	512	512	285	300	227	260	83.598
20	maps/rooms/8room_040.map	512	512	221	74	158	68	83.2843
19	maps/rooms/8room_040.map	512	512	293	226	319	247	77.1838
19	maps/rooms/8room_040.map	512	512	312	67	257	103	79.2843
19	maps/rooms/8room_040.map	512	512	406	166	438	173	79.8701
19	maps/rooms/8room_040.map	512	512	166	325	122	309	79.9411
19	maps/rooms/8room_040.map	512	512	11	118	71	141	79.1421
18	maps/rooms/8room_040.map	512	512	333	74	298	126	75.2843
18	maps/rooms/8room_040.map	512	512	421	414	365	418	75.598
18	maps/rooms/8room_040.map	512	512	230	494	205	478	75.3848
18	maps/rooms/8room_040.map	512	512	510	213	498	175	75.3137
18	maps/rooms/8room_040.map	512	512	47	188	99	154	75.1127
18	maps/rooms/8room_040.map	512	512	82	3	127	51	75.4264
18	maps/rooms/8room_040.map	512	512	499	444	455	420	75.598
17	maps/rooms/8room_040.map	512	512	234	493	206	478	71.3848
17	maps/rooms/8room_040.map	512	512	379	110	330	143	71.598
17	maps/rooms/8room_040.map	512	512	109	508	122	454	71.0416
17	maps/rooms/8room_040.map	512	512	271	76	281	73	71.9706
16	maps/rooms/8room_040.map	512	512	217	260	162	247	67.3553
16	maps/rooms/8room_040.map	512	512	119	364	175	364	67.598
16	maps/rooms/8room_040.map	512	512	468	236	474	289	67.0416
16	maps/rooms/8room_040.map	512	512	266	138	281	196	67.3848
16	maps/rooms/8room_040.map	512	512	131	348	175	341	67.0833
16	maps/rooms/8room_040.map	512	512	3	123	53	87	67.2548
15	maps/rooms/8room_040.map	512	512	267	122	295	153	63.3848
15	maps/rooms/8room_040.map	512	512	218	493	186	450	63.8701
15	maps/rooms/8room_040.map	512	512	12	184	7	221	63.1127
15	maps/rooms/8room_040.map	512	512	493	137	497	167	63.3553
15	maps/rooms/8room_040.map	512	512	283	351	327	320	63.2843
14	maps/rooms/8room_040.map	512	512	282	173	283	215	59.7279
14	maps/rooms/8room_040.map	512	512	50	286	80	265	59.0416
14	maps/rooms/8room_040.map	512	512	245	349	287	348	59.5269
14	maps/rooms/8room_040.map	512	512	132	331	171	332	59.3553
13	maps/rooms/8room_040.map	512	512	429	250	444	207	55.0711
13	maps/rooms/8room_040.map	512	512	462	472	410	471	55.7279
13	maps/rooms/8room_040.map	512	512	454	146	486	177	54.799
13	maps/rooms/8room_040.map	512	512	375	285	327	282	55.6274
13	maps/rooms/8room_040.map	512	512	4	139	47	155	55.8701
13	maps/rooms/8room_040.map	512	512	508	311	472	343	55.6985
13	maps/rooms/8room_040.map	512	512	109	232	137	235	55.6274
13	maps/rooms/8room_040.map	512	512	412	58	426	57	55.8701
12	maps/rooms/8room_040.map	512	512	143	276	178	299	51.5563
12	maps/rooms/8room_040.map	512	512	377	19	373	66	51.1421
12	maps/rooms/8room_040.map	512	512	335	314	351	277	51.9706
12	maps/rooms/8room_040.map	512	512	118	66	147	84	51.0416
12	maps/rooms/8room_040.map	512	512	442	170	442	216	51.799
12	maps/rooms/8room_040.map	512	512	110	146	134	179	51.1421
12	maps/rooms/8room_040.map	512	512	227	104	220	147	51.5563
12	maps/rooms/8room_040.map	512	512	67	147	92	178	51.799
12	maps/rooms/8room_040.map	512	512	136	426	138	379	51.9706
12	maps/rooms/8room_040.map	512	512	493	162	496	207	51.3137
11	maps/rooms/8room_040.map	512	512	136	272	171	265	47.4558
11	maps/rooms/8room_040.map	512	512	488	94	447	87	47.3137
10	maps/rooms/8room_040.map	512	512	76	50	50	72	42.1421
11	maps/rooms/8room_040.map	512	512	459	363	418	351	47.9706
11	maps/rooms/8room_040.map	512	512	457	229	420	220	47.6985
11	maps/rooms/8room_040.map	512	512	242	302	233	266	47.5269
11	maps/rooms/8room_040.map	512	512	106	242	140	234	47.3137
11	maps/rooms/8room_040.map	512	512	324	102	284	106	47.4558
11	maps/rooms/8room_040.map	512	512	382	79	374	120	46.8995
11	maps/rooms/8room_040.map	512	512	204	143	243	150	46.9706
10	maps/rooms/8room_040.map	512	512	154	280	114	272	43.8995
10	maps/rooms/8room_040.map	512	512	10	188	19	203	42.6274
10	maps/rooms/8room_040.map	512	512	61	283	52	297	43.0416
10	maps/rooms/8room_040.map	512	512	354	446	390	431	43.9706
10	maps/rooms/8room_040.map	512	512	336	112	298	120	43.8995
10	maps/rooms/8room_040.map	512	512	262	395	295	383	43.4853
9	maps/rooms/8room_040.map	512	512	204	396	172	382	39.799
9	maps/rooms/8room_040.map	512	512	169	456	159	427	39.6274
9	maps/rooms/8room_040.map	512	512	187	304	192	335	39.6985
9	maps/rooms/8room_040.map	512	512	39	40	46	77	39.8995
9	maps/rooms/8room_040.map	512	512	263	434	243	407	38.799
9	maps/rooms/8room_040.map	512	512	85	268	118	275	39.0711
9	maps/rooms/8room_040.map	512	512	50	446	67	415	39.2132
9	maps/rooms/8room_040.map	512	512	467	467	488	484	39.4558
8	maps/rooms/8room_040.map	512	512	331	130	358	114	34.799
8	maps/rooms/8room_040.map	512	512	60	238	93	232	35.4853
8	maps/rooms/8room_040.map	512	512	213	442	232	418	35.3848
8	maps/rooms/8room_040.map	512	512	188	280	201	302	35.1421
8	maps/rooms/8room_040.map	512	512	435	247	409	248	34.8995
8	maps/rooms/8room_040.map	512	512	71	409	53	382	35.6274
8	maps/rooms/8room_040.map	512	512	468	310	460	332	35.4558
8	maps/rooms/8room_040.map	512	512	92	232	120	223	35.2426
8	maps/rooms/8room_040.map	512	512	182	269	159	246	34.8701
7	maps/rooms/8room_040.map	512	512	165	126	187	140	31.3137
7	maps/rooms/8room_040.map	512	512	458	482	431	475	31.6569
7	maps/rooms/8room_040.map	512	512	201	83	179	97	31.3137
7	maps/rooms/8room_040.map	512	512	203	507	206	480	31.5563
7	maps/rooms/8room_040.map	512	512	343	52	335	75	31.1421
7	maps/rooms/8room_040.map	512	512	496	206	468	210	30.8284
7	maps/rooms/8room_040.map	512	512	171	104	191	115	31.2426
7	maps/rooms/8room_040.map	512	512	134	233	157	219	31.9706
6	maps/rooms/8room_040.map	512	512	511	93	496	73	27.9706
6	maps/rooms/8room_040.map	512	512	281	246	291	268	27.3137
6	maps/rooms/8room_040.map	512	512	495	214	483	235	27.1421
6	maps/rooms/8room_040.map	512	512	57	188	68	168	26.8995
6	maps/rooms/8room_040.map	512	512	270	434	248	423	27.7279
6	maps/rooms/8room_040.map	512	512	418	205	426	220	27.4853
6	maps/rooms/8room_040.map	512	512	55	83	68	83	27.1421
6	maps/rooms/8room_040.map	512	512	277	251	276	268	27.799
6	maps/rooms/8room_040.map	512	512	426	498	400	502	27.6569
5	maps/rooms/8room_040.map	512	512	75	454	72	438	23.7279
5	maps/rooms/8room_040.map	512	512	14	171	9	150	23.0711
5	maps/rooms/8room_040.map	512	512	60	510	74	505	22.8995
5	maps/rooms/8room_040.map	512	512	66	202	84	211	22.8995
5	maps/rooms/8room_040.map	512	512	131	31	149	30	23.7279
5	maps/rooms/8room_040.map	512	512	204	135	218	149	23.3137
5	maps/rooms/8room_040.map	512	512	205	435	203	426	23.4853
5	maps/rooms/8room_040.map	512	512	202	467	189	452	23.8995
4	maps/rooms/8room_040.map	512	512	97	10	95	26	19.0711
4	maps/rooms/8room_040.map	512	512	365	148	355	136	19.3137
4	maps/rooms/8room_040.map	512	512	76	50	83	65	19.0711
4	maps/rooms/8room_040.map	512	512	447	120	440	136	18.8995
4	maps/rooms/8room_040.map	512	512	504	172	487	167	19.0711
4	maps/rooms/8room_040.map	512	512	27	182	23	199	18.6569
4	maps/rooms/8room_040.map	512	512	471	191	475	174	19.4853
4	maps/rooms/8room_040.map	512	512	269	138	253	135	18.8995
4	maps/rooms/8room_040.map	512	512	268	115	254	126	19.1421
3	maps/rooms/8room_040.map	512	512	134	229	147	233	15.4853
3	maps/rooms/8room_040.map	512	512	201	410	200	395	15.4142
3	maps/rooms/8room_040.map	512	512	234	214	245	221	15.6569
3	maps/rooms/8room_040.map	512	512	175	351	184	345	15
3	maps/rooms/8room_040.map	512	512	506	54	492	58	15.6569
3	maps/rooms/8room_040.map	512	512	263	216	276	223	15.8995
3	maps/rooms/8room_040.map	512	512	269	409	270	396	15.0711
3	maps/rooms/8room_040.map	512	512	155	150	167	159	15.7279
3	maps/rooms/8room_040.map	512	512	413	155	409	141	15.6569
3	maps/rooms/8room_040.map	512	512	200	397	190	387	15.3137
2	maps/rooms/8room_040.map	512	512	367	328	356	328	11
2	maps/rooms/8room_040.map	512	512	277	135	284	128	11.0711
2	maps/rooms/8room_040.map	512	512	324	216	318	223	11.2426
2	maps/rooms/8room_040.map	512	512	278	119	289	119	11
2	maps/rooms/8room_040.map	512	512	396	178	388	186	11.3137
2	maps/rooms/8room_040.map	512	512	105	402	109	394	11.4142
2	maps/rooms/8room_040.map	512	512	239	345	246	352	11.0711
2	maps/rooms/8room_040.map	512	512	73	324	67	333	11.4853
2	maps/rooms/8room_040.map	512	512	174	228	165	233	11.0711
1	maps/rooms/8room_040.map	512	512	202	394	197	389	7.07107
1	maps/rooms/8room_040.map	512	512	204	436	197	434	7.82843
1	maps/rooms/8room_040.map	512	512	146	290	150	284	7.65685
1	maps/rooms/8room_040.map	512	512	468	323	466	330	7.82843
1	maps/rooms/8room_040.map	512	512	346	376	347	383	7.41421
1	maps/rooms/8room_040.map	512	512	431	123	430	130	7.41421
1	maps/rooms/8room_040.map	512	512	454	242	450	248	7.65685
1	maps/rooms/8room_040.map	512	512	348	318	344	322	6.82843
1	maps/rooms/8room_040.map	512	512	308	448	313	443	7.07107
1	maps/rooms/8room_040.map	512	512	318	190	311	188	7.82843
0	maps/rooms/8room_040.map	512	512	492	376	493	373	3.41421
0	maps/rooms/8room_040.map	512	512	220	287	223	287	3
0	maps/rooms/8room_040.map	512	512	165	262	164	265	3.41421
0	maps/rooms/8room_040.map	512	512	484	51	484	54	3
0	maps/rooms/8room_040.map	512	512	475	166	477	163	3.82843
0	maps/rooms/8room_040.map	512	512	138	234	141	235	3.41421
0	maps/rooms/8room_040.map	512	512	258	46	261	46	3
0	maps/rooms/8room_040.map	512	512	243	146	245	148	2.82843
0	maps/rooms/8room_040.map	512	512	13	489	11	487	2.82843
0	maps/rooms/8room_040.map	512	512	9	262	12	264	3.82843
