version 1
76	maps/rooms/8room_032.map	512	512	63	471	290	437	307.066
90	maps/rooms/8room_032.map	512	512	153	511	266	219	363.836
58	maps/rooms/8room_032.map	512	512	213	119	62	216	235.296
56	maps/rooms/8room_032.map	512	512	235	210	299	92	225.64
48	maps/rooms/8room_032.map	512	512	329	322	462	269	195.924
70	maps/rooms/8room_032.map	512	512	409	285	488	147	280.137
104	maps/rooms/8room_032.map	512	512	152	251	459	124	417.664
86	maps/rooms/8room_032.map	512	512	53	255	195	6	347.35
16	maps/rooms/8room_032.map	512	512	95	283	104	266	66.5269
39	maps/rooms/8room_032.map	512	512	118	454	82	435	156.882
62	maps/rooms/8room_032.map	512	512	437	200	261	259	251.794
82	maps/rooms/8room_032.map	512	512	134	314	389	265	330.108
43	maps/rooms/8room_032.map	512	512	278	332	343	233	174.811
110	maps/rooms/8room_032.map	512	512	44	380	91	89	443.823
121	maps/rooms/8room_032.map	512	512	500	90	173	258	486.563
127	maps/rooms/8room_032.map	512	512	484	181	238	474	511.818
35	maps/rooms/8room_032.map	512	512	205	264	126	181	142.326
57	maps/rooms/8room_032.map	512	512	163	273	317	335	228.167
127	maps/rooms/8room_032.map	512	512	164	93	426	403	511.931
92	maps/rooms/8room_032.map	512	512	57	107	316	82	370.208
127	maps/rooms/8room_032.map	512	512	415	205	73	379	511.161
50	maps/rooms/8room_032.map	512	512	379	383	207	358	203.569
111	maps/rooms/8room_032.map	512	512	326	110	443	460	446.22
119	maps/rooms/8room_032.map	512	512	88	382	349	154	479.375
127	maps/rooms/8room_032.map	512	512	263	412	391	52	511.806
87	maps/rooms/8room_032.map	512	512	377	316	455	70	348.392
50	maps/rooms/8room_032.map	512	512	415	302	303	214	201.681
48	maps/rooms/8room_032.map	512	512	25	302	45	137	192.782
72	maps/rooms/8room_032.map	512	512	357	393	343	170	288.622
67	maps/rooms/8room_032.map	512	512	14	169	25	393	270.439
127	maps/rooms/8room_032.map	512	512	118	441	347	97	511.475
127	maps/rooms/8room_032.map	512	512	22	243	421	342	510.777
57	maps/rooms/8room_032.map	512	512	223	210	348	191	229.338
127	maps/rooms/8room_032.map	512	512	420	83	58	280	511.919
57	maps/rooms/8room_032.map	512	512	457	168	394	259	228.794
127	maps/rooms/8room_032.map	512	512	130	104	461	305	511.789
68	maps/rooms/8room_032.map	512	512	361	236	282	40	273.167
124	maps/rooms/8room_032.map	512	512	127	195	473	214	499.375
68	maps/rooms/8room_032.map	512	512	492	265	345	106	273.723
29	maps/rooms/8room_032.map	512	512	403	175	425	93	116.225
71	maps/rooms/8room_032.map	512	512	230	308	245	70	285.853
105	maps/rooms/8room_032.map	512	512	427	205	284	478	421.019
21	maps/rooms/8room_032.map	512	512	81	137	141	98	86.1543
127	maps/rooms/8room_032.map	512	512	220	489	184	91	511.99
61	maps/rooms/8room_032.map	512	512	41	149	152	306	245.966
99	maps/rooms/8room_032.map	512	512	143	179	367	418	396.362
94	maps/rooms/8room_032.map	512	512	118	98	201	390	376.463
57	maps/rooms/8room_032.map	512	512	325	391	502	387	231.066
28	maps/rooms/8room_032.map	512	512	10	176	61	249	112.87
92	maps/rooms/8room_032.map	512	512	235	249	507	344	369.108
127	maps/rooms/8room_032.map	512	512	396	383	94	115	511.304
77	maps/rooms/8room_032.map	512	512	180	312	6	486	310.149
3	maps/rooms/8room_032.map	512	512	450	78	457	66	14.8995
126	maps/rooms/8room_032.map	512	512	474	158	180	72	507.321
50	maps/rooms/8room_032.map	512	512	430	134	381	254	200.723
83	maps/rooms/8room_032.map	512	512	109	221	195	467	334.693
97	maps/rooms/8room_032.map	512	512	386	51	361	340	391.522
22	maps/rooms/8room_032.map	512	512	166	426	197	358	90.598
86	maps/rooms/8room_032.map	512	512	371	150	183	27	344.522
126	maps/rooms/8room_032.map	512	512	148	444	240	47	507.777
101	maps/rooms/8room_032.map	512	512	446	451	147	328	407.806
72	maps/rooms/8room_032.map	512	512	172	202	302	28	290.995
60	maps/rooms/8room_032.map	512	512	420	277	302	329	241.338
47	maps/rooms/8room_032.map	512	512	93	291	214	378	191.882
126	maps/rooms/8room_032.map	512	512	143	211	490	270	507.304
126	maps/rooms/8room_032.map	512	512	71	370	295	64	507.664
126	maps/rooms/8room_032.map	512	512	447	510	441	97	507.09
82	maps/rooms/8room_032.map	512	512	495	147	269	168	328.48
70	maps/rooms/8room_032.map	512	512	490	232	379	77	282.309
80	maps/rooms/8room_032.map	512	512	249	332	4	307	323.865
76	maps/rooms/8room_032.map	512	512	244	260	26	366	306.451
45	maps/rooms/8room_032.map	512	512	295	194	281	41	183.083
52	maps/rooms/8room_032.map	512	512	87	398	246	310	211.309
82	maps/rooms/8room_032.map	512	512	442	336	508	106	329.279
68	maps/rooms/8room_032.map	512	512	250	168	388	36	273.581
32	maps/rooms/8room_032.map	512	512	152	363	162	268	128.882
126	maps/rooms/8room_032.map	512	512	69	436	201	60	507.563
126	maps/rooms/8room_032.map	512	512	85	430	335	118	507.789
67	maps/rooms/8room_032.map	512	512	348	331	190	213	271.137
46	maps/rooms/8room_032.map	512	512	149	238	227	127	184.154
90	maps/rooms/8room_032.map	512	512	207	210	430	187	362.693
68	maps/rooms/8room_032.map	512	512	252	356	78	237	273.995
38	maps/rooms/8room_032.map	512	512	456	314	327	356	152.255
54	maps/rooms/8room_032.map	512	512	345	149	262	75	219.752
107	maps/rooms/8room_032.map	512	512	269	441	98	135	429.576
126	maps/rooms/8room_032.map	512	512	475	174	227	406	506.777
126	maps/rooms/8room_032.map	512	512	474	204	122	141	507.576
123	maps/rooms/8room_032.map	512	512	155	229	500	60	492.291
30	maps/rooms/8room_032.map	512	512	499	95	430	28	122.083
38	maps/rooms/8room_032.map	512	512	99	297	41	396	153.527
40	maps/rooms/8room_032.map	512	512	246	502	120	459	163.853
126	maps/rooms/8room_032.map	512	512	446	510	154	195	507.416
101	maps/rooms/8room_032.map	512	512	439	140	421	424	405.563
97	maps/rooms/8room_032.map	512	512	90	124	10	429	389.35
125	maps/rooms/8room_032.map	512	512	195	44	265	472	501.848
72	maps/rooms/8room_032.map	512	512	146	148	267	362	291.693
99	maps/rooms/8room_032.map	512	512	223	66	215	402	399.38
77	maps/rooms/8room_032.map	512	512	313	23	233	245	310.995
125	maps/rooms/8room_032.map	512	512	453	139	172	413	503.759
87	maps/rooms/8room_032.map	512	512	147	116	323	198	350.836
42	maps/rooms/8room_032.map	512	512	331	259	440	344	169.539
24	maps/rooms/8room_032.map	512	512	399	373	428	343	97.9117
73	maps/rooms/8room_032.map	512	512	402	227	315	355	292.681
45	maps/rooms/8room_032.map	512	512	505	300	479	156	183.113
42	maps/rooms/8room_032.map	512	512	90	237	222	216	170.64
117	maps/rooms/8room_032.map	512	512	136	127	434	299	468.576
125	maps/rooms/8room_032.map	512	512	360	216	15	378	500.889
40	maps/rooms/8room_032.map	512	512	235	338	317	251	162.882
125	maps/rooms/8room_032.map	512	512	493	101	118	258	503.321
125	maps/rooms/8room_032.map	512	512	233	1	414	349	503.919
125	maps/rooms/8room_032.map	512	512	61	474	329	187	503.617
114	maps/rooms/8room_032.map	512	512	89	76	455	95	457.007
112	maps/rooms/8room_032.map	512	512	165	341	331	26	451.777
27	maps/rooms/8room_032.map	512	512	377	20	426	99	111.012
92	maps/rooms/8room_032.map	512	512	399	296	217	479	371.007
69	maps/rooms/8room_032.map	512	512	109	312	172	135	278.024
125	maps/rooms/8room_032.map	512	512	189	477	216	62	502.777
86	maps/rooms/8room_032.map	512	512	168	396	13	172	344.48
50	maps/rooms/8room_032.map	512	512	24	329	121	191	203.167
120	maps/rooms/8room_032.map	512	512	378	407	36	185	483.304
125	maps/rooms/8room_032.map	512	512	171	430	384	83	503.161
50	maps/rooms/8room_032.map	512	512	284	274	341	187	200.024
125	maps/rooms/8room_032.map	512	512	7	447	404	293	503.96
74	maps/rooms/8room_032.map	512	512	392	227	367	374	299.622
125	maps/rooms/8room_032.map	512	512	151	50	89	446	503.706
60	maps/rooms/8room_032.map	512	512	460	30	474	187	243.51
51	maps/rooms/8room_032.map	512	512	357	214	306	124	207.024
100	maps/rooms/8room_032.map	512	512	405	222	151	372	402.191
38	maps/rooms/8room_032.map	512	512	316	339	370	233	153.841
108	maps/rooms/8room_032.map	512	512	155	367	181	7	435.563
73	maps/rooms/8room_032.map	512	512	233	48	446	137	292.167
66	maps/rooms/8room_032.map	512	512	509	309	301	332	265.368
124	maps/rooms/8room_032.map	512	512	377	11	216	393	499.233
38	maps/rooms/8room_032.map	512	512	146	117	18	125	154.811
94	maps/rooms/8room_032.map	512	512	72	179	258	419	376.007
99	maps/rooms/8room_032.map	512	512	84	276	298	95	399.836
65	maps/rooms/8room_032.map	512	512	233	350	72	201	260.208
124	maps/rooms/8room_032.map	512	512	490	61	94	168	499.09
34	maps/rooms/8room_032.map	512	512	7	146	23	66	136.811
54	maps/rooms/8room_032.map	512	512	150	252	238	110	219.054
21	maps/rooms/8room_032.map	512	512	105	235	93	175	87.6985
124	maps/rooms/8room_032.map	512	512	179	35	392	395	499.174
97	maps/rooms/8room_032.map	512	512	346	186	477	457	388.25
62	maps/rooms/8room_032.map	512	512	254	463	117	373	251.551
124	maps/rooms/8room_032.map	512	512	118	509	310	148	498.99
47	maps/rooms/8room_032.map	512	512	245	374	242	511	191.882
98	maps/rooms/8room_032.map	512	512	410	443	108	307	395.563
59	maps/rooms/8room_032.map	512	512	284	430	102	386	239.338
114	maps/rooms/8room_032.map	512	512	396	291	131	47	458.304
30	maps/rooms/8room_032.map	512	512	316	135	411	95	123.527
36	maps/rooms/8room_032.map	512	512	179	191	204	218	147.154
105	maps/rooms/8room_032.map	512	512	322	419	7	410	420.191
97	maps/rooms/8room_032.map	512	512	25	107	333	29	389.907
124	maps/rooms/8room_032.map	512	512	499	93	370	460	499.203
81	maps/rooms/8room_032.map	512	512	53	78	194	251	326.392
59	maps/rooms/8room_032.map	512	512	303	426	135	346	237.681
16	maps/rooms/8room_032.map	512	512	164	299	146	313	66.8701
63	maps/rooms/8room_032.map	512	512	55	259	71	460	255.752
112	maps/rooms/8room_032.map	512	512	2	14	260	210	448.475
44	maps/rooms/8room_032.map	512	512	369	209	355	316	178.196
123	maps/rooms/8room_032.map	512	512	482	109	251	388	495.747
54	maps/rooms/8room_032.map	512	512	399	260	425	139	216.48
66	maps/rooms/8room_032.map	512	512	32	187	154	28	264.622
88	maps/rooms/8room_032.map	512	512	35	124	302	38	354.238
90	maps/rooms/8room_032.map	512	512	118	255	391	322	361.622
74	maps/rooms/8room_032.map	512	512	436	218	293	315	296.652
92	maps/rooms/8room_032.map	512	512	130	345	311	162	370.593
121	maps/rooms/8room_032.map	512	512	132	130	463	325	486.475
120	maps/rooms/8room_032.map	512	512	182	63	111	439	483.718
18	maps/rooms/8room_032.map	512	512	314	271	300	206	72.799
124	maps/rooms/8room_032.map	512	512	379	7	392	412	499.546
124	maps/rooms/8room_032.map	512	512	491	437	382	58	499.362
124	maps/rooms/8room_032.map	512	512	424	30	103	251	499.22
93	maps/rooms/8room_032.map	512	512	386	473	168	245	372.191
51	maps/rooms/8room_032.map	512	512	307	48	458	44	204.196
92	maps/rooms/8room_032.map	512	512	318	431	403	169	369.693
72	maps/rooms/8room_032.map	512	512	378	309	503	157	290.037
24	maps/rooms/8room_032.map	512	512	164	186	104	180	97.3553
61	maps/rooms/8room_032.map	512	512	495	303	290	310	244.953
116	maps/rooms/8room_032.map	512	512	65	113	104	472	464.492
50	maps/rooms/8room_032.map	512	512	447	120	325	10	200.853
73	maps/rooms/8room_032.map	512	512	403	334	218	457	294.894
69	maps/rooms/8room_032.map	512	512	394	382	244	249	277.208
24	maps/rooms/8room_032.map	512	512	20	456	73	398	97.669
124	maps/rooms/8room_032.map	512	512	469	375	149	163	499.203
79	maps/rooms/8room_032.map	512	512	466	200	510	461	318.865
123	maps/rooms/8room_032.map	512	512	503	214	146	259	495.161
115	maps/rooms/8room_032.map	512	512	174	31	418	231	462.333
48	maps/rooms/8room_032.map	512	512	391	276	413	174	194.652
87	maps/rooms/8room_032.map	512	512	350	344	234	79	350.622
72	maps/rooms/8room_032.map	512	512	274	237	75	196	291.622
85	maps/rooms/8room_032.map	512	512	330	374	235	140	341.291
123	maps/rooms/8room_032.map	512	512	174	123	401	395	495.174
69	maps/rooms/8room_032.map	512	512	276	220	386	77	279.995
123	maps/rooms/8room_032.map	512	512	451	37	205	343	495.161
59	maps/rooms/8room_032.map	512	512	499	437	364	332	237.924
39	maps/rooms/8room_032.map	512	512	30	278	2	157	158.255
51	maps/rooms/8room_032.map	512	512	281	406	326	260	204.296
4	maps/rooms/8room_032.map	512	512	284	146	294	148	19.8995
33	maps/rooms/8room_032.map	512	512	446	290	352	348	132.083
85	maps/rooms/8room_032.map	512	512	302	298	313	8	340.338
67	maps/rooms/8room_032.map	512	512	330	308	454	489	270.764
101	maps/rooms/8room_032.map	512	512	455	207	327	511	405.806
109	maps/rooms/8room_032.map	512	512	222	174	510	339	438.789
21	maps/rooms/8room_032.map	512	512	269	419	275	484	87.5269
123	maps/rooms/8room_032.map	512	512	425	166	66	5	495.747
71	maps/rooms/8room_032.map	512	512	245	147	19	143	286.267
44	maps/rooms/8room_032.map	512	512	405	54	281	27	179.61
57	maps/rooms/8room_032.map	512	512	177	105	120	269	230.338
38	maps/rooms/8room_032.map	512	512	186	184	195	275	155.397
59	maps/rooms/8room_032.map	512	512	53	94	220	141	237.539
69	maps/rooms/8room_032.map	512	512	279	298	239	108	277.439
38	maps/rooms/8room_032.map	512	512	184	367	72	372	152.154
123	maps/rooms/8room_032.map	512	512	415	6	55	181	495.475
49	maps/rooms/8room_032.map	512	512	314	27	146	0	199.995
104	maps/rooms/8room_032.map	512	512	330	8	487	295	417.706
34	maps/rooms/8room_032.map	512	512	27	272	116	326	137.184
56	maps/rooms/8room_032.map	512	512	438	325	262	315	227.924
115	maps/rooms/8room_032.map	512	512	283	141	415	479	461.262
18	maps/rooms/8room_032.map	512	512	158	452	116	500	73.598
123	maps/rooms/8room_032.map	512	512	263	505	118	118	494.919
42	maps/rooms/8room_032.map	512	512	71	190	153	105	168.196
112	maps/rooms/8room_032.map	512	512	456	132	99	139	450.392
71	maps/rooms/8room_032.map	512	512	200	6	270	236	286.652
93	maps/rooms/8room_032.map	512	512	488	377	462	78	373.794
123	maps/rooms/8room_032.map	512	512	430	470	155	171	494.617
96	maps/rooms/8room_032.map	512	512	244	355	317	42	386.492
123	maps/rooms/8room_032.map	512	512	333	42	450	443	495.404
68	maps/rooms/8room_032.map	512	512	348	259	186	381	274.693
48	maps/rooms/8room_032.map	512	512	215	195	148	51	195.61
122	maps/rooms/8room_032.map	512	512	14	365	234	38	490.647
122	maps/rooms/8room_032.map	512	512	136	499	196	93	491.362
54	maps/rooms/8room_032.map	512	512	440	505	249	506	219.64
122	maps/rooms/8room_032.map	512	512	307	41	396	437	490.747
122	maps/rooms/8room_032.map	512	512	84	29	172	405	491.061
39	maps/rooms/8room_032.map	512	512	335	124	397	231	157.953
122	maps/rooms/8room_032.map	512	512	485	474	138	258	491.375
119	maps/rooms/8room_032.map	512	512	443	396	501	20	479.99
122	maps/rooms/8room_032.map	512	512	470	99	306	439	491.463
122	maps/rooms/8room_032.map	512	512	12	68	354	250	491.304
80	maps/rooms/8room_032.map	512	512	121	425	319	285	320.108
122	maps/rooms/8room_032.map	512	512	88	328	395	83	491.262
87	maps/rooms/8room_032.map	512	512	410	500	421	266	349.735
72	maps/rooms/8room_032.map	512	512	500	135	426	370	291.794
72	maps/rooms/8room_032.map	512	512	210	420	355	246	289.409
43	maps/rooms/8room_032.map	512	512	226	264	338	329	174.296
47	maps/rooms/8room_032.map	512	512	154	335	244	271	188.368
8	maps/rooms/8room_032.map	512	512	478	265	456	249	33.3137
121	maps/rooms/8room_032.map	512	512	376	173	50	329	487.647
23	maps/rooms/8room_032.map	512	512	328	314	258	307	92.6985
122	maps/rooms/8room_032.map	512	512	143	25	453	226	491.333
21	maps/rooms/8room_032.map	512	512	178	363	181	439	87.8701
61	maps/rooms/8room_032.map	512	512	311	458	115	500	247.196
122	maps/rooms/8room_032.map	512	512	427	467	71	280	491.919
121	maps/rooms/8room_032.map	512	512	411	508	346	98	487.919
121	maps/rooms/8room_032.map	512	512	119	330	409	79	486.848
121	maps/rooms/8room_032.map	512	512	89	45	20	403	487.735
98	maps/rooms/8room_032.map	512	512	423	174	122	146	392.421
12	maps/rooms/8room_032.map	512	512	100	3	131	33	48.1127
11	maps/rooms/8room_032.map	512	512	467	278	450	310	44.5563
115	maps/rooms/8room_032.map	512	512	278	126	418	421	462.848
68	maps/rooms/8room_032.map	512	512	21	181	154	29	273.551
109	maps/rooms/8room_032.map	512	512	135	279	440	461	439.333
121	maps/rooms/8room_032.map	512	512	474	278	101	397	487.546
76	maps/rooms/8room_032.map	512	512	406	238	493	452	306.238
96	maps/rooms/8room_032.map	512	512	26	142	295	79	386.593
121	maps/rooms/8room_032.map	512	512	409	6	128	252	487.978
84	maps/rooms/8room_032.map	512	512	281	250	160	505	339.664
74	maps/rooms/8room_032.map	512	512	292	239	319	463	297.267
102	maps/rooms/8room_032.map	512	512	103	508	228	204	409.735
11	maps/rooms/8room_032.map	512	512	216	226	182	236	47.4558
71	maps/rooms/8room_032.map	512	512	73	146	211	326	284.995
79	maps/rooms/8room_032.map	512	512	462	470	431	269	316.794
46	maps/rooms/8room_032.map	512	512	7	302	154	319	187.397
121	maps/rooms/8room_032.map	512	512	487	117	211	363	487.931
121	maps/rooms/8room_032.map	512	512	119	380	342	78	487.132
101	maps/rooms/8room_032.map	512	512	13	98	331	244	407.706
66	maps/rooms/8room_032.map	512	512	190	194	196	47	265.953
39	maps/rooms/8room_032.map	512	512	242	492	252	375	158.397
53	maps/rooms/8room_032.map	512	512	308	314	233	471	214.368
120	maps/rooms/8room_032.map	512	512	488	38	125	185	483.262
66	maps/rooms/8room_032.map	512	512	120	483	326	456	266.238
109	maps/rooms/8room_032.map	512	512	274	507	475	219	436.019
80	maps/rooms/8room_032.map	512	512	198	424	253	175	321.723
39	maps/rooms/8room_032.map	512	512	461	411	382	503	158.497
97	maps/rooms/8room_032.map	512	512	186	316	428	136	389.505
120	maps/rooms/8room_032.map	512	512	360	406	110	101	483.032
52	maps/rooms/8room_032.map	512	512	229	363	100	275	210.782
33	maps/rooms/8room_032.map	512	512	313	233	259	196	134.196
66	maps/rooms/8room_032.map	512	512	247	263	318	479	264.865
85	maps/rooms/8room_032.map	512	512	96	212	332	101	343.108
120	maps/rooms/8room_032.map	512	512	6	149	334	373	483.304
99	maps/rooms/8room_032.map	512	512	179	221	422	404	396.936
90	maps/rooms/8room_032.map	512	512	199	362	341	127	360.764
109	maps/rooms/8room_032.map	512	512	484	346	362	23	436.22
24	maps/rooms/8room_032.map	512	512	306	478	293	399	98.2843
59	maps/rooms/8room_032.map	512	512	265	443	174	316	237.681
120	maps/rooms/8room_032.map	512	512	18	24	233	340	482.931
114	maps/rooms/8room_032.map	512	512	29	78	22	439	459.362
52	maps/rooms/8room_032.map	512	512	506	428	351	446	211.953
120	maps/rooms/8room_032.map	512	512	202	71	389	417	483.174
120	maps/rooms/8room_032.map	512	512	455	21	120	198	483.404
28	maps/rooms/8room_032.map	512	512	233	506	140	476	112.74
104	maps/rooms/8room_032.map	512	512	468	158	316	383	417.35
75	maps/rooms/8room_032.map	512	512	453	327	223	422	300.681
65	maps/rooms/8room_032.map	512	512	150	268	93	51	263.723
10	maps/rooms/8room_032.map	512	512	94	454	65	475	41.2132
120	maps/rooms/8room_032.map	512	512	379	90	260	461	483.664
82	maps/rooms/8room_032.map	512	512	220	511	369	302	331.823
120	maps/rooms/8room_032.map	512	512	29	190	347	437	481.032
72	maps/rooms/8room_032.map	512	512	60	241	6	478	290.966
89	maps/rooms/8room_032.map	512	512	314	380	221	121	358.492
97	maps/rooms/8room_032.map	512	512	335	46	127	264	391.321
93	maps/rooms/8room_032.map	512	512	382	198	333	458	372.664
29	maps/rooms/8room_032.map	512	512	236	436	300	475	118.841
46	maps/rooms/8room_032.map	512	512	348	196	254	268	184.953
75	maps/rooms/8room_032.map	512	512	332	232	319	456	300.882
51	maps/rooms/8room_032.map	512	512	50	328	142	189	206.924
8	maps/rooms/8room_032.map	512	512	312	415	316	391	35.8995
39	maps/rooms/8room_032.map	512	512	58	300	41	167	157.296
30	maps/rooms/8room_032.map	512	512	277	216	178	231	123.255
49	maps/rooms/8room_032.map	512	512	173	194	92	56	196.924
48	maps/rooms/8room_032.map	512	512	406	31	395	156	194.912
59	maps/rooms/8room_032.map	512	512	259	459	204	283	237.794
64	maps/rooms/8room_032.map	512	512	68	207	108	31	257.782
117	maps/rooms/8room_032.map	512	512	109	509	239	137	471.706
73	maps/rooms/8room_032.map	512	512	21	259	122	447	294.723
105	maps/rooms/8room_032.map	512	512	149	199	410	377	421.777
102	maps/rooms/8room_032.map	512	512	168	324	488	303	409.451
45	maps/rooms/8room_032.map	512	512	245	267	185	396	183.468
65	maps/rooms/8room_032.map	512	512	306	152	466	246	260.995
93	maps/rooms/8room_032.map	512	512	285	189	159	462	374.664
75	maps/rooms/8room_032.map	512	512	261	139	262	383	303.894
106	maps/rooms/8room_032.map	512	512	501	262	291	5	425.919
112	maps/rooms/8room_032.map	512	512	188	274	461	50	451.392
95	maps/rooms/8room_032.map	512	512	154	105	247	387	382.563
119	maps/rooms/8room_032.map	512	512	180	30	367	375	479.345
52	maps/rooms/8room_032.map	512	512	197	236	61	137	208.095
119	maps/rooms/8room_032.map	512	512	180	168	416	473	479.718
100	maps/rooms/8room_032.map	512	512	120	115	239	443	403.291
79	maps/rooms/8room_032.map	512	512	318	378	294	165	317.409
112	maps/rooms/8room_032.map	512	512	220	29	293	372	451.907
34	maps/rooms/8room_032.map	512	512	154	164	171	64	137.426
45	maps/rooms/8room_032.map	512	512	165	460	251	352	183.296
113	maps/rooms/8room_032.map	512	512	397	86	509	429	452.463
119	maps/rooms/8room_032.map	512	512	105	380	364	118	479.576
70	maps/rooms/8room_032.map	512	512	142	484	243	276	281.894
102	maps/rooms/8room_032.map	512	512	141	280	302	7	409.037
62	maps/rooms/8room_032.map	512	512	303	50	217	233	250.539
96	maps/rooms/8room_032.map	512	512	291	282	77	451	385.333
109	maps/rooms/8room_032.map	512	512	378	324	59	323	438.25
115	maps/rooms/8room_032.map	512	512	84	276	438	387	463.836
116	maps/rooms/8room_032.map	512	512	45	11	89	355	464.451
86	maps/rooms/8room_032.map	512	512	87	331	291	510	344.723
111	maps/rooms/8room_032.map	512	512	5	442	231	179	447.919
67	maps/rooms/8room_032.map	512	512	157	343	350	444	271.137
44	maps/rooms/8room_032.map	512	512	190	303	283	308	179.439
43	maps/rooms/8room_032.map	512	512	293	372	422	372	174.882
85	maps/rooms/8room_032.map	512	512	367	212	340	467	341.421
119	maps/rooms/8room_032.map	512	512	382	383	11	313	479.049
51	maps/rooms/8room_032.map	512	512	472	419	389	297	204.782
119	maps/rooms/8room_032.map	512	512	122	60	399	216	479.576
43	maps/rooms/8room_032.map	512	512	206	259	164	390	174.296
94	maps/rooms/8room_032.map	512	512	402	109	238	340	378.865
92	maps/rooms/8room_032.map	512	512	415	277	122	308	371.664
93	maps/rooms/8room_032.map	512	512	184	117	184	392	374.907
74	maps/rooms/8room_032.map	512	512	162	266	285	88	296.238
31	maps/rooms/8room_032.map	512	512	470	441	402	391	127.882
39	maps/rooms/8room_032.map	512	512	166	390	215	277	158.125
119	maps/rooms/8room_032.map	512	512	23	455	388	292	479.061
63	maps/rooms/8room_032.map	512	512	374	191	236	318	254.037
72	maps/rooms/8room_032.map	512	512	392	114	267	284	291.409
119	maps/rooms/8room_032.map	512	512	173	143	11	458	479.09
16	maps/rooms/8room_032.map	512	512	309	450	265	485	66.1127
85	maps/rooms/8room_032.map	512	512	266	292	37	356	343.936
114	maps/rooms/8room_032.map	512	512	440	139	116	322	459.96
71	maps/rooms/8room_032.map	512	512	56	60	201	198	285.593
118	maps/rooms/8room_032.map	512	512	406	74	53	200	474.706
85	maps/rooms/8room_032.map	512	512	337	26	379	317	342.279
76	maps/rooms/8room_032.map	512	512	49	112	286	184	307.309
119	maps/rooms/8room_032.map	512	512	12	63	309	288	479.647
58	maps/rooms/8room_032.map	512	512	146	391	248	229	235.238
69	maps/rooms/8room_032.map	512	512	140	107	151	329	279.309
97	maps/rooms/8room_032.map	512	512	376	92	162	319	390.421
118	maps/rooms/8room_032.map	512	512	75	68	300	399	475.345
118	maps/rooms/8room_032.map	512	512	89	302	340	50	475.877
100	maps/rooms/8room_032.map	512	512	201	318	476	259	400.434
118	maps/rooms/8room_032.map	512	512	459	242	127	393	475.96
22	maps/rooms/8room_032.map	512	512	347	388	360	461	91.0122
83	maps/rooms/8room_032.map	512	512	486	303	293	179	335.794
51	maps/rooms/8room_032.map	512	512	458	363	404	443	205.338
91	maps/rooms/8room_032.map	512	512	412	131	132	46	366.522
109	maps/rooms/8room_032.map	512	512	6	364	344	438	436.191
62	maps/rooms/8room_032.map	512	512	189	109	349	156	250.238
94	maps/rooms/8room_032.map	512	512	206	459	494	475	377.723
24	maps/rooms/8room_032.map	512	512	268	191	196	172	96.0122
53	maps/rooms/8room_032.map	512	512	311	501	284	338	214.368
59	maps/rooms/8room_032.map	512	512	471	143	455	298	237.51
79	maps/rooms/8room_032.map	512	512	306	282	165	82	316.907
30	maps/rooms/8room_032.map	512	512	86	116	54	212	121.941
118	maps/rooms/8room_032.map	512	512	108	470	285	176	475.132
20	maps/rooms/8room_032.map	512	512	338	487	309	434	81.1127
67	maps/rooms/8room_032.map	512	512	232	382	93	199	271.522
79	maps/rooms/8room_032.map	512	512	23	377	277	362	317.551
118	maps/rooms/8room_032.map	512	512	438	15	138	167	475.262
118	maps/rooms/8room_032.map	512	512	449	105	174	362	475.345
45	maps/rooms/8room_032.map	512	512	249	409	388	379	180.882
118	maps/rooms/8room_032.map	512	512	158	306	457	232	475.919
76	maps/rooms/8room_032.map	512	512	365	392	167	261	307.794
105	maps/rooms/8room_032.map	512	512	227	223	476	413	423.434
118	maps/rooms/8room_032.map	512	512	78	74	390	265	475.86
118	maps/rooms/8room_032.map	512	512	302	164	53	421	475.99
66	maps/rooms/8room_032.map	512	512	350	201	499	61	264.078
63	maps/rooms/8room_032.map	512	512	265	142	301	308	255.439
117	maps/rooms/8room_032.map	512	512	370	6	192	355	471.09
75	maps/rooms/8room_032.map	512	512	485	42	407	258	302.451
104	maps/rooms/8room_032.map	512	512	222	179	76	475	417.019
61	maps/rooms/8room_032.map	512	512	130	162	273	18	247.652
64	maps/rooms/8room_032.map	512	512	125	222	183	25	259.167
58	maps/rooms/8room_032.map	512	512	314	388	122	395	235.409
117	maps/rooms/8room_032.map	512	512	422	262	101	319	471.262
117	maps/rooms/8room_032.map	512	512	457	51	140	262	471.262
61	maps/rooms/8room_032.map	512	512	260	31	87	55	246.095
112	maps/rooms/8room_032.map	512	512	35	469	404	442	449.321
12	maps/rooms/8room_032.map	512	512	476	268	510	254	50.2843
89	maps/rooms/8room_032.map	512	512	393	157	156	29	356.522
117	maps/rooms/8room_032.map	512	512	167	91	365	403	471.505
66	maps/rooms/8room_032.map	512	512	88	228	270	359	265.208
30	maps/rooms/8room_032.map	512	512	460	329	469	233	123.77
117	maps/rooms/8room_032.map	512	512	398	490	87	244	471.475
117	maps/rooms/8room_032.map	512	512	77	196	421	342	471.362
88	maps/rooms/8room_032.map	512	512	333	389	197	156	354.321
64	maps/rooms/8room_032.map	512	512	230	204	345	356	259.108
55	maps/rooms/8room_032.map	512	512	170	380	53	255	223.539
117	maps/rooms/8room_032.map	512	512	53	138	330	415	471.546
102	maps/rooms/8room_032.map	512	512	343	242	23	255	411.836
117	maps/rooms/8room_032.map	512	512	504	26	248	296	471.103
101	maps/rooms/8room_032.map	512	512	168	454	435	292	405.451
65	maps/rooms/8room_032.map	512	512	373	221	303	58	263.066
26	maps/rooms/8room_032.map	512	512	287	313	286	409	106.355
61	maps/rooms/8room_032.map	512	512	444	438	250	490	244.711
30	maps/rooms/8room_032.map	512	512	111	410	177	471	120.012
106	maps/rooms/8room_032.map	512	512	14	317	26	18	426.12
46	maps/rooms/8room_032.map	512	512	113	250	165	124	185.882
82	maps/rooms/8room_032.map	512	512	267	357	388	134	330.35
92	maps/rooms/8room_032.map	512	512	386	505	500	228	370.019
115	maps/rooms/8room_032.map	512	512	327	383	410	39	463.149
23	maps/rooms/8room_032.map	512	512	376	394	307	381	93.1127
85	maps/rooms/8room_032.map	512	512	223	124	479	75	341.551
96	maps/rooms/8room_032.map	512	512	267	502	461	262	384.635
78	maps/rooms/8room_032.map	512	512	378	5	355	262	312.936
57	maps/rooms/8room_032.map	512	512	343	149	198	231	231.267
116	maps/rooms/8room_032.map	512	512	134	10	475	38	467.676
85	maps/rooms/8room_032.map	512	512	297	89	61	90	342.48
102	maps/rooms/8room_032.map	512	512	290	499	494	231	409.061
82	maps/rooms/8room_032.map	512	512	220	210	103	403	329.563
36	maps/rooms/8room_032.map	512	512	325	360	340	424	144.539
112	maps/rooms/8room_032.map	512	512	483	440	343	106	451.907
69	maps/rooms/8room_032.map	512	512	60	231	251	165	277.409
89	maps/rooms/8room_032.map	512	512	281	298	504	178	359.108
116	maps/rooms/8room_032.map	512	512	120	406	325	83	467.061
64	maps/rooms/8room_032.map	512	512	227	114	149	292	256.024
63	maps/rooms/8room_032.map	512	512	459	159	390	277	255.25
102	maps/rooms/8room_032.map	512	512	444	351	165	507	409.191
47	maps/rooms/8room_032.map	512	512	100	258	254	284	188.51
116	maps/rooms/8room_032.map	512	512	495	34	246	305	467.446
116	maps/rooms/8room_032.map	512	512	422	59	113	266	467.706
116	maps/rooms/8room_032.map	512	512	123	293	451	185	467.605
81	maps/rooms/8room_032.map	512	512	169	271	30	70	326.735
55	maps/rooms/8room_032.map	512	512	151	300	15	381	221.652
104	maps/rooms/8room_032.map	512	512	156	270	439	258	418.22
112	maps/rooms/8room_032.map	512	512	268	169	407	508	450.434
48	maps/rooms/8room_032.map	512	512	234	103	365	118	192.468
64	maps/rooms/8room_032.map	512	512	291	282	195	98	257.764
22	maps/rooms/8room_032.map	512	512	363	275	413	332	91.7696
116	maps/rooms/8room_032.map	512	512	278	407	449	92	467.505
104	maps/rooms/8room_032.map	512	512	197	359	460	167	418.161
116	maps/rooms/8room_032.map	512	512	438	443	226	152	467.375
44	maps/rooms/8room_032.map	512	512	207	3	83	7	177.681
15	maps/rooms/8room_032.map	512	512	345	291	329	283	61.3553
116	maps/rooms/8room_032.map	512	512	98	112	403	241	467.605
115	maps/rooms/8room_032.map	512	512	25	8	324	246	463.617
102	maps/rooms/8room_032.map	512	512	454	505	427	171	410.664
32	maps/rooms/8room_032.map	512	512	334	241	252	299	131.74
40	maps/rooms/8room_032.map	512	512	153	168	95	265	161.912
27	maps/rooms/8room_032.map	512	512	39	10	131	28	111.012
115	maps/rooms/8room_032.map	512	512	11	25	220	315	463.274
81	maps/rooms/8room_032.map	512	512	174	276	360	126	327.48
100	maps/rooms/8room_032.map	512	512	279	459	21	326	401.635
115	maps/rooms/8room_032.map	512	512	116	393	55	53	463.451
115	maps/rooms/8room_032.map	512	512	108	204	442	350	463.706
79	maps/rooms/8room_032.map	512	512	150	361	362	238	316.179
45	maps/rooms/8room_032.map	512	512	445	245	483	135	183.154
58	maps/rooms/8room_032.map	512	512	322	419	479	362	233.095
58	maps/rooms/8room_032.map	512	512	414	108	255	23	234.125
115	maps/rooms/8room_032.map	512	512	332	346	227	19	461.161
63	maps/rooms/8room_032.map	512	512	265	189	425	116	252.681
29	maps/rooms/8room_032.map	512	512	317	414	242	340	117.953
106	maps/rooms/8room_032.map	512	512	360	91	392	429	427.948
114	maps/rooms/8room_032.map	512	512	25	458	294	194	459.818
114	maps/rooms/8room_032.map	512	512	282	507	351	133	459.208
114	maps/rooms/8room_032.map	512	512	367	279	40	467	459.576
34	maps/rooms/8room_032.map	512	512	28	96	24	39	137.225
112	maps/rooms/8room_032.map	512	512	166	363	35	42	449.404
26	maps/rooms/8room_032.map	512	512	156	78	230	43	106.698
63	maps/rooms/8room_032.map	512	512	328	396	198	244	253.48
92	maps/rooms/8room_032.map	512	512	502	482	293	282	368.22
92	maps/rooms/8room_032.map	512	512	278	418	406	245	369.25
56	maps/rooms/8room_032.map	512	512	404	94	511	214	227.167
57	maps/rooms/8room_032.map	512	512	437	341	312	203	229.551
114	maps/rooms/8room_032.map	512	512	385	318	125	71	459.576
114	maps/rooms/8room_032.map	512	512	13	410	119	75	459.818
74	maps/rooms/8room_032.map	512	512	139	447	107	221	297.279
114	maps/rooms/8room_032.map	512	512	21	292	293	504	459.505
109	maps/rooms/8room_032.map	512	512	292	89	120	393	439.605
61	maps/rooms/8room_032.map	512	512	223	362	403	285	246.581
48	maps/rooms/8room_032.map	512	512	404	324	269	367	193.355
31	maps/rooms/8room_032.map	512	512	301	409	220	458	127.154
113	maps/rooms/8room_032.map	512	512	396	501	151	202	455.546
30	maps/rooms/8room_032.map	512	512	314	418	388	487	121.326
51	maps/rooms/8room_032.map	512	512	151	258	189	386	206.409
113	maps/rooms/8room_032.map	512	512	86	118	343	375	455.262
29	maps/rooms/8room_032.map	512	512	390	88	429	162	119.083
92	maps/rooms/8room_032.map	512	512	79	485	22	213	370.321
64	maps/rooms/8room_032.map	512	512	471	414	290	325	256.894
32	maps/rooms/8room_032.map	512	512	57	395	103	313	129.598
51	maps/rooms/8room_032.map	512	512	372	330	261	221	206.711
71	maps/rooms/8room_032.map	512	512	329	442	505	292	284.392
32	maps/rooms/8room_032.map	512	512	398	280	469	265	129.054
30	maps/rooms/8room_032.map	512	512	458	146	398	220	123.113
41	maps/rooms/8room_032.map	512	512	213	506	170	370	165.326
113	maps/rooms/8room_032.map	512	512	482	223	258	502	455.718
88	maps/rooms/8room_032.map	512	512	451	453	209	317	352.492
113	maps/rooms/8room_032.map	512	512	250	491	135	135	455.291
113	maps/rooms/8room_032.map	512	512	156	95	377	383	455.96
30	maps/rooms/8room_032.map	512	512	181	314	142	396	120.983
113	maps/rooms/8room_032.map	512	512	37	270	384	342	455.333
113	maps/rooms/8room_032.map	512	512	271	2	364	371	455.664
71	maps/rooms/8room_032.map	512	512	350	131	419	358	287.966
113	maps/rooms/8room_032.map	512	512	219	170	418	473	455.747
80	maps/rooms/8room_032.map	512	512	170	285	212	34	320.823
71	maps/rooms/8room_032.map	512	512	88	254	203	53	285.179
97	maps/rooms/8room_032.map	512	512	295	344	450	103	388.635
76	maps/rooms/8room_032.map	512	512	511	367	327	184	306.563
90	maps/rooms/8room_032.map	512	512	246	405	199	111	363.693
113	maps/rooms/8room_032.map	512	512	463	479	424	112	455.806
75	maps/rooms/8room_032.map	512	512	252	508	38	398	303.865
78	maps/rooms/8room_032.map	512	512	151	203	366	191	313.593
64	maps/rooms/8room_032.map	512	512	54	313	181	450	259.924
85	maps/rooms/8room_032.map	512	512	186	378	370	182	342.777
112	maps/rooms/8room_032.map	512	512	442	66	232	332	451.12
69	maps/rooms/8room_032.map	512	512	50	248	268	180	278.995
29	maps/rooms/8room_032.map	512	512	398	181	444	248	117.184
111	maps/rooms/8room_032.map	512	512	493	220	167	236	447.019
83	maps/rooms/8room_032.map	512	512	421	261	276	350	333.421
111	maps/rooms/8room_032.map	512	512	498	403	140	508	447.836
48	maps/rooms/8room_032.map	512	512	301	97	413	3	195.681
15	maps/rooms/8room_032.map	512	512	343	186	335	234	60.7279
66	maps/rooms/8room_032.map	512	512	18	346	187	465	266.451
111	maps/rooms/8room_032.map	512	512	489	466	274	206	447.718
107	maps/rooms/8room_032.map	512	512	137	476	442	313	428.593
21	maps/rooms/8room_032.map	512	512	266	505	319	461	86.598
88	maps/rooms/8room_032.map	512	512	83	398	233	167	353.149
16	maps/rooms/8room_032.map	512	512	265	348	307	306	67.0122
59	maps/rooms/8room_032.map	512	512	22	201	201	264	239.782
87	maps/rooms/8room_032.map	512	512	59	443	321	413	351.362
82	maps/rooms/8room_032.map	512	512	323	236	193	447	328.907
73	maps/rooms/8room_032.map	512	512	31	184	205	28	295.279
96	maps/rooms/8room_032.map	512	512	438	255	236	418	385.492
64	maps/rooms/8room_032.map	512	512	31	255	41	405	258.167
111	maps/rooms/8room_032.map	512	512	206	397	196	14	446.664
70	maps/rooms/8room_032.map	512	512	268	7	411	146	280.894
52	maps/rooms/8room_032.map	512	512	366	379	245	493	210.681
93	maps/rooms/8room_032.map	512	512	319	445	125	194	372.605
62	maps/rooms/8room_032.map	512	512	414	270	307	213	251.095
111	maps/rooms/8room_032.map	512	512	267	13	351	360	447.007
101	maps/rooms/8room_032.map	512	512	421	311	127	234	406.706
105	maps/rooms/8room_032.map	512	512	243	498	49	237	422.421
75	maps/rooms/8room_032.map	512	512	184	446	419	427	301.823
42	maps/rooms/8room_032.map	512	512	131	456	60	375	169.296
89	maps/rooms/8room_032.map	512	512	339	279	140	118	356.007
111	maps/rooms/8room_032.map	512	512	245	9	474	210	447.12
77	maps/rooms/8room_032.map	512	512	340	203	232	22	310.581
100	maps/rooms/8room_032.map	512	512	277	167	457	406	401.291
60	maps/rooms/8room_032.map	512	512	163	388	118	211	242.652
111	maps/rooms/8room_032.map	512	512	380	403	124	143	447.019
100	maps/rooms/8room_032.map	512	512	505	246	230	320	402.848
41	maps/rooms/8room_032.map	512	512	293	206	168	162	164.196
46	maps/rooms/8room_032.map	512	512	303	395	269	260	185.752
71	maps/rooms/8room_032.map	512	512	403	265	349	42	286.865
111	maps/rooms/8room_032.map	512	512	487	276	137	297	447.777
105	maps/rooms/8room_032.map	512	512	20	9	331	63	420.563
62	maps/rooms/8room_032.map	512	512	316	62	297	261	248.61
19	maps/rooms/8room_032.map	512	512	216	175	259	147	79.1838
110	maps/rooms/8room_032.map	512	512	382	8	484	367	443.735
63	maps/rooms/8room_032.map	512	512	70	115	266	119	255.966
29	maps/rooms/8room_032.map	512	512	408	317	326	286	118.841
110	maps/rooms/8room_032.map	512	512	72	309	342	132	443.777
98	maps/rooms/8room_032.map	512	512	439	15	165	9	394.978
90	maps/rooms/8room_032.map	512	512	402	218	454	474	362.35
40	maps/rooms/8room_032.map	512	512	102	508	102	404	161.054
94	maps/rooms/8room_032.map	512	512	44	212	284	108	377.179
14	maps/rooms/8room_032.map	512	512	107	269	86	243	57.8701
30	maps/rooms/8room_032.map	512	512	398	501	363	418	123.698
93	maps/rooms/8room_032.map	512	512	273	459	280	152	374.735
64	maps/rooms/8room_032.map	512	512	357	436	380	253	258.066
45	maps/rooms/8room_032.map	512	512	199	317	286	222	183.882
110	maps/rooms/8room_032.map	512	512	18	484	410	470	443.622
110	maps/rooms/8room_032.map	512	512	314	77	60	303	443.463
105	maps/rooms/8room_032.map	512	512	441	376	197	147	422.848
58	maps/rooms/8room_032.map	512	512	157	265	187	86	234.581
54	maps/rooms/8room_032.map	512	512	7	373	94	490	216.208
110	maps/rooms/8room_032.map	512	512	20	101	374	13	442.877
60	maps/rooms/8room_032.map	512	512	235	78	73	168	243.64
28	maps/rooms/8room_032.map	512	512	505	130	445	116	112.669
91	maps/rooms/8room_032.map	512	512	91	7	145	297	364.149
110	maps/rooms/8room_032.map	512	512	436	405	200	145	443.99
70	maps/rooms/8room_032.map	512	512	415	366	258	217	280.551
110	maps/rooms/8room_032.map	512	512	82	122	423	162	442.22
24	maps/rooms/8room_032.map	512	512	339	313	273	356	97.8701
98	maps/rooms/8room_032.map	512	512	47	98	337	69	392.966
42	maps/rooms/8room_032.map	512	512	132	292	249	236	170.054
110	maps/rooms/8room_032.map	512	512	122	168	384	413	443.434
36	maps/rooms/8room_032.map	512	512	316	281	214	262	146.054
110	maps/rooms/8room_032.map	512	512	45	408	389	291	443.233
81	maps/rooms/8room_032.map	512	512	271	330	132	146	324.421
43	maps/rooms/8room_032.map	512	512	309	122	199	159	172.64
42	maps/rooms/8room_032.map	512	512	187	230	283	189	169.368
109	maps/rooms/8room_032.map	512	512	411	357	77	245	439.12
17	maps/rooms/8room_032.map	512	512	468	338	429	308	71.5269
109	maps/rooms/8room_032.map	512	512	63	92	283	392	439.99
74	maps/rooms/8room_032.map	512	512	137	100	166	344	298.037
109	maps/rooms/8room_032.map	512	512	466	47	404	394	439.392
108	maps/rooms/8room_032.map	512	512	437	146	163	375	435.274
108	maps/rooms/8room_032.map	512	512	376	309	58	177	435.362
108	maps/rooms/8room_032.map	512	512	46	238	349	434	434.848
81	maps/rooms/8room_032.map	512	512	28	183	44	406	325.894
108	maps/rooms/8room_032.map	512	512	341	307	129	32	435.718
48	maps/rooms/8room_032.map	512	512	419	278	324	349	195.054
14	maps/rooms/8room_032.map	512	512	199	83	150	75	56.799
19	maps/rooms/8room_032.map	512	512	439	219	451	172	79.0416
42	maps/rooms/8room_032.map	512	512	179	332	105	412	168.024
82	maps/rooms/8room_032.map	512	512	314	89	272	342	331.066
35	maps/rooms/8room_032.map	512	512	184	52	279	50	140.012
29	maps/rooms/8room_032.map	512	512	290	357	343	445	119.912
20	maps/rooms/8room_032.map	512	512	323	420	268	389	80.6274
71	maps/rooms/8room_032.map	512	512	487	219	472	447	286.924
108	maps/rooms/8room_032.map	512	512	20	432	287	196	435.919
108	maps/rooms/8room_032.map	512	512	120	472	421	337	435.421
108	maps/rooms/8room_032.map	512	512	4	438	277	212	435.434
108	maps/rooms/8room_032.map	512	512	324	11	79	245	435.434
67	maps/rooms/8room_032.map	512	512	381	161	473	163	268.853
78	maps/rooms/8room_032.map	512	512	142	180	354	194	315.078
108	maps/rooms/8room_032.map	512	512	195	30	354	355	434.919
107	maps/rooms/8room_032.map	512	512	103	29	183	363	431.948
39	maps/rooms/8room_032.map	512	512	8	118	131	112	159.912
72	maps/rooms/8room_032.map	512	512	51	12	57	249	289.368
107	maps/rooms/8room_032.map	512	512	362	77	216	389	431.706
107	maps/rooms/8room_032.map	512	512	40	499	269	226	431.747
42	maps/rooms/8room_032.map	512	512	134	35	50	130	171.368
104	maps/rooms/8room_032.map	512	512	348	5	427	342	417.948
107	maps/rooms/8room_032.map	512	512	357	278	43	441	431.676
107	maps/rooms/8room_032.map	512	512	124	459	423	327	431.007
102	maps/rooms/8room_032.map	512	512	319	491	241	198	409.191
52	maps/rooms/8room_032.map	512	512	255	263	239	419	209.296
100	maps/rooms/8room_032.map	512	512	270	173	456	415	403.806
107	maps/rooms/8room_032.map	512	512	331	67	77	275	428.635
107	maps/rooms/8room_032.map	512	512	20	468	342	319	431.635
94	maps/rooms/8room_032.map	512	512	391	287	106	246	378.735
102	maps/rooms/8room_032.map	512	512	264	189	192	498	408.463
107	maps/rooms/8room_032.map	512	512	191	98	465	255	431.877
102	maps/rooms/8room_032.map	512	512	475	53	350	307	411.333
95	maps/rooms/8room_032.map	512	512	91	244	358	108	383.108
55	maps/rooms/8room_032.map	512	512	238	210	335	131	220.711
97	maps/rooms/8room_032.map	512	512	511	259	238	229	389.735
106	maps/rooms/8room_032.map	512	512	191	58	461	236	427.948
106	maps/rooms/8room_032.map	512	512	44	184	373	184	426.907
82	maps/rooms/8room_032.map	512	512	345	487	131	335	328.936
58	maps/rooms/8room_032.map	512	512	283	21	131	131	235.823
106	maps/rooms/8room_032.map	512	512	388	36	244	318	427.321
53	maps/rooms/8room_032.map	512	512	51	371	172	283	213.468
70	maps/rooms/8room_032.map	512	512	250	44	175	210	283.267
106	maps/rooms/8room_032.map	512	512	83	30	306	287	427.546
106	maps/rooms/8room_032.map	512	512	99	169	272	475	427.291
106	maps/rooms/8room_032.map	512	512	117	495	424	332	427.179
77	maps/rooms/8room_032.map	512	512	360	122	420	358	308.794
46	maps/rooms/8room_032.map	512	512	274	152	410	79	187.468
106	maps/rooms/8room_032.map	512	512	239	188	479	174	427.421
59	maps/rooms/8room_032.map	512	512	330	306	508	394	238.853
94	maps/rooms/8room_032.map	512	512	239	110	124	397	377.078
86	maps/rooms/8room_032.map	512	512	103	127	349	52	346.764
49	maps/rooms/8room_032.map	512	512	441	314	408	168	198.782
86	maps/rooms/8room_032.map	512	512	6	504	211	311	344.149
75	maps/rooms/8room_032.map	512	512	442	440	279	290	300.38
81	maps/rooms/8room_032.map	512	512	507	243	405	11	324.409
105	maps/rooms/8room_032.map	512	512	74	295	337	441	423.635
32	maps/rooms/8room_032.map	512	512	132	172	63	101	128.326
105	maps/rooms/8room_032.map	512	512	73	24	235	344	423.99
67	maps/rooms/8room_032.map	512	512	94	338	245	202	269.409
101	maps/rooms/8room_032.map	512	512	152	8	330	191	407.149
97	maps/rooms/8room_032.map	512	512	196	38	313	319	389.605
93	maps/rooms/8room_032.map	512	512	216	399	46	131	374.049
36	maps/rooms/8room_032.map	512	512	40	306	55	189	144.326
24	maps/rooms/8room_032.map	512	512	490	71	410	75	97.6985
105	maps/rooms/8room_032.map	512	512	504	472	442	127	423.693
40	maps/rooms/8room_032.map	512	512	339	149	221	182	162.74
104	maps/rooms/8room_032.map	512	512	294	349	65	110	419.948
22	maps/rooms/8room_032.map	512	512	407	397	375	462	90.1127
45	maps/rooms/8room_032.map	512	512	203	239	258	341	183.953
6	maps/rooms/8room_032.map	512	512	267	351	266	326	27.8995
62	maps/rooms/8room_032.map	512	512	157	290	136	483	250.409
45	maps/rooms/8room_032.map	512	512	282	70	223	134	181.569
88	maps/rooms/8room_032.map	512	512	107	472	380	460	352.037
24	maps/rooms/8room_032.map	512	512	59	151	3	93	96.4264
23	maps/rooms/8room_032.map	512	512	379	284	294	296	94.4558
56	maps/rooms/8room_032.map	512	512	500	103	323	157	226.054
14	maps/rooms/8room_032.map	512	512	22	287	36	323	57.799
8	maps/rooms/8room_032.map	512	512	178	510	153	503	35.6569
29	maps/rooms/8room_032.map	512	512	29	67	77	79	116.326
104	maps/rooms/8room_032.map	512	512	466	176	240	47	419.451
69	maps/rooms/8room_032.map	512	512	29	251	68	26	278.995
104	maps/rooms/8room_032.map	512	512	140	114	408	290	419.362
68	maps/rooms/8room_032.map	512	512	280	276	221	88	274.539
29	maps/rooms/8room_032.map	512	512	104	428	116	506	119.154
95	maps/rooms/8room_032.map	512	512	374	324	359	3	383.321
103	maps/rooms/8room_032.map	512	512	94	485	327	279	415.392
100	maps/rooms/8room_032.map	512	512	45	402	30	101	401.723
1	maps/rooms/8room_032.map	512	512	488	47	488	41	6
103	maps/rooms/8room_032.map	512	512	477	134	246	302	415.333
103	maps/rooms/8room_032.map	512	512	502	142	188	169	415.007
29	maps/rooms/8room_032.map	512	512	407	356	367	419	119.468
25	maps/rooms/8room_032.map	512	512	432	228	511	246	102.941
49	maps/rooms/8room_032.map	512	512	254	236	342	131	199.368
103	maps/rooms/8room_032.map	512	512	435	210	126	251	415.806
1	maps/rooms/8room_032.map	512	512	397	295	398	301	6.41421
103	maps/rooms/8room_032.map	512	512	470	327	138	367	415.622
96	maps/rooms/8room_032.map	512	512	467	198	297	34	386.978
103	maps/rooms/8room_032.map	512	512	101	121	254	434	414.635
17	maps/rooms/8room_032.map	512	512	357	438	314	473	68.7696
103	maps/rooms/8room_032.map	512	512	278	475	201	135	415.635
60	maps/rooms/8room_032.map	512	512	101	303	286	249	243.51
36	maps/rooms/8room_032.map	512	512	446	348	485	446	145.527
103	maps/rooms/8room_032.map	512	512	403	488	166	233	415.161
103	maps/rooms/8room_032.map	512	512	288	39	415	358	415.806
25	maps/rooms/8room_032.map	512	512	394	83	477	109	103.426
66	maps/rooms/8room_032.map	512	512	351	15	260	182	264.167
7	maps/rooms/8room_032.map	512	512	391	427	411	438	29.1421
56	maps/rooms/8room_032.map	512	512	298	56	271	244	226.296
103	maps/rooms/8room_032.map	512	512	448	469	162	271	415.505
63	maps/rooms/8room_032.map	512	512	415	453	354	265	252.137
33	maps/rooms/8room_032.map	512	512	354	138	366	251	132.255
59	maps/rooms/8room_032.map	512	512	291	284	472	267	239.238
101	maps/rooms/8room_032.map	512	512	107	196	406	295	407.806
70	maps/rooms/8room_032.map	512	512	230	297	424	403	282.652
101	maps/rooms/8room_032.map	512	512	175	441	352	198	407.362
68	maps/rooms/8room_032.map	512	512	294	370	457	260	274.38
52	maps/rooms/8room_032.map	512	512	344	195	210	232	209.711
84	maps/rooms/8room_032.map	512	512	365	423	259	205	339.764
101	maps/rooms/8room_032.map	512	512	85	90	332	230	407.919
75	maps/rooms/8room_032.map	512	512	351	280	223	461	303.551
100	maps/rooms/8room_032.map	512	512	452	131	129	167	403.693
100	maps/rooms/8room_032.map	512	512	445	98	197	290	402.818
45	maps/rooms/8room_032.map	512	512	461	26	381	45	181.953
36	maps/rooms/8room_032.map	512	512	419	197	333	153	144.569
32	maps/rooms/8room_032.map	512	512	338	234	371	137	130.912
99	maps/rooms/8room_032.map	512	512	340	405	180	131	398.877
99	maps/rooms/8room_032.map	512	512	37	411	312	252	399.262
20	maps/rooms/8room_032.map	512	512	103	207	158	165	80.0122
41	maps/rooms/8room_032.map	512	512	235	424	139	340	166.711
14	maps/rooms/8room_032.map	512	512	398	58	451	63	58.7279
67	maps/rooms/8room_032.map	512	512	227	269	114	106	270.894
99	maps/rooms/8room_032.map	512	512	508	276	245	473	399.061
80	maps/rooms/8room_032.map	512	512	27	430	294	359	320.208
12	maps/rooms/8room_032.map	512	512	315	19	348	43	48.799
15	maps/rooms/8room_032.map	512	512	390	93	370	116	60.2132
98	maps/rooms/8room_032.map	512	512	389	268	105	365	392.948
85	maps/rooms/8room_032.map	512	512	77	348	333	291	343.836
99	maps/rooms/8room_032.map	512	512	311	427	73	188	399.676
74	maps/rooms/8room_032.map	512	512	164	218	299	70	297.652
99	maps/rooms/8room_032.map	512	512	426	75	201	285	398.907
99	maps/rooms/8room_032.map	512	512	158	407	110	89	399.22
84	maps/rooms/8room_032.map	512	512	424	249	397	488	339.907
67	maps/rooms/8room_032.map	512	512	126	313	180	102	269.409
18	maps/rooms/8room_032.map	512	512	107	166	44	162	73.3848
98	maps/rooms/8room_032.map	512	512	323	266	41	347	395.877
31	maps/rooms/8room_032.map	512	512	290	340	325	435	126.569
96	maps/rooms/8room_032.map	512	512	177	281	280	25	387.108
69	maps/rooms/8room_032.map	512	512	126	73	252	258	279.752
67	maps/rooms/8room_032.map	512	512	266	306	112	299	269.752
52	maps/rooms/8room_032.map	512	512	120	414	282	411	211.225
48	maps/rooms/8room_032.map	512	512	311	264	262	398	193.711
61	maps/rooms/8room_032.map	512	512	174	169	328	91	244.409
98	maps/rooms/8room_032.map	512	512	8	411	72	118	395.007
68	maps/rooms/8room_032.map	512	512	282	135	131	245	273.409
36	maps/rooms/8room_032.map	512	512	107	218	74	306	147.225
24	maps/rooms/8room_032.map	512	512	381	406	317	383	96.4558
90	maps/rooms/8room_032.map	512	512	396	31	137	19	362.806
82	maps/rooms/8room_032.map	512	512	410	492	213	298	331.635
98	maps/rooms/8room_032.map	512	512	503	327	181	277	394.735
98	maps/rooms/8room_032.map	512	512	447	472	135	349	395.978
98	maps/rooms/8room_032.map	512	512	188	47	265	378	395.421
58	maps/rooms/8room_032.map	512	512	462	298	285	263	234.752
96	maps/rooms/8room_032.map	512	512	431	151	287	411	387.907
35	maps/rooms/8room_032.map	512	512	69	120	158	51	141.497
52	maps/rooms/8room_032.map	512	512	35	150	22	328	208.924
69	maps/rooms/8room_032.map	512	512	396	419	175	463	277.853
96	maps/rooms/8room_032.map	512	512	180	2	316	297	387.635
90	maps/rooms/8room_032.map	512	512	418	50	407	316	363.593
96	maps/rooms/8room_032.map	512	512	499	108	189	166	387.622
95	maps/rooms/8room_032.map	512	512	312	7	160	265	383.865
95	maps/rooms/8room_032.map	512	512	422	284	294	62	383.421
64	maps/rooms/8room_032.map	512	512	431	60	231	39	257.208
90	maps/rooms/8room_032.map	512	512	297	336	89	162	362.635
95	maps/rooms/8room_032.map	512	512	328	376	341	73	382.836
52	maps/rooms/8room_032.map	512	512	491	301	456	151	208.64
95	maps/rooms/8room_032.map	512	512	152	39	335	305	383.233
95	maps/rooms/8room_032.map	512	512	0	89	163	354	383.179
95	maps/rooms/8room_032.map	512	512	392	298	92	334	383.421
95	maps/rooms/8room_032.map	512	512	364	387	87	244	383.421
94	maps/rooms/8room_032.map	512	512	14	55	30	368	379.25
94	maps/rooms/8room_032.map	512	512	106	370	290	154	379.22
68	maps/rooms/8room_032.map	512	512	309	341	477	472	275.167
34	maps/rooms/8room_032.map	512	512	354	277	406	370	138.74
94	maps/rooms/8room_032.map	512	512	39	505	326	408	379.037
93	maps/rooms/8room_032.map	512	512	498	143	335	373	375.693
81	maps/rooms/8room_032.map	512	512	219	388	454	510	325.995
93	maps/rooms/8room_032.map	512	512	167	38	335	306	375.505
91	maps/rooms/8room_032.map	512	512	34	77	195	333	367.635
74	maps/rooms/8room_032.map	512	512	5	489	200	374	297.563
91	maps/rooms/8room_032.map	512	512	203	12	250	327	367.137
91	maps/rooms/8room_032.map	512	512	152	277	438	309	367.764
91	maps/rooms/8room_032.map	512	512	10	116	295	31	367.522
63	maps/rooms/8room_032.map	512	512	40	388	254	364	255.037
91	maps/rooms/8room_032.map	512	512	234	91	143	383	367.836
91	maps/rooms/8room_032.map	512	512	68	318	316	295	367.049
78	maps/rooms/8room_032.map	512	512	18	284	237	146	314.137
47	maps/rooms/8room_032.map	512	512	292	105	190	174	190.539
81	maps/rooms/8room_032.map	512	512	126	31	347	110	327.38
63	maps/rooms/8room_032.map	512	512	127	502	231	377	255.309
70	maps/rooms/8room_032.map	512	512	88	254	130	24	280.794
37	maps/rooms/8room_032.map	512	512	68	23	98	134	148.882
77	maps/rooms/8room_032.map	512	512	441	50	222	130	308.137
66	maps/rooms/8room_032.map	512	512	171	64	376	57	267.238
91	maps/rooms/8room_032.map	512	512	54	434	43	140	367.25
91	maps/rooms/8room_032.map	512	512	378	67	89	66	367.865
90	maps/rooms/8room_032.map	512	512	90	318	368	444	363.421
79	maps/rooms/8room_032.map	512	512	277	494	101	343	319.652
88	maps/rooms/8room_032.map	512	512	268	195	121	434	355.078
28	maps/rooms/8room_032.map	512	512	213	333	297	370	114.497
60	maps/rooms/8room_032.map	512	512	238	118	150	285	243.51
89	maps/rooms/8room_032.map	512	512	5	430	155	171	359.978
53	maps/rooms/8room_032.map	512	512	409	313	294	402	212.569
46	maps/rooms/8room_032.map	512	512	46	2	190	23	185.61
89	maps/rooms/8room_032.map	512	512	466	404	171	365	359.037
54	maps/rooms/8room_032.map	512	512	338	367	294	502	218.296
12	maps/rooms/8room_032.map	512	512	459	122	436	146	49.9706
54	maps/rooms/8room_032.map	512	512	313	275	435	390	217.167
89	maps/rooms/8room_032.map	512	512	279	450	108	223	359.078
57	maps/rooms/8room_032.map	512	512	132	298	302	339	228.924
7	maps/rooms/8room_032.map	512	512	430	378	403	370	30.3137
74	maps/rooms/8room_032.map	512	512	323	301	115	364	296.966
89	maps/rooms/8room_032.map	512	512	126	195	399	163	359.108
54	maps/rooms/8room_032.map	512	512	92	105	78	284	216.397
89	maps/rooms/8room_032.map	512	512	382	140	118	256	359.622
89	maps/rooms/8room_032.map	512	512	73	162	277	386	359.706
79	maps/rooms/8room_032.map	512	512	318	64	168	259	318.966
88	maps/rooms/8room_032.map	512	512	455	147	183	77	355.966
86	maps/rooms/8room_032.map	512	512	348	101	440	377	345.907
88	maps/rooms/8room_032.map	512	512	421	210	178	166	355.35
88	maps/rooms/8room_032.map	512	512	508	136	389	416	355.635
77	maps/rooms/8room_032.map	512	512	387	137	150	66	309.238
88	maps/rooms/8room_032.map	512	512	171	455	9	262	355.409
49	maps/rooms/8room_032.map	512	512	168	430	316	411	197.125
62	maps/rooms/8room_032.map	512	512	155	237	27	389	251.48
87	maps/rooms/8room_032.map	512	512	462	248	223	230	351.108
87	maps/rooms/8room_032.map	512	512	248	68	468	101	351.652
87	maps/rooms/8room_032.map	512	512	38	287	185	45	350.907
87	maps/rooms/8room_032.map	512	512	238	322	474	282	350.978
83	maps/rooms/8room_032.map	512	512	54	137	134	392	333.995
87	maps/rooms/8room_032.map	512	512	478	316	218	442	351.137
65	maps/rooms/8room_032.map	512	512	443	206	288	300	263.995
42	maps/rooms/8room_032.map	512	512	395	375	507	380	171.368
36	maps/rooms/8room_032.map	512	512	366	246	430	354	145.64
70	maps/rooms/8room_032.map	512	512	95	501	330	475	283.752
55	maps/rooms/8room_032.map	512	512	197	468	361	455	220.439
50	maps/rooms/8room_032.map	512	512	56	8	164	124	200.125
86	maps/rooms/8room_032.map	512	512	333	382	149	174	346.593
24	maps/rooms/8room_032.map	512	512	398	503	339	461	97.2843
50	maps/rooms/8room_032.map	512	512	292	341	429	300	200.953
86	maps/rooms/8room_032.map	512	512	93	331	291	147	347.622
21	maps/rooms/8room_032.map	512	512	434	114	390	71	86.1127
65	maps/rooms/8room_032.map	512	512	114	498	313	437	263.095
40	maps/rooms/8room_032.map	512	512	99	383	63	469	163.539
86	maps/rooms/8room_032.map	512	512	399	252	184	301	347.664
84	maps/rooms/8room_032.map	512	512	61	170	346	130	339.551
84	maps/rooms/8room_032.map	512	512	505	430	301	269	338.907
84	maps/rooms/8room_032.map	512	512	102	78	98	362	339.723
83	maps/rooms/8room_032.map	512	512	351	358	103	420	334.894
23	maps/rooms/8room_032.map	512	512	301	30	221	38	95.4558
84	maps/rooms/8room_032.map	512	512	446	124	221	282	339.877
58	maps/rooms/8room_032.map	512	512	319	314	164	413	233.48
65	maps/rooms/8room_032.map	512	512	476	201	322	120	263.208
84	maps/rooms/8room_032.map	512	512	458	343	241	198	339.605
84	maps/rooms/8room_032.map	512	512	436	218	197	230	339.007
84	maps/rooms/8room_032.map	512	512	69	277	307	153	339.279
83	maps/rooms/8room_032.map	512	512	159	267	420	317	335.936
83	maps/rooms/8room_032.map	512	512	360	253	117	136	335.321
83	maps/rooms/8room_032.map	512	512	79	52	287	222	335.806
44	maps/rooms/8room_032.map	512	512	452	40	325	124	177.853
83	maps/rooms/8room_032.map	512	512	318	202	117	302	334.622
83	maps/rooms/8room_032.map	512	512	323	419	103	246	335.149
40	maps/rooms/8room_032.map	512	512	300	113	202	121	161.497
81	maps/rooms/8room_032.map	512	512	337	27	387	299	327.522
81	maps/rooms/8room_032.map	512	512	147	18	308	255	327.12
80	maps/rooms/8room_032.map	512	512	428	323	228	161	323.706
80	maps/rooms/8room_032.map	512	512	299	471	267	202	322.622
62	maps/rooms/8room_032.map	512	512	110	258	229	127	251.539
57	maps/rooms/8room_032.map	512	512	443	266	331	159	230.581
80	maps/rooms/8room_032.map	512	512	498	364	290	229	322.907
80	maps/rooms/8room_032.map	512	512	198	249	288	488	323.492
70	maps/rooms/8room_032.map	512	512	391	303	294	128	281.38
80	maps/rooms/8room_032.map	512	512	156	223	243	4	323.924
65	maps/rooms/8room_032.map	512	512	215	254	139	50	263.823
79	maps/rooms/8room_032.map	512	512	485	169	331	236	319.894
65	maps/rooms/8room_032.map	512	512	245	66	195	291	263.953
53	maps/rooms/8room_032.map	512	512	235	504	342	372	214.095
6	maps/rooms/8room_032.map	512	512	126	492	103	484	26.3137
79	maps/rooms/8room_032.map	512	512	72	468	255	283	319.563
51	maps/rooms/8room_032.map	512	512	340	61	466	5	207.539
78	maps/rooms/8room_032.map	512	512	134	66	242	297	314.622
78	maps/rooms/8room_032.map	512	512	507	113	450	324	315.279
78	maps/rooms/8room_032.map	512	512	84	508	247	313	315.179
62	maps/rooms/8room_032.map	512	512	456	456	506	262	249.338
78	maps/rooms/8room_032.map	512	512	383	234	259	44	315.966
78	maps/rooms/8room_032.map	512	512	291	164	65	198	315.723
78	maps/rooms/8room_032.map	512	512	425	196	198	96	315.551
77	maps/rooms/8room_032.map	512	512	200	149	137	383	311.35
46	maps/rooms/8room_032.map	512	512	315	232	430	239	184.61
43	maps/rooms/8room_032.map	512	512	148	100	83	214	174.054
47	maps/rooms/8room_032.map	512	512	243	184	133	223	191.125
77	maps/rooms/8room_032.map	512	512	449	327	408	84	311.38
18	maps/rooms/8room_032.map	512	512	343	86	365	138	72.2843
41	maps/rooms/8room_032.map	512	512	94	261	78	151	164.569
77	maps/rooms/8room_032.map	512	512	183	173	413	197	311.622
61	maps/rooms/8room_032.map	512	512	207	78	293	255	246.037
77	maps/rooms/8room_032.map	512	512	180	6	88	245	311.208
76	maps/rooms/8room_032.map	512	512	406	391	261	196	307.321
33	maps/rooms/8room_032.map	512	512	285	215	179	239	132.225
76	maps/rooms/8room_032.map	512	512	340	265	236	80	307.066
21	maps/rooms/8room_032.map	512	512	284	428	339	410	87.7696
76	maps/rooms/8room_032.map	512	512	509	347	259	359	307.338
76	maps/rooms/8room_032.map	512	512	47	63	293	42	306.723
73	maps/rooms/8room_032.map	512	512	141	278	227	68	294.167
73	maps/rooms/8room_032.map	512	512	374	291	200	163	293.179
75	maps/rooms/8room_032.map	512	512	100	242	303	403	303.078
25	maps/rooms/8room_032.map	512	512	290	87	329	105	103.426
73	maps/rooms/8room_032.map	512	512	175	493	45	327	294.392
75	maps/rooms/8room_032.map	512	512	232	476	162	265	302.966
74	maps/rooms/8room_032.map	512	512	7	419	230	320	299.279
73	maps/rooms/8room_032.map	512	512	183	497	275	267	295.279
73	maps/rooms/8room_032.map	512	512	325	6	267	244	295.823
65	maps/rooms/8room_032.map	512	512	424	229	374	372	263.995
57	maps/rooms/8room_032.map	512	512	213	413	229	220	230.196
61	maps/rooms/8room_032.map	512	512	431	118	360	276	247.208
27	maps/rooms/8room_032.map	512	512	487	316	404	329	109.841
60	maps/rooms/8room_032.map	512	512	191	21	104	196	242.752
60	maps/rooms/8room_032.map	512	512	249	29	88	142	243.238
60	maps/rooms/8room_032.map	512	512	503	106	341	213	242.723
60	maps/rooms/8room_032.map	512	512	131	415	303	314	243.309
58	maps/rooms/8room_032.map	512	512	457	84	285	166	235.681
56	maps/rooms/8room_032.map	512	512	485	389	315	396	227.267
56	maps/rooms/8room_032.map	512	512	8	125	181	72	227.924
44	maps/rooms/8room_032.map	512	512	130	185	30	295	179.681
56	maps/rooms/8room_032.map	512	512	261	278	130	153	227.782
56	maps/rooms/8room_032.map	512	512	348	99	189	166	227.338
56	maps/rooms/8room_032.map	512	512	500	24	331	121	227.238
55	maps/rooms/8room_032.map	512	512	346	503	350	348	223.167
47	maps/rooms/8room_032.map	512	512	135	309	201	439	191.196
55	maps/rooms/8room_032.map	512	512	164	254	303	152	223.024
15	maps/rooms/8room_032.map	512	512	381	61	381	113	61.4558
55	maps/rooms/8room_032.map	512	512	99	492	94	315	223.095
55	maps/rooms/8room_032.map	512	512	139	294	103	103	223.024
55	maps/rooms/8room_032.map	512	512	392	392	356	217	222.681
55	maps/rooms/8room_032.map	512	512	490	80	489	253	222.953
54	maps/rooms/8room_032.map	512	512	89	180	237	277	219.267
54	maps/rooms/8room_032.map	512	512	186	410	25	451	218.752
53	maps/rooms/8room_032.map	512	512	76	251	258	274	214.882
53	maps/rooms/8room_032.map	512	512	397	412	306	267	215.581
53	maps/rooms/8room_032.map	512	512	504	247	438	93	215.196
53	maps/rooms/8room_032.map	512	512	14	299	135	400	215.095
21	maps/rooms/8room_032.map	512	512	135	326	136	271	87.6985
44	maps/rooms/8room_032.map	512	512	254	197	343	291	179.752
53	maps/rooms/8room_032.map	512	512	329	397	306	247	215.711
51	maps/rooms/8room_032.map	512	512	454	233	397	405	207.953
50	maps/rooms/8room_032.map	512	512	459	73	354	197	203.894
50	maps/rooms/8room_032.map	512	512	307	28	168	111	203.095
49	maps/rooms/8room_032.map	512	512	500	221	393	295	199.752
49	maps/rooms/8room_032.map	512	512	345	253	281	373	199.64
49	maps/rooms/8room_032.map	512	512	139	203	200	359	199.853
44	maps/rooms/8room_032.map	512	512	262	350	401	331	179.983
31	maps/rooms/8room_032.map	512	512	375	291	370	381	126.154
49	maps/rooms/8room_032.map	512	512	30	173	203	175	199.811
49	maps/rooms/8room_032.map	512	512	216	330	290	185	199.368
19	maps/rooms/8room_032.map	512	512	292	44	348	73	79.1421
10	maps/rooms/8room_032.map	512	512	107	72	126	66	40.799
28	maps/rooms/8room_032.map	512	512	377	335	294	343	115.87
47	maps/rooms/8room_032.map	512	512	103	120	186	261	191.782
19	maps/rooms/8room_032.map	512	512	88	6	23	21	76.5269
47	maps/rooms/8room_032.map	512	512	47	471	160	374	191.439
47	maps/rooms/8room_032.map	512	512	184	463	178	300	191.711
46	maps/rooms/8room_032.map	512	512	135	452	150	313	186.953
46	maps/rooms/8room_032.map	512	512	277	399	173	278	187.51
42	maps/rooms/8room_032.map	512	512	402	149	498	138	170.154
44	maps/rooms/8room_032.map	512	512	378	472	398	324	179.054
25	maps/rooms/8room_032.map	512	512	179	472	107	500	103.255
44	maps/rooms/8room_032.map	512	512	75	235	215	238	179.912
43	maps/rooms/8room_032.map	512	512	253	279	196	142	175.154
43	maps/rooms/8room_032.map	512	512	146	205	171	65	175.468
43	maps/rooms/8room_032.map	512	512	325	153	299	273	175.598
43	maps/rooms/8room_032.map	512	512	57	162	162	265	175.782
41	maps/rooms/8room_032.map	512	512	444	472	311	418	167.711
41	maps/rooms/8room_032.map	512	512	26	278	168	246	167.397
41	maps/rooms/8room_032.map	512	512	440	404	306	355	167.326
41	maps/rooms/8room_032.map	512	512	194	207	118	313	167.054
41	maps/rooms/8room_032.map	512	512	247	503	307	383	167.882
41	maps/rooms/8room_032.map	512	512	279	485	318	344	167.154
15	maps/rooms/8room_032.map	512	512	205	185	226	139	61.6274
40	maps/rooms/8room_032.map	512	512	413	125	346	204	163.012
37	maps/rooms/8room_032.map	512	512	451	182	471	143	151.912
40	maps/rooms/8room_032.map	512	512	188	277	315	296	163.296
23	maps/rooms/8room_032.map	512	512	340	412	286	460	95.8406
40	maps/rooms/8room_032.map	512	512	380	270	306	381	163.912
39	maps/rooms/8room_032.map	512	512	127	246	125	124	159.154
39	maps/rooms/8room_032.map	512	512	85	470	195	442	159.296
38	maps/rooms/8room_032.map	512	512	214	184	246	313	155.569
38	maps/rooms/8room_032.map	512	512	127	59	99	171	155.882
38	maps/rooms/8room_032.map	512	512	105	347	185	434	155.569
38	maps/rooms/8room_032.map	512	512	499	175	452	280	155.74
16	maps/rooms/8room_032.map	512	512	236	293	190	296	65.8701
37	maps/rooms/8room_032.map	512	512	407	130	331	232	151.64
37	maps/rooms/8room_032.map	512	512	69	478	31	365	151.569
37	maps/rooms/8room_032.map	512	512	447	34	346	111	151.882
37	maps/rooms/8room_032.map	512	512	274	295	276	211	151.64
37	maps/rooms/8room_032.map	512	512	292	395	203	298	151.095
37	maps/rooms/8room_032.map	512	512	245	164	357	103	151.326
37	maps/rooms/8room_032.map	512	512	254	27	163	111	151.225
37	maps/rooms/8room_032.map	512	512	316	312	198	355	151.468
36	maps/rooms/8room_032.map	512	512	360	345	279	269	147.368
36	maps/rooms/8room_032.map	512	512	220	166	324	152	147.497
35	maps/rooms/8room_032.map	512	512	454	185	454	71	143.64
35	maps/rooms/8room_032.map	512	512	447	476	500	366	143.326
35	maps/rooms/8room_032.map	512	512	35	174	167	163	143.184
35	maps/rooms/8room_032.map	512	512	292	315	360	234	143.184
35	maps/rooms/8room_032.map	512	512	51	12	117	106	143.054
35	maps/rooms/8room_032.map	512	512	485	34	440	144	143.811
35	maps/rooms/8room_032.map	512	512	430	127	326	148	142.841
34	maps/rooms/8room_032.map	512	512	287	181	203	100	139.225
34	maps/rooms/8room_032.map	512	512	199	282	216	391	139.782
34	maps/rooms/8room_032.map	512	512	76	482	94	382	139.882
34	maps/rooms/8room_032.map	512	512	123	359	47	421	139.397
34	maps/rooms/8room_032.map	512	512	207	366	303	406	138.811
33	maps/rooms/8room_032.map	512	512	467	267	449	172	135.77
33	maps/rooms/8room_032.map	512	512	440	426	426	316	134.912
33	maps/rooms/8room_032.map	512	512	104	216	149	314	134.64
33	maps/rooms/8room_032.map	512	512	41	146	160	163	135.497
33	maps/rooms/8room_032.map	512	512	414	119	485	120	135.397
25	maps/rooms/8room_032.map	512	512	264	320	249	318	102.497
33	maps/rooms/8room_032.map	512	512	45	273	127	344	135.426
32	maps/rooms/8room_032.map	512	512	158	310	216	381	131.225
32	maps/rooms/8room_032.map	512	512	456	141	362	186	131.225
32	maps/rooms/8room_032.map	512	512	195	467	98	477	131.912
32	maps/rooms/8room_032.map	512	512	339	347	265	328	131.711
31	maps/rooms/8room_032.map	512	512	381	386	432	308	127.426
31	maps/rooms/8room_032.map	512	512	362	168	448	219	127.083
31	maps/rooms/8room_032.map	512	512	411	311	309	290	127.083
31	maps/rooms/8room_032.map	512	512	24	390	62	284	127.255
31	maps/rooms/8room_032.map	512	512	105	221	148	134	127.497
31	maps/rooms/8room_032.map	512	512	349	403	238	421	127.426
28	maps/rooms/8room_032.map	512	512	238	104	162	116	115.054
28	maps/rooms/8room_032.map	512	512	377	450	414	358	115.669
28	maps/rooms/8room_032.map	512	512	150	443	218	421	115.497
28	maps/rooms/8room_032.map	512	512	276	244	346	214	115.397
28	maps/rooms/8room_032.map	512	512	270	205	229	282	115.941
27	maps/rooms/8room_032.map	512	512	210	184	300	152	111.941
27	maps/rooms/8room_032.map	512	512	126	477	161	424	111.74
27	maps/rooms/8room_032.map	512	512	508	156	458	123	111.669
27	maps/rooms/8room_032.map	512	512	395	373	422	322	111.113
27	maps/rooms/8room_032.map	512	512	286	116	364	85	111.912
27	maps/rooms/8room_032.map	512	512	501	261	434	204	111.598
27	maps/rooms/8room_032.map	512	512	310	51	293	148	111.841
26	maps/rooms/8room_032.map	512	512	141	492	140	405	107.154
26	maps/rooms/8room_032.map	512	512	25	441	34	348	107.012
26	maps/rooms/8room_032.map	512	512	132	196	165	276	106.598
26	maps/rooms/8room_032.map	512	512	344	98	357	195	106.87
26	maps/rooms/8room_032.map	512	512	227	340	156	294	107.77
26	maps/rooms/8room_032.map	512	512	194	211	228	184	107.77
26	maps/rooms/8room_032.map	512	512	250	244	303	279	107.012
26	maps/rooms/8room_032.map	512	512	511	54	455	117	107.426
25	maps/rooms/8room_032.map	512	512	70	493	155	504	103.012
25	maps/rooms/8room_032.map	512	512	299	283	371	240	103.426
25	maps/rooms/8room_032.map	512	512	316	375	246	421	103.255
25	maps/rooms/8room_032.map	512	512	58	259	111	331	103.326
25	maps/rooms/8room_032.map	512	512	235	470	280	400	103.77
23	maps/rooms/8room_032.map	512	512	53	264	135	267	95.669
23	maps/rooms/8room_032.map	512	512	362	286	324	244	94.8701
23	maps/rooms/8room_032.map	512	512	326	356	413	338	95.6274
23	maps/rooms/8room_032.map	512	512	392	72	442	134	95.0122
23	maps/rooms/8room_032.map	512	512	178	233	232	282	94.6985
22	maps/rooms/8room_032.map	512	512	235	102	226	183	91.2132
22	maps/rooms/8room_032.map	512	512	69	54	100	115	91.8406
22	maps/rooms/8room_032.map	512	512	20	364	41	431	91.8406
22	maps/rooms/8room_032.map	512	512	435	198	357	202	91.6985
22	maps/rooms/8room_032.map	512	512	487	203	446	208	91.4975
22	maps/rooms/8room_032.map	512	512	326	30	255	45	90.7696
21	maps/rooms/8room_032.map	512	512	359	489	294	450	87.598
21	maps/rooms/8room_032.map	512	512	179	131	156	166	87.9411
20	maps/rooms/8room_032.map	512	512	366	242	334	298	83.9411
20	maps/rooms/8room_032.map	512	512	428	74	371	99	83.3553
20	maps/rooms/8room_032.map	512	512	372	248	310	244	83.1127
20	maps/rooms/8room_032.map	512	512	451	416	488	368	83.1838
20	maps/rooms/8room_032.map	512	512	451	138	405	131	83.5269
20	maps/rooms/8room_032.map	512	512	109	290	163	291	83.5269
20	maps/rooms/8room_032.map	512	512	201	30	263	46	83.2132
19	maps/rooms/8room_032.map	512	512	97	477	147	465	79.598
19	maps/rooms/8room_032.map	512	512	424	339	452	278	78.598
19	maps/rooms/8room_032.map	512	512	84	60	103	21	79.2132
19	maps/rooms/8room_032.map	512	512	148	281	210	278	79.0416
19	maps/rooms/8room_032.map	512	512	293	284	245	274	79.9411
19	maps/rooms/8room_032.map	512	512	136	509	62	498	79.3848
18	maps/rooms/8room_032.map	512	512	155	156	158	226	75.3848
18	maps/rooms/8room_032.map	512	512	228	326	275	355	75.4558
18	maps/rooms/8room_032.map	512	512	238	162	220	228	75.4558
18	maps/rooms/8room_032.map	512	512	317	43	300	98	75.8406
18	maps/rooms/8room_032.map	512	512	169	226	175	294	75.4558
18	maps/rooms/8room_032.map	512	512	477	430	432	467	75.4558
17	maps/rooms/8room_032.map	512	512	152	206	183	258	71.2843
17	maps/rooms/8room_032.map	512	512	137	61	100	106	71.598
7	maps/rooms/8room_032.map	512	512	390	216	407	236	29.3848
17	maps/rooms/8room_032.map	512	512	474	367	439	332	71.2132
17	maps/rooms/8room_032.map	512	512	458	43	399	23	71.9706
17	maps/rooms/8room_032.map	512	512	318	232	305	268	71.1838
17	maps/rooms/8room_032.map	512	512	230	318	214	264	71.1127
17	maps/rooms/8room_032.map	512	512	283	143	287	184	71.3848
17	maps/rooms/8room_032.map	512	512	330	226	377	267	71.598
16	maps/rooms/8room_032.map	512	512	57	280	48	341	67.799
16	maps/rooms/8room_032.map	512	512	218	357	194	394	67.7696
16	maps/rooms/8room_032.map	512	512	466	282	435	327	67.6985
16	maps/rooms/8room_032.map	512	512	248	269	264	215	67.5563
16	maps/rooms/8room_032.map	512	512	283	431	285	370	67.6274
15	maps/rooms/8room_032.map	512	512	429	408	389	421	63.3848
15	maps/rooms/8room_032.map	512	512	172	200	216	187	63.8701
15	maps/rooms/8room_032.map	512	512	22	7	77	9	63.2843
15	maps/rooms/8room_032.map	512	512	140	154	120	109	63.1838
15	maps/rooms/8room_032.map	512	512	61	484	75	437	63.6274
14	maps/rooms/8room_032.map	512	512	172	374	219	358	59.6274
14	maps/rooms/8room_032.map	512	512	89	390	135	387	59.1838
14	maps/rooms/8room_032.map	512	512	467	313	452	265	59.0416
14	maps/rooms/8room_032.map	512	512	386	95	353	107	59.6274
14	maps/rooms/8room_032.map	512	512	115	118	140	165	59.6985
14	maps/rooms/8room_032.map	512	512	329	413	282	391	59.6274
13	maps/rooms/8room_032.map	512	512	405	195	356	201	55.6274
13	maps/rooms/8room_032.map	512	512	174	206	205	183	55.5563
13	maps/rooms/8room_032.map	512	512	489	326	500	370	55.3848
13	maps/rooms/8room_032.map	512	512	197	166	221	209	55.2843
13	maps/rooms/8room_032.map	512	512	204	439	216	399	55.9411
13	maps/rooms/8room_032.map	512	512	24	227	47	189	55.8701
13	maps/rooms/8room_032.map	512	512	476	172	504	143	55.1421
13	maps/rooms/8room_032.map	512	512	493	181	506	224	55.8995
13	maps/rooms/8room_032.map	512	512	270	281	220	282	55.3848
13	maps/rooms/8room_032.map	512	512	142	200	139	162	55.0416
12	maps/rooms/8room_032.map	512	512	428	295	455	268	50.6274
12	maps/rooms/8room_032.map	512	512	398	298	376	262	51.5563
12	maps/rooms/8room_032.map	512	512	143	271	169	239	50.9706
12	maps/rooms/8room_032.map	512	512	58	41	90	71	51.4558
12	maps/rooms/8room_032.map	512	512	493	202	465	237	51.2843
12	maps/rooms/8room_032.map	512	512	23	274	71	283	51.7279
11	maps/rooms/8room_032.map	512	512	341	199	333	238	47.4853
11	maps/rooms/8room_032.map	512	512	412	361	396	398	47.6274
11	maps/rooms/8room_032.map	512	512	101	442	122	405	46.8701
11	maps/rooms/8room_032.map	512	512	70	259	99	233	47.9706
11	maps/rooms/8room_032.map	512	512	322	75	346	95	47.799
11	maps/rooms/8room_032.map	512	512	258	493	227	498	47.3137
11	maps/rooms/8room_032.map	512	512	387	202	347	203	46.799
11	maps/rooms/8room_032.map	512	512	498	61	461	60	47.8995
10	maps/rooms/8room_032.map	512	512	7	314	36	327	43.2132
10	maps/rooms/8room_032.map	512	512	381	113	350	130	43.8995
10	maps/rooms/8room_032.map	512	512	444	338	437	301	42.9706
10	maps/rooms/8room_032.map	512	512	295	191	274	220	43.799
10	maps/rooms/8room_032.map	512	512	234	293	259	271	42.8995
10	maps/rooms/8room_032.map	512	512	338	485	367	462	43.799
10	maps/rooms/8room_032.map	512	512	247	173	266	203	43.0416
10	maps/rooms/8room_032.map	512	512	264	379	296	390	42.6985
9	maps/rooms/8room_032.map	512	512	136	212	112	227	39.1421
9	maps/rooms/8room_032.map	512	512	495	385	478	357	39.7279
9	maps/rooms/8room_032.map	512	512	261	243	277	215	39.3137
9	maps/rooms/8room_032.map	512	512	102	508	92	477	39.3848
9	maps/rooms/8room_032.map	512	512	329	101	322	131	39.9706
9	maps/rooms/8room_032.map	512	512	418	53	408	82	39.1421
9	maps/rooms/8room_032.map	512	512	168	139	203	148	39.8995
9	maps/rooms/8room_032.map	512	512	439	274	452	261	39.4558
9	maps/rooms/8room_032.map	512	512	175	376	172	413	39.0711
9	maps/rooms/8room_032.map	512	512	45	37	54	58	39.4558
8	maps/rooms/8room_032.map	512	512	114	284	88	282	35.5563
8	maps/rooms/8room_032.map	512	512	278	297	309	295	35.4853
8	maps/rooms/8room_032.map	512	512	320	459	307	431	35.7279
8	maps/rooms/8room_032.map	512	512	70	46	86	71	35.9706
8	maps/rooms/8room_032.map	512	512	15	3	44	6	35.799
8	maps/rooms/8room_032.map	512	512	201	492	232	497	35.6569
8	maps/rooms/8room_032.map	512	512	444	140	413	132	35.1421
7	maps/rooms/8room_032.map	512	512	76	354	100	364	31.0711
7	maps/rooms/8room_032.map	512	512	459	493	431	486	31.7279
7	maps/rooms/8room_032.map	512	512	399	187	370	181	31.4853
7	maps/rooms/8room_032.map	512	512	103	386	131	391	30.8995
7	maps/rooms/8room_032.map	512	512	372	355	388	379	31.799
7	maps/rooms/8room_032.map	512	512	5	405	19	427	31.5563
7	maps/rooms/8room_032.map	512	512	103	20	129	32	30.9706
6	maps/rooms/8room_032.map	512	512	268	419	241	421	27.8284
6	maps/rooms/8room_032.map	512	512	18	155	39	168	27.5563
6	maps/rooms/8room_032.map	512	512	169	366	152	351	26.7279
6	maps/rooms/8room_032.map	512	512	189	472	200	454	27.7279
6	maps/rooms/8room_032.map	512	512	462	221	451	238	26.8284
6	maps/rooms/8room_032.map	512	512	482	325	469	345	27.7279
6	maps/rooms/8room_032.map	512	512	123	173	99	178	27.8284
6	maps/rooms/8room_032.map	512	512	342	54	342	76	26.9706
5	maps/rooms/8room_032.map	512	512	292	335	281	318	22.7279
5	maps/rooms/8room_032.map	512	512	506	361	492	347	23.3137
5	maps/rooms/8room_032.map	512	512	124	118	117	97	23.8995
5	maps/rooms/8room_032.map	512	512	94	251	102	232	23.4853
5	maps/rooms/8room_032.map	512	512	395	125	374	119	23.4853
5	maps/rooms/8room_032.map	512	512	457	135	463	114	23.4853
5	maps/rooms/8room_032.map	512	512	77	311	63	309	23.0711
5	maps/rooms/8room_032.map	512	512	114	457	117	436	23.0711
5	maps/rooms/8room_032.map	512	512	6	457	16	438	23.1421
5	maps/rooms/8room_032.map	512	512	421	419	404	430	22.7279
4	maps/rooms/8room_032.map	512	512	511	200	506	217	19.0711
4	maps/rooms/8room_032.map	512	512	264	211	266	228	19.4853
4	maps/rooms/8room_032.map	512	512	410	339	426	347	19.3137
4	maps/rooms/8room_032.map	512	512	118	111	131	112	19.0711
4	maps/rooms/8room_032.map	512	512	250	488	258	501	19.2426
4	maps/rooms/8room_032.map	512	512	333	12	333	24	18.7279
4	maps/rooms/8room_032.map	512	512	348	200	339	215	18.7279
4	maps/rooms/8room_032.map	512	512	142	323	131	338	19.5563
4	maps/rooms/8room_032.map	512	512	380	36	365	45	18.7279
3	maps/rooms/8room_032.map	512	512	451	307	438	309	15.8284
3	maps/rooms/8room_032.map	512	512	238	153	239	138	15.4142
3	maps/rooms/8room_032.map	512	512	259	179	252	190	15.0711
3	maps/rooms/8room_032.map	512	512	104	84	109	97	15.0711
3	maps/rooms/8room_032.map	512	512	191	167	204	171	15.2426
3	maps/rooms/8room_032.map	512	512	155	221	155	206	15.8284
3	maps/rooms/8room_032.map	512	512	281	338	269	345	14.8995
3	maps/rooms/8room_032.map	512	512	255	451	258	457	15
3	maps/rooms/8room_032.map	512	512	167	331	180	324	15.8995
2	maps/rooms/8room_032.map	512	512	467	57	468	68	11.4142
2	maps/rooms/8room_032.map	512	512	300	94	296	84	11.6569
2	maps/rooms/8room_032.map	512	512	315	344	318	334	11.2426
2	maps/rooms/8room_032.map	512	512	487	149	498	147	11.8284
2	maps/rooms/8room_032.map	512	512	204	100	212	107	11.4853
2	maps/rooms/8room_032.map	512	512	280	214	287	223	11.8995
2	maps/rooms/8room_032.map	512	512	408	345	399	339	11.4853
2	maps/rooms/8room_032.map	512	512	303	334	292	334	11
2	maps/rooms/8room_032.map	512	512	12	317	17	308	11.6569
2	maps/rooms/8room_032.map	512	512	133	134	135	145	11.8284
1	maps/rooms/8room_032.map	512	512	186	444	181	448	7.24264
1	maps/rooms/8room_032.map	512	512	408	43	405	49	7.24264
1	maps/rooms/8room_032.map	512	512	5	264	10	269	7.07107
1	maps/rooms/8room_032.map	512	512	212	303	213	308	6.82843
1	maps/rooms/8room_032.map	512	512	437	258	434	253	7.41421
1	maps/rooms/8room_032.map	512	512	426	11	420	15	7.65685
1	maps/rooms/8room_032.map	512	512	470	393	475	388	7.07107
1	maps/rooms/8room_032.map	512	512	12	309	19	307	7.82843
0	maps/rooms/8room_032.map	512	512	498	399	498	396	3
0	maps/rooms/8room_032.map	512	512	313	378	311	380	2.82843
0	maps/rooms/8room_032.map	512	512	13	130	15	133	3.82843
0	maps/rooms/8room_032.map	512	512	6	393	8	391	2.82843
0	maps/rooms/8room_032.map	512	512	248	445	248	442	3
0	maps/rooms/8room_032.map	512	512	196	485	194	483	2.82843
0	maps/rooms/8room_032.map	512	512	117	120	117	123	3
0	maps/rooms/8room_032.map	512	512	461	220	458	218	3.82843
0	maps/rooms/8room_032.map	512	512	316	459	314	457	2.82843
0	maps/rooms/8room_032.map	512	512	415	319	413	317	2.82843
