version 1
66	maps/rooms/8room_041.map	512	512	182	268	329	363	266.652
73	maps/rooms/8room_041.map	512	512	167	345	366	477	294.723
127	maps/rooms/8room_041.map	512	512	51	69	256	443	511.333
127	maps/rooms/8room_041.map	512	512	125	374	444	102	511.316
86	maps/rooms/8room_041.map	512	512	339	340	106	255	344.693
74	maps/rooms/8room_041.map	512	512	180	312	312	434	296.693
18	maps/rooms/8room_041.map	512	512	491	210	493	276	72.6274
57	maps/rooms/8room_041.map	512	512	306	364	470	348	229.924
91	maps/rooms/8room_041.map	512	512	254	495	280	226	365.794
90	maps/rooms/8room_041.map	512	512	242	329	394	468	363.007
127	maps/rooms/8room_041.map	512	512	419	253	25	338	511.534
19	maps/rooms/8room_041.map	512	512	207	300	166	281	76.669
115	maps/rooms/8room_041.map	512	512	53	76	216	419	462.534
92	maps/rooms/8room_041.map	512	512	433	346	127	274	368.35
106	maps/rooms/8room_041.map	512	512	503	153	493	454	424.605
106	maps/rooms/8room_041.map	512	512	319	306	77	58	425.706
127	maps/rooms/8room_041.map	512	512	404	23	298	418	511.818
78	maps/rooms/8room_041.map	512	512	117	408	146	138	314.095
53	maps/rooms/8room_041.map	512	512	94	196	150	91	214.64
64	maps/rooms/8room_041.map	512	512	220	346	359	268	258.137
85	maps/rooms/8room_041.map	512	512	284	189	72	23	340.593
83	maps/rooms/8room_041.map	512	512	211	298	444	146	334.22
105	maps/rooms/8room_041.map	512	512	88	494	403	398	421.149
96	maps/rooms/8room_041.map	512	512	334	111	18	151	386.995
127	maps/rooms/8room_041.map	512	512	28	106	324	391	511.274
105	maps/rooms/8room_041.map	512	512	405	308	127	441	423.049
70	maps/rooms/8room_041.map	512	512	319	210	485	359	280.622
54	maps/rooms/8room_041.map	512	512	302	265	267	95	219.368
93	maps/rooms/8room_041.map	512	512	214	368	494	284	372.392
80	maps/rooms/8room_041.map	512	512	491	227	281	100	320.12
127	maps/rooms/8room_041.map	512	512	463	156	87	62	511.362
127	maps/rooms/8room_041.map	512	512	393	430	451	12	511.647
78	maps/rooms/8room_041.map	512	512	204	157	419	180	314.593
40	maps/rooms/8room_041.map	512	512	125	270	7	327	162.64
81	maps/rooms/8room_041.map	512	512	443	83	412	351	327.693
127	maps/rooms/8room_041.map	512	512	55	375	366	104	511.688
57	maps/rooms/8room_041.map	512	512	465	249	327	271	231.966
48	maps/rooms/8room_041.map	512	512	243	158	382	159	194.267
119	maps/rooms/8room_041.map	512	512	443	310	47	232	478.191
112	maps/rooms/8room_041.map	512	512	419	197	78	270	448.333
77	maps/rooms/8room_041.map	512	512	231	199	94	415	311.936
127	maps/rooms/8room_041.map	512	512	82	263	460	474	511.818
80	maps/rooms/8room_041.map	512	512	197	181	2	15	321.593
104	maps/rooms/8room_041.map	512	512	309	115	262	456	419.664
29	maps/rooms/8room_041.map	512	512	346	466	305	407	116.77
48	maps/rooms/8room_041.map	512	512	370	426	381	270	195.368
32	maps/rooms/8room_041.map	512	512	316	451	324	383	129.497
104	maps/rooms/8room_041.map	512	512	386	198	91	72	416.463
42	maps/rooms/8room_041.map	512	512	494	312	405	280	170.539
84	maps/rooms/8room_041.map	512	512	287	40	200	285	338.451
127	maps/rooms/8room_041.map	512	512	135	445	12	57	510.99
50	maps/rooms/8room_041.map	512	512	175	281	40	199	200.439
95	maps/rooms/8room_041.map	512	512	171	469	59	244	382.421
111	maps/rooms/8room_041.map	512	512	185	147	267	477	447.321
126	maps/rooms/8room_041.map	512	512	228	470	488	166	507.103
126	maps/rooms/8room_041.map	512	512	189	51	399	399	507.304
126	maps/rooms/8room_041.map	512	512	447	423	109	178	507.919
99	maps/rooms/8room_041.map	512	512	317	501	467	230	397.191
63	maps/rooms/8room_041.map	512	512	437	124	345	25	254.095
57	maps/rooms/8room_041.map	512	512	244	296	244	454	231.782
125	maps/rooms/8room_041.map	512	512	42	326	326	39	503.919
61	maps/rooms/8room_041.map	512	512	31	110	173	234	245.823
126	maps/rooms/8room_041.map	512	512	303	442	94	114	507.676
126	maps/rooms/8room_041.map	512	512	492	291	134	98	507.86
32	maps/rooms/8room_041.map	512	512	338	307	286	243	131.355
12	maps/rooms/8room_041.map	512	512	396	292	387	330	48.1127
126	maps/rooms/8room_041.map	512	512	504	16	146	202	507.647
126	maps/rooms/8room_041.map	512	512	211	483	274	120	507.404
126	maps/rooms/8room_041.map	512	512	493	25	306	404	507.404
116	maps/rooms/8room_041.map	512	512	376	126	4	117	465.392
126	maps/rooms/8room_041.map	512	512	21	12	249	356	506.818
126	maps/rooms/8room_041.map	512	512	378	27	41	175	507.09
113	maps/rooms/8room_041.map	512	512	134	407	493	435	452.664
125	maps/rooms/8room_041.map	512	512	482	459	299	144	503.706
125	maps/rooms/8room_041.map	512	512	77	470	70	78	503.777
82	maps/rooms/8room_041.map	512	512	12	58	211	244	328.421
80	maps/rooms/8room_041.map	512	512	70	477	232	282	321.149
92	maps/rooms/8room_041.map	512	512	323	293	63	168	369.492
76	maps/rooms/8room_041.map	512	512	282	188	340	407	305.451
72	maps/rooms/8room_041.map	512	512	277	137	477	71	291.865
56	maps/rooms/8room_041.map	512	512	411	402	267	494	224.51
63	maps/rooms/8room_041.map	512	512	333	221	313	428	255.167
32	maps/rooms/8room_041.map	512	512	78	489	4	419	131.113
83	maps/rooms/8room_041.map	512	512	338	390	152	191	335.451
92	maps/rooms/8room_041.map	512	512	166	308	102	3	370.723
57	maps/rooms/8room_041.map	512	512	405	181	312	318	230.652
82	maps/rooms/8room_041.map	512	512	323	242	426	11	331.037
37	maps/rooms/8room_041.map	512	512	243	27	141	75	151.64
38	maps/rooms/8room_041.map	512	512	393	93	402	188	154.953
69	maps/rooms/8room_041.map	512	512	258	431	450	495	277.196
66	maps/rooms/8room_041.map	512	512	190	266	363	151	265.48
88	maps/rooms/8room_041.map	512	512	30	318	314	396	352.492
80	maps/rooms/8room_041.map	512	512	159	292	180	46	323.995
125	maps/rooms/8room_041.map	512	512	164	118	371	482	503.86
49	maps/rooms/8room_041.map	512	512	135	489	74	428	196.024
125	maps/rooms/8room_041.map	512	512	380	344	171	15	503.647
92	maps/rooms/8room_041.map	512	512	312	424	506	198	370.392
78	maps/rooms/8room_041.map	512	512	140	390	375	321	313.723
34	maps/rooms/8room_041.map	512	512	187	323	284	301	137.326
125	maps/rooms/8room_041.map	512	512	29	307	407	177	503.789
72	maps/rooms/8room_041.map	512	512	330	503	263	307	290.037
94	maps/rooms/8room_041.map	512	512	291	317	61	487	376.978
66	maps/rooms/8room_041.map	512	512	236	50	236	232	267.924
76	maps/rooms/8room_041.map	512	512	200	421	34	345	305.664
119	maps/rooms/8room_041.map	512	512	489	328	187	142	477.061
111	maps/rooms/8room_041.map	512	512	56	294	424	340	445.563
65	maps/rooms/8room_041.map	512	512	383	223	228	83	262.966
45	maps/rooms/8room_041.map	512	512	8	128	163	100	182.255
42	maps/rooms/8room_041.map	512	512	179	93	125	4	168.296
75	maps/rooms/8room_041.map	512	512	314	430	143	246	301.836
87	maps/rooms/8room_041.map	512	512	473	251	271	70	350.12
52	maps/rooms/8room_041.map	512	512	397	267	239	263	210.953
43	maps/rooms/8room_041.map	512	512	358	71	317	164	175.054
120	maps/rooms/8room_041.map	512	512	162	466	73	146	480.848
23	maps/rooms/8room_041.map	512	512	152	329	184	393	92.7696
72	maps/rooms/8room_041.map	512	512	79	187	276	259	291.167
111	maps/rooms/8room_041.map	512	512	439	232	93	319	447.534
125	maps/rooms/8room_041.map	512	512	407	39	415	425	503.12
34	maps/rooms/8room_041.map	512	512	359	337	275	281	138.326
75	maps/rooms/8room_041.map	512	512	7	424	208	459	302.894
54	maps/rooms/8room_041.map	512	512	251	286	123	153	217.652
77	maps/rooms/8room_041.map	512	512	460	234	226	204	310.635
106	maps/rooms/8room_041.map	512	512	494	302	206	510	425.99
125	maps/rooms/8room_041.map	512	512	325	2	478	342	503.96
110	maps/rooms/8room_041.map	512	512	300	95	142	396	441.049
84	maps/rooms/8room_041.map	512	512	499	466	244	431	336.853
91	maps/rooms/8room_041.map	512	512	3	183	253	347	365.179
117	maps/rooms/8room_041.map	512	512	244	510	484	220	468.96
101	maps/rooms/8room_041.map	512	512	212	365	486	252	406.806
125	maps/rooms/8room_041.map	512	512	224	134	500	421	503.919
45	maps/rooms/8room_041.map	512	512	275	210	406	182	182.782
125	maps/rooms/8room_041.map	512	512	34	502	396	334	502.759
54	maps/rooms/8room_041.map	512	512	361	312	374	441	218.368
76	maps/rooms/8room_041.map	512	512	159	211	29	28	307.936
124	maps/rooms/8room_041.map	512	512	260	487	505	162	499.546
89	maps/rooms/8room_041.map	512	512	132	290	301	121	359.764
124	maps/rooms/8room_041.map	512	512	495	325	70	299	499.191
80	maps/rooms/8room_041.map	512	512	221	260	246	11	323.522
102	maps/rooms/8room_041.map	512	512	263	374	37	117	408.019
96	maps/rooms/8room_041.map	512	512	341	511	155	261	384.392
124	maps/rooms/8room_041.map	512	512	440	180	118	415	499.316
59	maps/rooms/8room_041.map	512	512	445	303	333	466	238.095
124	maps/rooms/8room_041.map	512	512	455	173	136	291	499.375
71	maps/rooms/8room_041.map	512	512	57	103	182	302	285.279
66	maps/rooms/8room_041.map	512	512	163	253	124	27	266.196
124	maps/rooms/8room_041.map	512	512	371	43	159	373	499.848
94	maps/rooms/8room_041.map	512	512	418	391	191	198	377.563
57	maps/rooms/8room_041.map	512	512	217	226	220	356	231.225
31	maps/rooms/8room_041.map	512	512	21	211	119	200	124.012
77	maps/rooms/8room_041.map	512	512	278	460	116	268	308.309
118	maps/rooms/8room_041.map	512	512	377	279	151	23	472.233
68	maps/rooms/8room_041.map	512	512	334	138	114	207	273.894
117	maps/rooms/8room_041.map	512	512	310	468	266	140	470.049
58	maps/rooms/8room_041.map	512	512	343	98	162	138	234.439
75	maps/rooms/8room_041.map	512	512	109	91	338	135	301.125
45	maps/rooms/8room_041.map	512	512	202	496	286	402	180.995
124	maps/rooms/8room_041.map	512	512	94	191	463	295	499.576
68	maps/rooms/8room_041.map	512	512	119	292	111	87	275.51
73	maps/rooms/8room_041.map	512	512	499	322	315	444	295.622
35	maps/rooms/8room_041.map	512	512	372	394	332	500	143.054
124	maps/rooms/8room_041.map	512	512	118	185	501	342	499.404
30	maps/rooms/8room_041.map	512	512	363	207	323	274	122.497
96	maps/rooms/8room_041.map	512	512	190	362	495	409	385.38
36	maps/rooms/8room_041.map	512	512	139	98	217	187	145.811
124	maps/rooms/8room_041.map	512	512	379	455	345	61	499.404
24	maps/rooms/8room_041.map	512	512	27	83	19	45	97.9828
79	maps/rooms/8room_041.map	512	512	106	252	366	221	317.208
108	maps/rooms/8room_041.map	512	512	169	362	468	219	433.99
54	maps/rooms/8room_041.map	512	512	136	358	39	207	218.752
89	maps/rooms/8room_041.map	512	512	354	342	130	459	358.848
54	maps/rooms/8room_041.map	512	512	494	347	360	447	216.024
57	maps/rooms/8room_041.map	512	512	380	200	386	326	231.581
113	maps/rooms/8room_041.map	512	512	114	412	137	27	452.392
123	maps/rooms/8room_041.map	512	512	483	471	144	491	492.806
90	maps/rooms/8room_041.map	512	512	103	478	237	221	363.451
49	maps/rooms/8room_041.map	512	512	332	115	203	151	197.811
117	maps/rooms/8room_041.map	512	512	361	47	100	282	470.191
108	maps/rooms/8room_041.map	512	512	391	469	151	476	433.149
106	maps/rooms/8room_041.map	512	512	467	23	166	145	427.233
103	maps/rooms/8room_041.map	512	512	102	189	350	411	415.262
42	maps/rooms/8room_041.map	512	512	267	121	120	105	171.426
77	maps/rooms/8room_041.map	512	512	74	325	274	441	309.966
124	maps/rooms/8room_041.map	512	512	310	136	462	505	499.333
116	maps/rooms/8room_041.map	512	512	171	429	393	169	467.304
124	maps/rooms/8room_041.map	512	512	232	105	350	470	499.132
8	maps/rooms/8room_041.map	512	512	206	292	207	265	34.9706
69	maps/rooms/8room_041.map	512	512	341	292	110	306	277.024
81	maps/rooms/8room_041.map	512	512	349	283	482	190	326.794
86	maps/rooms/8room_041.map	512	512	246	412	426	250	346.291
49	maps/rooms/8room_041.map	512	512	474	91	440	249	197.539
89	maps/rooms/8room_041.map	512	512	309	399	38	487	356.22
45	maps/rooms/8room_041.map	512	512	264	255	381	205	181.267
115	maps/rooms/8room_041.map	512	512	38	170	174	447	461.676
58	maps/rooms/8room_041.map	512	512	259	79	149	213	233.782
63	maps/rooms/8room_041.map	512	512	126	111	19	194	252.066
50	maps/rooms/8room_041.map	512	512	247	297	383	268	200.924
70	maps/rooms/8room_041.map	512	512	157	198	381	232	280.409
29	maps/rooms/8room_041.map	512	512	476	202	498	108	119.556
88	maps/rooms/8room_041.map	512	512	361	278	68	333	354.208
101	maps/rooms/8room_041.map	512	512	406	298	151	120	407.635
75	maps/rooms/8room_041.map	512	512	478	383	232	382	301.208
88	maps/rooms/8room_041.map	512	512	499	174	265	77	355.492
45	maps/rooms/8room_041.map	512	512	260	268	362	164	181.539
25	maps/rooms/8room_041.map	512	512	436	413	370	458	101.87
89	maps/rooms/8room_041.map	512	512	326	196	46	169	359.309
123	maps/rooms/8room_041.map	512	512	179	142	427	435	495.617
53	maps/rooms/8room_041.map	512	512	271	199	164	84	212.409
123	maps/rooms/8room_041.map	512	512	299	19	463	368	495.333
118	maps/rooms/8room_041.map	512	512	151	99	419	367	473.848
37	maps/rooms/8room_041.map	512	512	5	49	118	99	150.983
70	maps/rooms/8room_041.map	512	512	127	366	284	210	282.581
39	maps/rooms/8room_041.map	512	512	327	441	294	345	158.782
123	maps/rooms/8room_041.map	512	512	344	454	330	79	495.191
108	maps/rooms/8room_041.map	512	512	509	383	281	132	433.333
96	maps/rooms/8room_041.map	512	512	19	251	332	219	387.25
123	maps/rooms/8room_041.map	512	512	110	90	467	167	495.806
65	maps/rooms/8room_041.map	512	512	197	248	43	123	260.338
123	maps/rooms/8room_041.map	512	512	510	285	85	268	495.948
123	maps/rooms/8room_041.map	512	512	438	211	76	59	495.647
84	maps/rooms/8room_041.map	512	512	204	172	466	187	337.007
74	maps/rooms/8room_041.map	512	512	367	181	374	406	296.894
91	maps/rooms/8room_041.map	512	512	151	489	355	314	366.321
83	maps/rooms/8room_041.map	512	512	383	200	245	379	332.321
81	maps/rooms/8room_041.map	512	512	139	235	106	507	325.551
123	maps/rooms/8room_041.map	512	512	360	92	109	298	494.99
89	maps/rooms/8room_041.map	512	512	47	507	202	283	356.179
123	maps/rooms/8room_041.map	512	512	68	117	372	383	495.848
52	maps/rooms/8room_041.map	512	512	397	509	367	436	208.782
83	maps/rooms/8room_041.map	512	512	269	55	27	58	333.309
47	maps/rooms/8room_041.map	512	512	356	277	398	381	191.196
86	maps/rooms/8room_041.map	512	512	362	40	318	306	347.48
113	maps/rooms/8room_041.map	512	512	476	427	87	366	454.978
50	maps/rooms/8room_041.map	512	512	165	119	182	287	202.983
64	maps/rooms/8room_041.map	512	512	199	292	22	202	259.752
86	maps/rooms/8room_041.map	512	512	473	389	185	329	346.836
90	maps/rooms/8room_041.map	512	512	190	222	46	463	362.764
63	maps/rooms/8room_041.map	512	512	427	265	486	57	254.296
99	maps/rooms/8room_041.map	512	512	234	437	383	199	399.191
95	maps/rooms/8room_041.map	512	512	479	194	341	466	383.664
123	maps/rooms/8room_041.map	512	512	28	251	421	183	495.09
62	maps/rooms/8room_041.map	512	512	261	442	399	285	248.764
90	maps/rooms/8room_041.map	512	512	365	232	74	246	362.279
122	maps/rooms/8room_041.map	512	512	92	169	407	87	491.576
80	maps/rooms/8room_041.map	512	512	468	103	256	230	321.392
92	maps/rooms/8room_041.map	512	512	185	100	441	222	371.12
121	maps/rooms/8room_041.map	512	512	402	15	472	379	485.22
49	maps/rooms/8room_041.map	512	512	36	234	154	139	198.782
17	maps/rooms/8room_041.map	512	512	356	426	409	443	69.2132
77	maps/rooms/8room_041.map	512	512	430	133	319	351	311.25
59	maps/rooms/8room_041.map	512	512	82	169	221	205	237.024
83	maps/rooms/8room_041.map	512	512	253	156	35	10	335.622
122	maps/rooms/8room_041.map	512	512	506	67	290	376	491.032
115	maps/rooms/8room_041.map	512	512	280	77	229	422	462.049
82	maps/rooms/8room_041.map	512	512	142	375	380	503	328.108
52	maps/rooms/8room_041.map	512	512	365	150	378	270	209.368
50	maps/rooms/8room_041.map	512	512	339	44	203	114	200.409
106	maps/rooms/8room_041.map	512	512	429	358	235	79	427.818
48	maps/rooms/8room_041.map	512	512	211	125	197	277	195.397
122	maps/rooms/8room_041.map	512	512	134	506	133	108	491.492
28	maps/rooms/8room_041.map	512	512	87	237	154	229	112.113
70	maps/rooms/8room_041.map	512	512	278	95	460	92	282.48
122	maps/rooms/8room_041.map	512	512	54	232	458	295	491.09
66	maps/rooms/8room_041.map	512	512	419	184	310	329	264.451
97	maps/rooms/8room_041.map	512	512	210	169	456	146	388.22
57	maps/rooms/8room_041.map	512	512	270	350	446	316	228.167
79	maps/rooms/8room_041.map	512	512	499	326	259	338	316.208
91	maps/rooms/8room_041.map	512	512	206	216	98	507	365.108
85	maps/rooms/8room_041.map	512	512	403	415	136	393	343.309
109	maps/rooms/8room_041.map	512	512	141	383	488	293	437.392
122	maps/rooms/8room_041.map	512	512	347	391	64	98	491.889
38	maps/rooms/8room_041.map	512	512	306	101	372	95	155.882
122	maps/rooms/8room_041.map	512	512	90	373	402	262	490.831
122	maps/rooms/8room_041.map	512	512	37	251	438	234	491.605
42	maps/rooms/8room_041.map	512	512	314	454	327	365	169.095
25	maps/rooms/8room_041.map	512	512	265	458	195	488	103.497
62	maps/rooms/8room_041.map	512	512	199	229	99	38	248.48
116	maps/rooms/8room_041.map	512	512	41	366	361	178	467.362
72	maps/rooms/8room_041.map	512	512	410	323	265	412	289.38
63	maps/rooms/8room_041.map	512	512	261	217	230	23	253.652
75	maps/rooms/8room_041.map	512	512	155	360	248	162	301.894
66	maps/rooms/8room_041.map	512	512	450	155	399	30	264.953
122	maps/rooms/8room_041.map	512	512	69	424	376	172	490.588
109	maps/rooms/8room_041.map	512	512	490	356	396	59	439.291
60	maps/rooms/8room_041.map	512	512	413	338	207	295	242.924
109	maps/rooms/8room_041.map	512	512	366	315	15	408	439.078
97	maps/rooms/8room_041.map	512	512	414	503	438	216	388.563
18	maps/rooms/8room_041.map	512	512	366	453	322	415	74.9706
102	maps/rooms/8room_041.map	512	512	347	130	103	363	411.434
122	maps/rooms/8room_041.map	512	512	446	216	63	175	491.99
36	maps/rooms/8room_041.map	512	512	251	167	259	71	147.154
98	maps/rooms/8room_041.map	512	512	482	107	189	163	394.948
39	maps/rooms/8room_041.map	512	512	133	340	67	395	157.125
120	maps/rooms/8room_041.map	512	512	359	295	40	474	483.889
122	maps/rooms/8room_041.map	512	512	426	495	204	189	491.789
80	maps/rooms/8room_041.map	512	512	94	311	270	511	322.108
114	maps/rooms/8room_041.map	512	512	162	30	24	344	457.12
37	maps/rooms/8room_041.map	512	512	48	407	100	467	151.296
121	maps/rooms/8room_041.map	512	512	59	13	184	379	487.777
31	maps/rooms/8room_041.map	512	512	75	236	148	250	127.326
73	maps/rooms/8room_041.map	512	512	212	146	88	350	292.652
33	maps/rooms/8room_041.map	512	512	79	55	11	40	134.74
109	maps/rooms/8room_041.map	512	512	350	455	246	136	438.747
101	maps/rooms/8room_041.map	512	512	371	499	61	507	405.563
84	maps/rooms/8room_041.map	512	512	89	186	299	72	339.179
81	maps/rooms/8room_041.map	512	512	194	142	426	202	327.321
68	maps/rooms/8room_041.map	512	512	236	364	455	351	275.823
39	maps/rooms/8room_041.map	512	512	54	235	167	250	158.468
77	maps/rooms/8room_041.map	512	512	239	212	11	191	309.711
121	maps/rooms/8room_041.map	512	512	229	341	435	45	487.161
63	maps/rooms/8room_041.map	512	512	204	18	150	196	255.338
77	maps/rooms/8room_041.map	512	512	338	26	495	138	311.794
77	maps/rooms/8room_041.map	512	512	220	92	26	47	309.167
72	maps/rooms/8room_041.map	512	512	287	501	93	432	288.723
33	maps/rooms/8room_041.map	512	512	231	170	269	105	134.296
75	maps/rooms/8room_041.map	512	512	422	455	476	223	303.421
40	maps/rooms/8room_041.map	512	512	4	264	26	315	163.853
62	maps/rooms/8room_041.map	512	512	317	451	117	509	250.995
121	maps/rooms/8room_041.map	512	512	179	504	457	223	487.86
77	maps/rooms/8room_041.map	512	512	280	278	301	437	309.966
22	maps/rooms/8room_041.map	512	512	343	126	295	178	88.2843
121	maps/rooms/8room_041.map	512	512	244	18	44	352	487.362
121	maps/rooms/8room_041.map	512	512	332	157	102	464	487.032
110	maps/rooms/8room_041.map	512	512	123	170	456	251	443.061
62	maps/rooms/8room_041.map	512	512	44	269	82	370	248.037
56	maps/rooms/8room_041.map	512	512	500	136	404	285	224.782
100	maps/rooms/8room_041.map	512	512	435	332	316	77	402.191
121	maps/rooms/8room_041.map	512	512	387	509	194	253	487.032
48	maps/rooms/8room_041.map	512	512	56	333	220	322	195.711
83	maps/rooms/8room_041.map	512	512	255	34	93	168	333.279
120	maps/rooms/8room_041.map	512	512	183	483	486	276	480.759
76	maps/rooms/8room_041.map	512	512	98	274	364	296	306.995
121	maps/rooms/8room_041.map	512	512	389	502	146	394	487.777
33	maps/rooms/8room_041.map	512	512	473	344	405	264	135.74
67	maps/rooms/8room_041.map	512	512	333	441	285	267	270.693
100	maps/rooms/8room_041.map	512	512	466	174	360	471	400.522
65	maps/rooms/8room_041.map	512	512	430	450	221	458	261.51
43	maps/rooms/8room_041.map	512	512	194	198	263	332	173.024
110	maps/rooms/8room_041.map	512	512	493	188	150	107	441.747
121	maps/rooms/8room_041.map	512	512	153	105	295	467	487.806
55	maps/rooms/8room_041.map	512	512	307	239	478	239	222.924
45	maps/rooms/8room_041.map	512	512	301	317	156	242	183.681
121	maps/rooms/8room_041.map	512	512	503	469	306	149	486.948
25	maps/rooms/8room_041.map	512	512	136	381	174	315	102.184
109	maps/rooms/8room_041.map	512	512	333	483	38	291	438.605
120	maps/rooms/8room_041.map	512	512	203	54	39	388	483.22
120	maps/rooms/8room_041.map	512	512	410	198	133	403	483.245
38	maps/rooms/8room_041.map	512	512	306	360	407	326	154.64
35	maps/rooms/8room_041.map	512	512	445	77	395	187	140.912
104	maps/rooms/8room_041.map	512	512	212	455	426	191	419.647
47	maps/rooms/8room_041.map	512	512	261	151	296	7	191.711
112	maps/rooms/8room_041.map	512	512	36	466	157	118	449.593
120	maps/rooms/8room_041.map	512	512	462	450	339	104	483.534
63	maps/rooms/8room_041.map	512	512	490	195	300	150	252.338
35	maps/rooms/8room_041.map	512	512	207	104	88	126	140.255
62	maps/rooms/8room_041.map	512	512	71	366	252	299	251.581
120	maps/rooms/8room_041.map	512	512	42	28	359	246	483.818
82	maps/rooms/8room_041.map	512	512	330	404	434	171	329.978
33	maps/rooms/8room_041.map	512	512	134	487	40	498	134.255
22	maps/rooms/8room_041.map	512	512	199	275	123	273	88.8701
74	maps/rooms/8room_041.map	512	512	238	396	8	328	297.966
73	maps/rooms/8room_041.map	512	512	78	141	35	373	293.51
73	maps/rooms/8room_041.map	512	512	60	47	35	245	294.48
72	maps/rooms/8room_041.map	512	512	8	437	54	219	289.723
89	maps/rooms/8room_041.map	512	512	333	226	283	502	358.936
102	maps/rooms/8room_041.map	512	512	43	107	393	74	409.007
78	maps/rooms/8room_041.map	512	512	235	163	495	178	313.35
120	maps/rooms/8room_041.map	512	512	405	327	146	39	483.617
81	maps/rooms/8room_041.map	512	512	230	170	345	357	325.622
104	maps/rooms/8room_041.map	512	512	233	143	259	430	416.907
71	maps/rooms/8room_041.map	512	512	314	262	271	24	286.924
38	maps/rooms/8room_041.map	512	512	207	196	328	171	152.326
78	maps/rooms/8room_041.map	512	512	455	155	255	153	315.321
87	maps/rooms/8room_041.map	512	512	360	425	476	169	350.451
120	maps/rooms/8room_041.map	512	512	12	115	287	394	483.889
102	maps/rooms/8room_041.map	512	512	327	245	23	88	410.948
102	maps/rooms/8room_041.map	512	512	169	459	413	509	411.321
49	maps/rooms/8room_041.map	512	512	469	242	438	386	197.368
120	maps/rooms/8room_041.map	512	512	179	92	201	474	483.421
104	maps/rooms/8room_041.map	512	512	123	495	93	166	417.149
27	maps/rooms/8room_041.map	512	512	108	239	90	317	111.598
119	maps/rooms/8room_041.map	512	512	239	494	159	110	479.907
89	maps/rooms/8room_041.map	512	512	312	134	378	402	356.409
57	maps/rooms/8room_041.map	512	512	325	246	151	310	229.48
98	maps/rooms/8room_041.map	512	512	423	228	126	303	394.492
119	maps/rooms/8room_041.map	512	512	426	327	69	395	478.605
119	maps/rooms/8room_041.map	512	512	316	48	355	416	479.09
55	maps/rooms/8room_041.map	512	512	155	131	280	10	220.953
75	maps/rooms/8room_041.map	512	512	254	180	11	204	301.61
64	maps/rooms/8room_041.map	512	512	344	121	162	43	257.48
86	maps/rooms/8room_041.map	512	512	164	131	355	293	345.108
31	maps/rooms/8room_041.map	512	512	253	291	318	365	126.64
63	maps/rooms/8room_041.map	512	512	383	238	427	76	253.966
67	maps/rooms/8room_041.map	512	512	147	71	360	20	270.894
52	maps/rooms/8room_041.map	512	512	78	185	14	331	211.539
43	maps/rooms/8room_041.map	512	512	186	136	301	54	173.853
101	maps/rooms/8room_041.map	512	512	70	143	231	424	407.563
87	maps/rooms/8room_041.map	512	512	215	313	434	118	350.978
79	maps/rooms/8room_041.map	512	512	197	427	380	277	318.321
65	maps/rooms/8room_041.map	512	512	29	69	226	46	263.782
102	maps/rooms/8room_041.map	512	512	340	436	260	142	408.149
98	maps/rooms/8room_041.map	512	512	162	120	95	395	392.593
34	maps/rooms/8room_041.map	512	512	414	405	406	484	137.569
119	maps/rooms/8room_041.map	512	512	24	175	392	253	479.362
98	maps/rooms/8room_041.map	512	512	71	293	264	72	392.551
28	maps/rooms/8room_041.map	512	512	282	364	330	296	112.225
117	maps/rooms/8room_041.map	512	512	151	150	415	422	469.647
119	maps/rooms/8room_041.map	512	512	359	499	167	157	479.546
65	maps/rooms/8room_041.map	512	512	63	163	54	389	262.439
65	maps/rooms/8room_041.map	512	512	258	206	138	57	262.823
105	maps/rooms/8room_041.map	512	512	32	110	259	346	423.233
119	maps/rooms/8room_041.map	512	512	18	259	417	348	479.948
79	maps/rooms/8room_041.map	512	512	8	460	110	253	316.38
119	maps/rooms/8room_041.map	512	512	13	19	386	62	479.563
98	maps/rooms/8room_041.map	512	512	104	105	236	375	393.078
119	maps/rooms/8room_041.map	512	512	502	479	197	270	479.463
118	maps/rooms/8room_041.map	512	512	69	511	289	194	475.718
52	maps/rooms/8room_041.map	512	512	242	374	402	373	211.468
110	maps/rooms/8room_041.map	512	512	297	444	103	174	441.463
106	maps/rooms/8room_041.map	512	512	462	470	441	153	424.978
118	maps/rooms/8room_041.map	512	512	471	62	156	260	474.647
110	maps/rooms/8room_041.map	512	512	280	439	232	107	441.22
118	maps/rooms/8room_041.map	512	512	458	494	328	143	475.676
118	maps/rooms/8room_041.map	512	512	71	106	463	124	475.806
84	maps/rooms/8room_041.map	512	512	275	435	197	189	337.865
59	maps/rooms/8room_041.map	512	512	141	20	125	216	239.48
103	maps/rooms/8room_041.map	512	512	296	469	436	180	413.149
83	maps/rooms/8room_041.map	512	512	418	237	315	478	334.551
52	maps/rooms/8room_041.map	512	512	485	341	457	486	209.125
118	maps/rooms/8room_041.map	512	512	295	59	28	319	475.191
10	maps/rooms/8room_041.map	512	512	124	371	100	346	43.7279
118	maps/rooms/8room_041.map	512	512	456	470	274	128	475.505
30	maps/rooms/8room_041.map	512	512	260	399	188	370	123.669
110	maps/rooms/8room_041.map	512	512	390	30	250	331	440.22
96	maps/rooms/8room_041.map	512	512	264	485	26	332	384.321
118	maps/rooms/8room_041.map	512	512	142	117	360	445	475.647
20	maps/rooms/8room_041.map	512	512	203	95	229	36	80.4558
46	maps/rooms/8room_041.map	512	512	180	85	39	43	185.468
118	maps/rooms/8room_041.map	512	512	511	131	120	87	475.877
34	maps/rooms/8room_041.map	512	512	345	267	345	189	136.912
117	maps/rooms/8room_041.map	512	512	501	405	403	91	471.019
94	maps/rooms/8room_041.map	512	512	419	232	120	286	376.664
35	maps/rooms/8room_041.map	512	512	421	252	391	361	140.255
51	maps/rooms/8room_041.map	512	512	435	334	408	470	207.125
117	maps/rooms/8room_041.map	512	512	41	300	396	156	471.233
10	maps/rooms/8room_041.map	512	512	211	427	214	394	42.8701
117	maps/rooms/8room_041.map	512	512	23	422	300	178	471.96
114	maps/rooms/8room_041.map	512	512	108	14	135	386	457.936
66	maps/rooms/8room_041.map	512	512	68	204	264	309	267.551
117	maps/rooms/8room_041.map	512	512	466	127	103	70	471.948
67	maps/rooms/8room_041.map	512	512	377	34	445	175	271.551
35	maps/rooms/8room_041.map	512	512	159	212	75	245	140.698
76	maps/rooms/8room_041.map	512	512	238	286	66	130	305.38
44	maps/rooms/8room_041.map	512	512	340	206	429	295	178.953
34	maps/rooms/8room_041.map	512	512	335	485	290	418	139.74
31	maps/rooms/8room_041.map	512	512	315	470	213	474	127.255
60	maps/rooms/8room_041.map	512	512	325	248	443	377	242.137
23	maps/rooms/8room_041.map	512	512	307	227	343	189	92.669
117	maps/rooms/8room_041.map	512	512	234	148	303	488	471.676
26	maps/rooms/8room_041.map	512	512	376	70	302	50	106.326
84	maps/rooms/8room_041.map	512	512	155	443	444	446	336.167
117	maps/rooms/8room_041.map	512	512	290	92	217	423	471.563
53	maps/rooms/8room_041.map	512	512	415	370	236	351	215.296
114	maps/rooms/8room_041.map	512	512	30	149	391	106	458.492
99	maps/rooms/8room_041.map	512	512	406	151	105	61	396.463
116	maps/rooms/8room_041.map	512	512	14	237	385	328	467.563
78	maps/rooms/8room_041.map	512	512	262	8	402	184	312.108
92	maps/rooms/8room_041.map	512	512	82	313	335	447	371.978
78	maps/rooms/8room_041.map	512	512	259	231	503	294	312.421
63	maps/rooms/8room_041.map	512	512	435	199	461	7	252.752
100	maps/rooms/8room_041.map	512	512	172	482	220	203	400.137
71	maps/rooms/8room_041.map	512	512	136	69	328	156	285.167
41	maps/rooms/8room_041.map	512	512	166	346	134	217	166.64
26	maps/rooms/8room_041.map	512	512	58	205	75	295	106.113
116	maps/rooms/8room_041.map	512	512	477	343	130	502	467.931
57	maps/rooms/8room_041.map	512	512	510	427	444	275	231.196
20	maps/rooms/8room_041.map	512	512	201	260	138	275	80.2843
84	maps/rooms/8room_041.map	512	512	450	114	291	8	338.179
23	maps/rooms/8room_041.map	512	512	178	115	247	117	92.1127
86	maps/rooms/8room_041.map	512	512	364	178	111	262	346.764
78	maps/rooms/8room_041.map	512	512	244	25	210	265	312.593
60	maps/rooms/8room_041.map	512	512	136	450	9	414	243.409
116	maps/rooms/8room_041.map	512	512	310	349	28	87	467.304
66	maps/rooms/8room_041.map	512	512	134	327	329	249	267.593
111	maps/rooms/8room_041.map	512	512	415	255	122	69	446.505
116	maps/rooms/8room_041.map	512	512	470	270	184	41	467.759
20	maps/rooms/8room_041.map	512	512	66	170	60	226	80.5269
85	maps/rooms/8room_041.map	512	512	370	441	109	340	341.865
66	maps/rooms/8room_041.map	512	512	384	121	283	4	265.522
116	maps/rooms/8room_041.map	512	512	483	495	422	162	467.848
101	maps/rooms/8room_041.map	512	512	499	408	155	464	404.853
116	maps/rooms/8room_041.map	512	512	151	227	478	411	467.534
85	maps/rooms/8room_041.map	512	512	285	420	323	155	343.108
21	maps/rooms/8room_041.map	512	512	184	271	204	340	86.3137
32	maps/rooms/8room_041.map	512	512	4	89	43	22	131.598
87	maps/rooms/8room_041.map	512	512	158	350	259	114	349.693
84	maps/rooms/8room_041.map	512	512	388	146	125	222	339.309
96	maps/rooms/8room_041.map	512	512	28	472	50	188	385.764
99	maps/rooms/8room_041.map	512	512	313	255	191	472	399.534
93	maps/rooms/8room_041.map	512	512	421	485	461	215	373.078
116	maps/rooms/8room_041.map	512	512	181	440	251	112	467.563
115	maps/rooms/8room_041.map	512	512	461	354	94	208	463.777
115	maps/rooms/8room_041.map	512	512	333	146	34	378	463.333
115	maps/rooms/8room_041.map	512	512	77	503	469	423	463.421
108	maps/rooms/8room_041.map	512	512	474	426	312	130	434.978
115	maps/rooms/8room_041.map	512	512	419	28	232	310	463.049
79	maps/rooms/8room_041.map	512	512	46	42	282	140	316.894
59	maps/rooms/8room_041.map	512	512	173	479	314	447	236.196
93	maps/rooms/8room_041.map	512	512	404	469	230	313	373.865
108	maps/rooms/8room_041.map	512	512	411	249	149	56	432.404
84	maps/rooms/8room_041.map	512	512	21	169	270	243	339.794
115	maps/rooms/8room_041.map	512	512	211	465	173	92	463.936
96	maps/rooms/8room_041.map	512	512	196	276	511	313	386.007
83	maps/rooms/8room_041.map	512	512	197	274	88	424	335.108
69	maps/rooms/8room_041.map	512	512	182	126	25	20	279.451
94	maps/rooms/8room_041.map	512	512	391	34	206	246	376.522
105	maps/rooms/8room_041.map	512	512	294	388	361	54	421.392
115	maps/rooms/8room_041.map	512	512	4	423	376	361	463.019
115	maps/rooms/8room_041.map	512	512	24	349	238	58	463.049
83	maps/rooms/8room_041.map	512	512	186	150	178	412	334.652
99	maps/rooms/8room_041.map	512	512	377	298	52	264	398.522
104	maps/rooms/8room_041.map	512	512	355	404	139	179	417.534
74	maps/rooms/8room_041.map	512	512	457	114	409	340	298.593
114	maps/rooms/8room_041.map	512	512	314	140	21	341	459.262
114	maps/rooms/8room_041.map	512	512	255	426	440	118	459.233
49	maps/rooms/8room_041.map	512	512	344	312	235	390	197.61
114	maps/rooms/8room_041.map	512	512	44	477	250	196	459.96
40	maps/rooms/8room_041.map	512	512	430	395	423	264	162.125
66	maps/rooms/8room_041.map	512	512	154	175	361	239	266.439
65	maps/rooms/8room_041.map	512	512	428	259	279	156	262.794
90	maps/rooms/8room_041.map	512	512	25	403	300	301	363.735
85	maps/rooms/8room_041.map	512	512	148	356	410	292	342.108
114	maps/rooms/8room_041.map	512	512	35	167	398	175	459.191
32	maps/rooms/8room_041.map	512	512	348	297	285	265	131.083
114	maps/rooms/8room_041.map	512	512	487	165	168	42	459.889
74	maps/rooms/8room_041.map	512	512	293	266	205	446	299.238
114	maps/rooms/8room_041.map	512	512	462	111	173	345	459.274
68	maps/rooms/8room_041.map	512	512	424	291	267	157	274.421
46	maps/rooms/8room_041.map	512	512	471	295	386	430	187.782
46	maps/rooms/8room_041.map	512	512	146	309	211	442	186.61
114	maps/rooms/8room_041.map	512	512	97	12	443	56	459.078
76	maps/rooms/8room_041.map	512	512	404	359	175	274	305.966
113	maps/rooms/8room_041.map	512	512	86	2	59	381	455.806
113	maps/rooms/8room_041.map	512	512	391	52	32	5	455.907
65	maps/rooms/8room_041.map	512	512	344	324	123	260	263.995
113	maps/rooms/8room_041.map	512	512	203	39	43	348	455.735
21	maps/rooms/8room_041.map	512	512	116	218	159	167	84.1838
72	maps/rooms/8room_041.map	512	512	85	207	9	4	289.936
113	maps/rooms/8room_041.map	512	512	214	450	79	100	455.635
113	maps/rooms/8room_041.map	512	512	74	36	314	336	455.647
35	maps/rooms/8room_041.map	512	512	183	119	190	50	140.326
32	maps/rooms/8room_041.map	512	512	190	275	107	326	130.669
52	maps/rooms/8room_041.map	512	512	10	245	99	135	209.953
20	maps/rooms/8room_041.map	512	512	413	63	338	57	82.4558
39	maps/rooms/8room_041.map	512	512	284	152	332	40	156.326
88	maps/rooms/8room_041.map	512	512	121	313	13	76	352.664
65	maps/rooms/8room_041.map	512	512	139	484	340	508	263.066
89	maps/rooms/8room_041.map	512	512	364	21	323	313	357.551
13	maps/rooms/8room_041.map	512	512	111	60	82	23	54.8701
50	maps/rooms/8room_041.map	512	512	267	475	329	344	203.995
113	maps/rooms/8room_041.map	512	512	165	510	287	197	455.735
58	maps/rooms/8room_041.map	512	512	261	302	389	181	235.551
113	maps/rooms/8room_041.map	512	512	490	183	222	426	455.475
112	maps/rooms/8room_041.map	512	512	313	2	395	348	450.877
111	maps/rooms/8room_041.map	512	512	292	471	331	120	447.12
104	maps/rooms/8room_041.map	512	512	257	361	55	77	417.706
112	maps/rooms/8room_041.map	512	512	187	212	472	442	451.191
112	maps/rooms/8room_041.map	512	512	310	500	415	157	451.12
80	maps/rooms/8room_041.map	512	512	248	133	89	276	323.439
75	maps/rooms/8room_041.map	512	512	234	350	218	139	300.48
93	maps/rooms/8room_041.map	512	512	45	138	12	445	373.179
38	maps/rooms/8room_041.map	512	512	333	246	379	322	155.64
60	maps/rooms/8room_041.map	512	512	82	344	34	158	242.853
69	maps/rooms/8room_041.map	512	512	440	502	475	306	278.279
28	maps/rooms/8room_041.map	512	512	395	404	383	307	114.213
112	maps/rooms/8room_041.map	512	512	403	487	136	495	451.635
82	maps/rooms/8room_041.map	512	512	330	418	178	195	328.522
109	maps/rooms/8room_041.map	512	512	159	191	498	157	436.22
55	maps/rooms/8room_041.map	512	512	313	278	252	419	222.995
100	maps/rooms/8room_041.map	512	512	356	454	442	150	403.078
90	maps/rooms/8room_041.map	512	512	20	228	82	446	363.907
62	maps/rooms/8room_041.map	512	512	54	377	211	302	248.409
82	maps/rooms/8room_041.map	512	512	123	395	370	438	330.309
112	maps/rooms/8room_041.map	512	512	101	201	461	352	451.777
112	maps/rooms/8room_041.map	512	512	206	503	98	157	451.019
112	maps/rooms/8room_041.map	512	512	44	460	262	188	451.99
76	maps/rooms/8room_041.map	512	512	403	360	375	127	305.894
28	maps/rooms/8room_041.map	512	512	403	285	410	194	112.083
112	maps/rooms/8room_041.map	512	512	47	499	322	282	451.161
111	maps/rooms/8room_041.map	512	512	51	264	444	334	447.593
111	maps/rooms/8room_041.map	512	512	310	72	62	324	447.22
22	maps/rooms/8room_041.map	512	512	58	119	7	169	89.7696
89	maps/rooms/8room_041.map	512	512	345	74	502	263	359.161
111	maps/rooms/8room_041.map	512	512	72	413	429	422	447.22
111	maps/rooms/8room_041.map	512	512	68	330	295	47	447.12
99	maps/rooms/8room_041.map	512	512	36	318	259	127	399.279
47	maps/rooms/8room_041.map	512	512	127	54	163	195	190.296
55	maps/rooms/8room_041.map	512	512	268	45	236	201	220.51
23	maps/rooms/8room_041.map	512	512	254	216	313	253	95.598
111	maps/rooms/8room_041.map	512	512	190	293	444	88	447.676
16	maps/rooms/8room_041.map	512	512	326	164	294	164	64.1838
79	maps/rooms/8room_041.map	512	512	317	357	238	140	317.522
50	maps/rooms/8room_041.map	512	512	371	331	263	450	200.48
71	maps/rooms/8room_041.map	512	512	235	213	414	343	284.924
38	maps/rooms/8room_041.map	512	512	68	221	25	317	152.497
110	maps/rooms/8room_041.map	512	512	91	278	432	435	443.948
53	maps/rooms/8room_041.map	512	512	434	132	396	293	215.51
110	maps/rooms/8room_041.map	512	512	52	44	253	360	443.434
60	maps/rooms/8room_041.map	512	512	304	279	414	205	241.279
98	maps/rooms/8room_041.map	512	512	232	221	147	457	393.451
98	maps/rooms/8room_041.map	512	512	386	72	52	97	392.622
105	maps/rooms/8room_041.map	512	512	191	291	328	27	420.605
51	maps/rooms/8room_041.map	512	512	40	229	148	125	206.125
110	maps/rooms/8room_041.map	512	512	487	378	108	313	443.605
110	maps/rooms/8room_041.map	512	512	59	372	402	409	442.777
49	maps/rooms/8room_041.map	512	512	379	94	308	158	196.681
109	maps/rooms/8room_041.map	512	512	50	299	358	114	439.191
88	maps/rooms/8room_041.map	512	512	405	471	197	452	353.794
91	maps/rooms/8room_041.map	512	512	238	282	486	118	366.191
109	maps/rooms/8room_041.map	512	512	51	436	262	188	439.09
109	maps/rooms/8room_041.map	512	512	169	135	362	442	439.061
44	maps/rooms/8room_041.map	512	512	386	283	299	200	176.853
65	maps/rooms/8room_041.map	512	512	109	84	216	265	263.823
95	maps/rooms/8room_041.map	512	512	153	472	442	327	382.676
59	maps/rooms/8room_041.map	512	512	202	271	40	362	239.61
109	maps/rooms/8room_041.map	512	512	116	458	353	200	439.132
97	maps/rooms/8room_041.map	512	512	366	207	82	344	389.492
89	maps/rooms/8room_041.map	512	512	295	469	428	235	356.279
108	maps/rooms/8room_041.map	512	512	59	59	262	363	435.777
49	maps/rooms/8room_041.map	512	512	504	366	356	334	196.953
27	maps/rooms/8room_041.map	512	512	213	493	226	429	110.154
37	maps/rooms/8room_041.map	512	512	249	452	378	461	150.125
76	maps/rooms/8room_041.map	512	512	55	402	260	280	306.078
50	maps/rooms/8room_041.map	512	512	376	397	237	410	201.782
27	maps/rooms/8room_041.map	512	512	488	69	473	170	109.213
77	maps/rooms/8room_041.map	512	512	363	8	300	203	308.208
103	maps/rooms/8room_041.map	512	512	42	470	366	444	413.505
88	maps/rooms/8room_041.map	512	512	319	260	90	92	355.149
64	maps/rooms/8room_041.map	512	512	118	453	278	428	259.451
70	maps/rooms/8room_041.map	512	512	218	98	27	20	282.581
11	maps/rooms/8room_041.map	512	512	307	362	332	397	47.6985
99	maps/rooms/8room_041.map	512	512	307	121	70	306	398.635
31	maps/rooms/8room_041.map	512	512	104	229	169	318	127.64
98	maps/rooms/8room_041.map	512	512	62	141	370	180	395.25
24	maps/rooms/8room_041.map	512	512	111	98	148	84	99.3848
93	maps/rooms/8room_041.map	512	512	5	34	295	122	372.652
108	maps/rooms/8room_041.map	512	512	71	403	355	197	435.647
50	maps/rooms/8room_041.map	512	512	346	445	195	434	202.267
107	maps/rooms/8room_041.map	512	512	295	91	60	287	428.806
88	maps/rooms/8room_041.map	512	512	158	95	367	3	352.078
30	maps/rooms/8room_041.map	512	512	263	205	181	252	123.87
108	maps/rooms/8room_041.map	512	512	51	185	396	156	435.463
72	maps/rooms/8room_041.map	512	512	72	195	290	163	288.894
108	maps/rooms/8room_041.map	512	512	182	78	43	342	435.149
108	maps/rooms/8room_041.map	512	512	213	462	300	142	434.605
58	maps/rooms/8room_041.map	512	512	139	20	44	175	232.953
97	maps/rooms/8room_041.map	512	512	251	479	501	312	388.078
60	maps/rooms/8room_041.map	512	512	216	119	76	140	241.368
104	maps/rooms/8room_041.map	512	512	37	319	359	196	418.12
67	maps/rooms/8room_041.map	512	512	86	279	292	260	270.439
40	maps/rooms/8room_041.map	512	512	204	381	279	415	162.296
57	maps/rooms/8room_041.map	512	512	263	452	230	311	229.48
107	maps/rooms/8room_041.map	512	512	13	232	354	246	431.492
107	maps/rooms/8room_041.map	512	512	12	46	68	376	431.706
88	maps/rooms/8room_041.map	512	512	47	388	290	323	354.593
24	maps/rooms/8room_041.map	512	512	143	62	143	141	97.1838
107	maps/rooms/8room_041.map	512	512	131	245	444	87	431.149
17	maps/rooms/8room_041.map	512	512	252	243	191	247	69.3848
90	maps/rooms/8room_041.map	512	512	259	179	374	438	360.35
107	maps/rooms/8room_041.map	512	512	312	59	91	321	428.321
107	maps/rooms/8room_041.map	512	512	143	495	58	157	431.978
107	maps/rooms/8room_041.map	512	512	98	441	80	100	431.25
95	maps/rooms/8room_041.map	512	512	174	218	383	462	382.061
88	maps/rooms/8room_041.map	512	512	219	147	438	46	355.706
94	maps/rooms/8room_041.map	512	512	226	307	232	25	378.936
107	maps/rooms/8room_041.map	512	512	55	441	342	415	431.534
83	maps/rooms/8room_041.map	512	512	296	222	72	175	335.894
32	maps/rooms/8room_041.map	512	512	487	445	429	379	131.054
98	maps/rooms/8room_041.map	512	512	124	252	383	454	394.806
101	maps/rooms/8room_041.map	512	512	312	264	501	491	405.664
68	maps/rooms/8room_041.map	512	512	155	121	363	126	274.581
56	maps/rooms/8room_041.map	512	512	322	206	444	326	227.924
85	maps/rooms/8room_041.map	512	512	279	291	93	450	343.149
10	maps/rooms/8room_041.map	512	512	174	258	164	238	40.0416
24	maps/rooms/8room_041.map	512	512	266	366	184	349	98.4975
70	maps/rooms/8room_041.map	512	512	309	427	438	239	283.794
35	maps/rooms/8room_041.map	512	512	309	190	334	295	140.426
100	maps/rooms/8room_041.map	512	512	248	342	4	134	401.362
107	maps/rooms/8room_041.map	512	512	367	157	59	327	431.362
45	maps/rooms/8room_041.map	512	512	109	249	134	136	183.882
105	maps/rooms/8room_041.map	512	512	195	311	459	86	421.576
39	maps/rooms/8room_041.map	512	512	402	466	498	471	158.497
107	maps/rooms/8room_041.map	512	512	473	412	167	248	431.563
40	maps/rooms/8room_041.map	512	512	268	223	134	205	162.284
74	maps/rooms/8room_041.map	512	512	472	331	300	165	298.936
64	maps/rooms/8room_041.map	512	512	398	490	423	348	258.622
76	maps/rooms/8room_041.map	512	512	402	197	312	28	307.978
106	maps/rooms/8room_041.map	512	512	44	475	165	162	427.664
63	maps/rooms/8room_041.map	512	512	388	277	348	487	253.782
98	maps/rooms/8room_041.map	512	512	34	325	342	219	395.907
106	maps/rooms/8room_041.map	512	512	319	459	180	174	427.747
106	maps/rooms/8room_041.map	512	512	133	426	423	306	427.605
95	maps/rooms/8room_041.map	512	512	28	373	131	138	383.137
106	maps/rooms/8room_041.map	512	512	328	474	42	269	427.291
105	maps/rooms/8room_041.map	512	512	178	391	349	115	423.534
33	maps/rooms/8room_041.map	512	512	460	103	472	211	135.012
38	maps/rooms/8room_041.map	512	512	76	170	13	189	155.255
105	maps/rooms/8room_041.map	512	512	234	434	474	190	423.647
67	maps/rooms/8room_041.map	512	512	89	262	24	71	270.066
105	maps/rooms/8room_041.map	512	512	452	234	124	158	423.747
105	maps/rooms/8room_041.map	512	512	110	489	99	138	423.664
104	maps/rooms/8room_041.map	512	512	36	107	371	217	419.877
25	maps/rooms/8room_041.map	512	512	175	251	158	173	100.698
104	maps/rooms/8room_041.map	512	512	460	148	150	98	419.179
103	maps/rooms/8room_041.map	512	512	319	288	194	14	415.291
103	maps/rooms/8room_041.map	512	512	412	147	254	442	415.09
58	maps/rooms/8room_041.map	512	512	185	199	356	235	233.853
103	maps/rooms/8room_041.map	512	512	23	374	217	117	415.836
85	maps/rooms/8room_041.map	512	512	240	315	339	58	343.037
93	maps/rooms/8room_041.map	512	512	343	75	438	334	372.877
62	maps/rooms/8room_041.map	512	512	438	34	484	194	251.882
96	maps/rooms/8room_041.map	512	512	126	382	345	179	385.179
97	maps/rooms/8room_041.map	512	512	144	274	472	301	391.492
31	maps/rooms/8room_041.map	512	512	143	447	138	495	124.012
103	maps/rooms/8room_041.map	512	512	346	63	295	407	415.25
81	maps/rooms/8room_041.map	512	512	254	207	251	424	325.48
46	maps/rooms/8room_041.map	512	512	418	85	422	170	184.681
103	maps/rooms/8room_041.map	512	512	91	239	368	383	415.392
103	maps/rooms/8room_041.map	512	512	219	474	492	272	415.032
62	maps/rooms/8room_041.map	512	512	264	191	170	16	251.309
84	maps/rooms/8room_041.map	512	512	31	251	246	108	337.723
68	maps/rooms/8room_041.map	512	512	475	168	439	390	273.48
103	maps/rooms/8room_041.map	512	512	424	447	253	150	414.777
30	maps/rooms/8room_041.map	512	512	167	446	263	484	121.255
64	maps/rooms/8room_041.map	512	512	344	165	276	11	259.095
100	maps/rooms/8room_041.map	512	512	226	189	239	479	400.764
92	maps/rooms/8room_041.map	512	512	458	338	150	424	371.22
76	maps/rooms/8room_041.map	512	512	279	407	133	443	305.421
102	maps/rooms/8room_041.map	512	512	404	438	103	274	411.534
102	maps/rooms/8room_041.map	512	512	493	184	265	437	411.919
43	maps/rooms/8room_041.map	512	512	47	130	153	134	174.024
102	maps/rooms/8room_041.map	512	512	221	79	483	268	411.375
97	maps/rooms/8room_041.map	512	512	473	382	471	41	391.451
44	maps/rooms/8room_041.map	512	512	194	150	309	181	178.468
102	maps/rooms/8room_041.map	512	512	394	58	65	150	411.25
25	maps/rooms/8room_041.map	512	512	235	233	269	317	102.426
101	maps/rooms/8room_041.map	512	512	104	6	377	150	406.848
101	maps/rooms/8room_041.map	512	512	152	135	16	439	407.037
101	maps/rooms/8room_041.map	512	512	124	488	312	252	407.161
23	maps/rooms/8room_041.map	512	512	215	235	198	313	93.5269
82	maps/rooms/8room_041.map	512	512	456	73	234	0	329.25
101	maps/rooms/8room_041.map	512	512	190	471	152	210	407.007
37	maps/rooms/8room_041.map	512	512	392	294	470	258	150.569
90	maps/rooms/8room_041.map	512	512	101	14	379	87	362.037
44	maps/rooms/8room_041.map	512	512	147	455	172	374	179.054
100	maps/rooms/8room_041.map	512	512	237	414	133	95	403.309
52	maps/rooms/8room_041.map	512	512	46	184	93	326	210.296
100	maps/rooms/8room_041.map	512	512	303	446	469	205	403.735
81	maps/rooms/8room_041.map	512	512	274	370	451	242	324.865
99	maps/rooms/8room_041.map	512	512	358	235	69	168	396.693
100	maps/rooms/8room_041.map	512	512	102	334	384	164	403.848
62	maps/rooms/8room_041.map	512	512	90	87	219	241	248.581
47	maps/rooms/8room_041.map	512	512	453	435	308	469	190.882
79	maps/rooms/8room_041.map	512	512	396	261	316	61	318.309
100	maps/rooms/8room_041.map	512	512	47	375	134	66	403.764
99	maps/rooms/8room_041.map	512	512	202	28	157	321	399.764
97	maps/rooms/8room_041.map	512	512	28	144	134	447	389.25
99	maps/rooms/8room_041.map	512	512	116	194	381	389	399.321
97	maps/rooms/8room_041.map	512	512	349	73	403	369	391.421
54	maps/rooms/8room_041.map	512	512	203	299	358	206	216.066
97	maps/rooms/8room_041.map	512	512	509	210	226	84	391.291
97	maps/rooms/8room_041.map	512	512	230	341	484	201	391.806
64	maps/rooms/8room_041.map	512	512	29	253	163	393	259.581
93	maps/rooms/8room_041.map	512	512	270	122	44	276	375.48
96	maps/rooms/8room_041.map	512	512	278	442	430	163	387.676
96	maps/rooms/8room_041.map	512	512	503	254	204	332	387.25
67	maps/rooms/8room_041.map	512	512	274	86	390	264	269.823
75	maps/rooms/8room_041.map	512	512	282	220	58	342	303.622
95	maps/rooms/8room_041.map	512	512	414	403	330	108	383.593
95	maps/rooms/8room_041.map	512	512	8	37	157	317	383.978
95	maps/rooms/8room_041.map	512	512	507	465	218	339	383.35
64	maps/rooms/8room_041.map	512	512	220	200	330	63	257.995
71	maps/rooms/8room_041.map	512	512	248	51	8	98	285.853
95	maps/rooms/8room_041.map	512	512	31	23	212	245	383.777
40	maps/rooms/8room_041.map	512	512	335	87	218	123	160.539
68	maps/rooms/8room_041.map	512	512	356	138	266	322	274.309
95	maps/rooms/8room_041.map	512	512	375	10	405	287	383.735
94	maps/rooms/8room_041.map	512	512	136	178	243	460	378.664
55	maps/rooms/8room_041.map	512	512	316	242	440	263	221.894
35	maps/rooms/8room_041.map	512	512	419	373	505	298	143.953
48	maps/rooms/8room_041.map	512	512	280	143	222	171	193.782
94	maps/rooms/8room_041.map	512	512	110	436	339	235	379.848
94	maps/rooms/8room_041.map	512	512	152	457	42	261	379.321
94	maps/rooms/8room_041.map	512	512	471	236	182	177	379.948
94	maps/rooms/8room_041.map	512	512	350	111	150	328	379.007
56	maps/rooms/8room_041.map	512	512	267	100	235	271	227.368
87	maps/rooms/8room_041.map	512	512	433	335	440	63	349.208
93	maps/rooms/8room_041.map	512	512	414	160	124	271	375.777
73	maps/rooms/8room_041.map	512	512	55	180	162	387	293.966
93	maps/rooms/8room_041.map	512	512	41	504	314	394	374.948
37	maps/rooms/8room_041.map	512	512	444	50	383	135	149.598
93	maps/rooms/8room_041.map	512	512	121	102	413	13	375.492
92	maps/rooms/8room_041.map	512	512	479	264	188	242	371.149
92	maps/rooms/8room_041.map	512	512	307	12	130	254	371.593
92	maps/rooms/8room_041.map	512	512	297	2	13	109	370.907
73	maps/rooms/8room_041.map	512	512	330	240	100	156	295.966
44	maps/rooms/8room_041.map	512	512	149	386	12	437	177.681
60	maps/rooms/8room_041.map	512	512	19	68	186	185	243.238
54	maps/rooms/8room_041.map	512	512	375	20	283	109	219.652
60	maps/rooms/8room_041.map	512	512	406	381	414	179	241.539
42	maps/rooms/8room_041.map	512	512	342	243	279	119	171.711
72	maps/rooms/8room_041.map	512	512	395	418	364	205	290.409
91	maps/rooms/8room_041.map	512	512	153	79	379	252	367.777
31	maps/rooms/8room_041.map	512	512	154	73	69	85	127.711
91	maps/rooms/8room_041.map	512	512	114	349	216	75	366.735
85	maps/rooms/8room_041.map	512	512	90	212	323	63	341.279
91	maps/rooms/8room_041.map	512	512	221	66	174	357	367.664
91	maps/rooms/8room_041.map	512	512	508	111	326	312	367.392
91	maps/rooms/8room_041.map	512	512	18	142	265	307	367.806
90	maps/rooms/8room_041.map	512	512	366	454	309	160	363.007
49	maps/rooms/8room_041.map	512	512	438	280	434	142	198.711
37	maps/rooms/8room_041.map	512	512	442	67	428	182	150.598
67	maps/rooms/8room_041.map	512	512	251	366	242	153	270.267
51	maps/rooms/8room_041.map	512	512	43	263	124	134	206.811
24	maps/rooms/8room_041.map	512	512	138	312	121	387	99.6985
90	maps/rooms/8room_041.map	512	512	58	505	254	284	363.534
88	maps/rooms/8room_041.map	512	512	319	338	133	105	355.735
72	maps/rooms/8room_041.map	512	512	177	444	31	410	290.25
80	maps/rooms/8room_041.map	512	512	237	493	24	418	320.836
87	maps/rooms/8room_041.map	512	512	359	492	349	218	351.907
87	maps/rooms/8room_041.map	512	512	156	69	318	276	351.735
23	maps/rooms/8room_041.map	512	512	103	217	49	191	93.2548
87	maps/rooms/8room_041.map	512	512	435	503	236	333	351.836
50	maps/rooms/8room_041.map	512	512	25	462	86	329	201.48
87	maps/rooms/8room_041.map	512	512	468	453	473	195	351.149
36	maps/rooms/8room_041.map	512	512	390	276	386	404	146.284
87	maps/rooms/8room_041.map	512	512	419	73	174	183	351.007
41	maps/rooms/8room_041.map	512	512	315	374	459	342	167.054
21	maps/rooms/8room_041.map	512	512	251	475	198	440	84.4264
67	maps/rooms/8room_041.map	512	512	437	313	491	123	268.167
86	maps/rooms/8room_041.map	512	512	45	255	333	239	346.794
32	maps/rooms/8room_041.map	512	512	104	316	3	307	128.426
40	maps/rooms/8room_041.map	512	512	183	203	118	80	161.64
86	maps/rooms/8room_041.map	512	512	69	498	256	284	347.291
52	maps/rooms/8room_041.map	512	512	262	252	406	184	211.238
86	maps/rooms/8room_041.map	512	512	333	3	152	218	347.179
86	maps/rooms/8room_041.map	512	512	139	454	53	226	347.664
64	maps/rooms/8room_041.map	512	512	180	36	13	148	257.853
82	maps/rooms/8room_041.map	512	512	90	280	153	404	329.593
67	maps/rooms/8room_041.map	512	512	141	295	259	488	269.309
64	maps/rooms/8room_041.map	512	512	296	197	157	43	259.451
31	maps/rooms/8room_041.map	512	512	120	386	222	367	126.64
85	maps/rooms/8room_041.map	512	512	397	295	230	78	342.877
85	maps/rooms/8room_041.map	512	512	211	182	459	311	343.978
6	maps/rooms/8room_041.map	512	512	12	110	30	96	24.9706
82	maps/rooms/8room_041.map	512	512	2	403	255	442	331.522
82	maps/rooms/8room_041.map	512	512	345	5	268	267	331.208
71	maps/rooms/8room_041.map	512	512	502	162	347	92	287.652
81	maps/rooms/8room_041.map	512	512	78	467	335	415	327.936
81	maps/rooms/8room_041.map	512	512	479	221	218	246	327.179
81	maps/rooms/8room_041.map	512	512	237	498	318	281	327.764
80	maps/rooms/8room_041.map	512	512	430	255	188	179	323.907
18	maps/rooms/8room_041.map	512	512	450	54	506	20	75.9411
79	maps/rooms/8room_041.map	512	512	407	507	258	360	319.622
79	maps/rooms/8room_041.map	512	512	202	67	201	321	319.066
52	maps/rooms/8room_041.map	512	512	461	203	303	191	209.924
79	maps/rooms/8room_041.map	512	512	7	250	247	353	319.936
78	maps/rooms/8room_041.map	512	512	102	286	363	383	315.38
78	maps/rooms/8room_041.map	512	512	395	83	388	307	315.551
23	maps/rooms/8room_041.map	512	512	147	356	139	396	95.2548
75	maps/rooms/8room_041.map	512	512	443	63	311	259	302.693
74	maps/rooms/8room_041.map	512	512	207	348	451	423	299.167
71	maps/rooms/8room_041.map	512	512	399	373	153	341	287.723
62	maps/rooms/8room_041.map	512	512	493	106	406	293	251.196
74	maps/rooms/8room_041.map	512	512	204	411	283	223	298.723
74	maps/rooms/8room_041.map	512	512	132	246	297	75	298.894
74	maps/rooms/8room_041.map	512	512	479	110	249	183	299.836
40	maps/rooms/8room_041.map	512	512	255	179	199	299	160.225
42	maps/rooms/8room_041.map	512	512	454	135	383	106	168.711
41	maps/rooms/8room_041.map	512	512	180	298	63	245	164.083
73	maps/rooms/8room_041.map	512	512	207	183	375	339	292.894
73	maps/rooms/8room_041.map	512	512	380	325	274	124	295.451
61	maps/rooms/8room_041.map	512	512	158	467	364	471	246.853
73	maps/rooms/8room_041.map	512	512	3	354	238	349	295.037
71	maps/rooms/8room_041.map	512	512	35	379	252	314	287.095
71	maps/rooms/8room_041.map	512	512	146	156	382	164	287.037
71	maps/rooms/8room_041.map	512	512	70	109	205	309	287.794
70	maps/rooms/8room_041.map	512	512	283	270	423	431	283.894
70	maps/rooms/8room_041.map	512	512	331	294	485	422	283.095
70	maps/rooms/8room_041.map	512	512	510	52	418	271	283.368
70	maps/rooms/8room_041.map	512	512	166	469	146	277	283.581
39	maps/rooms/8room_041.map	512	512	340	347	253	297	159.569
33	maps/rooms/8room_041.map	512	512	10	85	114	68	135.184
56	maps/rooms/8room_041.map	512	512	165	173	227	13	226.409
69	maps/rooms/8room_041.map	512	512	334	258	92	267	279.409
69	maps/rooms/8room_041.map	512	512	110	45	215	258	279.48
27	maps/rooms/8room_041.map	512	512	234	506	198	440	108.083
45	maps/rooms/8room_041.map	512	512	138	396	7	371	181.539
69	maps/rooms/8room_041.map	512	512	28	265	240	349	279.037
69	maps/rooms/8room_041.map	512	512	510	255	317	244	279.037
69	maps/rooms/8room_041.map	512	512	280	387	109	242	278.794
69	maps/rooms/8room_041.map	512	512	200	61	159	262	279.38
68	maps/rooms/8room_041.map	512	512	19	466	231	445	275.208
68	maps/rooms/8room_041.map	512	512	312	197	79	202	275.439
68	maps/rooms/8room_041.map	512	512	309	378	152	212	275.208
67	maps/rooms/8room_041.map	512	512	483	300	288	186	271.108
49	maps/rooms/8room_041.map	512	512	330	219	183	214	196.368
61	maps/rooms/8room_041.map	512	512	419	227	303	375	246.652
61	maps/rooms/8room_041.map	512	512	222	91	345	242	247.137
43	maps/rooms/8room_041.map	512	512	420	350	435	484	175.711
61	maps/rooms/8room_041.map	512	512	198	411	248	242	247.51
61	maps/rooms/8room_041.map	512	512	456	505	313	374	247.581
61	maps/rooms/8room_041.map	512	512	135	293	344	302	246.953
61	maps/rooms/8room_041.map	512	512	173	20	327	122	247.823
61	maps/rooms/8room_041.map	512	512	159	389	185	191	247.581
13	maps/rooms/8room_041.map	512	512	108	448	119	406	53.0416
61	maps/rooms/8room_041.map	512	512	111	389	287	460	247.51
60	maps/rooms/8room_041.map	512	512	503	268	315	315	243.167
60	maps/rooms/8room_041.map	512	512	342	13	284	202	243.024
43	maps/rooms/8room_041.map	512	512	435	344	372	466	172.64
59	maps/rooms/8room_041.map	512	512	35	106	133	261	239.167
15	maps/rooms/8room_041.map	512	512	505	92	479	133	63.9706
59	maps/rooms/8room_041.map	512	512	105	6	175	192	239.095
53	maps/rooms/8room_041.map	512	512	502	204	507	318	214.924
59	maps/rooms/8room_041.map	512	512	410	291	360	110	238.823
59	maps/rooms/8room_041.map	512	512	187	232	339	125	239.995
59	maps/rooms/8room_041.map	512	512	119	389	214	218	239.095
58	maps/rooms/8room_041.map	512	512	181	485	168	341	235.024
58	maps/rooms/8room_041.map	512	512	290	483	398	341	235.095
58	maps/rooms/8room_041.map	512	512	251	204	372	329	235.681
55	maps/rooms/8room_041.map	512	512	205	396	61	359	222.681
58	maps/rooms/8room_041.map	512	512	53	296	227	213	235.368
58	maps/rooms/8room_041.map	512	512	409	480	463	327	235.51
45	maps/rooms/8room_041.map	512	512	243	101	114	53	182.255
56	maps/rooms/8room_041.map	512	512	68	6	154	183	227.853
56	maps/rooms/8room_041.map	512	512	67	374	232	345	227.581
26	maps/rooms/8room_041.map	512	512	294	66	214	110	107.255
30	maps/rooms/8room_041.map	512	512	122	436	59	467	122.569
56	maps/rooms/8room_041.map	512	512	44	274	9	126	227.267
56	maps/rooms/8room_041.map	512	512	455	166	326	121	227.338
46	maps/rooms/8room_041.map	512	512	215	171	143	52	185.167
56	maps/rooms/8room_041.map	512	512	28	240	182	342	227.238
55	maps/rooms/8room_041.map	512	512	55	110	255	98	223.983
55	maps/rooms/8room_041.map	512	512	411	215	284	207	223.652
55	maps/rooms/8room_041.map	512	512	300	203	444	112	223.652
55	maps/rooms/8room_041.map	512	512	31	439	151	485	222.953
11	maps/rooms/8room_041.map	512	512	57	47	52	88	47.5563
54	maps/rooms/8room_041.map	512	512	22	360	132	266	219.095
54	maps/rooms/8room_041.map	512	512	318	274	173	172	219.066
54	maps/rooms/8room_041.map	512	512	498	508	386	423	219.225
53	maps/rooms/8room_041.map	512	512	209	392	378	360	215.024
53	maps/rooms/8room_041.map	512	512	223	389	54	393	214.823
53	maps/rooms/8room_041.map	512	512	178	324	185	457	213.882
53	maps/rooms/8room_041.map	512	512	317	14	367	140	215.581
53	maps/rooms/8room_041.map	512	512	237	439	318	302	215.238
50	maps/rooms/8room_041.map	512	512	146	135	297	181	200.539
51	maps/rooms/8room_041.map	512	512	55	67	229	106	207.569
51	maps/rooms/8room_041.map	512	512	45	144	151	288	207.823
51	maps/rooms/8room_041.map	512	512	479	74	360	169	206.894
20	maps/rooms/8room_041.map	512	512	214	266	274	278	80.669
51	maps/rooms/8room_041.map	512	512	454	364	350	245	207.167
51	maps/rooms/8room_041.map	512	512	510	403	341	380	207.64
51	maps/rooms/8room_041.map	512	512	344	328	463	212	207.61
12	maps/rooms/8room_041.map	512	512	487	158	470	164	51.1421
51	maps/rooms/8room_041.map	512	512	128	442	222	314	207.238
48	maps/rooms/8room_041.map	512	512	21	183	155	98	195.811
48	maps/rooms/8room_041.map	512	512	46	495	186	455	195.782
48	maps/rooms/8room_041.map	512	512	488	117	418	263	195.154
48	maps/rooms/8room_041.map	512	512	356	76	309	185	195.054
48	maps/rooms/8room_041.map	512	512	178	179	279	82	195.338
47	maps/rooms/8room_041.map	512	512	386	140	243	184	191.125
47	maps/rooms/8room_041.map	512	512	313	73	312	211	191.569
47	maps/rooms/8room_041.map	512	512	170	420	325	385	191.924
18	maps/rooms/8room_041.map	512	512	362	132	310	148	74.6274
47	maps/rooms/8room_041.map	512	512	226	425	303	318	191.681
36	maps/rooms/8room_041.map	512	512	250	344	184	397	147.912
47	maps/rooms/8room_041.map	512	512	492	198	350	246	191.681
47	maps/rooms/8room_041.map	512	512	300	489	378	360	191.267
46	maps/rooms/8room_041.map	512	512	511	397	486	261	187.267
46	maps/rooms/8room_041.map	512	512	311	339	307	187	187.054
46	maps/rooms/8room_041.map	512	512	189	174	122	316	187.368
46	maps/rooms/8room_041.map	512	512	127	134	236	107	187.296
46	maps/rooms/8room_041.map	512	512	366	2	299	73	186.752
45	maps/rooms/8room_041.map	512	512	70	155	162	229	183.054
44	maps/rooms/8room_041.map	512	512	37	294	134	202	179.468
44	maps/rooms/8room_041.map	512	512	479	287	390	328	179.539
44	maps/rooms/8room_041.map	512	512	384	63	399	168	179.095
44	maps/rooms/8room_041.map	512	512	506	205	388	289	179.154
44	maps/rooms/8room_041.map	512	512	283	508	151	506	179.338
43	maps/rooms/8room_041.map	512	512	69	134	127	265	175.024
43	maps/rooms/8room_041.map	512	512	163	222	84	314	175.953
43	maps/rooms/8room_041.map	512	512	322	186	389	304	175.468
43	maps/rooms/8room_041.map	512	512	426	199	361	333	175.125
42	maps/rooms/8room_041.map	512	512	173	435	170	354	171.882
42	maps/rooms/8room_041.map	512	512	39	299	163	247	171.054
42	maps/rooms/8room_041.map	512	512	184	412	139	274	170.983
42	maps/rooms/8room_041.map	512	512	226	268	245	378	170.64
41	maps/rooms/8room_041.map	512	512	460	118	422	82	167.539
15	maps/rooms/8room_041.map	512	512	156	283	197	269	60.2132
41	maps/rooms/8room_041.map	512	512	88	93	236	106	167.527
41	maps/rooms/8room_041.map	512	512	362	498	308	374	167.397
41	maps/rooms/8room_041.map	512	512	438	484	427	355	167.539
41	maps/rooms/8room_041.map	512	512	134	127	247	188	167.64
41	maps/rooms/8room_041.map	512	512	466	15	473	161	167.669
41	maps/rooms/8room_041.map	512	512	307	389	241	290	167.024
8	maps/rooms/8room_041.map	512	512	170	226	142	238	32.9706
39	maps/rooms/8room_041.map	512	512	348	147	287	62	157.154
40	maps/rooms/8room_041.map	512	512	413	226	346	344	163.125
40	maps/rooms/8room_041.map	512	512	310	508	221	414	163.267
39	maps/rooms/8room_041.map	512	512	377	328	244	287	159.983
39	maps/rooms/8room_041.map	512	512	387	485	465	422	159.024
39	maps/rooms/8room_041.map	512	512	474	441	395	335	159.811
38	maps/rooms/8room_041.map	512	512	364	354	421	267	155.054
38	maps/rooms/8room_041.map	512	512	110	363	164	241	155.74
38	maps/rooms/8room_041.map	512	512	510	276	396	259	155.125
37	maps/rooms/8room_041.map	512	512	148	311	221	414	150.811
37	maps/rooms/8room_041.map	512	512	145	101	275	109	151.012
37	maps/rooms/8room_041.map	512	512	492	452	413	422	151.77
36	maps/rooms/8room_041.map	512	512	470	249	362	243	147.882
36	maps/rooms/8room_041.map	512	512	124	488	213	458	147.569
36	maps/rooms/8room_041.map	512	512	131	195	258	188	147.497
36	maps/rooms/8room_041.map	512	512	229	188	352	163	147.983
36	maps/rooms/8room_041.map	512	512	299	111	258	192	147.397
29	maps/rooms/8room_041.map	512	512	372	408	293	413	116.426
36	maps/rooms/8room_041.map	512	512	410	425	295	370	147.154
35	maps/rooms/8room_041.map	512	512	125	5	221	72	143.326
35	maps/rooms/8room_041.map	512	512	53	309	174	342	143.64
34	maps/rooms/8room_041.map	512	512	364	488	251	453	139.841
34	maps/rooms/8room_041.map	512	512	331	146	225	188	139.882
34	maps/rooms/8room_041.map	512	512	133	338	255	360	139.74
34	maps/rooms/8room_041.map	512	512	255	282	171	363	139.811
34	maps/rooms/8room_041.map	512	512	127	170	248	183	139.255
33	maps/rooms/8room_041.map	512	512	135	418	47	377	135.711
33	maps/rooms/8room_041.map	512	512	369	98	270	103	135.983
33	maps/rooms/8room_041.map	512	512	156	66	246	118	135.397
33	maps/rooms/8room_041.map	512	512	175	280	114	185	135.64
32	maps/rooms/8room_041.map	512	512	15	274	106	274	131.468
32	maps/rooms/8room_041.map	512	512	191	87	263	159	131.74
31	maps/rooms/8room_041.map	512	512	252	370	343	377	126.77
29	maps/rooms/8room_041.map	512	512	84	492	181	494	119.426
31	maps/rooms/8room_041.map	512	512	77	206	155	266	127.154
30	maps/rooms/8room_041.map	512	512	226	168	259	242	123.426
30	maps/rooms/8room_041.map	512	512	509	428	406	395	123.841
30	maps/rooms/8room_041.map	512	512	332	151	249	105	123.426
30	maps/rooms/8room_041.map	512	512	202	483	277	427	123.468
30	maps/rooms/8room_041.map	512	512	507	483	453	423	123.841
29	maps/rooms/8room_041.map	512	512	173	110	129	185	119.326
16	maps/rooms/8room_041.map	512	512	150	122	202	140	67.2132
29	maps/rooms/8room_041.map	512	512	408	249	473	174	119.74
29	maps/rooms/8room_041.map	512	512	200	169	104	207	119.355
15	maps/rooms/8room_041.map	512	512	187	292	214	314	63.669
29	maps/rooms/8room_041.map	512	512	310	60	243	135	119.154
29	maps/rooms/8room_041.map	512	512	473	404	420	375	119.598
29	maps/rooms/8room_041.map	512	512	371	436	398	342	119.326
28	maps/rooms/8room_041.map	512	512	154	130	226	188	115.598
28	maps/rooms/8room_041.map	512	512	268	30	219	115	115.983
26	maps/rooms/8room_041.map	512	512	374	398	345	334	106.456
28	maps/rooms/8room_041.map	512	512	4	338	95	311	115.012
28	maps/rooms/8room_041.map	512	512	164	342	262	314	115.113
28	maps/rooms/8room_041.map	512	512	266	462	325	383	115.983
28	maps/rooms/8room_041.map	512	512	106	52	149	144	115.083
27	maps/rooms/8room_041.map	512	512	190	488	255	475	111.397
27	maps/rooms/8room_041.map	512	512	362	75	366	104	110.941
27	maps/rooms/8room_041.map	512	512	468	391	394	341	111.74
27	maps/rooms/8room_041.map	512	512	485	26	430	81	111.012
27	maps/rooms/8room_041.map	512	512	105	181	199	182	111.669
27	maps/rooms/8room_041.map	512	512	314	221	308	125	111.456
26	maps/rooms/8room_041.map	512	512	374	233	299	186	107.012
26	maps/rooms/8room_041.map	512	512	130	332	159	253	107.355
26	maps/rooms/8room_041.map	512	512	395	47	358	109	107.284
26	maps/rooms/8room_041.map	512	512	140	250	149	158	107.042
26	maps/rooms/8room_041.map	512	512	329	495	254	441	106.74
26	maps/rooms/8room_041.map	512	512	376	188	294	186	107.841
25	maps/rooms/8room_041.map	512	512	166	462	107	500	103.326
25	maps/rooms/8room_041.map	512	512	463	411	368	423	103.142
25	maps/rooms/8room_041.map	512	512	71	151	138	100	103.355
25	maps/rooms/8room_041.map	512	512	76	314	173	307	103.213
25	maps/rooms/8room_041.map	512	512	440	460	388	389	103.569
24	maps/rooms/8room_041.map	512	512	508	263	460	334	99.0833
24	maps/rooms/8room_041.map	512	512	36	54	119	82	99.2843
24	maps/rooms/8room_041.map	512	512	62	315	140	341	99.3553
18	maps/rooms/8room_041.map	512	512	167	346	167	386	74.2843
24	maps/rooms/8room_041.map	512	512	232	235	273	307	99.7696
24	maps/rooms/8room_041.map	512	512	244	297	259	221	99.3848
23	maps/rooms/8room_041.map	512	512	52	27	112	75	95.9411
23	maps/rooms/8room_041.map	512	512	83	162	111	204	95.8406
23	maps/rooms/8room_041.map	512	512	100	150	169	155	95.0122
22	maps/rooms/8room_041.map	512	512	476	456	410	419	91.5269
22	maps/rooms/8room_041.map	512	512	189	76	250	100	91.5685
22	maps/rooms/8room_041.map	512	512	236	25	267	86	91.1127
22	maps/rooms/8room_041.map	512	512	11	9	31	84	91.9117
22	maps/rooms/8room_041.map	512	512	269	266	331	240	91.0122
22	maps/rooms/8room_041.map	512	512	150	351	91	320	91.598
22	maps/rooms/8room_041.map	512	512	51	303	113	274	91.0416
21	maps/rooms/8room_041.map	512	512	124	385	156	319	87.598
21	maps/rooms/8room_041.map	512	512	264	87	207	127	87.1838
21	maps/rooms/8room_041.map	512	512	406	229	367	243	87.669
21	maps/rooms/8room_041.map	512	512	210	38	238	103	87.8701
4	maps/rooms/8room_041.map	512	512	331	451	318	463	19.1421
21	maps/rooms/8room_041.map	512	512	99	235	102	291	87.1838
21	maps/rooms/8room_041.map	512	512	26	370	38	441	86.9411
21	maps/rooms/8room_041.map	512	512	422	487	421	430	86.7696
20	maps/rooms/8room_041.map	512	512	425	232	396	171	83.0122
20	maps/rooms/8room_041.map	512	512	189	105	218	133	82.598
20	maps/rooms/8room_041.map	512	512	490	370	422	367	82.8406
20	maps/rooms/8room_041.map	512	512	443	283	422	220	83.799
20	maps/rooms/8room_041.map	512	512	343	304	269	309	83.6274
19	maps/rooms/8room_041.map	512	512	354	187	308	172	79.8701
19	maps/rooms/8room_041.map	512	512	46	252	86	203	79.8701
19	maps/rooms/8room_041.map	512	512	429	246	444	306	79.1838
19	maps/rooms/8room_041.map	512	512	146	334	159	264	79.5269
19	maps/rooms/8room_041.map	512	512	388	311	324	321	79.3553
19	maps/rooms/8room_041.map	512	512	371	252	316	219	79.3553
19	maps/rooms/8room_041.map	512	512	428	3	404	65	79.6985
9	maps/rooms/8room_041.map	512	512	312	170	331	190	36.2132
19	maps/rooms/8room_041.map	512	512	347	155	294	184	79.0122
19	maps/rooms/8room_041.map	512	512	511	120	481	60	79.4558
18	maps/rooms/8room_041.map	512	512	356	31	330	82	74.6985
18	maps/rooms/8room_041.map	512	512	294	50	275	116	75.0416
18	maps/rooms/8room_041.map	512	512	217	149	171	174	75.8701
18	maps/rooms/8room_041.map	512	512	139	266	180	307	75.2132
18	maps/rooms/8room_041.map	512	512	90	284	141	309	75.4558
17	maps/rooms/8room_041.map	512	512	104	470	117	411	71.6985
17	maps/rooms/8room_041.map	512	512	471	201	489	260	70.9411
17	maps/rooms/8room_041.map	512	512	446	450	400	408	71.598
17	maps/rooms/8room_041.map	512	512	454	332	403	360	71.2843
17	maps/rooms/8room_041.map	512	512	352	267	316	247	71.6985
17	maps/rooms/8room_041.map	512	512	311	323	318	269	71.1421
17	maps/rooms/8room_041.map	512	512	226	479	265	449	71.9706
17	maps/rooms/8room_041.map	512	512	117	199	165	233	71.6985
16	maps/rooms/8room_041.map	512	512	41	51	97	71	67.799
16	maps/rooms/8room_041.map	512	512	462	164	474	194	67.5563
16	maps/rooms/8room_041.map	512	512	415	484	440	445	66.6274
16	maps/rooms/8room_041.map	512	512	229	10	264	53	66.8701
16	maps/rooms/8room_041.map	512	512	498	331	466	314	67.8701
16	maps/rooms/8room_041.map	512	512	295	439	259	442	67.5269
16	maps/rooms/8room_041.map	512	512	405	77	350	52	67.9411
16	maps/rooms/8room_041.map	512	512	489	142	468	184	67.2843
15	maps/rooms/8room_041.map	512	512	36	170	15	136	63.8701
15	maps/rooms/8room_041.map	512	512	282	244	318	272	63.9411
15	maps/rooms/8room_041.map	512	512	488	279	446	299	62.8701
15	maps/rooms/8room_041.map	512	512	331	378	314	334	63.8701
15	maps/rooms/8room_041.map	512	512	277	196	310	158	62.799
15	maps/rooms/8room_041.map	512	512	277	42	276	96	63.0416
15	maps/rooms/8room_041.map	512	512	169	2	195	42	63.3137
14	maps/rooms/8room_041.map	512	512	89	300	126	268	59.0416
14	maps/rooms/8room_041.map	512	512	7	83	59	91	59.5563
14	maps/rooms/8room_041.map	512	512	69	220	93	266	59.4558
14	maps/rooms/8room_041.map	512	512	13	148	19	105	59.6274
14	maps/rooms/8room_041.map	512	512	398	73	372	100	59.1421
14	maps/rooms/8room_041.map	512	512	397	388	342	381	59.0711
14	maps/rooms/8room_041.map	512	512	375	52	348	81	59.799
14	maps/rooms/8room_041.map	512	512	238	211	259	249	59.2426
14	maps/rooms/8room_041.map	512	512	504	500	499	448	59.0416
14	maps/rooms/8room_041.map	512	512	431	26	462	29	58.6274
13	maps/rooms/8room_041.map	512	512	303	295	318	292	55.6985
10	maps/rooms/8room_041.map	512	512	422	340	395	351	43.2132
13	maps/rooms/8room_041.map	512	512	211	28	229	70	55.4558
13	maps/rooms/8room_041.map	512	512	331	140	309	183	55.6274
13	maps/rooms/8room_041.map	512	512	356	109	402	92	55.0416
13	maps/rooms/8room_041.map	512	512	414	78	375	100	55.1421
13	maps/rooms/8room_041.map	512	512	121	392	165	370	55.4558
13	maps/rooms/8room_041.map	512	512	478	244	505	282	55.2843
13	maps/rooms/8room_041.map	512	512	468	15	418	7	55.6569
12	maps/rooms/8room_041.map	512	512	326	316	359	332	51.0416
12	maps/rooms/8room_041.map	512	512	360	357	361	333	51.1421
12	maps/rooms/8room_041.map	512	512	426	237	424	191	50.9706
12	maps/rooms/8room_041.map	512	512	77	394	84	403	50.9706
12	maps/rooms/8room_041.map	512	512	7	63	39	92	51.6274
12	maps/rooms/8room_041.map	512	512	478	57	446	78	51.0416
12	maps/rooms/8room_041.map	512	512	134	207	162	229	50.9706
12	maps/rooms/8room_041.map	512	512	391	266	360	243	51.2132
11	maps/rooms/8room_041.map	512	512	361	264	333	239	47.0416
11	maps/rooms/8room_041.map	512	512	502	404	467	422	47.1421
11	maps/rooms/8room_041.map	512	512	271	55	265	99	47.3137
11	maps/rooms/8room_041.map	512	512	338	130	308	160	47.1127
11	maps/rooms/8room_041.map	512	512	74	310	117	309	47.5563
11	maps/rooms/8room_041.map	512	512	413	103	367	99	47.6569
11	maps/rooms/8room_041.map	512	512	348	37	348	79	47.799
11	maps/rooms/8room_041.map	512	512	135	345	176	343	47.6274
10	maps/rooms/8room_041.map	512	512	6	435	39	419	43.2843
10	maps/rooms/8room_041.map	512	512	279	226	246	213	42.8701
10	maps/rooms/8room_041.map	512	512	122	334	143	309	43.0711
10	maps/rooms/8room_041.map	512	512	467	170	466	206	43.3848
10	maps/rooms/8room_041.map	512	512	300	134	306	170	43.3137
10	maps/rooms/8room_041.map	512	512	146	277	154	317	43.3137
9	maps/rooms/8room_041.map	512	512	456	101	457	133	39.0416
9	maps/rooms/8room_041.map	512	512	52	434	43	415	39.3137
9	maps/rooms/8room_041.map	512	512	463	406	435	422	39.8995
9	maps/rooms/8room_041.map	512	512	252	196	226	217	39.9706
9	maps/rooms/8room_041.map	512	512	80	95	95	125	39.7279
9	maps/rooms/8room_041.map	512	512	205	247	198	283	39.7279
9	maps/rooms/8room_041.map	512	512	168	470	156	440	39.4558
9	maps/rooms/8room_041.map	512	512	375	194	354	194	39.0416
9	maps/rooms/8room_041.map	512	512	45	258	61	287	39.7279
8	maps/rooms/8room_041.map	512	512	409	387	401	358	35.2426
8	maps/rooms/8room_041.map	512	512	444	95	434	126	35.1421
8	maps/rooms/8room_041.map	512	512	53	493	79	474	35.6274
8	maps/rooms/8room_041.map	512	512	286	388	269	365	35.799
8	maps/rooms/8room_041.map	512	512	194	310	219	294	35.9706
8	maps/rooms/8room_041.map	512	512	62	18	89	32	35.7279
8	maps/rooms/8room_041.map	512	512	379	477	371	445	35.3137
8	maps/rooms/8room_041.map	512	512	187	104	159	104	35.0711
7	maps/rooms/8room_041.map	512	512	147	483	130	504	31.5563
7	maps/rooms/8room_041.map	512	512	205	211	201	241	31.6569
7	maps/rooms/8room_041.map	512	512	154	458	175	444	31.4853
7	maps/rooms/8room_041.map	512	512	344	489	357	467	31.4853
7	maps/rooms/8room_041.map	512	512	56	198	71	211	30.9706
7	maps/rooms/8room_041.map	512	512	284	29	284	52	31.7279
7	maps/rooms/8room_041.map	512	512	349	415	364	392	31.5563
7	maps/rooms/8room_041.map	512	512	314	463	329	444	31.0711
7	maps/rooms/8room_041.map	512	512	245	413	245	431	31.0711
7	maps/rooms/8room_041.map	512	512	379	429	361	444	31.2426
6	maps/rooms/8room_041.map	512	512	380	84	360	69	27.3848
6	maps/rooms/8room_041.map	512	512	397	297	383	316	27.7279
6	maps/rooms/8room_041.map	512	512	199	300	198	275	27.8995
6	maps/rooms/8room_041.map	512	512	379	217	353	221	27.6569
6	maps/rooms/8room_041.map	512	512	296	149	308	166	27.8284
6	maps/rooms/8room_041.map	512	512	206	402	189	402	27.1421
6	maps/rooms/8room_041.map	512	512	206	351	182	343	27.3137
6	maps/rooms/8room_041.map	512	512	20	152	45	151	27.0711
6	maps/rooms/8room_041.map	512	512	476	26	476	47	27.9706
5	maps/rooms/8room_041.map	512	512	197	263	200	285	23.2426
5	maps/rooms/8room_041.map	512	512	275	227	285	211	23.6569
5	maps/rooms/8room_041.map	512	512	221	342	202	335	23.0711
5	maps/rooms/8room_041.map	512	512	341	504	352	486	23.1421
5	maps/rooms/8room_041.map	512	512	274	182	294	182	23.3137
5	maps/rooms/8room_041.map	512	512	38	275	57	287	23.9706
5	maps/rooms/8room_041.map	512	512	78	409	92	413	23.5563
5	maps/rooms/8room_041.map	512	512	74	230	79	209	23.0711
5	maps/rooms/8room_041.map	512	512	364	466	362	449	23.2426
5	maps/rooms/8room_041.map	512	512	203	300	192	318	23.7279
4	maps/rooms/8room_041.map	512	512	267	223	258	235	19.2426
4	maps/rooms/8room_041.map	512	512	250	188	267	181	19.8995
4	maps/rooms/8room_041.map	512	512	82	469	99	471	18.6569
4	maps/rooms/8room_041.map	512	512	77	212	87	207	19.4853
4	maps/rooms/8room_041.map	512	512	123	270	140	265	19.0711
4	maps/rooms/8room_041.map	512	512	437	408	426	420	18.8995
4	maps/rooms/8room_041.map	512	512	296	55	313	61	19.4853
4	maps/rooms/8room_041.map	512	512	71	393	63	405	19.3137
4	maps/rooms/8room_041.map	512	512	460	293	445	298	18.7279
3	maps/rooms/8room_041.map	512	512	312	231	306	244	15.4853
3	maps/rooms/8room_041.map	512	512	158	414	166	425	15.4853
3	maps/rooms/8room_041.map	512	512	213	441	218	452	15.3137
3	maps/rooms/8room_041.map	512	512	451	54	450	69	15.4142
3	maps/rooms/8room_041.map	512	512	365	424	355	415	15.4853
3	maps/rooms/8room_041.map	512	512	440	23	427	18	15.0711
3	maps/rooms/8room_041.map	512	512	171	361	168	347	15.2426
3	maps/rooms/8room_041.map	512	512	152	351	165	345	15.4853
3	maps/rooms/8room_041.map	512	512	227	109	242	108	15.4142
3	maps/rooms/8room_041.map	512	512	282	251	268	255	15.6569
2	maps/rooms/8room_041.map	512	512	260	13	266	21	11.6569
2	maps/rooms/8room_041.map	512	512	414	245	421	239	11.2426
2	maps/rooms/8room_041.map	512	512	501	108	490	107	11.4142
2	maps/rooms/8room_041.map	512	512	114	310	125	309	11.4142
2	maps/rooms/8room_041.map	512	512	247	484	237	487	11.2426
2	maps/rooms/8room_041.map	512	512	395	94	387	99	11.2426
2	maps/rooms/8room_041.map	512	512	134	53	135	64	11.4142
2	maps/rooms/8room_041.map	512	512	206	195	204	206	11.8284
2	maps/rooms/8room_041.map	512	512	315	308	322	315	11.0711
2	maps/rooms/8room_041.map	512	512	373	138	364	143	11.0711
1	maps/rooms/8room_041.map	512	512	252	254	255	248	7.24264
1	maps/rooms/8room_041.map	512	512	25	431	30	426	7.07107
1	maps/rooms/8room_041.map	512	512	205	408	200	403	7.07107
1	maps/rooms/8room_041.map	512	512	1	140	3	146	6.82843
1	maps/rooms/8room_041.map	512	512	491	66	484	66	7
1	maps/rooms/8room_041.map	512	512	377	325	370	327	7.82843
1	maps/rooms/8room_041.map	512	512	412	399	414	392	7.82843
1	maps/rooms/8room_041.map	512	512	148	501	154	498	7.24264
1	maps/rooms/8room_041.map	512	512	314	357	315	364	7.41421
1	maps/rooms/8room_041.map	512	512	47	499	43	495	7.41421
0	maps/rooms/8room_041.map	512	512	109	388	111	391	3.82843
0	maps/rooms/8room_041.map	512	512	327	18	325	20	2.82843
0	maps/rooms/8room_041.map	512	512	67	77	70	79	3.82843
0	maps/rooms/8room_041.map	512	512	344	420	347	418	3.82843
0	maps/rooms/8room_041.map	512	512	85	459	88	459	3
0	maps/rooms/8room_041.map	512	512	402	91	402	88	3
0	maps/rooms/8room_041.map	512	512	271	206	273	204	3.41421
0	maps/rooms/8room_041.map	512	512	412	303	410	301	2.82843
0	maps/rooms/8room_041.map	512	512	124	281	124	278	3
0	maps/rooms/8room_041.map	512	512	73	107	75	109	2.82843
