version 1
118	maps/rooms/8room_038.map	512	512	424	42	76	155	475.475
36	maps/rooms/8room_038.map	512	512	22	95	98	181	144.326
51	maps/rooms/8room_038.map	512	512	120	253	180	372	206.154
54	maps/rooms/8room_038.map	512	512	428	324	300	248	218.953
85	maps/rooms/8room_038.map	512	512	200	242	243	15	343.279
81	maps/rooms/8room_038.map	512	512	386	383	127	423	326.865
36	maps/rooms/8room_038.map	512	512	461	250	374	197	145.882
72	maps/rooms/8room_038.map	512	512	404	316	399	478	291.794
103	maps/rooms/8room_038.map	512	512	105	43	62	367	415.492
76	maps/rooms/8room_038.map	512	512	155	343	33	149	307.037
60	maps/rooms/8room_038.map	512	512	77	329	249	320	242.095
69	maps/rooms/8room_038.map	512	512	36	357	173	492	277.38
127	maps/rooms/8room_038.map	512	512	299	474	304	86	511.09
75	maps/rooms/8room_038.map	512	512	372	29	175	157	303.853
121	maps/rooms/8room_038.map	512	512	470	47	73	103	487.635
70	maps/rooms/8room_038.map	512	512	76	258	70	492	281.966
61	maps/rooms/8room_038.map	512	512	248	159	443	90	247.723
49	maps/rooms/8room_038.map	512	512	149	461	214	351	199.167
127	maps/rooms/8room_038.map	512	512	7	88	334	373	511.487
50	maps/rooms/8room_038.map	512	512	74	428	43	274	201.066
55	maps/rooms/8room_038.map	512	512	291	183	296	328	222.752
119	maps/rooms/8room_038.map	512	512	220	12	419	299	476.233
69	maps/rooms/8room_038.map	512	512	293	266	210	434	278.338
71	maps/rooms/8room_038.map	512	512	339	287	143	329	284.51
81	maps/rooms/8room_038.map	512	512	247	476	402	309	325.907
11	maps/rooms/8room_038.map	512	512	451	117	488	118	45.2132
74	maps/rooms/8room_038.map	512	512	126	99	282	293	299.622
52	maps/rooms/8room_038.map	512	512	92	309	35	473	210.196
92	maps/rooms/8room_038.map	512	512	175	118	488	59	371.137
127	maps/rooms/8room_038.map	512	512	67	163	467	334	511.718
78	maps/rooms/8room_038.map	512	512	119	255	251	419	314.208
70	maps/rooms/8room_038.map	512	512	390	258	351	476	282.238
66	maps/rooms/8room_038.map	512	512	170	377	264	204	267.593
53	maps/rooms/8room_038.map	512	512	404	476	498	344	212.066
77	maps/rooms/8room_038.map	512	512	370	159	200	293	309.764
34	maps/rooms/8room_038.map	512	512	229	79	159	148	136.012
120	maps/rooms/8room_038.map	512	512	446	68	82	172	480.09
76	maps/rooms/8room_038.map	512	512	148	501	4	346	306.823
91	maps/rooms/8room_038.map	512	512	501	141	301	356	364.747
47	maps/rooms/8room_038.map	512	512	344	473	511	463	189.711
43	maps/rooms/8room_038.map	512	512	262	245	392	259	175.983
67	maps/rooms/8room_038.map	512	512	24	219	23	59	268.622
127	maps/rooms/8room_038.map	512	512	33	119	447	56	511.635
71	maps/rooms/8room_038.map	512	512	52	378	297	335	285.095
91	maps/rooms/8room_038.map	512	512	377	501	163	280	367.434
73	maps/rooms/8room_038.map	512	512	8	186	189	183	292.451
127	maps/rooms/8room_038.map	512	512	12	148	428	264	511.161
55	maps/rooms/8room_038.map	512	512	360	447	506	442	220.782
127	maps/rooms/8room_038.map	512	512	440	275	243	20	511.161
85	maps/rooms/8room_038.map	512	512	25	303	269	412	342.907
127	maps/rooms/8room_038.map	512	512	440	46	285	409	511.304
114	maps/rooms/8room_038.map	512	512	441	93	247	382	456.505
65	maps/rooms/8room_038.map	512	512	200	216	379	115	263.723
127	maps/rooms/8room_038.map	512	512	233	470	133	102	511.948
127	maps/rooms/8room_038.map	512	512	15	35	195	380	511.233
102	maps/rooms/8room_038.map	512	512	168	104	165	430	411.635
100	maps/rooms/8room_038.map	512	512	189	489	405	278	402.948
93	maps/rooms/8room_038.map	512	512	443	317	167	323	374.551
68	maps/rooms/8room_038.map	512	512	466	146	330	94	274.51
127	maps/rooms/8room_038.map	512	512	479	374	70	263	510.86
96	maps/rooms/8room_038.map	512	512	249	365	436	134	386.777
113	maps/rooms/8room_038.map	512	512	25	378	18	47	453.848
100	maps/rooms/8room_038.map	512	512	5	490	300	511	402.007
126	maps/rooms/8room_038.map	512	512	7	11	311	313	507.73
14	maps/rooms/8room_038.map	512	512	35	214	11	252	58.0416
119	maps/rooms/8room_038.map	512	512	398	173	26	314	476.747
65	maps/rooms/8room_038.map	512	512	279	184	468	260	262.037
78	maps/rooms/8room_038.map	512	512	451	374	254	267	312.451
126	maps/rooms/8room_038.map	512	512	450	348	58	388	506.919
35	maps/rooms/8room_038.map	512	512	166	245	250	331	143.054
104	maps/rooms/8room_038.map	512	512	370	249	71	382	419.806
62	maps/rooms/8room_038.map	512	512	466	148	446	347	248.966
71	maps/rooms/8room_038.map	512	512	203	157	19	227	284.208
67	maps/rooms/8room_038.map	512	512	426	319	377	466	268.451
89	maps/rooms/8room_038.map	512	512	444	136	204	302	359.907
120	maps/rooms/8room_038.map	512	512	123	437	408	182	481.203
119	maps/rooms/8room_038.map	512	512	386	229	124	502	477.032
88	maps/rooms/8room_038.map	512	512	418	501	216	301	354.049
126	maps/rooms/8room_038.map	512	512	50	103	431	208	507.362
126	maps/rooms/8room_038.map	512	512	491	457	76	492	506.978
48	maps/rooms/8room_038.map	512	512	59	313	150	315	194.681
60	maps/rooms/8room_038.map	512	512	216	62	354	119	240.196
115	maps/rooms/8room_038.map	512	512	98	387	419	495	462.421
96	maps/rooms/8room_038.map	512	512	450	382	143	437	384.894
125	maps/rooms/8room_038.map	512	512	478	254	94	222	501.848
22	maps/rooms/8room_038.map	512	512	155	92	86	116	89.4264
80	maps/rooms/8room_038.map	512	512	87	462	329	504	322.551
104	maps/rooms/8room_038.map	512	512	462	217	130	239	416.676
83	maps/rooms/8room_038.map	512	512	20	194	271	107	333.865
126	maps/rooms/8room_038.map	512	512	483	409	379	34	507.818
119	maps/rooms/8room_038.map	512	512	375	206	38	329	477.304
38	maps/rooms/8room_038.map	512	512	254	317	143	333	154.841
105	maps/rooms/8room_038.map	512	512	359	122	231	436	422.877
61	maps/rooms/8room_038.map	512	512	197	130	158	307	244.125
97	maps/rooms/8room_038.map	512	512	192	306	476	223	388.948
75	maps/rooms/8room_038.map	512	512	98	27	276	74	303.309
118	maps/rooms/8room_038.map	512	512	104	194	405	105	474.191
37	maps/rooms/8room_038.map	512	512	309	89	373	89	149.782
73	maps/rooms/8room_038.map	512	512	41	13	263	67	293.865
121	maps/rooms/8room_038.map	512	512	441	287	178	472	484.534
99	maps/rooms/8room_038.map	512	512	362	74	501	267	398.735
92	maps/rooms/8room_038.map	512	512	315	260	75	380	368.049
60	maps/rooms/8room_038.map	512	512	221	107	390	24	241.154
126	maps/rooms/8room_038.map	512	512	151	132	386	474	507.718
81	maps/rooms/8room_038.map	512	512	223	502	287	299	325.735
75	maps/rooms/8room_038.map	512	512	306	116	147	28	302.622
93	maps/rooms/8room_038.map	512	512	328	361	75	197	374.848
126	maps/rooms/8room_038.map	512	512	396	119	73	375	506.889
99	maps/rooms/8room_038.map	512	512	295	227	130	484	398.434
34	maps/rooms/8room_038.map	512	512	76	196	146	248	136.083
126	maps/rooms/8room_038.map	512	512	404	322	99	56	507.475
77	maps/rooms/8room_038.map	512	512	91	124	291	221	310.723
88	maps/rooms/8room_038.map	512	512	91	311	59	3	355.137
57	maps/rooms/8room_038.map	512	512	444	68	341	213	228.61
51	maps/rooms/8room_038.map	512	512	127	172	146	324	206.681
106	maps/rooms/8room_038.map	512	512	266	78	404	356	424.149
126	maps/rooms/8room_038.map	512	512	14	223	395	273	507.919
116	maps/rooms/8room_038.map	512	512	434	269	63	339	465.291
75	maps/rooms/8room_038.map	512	512	9	302	212	330	300.137
126	maps/rooms/8room_038.map	512	512	482	117	146	345	507.304
50	maps/rooms/8room_038.map	512	512	343	428	236	292	203.409
81	maps/rooms/8room_038.map	512	512	424	487	358	232	326.764
53	maps/rooms/8room_038.map	512	512	8	153	105	278	213.782
59	maps/rooms/8room_038.map	512	512	303	248	410	93	237.439
123	maps/rooms/8room_038.map	512	512	31	342	408	378	494.747
113	maps/rooms/8room_038.map	512	512	135	397	506	442	454.919
82	maps/rooms/8room_038.map	512	512	278	152	34	151	330.238
60	maps/rooms/8room_038.map	512	512	209	152	151	9	242.966
125	maps/rooms/8room_038.map	512	512	92	221	424	435	503.019
49	maps/rooms/8room_038.map	512	512	68	274	210	219	197.711
125	maps/rooms/8room_038.map	512	512	155	62	218	383	503.12
102	maps/rooms/8room_038.map	512	512	228	126	444	350	408.049
69	maps/rooms/8room_038.map	512	512	345	177	154	285	279.208
108	maps/rooms/8room_038.map	512	512	366	103	161	396	433.262
111	maps/rooms/8room_038.map	512	512	263	284	45	478	445.12
49	maps/rooms/8room_038.map	512	512	266	258	414	219	198.681
88	maps/rooms/8room_038.map	512	512	242	452	104	201	355.25
76	maps/rooms/8room_038.map	512	512	287	477	276	232	307.279
118	maps/rooms/8room_038.map	512	512	137	326	357	91	472.019
111	maps/rooms/8room_038.map	512	512	199	470	83	214	447.12
42	maps/rooms/8room_038.map	512	512	162	143	282	154	171.024
19	maps/rooms/8room_038.map	512	512	354	303	307	355	79.0833
112	maps/rooms/8room_038.map	512	512	45	363	399	295	451.321
125	maps/rooms/8room_038.map	512	512	319	245	22	454	503.345
48	maps/rooms/8room_038.map	512	512	242	163	114	72	192.782
125	maps/rooms/8room_038.map	512	512	388	463	423	79	503.09
63	maps/rooms/8room_038.map	512	512	421	356	478	223	253.622
125	maps/rooms/8room_038.map	512	512	126	509	58	92	503.191
125	maps/rooms/8room_038.map	512	512	178	474	342	110	503.404
123	maps/rooms/8room_038.map	512	512	436	498	484	100	495.304
30	maps/rooms/8room_038.map	512	512	451	318	430	246	122.497
94	maps/rooms/8room_038.map	512	512	134	446	322	243	378.362
87	maps/rooms/8room_038.map	512	512	198	474	169	259	350.836
100	maps/rooms/8room_038.map	512	512	124	349	440	411	402.007
97	maps/rooms/8room_038.map	512	512	144	113	405	286	391.806
47	maps/rooms/8room_038.map	512	512	168	441	252	307	189.882
42	maps/rooms/8room_038.map	512	512	152	149	205	255	168.983
125	maps/rooms/8room_038.map	512	512	40	39	410	203	503.546
109	maps/rooms/8room_038.map	512	512	114	175	255	510	436.576
92	maps/rooms/8room_038.map	512	512	361	70	474	282	370.664
89	maps/rooms/8room_038.map	512	512	47	287	313	338	358.664
23	maps/rooms/8room_038.map	512	512	232	50	170	22	95.4975
59	maps/rooms/8room_038.map	512	512	269	100	447	131	238.539
42	maps/rooms/8room_038.map	512	512	473	150	462	45	169.296
34	maps/rooms/8room_038.map	512	512	443	146	508	60	138.841
64	maps/rooms/8room_038.map	512	512	422	307	506	135	258.208
31	maps/rooms/8room_038.map	512	512	430	377	482	463	127.983
48	maps/rooms/8room_038.map	512	512	124	211	23	242	195.338
69	maps/rooms/8room_038.map	512	512	11	140	107	340	277.966
36	maps/rooms/8room_038.map	512	512	105	354	52	252	145.953
125	maps/rooms/8room_038.map	512	512	245	507	213	86	503.818
72	maps/rooms/8room_038.map	512	512	196	275	286	501	288.108
125	maps/rooms/8room_038.map	512	512	15	500	193	116	503.688
62	maps/rooms/8room_038.map	512	512	374	315	277	450	248.167
114	maps/rooms/8room_038.map	512	512	162	275	471	56	459.404
60	maps/rooms/8room_038.map	512	512	297	77	476	90	240.024
124	maps/rooms/8room_038.map	512	512	467	220	82	298	498.647
65	maps/rooms/8room_038.map	512	512	155	369	54	178	261.581
106	maps/rooms/8room_038.map	512	512	103	237	415	371	426.576
124	maps/rooms/8room_038.map	512	512	475	505	466	85	499.718
124	maps/rooms/8room_038.map	512	512	431	466	172	145	499.889
55	maps/rooms/8room_038.map	512	512	276	271	396	371	220.451
46	maps/rooms/8room_038.map	512	512	54	198	181	164	186.296
86	maps/rooms/8room_038.map	512	512	458	210	326	411	346.463
86	maps/rooms/8room_038.map	512	512	344	151	115	311	345.836
124	maps/rooms/8room_038.map	512	512	476	351	146	116	499.333
124	maps/rooms/8room_038.map	512	512	510	38	117	179	499.262
122	maps/rooms/8room_038.map	512	512	478	179	132	115	489.605
106	maps/rooms/8room_038.map	512	512	477	51	143	25	426.434
124	maps/rooms/8room_038.map	512	512	181	82	388	435	499.688
94	maps/rooms/8room_038.map	512	512	346	72	250	325	377.108
104	maps/rooms/8room_038.map	512	512	355	135	34	158	416.007
68	maps/rooms/8room_038.map	512	512	121	334	274	293	274.066
120	maps/rooms/8room_038.map	512	512	277	151	396	503	480.948
124	maps/rooms/8room_038.map	512	512	461	504	251	172	499.103
31	maps/rooms/8room_038.map	512	512	402	90	324	143	124.497
124	maps/rooms/8room_038.map	512	512	155	3	330	330	498.86
83	maps/rooms/8room_038.map	512	512	247	108	146	362	334.522
27	maps/rooms/8room_038.map	512	512	383	261	325	199	109.841
97	maps/rooms/8room_038.map	512	512	23	509	262	317	389.149
103	maps/rooms/8room_038.map	512	512	2	367	342	411	415.948
103	maps/rooms/8room_038.map	512	512	414	44	491	348	415.676
45	maps/rooms/8room_038.map	512	512	175	462	42	406	181.225
87	maps/rooms/8room_038.map	512	512	286	429	469	222	348.877
111	maps/rooms/8room_038.map	512	512	380	204	131	2	444.161
124	maps/rooms/8room_038.map	512	512	499	325	158	449	499.392
61	maps/rooms/8room_038.map	512	512	20	156	181	277	247.439
124	maps/rooms/8room_038.map	512	512	23	57	279	324	498.688
66	maps/rooms/8room_038.map	512	512	307	451	109	490	264.782
81	maps/rooms/8room_038.map	512	512	279	37	421	206	325.693
55	maps/rooms/8room_038.map	512	512	226	350	383	442	221.51
89	maps/rooms/8room_038.map	512	512	339	388	287	126	359.179
56	maps/rooms/8room_038.map	512	512	380	488	485	351	226.208
123	maps/rooms/8room_038.map	512	512	218	39	153	442	495.463
43	maps/rooms/8room_038.map	512	512	383	300	326	236	174.983
51	maps/rooms/8room_038.map	512	512	110	136	227	36	206.439
70	maps/rooms/8room_038.map	512	512	328	383	391	155	282.865
123	maps/rooms/8room_038.map	512	512	454	47	68	181	495.019
123	maps/rooms/8room_038.map	512	512	5	404	411	373	495.919
57	maps/rooms/8room_038.map	512	512	207	334	217	477	230.924
123	maps/rooms/8room_038.map	512	512	210	475	421	149	495.617
78	maps/rooms/8room_038.map	512	512	106	372	199	148	313.451
13	maps/rooms/8room_038.map	512	512	216	94	189	119	52.2843
120	maps/rooms/8room_038.map	512	512	402	95	236	427	483.99
37	maps/rooms/8room_038.map	512	512	109	122	188	33	150.326
123	maps/rooms/8room_038.map	512	512	454	474	204	179	494.789
72	maps/rooms/8room_038.map	512	512	397	259	279	472	290.279
61	maps/rooms/8room_038.map	512	512	201	312	387	349	247.024
42	maps/rooms/8room_038.map	512	512	472	332	371	234	168.539
84	maps/rooms/8room_038.map	512	512	195	471	75	350	338.664
87	maps/rooms/8room_038.map	512	512	299	386	342	121	351.907
96	maps/rooms/8room_038.map	512	512	171	277	422	93	384.463
102	maps/rooms/8room_038.map	512	512	397	274	62	258	411.392
80	maps/rooms/8room_038.map	512	512	148	78	110	325	323.108
70	maps/rooms/8room_038.map	512	512	299	290	492	164	281.794
52	maps/rooms/8room_038.map	512	512	356	259	374	412	210.439
70	maps/rooms/8room_038.map	512	512	69	47	94	252	283.296
106	maps/rooms/8room_038.map	512	512	291	371	46	118	427.605
59	maps/rooms/8room_038.map	512	512	345	31	270	141	238.581
120	maps/rooms/8room_038.map	512	512	365	173	127	467	483.203
42	maps/rooms/8room_038.map	512	512	419	86	476	153	170.711
21	maps/rooms/8room_038.map	512	512	200	114	265	136	87.3259
103	maps/rooms/8room_038.map	512	512	99	486	398	344	413.534
123	maps/rooms/8room_038.map	512	512	222	67	9	418	494.86
13	maps/rooms/8room_038.map	512	512	27	263	18	307	53.1421
123	maps/rooms/8room_038.map	512	512	482	426	425	27	495.889
10	maps/rooms/8room_038.map	512	512	390	118	421	135	42.1421
88	maps/rooms/8room_038.map	512	512	101	392	260	190	354.664
123	maps/rooms/8room_038.map	512	512	306	3	394	386	495.818
122	maps/rooms/8room_038.map	512	512	390	42	287	407	491.99
70	maps/rooms/8room_038.map	512	512	10	371	211	292	282.551
96	maps/rooms/8room_038.map	512	512	391	30	371	300	384.007
101	maps/rooms/8room_038.map	512	512	417	418	76	418	407.007
122	maps/rooms/8room_038.map	512	512	406	45	234	372	490.848
52	maps/rooms/8room_038.map	512	512	307	90	238	219	210.368
106	maps/rooms/8room_038.map	512	512	9	356	364	440	424.019
81	maps/rooms/8room_038.map	512	512	308	271	66	203	324.492
86	maps/rooms/8room_038.map	512	512	44	116	179	328	344.622
113	maps/rooms/8room_038.map	512	512	313	121	28	339	452.321
14	maps/rooms/8room_038.map	512	512	134	362	174	377	56.2132
122	maps/rooms/8room_038.map	512	512	155	511	195	98	491.191
122	maps/rooms/8room_038.map	512	512	434	226	103	456	490.789
63	maps/rooms/8room_038.map	512	512	458	358	252	391	255.61
107	maps/rooms/8room_038.map	512	512	38	348	340	228	430.25
122	maps/rooms/8room_038.map	512	512	144	7	367	279	491.96
58	maps/rooms/8room_038.map	512	512	310	188	121	205	235.782
98	maps/rooms/8room_038.map	512	512	301	109	12	38	393.747
119	maps/rooms/8room_038.map	512	512	319	438	290	93	479.161
58	maps/rooms/8room_038.map	512	512	61	30	194	155	234.208
57	maps/rooms/8room_038.map	512	512	410	374	264	280	228.794
48	maps/rooms/8room_038.map	512	512	228	207	351	120	192.853
43	maps/rooms/8room_038.map	512	512	387	323	462	216	173.539
122	maps/rooms/8room_038.map	512	512	195	31	363	365	491.103
72	maps/rooms/8room_038.map	512	512	212	305	20	438	289.451
83	maps/rooms/8room_038.map	512	512	262	301	21	153	335.35
49	maps/rooms/8room_038.map	512	512	361	187	223	154	197.267
70	maps/rooms/8room_038.map	512	512	266	121	413	300	283.865
107	maps/rooms/8room_038.map	512	512	152	180	422	412	430.434
113	maps/rooms/8room_038.map	512	512	339	127	262	478	453.747
112	maps/rooms/8room_038.map	512	512	188	366	217	14	450.22
62	maps/rooms/8room_038.map	512	512	324	219	467	134	248.167
92	maps/rooms/8room_038.map	512	512	125	171	411	42	369.007
69	maps/rooms/8room_038.map	512	512	180	136	78	329	277.108
122	maps/rooms/8room_038.map	512	512	222	484	61	165	491.304
24	maps/rooms/8room_038.map	512	512	167	285	205	345	99.1127
105	maps/rooms/8room_038.map	512	512	103	50	437	71	421.836
63	maps/rooms/8room_038.map	512	512	366	38	174	95	254.054
109	maps/rooms/8room_038.map	512	512	117	21	458	79	437.534
47	maps/rooms/8room_038.map	512	512	420	232	499	342	188.882
72	maps/rooms/8room_038.map	512	512	262	495	397	322	289.806
115	maps/rooms/8room_038.map	512	512	441	109	247	420	463.718
84	maps/rooms/8room_038.map	512	512	169	319	6	105	338.037
76	maps/rooms/8room_038.map	512	512	325	302	504	446	304.279
122	maps/rooms/8room_038.map	512	512	438	69	414	440	491.777
122	maps/rooms/8room_038.map	512	512	424	478	175	158	491.233
59	maps/rooms/8room_038.map	512	512	197	339	86	239	236.095
81	maps/rooms/8room_038.map	512	512	87	335	92	103	326.037
30	maps/rooms/8room_038.map	512	512	412	267	478	309	121.841
34	maps/rooms/8room_038.map	512	512	269	141	324	199	136.154
106	maps/rooms/8room_038.map	512	512	313	269	57	41	426.617
91	maps/rooms/8room_038.map	512	512	230	136	8	190	366.492
70	maps/rooms/8room_038.map	512	512	387	269	183	308	282.823
72	maps/rooms/8room_038.map	512	512	271	137	501	155	289.137
67	maps/rooms/8room_038.map	512	512	460	476	271	502	269.451
107	maps/rooms/8room_038.map	512	512	141	409	13	121	430.978
75	maps/rooms/8room_038.map	512	512	164	225	347	74	301.48
84	maps/rooms/8room_038.map	512	512	451	362	279	216	337.38
62	maps/rooms/8room_038.map	512	512	260	151	324	295	249.723
48	maps/rooms/8room_038.map	512	512	309	219	261	153	195.782
38	maps/rooms/8room_038.map	512	512	374	163	248	219	155.054
88	maps/rooms/8room_038.map	512	512	340	458	231	186	355.149
108	maps/rooms/8room_038.map	512	512	367	287	87	501	435.505
62	maps/rooms/8room_038.map	512	512	197	297	390	281	249.51
121	maps/rooms/8room_038.map	512	512	310	479	218	89	487.99
116	maps/rooms/8room_038.map	512	512	397	84	446	438	465.534
113	maps/rooms/8room_038.map	512	512	399	116	87	237	454.22
95	maps/rooms/8room_038.map	512	512	389	31	171	219	382.208
43	maps/rooms/8room_038.map	512	512	136	375	271	386	173.782
61	maps/rooms/8room_038.map	512	512	159	375	182	169	246.782
25	maps/rooms/8room_038.map	512	512	132	290	73	340	103.77
113	maps/rooms/8room_038.map	512	512	19	413	335	270	455.919
121	maps/rooms/8room_038.map	512	512	102	487	196	99	487.404
81	maps/rooms/8room_038.map	512	512	134	296	383	263	325.38
109	maps/rooms/8room_038.map	512	512	246	415	443	124	439.304
121	maps/rooms/8room_038.map	512	512	171	344	426	43	486.818
92	maps/rooms/8room_038.map	512	512	249	188	27	67	370.806
120	maps/rooms/8room_038.map	512	512	218	54	472	290	483.362
121	maps/rooms/8room_038.map	512	512	461	58	173	347	486.789
121	maps/rooms/8room_038.map	512	512	332	7	73	299	487.96
112	maps/rooms/8room_038.map	512	512	429	276	238	26	450.362
63	maps/rooms/8room_038.map	512	512	355	263	332	90	252.267
36	maps/rooms/8room_038.map	512	512	443	309	428	391	147.125
22	maps/rooms/8room_038.map	512	512	260	264	243	295	91.0122
121	maps/rooms/8room_038.map	512	512	492	462	207	182	487.475
121	maps/rooms/8room_038.map	512	512	307	509	72	178	487.161
66	maps/rooms/8room_038.map	512	512	349	396	199	239	267.492
111	maps/rooms/8room_038.map	512	512	55	240	310	410	447.233
121	maps/rooms/8room_038.map	512	512	415	494	183	158	487.304
97	maps/rooms/8room_038.map	512	512	125	26	412	63	389.362
84	maps/rooms/8room_038.map	512	512	119	104	359	214	337.865
57	maps/rooms/8room_038.map	512	512	458	178	298	183	228.38
77	maps/rooms/8room_038.map	512	512	232	21	84	163	311.764
22	maps/rooms/8room_038.map	512	512	450	187	387	184	91.4558
57	maps/rooms/8room_038.map	512	512	125	275	283	296	228.681
85	maps/rooms/8room_038.map	512	512	290	174	250	451	342.522
66	maps/rooms/8room_038.map	512	512	84	233	172	71	267.38
107	maps/rooms/8room_038.map	512	512	303	242	18	439	431.605
120	maps/rooms/8room_038.map	512	512	466	52	84	181	483.777
65	maps/rooms/8room_038.map	512	512	268	423	178	238	260.38
54	maps/rooms/8room_038.map	512	512	232	307	285	151	218.539
62	maps/rooms/8room_038.map	512	512	15	174	174	297	251.196
20	maps/rooms/8room_038.map	512	512	99	361	125	290	82.9411
55	maps/rooms/8room_038.map	512	512	282	103	143	200	220.51
37	maps/rooms/8room_038.map	512	512	120	413	111	490	150.811
14	maps/rooms/8room_038.map	512	512	489	159	493	205	59.1127
93	maps/rooms/8room_038.map	512	512	132	367	95	78	375.966
63	maps/rooms/8room_038.map	512	512	420	262	236	181	252.137
120	maps/rooms/8room_038.map	512	512	78	476	335	168	483.86
120	maps/rooms/8room_038.map	512	512	379	492	172	146	483.09
32	maps/rooms/8room_038.map	512	512	427	93	328	138	128.326
59	maps/rooms/8room_038.map	512	512	409	63	438	213	238.64
68	maps/rooms/8room_038.map	512	512	107	396	300	334	275.125
30	maps/rooms/8room_038.map	512	512	470	60	394	116	121.154
92	maps/rooms/8room_038.map	512	512	226	52	285	307	371.22
112	maps/rooms/8room_038.map	512	512	158	457	421	197	449.233
48	maps/rooms/8room_038.map	512	512	174	493	120	358	195.953
61	maps/rooms/8room_038.map	512	512	326	134	142	119	246.48
33	maps/rooms/8room_038.map	512	512	349	317	234	342	135.497
75	maps/rooms/8room_038.map	512	512	399	318	168	236	300.137
110	maps/rooms/8room_038.map	512	512	149	442	418	218	441.233
73	maps/rooms/8room_038.map	512	512	493	296	355	478	292.593
71	maps/rooms/8room_038.map	512	512	61	148	244	297	284.551
120	maps/rooms/8room_038.map	512	512	253	340	484	50	483.233
41	maps/rooms/8room_038.map	512	512	110	70	245	110	165.468
105	maps/rooms/8room_038.map	512	512	506	248	173	319	420.149
45	maps/rooms/8room_038.map	512	512	69	21	6	164	182.853
92	maps/rooms/8room_038.map	512	512	234	498	410	312	369.706
35	maps/rooms/8room_038.map	512	512	404	427	306	415	143.539
100	maps/rooms/8room_038.map	512	512	38	211	315	45	401.534
79	maps/rooms/8room_038.map	512	512	213	243	219	478	318.037
67	maps/rooms/8room_038.map	512	512	297	324	335	154	269.38
92	maps/rooms/8room_038.map	512	512	199	272	484	222	371.593
119	maps/rooms/8room_038.map	512	512	158	53	237	380	479.078
52	maps/rooms/8room_038.map	512	512	396	181	390	77	208.811
78	maps/rooms/8room_038.map	512	512	276	296	90	372	313.522
119	maps/rooms/8room_038.map	512	512	429	338	123	110	479.019
119	maps/rooms/8room_038.map	512	512	328	407	341	85	478.99
119	maps/rooms/8room_038.map	512	512	326	125	54	404	479.576
63	maps/rooms/8room_038.map	512	512	271	83	122	234	254.894
80	maps/rooms/8room_038.map	512	512	269	41	405	195	322.108
63	maps/rooms/8room_038.map	512	512	507	357	347	330	254.137
73	maps/rooms/8room_038.map	512	512	239	131	479	60	295.693
45	maps/rooms/8room_038.map	512	512	248	476	333	342	180.338
113	maps/rooms/8room_038.map	512	512	143	388	190	45	454.434
47	maps/rooms/8room_038.map	512	512	403	11	408	173	190.255
116	maps/rooms/8room_038.map	512	512	175	328	456	117	466.676
39	maps/rooms/8room_038.map	512	512	426	340	303	334	157.468
108	maps/rooms/8room_038.map	512	512	487	279	212	88	432.877
81	maps/rooms/8room_038.map	512	512	57	166	191	392	327.622
74	maps/rooms/8room_038.map	512	512	327	250	441	459	299.794
119	maps/rooms/8room_038.map	512	512	494	57	402	428	479.818
57	maps/rooms/8room_038.map	512	512	181	28	348	75	231.581
118	maps/rooms/8room_038.map	512	512	458	46	437	418	475.718
43	maps/rooms/8room_038.map	512	512	15	186	23	154	175.539
118	maps/rooms/8room_038.map	512	512	511	347	185	139	474.919
85	maps/rooms/8room_038.map	512	512	92	459	254	227	343.907
79	maps/rooms/8room_038.map	512	512	340	286	94	193	319.007
46	maps/rooms/8room_038.map	512	512	302	22	434	76	186.024
64	maps/rooms/8room_038.map	512	512	116	122	62	251	256.865
118	maps/rooms/8room_038.map	512	512	459	424	98	428	475.877
118	maps/rooms/8room_038.map	512	512	74	13	438	132	475.291
78	maps/rooms/8room_038.map	512	512	285	468	175	239	314.279
56	maps/rooms/8room_038.map	512	512	366	327	489	353	226.681
50	maps/rooms/8room_038.map	512	512	238	232	358	234	202.409
114	maps/rooms/8room_038.map	512	512	306	182	495	491	458.233
110	maps/rooms/8room_038.map	512	512	373	440	60	483	442.978
77	maps/rooms/8room_038.map	512	512	469	44	350	238	311.794
114	maps/rooms/8room_038.map	512	512	281	190	41	469	459.777
94	maps/rooms/8room_038.map	512	512	163	109	467	91	378.208
50	maps/rooms/8room_038.map	512	512	194	220	244	376	200.125
113	maps/rooms/8room_038.map	512	512	127	90	90	457	452.191
68	maps/rooms/8room_038.map	512	512	108	137	311	167	273.894
99	maps/rooms/8room_038.map	512	512	159	244	451	376	399.848
118	maps/rooms/8room_038.map	512	512	54	55	305	351	475.676
118	maps/rooms/8room_038.map	512	512	322	498	421	154	475.718
72	maps/rooms/8room_038.map	512	512	197	266	151	68	288.309
12	maps/rooms/8room_038.map	512	512	238	420	217	453	50.2843
54	maps/rooms/8room_038.map	512	512	181	174	72	82	217.368
26	maps/rooms/8room_038.map	512	512	78	60	47	139	104.184
118	maps/rooms/8room_038.map	512	512	223	108	462	354	475.132
117	maps/rooms/8room_038.map	512	512	314	83	422	433	471.505
104	maps/rooms/8room_038.map	512	512	69	456	187	153	418.12
108	maps/rooms/8room_038.map	512	512	58	245	394	273	433.463
78	maps/rooms/8room_038.map	512	512	322	136	158	53	313.35
18	maps/rooms/8room_038.map	512	512	362	508	362	463	73.0416
85	maps/rooms/8room_038.map	512	512	116	119	371	226	342.35
24	maps/rooms/8room_038.map	512	512	446	89	467	133	97.2843
40	maps/rooms/8room_038.map	512	512	472	291	407	361	160.64
97	maps/rooms/8room_038.map	512	512	226	214	499	203	390.818
99	maps/rooms/8room_038.map	512	512	485	230	165	345	399.35
104	maps/rooms/8room_038.map	512	512	438	411	170	199	419.505
117	maps/rooms/8room_038.map	512	512	475	138	278	436	471.174
106	maps/rooms/8room_038.map	512	512	381	63	180	318	427.664
107	maps/rooms/8room_038.map	512	512	150	156	495	123	431.948
110	maps/rooms/8room_038.map	512	512	33	111	391	53	440.593
95	maps/rooms/8room_038.map	512	512	168	205	462	237	381.848
117	maps/rooms/8room_038.map	512	512	73	510	52	124	471.735
116	maps/rooms/8room_038.map	512	512	351	106	203	450	466.333
104	maps/rooms/8room_038.map	512	512	380	359	180	103	418.676
74	maps/rooms/8room_038.map	512	512	213	235	230	7	299.652
49	maps/rooms/8room_038.map	512	512	220	367	365	447	197.853
58	maps/rooms/8room_038.map	512	512	315	139	266	13	234.681
103	maps/rooms/8room_038.map	512	512	441	358	430	69	412.534
52	maps/rooms/8room_038.map	512	512	155	267	292	370	208.024
84	maps/rooms/8room_038.map	512	512	47	354	261	258	338.693
117	maps/rooms/8room_038.map	512	512	42	63	140	375	471.605
71	maps/rooms/8room_038.map	512	512	338	205	345	416	287.38
117	maps/rooms/8room_038.map	512	512	243	60	448	319	471.647
28	maps/rooms/8room_038.map	512	512	427	87	471	138	112.355
117	maps/rooms/8room_038.map	512	512	19	194	404	265	471.605
94	maps/rooms/8room_038.map	512	512	213	202	492	85	376.149
25	maps/rooms/8room_038.map	512	512	412	218	429	298	103.87
117	maps/rooms/8room_038.map	512	512	95	402	358	134	471.233
61	maps/rooms/8room_038.map	512	512	57	98	239	66	247.581
117	maps/rooms/8room_038.map	512	512	46	2	389	123	471.463
117	maps/rooms/8room_038.map	512	512	133	137	366	449	471.132
93	maps/rooms/8room_038.map	512	512	224	21	482	139	375.764
80	maps/rooms/8room_038.map	512	512	338	508	134	494	321.865
16	maps/rooms/8room_038.map	512	512	478	238	499	286	66.2132
117	maps/rooms/8room_038.map	512	512	132	181	486	348	471.676
116	maps/rooms/8room_038.map	512	512	452	252	76	299	467.877
50	maps/rooms/8room_038.map	512	512	276	310	419	386	203.51
17	maps/rooms/8room_038.map	512	512	421	234	395	280	71.9411
103	maps/rooms/8room_038.map	512	512	372	419	41	371	412.605
104	maps/rooms/8room_038.map	512	512	24	123	291	322	419.362
108	maps/rooms/8room_038.map	512	512	364	406	456	99	432.605
88	maps/rooms/8room_038.map	512	512	489	396	195	325	354.622
110	maps/rooms/8room_038.map	512	512	157	414	366	111	441.262
35	maps/rooms/8room_038.map	512	512	91	178	85	285	143.426
79	maps/rooms/8room_038.map	512	512	502	408	265	510	317.978
96	maps/rooms/8room_038.map	512	512	105	462	254	178	385.735
107	maps/rooms/8room_038.map	512	512	274	316	58	34	429.505
116	maps/rooms/8room_038.map	512	512	282	14	323	352	467.919
81	maps/rooms/8room_038.map	512	512	323	258	87	313	325.108
73	maps/rooms/8room_038.map	512	512	50	150	277	253	295.279
116	maps/rooms/8room_038.map	512	512	269	43	70	377	467.96
116	maps/rooms/8room_038.map	512	512	7	311	366	362	467.019
116	maps/rooms/8room_038.map	512	512	490	169	156	356	467.676
64	maps/rooms/8room_038.map	512	512	165	211	107	32	259.309
96	maps/rooms/8room_038.map	512	512	335	354	410	75	386.492
83	maps/rooms/8room_038.map	512	512	451	173	293	332	332.563
31	maps/rooms/8room_038.map	512	512	239	145	213	247	126.912
116	maps/rooms/8room_038.map	512	512	63	359	309	79	466.919
115	maps/rooms/8room_038.map	512	512	460	343	227	92	463.99
78	maps/rooms/8room_038.map	512	512	403	44	146	23	312.551
25	maps/rooms/8room_038.map	512	512	510	199	471	238	101.154
115	maps/rooms/8room_038.map	512	512	446	476	346	116	463.362
17	maps/rooms/8room_038.map	512	512	434	315	420	285	69.9411
99	maps/rooms/8room_038.map	512	512	167	27	366	221	396.12
115	maps/rooms/8room_038.map	512	512	406	147	195	425	463.375
115	maps/rooms/8room_038.map	512	512	36	355	338	162	463.233
105	maps/rooms/8room_038.map	512	512	130	423	496	456	420.865
115	maps/rooms/8room_038.map	512	512	10	489	55	108	463.421
28	maps/rooms/8room_038.map	512	512	471	86	397	120	112.912
88	maps/rooms/8room_038.map	512	512	154	453	421	329	355.108
101	maps/rooms/8room_038.map	512	512	196	63	329	260	405.505
72	maps/rooms/8room_038.map	512	512	268	317	247	85	289.066
104	maps/rooms/8room_038.map	512	512	378	131	251	422	416.534
106	maps/rooms/8room_038.map	512	512	14	444	215	149	424.434
101	maps/rooms/8room_038.map	512	512	182	388	395	174	404.161
35	maps/rooms/8room_038.map	512	512	394	169	488	131	141.598
5	maps/rooms/8room_038.map	512	512	323	134	332	147	20.2426
97	maps/rooms/8room_038.map	512	512	343	431	286	134	391.321
63	maps/rooms/8room_038.map	512	512	324	402	505	458	253.752
115	maps/rooms/8room_038.map	512	512	343	16	120	301	463.304
85	maps/rooms/8room_038.map	512	512	185	445	381	243	342.392
76	maps/rooms/8room_038.map	512	512	26	253	170	439	306.836
115	maps/rooms/8room_038.map	512	512	117	46	126	359	462.635
112	maps/rooms/8room_038.map	512	512	114	238	476	339	450.362
115	maps/rooms/8room_038.map	512	512	413	86	270	438	463.576
112	maps/rooms/8room_038.map	512	512	72	71	332	301	449.262
83	maps/rooms/8room_038.map	512	512	28	212	169	404	335.149
114	maps/rooms/8room_038.map	512	512	396	39	52	194	458.605
109	maps/rooms/8room_038.map	512	512	404	375	146	142	436.948
59	maps/rooms/8room_038.map	512	512	84	274	191	426	239.066
92	maps/rooms/8room_038.map	512	512	44	60	310	31	369.635
80	maps/rooms/8room_038.map	512	512	115	166	28	407	320.451
51	maps/rooms/8room_038.map	512	512	346	343	397	491	204.296
114	maps/rooms/8room_038.map	512	512	380	438	330	101	459.333
72	maps/rooms/8room_038.map	512	512	188	474	410	454	289.439
19	maps/rooms/8room_038.map	512	512	166	380	154	442	78.2843
78	maps/rooms/8room_038.map	512	512	409	350	202	215	312.208
114	maps/rooms/8room_038.map	512	512	210	41	267	406	459.747
114	maps/rooms/8room_038.map	512	512	172	412	18	94	459.161
88	maps/rooms/8room_038.map	512	512	332	378	223	126	353.392
114	maps/rooms/8room_038.map	512	512	293	18	161	357	459.534
53	maps/rooms/8room_038.map	512	512	323	170	472	76	213.752
92	maps/rooms/8room_038.map	512	512	69	219	308	56	368.978
114	maps/rooms/8room_038.map	512	512	498	482	216	225	459.718
113	maps/rooms/8room_038.map	512	512	493	64	303	379	454.99
113	maps/rooms/8room_038.map	512	512	244	386	162	43	455.735
112	maps/rooms/8room_038.map	512	512	500	8	178	190	451.706
52	maps/rooms/8room_038.map	512	512	5	237	158	216	211.095
6	maps/rooms/8room_038.map	512	512	473	446	484	445	27.3137
79	maps/rooms/8room_038.map	512	512	365	388	501	233	319.652
76	maps/rooms/8room_038.map	512	512	137	164	151	409	304.238
112	maps/rooms/8room_038.map	512	512	444	110	132	276	451.019
66	maps/rooms/8room_038.map	512	512	366	169	459	2	264.267
40	maps/rooms/8room_038.map	512	512	75	78	148	152	161.326
85	maps/rooms/8room_038.map	512	512	310	278	456	69	340.865
112	maps/rooms/8room_038.map	512	512	173	39	300	347	450.605
94	maps/rooms/8room_038.map	512	512	264	21	213	295	377.635
56	maps/rooms/8room_038.map	512	512	156	350	261	209	224.894
75	maps/rooms/8room_038.map	512	512	210	242	442	238	300.108
32	maps/rooms/8room_038.map	512	512	189	218	186	319	130.569
57	maps/rooms/8room_038.map	512	512	360	348	246	306	228.066
112	maps/rooms/8room_038.map	512	512	466	22	101	98	451.149
80	maps/rooms/8room_038.map	512	512	139	307	356	361	323.735
93	maps/rooms/8room_038.map	512	512	253	291	498	259	372.764
72	maps/rooms/8room_038.map	512	512	99	492	82	242	291.309
24	maps/rooms/8room_038.map	512	512	302	137	234	166	97.1838
96	maps/rooms/8room_038.map	512	512	296	421	299	142	386.049
67	maps/rooms/8room_038.map	512	512	356	143	170	248	271.066
111	maps/rooms/8room_038.map	512	512	431	398	211	123	447.132
80	maps/rooms/8room_038.map	512	512	137	147	393	221	323.522
22	maps/rooms/8room_038.map	512	512	267	166	217	165	90.6985
77	maps/rooms/8room_038.map	512	512	491	458	443	184	311.681
111	maps/rooms/8room_038.map	512	512	510	392	182	223	447.434
38	maps/rooms/8room_038.map	512	512	76	425	105	297	153.711
19	maps/rooms/8room_038.map	512	512	299	104	303	121	79.6274
94	maps/rooms/8room_038.map	512	512	159	426	254	131	377.421
111	maps/rooms/8room_038.map	512	512	364	220	120	458	447.304
91	maps/rooms/8room_038.map	512	512	9	297	246	447	366.22
79	maps/rooms/8room_038.map	512	512	231	195	93	14	318.664
88	maps/rooms/8room_038.map	512	512	133	239	424	173	354.907
31	maps/rooms/8room_038.map	512	512	157	316	92	392	124.841
22	maps/rooms/8room_038.map	512	512	373	126	442	148	91.0833
111	maps/rooms/8room_038.map	512	512	63	226	351	403	447.434
87	maps/rooms/8room_038.map	512	512	409	169	214	13	349.894
69	maps/rooms/8room_038.map	512	512	440	178	317	371	279.865
98	maps/rooms/8room_038.map	512	512	268	42	205	334	393.492
69	maps/rooms/8room_038.map	512	512	295	8	491	123	278.137
54	maps/rooms/8room_038.map	512	512	72	421	263	435	219.711
111	maps/rooms/8room_038.map	512	512	111	43	370	279	447.576
83	maps/rooms/8room_038.map	512	512	162	51	418	11	334.836
50	maps/rooms/8room_038.map	512	512	114	463	270	469	200.225
63	maps/rooms/8room_038.map	512	512	9	405	126	270	255.238
49	maps/rooms/8room_038.map	512	512	214	284	82	248	196.368
88	maps/rooms/8room_038.map	512	512	443	322	322	86	355.25
111	maps/rooms/8room_038.map	512	512	151	260	423	29	447.877
110	maps/rooms/8room_038.map	512	512	77	419	54	50	440.877
110	maps/rooms/8room_038.map	512	512	82	197	415	62	441.12
48	maps/rooms/8room_038.map	512	512	395	10	495	31	193.267
110	maps/rooms/8room_038.map	512	512	200	45	248	380	442.948
58	maps/rooms/8room_038.map	512	512	137	279	298	180	235.581
103	maps/rooms/8room_038.map	512	512	437	2	206	222	414.664
54	maps/rooms/8room_038.map	512	512	185	346	24	320	219.995
87	maps/rooms/8room_038.map	512	512	259	243	335	9	348.25
62	maps/rooms/8room_038.map	512	512	310	441	312	253	250.794
85	maps/rooms/8room_038.map	512	512	220	265	485	284	341.037
91	maps/rooms/8room_038.map	512	512	234	242	76	491	367.978
62	maps/rooms/8room_038.map	512	512	169	249	315	216	249.167
110	maps/rooms/8room_038.map	512	512	510	462	324	143	442.848
90	maps/rooms/8room_038.map	512	512	177	218	363	21	360.723
107	maps/rooms/8room_038.map	512	512	484	46	211	272	429.191
110	maps/rooms/8room_038.map	512	512	85	322	420	458	443.676
110	maps/rooms/8room_038.map	512	512	326	27	124	282	442.889
109	maps/rooms/8room_038.map	512	512	450	497	345	152	439.321
109	maps/rooms/8room_038.map	512	512	122	425	211	79	439.735
91	maps/rooms/8room_038.map	512	512	85	217	308	29	365.392
109	maps/rooms/8room_038.map	512	512	10	252	351	179	439.605
109	maps/rooms/8room_038.map	512	512	352	510	125	222	439.818
87	maps/rooms/8room_038.map	512	512	440	227	206	86	349.451
109	maps/rooms/8room_038.map	512	512	488	339	138	270	439.492
87	maps/rooms/8room_038.map	512	512	169	13	359	155	351.664
29	maps/rooms/8room_038.map	512	512	382	134	301	91	117.355
21	maps/rooms/8room_038.map	512	512	39	308	13	254	87.6985
51	maps/rooms/8room_038.map	512	512	324	387	169	382	207.338
42	maps/rooms/8room_038.map	512	512	57	404	27	259	169.569
31	maps/rooms/8room_038.map	512	512	27	19	108	92	125.882
109	maps/rooms/8room_038.map	512	512	491	56	488	428	439.149
44	maps/rooms/8room_038.map	512	512	164	403	262	339	179.782
108	maps/rooms/8room_038.map	512	512	105	343	373	120	435.676
91	maps/rooms/8room_038.map	512	512	166	121	259	387	365.735
64	maps/rooms/8room_038.map	512	512	207	415	296	254	256.61
48	maps/rooms/8room_038.map	512	512	130	445	242	338	192.296
75	maps/rooms/8room_038.map	512	512	424	42	204	155	302.865
70	maps/rooms/8room_038.map	512	512	420	239	470	443	280.652
105	maps/rooms/8room_038.map	512	512	163	172	482	268	422.262
32	maps/rooms/8room_038.map	512	512	262	157	330	185	131.154
108	maps/rooms/8room_038.map	512	512	321	439	221	109	434.919
15	maps/rooms/8room_038.map	512	512	412	427	394	463	61.5563
80	maps/rooms/8room_038.map	512	512	408	210	190	313	322.279
82	maps/rooms/8room_038.map	512	512	307	405	503	317	329.865
36	maps/rooms/8room_038.map	512	512	99	255	39	228	146.983
108	maps/rooms/8room_038.map	512	512	380	53	331	363	435.676
47	maps/rooms/8room_038.map	512	512	266	31	228	146	189.752
108	maps/rooms/8room_038.map	512	512	13	20	87	374	435.706
24	maps/rooms/8room_038.map	512	512	249	489	201	435	99.9411
5	maps/rooms/8room_038.map	512	512	483	76	467	70	20.7279
71	maps/rooms/8room_038.map	512	512	366	2	138	21	287.693
58	maps/rooms/8room_038.map	512	512	230	287	372	316	235.409
98	maps/rooms/8room_038.map	512	512	365	382	131	173	395.919
108	maps/rooms/8room_038.map	512	512	427	358	105	189	435.919
98	maps/rooms/8room_038.map	512	512	271	245	30	28	395.262
90	maps/rooms/8room_038.map	512	512	444	491	267	284	360.434
93	maps/rooms/8room_038.map	512	512	3	86	285	159	372.078
107	maps/rooms/8room_038.map	512	512	257	477	484	191	430.889
70	maps/rooms/8room_038.map	512	512	117	415	338	489	281.167
90	maps/rooms/8room_038.map	512	512	183	438	342	220	363.936
104	maps/rooms/8room_038.map	512	512	155	365	465	468	419.09
100	maps/rooms/8room_038.map	512	512	153	350	447	469	401.593
107	maps/rooms/8room_038.map	512	512	488	108	296	383	431.517
55	maps/rooms/8room_038.map	512	512	440	306	478	487	223.51
80	maps/rooms/8room_038.map	512	512	489	44	212	86	323.752
107	maps/rooms/8room_038.map	512	512	452	104	172	302	431.505
50	maps/rooms/8room_038.map	512	512	395	186	462	45	201.74
67	maps/rooms/8room_038.map	512	512	57	219	177	392	270.723
55	maps/rooms/8room_038.map	512	512	297	78	175	57	220.439
16	maps/rooms/8room_038.map	512	512	271	85	315	64	65.6274
100	maps/rooms/8room_038.map	512	512	344	348	30	324	402.693
106	maps/rooms/8room_038.map	512	512	290	483	229	142	427.563
67	maps/rooms/8room_038.map	512	512	154	252	270	434	271.037
29	maps/rooms/8room_038.map	512	512	229	410	141	447	116.154
85	maps/rooms/8room_038.map	512	512	478	155	254	155	342.936
78	maps/rooms/8room_038.map	512	512	312	110	454	334	315.037
106	maps/rooms/8room_038.map	512	512	362	292	96	62	427.505
28	maps/rooms/8room_038.map	512	512	346	392	382	460	114.083
36	maps/rooms/8room_038.map	512	512	331	436	431	399	146.154
105	maps/rooms/8room_038.map	512	512	62	486	345	313	423.505
105	maps/rooms/8room_038.map	512	512	334	55	428	365	422.635
87	maps/rooms/8room_038.map	512	512	357	13	91	77	351.563
78	maps/rooms/8room_038.map	512	512	226	469	196	242	312.865
36	maps/rooms/8room_038.map	512	512	510	297	418	232	146.782
82	maps/rooms/8room_038.map	512	512	453	296	451	35	330.078
62	maps/rooms/8room_038.map	512	512	136	358	335	381	249.823
105	maps/rooms/8room_038.map	512	512	57	445	232	136	423.948
105	maps/rooms/8room_038.map	512	512	70	54	340	282	423.161
59	maps/rooms/8room_038.map	512	512	76	263	218	185	239.196
47	maps/rooms/8room_038.map	512	512	419	340	371	462	191.095
101	maps/rooms/8room_038.map	512	512	274	285	22	419	404.049
16	maps/rooms/8room_038.map	512	512	180	426	140	451	67.2843
101	maps/rooms/8room_038.map	512	512	148	398	134	66	404.149
105	maps/rooms/8room_038.map	512	512	31	466	325	331	422.764
51	maps/rooms/8room_038.map	512	512	442	490	419	322	207.953
69	maps/rooms/8room_038.map	512	512	300	290	189	438	279.652
20	maps/rooms/8room_038.map	512	512	228	3	245	34	82.0833
71	maps/rooms/8room_038.map	512	512	52	275	261	302	287.865
104	maps/rooms/8room_038.map	512	512	124	23	120	298	419.777
103	maps/rooms/8room_038.map	512	512	116	505	135	163	415.492
93	maps/rooms/8room_038.map	512	512	457	440	175	318	373.522
43	maps/rooms/8room_038.map	512	512	409	451	349	349	175.296
84	maps/rooms/8room_038.map	512	512	306	165	489	373	336.664
103	maps/rooms/8room_038.map	512	512	224	45	99	359	415.877
16	maps/rooms/8room_038.map	512	512	447	454	466	426	67.8701
35	maps/rooms/8room_038.map	512	512	43	332	123	386	140.912
56	maps/rooms/8room_038.map	512	512	361	323	197	228	226.966
101	maps/rooms/8room_038.map	512	512	441	292	182	246	406.12
103	maps/rooms/8room_038.map	512	512	444	18	123	173	415.948
100	maps/rooms/8room_038.map	512	512	363	169	130	18	400.191
91	maps/rooms/8room_038.map	512	512	493	50	347	303	367.492
31	maps/rooms/8room_038.map	512	512	118	98	189	171	126.669
63	maps/rooms/8room_038.map	512	512	206	130	156	324	255.681
90	maps/rooms/8room_038.map	512	512	410	381	380	119	362.492
102	maps/rooms/8room_038.map	512	512	50	438	301	208	411.434
75	maps/rooms/8room_038.map	512	512	212	471	292	310	300.421
102	maps/rooms/8room_038.map	512	512	386	170	109	367	411.262
102	maps/rooms/8room_038.map	512	512	242	366	81	115	411.764
102	maps/rooms/8room_038.map	512	512	465	37	145	159	411.907
91	maps/rooms/8room_038.map	512	512	323	88	131	306	367.179
102	maps/rooms/8room_038.map	512	512	420	23	164	226	410.907
99	maps/rooms/8room_038.map	512	512	317	102	281	410	399.948
83	maps/rooms/8room_038.map	512	512	306	106	476	314	333.522
48	maps/rooms/8room_038.map	512	512	117	46	141	140	194.225
21	maps/rooms/8room_038.map	512	512	418	156	348	123	87.7696
79	maps/rooms/8room_038.map	512	512	303	429	453	215	319.563
102	maps/rooms/8room_038.map	512	512	94	387	405	253	411.836
102	maps/rooms/8room_038.map	512	512	98	18	405	49	411.764
48	maps/rooms/8room_038.map	512	512	358	133	361	3	195.912
101	maps/rooms/8room_038.map	512	512	387	123	161	357	407.605
51	maps/rooms/8room_038.map	512	512	392	196	470	57	206.054
101	maps/rooms/8room_038.map	512	512	5	434	56	92	407.652
62	maps/rooms/8room_038.map	512	512	229	204	351	365	248.421
84	maps/rooms/8room_038.map	512	512	403	69	301	286	336.723
101	maps/rooms/8room_038.map	512	512	488	83	209	250	407.806
17	maps/rooms/8room_038.map	512	512	315	98	295	156	70.6274
101	maps/rooms/8room_038.map	512	512	464	54	107	94	407.794
100	maps/rooms/8room_038.map	512	512	475	420	228	222	403.877
67	maps/rooms/8room_038.map	512	512	344	339	377	159	271.35
65	maps/rooms/8room_038.map	512	512	147	283	67	467	262.894
100	maps/rooms/8room_038.map	512	512	126	169	297	460	403.019
56	maps/rooms/8room_038.map	512	512	298	188	460	200	226.208
93	maps/rooms/8room_038.map	512	512	424	214	249	42	372.664
100	maps/rooms/8room_038.map	512	512	217	44	499	149	403.877
99	maps/rooms/8room_038.map	512	512	95	91	357	279	399.664
99	maps/rooms/8room_038.map	512	512	361	404	123	170	399.161
68	maps/rooms/8room_038.map	512	512	228	249	12	286	275.995
66	maps/rooms/8room_038.map	512	512	351	139	422	324	266.51
99	maps/rooms/8room_038.map	512	512	227	99	371	362	399.09
30	maps/rooms/8room_038.map	512	512	253	182	354	207	123.983
86	maps/rooms/8room_038.map	512	512	78	364	284	181	346.078
60	maps/rooms/8room_038.map	512	512	309	285	120	279	242.581
99	maps/rooms/8room_038.map	512	512	419	476	93	426	399.279
56	maps/rooms/8room_038.map	512	512	360	66	281	194	227.409
69	maps/rooms/8room_038.map	512	512	444	147	325	302	279.279
31	maps/rooms/8room_038.map	512	512	83	285	141	348	126.983
98	maps/rooms/8room_038.map	512	512	509	36	254	234	395.635
40	maps/rooms/8room_038.map	512	512	393	357	359	473	161.882
98	maps/rooms/8room_038.map	512	512	348	166	50	259	395.291
98	maps/rooms/8room_038.map	512	512	426	84	197	319	395.463
98	maps/rooms/8room_038.map	512	512	238	56	448	227	395.392
67	maps/rooms/8room_038.map	512	512	308	298	130	305	270.38
57	maps/rooms/8room_038.map	512	512	510	245	347	169	229.995
7	maps/rooms/8room_038.map	512	512	127	377	140	396	28.9706
98	maps/rooms/8room_038.map	512	512	436	63	331	366	395.563
28	maps/rooms/8room_038.map	512	512	96	193	153	229	112.213
75	maps/rooms/8room_038.map	512	512	294	134	286	349	302.764
98	maps/rooms/8room_038.map	512	512	75	30	384	131	395.764
97	maps/rooms/8room_038.map	512	512	309	35	41	178	391.492
97	maps/rooms/8room_038.map	512	512	201	491	314	234	391.605
97	maps/rooms/8room_038.map	512	512	175	194	464	70	391.392
31	maps/rooms/8room_038.map	512	512	79	319	138	335	125.527
80	maps/rooms/8room_038.map	512	512	299	223	85	359	320.735
97	maps/rooms/8room_038.map	512	512	15	103	258	313	391.149
96	maps/rooms/8room_038.map	512	512	367	377	69	298	387.492
96	maps/rooms/8room_038.map	512	512	116	72	439	132	387.936
91	maps/rooms/8room_038.map	512	512	309	46	200	316	366.522
31	maps/rooms/8room_038.map	512	512	10	231	4	166	126.74
94	maps/rooms/8room_038.map	512	512	259	393	292	110	376.836
96	maps/rooms/8room_038.map	512	512	492	459	152	432	387.794
95	maps/rooms/8room_038.map	512	512	459	67	131	82	382.865
95	maps/rooms/8room_038.map	512	512	333	213	131	426	383.635
51	maps/rooms/8room_038.map	512	512	191	154	270	13	207.681
60	maps/rooms/8room_038.map	512	512	79	246	249	247	243.953
59	maps/rooms/8room_038.map	512	512	306	316	341	133	239.095
47	maps/rooms/8room_038.map	512	512	458	468	349	438	191.125
65	maps/rooms/8room_038.map	512	512	471	283	410	123	262.338
84	maps/rooms/8room_038.map	512	512	441	13	264	180	336.392
58	maps/rooms/8room_038.map	512	512	362	458	488	386	235.439
95	maps/rooms/8room_038.map	512	512	19	6	227	254	383.362
27	maps/rooms/8room_038.map	512	512	477	41	434	18	110.083
47	maps/rooms/8room_038.map	512	512	255	333	381	304	191.125
95	maps/rooms/8room_038.map	512	512	482	470	354	192	383.948
74	maps/rooms/8room_038.map	512	512	43	199	234	54	299.179
43	maps/rooms/8room_038.map	512	512	396	473	325	350	173.054
95	maps/rooms/8room_038.map	512	512	412	364	131	204	383.191
74	maps/rooms/8room_038.map	512	512	180	123	414	27	299.823
13	maps/rooms/8room_038.map	512	512	171	41	197	66	54.5563
89	maps/rooms/8room_038.map	512	512	36	312	318	277	357.35
43	maps/rooms/8room_038.map	512	512	275	409	361	285	173.338
66	maps/rooms/8room_038.map	512	512	183	212	357	116	266.995
47	maps/rooms/8room_038.map	512	512	311	238	297	364	191.338
95	maps/rooms/8room_038.map	512	512	72	31	243	305	383.635
45	maps/rooms/8room_038.map	512	512	342	367	263	252	182.752
95	maps/rooms/8room_038.map	512	512	34	132	285	330	383.049
73	maps/rooms/8room_038.map	512	512	374	166	141	172	294.238
56	maps/rooms/8room_038.map	512	512	398	260	231	328	224.681
95	maps/rooms/8room_038.map	512	512	76	379	323	183	383.291
53	maps/rooms/8room_038.map	512	512	178	474	21	458	213.995
94	maps/rooms/8room_038.map	512	512	159	91	399	266	379.635
94	maps/rooms/8room_038.map	512	512	473	366	144	398	379.108
67	maps/rooms/8room_038.map	512	512	362	391	281	214	269.48
52	maps/rooms/8room_038.map	512	512	194	490	167	408	210.296
29	maps/rooms/8room_038.map	512	512	19	182	7	190	118.669
52	maps/rooms/8room_038.map	512	512	284	306	418	387	211.409
51	maps/rooms/8room_038.map	512	512	238	238	302	392	207.338
94	maps/rooms/8room_038.map	512	512	45	375	196	100	379.12
47	maps/rooms/8room_038.map	512	512	464	283	331	269	191.811
26	maps/rooms/8room_038.map	512	512	251	247	338	230	106.527
93	maps/rooms/8room_038.map	512	512	316	90	175	345	375.179
77	maps/rooms/8room_038.map	512	512	204	74	217	242	310.48
89	maps/rooms/8room_038.map	512	512	10	57	211	255	357.007
29	maps/rooms/8room_038.map	512	512	100	379	191	333	117.912
58	maps/rooms/8room_038.map	512	512	195	279	84	436	235.924
55	maps/rooms/8room_038.map	512	512	99	263	255	341	220.024
77	maps/rooms/8room_038.map	512	512	408	154	324	370	309.522
52	maps/rooms/8room_038.map	512	512	178	71	41	118	210.368
24	maps/rooms/8room_038.map	512	512	250	12	172	34	99.0122
89	maps/rooms/8room_038.map	512	512	255	222	437	47	357.291
79	maps/rooms/8room_038.map	512	512	329	435	268	195	319.108
35	maps/rooms/8room_038.map	512	512	121	73	138	15	142.74
93	maps/rooms/8room_038.map	512	512	350	46	114	183	375.09
73	maps/rooms/8room_038.map	512	512	6	430	247	446	295.652
90	maps/rooms/8room_038.map	512	512	79	165	333	330	363.392
54	maps/rooms/8room_038.map	512	512	399	232	276	165	218.167
90	maps/rooms/8room_038.map	512	512	91	406	357	295	363.108
64	maps/rooms/8room_038.map	512	512	109	509	46	307	256.865
90	maps/rooms/8room_038.map	512	512	372	126	238	386	363.421
60	maps/rooms/8room_038.map	512	512	373	383	197	376	243.995
60	maps/rooms/8room_038.map	512	512	14	204	62	406	243.439
51	maps/rooms/8room_038.map	512	512	429	262	446	134	204.095
90	maps/rooms/8room_038.map	512	512	53	251	327	360	363.191
26	maps/rooms/8room_038.map	512	512	167	391	195	332	106.355
74	maps/rooms/8room_038.map	512	512	131	380	312	265	299.321
90	maps/rooms/8room_038.map	512	512	149	456	303	200	363.12
56	maps/rooms/8room_038.map	512	512	25	117	20	302	226.267
90	maps/rooms/8room_038.map	512	512	188	462	244	161	363.108
89	maps/rooms/8room_038.map	512	512	58	462	242	266	358.635
50	maps/rooms/8room_038.map	512	512	293	492	182	382	203.995
89	maps/rooms/8room_038.map	512	512	489	31	197	88	359.693
46	maps/rooms/8room_038.map	512	512	119	367	150	213	187.953
89	maps/rooms/8room_038.map	512	512	301	6	140	250	359.635
8	maps/rooms/8room_038.map	512	512	217	387	220	364	32.1421
76	maps/rooms/8room_038.map	512	512	354	228	150	133	305.108
89	maps/rooms/8room_038.map	512	512	242	25	48	197	359.078
87	maps/rooms/8room_038.map	512	512	85	392	363	466	351.48
16	maps/rooms/8room_038.map	512	512	322	277	265	286	66.6274
87	maps/rooms/8room_038.map	512	512	483	106	210	126	351.735
85	maps/rooms/8room_038.map	512	512	35	393	82	155	340.723
71	maps/rooms/8room_038.map	512	512	29	255	54	487	285.953
79	maps/rooms/8room_038.map	512	512	59	277	263	334	319.25
16	maps/rooms/8room_038.map	512	512	106	351	52	372	67.1838
71	maps/rooms/8room_038.map	512	512	8	94	118	297	287.066
86	maps/rooms/8room_038.map	512	512	360	414	242	154	347.563
34	maps/rooms/8room_038.map	512	512	503	213	492	125	138.782
71	maps/rooms/8room_038.map	512	512	471	51	397	268	287.309
86	maps/rooms/8room_038.map	512	512	102	122	368	215	347.593
55	maps/rooms/8room_038.map	512	512	166	350	295	437	221.238
86	maps/rooms/8room_038.map	512	512	446	182	213	332	347.451
46	maps/rooms/8room_038.map	512	512	488	267	410	375	184.468
46	maps/rooms/8room_038.map	512	512	166	150	51	61	185.983
64	maps/rooms/8room_038.map	512	512	312	190	390	31	259.409
86	maps/rooms/8room_038.map	512	512	470	186	242	262	347.321
59	maps/rooms/8room_038.map	512	512	216	230	284	71	238.782
86	maps/rooms/8room_038.map	512	512	40	407	331	456	347.238
86	maps/rooms/8room_038.map	512	512	71	300	313	442	347.563
49	maps/rooms/8room_038.map	512	512	189	219	68	246	197.439
84	maps/rooms/8room_038.map	512	512	157	35	51	234	339.007
84	maps/rooms/8room_038.map	512	512	397	322	156	313	339.865
34	maps/rooms/8room_038.map	512	512	121	439	243	449	137.841
83	maps/rooms/8room_038.map	512	512	458	239	277	435	334.706
56	maps/rooms/8room_038.map	512	512	103	413	53	328	226.823
46	maps/rooms/8room_038.map	512	512	103	165	103	78	187.711
83	maps/rooms/8room_038.map	512	512	462	453	489	166	334.794
83	maps/rooms/8room_038.map	512	512	115	143	158	399	335.551
82	maps/rooms/8room_038.map	512	512	51	463	159	229	331.764
7	maps/rooms/8room_038.map	512	512	394	345	374	333	28.1421
82	maps/rooms/8room_038.map	512	512	163	405	376	279	331.149
79	maps/rooms/8room_038.map	512	512	408	67	171	60	319.279
82	maps/rooms/8room_038.map	512	512	13	56	187	249	331.007
82	maps/rooms/8room_038.map	512	512	377	30	183	195	331.409
29	maps/rooms/8room_038.map	512	512	237	174	213	275	119.326
82	maps/rooms/8room_038.map	512	512	484	74	205	88	331.309
82	maps/rooms/8room_038.map	512	512	110	2	210	188	331.137
64	maps/rooms/8room_038.map	512	512	151	6	33	2	257.723
82	maps/rooms/8room_038.map	512	512	344	489	226	247	331.764
79	maps/rooms/8room_038.map	512	512	188	22	105	223	319.279
61	maps/rooms/8room_038.map	512	512	191	324	396	390	244.924
77	maps/rooms/8room_038.map	512	512	426	472	396	222	311.48
77	maps/rooms/8room_038.map	512	512	52	105	240	266	311.066
77	maps/rooms/8room_038.map	512	512	450	354	227	284	311.593
76	maps/rooms/8room_038.map	512	512	376	437	220	233	307.907
76	maps/rooms/8room_038.map	512	512	42	194	292	194	307.966
41	maps/rooms/8room_038.map	512	512	25	249	90	329	165.024
76	maps/rooms/8room_038.map	512	512	298	115	79	179	307.551
74	maps/rooms/8room_038.map	512	512	79	114	173	298	299.279
38	maps/rooms/8room_038.map	512	512	313	210	373	286	152.569
74	maps/rooms/8room_038.map	512	512	61	270	281	208	299.764
26	maps/rooms/8room_038.map	512	512	74	140	28	211	104.255
58	maps/rooms/8room_038.map	512	512	369	415	223	276	235.208
33	maps/rooms/8room_038.map	512	512	424	8	402	117	133.912
74	maps/rooms/8room_038.map	512	512	356	506	135	426	299.309
74	maps/rooms/8room_038.map	512	512	51	110	207	295	299.652
73	maps/rooms/8room_038.map	512	512	478	83	365	281	295.309
73	maps/rooms/8room_038.map	512	512	338	57	123	173	294.865
73	maps/rooms/8room_038.map	512	512	186	269	385	414	295.078
69	maps/rooms/8room_038.map	512	512	454	109	354	297	279.622
46	maps/rooms/8room_038.map	512	512	352	310	316	455	187.51
43	maps/rooms/8room_038.map	512	512	458	207	472	358	174.497
68	maps/rooms/8room_038.map	512	512	107	150	218	329	274.794
68	maps/rooms/8room_038.map	512	512	484	56	307	195	275.137
68	maps/rooms/8room_038.map	512	512	492	94	269	85	275.095
46	maps/rooms/8room_038.map	512	512	503	354	418	265	185.539
39	maps/rooms/8room_038.map	512	512	44	475	28	365	156.669
68	maps/rooms/8room_038.map	512	512	354	127	218	296	275.551
68	maps/rooms/8room_038.map	512	512	7	99	175	247	275.238
66	maps/rooms/8room_038.map	512	512	479	302	329	155	267.752
66	maps/rooms/8room_038.map	512	512	453	467	475	239	267.196
66	maps/rooms/8room_038.map	512	512	274	45	169	211	267.309
65	maps/rooms/8room_038.map	512	512	2	116	211	90	263.51
65	maps/rooms/8room_038.map	512	512	8	473	128	278	263.451
65	maps/rooms/8room_038.map	512	512	451	84	373	265	262.966
65	maps/rooms/8room_038.map	512	512	82	333	271	225	263.794
24	maps/rooms/8room_038.map	512	512	442	427	386	393	99.7401
64	maps/rooms/8room_038.map	512	512	55	306	207	172	259.581
64	maps/rooms/8room_038.map	512	512	85	349	259	233	259.137
53	maps/rooms/8room_038.map	512	512	142	279	197	361	212.539
64	maps/rooms/8room_038.map	512	512	59	115	26	340	259.983
61	maps/rooms/8room_038.map	512	512	4	297	135	163	247.066
61	maps/rooms/8room_038.map	512	512	338	101	201	51	246.924
60	maps/rooms/8room_038.map	512	512	15	455	182	442	243.581
59	maps/rooms/8room_038.map	512	512	133	47	248	131	239.309
52	maps/rooms/8room_038.map	512	512	334	290	476	245	211.853
58	maps/rooms/8room_038.map	512	512	106	39	211	196	235.581
58	maps/rooms/8room_038.map	512	512	346	437	154	376	235.995
57	maps/rooms/8room_038.map	512	512	301	132	240	297	231.681
57	maps/rooms/8room_038.map	512	512	122	69	308	22	231.409
56	maps/rooms/8room_038.map	512	512	201	402	382	466	227.853
55	maps/rooms/8room_038.map	512	512	450	492	279	450	223.468
54	maps/rooms/8room_038.map	512	512	210	47	307	156	219.581
54	maps/rooms/8room_038.map	512	512	66	42	195	177	219.48
40	maps/rooms/8room_038.map	512	512	463	261	358	326	161.497
54	maps/rooms/8room_038.map	512	512	159	445	213	269	219.681
54	maps/rooms/8room_038.map	512	512	413	231	247	168	219.409
53	maps/rooms/8room_038.map	512	512	350	469	358	286	215.368
53	maps/rooms/8room_038.map	512	512	456	231	285	264	215.924
53	maps/rooms/8room_038.map	512	512	500	418	478	234	215.054
53	maps/rooms/8room_038.map	512	512	125	6	296	24	215.853
53	maps/rooms/8room_038.map	512	512	105	343	233	229	215.338
50	maps/rooms/8room_038.map	512	512	104	311	195	173	203.853
50	maps/rooms/8room_038.map	512	512	57	42	26	212	202.924
49	maps/rooms/8room_038.map	512	512	328	275	178	295	199.095
49	maps/rooms/8room_038.map	512	512	478	393	393	260	198.61
49	maps/rooms/8room_038.map	512	512	442	92	281	138	199.995
46	maps/rooms/8room_038.map	512	512	42	357	195	389	187.711
46	maps/rooms/8room_038.map	512	512	471	190	366	207	186.853
45	maps/rooms/8room_038.map	512	512	456	466	333	456	183.953
45	maps/rooms/8room_038.map	512	512	401	40	391	180	183.255
45	maps/rooms/8room_038.map	512	512	26	496	159	447	183.782
45	maps/rooms/8room_038.map	512	512	232	431	331	329	182.782
34	maps/rooms/8room_038.map	512	512	442	443	331	453	137.083
45	maps/rooms/8room_038.map	512	512	399	456	294	341	183.095
45	maps/rooms/8room_038.map	512	512	148	158	52	252	183.196
27	maps/rooms/8room_038.map	512	512	104	399	120	461	109.012
44	maps/rooms/8room_038.map	512	512	476	504	348	464	179.154
44	maps/rooms/8room_038.map	512	512	310	254	219	232	178.723
44	maps/rooms/8room_038.map	512	512	295	126	159	116	179.296
44	maps/rooms/8room_038.map	512	512	442	142	309	87	179.539
44	maps/rooms/8room_038.map	512	512	327	180	234	101	179.196
44	maps/rooms/8room_038.map	512	512	173	381	239	271	179.439
44	maps/rooms/8room_038.map	512	512	443	375	380	255	178.882
44	maps/rooms/8room_038.map	512	512	99	421	71	283	179.782
44	maps/rooms/8room_038.map	512	512	12	511	139	470	179.054
43	maps/rooms/8room_038.map	512	512	118	215	99	362	175.296
42	maps/rooms/8room_038.map	512	512	504	218	369	279	171.296
42	maps/rooms/8room_038.map	512	512	332	436	347	303	171.539
42	maps/rooms/8room_038.map	512	512	36	284	168	254	171.054
42	maps/rooms/8room_038.map	512	512	344	499	326	379	171.64
41	maps/rooms/8room_038.map	512	512	429	328	301	387	167.326
25	maps/rooms/8room_038.map	512	512	471	429	446	386	102.669
41	maps/rooms/8room_038.map	512	512	206	71	246	111	167.782
41	maps/rooms/8room_038.map	512	512	34	355	139	295	167.167
8	maps/rooms/8room_038.map	512	512	485	188	466	197	33.3137
41	maps/rooms/8room_038.map	512	512	253	204	242	330	167.61
41	maps/rooms/8room_038.map	512	512	339	219	328	315	167.468
41	maps/rooms/8room_038.map	512	512	230	391	249	249	166.74
41	maps/rooms/8room_038.map	512	512	433	133	308	87	167.225
41	maps/rooms/8room_038.map	512	512	327	410	380	341	167.681
40	maps/rooms/8room_038.map	512	512	451	246	395	171	162.64
40	maps/rooms/8room_038.map	512	512	431	115	301	88	163.125
40	maps/rooms/8room_038.map	512	512	280	246	346	355	162.681
40	maps/rooms/8room_038.map	512	512	451	102	357	35	163.083
40	maps/rooms/8room_038.map	512	512	131	418	199	303	162.64
40	maps/rooms/8room_038.map	512	512	75	459	158	389	163.711
39	maps/rooms/8room_038.map	512	512	426	473	330	383	159.054
39	maps/rooms/8room_038.map	512	512	51	41	53	181	159.882
8	maps/rooms/8room_038.map	512	512	205	37	184	31	35.1421
39	maps/rooms/8room_038.map	512	512	125	229	132	365	159.326
39	maps/rooms/8room_038.map	512	512	206	378	170	302	159.154
39	maps/rooms/8room_038.map	512	512	13	82	94	183	159.983
39	maps/rooms/8room_038.map	512	512	331	505	255	396	158.882
39	maps/rooms/8room_038.map	512	512	374	167	356	288	159.61
39	maps/rooms/8room_038.map	512	512	120	258	217	243	159.74
38	maps/rooms/8room_038.map	512	512	237	258	172	152	155.184
38	maps/rooms/8room_038.map	512	512	104	178	120	304	155.255
38	maps/rooms/8room_038.map	512	512	218	409	347	367	155.569
38	maps/rooms/8room_038.map	512	512	387	439	324	328	155.497
38	maps/rooms/8room_038.map	512	512	110	133	211	193	155.083
38	maps/rooms/8room_038.map	512	512	475	34	494	150	154.64
37	maps/rooms/8room_038.map	512	512	20	250	106	183	150.882
37	maps/rooms/8room_038.map	512	512	313	124	196	116	151.711
37	maps/rooms/8room_038.map	512	512	334	468	325	341	151.74
37	maps/rooms/8room_038.map	512	512	122	510	217	443	151.497
37	maps/rooms/8room_038.map	512	512	487	271	359	279	151.154
37	maps/rooms/8room_038.map	512	512	116	419	159	324	151.397
37	maps/rooms/8room_038.map	512	512	423	37	367	135	151.74
36	maps/rooms/8room_038.map	512	512	142	391	78	277	147.196
36	maps/rooms/8room_038.map	512	512	214	137	165	241	147.669
36	maps/rooms/8room_038.map	512	512	446	283	491	179	147.326
35	maps/rooms/8room_038.map	512	512	317	506	303	385	143.569
35	maps/rooms/8room_038.map	512	512	412	222	302	195	143.51
35	maps/rooms/8room_038.map	512	512	472	269	359	287	143.912
35	maps/rooms/8room_038.map	512	512	477	203	379	168	142.983
34	maps/rooms/8room_038.map	512	512	245	23	195	101	139.255
34	maps/rooms/8room_038.map	512	512	274	494	201	394	139.61
34	maps/rooms/8room_038.map	512	512	180	311	296	333	139.255
33	maps/rooms/8room_038.map	512	512	231	45	130	86	135.64
33	maps/rooms/8room_038.map	512	512	55	459	92	390	134.912
33	maps/rooms/8room_038.map	512	512	237	87	316	35	135.426
33	maps/rooms/8room_038.map	512	512	39	122	20	219	133.296
31	maps/rooms/8room_038.map	512	512	316	484	391	504	126.841
33	maps/rooms/8room_038.map	512	512	500	63	381	61	135.912
33	maps/rooms/8room_038.map	512	512	37	3	124	85	135.61
26	maps/rooms/8room_038.map	512	512	315	448	394	490	107.426
33	maps/rooms/8room_038.map	512	512	474	380	414	293	135.912
33	maps/rooms/8room_038.map	512	512	319	374	211	322	135.397
32	maps/rooms/8room_038.map	512	512	162	95	282	83	130.77
32	maps/rooms/8room_038.map	512	512	413	309	336	323	131.083
32	maps/rooms/8room_038.map	512	512	74	156	158	146	131.782
32	maps/rooms/8room_038.map	512	512	454	184	365	162	131.912
32	maps/rooms/8room_038.map	512	512	318	373	307	280	131.397
32	maps/rooms/8room_038.map	512	512	109	245	183	247	131.983
32	maps/rooms/8room_038.map	512	512	106	349	82	459	131.497
30	maps/rooms/8room_038.map	512	512	460	451	363	410	123.012
30	maps/rooms/8room_038.map	512	512	284	11	331	91	123.326
30	maps/rooms/8room_038.map	512	512	5	170	118	184	123.284
30	maps/rooms/8room_038.map	512	512	259	203	222	292	123.983
30	maps/rooms/8room_038.map	512	512	424	172	316	186	123.255
28	maps/rooms/8room_038.map	512	512	414	132	408	204	115.012
30	maps/rooms/8room_038.map	512	512	446	428	476	341	123.711
29	maps/rooms/8room_038.map	512	512	367	314	341	390	119.983
29	maps/rooms/8room_038.map	512	512	330	72	249	119	118.669
29	maps/rooms/8room_038.map	512	512	499	173	427	243	119.296
29	maps/rooms/8room_038.map	512	512	391	487	345	410	119.184
29	maps/rooms/8room_038.map	512	512	19	488	14	392	119.77
28	maps/rooms/8room_038.map	512	512	243	19	317	54	114.841
28	maps/rooms/8room_038.map	512	512	319	290	383	319	115.527
10	maps/rooms/8room_038.map	512	512	468	294	485	262	43.9706
28	maps/rooms/8room_038.map	512	512	210	116	122	95	115.385
28	maps/rooms/8room_038.map	512	512	482	445	405	413	115.669
28	maps/rooms/8room_038.map	512	512	47	235	105	182	114.74
27	maps/rooms/8room_038.map	512	512	207	76	263	43	111.083
27	maps/rooms/8room_038.map	512	512	425	256	346	306	111.669
27	maps/rooms/8room_038.map	512	512	163	131	94	189	111.811
17	maps/rooms/8room_038.map	512	512	507	357	460	388	69.3553
27	maps/rooms/8room_038.map	512	512	382	388	301	348	111.669
27	maps/rooms/8room_038.map	512	512	404	56	418	150	111.113
27	maps/rooms/8room_038.map	512	512	89	328	159	381	111.426
27	maps/rooms/8room_038.map	512	512	425	327	373	269	111.355
26	maps/rooms/8room_038.map	512	512	283	189	236	269	107.912
26	maps/rooms/8room_038.map	512	512	61	138	124	191	106.87
26	maps/rooms/8room_038.map	512	512	367	94	330	130	106.74
26	maps/rooms/8room_038.map	512	512	180	92	183	180	107.225
26	maps/rooms/8room_038.map	512	512	138	152	66	181	107.669
25	maps/rooms/8room_038.map	512	512	213	335	218	246	103.698
25	maps/rooms/8room_038.map	512	512	6	130	52	204	103.841
25	maps/rooms/8room_038.map	512	512	6	312	55	376	103.77
25	maps/rooms/8room_038.map	512	512	478	148	453	221	103.74
25	maps/rooms/8room_038.map	512	512	56	261	121	324	103.296
25	maps/rooms/8room_038.map	512	512	447	151	362	165	103.284
24	maps/rooms/8room_038.map	512	512	317	83	345	143	99.1543
24	maps/rooms/8room_038.map	512	512	285	309	344	314	99.7401
24	maps/rooms/8room_038.map	512	512	270	237	336	282	99.8701
24	maps/rooms/8room_038.map	512	512	126	200	202	172	99.9411
23	maps/rooms/8room_038.map	512	512	52	469	52	486	95.4264
23	maps/rooms/8room_038.map	512	512	195	393	172	343	95.5269
23	maps/rooms/8room_038.map	512	512	376	255	345	178	95.6985
23	maps/rooms/8room_038.map	512	512	488	260	478	338	95.1127
23	maps/rooms/8room_038.map	512	512	191	281	171	211	95.2132
23	maps/rooms/8room_038.map	512	512	156	494	149	419	95.4975
23	maps/rooms/8room_038.map	512	512	207	510	245	452	95.3553
23	maps/rooms/8room_038.map	512	512	51	9	98	77	95.0833
23	maps/rooms/8room_038.map	512	512	186	122	211	193	95.8406
22	maps/rooms/8room_038.map	512	512	395	393	334	430	91.4975
22	maps/rooms/8room_038.map	512	512	452	294	409	292	91.3259
22	maps/rooms/8room_038.map	512	512	92	479	138	447	91.8406
22	maps/rooms/8room_038.map	512	512	183	373	184	338	91.2548
22	maps/rooms/8room_038.map	512	512	111	214	123	191	91.2843
21	maps/rooms/8room_038.map	512	512	386	119	345	110	87.799
21	maps/rooms/8room_038.map	512	512	155	396	191	332	87.1127
21	maps/rooms/8room_038.map	512	512	217	219	199	293	86.7696
21	maps/rooms/8room_038.map	512	512	439	484	444	407	87.6985
21	maps/rooms/8room_038.map	512	512	389	35	426	98	87.1127
21	maps/rooms/8room_038.map	512	512	439	50	420	124	87.2843
21	maps/rooms/8room_038.map	512	512	94	95	124	155	87.2132
20	maps/rooms/8room_038.map	512	512	46	395	89	361	83.4264
20	maps/rooms/8room_038.map	512	512	285	162	255	119	83.7696
20	maps/rooms/8room_038.map	512	512	136	351	146	406	83.8701
20	maps/rooms/8room_038.map	512	512	147	387	195	341	83.4558
20	maps/rooms/8room_038.map	512	512	168	43	226	61	83.9411
14	maps/rooms/8room_038.map	512	512	177	196	210	168	59.4853
20	maps/rooms/8room_038.map	512	512	484	258	434	217	83.7696
20	maps/rooms/8room_038.map	512	512	120	215	181	187	83.7696
20	maps/rooms/8room_038.map	512	512	285	115	242	170	83.3553
19	maps/rooms/8room_038.map	512	512	55	127	53	198	79.3848
19	maps/rooms/8room_038.map	512	512	446	137	394	174	79.2843
19	maps/rooms/8room_038.map	512	512	4	313	51	303	79.2843
19	maps/rooms/8room_038.map	512	512	93	274	153	269	79.8701
19	maps/rooms/8room_038.map	512	512	153	487	150	429	78.598
19	maps/rooms/8room_038.map	512	512	268	393	286	360	78.598
19	maps/rooms/8room_038.map	512	512	7	461	47	405	79.598
18	maps/rooms/8room_038.map	512	512	299	260	256	216	75.2843
8	maps/rooms/8room_038.map	512	512	103	325	99	300	34.799
18	maps/rooms/8room_038.map	512	512	13	21	7	86	74.9411
18	maps/rooms/8room_038.map	512	512	298	300	325	338	75.1838
18	maps/rooms/8room_038.map	512	512	152	377	191	326	75.3553
18	maps/rooms/8room_038.map	512	512	322	269	300	248	74.6985
18	maps/rooms/8room_038.map	512	512	469	411	432	374	75.6985
18	maps/rooms/8room_038.map	512	512	186	381	126	361	74.9706
18	maps/rooms/8room_038.map	512	512	415	476	381	418	75.598
18	maps/rooms/8room_038.map	512	512	265	23	199	39	75.4558
17	maps/rooms/8room_038.map	512	512	46	179	113	189	71.9706
17	maps/rooms/8room_038.map	512	512	84	126	127	102	71.6274
9	maps/rooms/8room_038.map	512	512	263	151	278	152	38.1421
17	maps/rooms/8room_038.map	512	512	478	8	420	32	71.4558
17	maps/rooms/8room_038.map	512	512	474	47	424	58	71.1838
17	maps/rooms/8room_038.map	512	512	468	398	428	365	71.2843
17	maps/rooms/8room_038.map	512	512	311	400	297	418	71.8406
16	maps/rooms/8room_038.map	512	512	424	227	474	246	67.7696
16	maps/rooms/8room_038.map	512	512	380	121	344	166	67.5269
16	maps/rooms/8room_038.map	512	512	156	234	184	184	67.4558
16	maps/rooms/8room_038.map	512	512	24	170	52	215	67.7279
15	maps/rooms/8room_038.map	512	512	362	262	310	280	63.4558
15	maps/rooms/8room_038.map	512	512	488	367	471	312	63.2132
15	maps/rooms/8room_038.map	512	512	78	300	55	258	63.1838
15	maps/rooms/8room_038.map	512	512	189	137	204	183	63.5269
15	maps/rooms/8room_038.map	512	512	263	98	267	138	63.1127
15	maps/rooms/8room_038.map	512	512	479	105	441	133	63.799
15	maps/rooms/8room_038.map	512	512	35	467	45	411	63.3137
15	maps/rooms/8room_038.map	512	512	180	230	238	230	63.799
15	maps/rooms/8room_038.map	512	512	30	356	57	401	63.9411
14	maps/rooms/8room_038.map	512	512	477	229	441	265	59.1127
14	maps/rooms/8room_038.map	512	512	310	137	345	169	59.8701
11	maps/rooms/8room_038.map	512	512	501	148	489	117	45.2843
14	maps/rooms/8room_038.map	512	512	228	306	275	332	59.5269
14	maps/rooms/8room_038.map	512	512	490	454	488	398	59.8995
14	maps/rooms/8room_038.map	512	512	109	148	111	183	59.5269
14	maps/rooms/8room_038.map	512	512	287	264	245	232	59.9411
13	maps/rooms/8room_038.map	512	512	119	27	154	40	55.1127
13	maps/rooms/8room_038.map	512	512	84	453	105	494	55.5563
13	maps/rooms/8room_038.map	512	512	476	290	474	242	55.8995
13	maps/rooms/8room_038.map	512	512	203	477	247	482	55.0416
13	maps/rooms/8room_038.map	512	512	322	260	286	267	55.5269
13	maps/rooms/8room_038.map	512	512	293	138	331	164	55.4558
13	maps/rooms/8room_038.map	512	512	447	392	404	413	55.799
12	maps/rooms/8room_038.map	512	512	347	253	327	274	51.0416
12	maps/rooms/8room_038.map	512	512	394	221	355	202	51.2132
12	maps/rooms/8room_038.map	512	512	434	226	402	256	51.4558
12	maps/rooms/8room_038.map	512	512	440	242	404	267	51.0416
12	maps/rooms/8room_038.map	512	512	382	125	345	110	51.0711
12	maps/rooms/8room_038.map	512	512	359	44	352	83	51.3137
12	maps/rooms/8room_038.map	512	512	68	295	108	277	51.1127
12	maps/rooms/8room_038.map	512	512	96	169	127	199	51.0416
12	maps/rooms/8room_038.map	512	512	489	427	460	458	51.2132
8	maps/rooms/8room_038.map	512	512	126	359	157	367	35.4853
11	maps/rooms/8room_038.map	512	512	99	405	139	406	47.0416
11	maps/rooms/8room_038.map	512	512	322	101	338	124	47.2843
11	maps/rooms/8room_038.map	512	512	77	243	53	251	47.4142
11	maps/rooms/8room_038.map	512	512	200	127	181	145	47.6274
11	maps/rooms/8room_038.map	512	512	40	219	62	182	47.2843
11	maps/rooms/8room_038.map	512	512	69	231	86	227	47.6274
11	maps/rooms/8room_038.map	512	512	101	260	136	274	47.6274
11	maps/rooms/8room_038.map	512	512	366	297	334	324	47.2843
10	maps/rooms/8room_038.map	512	512	505	473	473	457	43.8995
10	maps/rooms/8room_038.map	512	512	286	171	252	179	43.6569
10	maps/rooms/8room_038.map	512	512	247	183	240	150	43.4558
10	maps/rooms/8room_038.map	512	512	68	314	111	315	43.4142
10	maps/rooms/8room_038.map	512	512	27	427	51	410	43.3848
10	maps/rooms/8room_038.map	512	512	21	35	11	71	43.6569
10	maps/rooms/8room_038.map	512	512	203	85	191	122	43.9706
10	maps/rooms/8room_038.map	512	512	95	61	125	86	43.2843
9	maps/rooms/8room_038.map	512	512	123	203	134	237	39.7279
9	maps/rooms/8room_038.map	512	512	423	126	420	162	39.2426
9	maps/rooms/8room_038.map	512	512	196	399	229	390	39.2132
9	maps/rooms/8room_038.map	512	512	360	54	353	83	39.8995
9	maps/rooms/8room_038.map	512	512	53	123	60	95	39.1421
9	maps/rooms/8room_038.map	512	512	69	35	69	69	39.799
9	maps/rooms/8room_038.map	512	512	406	370	375	366	39.9706
9	maps/rooms/8room_038.map	512	512	206	242	229	233	39.799
9	maps/rooms/8room_038.map	512	512	60	195	95	193	39.9706
8	maps/rooms/8room_038.map	512	512	147	493	128	469	35.3848
8	maps/rooms/8room_038.map	512	512	383	262	360	286	35.2843
8	maps/rooms/8room_038.map	512	512	347	223	323	236	35.2426
8	maps/rooms/8room_038.map	512	512	447	250	423	267	35.1421
8	maps/rooms/8room_038.map	512	512	376	174	399	192	35.9706
7	maps/rooms/8room_038.map	512	512	398	283	368	279	31.6569
7	maps/rooms/8room_038.map	512	512	34	473	57	488	31.5563
7	maps/rooms/8room_038.map	512	512	212	310	226	333	31.9706
7	maps/rooms/8room_038.map	512	512	361	152	345	175	31.9706
7	maps/rooms/8room_038.map	512	512	377	466	348	465	31.0711
7	maps/rooms/8room_038.map	512	512	223	135	240	151	31.2426
7	maps/rooms/8room_038.map	512	512	208	143	214	161	31.5563
7	maps/rooms/8room_038.map	512	512	174	317	197	310	31.3137
6	maps/rooms/8room_038.map	512	512	106	38	89	23	27.3137
6	maps/rooms/8room_038.map	512	512	371	28	391	40	27.3137
6	maps/rooms/8room_038.map	512	512	511	469	490	456	27.5563
6	maps/rooms/8room_038.map	512	512	473	226	492	222	27.9706
6	maps/rooms/8room_038.map	512	512	143	418	159	403	27.3848
6	maps/rooms/8room_038.map	512	512	469	2	448	13	27.3137
6	maps/rooms/8room_038.map	512	512	406	245	394	224	27.1421
6	maps/rooms/8room_038.map	512	512	210	467	233	478	27.5563
6	maps/rooms/8room_038.map	512	512	327	41	352	34	27.8995
5	maps/rooms/8room_038.map	512	512	196	426	207	445	23.5563
5	maps/rooms/8room_038.map	512	512	502	274	492	276	23.8995
5	maps/rooms/8room_038.map	512	512	360	201	363	183	23.3848
5	maps/rooms/8room_038.map	512	512	472	340	471	324	23.7279
5	maps/rooms/8room_038.map	512	512	100	214	106	235	23.4853
5	maps/rooms/8room_038.map	512	512	101	185	95	200	23.8284
5	maps/rooms/8room_038.map	512	512	302	484	296	463	23.4853
5	maps/rooms/8room_038.map	512	512	342	63	323	67	23
4	maps/rooms/8room_038.map	512	512	75	453	79	471	19.6569
4	maps/rooms/8room_038.map	512	512	260	9	265	26	19.0711
4	maps/rooms/8room_038.map	512	512	379	238	370	222	19.7279
4	maps/rooms/8room_038.map	512	512	76	103	63	93	19.4853
4	maps/rooms/8room_038.map	512	512	154	69	139	79	19.1421
4	maps/rooms/8room_038.map	512	512	410	415	391	413	19.8284
4	maps/rooms/8room_038.map	512	512	476	362	476	343	19
4	maps/rooms/8room_038.map	512	512	380	447	376	429	19.6569
4	maps/rooms/8room_038.map	512	512	358	295	346	297	18.7279
4	maps/rooms/8room_038.map	512	512	213	342	219	330	19.8995
3	maps/rooms/8room_038.map	512	512	395	436	392	450	15.2426
3	maps/rooms/8room_038.map	512	512	403	318	404	303	15.4142
3	maps/rooms/8room_038.map	512	512	466	139	474	127	15.3137
3	maps/rooms/8room_038.map	512	512	468	154	471	165	15.3137
3	maps/rooms/8room_038.map	512	512	265	213	278	212	15.8995
3	maps/rooms/8room_038.map	512	512	132	110	136	122	15.4142
3	maps/rooms/8room_038.map	512	512	169	238	182	232	15.4853
3	maps/rooms/8room_038.map	512	512	172	317	181	307	14.8995
3	maps/rooms/8room_038.map	512	512	419	31	426	43	15.4853
3	maps/rooms/8room_038.map	512	512	40	205	47	218	15.8995
2	maps/rooms/8room_038.map	512	512	389	253	390	242	11.4142
2	maps/rooms/8room_038.map	512	512	102	122	107	113	11.0711
2	maps/rooms/8room_038.map	512	512	45	54	43	43	11.8284
2	maps/rooms/8room_038.map	512	512	29	380	35	373	11.8284
2	maps/rooms/8room_038.map	512	512	359	266	350	271	11.0711
2	maps/rooms/8room_038.map	512	512	281	331	270	329	11.8284
2	maps/rooms/8room_038.map	512	512	34	378	44	375	11.2426
2	maps/rooms/8room_038.map	512	512	396	326	385	328	11.8284
2	maps/rooms/8room_038.map	512	512	133	130	144	132	11.8284
2	maps/rooms/8room_038.map	512	512	291	116	300	121	11.0711
1	maps/rooms/8room_038.map	512	512	185	186	185	193	7
1	maps/rooms/8room_038.map	512	512	11	493	16	488	7.07107
1	maps/rooms/8room_038.map	512	512	318	344	323	342	7.82843
1	maps/rooms/8room_038.map	512	512	422	389	421	382	7.41421
1	maps/rooms/8room_038.map	512	512	4	205	4	212	7
1	maps/rooms/8room_038.map	512	512	375	475	380	470	7.07107
1	maps/rooms/8room_038.map	512	512	426	189	419	191	7.82843
1	maps/rooms/8room_038.map	512	512	129	51	134	47	7.82843
1	maps/rooms/8room_038.map	512	512	477	141	482	137	7.82843
1	maps/rooms/8room_038.map	512	512	51	78	58	79	7.41421
0	maps/rooms/8room_038.map	512	512	69	126	71	124	2.82843
0	maps/rooms/8room_038.map	512	512	155	86	155	89	3
0	maps/rooms/8room_038.map	512	512	419	35	421	38	3.82843
0	maps/rooms/8room_038.map	512	512	104	508	104	505	3
0	maps/rooms/8room_038.map	512	512	3	379	5	377	2.82843
0	maps/rooms/8room_038.map	512	512	227	504	227	501	3
0	maps/rooms/8room_038.map	512	512	445	335	445	332	3
0	maps/rooms/8room_038.map	512	512	75	476	78	476	3
0	maps/rooms/8room_038.map	512	512	475	269	473	267	2.82843
0	maps/rooms/8room_038.map	512	512	505	30	503	28	2.82843
