version 1
127	maps/rooms/8room_021.map	512	512	403	356	50	412	511.333
81	maps/rooms/8room_021.map	512	512	91	200	354	246	327.652
36	maps/rooms/8room_021.map	512	512	359	373	411	274	146.154
72	maps/rooms/8room_021.map	512	512	313	142	234	342	290.966
56	maps/rooms/8room_021.map	512	512	83	294	213	174	224.167
31	maps/rooms/8room_021.map	512	512	120	396	178	365	125.426
67	maps/rooms/8room_021.map	512	512	175	346	2	202	270.966
99	maps/rooms/8room_021.map	512	512	41	279	293	368	397.877
124	maps/rooms/8room_021.map	512	512	30	167	403	69	496.588
127	maps/rooms/8room_021.map	512	512	373	415	12	360	511.588
97	maps/rooms/8room_021.map	512	512	184	278	85	500	389.333
127	maps/rooms/8room_021.map	512	512	382	410	242	72	511.345
118	maps/rooms/8room_021.map	512	512	258	35	149	412	472.777
101	maps/rooms/8room_021.map	512	512	165	326	102	31	406.208
67	maps/rooms/8room_021.map	512	512	409	277	221	390	271.167
51	maps/rooms/8room_021.map	512	512	198	151	282	12	206.823
79	maps/rooms/8room_021.map	512	512	483	354	348	137	319.321
127	maps/rooms/8room_021.map	512	512	14	312	423	293	511.019
62	maps/rooms/8room_021.map	512	512	187	335	108	196	248.167
127	maps/rooms/8room_021.map	512	512	489	98	309	458	511.262
42	maps/rooms/8room_021.map	512	512	215	35	255	137	168.368
88	maps/rooms/8room_021.map	512	512	234	505	483	407	354.321
53	maps/rooms/8room_021.map	512	512	425	475	382	312	212.024
64	maps/rooms/8room_021.map	512	512	345	166	349	158	256.652
95	maps/rooms/8room_021.map	512	512	407	146	263	379	383.049
114	maps/rooms/8room_021.map	512	512	457	404	117	443	459.676
123	maps/rooms/8room_021.map	512	512	222	343	357	43	494.889
127	maps/rooms/8room_021.map	512	512	452	74	343	431	511.889
110	maps/rooms/8room_021.map	512	512	117	315	418	155	442.304
92	maps/rooms/8room_021.map	512	512	195	168	443	350	370.392
11	maps/rooms/8room_021.map	512	512	211	488	242	466	45.3848
92	maps/rooms/8room_021.map	512	512	346	246	186	9	368.747
60	maps/rooms/8room_021.map	512	512	405	142	302	286	243.451
115	maps/rooms/8room_021.map	512	512	334	482	18	392	462.635
113	maps/rooms/8room_021.map	512	512	312	371	4	478	454.889
73	maps/rooms/8room_021.map	512	512	232	103	441	67	293.652
124	maps/rooms/8room_021.map	512	512	471	473	115	405	497.789
40	maps/rooms/8room_021.map	512	512	88	204	79	95	163.539
66	maps/rooms/8room_021.map	512	512	410	253	411	437	264.924
57	maps/rooms/8room_021.map	512	512	212	303	333	370	231.238
55	maps/rooms/8room_021.map	512	512	506	299	363	398	220.51
82	maps/rooms/8room_021.map	512	512	230	442	153	196	328.581
125	maps/rooms/8room_021.map	512	512	507	120	151	131	502.889
91	maps/rooms/8room_021.map	512	512	133	285	84	5	367.693
127	maps/rooms/8room_021.map	512	512	505	355	118	471	511.274
49	maps/rooms/8room_021.map	512	512	422	388	287	453	196.024
100	maps/rooms/8room_021.map	512	512	59	461	313	330	401.149
89	maps/rooms/8room_021.map	512	512	31	105	308	121	359.392
127	maps/rooms/8room_021.map	512	512	375	511	426	100	511.061
119	maps/rooms/8room_021.map	512	512	414	57	18	74	477.149
89	maps/rooms/8room_021.map	512	512	19	140	175	371	356.463
53	maps/rooms/8room_021.map	512	512	381	262	248	159	214.409
71	maps/rooms/8room_021.map	512	512	306	254	459	101	284.149
127	maps/rooms/8room_021.map	512	512	413	25	412	402	511.747
85	maps/rooms/8room_021.map	512	512	325	323	132	508	342.007
123	maps/rooms/8room_021.map	512	512	484	394	117	329	492.191
39	maps/rooms/8room_021.map	512	512	311	11	371	109	159.64
39	maps/rooms/8room_021.map	512	512	125	239	167	325	156.326
72	maps/rooms/8room_021.map	512	512	331	328	285	132	288.208
97	maps/rooms/8room_021.map	512	512	435	54	217	12	390.434
127	maps/rooms/8room_021.map	512	512	20	465	326	229	511.848
103	maps/rooms/8room_021.map	512	512	107	501	456	441	412.362
121	maps/rooms/8room_021.map	512	512	194	51	106	413	487.747
126	maps/rooms/8room_021.map	512	512	461	504	259	128	507.304
82	maps/rooms/8room_021.map	512	512	258	166	62	51	331.534
126	maps/rooms/8room_021.map	512	512	324	420	343	75	506.718
79	maps/rooms/8room_021.map	512	512	75	210	238	306	319.007
79	maps/rooms/8room_021.map	512	512	270	406	313	169	317.137
121	maps/rooms/8room_021.map	512	512	245	122	427	462	486.475
94	maps/rooms/8room_021.map	512	512	40	459	265	430	377.907
91	maps/rooms/8room_021.map	512	512	357	247	168	444	364.836
126	maps/rooms/8room_021.map	512	512	488	41	162	211	507.019
43	maps/rooms/8room_021.map	512	512	197	153	109	259	174.569
126	maps/rooms/8room_021.map	512	512	490	389	127	255	507.86
91	maps/rooms/8room_021.map	512	512	233	293	113	481	366.392
126	maps/rooms/8room_021.map	512	512	429	138	138	383	507.789
54	maps/rooms/8room_021.map	512	512	356	372	303	245	216.468
87	maps/rooms/8room_021.map	512	512	347	146	121	126	349.806
96	maps/rooms/8room_021.map	512	512	367	218	132	422	386.179
122	maps/rooms/8room_021.map	512	512	250	471	403	137	488.262
100	maps/rooms/8room_021.map	512	512	340	186	162	383	402.078
124	maps/rooms/8room_021.map	512	512	503	175	169	378	496.789
126	maps/rooms/8room_021.map	512	512	406	35	485	350	507.262
105	maps/rooms/8room_021.map	512	512	381	345	198	70	420.576
126	maps/rooms/8room_021.map	512	512	414	500	243	148	506.647
72	maps/rooms/8room_021.map	512	512	326	88	348	292	289.966
46	maps/rooms/8room_021.map	512	512	405	120	366	234	185.267
124	maps/rooms/8room_021.map	512	512	503	491	281	130	496.789
122	maps/rooms/8room_021.map	512	512	412	409	67	274	488.375
44	maps/rooms/8room_021.map	512	512	142	242	195	369	179.296
69	maps/rooms/8room_021.map	512	512	23	299	219	189	278.451
117	maps/rooms/8room_021.map	512	512	489	434	146	379	471.99
126	maps/rooms/8room_021.map	512	512	217	505	498	201	507.174
108	maps/rooms/8room_021.map	512	512	62	68	392	67	433.049
113	maps/rooms/8room_021.map	512	512	418	203	83	212	454.676
69	maps/rooms/8room_021.map	512	512	196	83	405	25	279.551
49	maps/rooms/8room_021.map	512	512	42	404	174	390	197.439
29	maps/rooms/8room_021.map	512	512	203	271	106	259	116.255
119	maps/rooms/8room_021.map	512	512	394	327	67	438	476.434
80	maps/rooms/8room_021.map	512	512	263	82	2	105	320.735
33	maps/rooms/8room_021.map	512	512	459	395	405	314	135.125
39	maps/rooms/8room_021.map	512	512	167	37	186	169	159.326
104	maps/rooms/8room_021.map	512	512	511	297	332	4	419.907
107	maps/rooms/8room_021.map	512	512	491	276	262	15	430.576
81	maps/rooms/8room_021.map	512	512	314	383	398	195	325.622
126	maps/rooms/8room_021.map	512	512	164	383	199	7	507.877
94	maps/rooms/8room_021.map	512	512	431	382	346	170	378.664
49	maps/rooms/8room_021.map	512	512	254	328	111	306	197.024
45	maps/rooms/8room_021.map	512	512	50	372	127	376	182.095
105	maps/rooms/8room_021.map	512	512	276	74	383	394	421.492
79	maps/rooms/8room_021.map	512	512	219	413	422	310	317.622
102	maps/rooms/8room_021.map	512	512	34	235	363	211	409.392
126	maps/rooms/8room_021.map	512	512	471	314	62	233	507.404
94	maps/rooms/8room_021.map	512	512	426	484	397	198	378.865
69	maps/rooms/8room_021.map	512	512	315	201	143	67	277.279
125	maps/rooms/8room_021.map	512	512	408	82	45	229	503.12
60	maps/rooms/8room_021.map	512	512	488	462	334	476	242.752
63	maps/rooms/8room_021.map	512	512	319	481	139	466	255.551
68	maps/rooms/8room_021.map	512	512	50	123	136	334	275.208
113	maps/rooms/8room_021.map	512	512	284	126	36	351	454.262
84	maps/rooms/8room_021.map	512	512	141	215	265	451	336.492
59	maps/rooms/8room_021.map	512	512	251	332	302	498	236.48
76	maps/rooms/8room_021.map	512	512	397	46	446	287	304.167
125	maps/rooms/8room_021.map	512	512	477	443	139	264	503.617
125	maps/rooms/8room_021.map	512	512	427	37	478	362	503.706
122	maps/rooms/8room_021.map	512	512	452	196	135	345	490.434
111	maps/rooms/8room_021.map	512	512	240	60	505	270	446.789
125	maps/rooms/8room_021.map	512	512	323	74	444	480	503.777
40	maps/rooms/8room_021.map	512	512	299	196	210	90	162.782
59	maps/rooms/8room_021.map	512	512	440	155	326	45	236.267
78	maps/rooms/8room_021.map	512	512	356	314	122	396	315.723
42	maps/rooms/8room_021.map	512	512	463	360	431	236	170.225
48	maps/rooms/8room_021.map	512	512	150	189	280	265	193.74
120	maps/rooms/8room_021.map	512	512	343	87	42	329	483.877
65	maps/rooms/8room_021.map	512	512	37	168	195	312	261.622
35	maps/rooms/8room_021.map	512	512	24	250	125	214	141.083
82	maps/rooms/8room_021.map	512	512	14	199	210	381	330.492
43	maps/rooms/8room_021.map	512	512	118	157	210	70	173.61
45	maps/rooms/8room_021.map	512	512	263	309	379	245	182.569
125	maps/rooms/8room_021.map	512	512	476	230	78	118	503.931
85	maps/rooms/8room_021.map	512	512	110	434	266	345	343.492
125	maps/rooms/8room_021.map	512	512	188	104	457	409	503.831
22	maps/rooms/8room_021.map	512	512	361	423	397	492	91.7696
44	maps/rooms/8room_021.map	512	512	101	71	4	179	178.681
83	maps/rooms/8room_021.map	512	512	412	222	180	106	332.735
124	maps/rooms/8room_021.map	512	512	289	502	6	227	497.688
125	maps/rooms/8room_021.map	512	512	487	461	240	114	503.588
37	maps/rooms/8room_021.map	512	512	427	290	339	349	150.296
88	maps/rooms/8room_021.map	512	512	346	166	84	139	355.149
61	maps/rooms/8room_021.map	512	512	223	451	367	376	247.652
125	maps/rooms/8room_021.map	512	512	52	77	418	299	502.759
73	maps/rooms/8room_021.map	512	512	114	202	316	187	292.966
42	maps/rooms/8room_021.map	512	512	386	257	502	275	168.326
125	maps/rooms/8room_021.map	512	512	426	7	199	324	503.647
124	maps/rooms/8room_021.map	512	512	286	446	283	73	499.789
124	maps/rooms/8room_021.map	512	512	92	397	486	266	498.848
70	maps/rooms/8room_021.map	512	512	374	150	456	366	281.137
62	maps/rooms/8room_021.map	512	512	333	347	276	501	250.823
40	maps/rooms/8room_021.map	512	512	377	166	313	60	163.296
124	maps/rooms/8room_021.map	512	512	6	167	328	412	499.073
113	maps/rooms/8room_021.map	512	512	446	131	213	389	452.304
97	maps/rooms/8room_021.map	512	512	490	412	366	155	388.22
124	maps/rooms/8room_021.map	512	512	131	505	53	150	499.877
124	maps/rooms/8room_021.map	512	512	58	219	468	234	498.605
87	maps/rooms/8room_021.map	512	512	312	54	50	158	348.877
109	maps/rooms/8room_021.map	512	512	406	490	354	156	437.12
105	maps/rooms/8room_021.map	512	512	154	344	317	131	423.563
72	maps/rooms/8room_021.map	512	512	396	405	494	180	290.238
24	maps/rooms/8room_021.map	512	512	196	26	171	88	96.3553
123	maps/rooms/8room_021.map	512	512	51	140	390	334	495.86
114	maps/rooms/8room_021.map	512	512	327	136	422	472	456.12
123	maps/rooms/8room_021.map	512	512	348	327	112	42	495.233
123	maps/rooms/8room_021.map	512	512	482	12	293	263	495.806
64	maps/rooms/8room_021.map	512	512	87	346	136	163	256.267
90	maps/rooms/8room_021.map	512	512	58	68	325	179	363.907
123	maps/rooms/8room_021.map	512	512	83	55	58	451	494.948
123	maps/rooms/8room_021.map	512	512	462	154	123	189	495.99
123	maps/rooms/8room_021.map	512	512	36	278	407	345	495.061
51	maps/rooms/8room_021.map	512	512	209	145	74	148	207.823
81	maps/rooms/8room_021.map	512	512	111	306	151	495	325.108
45	maps/rooms/8room_021.map	512	512	495	139	386	198	180.267
62	maps/rooms/8room_021.map	512	512	263	328	85	283	249.409
62	maps/rooms/8room_021.map	512	512	345	58	226	220	248.338
94	maps/rooms/8room_021.map	512	512	357	447	388	198	377.764
22	maps/rooms/8room_021.map	512	512	68	222	6	255	88.4558
89	maps/rooms/8room_021.map	512	512	245	28	132	263	358.735
112	maps/rooms/8room_021.map	512	512	328	424	31	235	451.99
42	maps/rooms/8room_021.map	512	512	396	412	278	374	169.439
42	maps/rooms/8room_021.map	512	512	373	373	441	490	170.397
123	maps/rooms/8room_021.map	512	512	156	175	389	434	494.96
123	maps/rooms/8room_021.map	512	512	27	422	254	110	495.777
122	maps/rooms/8room_021.map	512	512	495	162	211	435	491.759
122	maps/rooms/8room_021.map	512	512	292	436	107	119	491.99
95	maps/rooms/8room_021.map	512	512	23	251	108	467	383.208
60	maps/rooms/8room_021.map	512	512	340	236	335	62	241.167
50	maps/rooms/8room_021.map	512	512	381	34	223	67	202.64
44	maps/rooms/8room_021.map	512	512	511	285	430	186	177.983
47	maps/rooms/8room_021.map	512	512	231	163	297	91	191.095
39	maps/rooms/8room_021.map	512	512	114	290	72	406	158.61
122	maps/rooms/8room_021.map	512	512	29	149	384	163	491.635
43	maps/rooms/8room_021.map	512	512	234	360	238	510	175.255
53	maps/rooms/8room_021.map	512	512	261	233	406	175	213.794
75	maps/rooms/8room_021.map	512	512	115	38	101	271	301.167
37	maps/rooms/8room_021.map	512	512	58	250	68	134	151.296
103	maps/rooms/8room_021.map	512	512	72	88	78	410	414.149
107	maps/rooms/8room_021.map	512	512	469	424	130	425	431.505
77	maps/rooms/8room_021.map	512	512	359	364	182	508	308.279
65	maps/rooms/8room_021.map	512	512	239	50	12	74	261.167
84	maps/rooms/8room_021.map	512	512	204	27	178	287	336.451
62	maps/rooms/8room_021.map	512	512	509	349	326	299	248.48
120	maps/rooms/8room_021.map	512	512	133	365	499	263	480.191
35	maps/rooms/8room_021.map	512	512	381	450	451	382	141.154
115	maps/rooms/8room_021.map	512	512	197	474	101	139	461.735
39	maps/rooms/8room_021.map	512	512	247	31	151	100	159.953
59	maps/rooms/8room_021.map	512	512	279	197	431	250	236.622
97	maps/rooms/8room_021.map	512	512	110	356	38	44	390.693
119	maps/rooms/8room_021.map	512	512	473	102	291	392	477.061
97	maps/rooms/8room_021.map	512	512	318	290	138	53	391.434
109	maps/rooms/8room_021.map	512	512	335	476	151	189	438.948
42	maps/rooms/8room_021.map	512	512	314	185	399	201	170.338
66	maps/rooms/8room_021.map	512	512	325	275	165	329	266.652
58	maps/rooms/8room_021.map	512	512	281	104	147	234	233.095
122	maps/rooms/8room_021.map	512	512	390	21	117	274	491.404
122	maps/rooms/8room_021.map	512	512	83	53	247	431	491.505
105	maps/rooms/8room_021.map	512	512	187	325	501	386	420.463
122	maps/rooms/8room_021.map	512	512	164	12	80	389	491.191
84	maps/rooms/8room_021.map	512	512	279	88	444	285	336.007
30	maps/rooms/8room_021.map	512	512	317	24	390	43	120.569
52	maps/rooms/8room_021.map	512	512	242	222	105	284	210.924
22	maps/rooms/8room_021.map	512	512	139	328	158	272	91.1838
59	maps/rooms/8room_021.map	512	512	344	242	276	66	237.924
48	maps/rooms/8room_021.map	512	512	462	182	431	343	192.468
106	maps/rooms/8room_021.map	512	512	390	435	246	147	424.191
82	maps/rooms/8room_021.map	512	512	472	474	442	204	328.451
122	maps/rooms/8room_021.map	512	512	7	439	268	213	491.032
121	maps/rooms/8room_021.map	512	512	354	498	290	150	487.789
121	maps/rooms/8room_021.map	512	512	68	8	377	272	487.132
100	maps/rooms/8room_021.map	512	512	47	332	18	38	402.38
121	maps/rooms/8room_021.map	512	512	126	26	361	325	487.345
81	maps/rooms/8room_021.map	512	512	215	105	190	344	326.794
121	maps/rooms/8room_021.map	512	512	21	388	349	203	487.576
81	maps/rooms/8room_021.map	512	512	82	397	37	130	324.894
120	maps/rooms/8room_021.map	512	512	25	402	197	98	481.12
57	maps/rooms/8room_021.map	512	512	88	163	218	213	231.74
121	maps/rooms/8room_021.map	512	512	20	343	373	175	487.818
121	maps/rooms/8room_021.map	512	512	410	472	267	115	486.86
116	maps/rooms/8room_021.map	512	512	339	157	493	491	466.09
64	maps/rooms/8room_021.map	512	512	395	184	239	262	258.451
121	maps/rooms/8room_021.map	512	512	99	458	249	172	487.647
113	maps/rooms/8room_021.map	512	512	108	186	431	109	452.735
121	maps/rooms/8room_021.map	512	512	371	56	102	290	486.99
106	maps/rooms/8room_021.map	512	512	110	479	184	194	424.362
120	maps/rooms/8room_021.map	512	512	43	12	348	269	483.588
94	maps/rooms/8room_021.map	512	512	105	219	220	505	377.451
22	maps/rooms/8room_021.map	512	512	188	106	265	117	91.0122
81	maps/rooms/8room_021.map	512	512	394	245	186	93	326.735
120	maps/rooms/8room_021.map	512	512	486	189	259	499	483.576
120	maps/rooms/8room_021.map	512	512	76	203	436	133	483.99
59	maps/rooms/8room_021.map	512	512	8	263	142	351	237.681
120	maps/rooms/8room_021.map	512	512	382	457	375	67	483.09
51	maps/rooms/8room_021.map	512	512	73	44	24	222	206.782
73	maps/rooms/8room_021.map	512	512	28	202	229	284	295.693
81	maps/rooms/8room_021.map	512	512	444	34	423	201	324.794
78	maps/rooms/8room_021.map	512	512	149	322	346	386	313.978
83	maps/rooms/8room_021.map	512	512	340	494	83	491	333.421
60	maps/rooms/8room_021.map	512	512	101	422	291	506	242.995
68	maps/rooms/8room_021.map	512	512	39	187	187	39	272.894
27	maps/rooms/8room_021.map	512	512	116	426	204	389	108.012
68	maps/rooms/8room_021.map	512	512	18	381	79	199	273.267
102	maps/rooms/8room_021.map	512	512	424	314	173	133	411.362
111	maps/rooms/8room_021.map	512	512	354	226	171	487	447.22
120	maps/rooms/8room_021.map	512	512	29	477	212	136	483.404
77	maps/rooms/8room_021.map	512	512	319	180	406	414	309.208
120	maps/rooms/8room_021.map	512	512	500	253	121	186	483.948
120	maps/rooms/8room_021.map	512	512	163	200	439	437	483.333
22	maps/rooms/8room_021.map	512	512	362	151	344	199	89.0122
119	maps/rooms/8room_021.map	512	512	492	483	207	268	479.262
99	maps/rooms/8room_021.map	512	512	181	444	476	351	398.492
96	maps/rooms/8room_021.map	512	512	263	226	28	5	384.777
91	maps/rooms/8room_021.map	512	512	210	494	366	252	364.25
26	maps/rooms/8room_021.map	512	512	137	247	197	207	105.497
63	maps/rooms/8room_021.map	512	512	348	246	294	404	254.752
73	maps/rooms/8room_021.map	512	512	60	280	139	434	293.894
84	maps/rooms/8room_021.map	512	512	254	119	26	159	337.605
58	maps/rooms/8room_021.map	512	512	158	292	47	149	234.794
119	maps/rooms/8room_021.map	512	512	328	122	143	419	479.12
119	maps/rooms/8room_021.map	512	512	19	479	107	118	479.049
106	maps/rooms/8room_021.map	512	512	443	419	335	87	427.806
82	maps/rooms/8room_021.map	512	512	502	253	302	147	331.078
87	maps/rooms/8room_021.map	512	512	290	359	84	454	351.936
83	maps/rooms/8room_021.map	512	512	358	184	124	227	332.664
119	maps/rooms/8room_021.map	512	512	12	67	367	269	479.96
119	maps/rooms/8room_021.map	512	512	7	333	364	190	479.747
27	maps/rooms/8room_021.map	512	512	395	367	343	291	109.255
119	maps/rooms/8room_021.map	512	512	486	498	226	327	479.233
119	maps/rooms/8room_021.map	512	512	75	206	431	133	478.747
109	maps/rooms/8room_021.map	512	512	148	23	427	231	437.132
118	maps/rooms/8room_021.map	512	512	396	390	74	475	475.617
102	maps/rooms/8room_021.map	512	512	213	121	504	140	410.978
41	maps/rooms/8room_021.map	512	512	187	61	163	169	164.426
100	maps/rooms/8room_021.map	512	512	327	172	23	244	402.836
118	maps/rooms/8room_021.map	512	512	461	329	197	41	475.688
72	maps/rooms/8room_021.map	512	512	286	238	399	71	288.635
118	maps/rooms/8room_021.map	512	512	30	12	337	245	475.203
113	maps/rooms/8room_021.map	512	512	494	474	505	85	455.563
68	maps/rooms/8room_021.map	512	512	472	413	374	196	274.823
118	maps/rooms/8room_021.map	512	512	401	311	123	42	475.576
118	maps/rooms/8room_021.map	512	512	39	318	397	237	474.99
75	maps/rooms/8room_021.map	512	512	45	38	235	167	300.037
48	maps/rooms/8room_021.map	512	512	242	268	90	303	192.539
118	maps/rooms/8room_021.map	512	512	452	22	150	224	475.262
47	maps/rooms/8room_021.map	512	512	263	216	366	291	190.368
5	maps/rooms/8room_021.map	512	512	444	430	434	411	23.1421
118	maps/rooms/8room_021.map	512	512	19	69	371	270	475.375
118	maps/rooms/8room_021.map	512	512	7	68	57	442	475.848
114	maps/rooms/8room_021.map	512	512	244	8	409	239	459.588
97	maps/rooms/8room_021.map	512	512	356	467	316	182	390.22
118	maps/rooms/8room_021.map	512	512	187	430	362	108	475.96
108	maps/rooms/8room_021.map	512	512	367	130	482	477	433.463
96	maps/rooms/8room_021.map	512	512	333	162	152	393	384.35
117	maps/rooms/8room_021.map	512	512	219	421	313	59	471.12
64	maps/rooms/8room_021.map	512	512	269	265	238	472	259.924
114	maps/rooms/8room_021.map	512	512	247	18	398	301	459.002
111	maps/rooms/8room_021.map	512	512	169	32	254	394	446.806
50	maps/rooms/8room_021.map	512	512	242	172	309	39	202.51
84	maps/rooms/8room_021.map	512	512	188	451	259	248	337.179
47	maps/rooms/8room_021.map	512	512	247	72	103	91	189.61
43	maps/rooms/8room_021.map	512	512	178	71	277	6	174.267
108	maps/rooms/8room_021.map	512	512	303	22	10	78	435.978
64	maps/rooms/8room_021.map	512	512	261	260	261	52	256.267
117	maps/rooms/8room_021.map	512	512	221	95	244	472	471.706
110	maps/rooms/8room_021.map	512	512	232	454	445	178	443.576
61	maps/rooms/8room_021.map	512	512	147	58	56	226	244.782
51	maps/rooms/8room_021.map	512	512	25	255	87	103	207.338
117	maps/rooms/8room_021.map	512	512	450	61	398	291	471.948
117	maps/rooms/8room_021.map	512	512	123	310	494	209	471.304
55	maps/rooms/8room_021.map	512	512	186	70	310	209	222.823
96	maps/rooms/8room_021.map	512	512	362	247	137	342	384.007
61	maps/rooms/8room_021.map	512	512	438	76	360	242	244.995
56	maps/rooms/8room_021.map	512	512	57	332	108	185	227.196
106	maps/rooms/8room_021.map	512	512	508	285	166	403	426.149
54	maps/rooms/8room_021.map	512	512	229	479	83	436	216.238
59	maps/rooms/8room_021.map	512	512	387	486	323	308	238.208
117	maps/rooms/8room_021.map	512	512	127	283	497	205	471.404
117	maps/rooms/8room_021.map	512	512	470	404	156	162	471.688
83	maps/rooms/8room_021.map	512	512	215	294	466	223	333.865
65	maps/rooms/8room_021.map	512	512	31	327	195	461	260.409
117	maps/rooms/8room_021.map	512	512	92	427	163	81	471.09
80	maps/rooms/8room_021.map	512	512	468	62	263	106	323.108
85	maps/rooms/8room_021.map	512	512	349	314	111	354	342.35
69	maps/rooms/8room_021.map	512	512	295	182	100	133	279.037
112	maps/rooms/8room_021.map	512	512	21	374	133	50	449.179
60	maps/rooms/8room_021.map	512	512	341	233	155	259	241.924
117	maps/rooms/8room_021.map	512	512	359	406	111	217	471.132
108	maps/rooms/8room_021.map	512	512	300	83	244	423	432.392
51	maps/rooms/8room_021.map	512	512	417	345	356	180	207.196
117	maps/rooms/8room_021.map	512	512	180	487	267	100	471.262
116	maps/rooms/8room_021.map	512	512	42	277	388	315	466.777
59	maps/rooms/8room_021.map	512	512	440	388	315	258	238.095
108	maps/rooms/8room_021.map	512	512	185	482	117	168	433.907
16	maps/rooms/8room_021.map	512	512	249	117	255	169	67.2132
100	maps/rooms/8room_021.map	512	512	31	205	315	295	403.321
62	maps/rooms/8room_021.map	512	512	357	170	415	30	251.137
81	maps/rooms/8room_021.map	512	512	164	137	5	249	327.995
61	maps/rooms/8room_021.map	512	512	149	89	277	233	244.267
27	maps/rooms/8room_021.map	512	512	454	364	470	451	110.497
116	maps/rooms/8room_021.map	512	512	149	500	455	285	467.434
73	maps/rooms/8room_021.map	512	512	45	419	57	220	294.137
116	maps/rooms/8room_021.map	512	512	262	131	59	422	466.475
116	maps/rooms/8room_021.map	512	512	469	88	391	464	467.505
116	maps/rooms/8room_021.map	512	512	487	37	231	229	467.706
98	maps/rooms/8room_021.map	512	512	51	282	253	62	394.049
116	maps/rooms/8room_021.map	512	512	261	479	45	162	467.96
49	maps/rooms/8room_021.map	512	512	276	326	435	287	197.196
104	maps/rooms/8room_021.map	512	512	226	71	499	84	418.392
79	maps/rooms/8room_021.map	512	512	376	115	199	19	318.563
86	maps/rooms/8room_021.map	512	512	292	266	2	242	346.451
107	maps/rooms/8room_021.map	512	512	308	473	139	251	430.304
99	maps/rooms/8room_021.map	512	512	162	189	441	355	397.635
116	maps/rooms/8room_021.map	512	512	498	111	238	342	467.919
104	maps/rooms/8room_021.map	512	512	233	39	441	175	417.304
109	maps/rooms/8room_021.map	512	512	419	395	210	127	437.09
116	maps/rooms/8room_021.map	512	512	231	37	389	333	467.789
116	maps/rooms/8room_021.map	512	512	376	443	252	111	467.061
115	maps/rooms/8room_021.map	512	512	429	488	296	136	463.09
115	maps/rooms/8room_021.map	512	512	6	187	269	458	462.86
8	maps/rooms/8room_021.map	512	512	472	280	489	258	34.8995
61	maps/rooms/8room_021.map	512	512	133	414	89	506	247.966
75	maps/rooms/8room_021.map	512	512	4	282	236	248	301.279
39	maps/rooms/8room_021.map	512	512	311	331	363	228	158.74
115	maps/rooms/8room_021.map	512	512	409	79	263	399	463.99
115	maps/rooms/8room_021.map	512	512	338	184	500	452	463.061
115	maps/rooms/8room_021.map	512	512	409	354	205	60	463.061
15	maps/rooms/8room_021.map	512	512	494	365	440	373	62.6274
115	maps/rooms/8room_021.map	512	512	310	37	250	387	463.706
114	maps/rooms/8room_021.map	512	512	35	82	157	405	456.706
84	maps/rooms/8room_021.map	512	512	106	348	312	431	339.291
115	maps/rooms/8room_021.map	512	512	61	445	259	148	463.475
90	maps/rooms/8room_021.map	512	512	88	242	389	279	360.593
79	maps/rooms/8room_021.map	512	512	278	247	457	421	317.35
94	maps/rooms/8room_021.map	512	512	26	167	166	427	376.392
115	maps/rooms/8room_021.map	512	512	246	421	270	40	463.676
114	maps/rooms/8room_021.map	512	512	491	262	132	147	459.061
114	maps/rooms/8room_021.map	512	512	5	296	327	169	459.233
48	maps/rooms/8room_021.map	512	512	100	29	252	82	195.125
59	maps/rooms/8room_021.map	512	512	29	14	220	28	236.782
110	maps/rooms/8room_021.map	512	512	185	27	450	108	441.505
93	maps/rooms/8room_021.map	512	512	86	150	361	198	374.706
114	maps/rooms/8room_021.map	512	512	358	58	190	385	459.049
99	maps/rooms/8room_021.map	512	512	100	333	20	4	399.794
106	maps/rooms/8room_021.map	512	512	280	407	238	94	427.635
94	maps/rooms/8room_021.map	512	512	453	18	339	243	378.664
114	maps/rooms/8room_021.map	512	512	291	9	93	325	459.262
39	maps/rooms/8room_021.map	512	512	56	367	125	259	157.569
97	maps/rooms/8room_021.map	512	512	412	172	139	255	391.019
30	maps/rooms/8room_021.map	512	512	175	89	98	82	121.296
92	maps/rooms/8room_021.map	512	512	489	269	331	20	368.38
101	maps/rooms/8room_021.map	512	512	140	101	275	383	407.836
114	maps/rooms/8room_021.map	512	512	485	411	171	294	458.647
50	maps/rooms/8room_021.map	512	512	95	312	167	439	200.439
104	maps/rooms/8room_021.map	512	512	280	307	154	44	418.848
106	maps/rooms/8room_021.map	512	512	261	46	396	370	427.291
113	maps/rooms/8room_021.map	512	512	212	463	397	172	455.99
113	maps/rooms/8room_021.map	512	512	35	28	74	394	455.492
113	maps/rooms/8room_021.map	512	512	431	183	212	434	455.161
113	maps/rooms/8room_021.map	512	512	182	424	107	85	455.563
102	maps/rooms/8room_021.map	512	512	402	446	178	279	409.132
68	maps/rooms/8room_021.map	512	512	297	43	278	204	273.38
105	maps/rooms/8room_021.map	512	512	180	223	443	388	420.635
53	maps/rooms/8room_021.map	512	512	168	260	283	313	213.823
88	maps/rooms/8room_021.map	512	512	275	100	306	324	354.806
112	maps/rooms/8room_021.map	512	512	58	438	242	148	451.99
112	maps/rooms/8room_021.map	512	512	317	85	247	436	451.877
99	maps/rooms/8room_021.map	512	512	152	93	159	391	399.066
63	maps/rooms/8room_021.map	512	512	18	6	216	85	254.581
25	maps/rooms/8room_021.map	512	512	284	25	333	44	102.284
43	maps/rooms/8room_021.map	512	512	229	77	299	207	173.539
63	maps/rooms/8room_021.map	512	512	10	399	163	434	255.681
52	maps/rooms/8room_021.map	512	512	442	199	494	379	208.368
94	maps/rooms/8room_021.map	512	512	115	343	394	333	379.25
112	maps/rooms/8room_021.map	512	512	50	26	70	398	451.664
74	maps/rooms/8room_021.map	512	512	151	374	357	386	299.421
112	maps/rooms/8room_021.map	512	512	55	60	400	119	451.605
27	maps/rooms/8room_021.map	512	512	86	279	31	285	111.426
112	maps/rooms/8room_021.map	512	512	364	279	68	413	451.806
110	maps/rooms/8room_021.map	512	512	331	220	7	363	441.434
107	maps/rooms/8room_021.map	512	512	119	242	460	316	430.605
112	maps/rooms/8room_021.map	512	512	107	402	464	330	451.049
40	maps/rooms/8room_021.map	512	512	259	358	239	246	162.125
77	maps/rooms/8room_021.map	512	512	339	278	500	425	308.936
94	maps/rooms/8room_021.map	512	512	233	121	346	366	379.706
60	maps/rooms/8room_021.map	512	512	31	287	42	356	243.196
78	maps/rooms/8room_021.map	512	512	94	222	221	8	312.865
112	maps/rooms/8room_021.map	512	512	97	342	405	481	451.132
112	maps/rooms/8room_021.map	512	512	134	472	115	178	451.735
80	maps/rooms/8room_021.map	512	512	91	438	230	366	320.723
74	maps/rooms/8room_021.map	512	512	356	103	423	332	299.037
111	maps/rooms/8room_021.map	512	512	280	453	297	125	447.777
106	maps/rooms/8room_021.map	512	512	334	395	430	163	426.191
111	maps/rooms/8room_021.map	512	512	30	148	368	249	447.593
106	maps/rooms/8room_021.map	512	512	162	478	459	366	425.191
94	maps/rooms/8room_021.map	512	512	377	168	119	310	378.777
111	maps/rooms/8room_021.map	512	512	404	42	386	313	446.948
98	maps/rooms/8room_021.map	512	512	332	280	163	13	393.22
42	maps/rooms/8room_021.map	512	512	471	379	340	319	168.983
111	maps/rooms/8room_021.map	512	512	332	163	38	338	447.434
104	maps/rooms/8room_021.map	512	512	364	408	475	154	418.262
77	maps/rooms/8room_021.map	512	512	483	127	471	383	310.167
97	maps/rooms/8room_021.map	512	512	92	437	13	237	388.179
32	maps/rooms/8room_021.map	512	512	168	91	83	88	130.811
81	maps/rooms/8room_021.map	512	512	461	420	231	361	327.007
111	maps/rooms/8room_021.map	512	512	485	471	234	204	447.99
106	maps/rooms/8room_021.map	512	512	7	357	325	360	424.605
107	maps/rooms/8room_021.map	512	512	218	67	328	355	430.434
111	maps/rooms/8room_021.map	512	512	38	5	85	376	447.179
85	maps/rooms/8room_021.map	512	512	19	358	190	135	340.693
79	maps/rooms/8room_021.map	512	512	415	443	158	483	317.593
111	maps/rooms/8room_021.map	512	512	53	338	307	77	447.534
110	maps/rooms/8room_021.map	512	512	50	26	200	356	443.463
110	maps/rooms/8room_021.map	512	512	10	294	341	210	443.676
110	maps/rooms/8room_021.map	512	512	37	47	336	263	443.132
49	maps/rooms/8room_021.map	512	512	355	327	490	399	199.368
110	maps/rooms/8room_021.map	512	512	460	124	145	190	443.333
11	maps/rooms/8room_021.map	512	512	42	263	2	251	46.1421
49	maps/rooms/8room_021.map	512	512	148	100	122	216	196.468
33	maps/rooms/8room_021.map	512	512	338	18	243	58	134.113
88	maps/rooms/8room_021.map	512	512	122	412	274	252	355.48
80	maps/rooms/8room_021.map	512	512	342	243	152	84	320.706
85	maps/rooms/8room_021.map	512	512	447	217	252	415	340.421
93	maps/rooms/8room_021.map	512	512	411	386	410	90	375.593
20	maps/rooms/8room_021.map	512	512	306	100	269	149	80.7696
34	maps/rooms/8room_021.map	512	512	78	122	38	211	136.154
110	maps/rooms/8room_021.map	512	512	411	18	216	288	443.676
21	maps/rooms/8room_021.map	512	512	67	358	88	307	84.7696
108	maps/rooms/8room_021.map	512	512	52	195	368	64	432.321
25	maps/rooms/8room_021.map	512	512	19	239	5	172	102.397
110	maps/rooms/8room_021.map	512	512	435	422	116	318	443.475
109	maps/rooms/8room_021.map	512	512	100	22	88	385	439.451
46	maps/rooms/8room_021.map	512	512	179	158	157	9	184.539
109	maps/rooms/8room_021.map	512	512	377	67	393	423	439.362
2	maps/rooms/8room_021.map	512	512	130	170	139	175	11.0711
93	maps/rooms/8room_021.map	512	512	220	259	47	475	375.534
95	maps/rooms/8room_021.map	512	512	285	381	7	412	383.978
59	maps/rooms/8room_021.map	512	512	377	499	216	475	238.095
79	maps/rooms/8room_021.map	512	512	61	111	271	254	318.764
109	maps/rooms/8room_021.map	512	512	346	463	303	152	439.948
34	maps/rooms/8room_021.map	512	512	244	211	154	233	136.468
49	maps/rooms/8room_021.map	512	512	269	135	360	265	196.924
109	maps/rooms/8room_021.map	512	512	507	58	247	179	439.635
93	maps/rooms/8room_021.map	512	512	229	292	392	490	375.576
102	maps/rooms/8room_021.map	512	512	343	151	120	252	410.191
17	maps/rooms/8room_021.map	512	512	134	58	181	19	69.0122
37	maps/rooms/8room_021.map	512	512	286	7	358	60	149.225
79	maps/rooms/8room_021.map	512	512	506	69	347	78	319.622
109	maps/rooms/8room_021.map	512	512	157	508	425	289	439.676
109	maps/rooms/8room_021.map	512	512	36	341	356	194	439.676
99	maps/rooms/8room_021.map	512	512	468	101	258	166	396.203
31	maps/rooms/8room_021.map	512	512	199	66	299	86	126.225
62	maps/rooms/8room_021.map	512	512	108	225	170	52	249.853
54	maps/rooms/8room_021.map	512	512	14	137	153	159	219.468
96	maps/rooms/8room_021.map	512	512	243	392	408	175	384.191
50	maps/rooms/8room_021.map	512	512	221	441	344	346	200.853
17	maps/rooms/8room_021.map	512	512	110	61	78	14	71.0416
102	maps/rooms/8room_021.map	512	512	452	505	136	500	410.889
43	maps/rooms/8room_021.map	512	512	360	238	458	351	174.095
108	maps/rooms/8room_021.map	512	512	85	371	362	194	435.848
58	maps/rooms/8room_021.map	512	512	261	204	437	296	235.966
84	maps/rooms/8room_021.map	512	512	221	375	478	376	337.037
108	maps/rooms/8room_021.map	512	512	479	28	197	177	435.635
58	maps/rooms/8room_021.map	512	512	203	408	359	371	235.551
36	maps/rooms/8room_021.map	512	512	345	454	242	508	144.054
108	maps/rooms/8room_021.map	512	512	25	478	269	274	435.806
108	maps/rooms/8room_021.map	512	512	191	139	319	429	435.706
21	maps/rooms/8room_021.map	512	512	11	150	67	190	84.2843
89	maps/rooms/8room_021.map	512	512	425	365	184	276	356.108
86	maps/rooms/8room_021.map	512	512	66	109	330	28	345.108
107	maps/rooms/8room_021.map	512	512	399	42	137	243	431.149
45	maps/rooms/8room_021.map	512	512	281	281	197	170	180.054
91	maps/rooms/8room_021.map	512	512	41	10	318	36	365.936
73	maps/rooms/8room_021.map	512	512	210	180	71	8	295.309
45	maps/rooms/8room_021.map	512	512	92	303	230	379	180.853
107	maps/rooms/8room_021.map	512	512	172	244	465	363	431.019
21	maps/rooms/8room_021.map	512	512	247	143	313	166	85.1838
82	maps/rooms/8room_021.map	512	512	216	24	206	271	329.593
74	maps/rooms/8room_021.map	512	512	252	127	408	39	297.764
107	maps/rooms/8room_021.map	512	512	95	36	441	18	431.563
104	maps/rooms/8room_021.map	512	512	383	135	59	70	416.706
33	maps/rooms/8room_021.map	512	512	38	59	114	2	135.627
78	maps/rooms/8room_021.map	512	512	271	190	37	275	313.007
75	maps/rooms/8room_021.map	512	512	307	37	156	207	303.35
107	maps/rooms/8room_021.map	512	512	473	235	169	70	431.718
93	maps/rooms/8room_021.map	512	512	179	339	356	146	374.735
59	maps/rooms/8room_021.map	512	512	119	315	294	278	236.995
107	maps/rooms/8room_021.map	512	512	230	313	498	116	431.576
71	maps/rooms/8room_021.map	512	512	68	115	134	325	286.451
96	maps/rooms/8room_021.map	512	512	425	190	451	491	386.037
99	maps/rooms/8room_021.map	512	512	447	362	138	418	398.22
106	maps/rooms/8room_021.map	512	512	2	71	67	406	427.12
105	maps/rooms/8room_021.map	512	512	256	194	152	506	423.505
51	maps/rooms/8room_021.map	512	512	426	33	293	93	207.995
61	maps/rooms/8room_021.map	512	512	242	140	198	321	245.409
105	maps/rooms/8room_021.map	512	512	74	390	183	72	423.635
105	maps/rooms/8room_021.map	512	512	393	68	132	248	423.919
105	maps/rooms/8room_021.map	512	512	204	37	196	366	423.25
71	maps/rooms/8room_021.map	512	512	302	142	116	259	287.208
105	maps/rooms/8room_021.map	512	512	342	301	108	118	423.09
71	maps/rooms/8room_021.map	512	512	42	218	203	378	285.208
10	maps/rooms/8room_021.map	512	512	84	143	63	127	43.1421
79	maps/rooms/8room_021.map	512	512	78	234	67	21	318.208
43	maps/rooms/8room_021.map	512	512	312	344	259	456	172.64
31	maps/rooms/8room_021.map	512	512	206	436	216	347	124.698
104	maps/rooms/8room_021.map	512	512	427	251	170	47	418.99
71	maps/rooms/8room_021.map	512	512	293	456	176	285	284.693
48	maps/rooms/8room_021.map	512	512	275	279	394	322	194.953
104	maps/rooms/8room_021.map	512	512	252	414	77	138	419.492
104	maps/rooms/8room_021.map	512	512	114	457	356	303	419.848
104	maps/rooms/8room_021.map	512	512	109	378	277	87	419.534
54	maps/rooms/8room_021.map	512	512	126	317	286	333	217.581
103	maps/rooms/8room_021.map	512	512	413	268	202	470	415.534
80	maps/rooms/8room_021.map	512	512	269	190	310	354	320.078
103	maps/rooms/8room_021.map	512	512	347	277	82	389	415.25
103	maps/rooms/8room_021.map	512	512	73	107	383	87	415.706
35	maps/rooms/8room_021.map	512	512	237	363	150	341	142.397
103	maps/rooms/8room_021.map	512	512	431	174	467	493	412.38
103	maps/rooms/8room_021.map	512	512	100	5	351	200	415.848
103	maps/rooms/8room_021.map	512	512	139	59	249	386	415.007
103	maps/rooms/8room_021.map	512	512	235	235	479	442	415.233
103	maps/rooms/8room_021.map	512	512	15	85	316	265	415.09
60	maps/rooms/8room_021.map	512	512	313	136	410	137	243.137
69	maps/rooms/8room_021.map	512	512	341	180	197	28	277.279
102	maps/rooms/8room_021.map	512	512	458	361	378	41	411.22
102	maps/rooms/8room_021.map	512	512	67	446	370	453	411.019
102	maps/rooms/8room_021.map	512	512	274	338	314	119	411.777
58	maps/rooms/8room_021.map	512	512	423	16	282	124	235.995
49	maps/rooms/8room_021.map	512	512	287	104	303	250	199.095
32	maps/rooms/8room_021.map	512	512	324	380	383	293	131.983
24	maps/rooms/8room_021.map	512	512	389	200	410	211	99.598
93	maps/rooms/8room_021.map	512	512	71	39	383	19	372.451
102	maps/rooms/8room_021.map	512	512	428	511	278	240	411.735
101	maps/rooms/8room_021.map	512	512	9	338	331	245	407.635
60	maps/rooms/8room_021.map	512	512	69	463	205	395	242.267
101	maps/rooms/8room_021.map	512	512	182	220	465	362	407.191
101	maps/rooms/8room_021.map	512	512	308	499	172	208	407.635
101	maps/rooms/8room_021.map	512	512	344	62	486	356	406.434
101	maps/rooms/8room_021.map	512	512	450	357	226	170	407.191
92	maps/rooms/8room_021.map	512	512	172	150	247	424	368.179
101	maps/rooms/8room_021.map	512	512	124	29	379	266	407.889
80	maps/rooms/8room_021.map	512	512	307	414	491	486	321.38
96	maps/rooms/8room_021.map	512	512	392	223	158	45	384.919
101	maps/rooms/8room_021.map	512	512	37	339	99	41	407.966
54	maps/rooms/8room_021.map	512	512	43	217	143	92	217.125
101	maps/rooms/8room_021.map	512	512	116	110	426	10	406.593
65	maps/rooms/8room_021.map	512	512	76	76	184	254	263.966
100	maps/rooms/8room_021.map	512	512	41	468	50	153	403.321
100	maps/rooms/8room_021.map	512	512	34	115	128	418	403.492
67	maps/rooms/8room_021.map	512	512	314	295	320	82	268.622
100	maps/rooms/8room_021.map	512	512	356	442	178	221	403.149
100	maps/rooms/8room_021.map	512	512	197	100	461	10	403.421
72	maps/rooms/8room_021.map	512	512	3	359	206	428	289.723
100	maps/rooms/8room_021.map	512	512	411	82	90	140	402.706
99	maps/rooms/8room_021.map	512	512	359	73	90	203	399.007
99	maps/rooms/8room_021.map	512	512	508	492	292	260	399.463
72	maps/rooms/8room_021.map	512	512	275	204	424	102	291.492
99	maps/rooms/8room_021.map	512	512	68	148	262	383	399.132
83	maps/rooms/8room_021.map	512	512	317	402	65	428	335.522
98	maps/rooms/8room_021.map	512	512	170	8	198	331	395.451
98	maps/rooms/8room_021.map	512	512	182	509	326	229	395.664
98	maps/rooms/8room_021.map	512	512	75	360	286	142	395.049
50	maps/rooms/8room_021.map	512	512	303	228	238	73	203.196
75	maps/rooms/8room_021.map	512	512	307	485	231	314	301.693
98	maps/rooms/8room_021.map	512	512	72	395	385	335	395.25
83	maps/rooms/8room_021.map	512	512	50	406	213	267	333.907
57	maps/rooms/8room_021.map	512	512	236	269	392	325	231.681
98	maps/rooms/8room_021.map	512	512	43	242	263	468	395.706
96	maps/rooms/8room_021.map	512	512	438	153	205	116	387.505
90	maps/rooms/8room_021.map	512	512	311	317	21	323	360.108
75	maps/rooms/8room_021.map	512	512	239	40	264	227	302.451
98	maps/rooms/8room_021.map	512	512	38	182	379	249	395.38
98	maps/rooms/8room_021.map	512	512	85	159	376	273	395.534
98	maps/rooms/8room_021.map	512	512	185	446	363	191	395.534
97	maps/rooms/8room_021.map	512	512	468	174	249	162	391.049
97	maps/rooms/8room_021.map	512	512	70	284	320	458	391.848
84	maps/rooms/8room_021.map	512	512	259	335	425	510	336.463
48	maps/rooms/8room_021.map	512	512	343	340	391	488	192.409
63	maps/rooms/8room_021.map	512	512	105	244	297	218	252.167
96	maps/rooms/8room_021.map	512	512	218	30	426	200	387.747
87	maps/rooms/8room_021.map	512	512	378	223	391	511	349.836
83	maps/rooms/8room_021.map	512	512	85	116	331	270	332.877
96	maps/rooms/8room_021.map	512	512	453	79	253	294	387.291
95	maps/rooms/8room_021.map	512	512	75	91	341	266	383.919
40	maps/rooms/8room_021.map	512	512	204	218	111	120	161.953
68	maps/rooms/8room_021.map	512	512	150	363	315	419	273.894
21	maps/rooms/8room_021.map	512	512	313	380	279	398	84.5269
95	maps/rooms/8room_021.map	512	512	168	469	167	239	382.764
91	maps/rooms/8room_021.map	512	512	182	176	458	314	364.392
66	maps/rooms/8room_021.map	512	512	231	246	68	132	267.108
95	maps/rooms/8room_021.map	512	512	94	153	68	413	383.321
78	maps/rooms/8room_021.map	512	512	462	458	324	249	312.137
81	maps/rooms/8room_021.map	512	512	190	226	282	488	327.279
86	maps/rooms/8room_021.map	512	512	77	195	322	285	344.522
95	maps/rooms/8room_021.map	512	512	222	6	216	297	383.735
93	maps/rooms/8room_021.map	512	512	217	468	377	223	372.907
95	maps/rooms/8room_021.map	512	512	139	494	63	246	383.279
9	maps/rooms/8room_021.map	512	512	389	93	415	70	37.2843
95	maps/rooms/8room_021.map	512	512	302	502	172	213	383.492
95	maps/rooms/8room_021.map	512	512	155	182	458	196	383.049
78	maps/rooms/8room_021.map	512	512	326	90	102	203	315.066
24	maps/rooms/8room_021.map	512	512	342	93	346	31	96.0416
93	maps/rooms/8room_021.map	512	512	273	273	383	7	375.865
93	maps/rooms/8room_021.map	512	512	159	181	466	236	375.078
93	maps/rooms/8room_021.map	512	512	482	165	273	40	375.037
75	maps/rooms/8room_021.map	512	512	172	254	353	332	302.865
92	maps/rooms/8room_021.map	512	512	121	309	374	174	371.706
60	maps/rooms/8room_021.map	512	512	262	396	404	478	240.853
21	maps/rooms/8room_021.map	512	512	252	435	215	502	86.4264
92	maps/rooms/8room_021.map	512	512	71	214	371	270	371.037
92	maps/rooms/8room_021.map	512	512	87	119	35	367	371.764
92	maps/rooms/8room_021.map	512	512	35	459	191	201	371.706
92	maps/rooms/8room_021.map	512	512	191	258	441	231	371.25
17	maps/rooms/8room_021.map	512	512	466	395	443	447	70.799
90	maps/rooms/8room_021.map	512	512	484	142	439	438	361.936
10	maps/rooms/8room_021.map	512	512	204	470	238	486	41.799
87	maps/rooms/8room_021.map	512	512	473	443	306	236	349.563
92	maps/rooms/8room_021.map	512	512	341	285	261	491	371.179
60	maps/rooms/8room_021.map	512	512	240	216	35	204	243.811
91	maps/rooms/8room_021.map	512	512	269	210	446	448	367.978
63	maps/rooms/8room_021.map	512	512	356	285	244	380	255.267
91	maps/rooms/8room_021.map	512	512	149	491	447	425	367.22
91	maps/rooms/8room_021.map	512	512	364	429	440	164	367.149
91	maps/rooms/8room_021.map	512	512	248	71	392	341	367.22
85	maps/rooms/8room_021.map	512	512	459	264	196	351	340.936
57	maps/rooms/8room_021.map	512	512	203	229	357	283	230.752
46	maps/rooms/8room_021.map	512	512	94	478	128	382	187.882
90	maps/rooms/8room_021.map	512	512	54	83	328	170	363.049
84	maps/rooms/8room_021.map	512	512	168	110	400	222	336.877
90	maps/rooms/8room_021.map	512	512	250	149	83	378	363.321
90	maps/rooms/8room_021.map	512	512	314	451	122	253	361.706
90	maps/rooms/8room_021.map	512	512	335	489	166	287	362.706
90	maps/rooms/8room_021.map	512	512	285	104	327	337	363.291
71	maps/rooms/8room_021.map	512	512	300	73	171	263	286.137
55	maps/rooms/8room_021.map	512	512	240	216	111	319	223.723
74	maps/rooms/8room_021.map	512	512	300	187	95	282	296.451
89	maps/rooms/8room_021.map	512	512	76	233	23	502	356.593
90	maps/rooms/8room_021.map	512	512	53	71	346	110	362.836
54	maps/rooms/8room_021.map	512	512	419	28	374	150	218.095
89	maps/rooms/8room_021.map	512	512	5	502	200	326	359.108
66	maps/rooms/8room_021.map	512	512	190	424	340	293	266.238
61	maps/rooms/8room_021.map	512	512	461	163	302	217	244.421
89	maps/rooms/8room_021.map	512	512	45	392	274	390	358.22
47	maps/rooms/8room_021.map	512	512	95	101	63	245	189.681
89	maps/rooms/8room_021.map	512	512	126	210	181	477	359.664
58	maps/rooms/8room_021.map	512	512	268	243	469	248	235.782
63	maps/rooms/8room_021.map	512	512	488	354	495	147	254.995
86	maps/rooms/8room_021.map	512	512	381	15	200	219	346.037
89	maps/rooms/8room_021.map	512	512	406	264	143	162	358.806
70	maps/rooms/8room_021.map	512	512	205	371	118	185	282.539
88	maps/rooms/8room_021.map	512	512	267	173	169	452	355.836
55	maps/rooms/8room_021.map	512	512	148	105	340	90	221.51
28	maps/rooms/8room_021.map	512	512	317	239	255	244	115.912
89	maps/rooms/8room_021.map	512	512	173	383	54	137	359.492
83	maps/rooms/8room_021.map	512	512	488	425	298	229	334.735
88	maps/rooms/8room_021.map	512	512	175	445	331	287	355.664
73	maps/rooms/8room_021.map	512	512	210	172	2	76	294.108
18	maps/rooms/8room_021.map	512	512	140	319	168	325	75.4558
26	maps/rooms/8room_021.map	512	512	434	313	358	271	107.497
8	maps/rooms/8room_021.map	512	512	266	8	294	15	35.7279
58	maps/rooms/8room_021.map	512	512	290	163	229	42	235.38
37	maps/rooms/8room_021.map	512	512	397	262	332	361	148.811
43	maps/rooms/8room_021.map	512	512	139	307	141	179	174.912
11	maps/rooms/8room_021.map	512	512	341	266	328	231	44.7279
88	maps/rooms/8room_021.map	512	512	331	508	197	258	355.421
88	maps/rooms/8room_021.map	512	512	467	214	229	89	354.706
88	maps/rooms/8room_021.map	512	512	19	319	290	262	355.806
72	maps/rooms/8room_021.map	512	512	152	234	198	454	289.439
31	maps/rooms/8room_021.map	512	512	83	170	145	190	125.213
88	maps/rooms/8room_021.map	512	512	423	485	225	326	355.978
39	maps/rooms/8room_021.map	512	512	156	222	138	103	159.77
87	maps/rooms/8room_021.map	512	512	389	426	252	216	351.149
87	maps/rooms/8room_021.map	512	512	207	416	194	125	351.581
87	maps/rooms/8room_021.map	512	512	55	270	247	431	351.149
87	maps/rooms/8room_021.map	512	512	27	274	306	252	351.25
87	maps/rooms/8room_021.map	512	512	281	384	359	125	351.735
62	maps/rooms/8room_021.map	512	512	329	250	234	67	251.037
35	maps/rooms/8room_021.map	512	512	415	123	341	138	141.468
68	maps/rooms/8room_021.map	512	512	438	262	261	153	275.865
86	maps/rooms/8room_021.map	512	512	440	229	208	138	347.877
86	maps/rooms/8room_021.map	512	512	283	220	442	442	347.25
86	maps/rooms/8room_021.map	512	512	108	418	317	246	347.208
86	maps/rooms/8room_021.map	512	512	7	227	248	383	347.978
86	maps/rooms/8room_021.map	512	512	511	88	279	85	347.108
86	maps/rooms/8room_021.map	512	512	508	175	247	216	347.806
28	maps/rooms/8room_021.map	512	512	198	343	141	311	113.669
84	maps/rooms/8room_021.map	512	512	356	340	313	90	338.522
72	maps/rooms/8room_021.map	512	512	509	157	402	383	290.238
11	maps/rooms/8room_021.map	512	512	229	78	197	75	44.5563
85	maps/rooms/8room_021.map	512	512	186	94	85	352	343.936
65	maps/rooms/8room_021.map	512	512	413	495	219	462	260.48
85	maps/rooms/8room_021.map	512	512	11	89	263	225	343.907
85	maps/rooms/8room_021.map	512	512	183	498	236	222	343.593
63	maps/rooms/8room_021.map	512	512	3	228	47	350	254.51
85	maps/rooms/8room_021.map	512	512	469	313	203	201	342.735
83	maps/rooms/8room_021.map	512	512	171	249	319	432	335.735
63	maps/rooms/8room_021.map	512	512	172	389	132	218	252.338
83	maps/rooms/8room_021.map	512	512	310	292	214	435	334.664
82	maps/rooms/8room_021.map	512	512	333	159	249	386	331.794
82	maps/rooms/8room_021.map	512	512	345	275	234	466	331.622
82	maps/rooms/8room_021.map	512	512	124	45	346	219	331.563
82	maps/rooms/8room_021.map	512	512	88	486	270	362	329.907
80	maps/rooms/8room_021.map	512	512	431	437	167	410	323.007
80	maps/rooms/8room_021.map	512	512	264	312	283	73	323.907
80	maps/rooms/8room_021.map	512	512	468	2	251	53	323.924
41	maps/rooms/8room_021.map	512	512	115	363	130	296	166.024
80	maps/rooms/8room_021.map	512	512	406	403	250	216	323.108
78	maps/rooms/8room_021.map	512	512	101	440	282	382	315.593
78	maps/rooms/8room_021.map	512	512	35	50	303	86	315.137
70	maps/rooms/8room_021.map	512	512	278	52	380	241	281.208
78	maps/rooms/8room_021.map	512	512	463	259	220	360	315.865
78	maps/rooms/8room_021.map	512	512	242	404	65	238	315.108
77	maps/rooms/8room_021.map	512	512	391	191	296	364	311.421
77	maps/rooms/8room_021.map	512	512	287	408	197	194	311.522
77	maps/rooms/8room_021.map	512	512	503	266	247	265	311.208
77	maps/rooms/8room_021.map	512	512	186	87	413	127	311.936
69	maps/rooms/8room_021.map	512	512	158	13	200	239	276.995
77	maps/rooms/8room_021.map	512	512	435	291	252	115	311.735
77	maps/rooms/8room_021.map	512	512	300	29	364	232	311.208
76	maps/rooms/8room_021.map	512	512	59	108	278	239	307.078
76	maps/rooms/8room_021.map	512	512	136	381	355	381	307.836
76	maps/rooms/8room_021.map	512	512	501	115	312	253	307.392
76	maps/rooms/8room_021.map	512	512	216	37	302	249	307.664
76	maps/rooms/8room_021.map	512	512	147	60	376	153	307.522
76	maps/rooms/8room_021.map	512	512	445	92	441	313	306.723
70	maps/rooms/8room_021.map	512	512	6	219	202	318	281.208
76	maps/rooms/8room_021.map	512	512	151	224	246	452	307.208
76	maps/rooms/8room_021.map	512	512	406	149	412	389	307.966
20	maps/rooms/8room_021.map	512	512	290	135	235	120	81.6985
76	maps/rooms/8room_021.map	512	512	277	251	477	408	307.35
31	maps/rooms/8room_021.map	512	512	130	142	76	221	126.497
49	maps/rooms/8room_021.map	512	512	235	232	391	264	196.752
75	maps/rooms/8room_021.map	512	512	350	76	153	217	303.238
75	maps/rooms/8room_021.map	512	512	110	213	345	252	303.865
20	maps/rooms/8room_021.map	512	512	437	140	397	184	82.1838
75	maps/rooms/8room_021.map	512	512	429	182	212	88	303.593
74	maps/rooms/8room_021.map	512	512	439	389	229	367	299.137
49	maps/rooms/8room_021.map	512	512	487	131	485	296	197.326
58	maps/rooms/8room_021.map	512	512	413	461	229	425	232.167
74	maps/rooms/8room_021.map	512	512	171	407	213	190	299.066
74	maps/rooms/8room_021.map	512	512	356	508	373	283	299.522
43	maps/rooms/8room_021.map	512	512	26	26	130	114	174.853
74	maps/rooms/8room_021.map	512	512	41	11	259	125	299.279
65	maps/rooms/8room_021.map	512	512	70	341	59	174	262.752
74	maps/rooms/8room_021.map	512	512	489	76	318	84	299.652
74	maps/rooms/8room_021.map	512	512	490	365	412	123	299.681
73	maps/rooms/8room_021.map	512	512	258	343	68	216	295.108
27	maps/rooms/8room_021.map	512	512	159	139	126	86	111.64
73	maps/rooms/8room_021.map	512	512	218	346	25	419	295.037
73	maps/rooms/8room_021.map	512	512	486	90	435	317	295.48
29	maps/rooms/8room_021.map	512	512	83	431	60	487	117.669
54	maps/rooms/8room_021.map	512	512	297	342	460	271	218.024
72	maps/rooms/8room_021.map	512	512	292	220	247	426	291.794
71	maps/rooms/8room_021.map	512	512	502	150	333	29	287.823
71	maps/rooms/8room_021.map	512	512	164	47	383	91	287.794
69	maps/rooms/8room_021.map	512	512	134	228	328	147	277.936
71	maps/rooms/8room_021.map	512	512	253	366	258	140	287.208
34	maps/rooms/8room_021.map	512	512	197	247	275	237	139.539
71	maps/rooms/8room_021.map	512	512	143	382	268	207	286.894
21	maps/rooms/8room_021.map	512	512	70	274	122	324	86.1838
70	maps/rooms/8room_021.map	512	512	238	29	91	203	283.652
70	maps/rooms/8room_021.map	512	512	199	322	367	169	283.309
70	maps/rooms/8room_021.map	512	512	487	9	398	111	283.61
70	maps/rooms/8room_021.map	512	512	150	7	344	110	283.208
70	maps/rooms/8room_021.map	512	512	4	130	210	99	283.007
50	maps/rooms/8room_021.map	512	512	362	372	249	438	202.439
70	maps/rooms/8room_021.map	512	512	302	233	248	435	283.38
46	maps/rooms/8room_021.map	512	512	236	429	364	427	186.61
30	maps/rooms/8room_021.map	512	512	124	434	20	454	122.083
69	maps/rooms/8room_021.map	512	512	136	214	250	408	279.279
35	maps/rooms/8room_021.map	512	512	410	7	322	68	142.497
41	maps/rooms/8room_021.map	512	512	135	262	253	286	165.196
69	maps/rooms/8room_021.map	512	512	329	98	157	213	279.995
69	maps/rooms/8room_021.map	512	512	63	114	271	37	279.551
37	maps/rooms/8room_021.map	512	512	255	124	156	126	150.681
68	maps/rooms/8room_021.map	512	512	503	294	347	429	275.593
58	maps/rooms/8room_021.map	512	512	361	75	204	135	235.752
25	maps/rooms/8room_021.map	512	512	253	233	245	300	101.569
10	maps/rooms/8room_021.map	512	512	441	226	467	203	40.799
40	maps/rooms/8room_021.map	512	512	247	162	166	92	162.296
68	maps/rooms/8room_021.map	512	512	492	7	367	103	275.368
68	maps/rooms/8room_021.map	512	512	357	398	272	234	275.167
67	maps/rooms/8room_021.map	512	512	211	146	200	333	271.095
67	maps/rooms/8room_021.map	512	512	13	408	198	445	270.894
67	maps/rooms/8room_021.map	512	512	139	223	340	265	271.652
67	maps/rooms/8room_021.map	512	512	300	425	126	453	271.037
67	maps/rooms/8room_021.map	512	512	338	221	121	189	271.853
24	maps/rooms/8room_021.map	512	512	87	107	39	174	96.2548
45	maps/rooms/8room_021.map	512	512	291	196	260	318	182.196
67	maps/rooms/8room_021.map	512	512	407	444	335	263	271.066
58	maps/rooms/8room_021.map	512	512	152	140	116	319	235.61
67	maps/rooms/8room_021.map	512	512	279	453	367	300	271.451
66	maps/rooms/8room_021.map	512	512	136	14	329	90	266.966
21	maps/rooms/8room_021.map	512	512	215	265	165	239	87.2548
66	maps/rooms/8room_021.map	512	512	395	185	214	88	267.622
56	maps/rooms/8room_021.map	512	512	143	146	276	271	224.752
66	maps/rooms/8room_021.map	512	512	471	199	294	85	267.593
66	maps/rooms/8room_021.map	512	512	130	13	295	154	267.38
66	maps/rooms/8room_021.map	512	512	418	135	236	88	267.894
66	maps/rooms/8room_021.map	512	512	75	29	186	181	267.51
65	maps/rooms/8room_021.map	512	512	175	467	200	327	263.167
36	maps/rooms/8room_021.map	512	512	278	221	396	250	145.811
65	maps/rooms/8room_021.map	512	512	82	57	318	52	263.752
65	maps/rooms/8room_021.map	512	512	105	280	11	458	263.238
65	maps/rooms/8room_021.map	512	512	189	223	286	388	262.652
64	maps/rooms/8room_021.map	512	512	362	215	270	398	259.309
64	maps/rooms/8room_021.map	512	512	260	122	413	155	259.037
64	maps/rooms/8room_021.map	512	512	178	337	355	253	259.995
64	maps/rooms/8room_021.map	512	512	35	469	117	273	259.48
57	maps/rooms/8room_021.map	512	512	405	94	229	89	231.267
64	maps/rooms/8room_021.map	512	512	4	361	50	202	259.267
32	maps/rooms/8room_021.map	512	512	232	213	149	239	131.811
63	maps/rooms/8room_021.map	512	512	506	140	342	212	255.279
62	maps/rooms/8room_021.map	512	512	116	461	92	308	251.024
62	maps/rooms/8room_021.map	512	512	328	199	116	186	251.953
5	maps/rooms/8room_021.map	512	512	392	420	406	414	22.4853
61	maps/rooms/8room_021.map	512	512	244	475	50	457	247.238
61	maps/rooms/8room_021.map	512	512	125	325	22	467	247.309
61	maps/rooms/8room_021.map	512	512	221	464	271	273	247.995
48	maps/rooms/8room_021.map	512	512	132	150	233	36	195.853
44	maps/rooms/8room_021.map	512	512	260	199	355	167	178.238
56	maps/rooms/8room_021.map	512	512	343	395	475	270	227.267
57	maps/rooms/8room_021.map	512	512	131	299	186	115	231.953
57	maps/rooms/8room_021.map	512	512	61	111	223	205	231.723
44	maps/rooms/8room_021.map	512	512	437	491	498	393	179.225
57	maps/rooms/8room_021.map	512	512	85	121	87	283	231.681
57	maps/rooms/8room_021.map	512	512	493	6	329	31	231.61
57	maps/rooms/8room_021.map	512	512	18	418	112	278	231.539
56	maps/rooms/8room_021.map	512	512	322	287	421	149	226.865
33	maps/rooms/8room_021.map	512	512	108	316	217	365	134.811
56	maps/rooms/8room_021.map	512	512	53	268	67	401	227.267
56	maps/rooms/8room_021.map	512	512	194	394	82	261	227.51
56	maps/rooms/8room_021.map	512	512	61	187	261	216	227.669
56	maps/rooms/8room_021.map	512	512	167	473	277	393	226.61
39	maps/rooms/8room_021.map	512	512	96	242	56	139	159.024
56	maps/rooms/8room_021.map	512	512	378	306	402	144	227.439
32	maps/rooms/8room_021.map	512	512	357	380	437	439	130.74
55	maps/rooms/8room_021.map	512	512	246	461	260	276	223.024
55	maps/rooms/8room_021.map	512	512	202	27	335	109	223.066
55	maps/rooms/8room_021.map	512	512	36	48	233	60	223.368
35	maps/rooms/8room_021.map	512	512	249	20	125	7	143.811
55	maps/rooms/8room_021.map	512	512	276	306	291	175	223.338
19	maps/rooms/8room_021.map	512	512	422	171	418	102	76.4558
55	maps/rooms/8room_021.map	512	512	75	468	87	295	223.853
55	maps/rooms/8room_021.map	512	512	218	55	334	207	223.137
54	maps/rooms/8room_021.map	512	512	474	198	293	250	219.51
54	maps/rooms/8room_021.map	512	512	487	453	335	460	219.267
54	maps/rooms/8room_021.map	512	512	348	141	287	263	219.309
53	maps/rooms/8room_021.map	512	512	95	11	150	181	215.953
53	maps/rooms/8room_021.map	512	512	95	11	106	198	215.497
53	maps/rooms/8room_021.map	512	512	255	504	399	417	215.752
53	maps/rooms/8room_021.map	512	512	434	45	298	84	215.752
53	maps/rooms/8room_021.map	512	512	453	317	427	151	215.539
53	maps/rooms/8room_021.map	512	512	159	25	318	84	215.681
52	maps/rooms/8room_021.map	512	512	470	262	302	314	211.882
40	maps/rooms/8room_021.map	512	512	104	362	104	222	160.811
52	maps/rooms/8room_021.map	512	512	6	325	146	236	211.468
51	maps/rooms/8room_021.map	512	512	415	135	418	21	205.61
52	maps/rooms/8room_021.map	512	512	428	507	326	397	210.711
52	maps/rooms/8room_021.map	512	512	361	501	393	350	211.167
52	maps/rooms/8room_021.map	512	512	162	125	307	178	211.924
52	maps/rooms/8room_021.map	512	512	389	66	444	220	210.782
52	maps/rooms/8room_021.map	512	512	154	343	279	322	211.439
52	maps/rooms/8room_021.map	512	512	437	136	300	85	211.095
44	maps/rooms/8room_021.map	512	512	83	392	221	354	179.054
51	maps/rooms/8room_021.map	512	512	39	190	226	205	206.669
51	maps/rooms/8room_021.map	512	512	347	402	248	394	207.51
41	maps/rooms/8room_021.map	512	512	477	371	426	507	166.64
43	maps/rooms/8room_021.map	512	512	199	332	98	426	172.983
51	maps/rooms/8room_021.map	512	512	150	136	9	120	207.409
50	maps/rooms/8room_021.map	512	512	436	174	308	198	203.723
50	maps/rooms/8room_021.map	512	512	271	202	237	358	203.681
39	maps/rooms/8room_021.map	512	512	375	226	308	310	157.811
50	maps/rooms/8room_021.map	512	512	444	499	328	410	203.711
50	maps/rooms/8room_021.map	512	512	58	391	137	311	202.924
38	maps/rooms/8room_021.map	512	512	307	142	193	109	155.125
41	maps/rooms/8room_021.map	512	512	127	378	27	456	165.782
48	maps/rooms/8room_021.map	512	512	34	20	137	150	195.752
48	maps/rooms/8room_021.map	512	512	185	326	95	218	195.397
48	maps/rooms/8room_021.map	512	512	20	446	141	381	194.953
47	maps/rooms/8room_021.map	512	512	95	281	199	170	191.024
47	maps/rooms/8room_021.map	512	512	13	323	159	276	191.225
47	maps/rooms/8room_021.map	512	512	400	119	277	91	191.368
37	maps/rooms/8room_021.map	512	512	100	84	75	181	150.87
47	maps/rooms/8room_021.map	512	512	159	300	67	406	191.782
36	maps/rooms/8room_021.map	512	512	340	120	349	218	144.64
47	maps/rooms/8room_021.map	512	512	44	166	92	318	191.397
47	maps/rooms/8room_021.map	512	512	370	271	208	275	191.882
46	maps/rooms/8room_021.map	512	512	246	7	249	102	187.238
46	maps/rooms/8room_021.map	512	512	338	91	300	224	187.811
24	maps/rooms/8room_021.map	512	512	460	370	382	396	98.6274
46	maps/rooms/8room_021.map	512	512	412	340	259	343	186.811
36	maps/rooms/8room_021.map	512	512	94	206	191	235	145.054
46	maps/rooms/8room_021.map	512	512	297	236	161	275	187.368
46	maps/rooms/8room_021.map	512	512	318	255	252	113	187.196
46	maps/rooms/8room_021.map	512	512	217	63	270	177	187.125
45	maps/rooms/8room_021.map	512	512	197	294	249	160	183.439
45	maps/rooms/8room_021.map	512	512	405	194	308	253	183.823
45	maps/rooms/8room_021.map	512	512	324	350	214	322	183.296
45	maps/rooms/8room_021.map	512	512	445	493	297	455	182.711
44	maps/rooms/8room_021.map	512	512	229	280	351	201	179.125
44	maps/rooms/8room_021.map	512	512	478	24	387	46	179.811
44	maps/rooms/8room_021.map	512	512	284	332	163	284	179.167
44	maps/rooms/8room_021.map	512	512	462	170	340	117	179.953
42	maps/rooms/8room_021.map	512	512	491	348	370	262	171.267
36	maps/rooms/8room_021.map	512	512	430	424	370	509	145.368
42	maps/rooms/8room_021.map	512	512	286	61	157	101	171.368
42	maps/rooms/8room_021.map	512	512	498	317	368	268	171.953
41	maps/rooms/8room_021.map	512	512	73	123	211	99	166.853
41	maps/rooms/8room_021.map	512	512	216	509	195	363	167.669
41	maps/rooms/8room_021.map	512	512	18	403	93	319	167.912
41	maps/rooms/8room_021.map	512	512	270	308	238	209	167.267
28	maps/rooms/8room_021.map	512	512	122	207	186	204	112.012
41	maps/rooms/8room_021.map	512	512	493	278	352	268	167.569
40	maps/rooms/8room_021.map	512	512	105	361	70	234	163.497
40	maps/rooms/8room_021.map	512	512	447	346	363	234	163.196
40	maps/rooms/8room_021.map	512	512	72	287	173	193	163.61
38	maps/rooms/8room_021.map	512	512	425	15	368	103	155.426
38	maps/rooms/8room_021.map	512	512	341	226	468	234	155.368
8	maps/rooms/8room_021.map	512	512	233	347	246	372	32.7279
38	maps/rooms/8room_021.map	512	512	446	470	367	370	155.811
38	maps/rooms/8room_021.map	512	512	127	411	95	296	155.811
38	maps/rooms/8room_021.map	512	512	388	251	258	219	155.539
38	maps/rooms/8room_021.map	512	512	102	396	226	430	155.154
38	maps/rooms/8room_021.map	512	512	415	457	348	359	155.024
38	maps/rooms/8room_021.map	512	512	347	87	249	157	154.912
38	maps/rooms/8room_021.map	512	512	268	24	216	139	155.61
37	maps/rooms/8room_021.map	512	512	120	39	149	159	151.326
37	maps/rooms/8room_021.map	512	512	183	469	281	389	151.054
37	maps/rooms/8room_021.map	512	512	491	461	425	346	150.681
28	maps/rooms/8room_021.map	512	512	445	334	363	296	112.225
37	maps/rooms/8room_021.map	512	512	276	478	220	370	151.539
36	maps/rooms/8room_021.map	512	512	488	388	394	341	147.912
36	maps/rooms/8room_021.map	512	512	57	211	176	187	147.184
36	maps/rooms/8room_021.map	512	512	338	477	414	383	147.397
36	maps/rooms/8room_021.map	512	512	382	375	278	322	147.468
35	maps/rooms/8room_021.map	512	512	167	248	235	337	143.711
35	maps/rooms/8room_021.map	512	512	323	271	274	157	143.953
35	maps/rooms/8room_021.map	512	512	27	364	104	286	143.669
35	maps/rooms/8room_021.map	512	512	24	94	124	135	143.811
34	maps/rooms/8room_021.map	512	512	176	52	187	163	139.154
34	maps/rooms/8room_021.map	512	512	120	332	175	223	139.983
34	maps/rooms/8room_021.map	512	512	217	348	271	271	139.811
34	maps/rooms/8room_021.map	512	512	18	406	70	322	139.497
34	maps/rooms/8room_021.map	512	512	195	92	173	195	139.426
34	maps/rooms/8room_021.map	512	512	494	82	501	199	139.012
28	maps/rooms/8room_021.map	512	512	51	495	79	427	112.77
34	maps/rooms/8room_021.map	512	512	370	265	369	146	139.497
33	maps/rooms/8room_021.map	512	512	21	239	132	255	134.74
33	maps/rooms/8room_021.map	512	512	263	82	310	181	135.296
33	maps/rooms/8room_021.map	512	512	4	131	85	181	135.77
33	maps/rooms/8room_021.map	512	512	233	69	247	178	135.184
33	maps/rooms/8room_021.map	512	512	503	57	407	12	135.669
33	maps/rooms/8room_021.map	512	512	18	508	67	401	135.64
32	maps/rooms/8room_021.map	512	512	297	44	355	118	131.497
32	maps/rooms/8room_021.map	512	512	412	359	374	269	131.74
32	maps/rooms/8room_021.map	512	512	413	206	343	114	131.539
32	maps/rooms/8room_021.map	512	512	401	184	494	201	131.882
32	maps/rooms/8room_021.map	512	512	268	467	242	360	131.083
32	maps/rooms/8room_021.map	512	512	197	341	228	238	131.154
31	maps/rooms/8room_021.map	512	512	21	383	92	312	127.355
31	maps/rooms/8room_021.map	512	512	97	473	191	486	127.569
31	maps/rooms/8room_021.map	512	512	5	470	73	393	126.983
31	maps/rooms/8room_021.map	512	512	52	226	150	268	127.154
31	maps/rooms/8room_021.map	512	512	505	187	417	235	127.882
30	maps/rooms/8room_021.map	512	512	381	399	391	318	122.598
30	maps/rooms/8room_021.map	512	512	295	182	237	253	123.912
27	maps/rooms/8room_021.map	512	512	177	296	119	307	108.397
30	maps/rooms/8room_021.map	512	512	183	215	277	213	123.941
30	maps/rooms/8room_021.map	512	512	391	266	466	331	123.497
30	maps/rooms/8room_021.map	512	512	487	435	442	347	122.983
30	maps/rooms/8room_021.map	512	512	169	239	200	327	123.184
30	maps/rooms/8room_021.map	512	512	253	4	222	58	123.711
15	maps/rooms/8room_021.map	512	512	395	183	442	194	60.5269
29	maps/rooms/8room_021.map	512	512	75	239	92	321	119.042
29	maps/rooms/8room_021.map	512	512	302	252	300	146	119.255
29	maps/rooms/8room_021.map	512	512	397	420	330	339	118.953
29	maps/rooms/8room_021.map	512	512	164	425	200	332	119.669
29	maps/rooms/8room_021.map	512	512	341	405	320	393	119.627
29	maps/rooms/8room_021.map	512	512	491	437	442	347	119.811
29	maps/rooms/8room_021.map	512	512	172	418	198	322	119.598
29	maps/rooms/8room_021.map	512	512	375	248	273	234	119.74
28	maps/rooms/8room_021.map	512	512	335	478	252	435	114.811
28	maps/rooms/8room_021.map	512	512	370	263	311	188	115.497
28	maps/rooms/8room_021.map	512	512	5	372	89	322	115.255
28	maps/rooms/8room_021.map	512	512	62	243	115	179	115.669
28	maps/rooms/8room_021.map	512	512	6	490	70	416	115.74
27	maps/rooms/8room_021.map	512	512	40	399	74	461	111.154
27	maps/rooms/8room_021.map	512	512	186	163	197	254	111.841
27	maps/rooms/8room_021.map	512	512	343	324	364	243	110.77
27	maps/rooms/8room_021.map	512	512	404	88	326	91	111.426
26	maps/rooms/8room_021.map	512	512	100	272	166	210	107.74
26	maps/rooms/8room_021.map	512	512	311	163	236	111	107.669
26	maps/rooms/8room_021.map	512	512	223	101	311	86	107.426
26	maps/rooms/8room_021.map	512	512	107	457	70	409	107.627
26	maps/rooms/8room_021.map	512	512	462	260	458	173	106.799
26	maps/rooms/8room_021.map	512	512	68	91	133	142	107.983
26	maps/rooms/8room_021.map	512	512	119	223	191	195	107.74
26	maps/rooms/8room_021.map	512	512	333	407	366	419	107.184
25	maps/rooms/8room_021.map	512	512	201	371	174	295	103.627
25	maps/rooms/8room_021.map	512	512	223	375	247	301	102.77
25	maps/rooms/8room_021.map	512	512	179	105	199	188	103.426
25	maps/rooms/8room_021.map	512	512	157	328	208	298	103.77
25	maps/rooms/8room_021.map	512	512	253	331	331	316	103.527
25	maps/rooms/8room_021.map	512	512	213	155	160	99	103.669
25	maps/rooms/8room_021.map	512	512	234	202	162	238	103.74
24	maps/rooms/8room_021.map	512	512	279	485	247	407	99.2548
20	maps/rooms/8room_021.map	512	512	98	126	150	135	80.4558
24	maps/rooms/8room_021.map	512	512	63	221	87	285	99.9411
24	maps/rooms/8room_021.map	512	512	93	348	122	266	99.5269
24	maps/rooms/8room_021.map	512	512	167	263	108	319	99.4264
24	maps/rooms/8room_021.map	512	512	358	195	302	254	99.3259
23	maps/rooms/8room_021.map	512	512	99	280	156	334	95.7696
23	maps/rooms/8room_021.map	512	512	412	55	348	104	95.4264
23	maps/rooms/8room_021.map	512	512	162	226	232	204	95.9411
23	maps/rooms/8room_021.map	512	512	151	485	190	457	95.669
23	maps/rooms/8room_021.map	512	512	457	179	470	261	95.3848
23	maps/rooms/8room_021.map	512	512	355	84	333	93	95.7696
23	maps/rooms/8room_021.map	512	512	450	438	366	446	95.799
23	maps/rooms/8room_021.map	512	512	234	452	204	385	95.2843
23	maps/rooms/8room_021.map	512	512	164	482	190	450	95.0122
23	maps/rooms/8room_021.map	512	512	338	89	290	140	95.1838
22	maps/rooms/8room_021.map	512	512	341	45	281	91	91.2548
22	maps/rooms/8room_021.map	512	512	75	43	153	59	91.9411
22	maps/rooms/8room_021.map	512	512	142	285	207	274	91.9411
22	maps/rooms/8room_021.map	512	512	459	234	413	298	91.9828
22	maps/rooms/8room_021.map	512	512	346	316	369	248	91.5269
21	maps/rooms/8room_021.map	512	512	93	9	107	79	87.1127
21	maps/rooms/8room_021.map	512	512	20	6	82	46	87.9411
21	maps/rooms/8room_021.map	512	512	377	220	325	198	87.598
20	maps/rooms/8room_021.map	512	512	239	492	243	415	83.4853
20	maps/rooms/8room_021.map	512	512	261	46	206	90	82.8406
20	maps/rooms/8room_021.map	512	512	463	491	438	425	83.6274
20	maps/rooms/8room_021.map	512	512	473	155	441	131	83.3553
20	maps/rooms/8room_021.map	512	512	322	367	379	395	83.7696
20	maps/rooms/8room_021.map	512	512	340	6	327	79	83.2132
19	maps/rooms/8room_021.map	512	512	451	335	402	290	79.9411
19	maps/rooms/8room_021.map	512	512	124	317	164	264	79.1838
19	maps/rooms/8room_021.map	512	512	250	469	250	397	79.4558
19	maps/rooms/8room_021.map	512	512	281	468	243	424	79.8406
19	maps/rooms/8room_021.map	512	512	30	357	76	322	79.7696
19	maps/rooms/8room_021.map	512	512	69	216	120	235	79.4558
19	maps/rooms/8room_021.map	512	512	246	189	267	119	79.8701
19	maps/rooms/8room_021.map	512	512	470	256	411	230	79.8701
19	maps/rooms/8room_021.map	512	512	22	355	83	322	79.9411
18	maps/rooms/8room_021.map	512	512	151	365	102	335	75.3259
18	maps/rooms/8room_021.map	512	512	450	140	426	141	75.1838
18	maps/rooms/8room_021.map	512	512	285	91	335	110	75.8701
18	maps/rooms/8room_021.map	512	512	440	44	384	7	75.4264
18	maps/rooms/8room_021.map	512	512	437	294	376	275	75.3553
18	maps/rooms/8room_021.map	512	512	335	148	297	114	75.1127
18	maps/rooms/8room_021.map	512	512	181	158	231	130	75.1127
18	maps/rooms/8room_021.map	512	512	362	227	302	256	75.5269
18	maps/rooms/8room_021.map	512	512	462	503	442	441	75.799
17	maps/rooms/8room_021.map	512	512	34	388	62	427	70.8406
17	maps/rooms/8room_021.map	512	512	281	10	286	60	71.5269
17	maps/rooms/8room_021.map	512	512	229	419	245	366	71.2843
17	maps/rooms/8room_021.map	512	512	47	295	77	248	71.5269
17	maps/rooms/8room_021.map	512	512	134	421	88	383	71.1127
17	maps/rooms/8room_021.map	512	512	5	331	69	323	71.4558
17	maps/rooms/8room_021.map	512	512	19	275	65	249	71.9411
16	maps/rooms/8room_021.map	512	512	228	259	194	235	67.2132
16	maps/rooms/8room_021.map	512	512	463	404	419	439	67.2843
16	maps/rooms/8room_021.map	512	512	51	75	54	141	67.2426
16	maps/rooms/8room_021.map	512	512	308	445	370	445	67.799
16	maps/rooms/8room_021.map	512	512	478	15	448	19	67.6569
16	maps/rooms/8room_021.map	512	512	330	486	288	502	67.9411
16	maps/rooms/8room_021.map	512	512	55	34	91	81	67.7696
16	maps/rooms/8room_021.map	512	512	424	289	376	273	67.3553
14	maps/rooms/8room_021.map	512	512	69	58	105	24	59.4558
16	maps/rooms/8room_021.map	512	512	406	482	359	450	67.2843
15	maps/rooms/8room_021.map	512	512	311	393	293	368	63.0416
15	maps/rooms/8room_021.map	512	512	178	293	223	327	63.7696
15	maps/rooms/8room_021.map	512	512	214	483	246	439	63.6985
15	maps/rooms/8room_021.map	512	512	507	213	465	205	63.1127
15	maps/rooms/8room_021.map	512	512	191	461	207	416	63.0416
15	maps/rooms/8room_021.map	512	512	345	484	299	506	63.1127
15	maps/rooms/8room_021.map	512	512	92	389	93	339	63.5269
15	maps/rooms/8room_021.map	512	512	41	44	83	72	62.6274
14	maps/rooms/8room_021.map	512	512	380	311	344	326	59.8701
14	maps/rooms/8room_021.map	512	512	252	318	266	365	59.9706
14	maps/rooms/8room_021.map	512	512	446	57	407	24	59.6985
14	maps/rooms/8room_021.map	512	512	389	501	357	463	59.4558
14	maps/rooms/8room_021.map	512	512	373	491	353	446	59.3848
14	maps/rooms/8room_021.map	512	512	155	114	158	163	59.8995
14	maps/rooms/8room_021.map	512	512	185	440	174	392	59.5269
14	maps/rooms/8room_021.map	512	512	298	104	257	94	59.0416
14	maps/rooms/8room_021.map	512	512	474	469	473	435	59.6274
13	maps/rooms/8room_021.map	512	512	439	494	394	471	55.6985
13	maps/rooms/8room_021.map	512	512	452	84	423	103	54.8701
13	maps/rooms/8room_021.map	512	512	100	228	134	259	55.6274
13	maps/rooms/8room_021.map	512	512	85	170	48	154	55.3848
13	maps/rooms/8room_021.map	512	512	178	239	141	234	55.2132
13	maps/rooms/8room_021.map	512	512	392	507	357	474	55.6985
13	maps/rooms/8room_021.map	512	512	431	260	419	295	54.9411
13	maps/rooms/8room_021.map	512	512	215	186	179	217	55.8701
13	maps/rooms/8room_021.map	512	512	222	93	259	121	55.0416
13	maps/rooms/8room_021.map	512	512	494	406	472	400	55.2132
12	maps/rooms/8room_021.map	512	512	123	452	75	460	51.3137
12	maps/rooms/8room_021.map	512	512	73	109	98	76	51.5563
12	maps/rooms/8room_021.map	512	512	453	88	423	103	51.2843
12	maps/rooms/8room_021.map	512	512	364	186	389	222	51.8701
12	maps/rooms/8room_021.map	512	512	258	484	246	448	51.0711
12	maps/rooms/8room_021.map	512	512	263	364	278	322	51.7279
12	maps/rooms/8room_021.map	512	512	139	213	167	233	51.5563
12	maps/rooms/8room_021.map	512	512	50	396	35	370	51.5269
12	maps/rooms/8room_021.map	512	512	460	67	428	96	51.0416
12	maps/rooms/8room_021.map	512	512	4	222	35	218	51.1421
11	maps/rooms/8room_021.map	512	512	490	315	483	270	47.8995
11	maps/rooms/8room_021.map	512	512	507	375	466	388	47.5563
11	maps/rooms/8room_021.map	512	512	402	285	375	301	47.2843
11	maps/rooms/8room_021.map	512	512	313	164	297	204	47.799
11	maps/rooms/8room_021.map	512	512	350	28	376	58	47.799
11	maps/rooms/8room_021.map	512	512	153	186	198	189	47.0711
10	maps/rooms/8room_021.map	512	512	398	479	394	440	43.1421
10	maps/rooms/8room_021.map	512	512	382	349	350	331	43.799
10	maps/rooms/8room_021.map	512	512	183	318	195	345	43.1421
10	maps/rooms/8room_021.map	512	512	494	323	478	356	43.1421
10	maps/rooms/8room_021.map	512	512	274	114	301	140	43.6274
10	maps/rooms/8room_021.map	512	512	423	487	427	451	42.9706
10	maps/rooms/8room_021.map	512	512	52	197	91	203	43.9706
9	maps/rooms/8room_021.map	512	512	282	264	311	260	39.9706
9	maps/rooms/8room_021.map	512	512	111	315	95	284	39.9706
9	maps/rooms/8room_021.map	512	512	492	324	479	355	39.8995
9	maps/rooms/8room_021.map	512	512	218	455	226	430	39.4853
9	maps/rooms/8room_021.map	512	512	202	107	165	102	39.8995
9	maps/rooms/8room_021.map	512	512	324	142	356	128	39.799
9	maps/rooms/8room_021.map	512	512	27	408	25	391	39.9706
9	maps/rooms/8room_021.map	512	512	25	373	32	338	39.5563
9	maps/rooms/8room_021.map	512	512	36	309	41	272	39.8995
8	maps/rooms/8room_021.map	512	512	316	355	338	344	35.3848
8	maps/rooms/8room_021.map	512	512	211	493	233	471	35.799
8	maps/rooms/8room_021.map	512	512	307	78	323	84	35.8995
8	maps/rooms/8room_021.map	512	512	26	478	37	457	35.5563
8	maps/rooms/8room_021.map	512	512	56	5	86	15	35.799
8	maps/rooms/8room_021.map	512	512	474	282	444	292	35.3137
8	maps/rooms/8room_021.map	512	512	194	424	225	430	35.9706
7	maps/rooms/8room_021.map	512	512	140	242	120	223	31.3848
7	maps/rooms/8room_021.map	512	512	156	203	175	187	31.6274
7	maps/rooms/8room_021.map	512	512	244	422	261	407	31.0711
7	maps/rooms/8room_021.map	512	512	93	411	67	400	31.7279
7	maps/rooms/8room_021.map	512	512	372	68	369	43	31.3137
7	maps/rooms/8room_021.map	512	512	259	222	244	236	31.9706
7	maps/rooms/8room_021.map	512	512	299	387	271	396	31.7279
7	maps/rooms/8room_021.map	512	512	482	266	459	258	31.9706
7	maps/rooms/8room_021.map	512	512	166	164	178	184	31.799
7	maps/rooms/8room_021.map	512	512	156	389	180	390	31.7279
6	maps/rooms/8room_021.map	512	512	428	39	410	25	27.3137
6	maps/rooms/8room_021.map	512	512	10	434	15	459	27.8995
6	maps/rooms/8room_021.map	512	512	173	237	186	216	27.5563
6	maps/rooms/8room_021.map	512	512	75	167	63	182	27
6	maps/rooms/8room_021.map	512	512	149	191	146	165	27.2426
6	maps/rooms/8room_021.map	512	512	198	92	223	92	27.4853
6	maps/rooms/8room_021.map	512	512	40	313	43	289	27.7279
6	maps/rooms/8room_021.map	512	512	167	92	187	108	27.799
6	maps/rooms/8room_021.map	512	512	328	274	326	253	27.4853
6	maps/rooms/8room_021.map	512	512	487	307	468	291	27.3848
5	maps/rooms/8room_021.map	512	512	45	87	54	101	23.4853
5	maps/rooms/8room_021.map	512	512	334	2	329	23	23.0711
5	maps/rooms/8room_021.map	512	512	60	409	62	386	23.8284
5	maps/rooms/8room_021.map	512	512	234	88	213	95	23.8995
5	maps/rooms/8room_021.map	512	512	37	406	51	418	23.6569
5	maps/rooms/8room_021.map	512	512	391	98	382	84	22.6569
5	maps/rooms/8room_021.map	512	512	133	132	137	154	23.6569
5	maps/rooms/8room_021.map	512	512	359	249	340	247	23.9706
4	maps/rooms/8room_021.map	512	512	49	375	62	386	19.3137
4	maps/rooms/8room_021.map	512	512	293	360	310	361	19.8995
4	maps/rooms/8room_021.map	512	512	254	216	238	212	19.4142
4	maps/rooms/8room_021.map	512	512	463	395	454	411	19.7279
4	maps/rooms/8room_021.map	512	512	486	462	482	445	18.6569
4	maps/rooms/8room_021.map	512	512	427	467	428	450	19.6569
4	maps/rooms/8room_021.map	512	512	504	139	504	158	19
4	maps/rooms/8room_021.map	512	512	335	438	319	443	19.4853
4	maps/rooms/8room_021.map	512	512	156	393	173	392	19.8995
4	maps/rooms/8room_021.map	512	512	37	305	43	288	19.4853
3	maps/rooms/8room_021.map	512	512	164	106	178	103	15.2426
3	maps/rooms/8room_021.map	512	512	184	94	186	102	15.0711
3	maps/rooms/8room_021.map	512	512	246	10	249	21	15.3137
3	maps/rooms/8room_021.map	512	512	247	25	234	30	15.0711
3	maps/rooms/8room_021.map	512	512	130	10	120	14	15.8995
3	maps/rooms/8room_021.map	512	512	82	187	88	196	15.4853
3	maps/rooms/8room_021.map	512	512	459	286	448	293	15.0711
3	maps/rooms/8room_021.map	512	512	391	45	377	42	15.2426
3	maps/rooms/8room_021.map	512	512	479	495	469	505	15.3137
3	maps/rooms/8room_021.map	512	512	92	298	97	311	15.6569
2	maps/rooms/8room_021.map	512	512	159	86	163	94	10.8284
2	maps/rooms/8room_021.map	512	512	424	191	413	189	11.8284
2	maps/rooms/8room_021.map	512	512	157	293	149	288	11.2426
2	maps/rooms/8room_021.map	512	512	136	365	140	355	11.6569
2	maps/rooms/8room_021.map	512	512	85	452	95	456	11.6569
2	maps/rooms/8room_021.map	512	512	361	140	356	131	11.0711
2	maps/rooms/8room_021.map	512	512	190	355	190	366	11
2	maps/rooms/8room_021.map	512	512	511	247	510	258	11.4142
2	maps/rooms/8room_021.map	512	512	393	459	384	452	11.8995
1	maps/rooms/8room_021.map	512	512	117	110	122	113	7.41421
1	maps/rooms/8room_021.map	512	512	315	125	322	125	7
1	maps/rooms/8room_021.map	512	512	258	341	258	348	7
1	maps/rooms/8room_021.map	512	512	83	331	88	326	7.07107
1	maps/rooms/8room_021.map	512	512	363	403	358	408	7.07107
1	maps/rooms/8room_021.map	512	512	9	315	11	322	7.82843
1	maps/rooms/8room_021.map	512	512	450	249	446	251	7.41421
1	maps/rooms/8room_021.map	512	512	150	440	146	446	7.65685
1	maps/rooms/8room_021.map	512	512	442	111	437	113	7
1	maps/rooms/8room_021.map	512	512	50	46	57	46	7
0	maps/rooms/8room_021.map	512	512	235	392	238	392	3
0	maps/rooms/8room_021.map	512	512	134	122	131	123	3.41421
0	maps/rooms/8room_021.map	512	512	24	29	22	27	2.82843
0	maps/rooms/8room_021.map	512	512	139	254	136	255	3.41421
0	maps/rooms/8room_021.map	512	512	363	327	366	329	3.82843
0	maps/rooms/8room_021.map	512	512	261	36	263	38	2.82843
0	maps/rooms/8room_021.map	512	512	24	158	22	155	3.82843
0	maps/rooms/8room_021.map	512	512	194	221	194	218	3
0	maps/rooms/8room_021.map	512	512	375	60	375	63	3
0	maps/rooms/8room_021.map	512	512	362	372	361	369	3.41421
