version 1
114	maps/rooms/8room_037.map	512	512	498	305	180	437	457.061
10	maps/rooms/8room_037.map	512	512	24	268	37	241	42.1421
63	maps/rooms/8room_037.map	512	512	278	188	234	395	252.095
105	maps/rooms/8room_037.map	512	512	167	210	462	120	421.392
103	maps/rooms/8room_037.map	512	512	159	477	411	258	415.777
70	maps/rooms/8room_037.map	512	512	290	82	212	263	283.693
67	maps/rooms/8room_037.map	512	512	67	226	160	37	271.865
117	maps/rooms/8room_037.map	512	512	178	268	482	462	469.747
76	maps/rooms/8room_037.map	512	512	69	350	249	509	306.966
26	maps/rooms/8room_037.map	512	512	86	108	28	38	106.912
53	maps/rooms/8room_037.map	512	512	463	358	369	453	215.953
79	maps/rooms/8room_037.map	512	512	108	152	134	414	316.451
32	maps/rooms/8room_037.map	512	512	173	217	157	140	131.326
123	maps/rooms/8room_037.map	512	512	13	333	367	428	493.233
113	maps/rooms/8room_037.map	512	512	135	87	453	20	454.563
43	maps/rooms/8room_037.map	512	512	210	456	317	425	175.882
89	maps/rooms/8room_037.map	512	512	429	153	257	391	358.593
57	maps/rooms/8room_037.map	512	512	462	274	284	212	228.267
67	maps/rooms/8room_037.map	512	512	267	331	94	342	270.108
127	maps/rooms/8room_037.map	512	512	187	87	277	483	510.919
100	maps/rooms/8room_037.map	512	512	104	233	435	296	401.037
57	maps/rooms/8room_037.map	512	512	159	332	60	168	228.48
126	maps/rooms/8room_037.map	512	512	29	119	255	457	505.789
105	maps/rooms/8room_037.map	512	512	43	125	122	469	422.664
111	maps/rooms/8room_037.map	512	512	98	409	75	51	445.049
73	maps/rooms/8room_037.map	512	512	287	463	26	484	294.51
23	maps/rooms/8room_037.map	512	512	254	110	302	47	94.0122
127	maps/rooms/8room_037.map	512	512	118	476	419	201	511.889
127	maps/rooms/8room_037.map	512	512	508	187	267	465	511.316
114	maps/rooms/8room_037.map	512	512	51	357	247	51	457.304
107	maps/rooms/8room_037.map	512	512	86	441	199	132	430.149
52	maps/rooms/8room_037.map	512	512	18	343	74	509	211.054
41	maps/rooms/8room_037.map	512	512	169	339	207	202	164.154
117	maps/rooms/8room_037.map	512	512	62	172	371	162	469.191
27	maps/rooms/8room_037.map	512	512	430	457	488	424	108.012
108	maps/rooms/8room_037.map	512	512	151	79	158	405	433.877
127	maps/rooms/8room_037.map	512	512	482	348	107	253	511.019
68	maps/rooms/8room_037.map	512	512	116	365	142	198	273.309
60	maps/rooms/8room_037.map	512	512	375	153	485	291	240.61
58	maps/rooms/8room_037.map	512	512	146	341	199	490	234.409
127	maps/rooms/8room_037.map	512	512	284	460	415	123	510.818
96	maps/rooms/8room_037.map	512	512	204	98	435	292	386.907
127	maps/rooms/8room_037.map	512	512	279	502	414	133	511.747
82	maps/rooms/8room_037.map	512	512	278	110	484	135	329.066
90	maps/rooms/8room_037.map	512	512	175	266	441	345	362.622
127	maps/rooms/8room_037.map	512	512	19	343	354	122	510.86
49	maps/rooms/8room_037.map	512	512	450	241	399	95	199.368
77	maps/rooms/8room_037.map	512	512	189	258	388	168	310.966
127	maps/rooms/8room_037.map	512	512	483	79	221	387	511.546
53	maps/rooms/8room_037.map	512	512	407	303	265	202	212.782
127	maps/rooms/8room_037.map	512	512	143	357	469	199	511.747
32	maps/rooms/8room_037.map	512	512	53	431	82	332	130.669
77	maps/rooms/8room_037.map	512	512	268	310	113	509	310.35
63	maps/rooms/8room_037.map	512	512	164	46	197	260	253.125
116	maps/rooms/8room_037.map	512	512	319	39	38	259	466.931
127	maps/rooms/8room_037.map	512	512	135	316	477	155	510.948
96	maps/rooms/8room_037.map	512	512	346	203	262	499	386.007
74	maps/rooms/8room_037.map	512	512	350	121	421	306	299.539
126	maps/rooms/8room_037.map	512	512	495	351	115	427	507.061
98	maps/rooms/8room_037.map	512	512	427	483	89	482	392.865
16	maps/rooms/8room_037.map	512	512	74	137	84	82	64.4558
111	maps/rooms/8room_037.map	512	512	383	492	242	228	446.362
67	maps/rooms/8room_037.map	512	512	78	429	2	217	268.309
85	maps/rooms/8room_037.map	512	512	510	375	255	284	340.652
58	maps/rooms/8room_037.map	512	512	247	425	60	396	234.167
41	maps/rooms/8room_037.map	512	512	215	216	344	219	165.255
75	maps/rooms/8room_037.map	512	512	459	216	256	344	301.693
37	maps/rooms/8room_037.map	512	512	135	91	76	13	150.054
63	maps/rooms/8room_037.map	512	512	235	270	32	263	254.468
90	maps/rooms/8room_037.map	512	512	505	405	434	130	363.078
62	maps/rooms/8room_037.map	512	512	296	116	466	74	251.581
97	maps/rooms/8room_037.map	512	512	471	379	457	95	389.948
87	maps/rooms/8room_037.map	512	512	12	410	207	236	348.179
118	maps/rooms/8room_037.map	512	512	217	487	500	249	473.274
87	maps/rooms/8room_037.map	512	512	152	330	258	82	349.078
91	maps/rooms/8room_037.map	512	512	381	83	150	226	364.978
72	maps/rooms/8room_037.map	512	512	333	108	481	189	290.238
61	maps/rooms/8room_037.map	512	512	261	409	190	507	244.338
23	maps/rooms/8room_037.map	512	512	444	339	470	324	92.2548
83	maps/rooms/8room_037.map	512	512	35	338	181	114	333.22
43	maps/rooms/8room_037.map	512	512	307	375	195	429	174.125
99	maps/rooms/8room_037.map	512	512	218	46	466	94	396.492
28	maps/rooms/8room_037.map	512	512	387	169	385	267	114.527
91	maps/rooms/8room_037.map	512	512	302	363	485	162	367.664
119	maps/rooms/8room_037.map	512	512	268	397	377	37	476.605
95	maps/rooms/8room_037.map	512	512	493	42	303	261	380.078
117	maps/rooms/8room_037.map	512	512	484	76	165	18	468.848
62	maps/rooms/8room_037.map	512	512	111	127	114	328	248.51
106	maps/rooms/8room_037.map	512	512	332	125	476	385	426.032
126	maps/rooms/8room_037.map	512	512	270	98	390	474	507.647
63	maps/rooms/8room_037.map	512	512	364	132	270	207	255.551
101	maps/rooms/8room_037.map	512	512	466	202	165	205	405.463
10	maps/rooms/8room_037.map	512	512	149	18	185	28	40.1421
126	maps/rooms/8room_037.map	512	512	486	140	151	37	506.877
38	maps/rooms/8room_037.map	512	512	220	458	275	354	154.296
126	maps/rooms/8room_037.map	512	512	351	447	274	137	507.25
95	maps/rooms/8room_037.map	512	512	255	270	411	504	381.321
70	maps/rooms/8room_037.map	512	512	6	154	221	105	281.681
22	maps/rooms/8room_037.map	512	512	198	141	136	122	89.7696
126	maps/rooms/8room_037.map	512	512	25	382	250	51	506.86
96	maps/rooms/8room_037.map	512	512	383	35	147	184	385.35
70	maps/rooms/8room_037.map	512	512	386	200	485	379	280.794
101	maps/rooms/8room_037.map	512	512	162	196	437	110	404.522
126	maps/rooms/8room_037.map	512	512	9	495	376	328	506.718
105	maps/rooms/8room_037.map	512	512	427	268	103	320	422.534
49	maps/rooms/8room_037.map	512	512	472	284	393	399	198.652
107	maps/rooms/8room_037.map	512	512	53	428	295	218	428.291
33	maps/rooms/8room_037.map	512	512	252	247	232	301	132.569
110	maps/rooms/8room_037.map	512	512	213	142	504	56	443.777
126	maps/rooms/8room_037.map	512	512	370	59	21	227	506.605
33	maps/rooms/8room_037.map	512	512	46	185	37	78	133.598
81	maps/rooms/8room_037.map	512	512	239	183	79	330	326.037
87	maps/rooms/8room_037.map	512	512	232	452	464	338	351.563
21	maps/rooms/8room_037.map	512	512	325	376	335	324	85.3553
79	maps/rooms/8room_037.map	512	512	69	507	235	322	318.321
124	maps/rooms/8room_037.map	512	512	427	188	316	410	499.777
119	maps/rooms/8room_037.map	512	512	194	9	466	195	479.948
106	maps/rooms/8room_037.map	512	512	210	191	202	504	425.735
122	maps/rooms/8room_037.map	512	512	69	72	406	278	488.688
51	maps/rooms/8room_037.map	512	512	355	166	506	206	204.397
68	maps/rooms/8room_037.map	512	512	252	425	36	357	275.966
27	maps/rooms/8room_037.map	512	512	349	146	406	82	110.841
44	maps/rooms/8room_037.map	512	512	8	138	158	159	176.64
54	maps/rooms/8room_037.map	512	512	201	351	51	287	216.368
105	maps/rooms/8room_037.map	512	512	68	365	327	197	423.492
82	maps/rooms/8room_037.map	512	512	22	14	274	24	331.622
114	maps/rooms/8room_037.map	512	512	312	361	335	36	459.563
46	maps/rooms/8room_037.map	512	512	239	359	274	466	186.61
35	maps/rooms/8room_037.map	512	512	104	275	200	226	141.426
97	maps/rooms/8room_037.map	512	512	115	123	306	354	391.421
88	maps/rooms/8room_037.map	512	512	207	333	319	132	352.179
42	maps/rooms/8room_037.map	512	512	117	123	1	45	170.125
90	maps/rooms/8room_037.map	512	512	410	323	424	12	363.794
97	maps/rooms/8room_037.map	512	512	452	219	171	195	388.563
126	maps/rooms/8room_037.map	512	512	360	38	408	472	507.706
78	maps/rooms/8room_037.map	512	512	372	57	187	133	315.894
36	maps/rooms/8room_037.map	512	512	251	292	287	183	144.113
101	maps/rooms/8room_037.map	512	512	354	470	341	195	405.321
101	maps/rooms/8room_037.map	512	512	226	391	45	132	405.948
54	maps/rooms/8room_037.map	512	512	409	154	423	323	219.125
70	maps/rooms/8room_037.map	512	512	331	358	279	405	283.794
121	maps/rooms/8room_037.map	512	512	94	358	198	4	486.534
85	maps/rooms/8room_037.map	512	512	15	229	244	204	340.267
76	maps/rooms/8room_037.map	512	512	197	45	395	119	306.409
126	maps/rooms/8room_037.map	512	512	505	69	216	345	507.475
90	maps/rooms/8room_037.map	512	512	172	125	252	403	362.836
125	maps/rooms/8room_037.map	512	512	281	414	232	123	503.664
95	maps/rooms/8room_037.map	512	512	402	285	186	447	380.434
105	maps/rooms/8room_037.map	512	512	50	424	198	122	421.563
55	maps/rooms/8room_037.map	512	512	399	253	238	324	221.681
25	maps/rooms/8room_037.map	512	512	117	506	197	480	102.527
83	maps/rooms/8room_037.map	512	512	340	163	233	34	333.137
125	maps/rooms/8room_037.map	512	512	350	164	115	428	503.333
125	maps/rooms/8room_037.map	512	512	492	274	187	39	503.747
97	maps/rooms/8room_037.map	512	512	14	445	280	317	390.007
112	maps/rooms/8room_037.map	512	512	229	321	511	119	449.605
27	maps/rooms/8room_037.map	512	512	182	324	114	291	108.64
118	maps/rooms/8room_037.map	512	512	135	409	160	37	473.576
81	maps/rooms/8room_037.map	512	512	323	387	468	367	325.551
67	maps/rooms/8room_037.map	512	512	24	450	212	477	270.095
125	maps/rooms/8room_037.map	512	512	11	367	390	370	503.262
125	maps/rooms/8room_037.map	512	512	210	447	298	56	503.149
104	maps/rooms/8room_037.map	512	512	471	391	179	221	417.321
125	maps/rooms/8room_037.map	512	512	281	32	90	381	503.889
125	maps/rooms/8room_037.map	512	512	14	389	312	230	503.132
49	maps/rooms/8room_037.map	512	512	229	166	153	26	196.024
125	maps/rooms/8room_037.map	512	512	235	489	422	152	503.304
98	maps/rooms/8room_037.map	512	512	251	78	110	329	393.848
82	maps/rooms/8room_037.map	512	512	495	134	295	250	331.279
109	maps/rooms/8room_037.map	512	512	295	370	232	11	438.551
125	maps/rooms/8room_037.map	512	512	472	300	78	420	503.789
125	maps/rooms/8room_037.map	512	512	352	490	163	182	503.333
48	maps/rooms/8room_037.map	512	512	130	37	124	198	195.61
71	maps/rooms/8room_037.map	512	512	329	163	222	364	284.208
88	maps/rooms/8room_037.map	512	512	292	207	281	485	354.723
124	maps/rooms/8room_037.map	512	512	62	35	373	24	499.019
75	maps/rooms/8room_037.map	512	512	220	286	25	143	303.48
112	maps/rooms/8room_037.map	512	512	88	364	139	30	450.706
95	maps/rooms/8room_037.map	512	512	138	451	249	166	383.078
42	maps/rooms/8room_037.map	512	512	196	298	133	396	168.539
59	maps/rooms/8room_037.map	512	512	265	422	262	326	237.853
95	maps/rooms/8room_037.map	512	512	311	363	40	463	383.049
49	maps/rooms/8room_037.map	512	512	142	280	63	398	199.267
124	maps/rooms/8room_037.map	512	512	435	136	158	416	499.576
15	maps/rooms/8room_037.map	512	512	303	453	270	413	63.8701
55	maps/rooms/8room_037.map	512	512	292	356	294	505	222.681
76	maps/rooms/8room_037.map	512	512	30	173	254	242	304.823
112	maps/rooms/8room_037.map	512	512	500	438	201	333	450.877
47	maps/rooms/8room_037.map	512	512	23	186	127	210	189.782
124	maps/rooms/8room_037.map	512	512	2	182	383	104	499.049
99	maps/rooms/8room_037.map	512	512	403	105	271	393	399.321
86	maps/rooms/8room_037.map	512	512	270	24	141	215	345.764
52	maps/rooms/8room_037.map	512	512	204	245	132	392	209.853
120	maps/rooms/8room_037.map	512	512	499	44	359	388	481.848
32	maps/rooms/8room_037.map	512	512	77	271	14	183	129.326
87	maps/rooms/8room_037.map	512	512	373	507	172	343	350.421
83	maps/rooms/8room_037.map	512	512	206	294	398	181	333.551
124	maps/rooms/8room_037.map	512	512	447	67	197	359	499.505
114	maps/rooms/8room_037.map	512	512	340	287	55	61	457.777
118	maps/rooms/8room_037.map	512	512	281	474	440	202	473.818
18	maps/rooms/8room_037.map	512	512	235	196	186	229	73.3553
62	maps/rooms/8room_037.map	512	512	76	470	171	317	248.894
102	maps/rooms/8room_037.map	512	512	492	138	318	367	408.664
121	maps/rooms/8room_037.map	512	512	340	65	178	395	484.25
110	maps/rooms/8room_037.map	512	512	111	484	412	324	443.333
100	maps/rooms/8room_037.map	512	512	316	204	2	246	400.794
124	maps/rooms/8room_037.map	512	512	266	459	125	126	498.877
87	maps/rooms/8room_037.map	512	512	219	468	59	229	348.22
38	maps/rooms/8room_037.map	512	512	44	104	131	191	153.64
79	maps/rooms/8room_037.map	512	512	57	374	285	511	319.007
119	maps/rooms/8room_037.map	512	512	459	342	101	375	478.061
124	maps/rooms/8room_037.map	512	512	111	43	317	360	499.818
47	maps/rooms/8room_037.map	512	512	298	215	357	123	189.024
92	maps/rooms/8room_037.map	512	512	396	184	151	109	369.463
110	maps/rooms/8room_037.map	512	512	460	218	158	147	440.362
27	maps/rooms/8room_037.map	512	512	446	462	371	506	110.983
70	maps/rooms/8room_037.map	512	512	172	362	114	175	280.196
52	maps/rooms/8room_037.map	512	512	283	58	409	89	208.095
62	maps/rooms/8room_037.map	512	512	443	412	294	426	250.681
68	maps/rooms/8room_037.map	512	512	43	105	239	105	272.409
90	maps/rooms/8room_037.map	512	512	334	332	201	106	360.563
93	maps/rooms/8room_037.map	512	512	246	297	361	59	375.007
124	maps/rooms/8room_037.map	512	512	132	59	380	359	499.688
124	maps/rooms/8room_037.map	512	512	84	298	469	203	499.463
123	maps/rooms/8room_037.map	512	512	23	14	101	402	494.777
120	maps/rooms/8room_037.map	512	512	11	12	184	341	480.191
98	maps/rooms/8room_037.map	512	512	331	450	316	229	392.149
113	maps/rooms/8room_037.map	512	512	78	219	402	196	454.848
124	maps/rooms/8room_037.map	512	512	88	342	449	264	499.233
76	maps/rooms/8room_037.map	512	512	325	243	470	437	306.279
62	maps/rooms/8room_037.map	512	512	82	101	26	293	248.995
107	maps/rooms/8room_037.map	512	512	25	381	206	92	429.061
44	maps/rooms/8room_037.map	512	512	446	6	453	157	176.811
34	maps/rooms/8room_037.map	512	512	422	186	426	281	139.426
112	maps/rooms/8room_037.map	512	512	168	387	394	165	450.09
80	maps/rooms/8room_037.map	512	512	134	270	378	291	322.238
69	maps/rooms/8room_037.map	512	512	313	349	166	206	277.622
123	maps/rooms/8room_037.map	512	512	79	131	432	51	495.291
67	maps/rooms/8room_037.map	512	512	429	213	479	408	269.794
94	maps/rooms/8room_037.map	512	512	109	297	292	427	378.22
123	maps/rooms/8room_037.map	512	512	66	255	471	227	492.907
93	maps/rooms/8room_037.map	512	512	350	455	140	309	375.563
123	maps/rooms/8room_037.map	512	512	150	504	458	252	495.73
123	maps/rooms/8room_037.map	512	512	7	441	322	230	494.919
92	maps/rooms/8room_037.map	512	512	499	86	340	332	371.693
28	maps/rooms/8room_037.map	512	512	69	113	2	171	112.941
37	maps/rooms/8room_037.map	512	512	133	263	164	186	150.569
58	maps/rooms/8room_037.map	512	512	14	344	100	493	235.953
59	maps/rooms/8room_037.map	512	512	23	263	183	268	237.811
123	maps/rooms/8room_037.map	512	512	87	434	359	225	495.233
54	maps/rooms/8room_037.map	512	512	402	308	380	136	219.296
59	maps/rooms/8room_037.map	512	512	477	342	387	190	238.711
33	maps/rooms/8room_037.map	512	512	253	246	292	146	134.64
123	maps/rooms/8room_037.map	512	512	356	41	243	408	495.948
59	maps/rooms/8room_037.map	512	512	415	387	302	458	236.024
64	maps/rooms/8room_037.map	512	512	366	172	447	338	256.823
82	maps/rooms/8room_037.map	512	512	294	134	47	131	331.421
103	maps/rooms/8room_037.map	512	512	15	323	212	116	413.948
62	maps/rooms/8room_037.map	512	512	149	277	30	125	250.681
123	maps/rooms/8room_037.map	512	512	387	457	150	250	495.789
36	maps/rooms/8room_037.map	512	512	171	421	223	362	146.196
8	maps/rooms/8room_037.map	512	512	419	36	445	57	35.8701
123	maps/rooms/8room_037.map	512	512	38	39	383	222	495.688
43	maps/rooms/8room_037.map	512	512	138	439	13	379	175.853
41	maps/rooms/8room_037.map	512	512	63	396	137	300	165.054
62	maps/rooms/8room_037.map	512	512	506	436	316	359	248.238
62	maps/rooms/8room_037.map	512	512	218	38	120	191	248.622
115	maps/rooms/8room_037.map	512	512	426	335	61	266	460.007
76	maps/rooms/8room_037.map	512	512	268	226	29	283	305.924
59	maps/rooms/8room_037.map	512	512	392	229	271	377	239.652
59	maps/rooms/8room_037.map	512	512	386	202	309	100	236.439
79	maps/rooms/8room_037.map	512	512	420	229	236	402	318.321
116	maps/rooms/8room_037.map	512	512	3	5	180	335	465.191
122	maps/rooms/8room_037.map	512	512	233	460	83	112	491.161
10	maps/rooms/8room_037.map	512	512	314	287	276	280	43.3848
80	maps/rooms/8room_037.map	512	512	107	131	123	406	323.309
84	maps/rooms/8room_037.map	512	512	130	462	31	197	336.007
62	maps/rooms/8room_037.map	512	512	24	366	79	166	251.551
122	maps/rooms/8room_037.map	512	512	232	31	121	376	491.505
73	maps/rooms/8room_037.map	512	512	386	287	172	293	293.338
116	maps/rooms/8room_037.map	512	512	194	139	282	427	465.12
36	maps/rooms/8room_037.map	512	512	387	106	436	212	144.983
122	maps/rooms/8room_037.map	512	512	132	477	410	202	491.576
103	maps/rooms/8room_037.map	512	512	20	459	315	442	415.321
41	maps/rooms/8room_037.map	512	512	75	308	20	190	165.711
90	maps/rooms/8room_037.map	512	512	233	290	22	175	363.563
122	maps/rooms/8room_037.map	512	512	365	63	218	405	491.333
96	maps/rooms/8room_037.map	512	512	264	332	264	6	385.137
35	maps/rooms/8room_037.map	512	512	470	43	370	68	141.569
75	maps/rooms/8room_037.map	512	512	245	347	494	280	303.581
47	maps/rooms/8room_037.map	512	512	264	173	249	331	190.983
122	maps/rooms/8room_037.map	512	512	415	14	444	427	491.463
122	maps/rooms/8room_037.map	512	512	44	131	416	123	491.563
122	maps/rooms/8room_037.map	512	512	167	111	455	380	491.576
15	maps/rooms/8room_037.map	512	512	180	162	232	162	62.5269
99	maps/rooms/8room_037.map	512	512	125	76	52	399	397.505
76	maps/rooms/8room_037.map	512	512	498	99	397	299	305.309
112	maps/rooms/8room_037.map	512	512	372	475	492	182	449.777
73	maps/rooms/8room_037.map	512	512	422	111	237	63	294.238
120	maps/rooms/8room_037.map	512	512	157	253	396	422	482.676
108	maps/rooms/8room_037.map	512	512	421	85	495	419	434.978
121	maps/rooms/8room_037.map	512	512	189	415	79	30	487.191
63	maps/rooms/8room_037.map	512	512	365	36	248	149	252.51
97	maps/rooms/8room_037.map	512	512	200	216	500	235	388.563
122	maps/rooms/8room_037.map	512	512	187	410	425	103	491.09
59	maps/rooms/8room_037.map	512	512	215	300	88	425	238.652
42	maps/rooms/8room_037.map	512	512	10	294	29	146	170.64
45	maps/rooms/8room_037.map	512	512	296	306	395	411	181.983
80	maps/rooms/8room_037.map	512	512	395	298	330	454	322.38
85	maps/rooms/8room_037.map	512	512	212	242	8	381	342.321
118	maps/rooms/8room_037.map	512	512	492	51	510	396	473.291
89	maps/rooms/8room_037.map	512	512	207	460	232	204	358.179
107	maps/rooms/8room_037.map	512	512	121	115	378	163	428.848
48	maps/rooms/8room_037.map	512	512	474	69	408	201	194.995
117	maps/rooms/8room_037.map	512	512	469	231	116	199	468.706
92	maps/rooms/8room_037.map	512	512	395	346	157	485	370.019
53	maps/rooms/8room_037.map	512	512	222	207	359	266	213.539
106	maps/rooms/8room_037.map	512	512	244	345	100	51	426.593
39	maps/rooms/8room_037.map	512	512	164	101	227	212	157.196
122	maps/rooms/8room_037.map	512	512	62	389	410	243	491.546
12	maps/rooms/8room_037.map	512	512	166	155	148	116	50.9411
92	maps/rooms/8room_037.map	512	512	215	260	453	175	368.037
121	maps/rooms/8room_037.map	512	512	331	75	252	457	487.693
107	maps/rooms/8room_037.map	512	512	104	390	184	53	431.25
32	maps/rooms/8room_037.map	512	512	206	434	194	374	131.296
110	maps/rooms/8room_037.map	512	512	195	259	498	118	440.25
87	maps/rooms/8room_037.map	512	512	153	323	325	484	350.421
89	maps/rooms/8room_037.map	512	512	306	134	36	206	356.551
17	maps/rooms/8room_037.map	512	512	443	407	398	436	70.2843
75	maps/rooms/8room_037.map	512	512	121	122	334	202	301.309
121	maps/rooms/8room_037.map	512	512	70	174	424	125	487.09
121	maps/rooms/8room_037.map	512	512	371	392	34	471	487.262
120	maps/rooms/8room_037.map	512	512	197	6	246	381	482.534
119	maps/rooms/8room_037.map	512	512	467	81	153	226	477.877
121	maps/rooms/8room_037.map	512	512	205	468	427	141	487.475
95	maps/rooms/8room_037.map	512	512	220	220	175	469	380.35
114	maps/rooms/8room_037.map	512	512	117	133	468	109	457.877
121	maps/rooms/8room_037.map	512	512	247	45	86	392	487.948
121	maps/rooms/8room_037.map	512	512	226	20	502	212	487.362
121	maps/rooms/8room_037.map	512	512	217	69	252	455	487.777
120	maps/rooms/8room_037.map	512	512	446	40	194	280	483.505
48	maps/rooms/8room_037.map	512	512	429	423	509	326	194.296
112	maps/rooms/8room_037.map	512	512	72	21	163	362	449.362
111	maps/rooms/8room_037.map	512	512	158	285	311	44	445.99
57	maps/rooms/8room_037.map	512	512	71	247	85	427	230.024
120	maps/rooms/8room_037.map	512	512	79	41	182	425	482.605
72	maps/rooms/8room_037.map	512	512	383	362	158	421	290.451
92	maps/rooms/8room_037.map	512	512	390	290	303	432	371.392
68	maps/rooms/8room_037.map	512	512	190	146	205	367	273.581
111	maps/rooms/8room_037.map	512	512	181	473	498	370	447.321
106	maps/rooms/8room_037.map	512	512	251	326	500	100	427.877
12	maps/rooms/8room_037.map	512	512	409	210	402	181	48.2426
95	maps/rooms/8room_037.map	512	512	426	148	461	457	381.907
99	maps/rooms/8room_037.map	512	512	472	152	198	254	398.794
42	maps/rooms/8room_037.map	512	512	94	178	229	167	170.426
54	maps/rooms/8room_037.map	512	512	356	106	282	220	216.51
93	maps/rooms/8room_037.map	512	512	299	35	114	217	373.049
18	maps/rooms/8room_037.map	512	512	302	67	263	18	73.3553
102	maps/rooms/8room_037.map	512	512	165	61	443	54	408.806
55	maps/rooms/8room_037.map	512	512	19	482	54	351	223.681
55	maps/rooms/8room_037.map	512	512	359	246	215	308	220.309
120	maps/rooms/8room_037.map	512	512	179	441	411	159	483.161
46	maps/rooms/8room_037.map	512	512	140	463	20	505	186.811
120	maps/rooms/8room_037.map	512	512	90	362	407	179	483.12
120	maps/rooms/8room_037.map	512	512	45	173	279	457	483.061
104	maps/rooms/8room_037.map	512	512	329	92	24	175	418.836
120	maps/rooms/8room_037.map	512	512	492	120	174	294	483.907
41	maps/rooms/8room_037.map	512	512	295	124	285	239	165.184
119	maps/rooms/8room_037.map	512	512	4	407	379	327	479.617
87	maps/rooms/8room_037.map	512	512	266	492	411	300	351.049
29	maps/rooms/8room_037.map	512	512	187	18	111	14	117.74
117	maps/rooms/8room_037.map	512	512	57	69	414	71	471.191
112	maps/rooms/8room_037.map	512	512	503	422	460	77	451.262
117	maps/rooms/8room_037.map	512	512	151	386	182	37	469.12
119	maps/rooms/8room_037.map	512	512	450	44	121	111	479.563
53	maps/rooms/8room_037.map	512	512	362	251	297	88	213.924
119	maps/rooms/8room_037.map	512	512	445	79	245	403	479.747
81	maps/rooms/8room_037.map	512	512	203	46	37	203	324.522
119	maps/rooms/8room_037.map	512	512	375	115	181	415	479.304
87	maps/rooms/8room_037.map	512	512	58	105	246	219	349.22
34	maps/rooms/8room_037.map	512	512	265	89	263	206	138.255
71	maps/rooms/8room_037.map	512	512	34	446	4	226	285.522
119	maps/rooms/8room_037.map	512	512	379	497	70	286	479.99
105	maps/rooms/8room_037.map	512	512	430	2	505	340	422.806
53	maps/rooms/8room_037.map	512	512	426	340	351	476	212.983
101	maps/rooms/8room_037.map	512	512	89	77	204	357	404.179
119	maps/rooms/8room_037.map	512	512	146	435	137	49	479.09
85	maps/rooms/8room_037.map	512	512	181	142	388	307	342.108
89	maps/rooms/8room_037.map	512	512	301	394	325	126	359.865
118	maps/rooms/8room_037.map	512	512	438	100	165	303	475.806
118	maps/rooms/8room_037.map	512	512	76	85	204	461	475.706
98	maps/rooms/8room_037.map	512	512	252	404	106	147	392.321
118	maps/rooms/8room_037.map	512	512	371	364	35	202	475.061
44	maps/rooms/8room_037.map	512	512	279	405	377	507	179.095
81	maps/rooms/8room_037.map	512	512	5	220	138	454	325.693
58	maps/rooms/8room_037.map	512	512	281	154	264	339	234.024
118	maps/rooms/8room_037.map	512	512	461	166	109	195	475.534
62	maps/rooms/8room_037.map	512	512	456	168	319	155	251.48
70	maps/rooms/8room_037.map	512	512	304	349	419	147	283.167
118	maps/rooms/8room_037.map	512	512	12	194	377	271	475.078
14	maps/rooms/8room_037.map	512	512	55	226	59	271	59.2843
118	maps/rooms/8room_037.map	512	512	20	67	333	280	475.948
31	maps/rooms/8room_037.map	512	512	183	402	261	366	126.083
80	maps/rooms/8room_037.map	512	512	280	248	409	459	322.593
42	maps/rooms/8room_037.map	512	512	100	422	179	501	168.468
61	maps/rooms/8room_037.map	512	512	412	134	428	331	247.024
55	maps/rooms/8room_037.map	512	512	278	308	251	499	222.61
53	maps/rooms/8room_037.map	512	512	501	439	351	422	212.439
101	maps/rooms/8room_037.map	512	512	215	248	389	14	406.049
100	maps/rooms/8room_037.map	512	512	502	218	275	82	402.907
112	maps/rooms/8room_037.map	512	512	150	236	309	413	449.362
74	maps/rooms/8room_037.map	512	512	295	407	376	387	299.551
117	maps/rooms/8room_037.map	512	512	406	21	183	293	471.919
38	maps/rooms/8room_037.map	512	512	103	123	70	245	153.468
117	maps/rooms/8room_037.map	512	512	178	4	439	213	471.12
98	maps/rooms/8room_037.map	512	512	24	202	318	69	393.492
78	maps/rooms/8room_037.map	512	512	499	363	316	450	315.723
54	maps/rooms/8room_037.map	512	512	367	268	413	437	216.681
86	maps/rooms/8room_037.map	512	512	456	236	383	498	347.35
94	maps/rooms/8room_037.map	512	512	286	484	443	285	379.321
68	maps/rooms/8room_037.map	512	512	341	196	384	31	274.551
117	maps/rooms/8room_037.map	512	512	266	46	394	401	471.818
33	maps/rooms/8room_037.map	512	512	253	491	164	443	132.74
88	maps/rooms/8room_037.map	512	512	430	344	164	265	355.208
63	maps/rooms/8room_037.map	512	512	233	139	396	215	252.581
60	maps/rooms/8room_037.map	512	512	474	100	334	238	243.966
55	maps/rooms/8room_037.map	512	512	127	373	154	222	220.267
117	maps/rooms/8room_037.map	512	512	373	57	247	410	471.191
94	maps/rooms/8room_037.map	512	512	172	42	197	347	377.865
46	maps/rooms/8room_037.map	512	512	471	211	345	259	186.468
87	maps/rooms/8room_037.map	512	512	314	196	483	57	349.22
116	maps/rooms/8room_037.map	512	512	115	47	235	378	467.86
59	maps/rooms/8room_037.map	512	512	271	237	455	218	237.61
100	maps/rooms/8room_037.map	512	512	237	250	362	19	401.806
95	maps/rooms/8room_037.map	512	512	328	428	90	434	383.664
45	maps/rooms/8room_037.map	512	512	335	363	474	296	180.752
116	maps/rooms/8room_037.map	512	512	219	50	90	378	467.777
101	maps/rooms/8room_037.map	512	512	34	110	341	196	406.179
82	maps/rooms/8room_037.map	512	512	151	435	39	188	330.865
116	maps/rooms/8room_037.map	512	512	137	347	451	233	467.505
21	maps/rooms/8room_037.map	512	512	184	431	222	405	86.8701
116	maps/rooms/8room_037.map	512	512	34	378	356	234	467.019
116	maps/rooms/8room_037.map	512	512	166	42	67	407	467.061
83	maps/rooms/8room_037.map	512	512	9	235	199	420	333.534
76	maps/rooms/8room_037.map	512	512	264	476	173	252	306.421
73	maps/rooms/8room_037.map	512	512	249	314	409	429	295.208
39	maps/rooms/8room_037.map	512	512	173	381	235	458	158.882
99	maps/rooms/8room_037.map	512	512	158	165	343	361	397.291
107	maps/rooms/8room_037.map	512	512	309	379	492	106	429.12
116	maps/rooms/8room_037.map	512	512	183	27	56	388	467.546
33	maps/rooms/8room_037.map	512	512	36	199	99	296	133.64
116	maps/rooms/8room_037.map	512	512	327	190	52	416	467.777
81	maps/rooms/8room_037.map	512	512	478	73	298	247	324.35
79	maps/rooms/8room_037.map	512	512	315	435	267	300	317.066
47	maps/rooms/8room_037.map	512	512	19	399	56	269	188.681
18	maps/rooms/8room_037.map	512	512	2	476	22	429	73.0416
45	maps/rooms/8room_037.map	512	512	60	406	36	265	183.61
115	maps/rooms/8room_037.map	512	512	395	171	126	24	463.321
65	maps/rooms/8room_037.map	512	512	328	258	179	127	261.581
46	maps/rooms/8room_037.map	512	512	70	45	169	136	186.267
48	maps/rooms/8room_037.map	512	512	393	82	275	59	195.125
55	maps/rooms/8room_037.map	512	512	130	421	260	426	222.054
85	maps/rooms/8room_037.map	512	512	228	21	83	246	342.25
58	maps/rooms/8room_037.map	512	512	157	148	11	287	234.622
115	maps/rooms/8room_037.map	512	512	205	71	506	46	461.463
82	maps/rooms/8room_037.map	512	512	493	437	226	345	330.137
112	maps/rooms/8room_037.map	512	512	222	79	461	261	451.576
73	maps/rooms/8room_037.map	512	512	180	270	252	46	294.167
29	maps/rooms/8room_037.map	512	512	247	475	275	392	118.012
100	maps/rooms/8room_037.map	512	512	499	143	225	234	403.108
50	maps/rooms/8room_037.map	512	512	468	238	378	367	201.066
92	maps/rooms/8room_037.map	512	512	57	495	282	315	368.907
31	maps/rooms/8room_037.map	512	512	200	43	124	28	124.74
115	maps/rooms/8room_037.map	512	512	354	454	414	138	463.078
115	maps/rooms/8room_037.map	512	512	113	265	428	434	463.505
115	maps/rooms/8room_037.map	512	512	469	237	181	469	463.588
115	maps/rooms/8room_037.map	512	512	122	9	366	263	463.161
20	maps/rooms/8room_037.map	512	512	106	245	132	309	83.6985
115	maps/rooms/8room_037.map	512	512	263	57	240	435	463.693
57	maps/rooms/8room_037.map	512	512	264	443	309	324	231.823
111	maps/rooms/8room_037.map	512	512	429	325	148	106	447.12
115	maps/rooms/8room_037.map	512	512	383	152	164	418	463.191
94	maps/rooms/8room_037.map	512	512	364	315	171	84	379.806
115	maps/rooms/8room_037.map	512	512	434	316	119	111	463.789
94	maps/rooms/8room_037.map	512	512	15	484	351	459	379.894
114	maps/rooms/8room_037.map	512	512	140	263	404	74	459.333
114	maps/rooms/8room_037.map	512	512	386	27	182	293	459.463
90	maps/rooms/8room_037.map	512	512	271	493	245	201	362.794
96	maps/rooms/8room_037.map	512	512	301	220	38	71	386.149
114	maps/rooms/8room_037.map	512	512	474	21	268	316	458.806
40	maps/rooms/8room_037.map	512	512	398	383	389	259	161.953
114	maps/rooms/8room_037.map	512	512	185	55	43	407	459.304
89	maps/rooms/8room_037.map	512	512	185	339	58	117	357.635
114	maps/rooms/8room_037.map	512	512	472	439	190	191	459.99
42	maps/rooms/8room_037.map	512	512	184	217	59	269	171.711
113	maps/rooms/8room_037.map	512	512	130	194	478	253	455.434
43	maps/rooms/8room_037.map	512	512	236	334	383	369	172.569
34	maps/rooms/8room_037.map	512	512	230	484	114	508	137.74
112	maps/rooms/8room_037.map	512	512	470	455	283	139	448.404
110	maps/rooms/8room_037.map	512	512	195	183	310	454	442.877
113	maps/rooms/8room_037.map	512	512	484	407	258	195	455.747
113	maps/rooms/8room_037.map	512	512	492	406	190	293	455.919
49	maps/rooms/8room_037.map	512	512	108	280	203	389	196.853
83	maps/rooms/8room_037.map	512	512	411	311	252	115	335.492
74	maps/rooms/8room_037.map	512	512	273	87	174	300	299.823
54	maps/rooms/8room_037.map	512	512	243	46	318	196	216.681
113	maps/rooms/8room_037.map	512	512	429	88	243	419	455.191
47	maps/rooms/8room_037.map	512	512	327	74	427	101	191.953
83	maps/rooms/8room_037.map	512	512	429	212	242	426	334.806
88	maps/rooms/8room_037.map	512	512	356	183	265	2	355.865
88	maps/rooms/8room_037.map	512	512	376	252	175	428	353.836
109	maps/rooms/8room_037.map	512	512	233	284	10	376	437.718
97	maps/rooms/8room_037.map	512	512	137	372	206	75	390.936
113	maps/rooms/8room_037.map	512	512	440	214	74	253	455.35
87	maps/rooms/8room_037.map	512	512	410	197	182	314	350.38
67	maps/rooms/8room_037.map	512	512	338	93	489	91	268.338
75	maps/rooms/8room_037.map	512	512	294	479	60	413	301.48
47	maps/rooms/8room_037.map	512	512	167	162	152	279	190.368
113	maps/rooms/8room_037.map	512	512	102	474	151	130	455.919
57	maps/rooms/8room_037.map	512	512	408	59	494	206	230.882
113	maps/rooms/8room_037.map	512	512	338	308	50	85	455.534
113	maps/rooms/8room_037.map	512	512	341	475	191	200	455.534
111	maps/rooms/8room_037.map	512	512	89	135	381	26	447.149
102	maps/rooms/8room_037.map	512	512	45	436	179	147	411.735
110	maps/rooms/8room_037.map	512	512	236	461	457	206	441.848
41	maps/rooms/8room_037.map	512	512	9	462	34	380	164.397
55	maps/rooms/8room_037.map	512	512	318	182	162	164	221.823
39	maps/rooms/8room_037.map	512	512	470	46	442	147	159.711
24	maps/rooms/8room_037.map	512	512	469	237	405	188	99.7696
59	maps/rooms/8room_037.map	512	512	423	89	283	140	237.853
72	maps/rooms/8room_037.map	512	512	180	2	254	205	290.681
111	maps/rooms/8room_037.map	512	512	13	205	359	228	447.007
37	maps/rooms/8room_037.map	512	512	52	368	146	445	148.74
82	maps/rooms/8room_037.map	512	512	268	494	361	264	331.492
111	maps/rooms/8room_037.map	512	512	167	397	411	171	447.605
111	maps/rooms/8room_037.map	512	512	411	170	159	418	447.12
63	maps/rooms/8room_037.map	512	512	389	91	242	20	254.309
111	maps/rooms/8room_037.map	512	512	298	406	83	243	447.505
103	maps/rooms/8room_037.map	512	512	457	299	181	101	414.434
67	maps/rooms/8room_037.map	512	512	338	479	490	355	268.51
110	maps/rooms/8room_037.map	512	512	261	6	471	239	443.534
83	maps/rooms/8room_037.map	512	512	21	396	122	150	335.836
110	maps/rooms/8room_037.map	512	512	425	338	215	53	443.576
26	maps/rooms/8room_037.map	512	512	53	193	7	122	104.74
107	maps/rooms/8room_037.map	512	512	201	327	471	426	430.12
60	maps/rooms/8room_037.map	512	512	244	19	253	194	240.368
28	maps/rooms/8room_037.map	512	512	259	355	234	298	115.799
17	maps/rooms/8room_037.map	512	512	430	231	375	222	69.0122
86	maps/rooms/8room_037.map	512	512	255	487	332	211	345.451
58	maps/rooms/8room_037.map	512	512	303	374	194	214	235.267
65	maps/rooms/8room_037.map	512	512	406	158	381	372	263.853
85	maps/rooms/8room_037.map	512	512	395	124	200	250	341.794
110	maps/rooms/8room_037.map	512	512	461	349	115	302	443.191
110	maps/rooms/8room_037.map	512	512	261	126	285	457	443.208
64	maps/rooms/8room_037.map	512	512	358	162	274	317	257.409
109	maps/rooms/8room_037.map	512	512	414	467	189	209	439.919
65	maps/rooms/8room_037.map	512	512	350	184	493	44	261.652
50	maps/rooms/8room_037.map	512	512	476	166	430	292	200.61
109	maps/rooms/8room_037.map	512	512	21	206	328	363	439.262
109	maps/rooms/8room_037.map	512	512	210	57	247	409	439.066
44	maps/rooms/8room_037.map	512	512	502	278	372	223	176.012
28	maps/rooms/8room_037.map	512	512	185	446	102	411	112.184
109	maps/rooms/8room_037.map	512	512	44	109	78	493	439.806
83	maps/rooms/8room_037.map	512	512	246	211	425	421	335.35
75	maps/rooms/8room_037.map	512	512	374	280	374	483	300.865
79	maps/rooms/8room_037.map	512	512	475	106	270	158	316.338
109	maps/rooms/8room_037.map	512	512	344	442	195	213	439.706
109	maps/rooms/8room_037.map	512	512	504	38	428	358	439.019
74	maps/rooms/8room_037.map	512	512	203	262	95	57	299.167
75	maps/rooms/8room_037.map	512	512	236	188	439	199	302.35
28	maps/rooms/8room_037.map	512	512	348	244	261	216	113.284
86	maps/rooms/8room_037.map	512	512	291	507	490	372	346.35
64	maps/rooms/8room_037.map	512	512	487	235	457	409	257.279
67	maps/rooms/8room_037.map	512	512	198	390	319	201	268.066
42	maps/rooms/8room_037.map	512	512	155	425	132	293	170.095
9	maps/rooms/8room_037.map	512	512	396	190	388	155	39.9706
77	maps/rooms/8room_037.map	512	512	446	152	311	359	309.924
14	maps/rooms/8room_037.map	512	512	324	267	351	299	57.6274
46	maps/rooms/8room_037.map	512	512	303	269	216	362	184.024
104	maps/rooms/8room_037.map	512	512	509	218	297	36	418.936
25	maps/rooms/8room_037.map	512	512	23	195	68	271	102.255
61	maps/rooms/8room_037.map	512	512	220	397	399	325	244.037
63	maps/rooms/8room_037.map	512	512	426	268	500	123	255.167
82	maps/rooms/8room_037.map	512	512	76	181	183	436	329.865
38	maps/rooms/8room_037.map	512	512	234	122	193	19	152.125
101	maps/rooms/8room_037.map	512	512	25	234	319	367	405.191
78	maps/rooms/8room_037.map	512	512	367	228	159	365	314.421
70	maps/rooms/8room_037.map	512	512	89	263	322	229	283.61
80	maps/rooms/8room_037.map	512	512	218	429	421	462	320.593
109	maps/rooms/8room_037.map	512	512	38	244	397	208	439.693
36	maps/rooms/8room_037.map	512	512	246	295	340	342	146.397
86	maps/rooms/8room_037.map	512	512	349	188	441	434	347.179
109	maps/rooms/8room_037.map	512	512	461	220	300	460	439.534
74	maps/rooms/8room_037.map	512	512	11	297	154	456	297.723
64	maps/rooms/8room_037.map	512	512	59	491	282	490	259.439
108	maps/rooms/8room_037.map	512	512	313	249	44	37	435.09
74	maps/rooms/8room_037.map	512	512	8	328	157	172	296.078
52	maps/rooms/8room_037.map	512	512	68	296	94	135	211.267
108	maps/rooms/8room_037.map	512	512	371	57	53	85	435.764
108	maps/rooms/8room_037.map	512	512	308	102	251	426	435.794
45	maps/rooms/8room_037.map	512	512	58	331	88	180	182.196
86	maps/rooms/8room_037.map	512	512	380	31	361	331	347.066
40	maps/rooms/8room_037.map	512	512	204	52	74	46	162.711
45	maps/rooms/8room_037.map	512	512	396	434	296	480	183.196
67	maps/rooms/8room_037.map	512	512	358	310	149	239	269.196
69	maps/rooms/8room_037.map	512	512	100	162	313	216	276.823
108	maps/rooms/8room_037.map	512	512	101	151	166	501	435.392
108	maps/rooms/8room_037.map	512	512	436	441	108	391	435.019
47	maps/rooms/8room_037.map	512	512	334	359	234	446	188.924
86	maps/rooms/8room_037.map	512	512	246	450	486	420	347.764
31	maps/rooms/8room_037.map	512	512	260	79	339	95	126.113
10	maps/rooms/8room_037.map	512	512	376	230	374	264	42.2843
64	maps/rooms/8room_037.map	512	512	477	347	313	375	258.894
83	maps/rooms/8room_037.map	512	512	55	339	282	286	332.149
40	maps/rooms/8room_037.map	512	512	392	466	259	450	160.882
48	maps/rooms/8room_037.map	512	512	245	271	329	156	195.225
106	maps/rooms/8room_037.map	512	512	366	202	206	498	427.262
59	maps/rooms/8room_037.map	512	512	248	279	443	323	237.569
45	maps/rooms/8room_037.map	512	512	462	291	343	199	183.953
89	maps/rooms/8room_037.map	512	512	472	438	315	200	356.907
108	maps/rooms/8room_037.map	512	512	196	415	424	150	435.434
29	maps/rooms/8room_037.map	512	512	279	74	191	87	119.669
108	maps/rooms/8room_037.map	512	512	299	468	277	142	435.622
70	maps/rooms/8room_037.map	512	512	277	423	201	314	282.764
93	maps/rooms/8room_037.map	512	512	65	410	357	437	372.522
108	maps/rooms/8room_037.map	512	512	405	364	128	180	435.635
107	maps/rooms/8room_037.map	512	512	361	413	395	198	431.007
98	maps/rooms/8room_037.map	512	512	221	473	164	190	392.593
35	maps/rooms/8room_037.map	512	512	398	346	290	366	140.368
107	maps/rooms/8room_037.map	512	512	105	351	377	271	431.12
73	maps/rooms/8room_037.map	512	512	78	43	301	37	292.622
89	maps/rooms/8room_037.map	512	512	212	235	461	118	358.693
71	maps/rooms/8room_037.map	512	512	309	317	103	333	286.35
86	maps/rooms/8room_037.map	512	512	110	422	183	166	346.622
107	maps/rooms/8room_037.map	512	512	418	247	53	242	431.865
106	maps/rooms/8room_037.map	512	512	143	499	339	221	427.22
106	maps/rooms/8room_037.map	512	512	59	5	331	217	427.948
106	maps/rooms/8room_037.map	512	512	373	186	116	356	426.806
70	maps/rooms/8room_037.map	512	512	135	398	259	413	283.752
106	maps/rooms/8room_037.map	512	512	268	28	127	334	427.978
55	maps/rooms/8room_037.map	512	512	137	398	29	251	221.51
37	maps/rooms/8room_037.map	512	512	182	441	68	442	148.497
21	maps/rooms/8room_037.map	512	512	365	296	332	359	84.8701
106	maps/rooms/8room_037.map	512	512	491	78	218	238	427.735
105	maps/rooms/8room_037.map	512	512	476	311	147	179	423.735
38	maps/rooms/8room_037.map	512	512	42	253	30	122	152.397
105	maps/rooms/8room_037.map	512	512	149	455	235	131	423.321
60	maps/rooms/8room_037.map	512	512	490	195	435	58	243.338
31	maps/rooms/8room_037.map	512	512	381	279	334	363	125.083
66	maps/rooms/8room_037.map	512	512	301	346	505	441	266.723
71	maps/rooms/8room_037.map	512	512	381	132	329	41	285.995
83	maps/rooms/8room_037.map	512	512	255	302	47	332	333.179
48	maps/rooms/8room_037.map	512	512	140	229	55	136	192.569
105	maps/rooms/8room_037.map	512	512	284	37	127	332	423.262
76	maps/rooms/8room_037.map	512	512	361	350	282	115	307.037
105	maps/rooms/8room_037.map	512	512	405	364	140	179	423.22
98	maps/rooms/8room_037.map	512	512	187	506	24	237	394.149
104	maps/rooms/8room_037.map	512	512	411	84	140	239	419.019
104	maps/rooms/8room_037.map	512	512	358	56	122	249	419.635
104	maps/rooms/8room_037.map	512	512	239	425	354	175	419.191
40	maps/rooms/8room_037.map	512	512	397	283	414	366	160.225
102	maps/rooms/8room_037.map	512	512	136	402	329	166	410.563
75	maps/rooms/8room_037.map	512	512	343	223	107	227	300.953
42	maps/rooms/8room_037.map	512	512	91	77	218	84	169.539
104	maps/rooms/8room_037.map	512	512	170	31	363	300	419.463
70	maps/rooms/8room_037.map	512	512	450	243	306	143	281.723
58	maps/rooms/8room_037.map	512	512	235	279	389	333	234.024
104	maps/rooms/8room_037.map	512	512	501	310	213	461	419.09
72	maps/rooms/8room_037.map	512	512	98	73	95	315	291.35
100	maps/rooms/8room_037.map	512	512	237	379	443	149	400.735
104	maps/rooms/8room_037.map	512	512	426	386	92	423	419.978
65	maps/rooms/8room_037.map	512	512	277	218	420	373	261.924
104	maps/rooms/8room_037.map	512	512	378	119	133	247	419.877
103	maps/rooms/8room_037.map	512	512	45	130	358	94	415.936
97	maps/rooms/8room_037.map	512	512	292	229	316	403	388.108
90	maps/rooms/8room_037.map	512	512	3	117	261	18	363.451
103	maps/rooms/8room_037.map	512	512	70	101	92	447	415.907
103	maps/rooms/8room_037.map	512	512	441	442	189	209	415.676
103	maps/rooms/8room_037.map	512	512	68	104	398	114	415.622
81	maps/rooms/8room_037.map	512	512	189	255	87	474	327.735
103	maps/rooms/8room_037.map	512	512	477	295	150	316	414.777
103	maps/rooms/8room_037.map	512	512	418	303	142	99	415.019
102	maps/rooms/8room_037.map	512	512	107	338	175	85	410.99
102	maps/rooms/8room_037.map	512	512	507	242	217	405	411.132
49	maps/rooms/8room_037.map	512	512	122	301	2	204	198.924
15	maps/rooms/8room_037.map	512	512	94	65	91	116	62.3848
102	maps/rooms/8room_037.map	512	512	105	72	377	55	411.35
58	maps/rooms/8room_037.map	512	512	23	281	204	215	232.196
26	maps/rooms/8room_037.map	512	512	93	278	88	190	107.669
102	maps/rooms/8room_037.map	512	512	492	79	276	310	410.806
34	maps/rooms/8room_037.map	512	512	50	426	22	506	138.669
102	maps/rooms/8room_037.map	512	512	228	445	441	196	410.777
102	maps/rooms/8room_037.map	512	512	74	389	150	78	410.848
86	maps/rooms/8room_037.map	512	512	178	125	152	376	344.38
46	maps/rooms/8room_037.map	512	512	229	338	266	491	187.782
14	maps/rooms/8room_037.map	512	512	349	325	349	380	59.1421
86	maps/rooms/8room_037.map	512	512	391	403	407	120	345.451
101	maps/rooms/8room_037.map	512	512	20	214	340	117	407.35
35	maps/rooms/8room_037.map	512	512	214	430	149	455	143.154
101	maps/rooms/8room_037.map	512	512	349	57	106	258	406.635
96	maps/rooms/8room_037.map	512	512	438	288	259	494	385.09
100	maps/rooms/8room_037.map	512	512	452	197	144	179	403.806
88	maps/rooms/8room_037.map	512	512	53	318	167	57	352.806
53	maps/rooms/8room_037.map	512	512	362	466	181	474	213.853
67	maps/rooms/8room_037.map	512	512	223	468	25	398	269.865
100	maps/rooms/8room_037.map	512	512	493	82	443	355	403.978
100	maps/rooms/8room_037.map	512	512	180	392	492	439	403.978
71	maps/rooms/8room_037.map	512	512	195	264	163	470	286.794
100	maps/rooms/8room_037.map	512	512	185	386	106	102	403.777
71	maps/rooms/8room_037.map	512	512	144	209	339	261	286.238
65	maps/rooms/8room_037.map	512	512	268	377	130	276	263.752
96	maps/rooms/8room_037.map	512	512	379	502	74	422	385.108
31	maps/rooms/8room_037.map	512	512	296	363	205	358	124.912
99	maps/rooms/8room_037.map	512	512	471	126	239	343	399.635
74	maps/rooms/8room_037.map	512	512	359	403	159	421	296.451
99	maps/rooms/8room_037.map	512	512	217	37	66	302	399.061
99	maps/rooms/8room_037.map	512	512	178	472	398	236	399.019
99	maps/rooms/8room_037.map	512	512	58	50	218	315	398.764
99	maps/rooms/8room_037.map	512	512	404	239	138	418	399.492
38	maps/rooms/8room_037.map	512	512	433	404	334	322	154.296
98	maps/rooms/8room_037.map	512	512	75	279	381	200	395.936
61	maps/rooms/8room_037.map	512	512	366	174	264	155	245.853
43	maps/rooms/8room_037.map	512	512	283	244	149	215	174.64
98	maps/rooms/8room_037.map	512	512	89	475	105	155	394.635
80	maps/rooms/8room_037.map	512	512	276	323	383	452	323.279
98	maps/rooms/8room_037.map	512	512	19	361	319	360	395.777
52	maps/rooms/8room_037.map	512	512	253	185	260	312	209.782
36	maps/rooms/8room_037.map	512	512	511	219	395	212	145.426
66	maps/rooms/8room_037.map	512	512	169	120	127	311	267.108
97	maps/rooms/8room_037.map	512	512	205	215	439	109	391.321
69	maps/rooms/8room_037.map	512	512	290	197	477	155	279.451
97	maps/rooms/8room_037.map	512	512	314	509	438	275	391.22
97	maps/rooms/8room_037.map	512	512	114	87	395	245	390.362
45	maps/rooms/8room_037.map	512	512	361	248	217	237	180.841
96	maps/rooms/8room_037.map	512	512	217	46	291	366	387.095
78	maps/rooms/8room_037.map	512	512	248	36	447	139	315.48
68	maps/rooms/8room_037.map	512	512	89	295	298	325	273.451
53	maps/rooms/8room_037.map	512	512	68	27	68	211	215.296
89	maps/rooms/8room_037.map	512	512	172	258	68	26	359.865
32	maps/rooms/8room_037.map	512	512	30	477	138	502	129.77
91	maps/rooms/8room_037.map	512	512	86	329	125	68	367.463
96	maps/rooms/8room_037.map	512	512	489	378	231	324	387.321
96	maps/rooms/8room_037.map	512	512	57	313	354	236	387.865
25	maps/rooms/8room_037.map	512	512	402	196	371	143	100.527
95	maps/rooms/8room_037.map	512	512	231	299	402	67	383.836
75	maps/rooms/8room_037.map	512	512	393	188	255	392	302.794
95	maps/rooms/8room_037.map	512	512	314	124	51	264	382.764
94	maps/rooms/8room_037.map	512	512	316	22	410	271	379.392
94	maps/rooms/8room_037.map	512	512	405	139	226	371	379.191
94	maps/rooms/8room_037.map	512	512	175	511	349	298	379.191
94	maps/rooms/8room_037.map	512	512	406	392	207	171	378.836
37	maps/rooms/8room_037.map	512	512	346	383	266	294	150.054
41	maps/rooms/8room_037.map	512	512	427	318	455	419	165.468
94	maps/rooms/8room_037.map	512	512	213	408	69	146	379.907
50	maps/rooms/8room_037.map	512	512	291	196	441	283	200.681
93	maps/rooms/8room_037.map	512	512	91	98	359	226	375.948
77	maps/rooms/8room_037.map	512	512	270	226	406	61	311.652
64	maps/rooms/8room_037.map	512	512	380	148	277	121	259.924
93	maps/rooms/8room_037.map	512	512	371	40	311	327	374.764
69	maps/rooms/8room_037.map	512	512	222	222	340	52	276.995
93	maps/rooms/8room_037.map	512	512	493	347	213	238	375.25
93	maps/rooms/8room_037.map	512	512	223	503	419	328	375.534
46	maps/rooms/8room_037.map	512	512	261	206	292	370	186.598
93	maps/rooms/8room_037.map	512	512	390	437	218	244	375.049
47	maps/rooms/8room_037.map	512	512	336	303	439	205	191.953
82	maps/rooms/8room_037.map	512	512	214	500	361	318	331.877
82	maps/rooms/8room_037.map	512	512	476	222	243	175	330.007
71	maps/rooms/8room_037.map	512	512	344	303	135	307	285.693
47	maps/rooms/8room_037.map	512	512	297	77	162	119	188.983
61	maps/rooms/8room_037.map	512	512	25	343	137	500	245.368
93	maps/rooms/8room_037.map	512	512	36	50	295	204	375.877
92	maps/rooms/8room_037.map	512	512	141	295	331	115	371.22
92	maps/rooms/8room_037.map	512	512	70	80	337	222	371.291
22	maps/rooms/8room_037.map	512	512	441	26	390	46	89.1838
38	maps/rooms/8room_037.map	512	512	211	99	343	120	153.669
32	maps/rooms/8room_037.map	512	512	75	348	71	249	130.74
92	maps/rooms/8room_037.map	512	512	100	84	217	342	371.208
39	maps/rooms/8room_037.map	512	512	185	302	290	339	156.811
92	maps/rooms/8room_037.map	512	512	15	469	242	342	371.279
91	maps/rooms/8room_037.map	512	512	361	494	130	339	367.664
91	maps/rooms/8room_037.map	512	512	108	31	331	217	367.007
16	maps/rooms/8room_037.map	512	512	82	436	87	483	64.8701
56	maps/rooms/8room_037.map	512	512	310	276	507	253	225.296
91	maps/rooms/8room_037.map	512	512	142	373	392	296	367.593
74	maps/rooms/8room_037.map	512	512	234	214	62	354	298.309
91	maps/rooms/8room_037.map	512	512	134	14	338	201	367.735
51	maps/rooms/8room_037.map	512	512	211	258	318	262	204.196
64	maps/rooms/8room_037.map	512	512	427	457	294	309	257.066
35	maps/rooms/8room_037.map	512	512	141	356	183	338	143.539
68	maps/rooms/8room_037.map	512	512	133	457	362	484	274.752
91	maps/rooms/8room_037.map	512	512	72	220	296	333	367.492
38	maps/rooms/8room_037.map	512	512	255	387	200	293	153.024
51	maps/rooms/8room_037.map	512	512	187	119	201	302	204.74
91	maps/rooms/8room_037.map	512	512	185	79	421	199	367.563
91	maps/rooms/8room_037.map	512	512	191	404	271	126	367.238
90	maps/rooms/8room_037.map	512	512	214	333	69	98	363.179
90	maps/rooms/8room_037.map	512	512	196	31	280	322	363.167
41	maps/rooms/8room_037.map	512	512	418	175	427	255	166.397
73	maps/rooms/8room_037.map	512	512	248	148	82	37	295.492
72	maps/rooms/8room_037.map	512	512	486	237	263	184	291.037
89	maps/rooms/8room_037.map	512	512	170	445	339	229	359.836
17	maps/rooms/8room_037.map	512	512	290	470	342	494	68.6274
26	maps/rooms/8room_037.map	512	512	116	319	85	391	105.669
49	maps/rooms/8room_037.map	512	512	102	253	262	264	197.569
35	maps/rooms/8room_037.map	512	512	143	44	79	70	141.154
89	maps/rooms/8room_037.map	512	512	274	372	90	162	359.38
88	maps/rooms/8room_037.map	512	512	55	303	299	161	355.463
88	maps/rooms/8room_037.map	512	512	175	236	420	399	355.664
88	maps/rooms/8room_037.map	512	512	130	117	396	89	354.593
88	maps/rooms/8room_037.map	512	512	323	313	257	40	355.551
85	maps/rooms/8room_037.map	512	512	190	339	473	292	343.179
71	maps/rooms/8room_037.map	512	512	123	328	325	283	284.522
10	maps/rooms/8room_037.map	512	512	109	468	77	486	40.6274
47	maps/rooms/8room_037.map	512	512	45	135	148	54	188.368
85	maps/rooms/8room_037.map	512	512	507	36	368	275	343.764
61	maps/rooms/8room_037.map	512	512	426	278	437	92	247.752
85	maps/rooms/8room_037.map	512	512	486	404	253	468	343.593
40	maps/rooms/8room_037.map	512	512	30	107	127	127	162.154
30	maps/rooms/8room_037.map	512	512	190	197	116	146	120.598
48	maps/rooms/8room_037.map	512	512	184	271	157	151	192.054
85	maps/rooms/8room_037.map	512	512	494	312	244	166	342.836
84	maps/rooms/8room_037.map	512	512	114	506	198	243	338.966
84	maps/rooms/8room_037.map	512	512	9	258	233	82	339.161
84	maps/rooms/8room_037.map	512	512	242	93	265	383	339.953
84	maps/rooms/8room_037.map	512	512	402	25	289	251	339.693
84	maps/rooms/8room_037.map	512	512	396	152	198	276	338.794
84	maps/rooms/8room_037.map	512	512	475	178	260	322	339.007
81	maps/rooms/8room_037.map	512	512	322	335	139	475	327.35
51	maps/rooms/8room_037.map	512	512	286	21	172	133	207.338
84	maps/rooms/8room_037.map	512	512	29	21	105	312	339.167
49	maps/rooms/8room_037.map	512	512	284	50	355	56	197.711
38	maps/rooms/8room_037.map	512	512	77	411	48	298	152.61
58	maps/rooms/8room_037.map	512	512	200	425	341	453	235.752
22	maps/rooms/8room_037.map	512	512	60	86	57	6	88.6985
49	maps/rooms/8room_037.map	512	512	349	155	507	108	197.468
84	maps/rooms/8room_037.map	512	512	56	165	214	356	339.735
84	maps/rooms/8room_037.map	512	512	30	420	304	468	339.865
81	maps/rooms/8room_037.map	512	512	123	504	283	301	327.735
81	maps/rooms/8room_037.map	512	512	458	151	245	165	326.622
81	maps/rooms/8room_037.map	512	512	76	24	323	115	327.037
80	maps/rooms/8room_037.map	512	512	31	491	263	383	323.723
54	maps/rooms/8room_037.map	512	512	135	27	41	175	217.882
40	maps/rooms/8room_037.map	512	512	189	142	71	156	163.681
64	maps/rooms/8room_037.map	512	512	251	287	439	362	259.953
53	maps/rooms/8room_037.map	512	512	415	319	425	163	212.811
48	maps/rooms/8room_037.map	512	512	389	218	275	308	194.468
80	maps/rooms/8room_037.map	512	512	20	93	143	314	323.723
80	maps/rooms/8room_037.map	512	512	126	310	351	236	323.066
40	maps/rooms/8room_037.map	512	512	116	122	172	6	163.154
80	maps/rooms/8room_037.map	512	512	178	115	287	362	323.865
65	maps/rooms/8room_037.map	512	512	135	238	361	277	263.024
35	maps/rooms/8room_037.map	512	512	359	232	258	278	140.74
79	maps/rooms/8room_037.map	512	512	66	436	196	212	319.966
79	maps/rooms/8room_037.map	512	512	446	308	175	236	318.823
79	maps/rooms/8room_037.map	512	512	383	308	196	143	318.693
79	maps/rooms/8room_037.map	512	512	490	249	241	330	319.865
78	maps/rooms/8room_037.map	512	512	146	506	337	362	315.735
51	maps/rooms/8room_037.map	512	512	46	442	79	277	206.267
40	maps/rooms/8room_037.map	512	512	221	126	331	136	162.326
48	maps/rooms/8room_037.map	512	512	269	298	388	217	195.539
78	maps/rooms/8room_037.map	512	512	255	12	196	243	315.137
78	maps/rooms/8room_037.map	512	512	441	302	261	104	315.907
31	maps/rooms/8room_037.map	512	512	191	121	274	105	125.184
22	maps/rooms/8room_037.map	512	512	69	110	147	101	88.1127
78	maps/rooms/8room_037.map	512	512	20	494	165	304	315.208
72	maps/rooms/8room_037.map	512	512	254	7	329	223	291.693
78	maps/rooms/8room_037.map	512	512	108	502	197	277	315.137
78	maps/rooms/8room_037.map	512	512	418	364	207	238	315.409
12	maps/rooms/8room_037.map	512	512	284	461	296	424	50.4558
77	maps/rooms/8room_037.map	512	512	383	498	364	269	311.037
69	maps/rooms/8room_037.map	512	512	172	491	159	261	279.894
45	maps/rooms/8room_037.map	512	512	233	510	329	485	182.196
77	maps/rooms/8room_037.map	512	512	218	108	363	306	311.208
77	maps/rooms/8room_037.map	512	512	262	178	458	124	311.522
77	maps/rooms/8room_037.map	512	512	87	59	56	319	311.693
77	maps/rooms/8room_037.map	512	512	262	410	195	291	311.037
69	maps/rooms/8room_037.map	512	512	313	294	501	361	278.681
77	maps/rooms/8room_037.map	512	512	255	461	397	256	311.25
76	maps/rooms/8room_037.map	512	512	240	261	415	422	306.936
76	maps/rooms/8room_037.map	512	512	207	116	227	369	307.652
75	maps/rooms/8room_037.map	512	512	463	151	242	236	303.338
74	maps/rooms/8room_037.map	512	512	415	164	248	334	299.693
74	maps/rooms/8room_037.map	512	512	445	199	266	107	299.936
50	maps/rooms/8room_037.map	512	512	314	235	189	142	200.125
73	maps/rooms/8room_037.map	512	512	460	115	259	239	294.622
73	maps/rooms/8room_037.map	512	512	259	189	40	233	295.936
68	maps/rooms/8room_037.map	512	512	435	358	265	222	274.652
73	maps/rooms/8room_037.map	512	512	245	117	85	271	294.593
72	maps/rooms/8room_037.map	512	512	165	43	86	266	291.179
72	maps/rooms/8room_037.map	512	512	124	266	61	26	291.368
72	maps/rooms/8room_037.map	512	512	450	33	470	239	291.238
13	maps/rooms/8room_037.map	512	512	500	228	455	215	53.5563
72	maps/rooms/8room_037.map	512	512	216	147	313	299	291.451
71	maps/rooms/8room_037.map	512	512	120	47	198	243	286.836
71	maps/rooms/8room_037.map	512	512	282	446	190	296	287.279
69	maps/rooms/8room_037.map	512	512	181	300	364	220	279.853
30	maps/rooms/8room_037.map	512	512	167	494	66	462	121.426
48	maps/rooms/8room_037.map	512	512	367	462	207	463	195.711
69	maps/rooms/8room_037.map	512	512	386	93	214	184	279.066
69	maps/rooms/8room_037.map	512	512	446	410	259	276	279.794
69	maps/rooms/8room_037.map	512	512	194	420	367	276	279.551
68	maps/rooms/8room_037.map	512	512	124	430	107	203	275.581
68	maps/rooms/8room_037.map	512	512	196	454	205	267	275.38
43	maps/rooms/8room_037.map	512	512	418	169	377	35	172.74
66	maps/rooms/8room_037.map	512	512	503	319	289	365	267.037
39	maps/rooms/8room_037.map	512	512	118	138	15	82	159.811
34	maps/rooms/8room_037.map	512	512	370	378	325	283	136.527
66	maps/rooms/8room_037.map	512	512	109	69	71	297	267.966
51	maps/rooms/8room_037.map	512	512	79	460	126	313	204.024
66	maps/rooms/8room_037.map	512	512	214	263	375	367	267.652
66	maps/rooms/8room_037.map	512	512	80	319	229	442	267.037
66	maps/rooms/8room_037.map	512	512	466	110	293	233	267.48
52	maps/rooms/8room_037.map	512	512	382	398	491	412	211.024
66	maps/rooms/8room_037.map	512	512	452	60	301	66	267.066
66	maps/rooms/8room_037.map	512	512	247	22	340	208	267.208
27	maps/rooms/8room_037.map	512	512	509	150	477	108	108.527
66	maps/rooms/8room_037.map	512	512	89	189	198	342	267.622
65	maps/rooms/8room_037.map	512	512	358	377	157	307	263.167
14	maps/rooms/8room_037.map	512	512	41	59	10	51	57.1421
65	maps/rooms/8room_037.map	512	512	161	470	199	283	263.309
65	maps/rooms/8room_037.map	512	512	42	44	220	165	263.593
34	maps/rooms/8room_037.map	512	512	146	494	232	418	137.397
65	maps/rooms/8room_037.map	512	512	47	347	229	308	263.652
64	maps/rooms/8room_037.map	512	512	231	202	99	360	259.238
23	maps/rooms/8room_037.map	512	512	366	467	367	406	94.0833
31	maps/rooms/8room_037.map	512	512	41	200	40	311	125.497
64	maps/rooms/8room_037.map	512	512	9	338	179	210	259.966
61	maps/rooms/8room_037.map	512	512	357	88	430	258	247.853
63	maps/rooms/8room_037.map	512	512	414	485	206	452	255.995
63	maps/rooms/8room_037.map	512	512	8	506	55	326	255.066
61	maps/rooms/8room_037.map	512	512	421	451	399	243	247.681
61	maps/rooms/8room_037.map	512	512	123	410	85	198	247.196
58	maps/rooms/8room_037.map	512	512	188	232	355	314	235.61
61	maps/rooms/8room_037.map	512	512	280	46	283	256	247.468
53	maps/rooms/8room_037.map	512	512	393	83	484	188	213.196
2	maps/rooms/8room_037.map	512	512	308	93	302	90	9.24264
60	maps/rooms/8room_037.map	512	512	149	396	84	207	243.723
60	maps/rooms/8room_037.map	512	512	338	365	380	449	243.296
60	maps/rooms/8room_037.map	512	512	347	386	216	405	243.966
60	maps/rooms/8room_037.map	512	512	35	297	88	90	243.581
16	maps/rooms/8room_037.map	512	512	226	365	277	340	67.9411
60	maps/rooms/8room_037.map	512	512	350	390	252	445	243.309
60	maps/rooms/8room_037.map	512	512	118	242	318	230	243.054
57	maps/rooms/8room_037.map	512	512	509	74	396	218	231.267
57	maps/rooms/8room_037.map	512	512	487	74	327	117	231.953
57	maps/rooms/8room_037.map	512	512	158	335	272	233	231.439
31	maps/rooms/8room_037.map	512	512	334	328	328	233	127.326
57	maps/rooms/8room_037.map	512	512	92	189	144	371	231.439
57	maps/rooms/8room_037.map	512	512	404	157	258	242	231.368
38	maps/rooms/8room_037.map	512	512	86	335	107	251	154.154
56	maps/rooms/8room_037.map	512	512	21	180	95	350	227.681
56	maps/rooms/8room_037.map	512	512	360	238	194	188	227.338
56	maps/rooms/8room_037.map	512	512	26	245	215	184	227.581
56	maps/rooms/8room_037.map	512	512	360	391	397	209	227.125
56	maps/rooms/8room_037.map	512	512	131	7	258	104	227.681
16	maps/rooms/8room_037.map	512	512	284	286	293	268	64.799
56	maps/rooms/8room_037.map	512	512	126	234	300	236	226.811
51	maps/rooms/8room_037.map	512	512	149	460	259	361	207.853
24	maps/rooms/8room_037.map	512	512	363	321	302	283	97.3848
52	maps/rooms/8room_037.map	512	512	140	5	63	167	211.468
7	maps/rooms/8room_037.map	512	512	11	136	37	137	31.7279
56	maps/rooms/8room_037.map	512	512	216	510	280	344	227.823
56	maps/rooms/8room_037.map	512	512	346	463	377	362	226.752
56	maps/rooms/8room_037.map	512	512	122	31	88	213	227.64
42	maps/rooms/8room_037.map	512	512	313	298	434	286	168.154
55	maps/rooms/8room_037.map	512	512	456	475	317	358	223.924
54	maps/rooms/8room_037.map	512	512	115	262	149	116	219.581
54	maps/rooms/8room_037.map	512	512	282	47	130	154	219.752
54	maps/rooms/8room_037.map	512	512	35	304	144	162	219.267
52	maps/rooms/8room_037.map	512	512	458	408	400	250	211.924
52	maps/rooms/8room_037.map	512	512	370	300	391	128	211.468
52	maps/rooms/8room_037.map	512	512	149	440	103	270	211.397
51	maps/rooms/8room_037.map	512	512	207	438	98	315	207.581
51	maps/rooms/8room_037.map	512	512	411	20	293	122	207.338
51	maps/rooms/8room_037.map	512	512	189	10	279	143	207.267
50	maps/rooms/8room_037.map	512	512	452	381	378	247	203.823
50	maps/rooms/8room_037.map	512	512	505	216	349	234	203.539
24	maps/rooms/8room_037.map	512	512	126	438	152	380	96.7696
50	maps/rooms/8room_037.map	512	512	347	330	328	170	203.853
7	maps/rooms/8room_037.map	512	512	269	455	251	469	29.3137
50	maps/rooms/8room_037.map	512	512	460	166	314	213	202.924
50	maps/rooms/8room_037.map	512	512	79	141	105	313	203.054
50	maps/rooms/8room_037.map	512	512	372	114	317	233	203.924
49	maps/rooms/8room_037.map	512	512	309	55	325	188	196.296
46	maps/rooms/8room_037.map	512	512	123	243	269	277	187.054
17	maps/rooms/8room_037.map	512	512	374	495	330	462	69.5269
40	maps/rooms/8room_037.map	512	512	111	80	180	30	162.882
46	maps/rooms/8room_037.map	512	512	147	279	66	408	187.782
46	maps/rooms/8room_037.map	512	512	134	267	192	140	187.125
20	maps/rooms/8room_037.map	512	512	122	251	150	298	83.7696
20	maps/rooms/8room_037.map	512	512	299	322	322	277	82.8701
45	maps/rooms/8room_037.map	512	512	147	422	106	293	183.338
45	maps/rooms/8room_037.map	512	512	293	501	271	378	183.024
44	maps/rooms/8room_037.map	512	512	229	194	324	285	178.811
44	maps/rooms/8room_037.map	512	512	205	302	246	318	178.054
44	maps/rooms/8room_037.map	512	512	502	435	378	366	179.024
44	maps/rooms/8room_037.map	512	512	445	41	397	191	179.397
28	maps/rooms/8room_037.map	512	512	391	251	403	154	114.941
44	maps/rooms/8room_037.map	512	512	389	59	395	205	179.012
44	maps/rooms/8room_037.map	512	512	53	389	168	477	179.51
43	maps/rooms/8room_037.map	512	512	255	467	96	490	175.497
43	maps/rooms/8room_037.map	512	512	350	473	210	459	175.196
43	maps/rooms/8room_037.map	512	512	364	75	276	147	175.983
43	maps/rooms/8room_037.map	512	512	374	498	241	467	175.397
41	maps/rooms/8room_037.map	512	512	185	332	270	396	164.497
8	maps/rooms/8room_037.map	512	512	174	422	149	407	32.3848
37	maps/rooms/8room_037.map	512	512	297	241	222	321	150.882
42	maps/rooms/8room_037.map	512	512	430	126	310	120	170.912
41	maps/rooms/8room_037.map	512	512	176	237	275	136	167.338
40	maps/rooms/8room_037.map	512	512	55	114	46	258	162.983
39	maps/rooms/8room_037.map	512	512	254	295	143	229	159.569
39	maps/rooms/8room_037.map	512	512	165	23	259	106	159.569
39	maps/rooms/8room_037.map	512	512	137	126	90	251	159.296
39	maps/rooms/8room_037.map	512	512	273	134	195	237	159.368
39	maps/rooms/8room_037.map	512	512	23	198	169	182	159.598
28	maps/rooms/8room_037.map	512	512	41	299	61	210	112.054
37	maps/rooms/8room_037.map	512	512	462	92	357	102	151.326
30	maps/rooms/8room_037.map	512	512	269	76	328	119	120.083
37	maps/rooms/8room_037.map	512	512	416	439	363	332	150.953
37	maps/rooms/8room_037.map	512	512	215	104	276	205	151.64
37	maps/rooms/8room_037.map	512	512	172	347	197	215	151.669
36	maps/rooms/8room_037.map	512	512	354	103	395	193	147.77
36	maps/rooms/8room_037.map	512	512	78	107	163	184	147.64
33	maps/rooms/8room_037.map	512	512	398	190	501	215	132.184
31	maps/rooms/8room_037.map	512	512	34	68	136	27	126.497
36	maps/rooms/8room_037.map	512	512	15	7	69	118	147.426
36	maps/rooms/8room_037.map	512	512	261	143	341	224	147.125
36	maps/rooms/8room_037.map	512	512	28	255	125	168	147.095
35	maps/rooms/8room_037.map	512	512	248	5	271	115	143.468
13	maps/rooms/8room_037.map	512	512	268	357	275	389	52.2132
35	maps/rooms/8room_037.map	512	512	483	85	420	150	143.397
35	maps/rooms/8room_037.map	512	512	474	382	370	318	143.64
34	maps/rooms/8room_037.map	512	512	252	262	344	229	138.598
34	maps/rooms/8room_037.map	512	512	112	180	106	292	139.397
34	maps/rooms/8room_037.map	512	512	34	264	148	229	139.527
34	maps/rooms/8room_037.map	512	512	84	243	199	239	139.912
33	maps/rooms/8room_037.map	512	512	380	110	298	119	134.598
33	maps/rooms/8room_037.map	512	512	174	431	84	359	135.882
33	maps/rooms/8room_037.map	512	512	149	47	234	103	135.225
33	maps/rooms/8room_037.map	512	512	485	244	379	269	135.569
20	maps/rooms/8room_037.map	512	512	199	84	155	115	81.2843
32	maps/rooms/8room_037.map	512	512	106	13	69	127	131.669
17	maps/rooms/8room_037.map	512	512	378	278	415	227	71.8406
32	maps/rooms/8room_037.map	512	512	334	495	247	455	131.326
32	maps/rooms/8room_037.map	512	512	242	145	232	250	131.569
32	maps/rooms/8room_037.map	512	512	197	484	124	413	131.841
31	maps/rooms/8room_037.map	512	512	116	484	67	409	127.255
30	maps/rooms/8room_037.map	512	512	2	407	91	383	123.569
26	maps/rooms/8room_037.map	512	512	442	300	492	232	104.083
30	maps/rooms/8room_037.map	512	512	284	421	245	424	122.912
30	maps/rooms/8room_037.map	512	512	9	356	40	269	123.255
30	maps/rooms/8room_037.map	512	512	413	150	356	116	122.941
30	maps/rooms/8room_037.map	512	512	168	494	271	459	123.154
30	maps/rooms/8room_037.map	512	512	425	170	367	95	123.184
30	maps/rooms/8room_037.map	512	512	109	180	186	106	122.882
29	maps/rooms/8room_037.map	512	512	62	143	37	240	119.255
29	maps/rooms/8room_037.map	512	512	189	152	269	177	119.811
29	maps/rooms/8room_037.map	512	512	386	488	422	407	119.912
29	maps/rooms/8room_037.map	512	512	309	424	254	469	119.255
29	maps/rooms/8room_037.map	512	512	509	199	436	271	119.225
29	maps/rooms/8room_037.map	512	512	365	299	396	207	119.669
29	maps/rooms/8room_037.map	512	512	435	284	353	236	119.598
28	maps/rooms/8room_037.map	512	512	2	12	56	84	115.698
28	maps/rooms/8room_037.map	512	512	60	503	153	477	115.527
28	maps/rooms/8room_037.map	512	512	210	251	309	284	115.012
27	maps/rooms/8room_037.map	512	512	62	364	131	410	111.326
27	maps/rooms/8room_037.map	512	512	166	49	241	102	111.012
27	maps/rooms/8room_037.map	512	512	146	71	221	23	110.74
27	maps/rooms/8room_037.map	512	512	12	60	92	105	111.083
27	maps/rooms/8room_037.map	512	512	331	119	325	188	110.74
26	maps/rooms/8room_037.map	512	512	279	510	210	460	107.326
26	maps/rooms/8room_037.map	512	512	116	359	40	311	107.255
26	maps/rooms/8room_037.map	512	512	313	187	283	265	107.456
26	maps/rooms/8room_037.map	512	512	402	445	387	372	107.983
26	maps/rooms/8room_037.map	512	512	392	326	309	351	107.154
25	maps/rooms/8room_037.map	512	512	127	44	186	79	103.941
25	maps/rooms/8room_037.map	512	512	382	503	428	434	103.326
25	maps/rooms/8room_037.map	512	512	411	277	340	223	103.326
25	maps/rooms/8room_037.map	512	512	168	367	156	422	103.426
25	maps/rooms/8room_037.map	512	512	217	109	264	169	103.669
25	maps/rooms/8room_037.map	512	512	419	220	360	282	102.983
25	maps/rooms/8room_037.map	512	512	277	470	243	422	103.497
24	maps/rooms/8room_037.map	512	512	345	373	404	326	98.669
24	maps/rooms/8room_037.map	512	512	464	27	403	73	99.2843
24	maps/rooms/8room_037.map	512	512	430	219	418	297	99.6985
24	maps/rooms/8room_037.map	512	512	324	249	309	168	99.8406
24	maps/rooms/8room_037.map	512	512	147	335	92	382	99.6985
24	maps/rooms/8room_037.map	512	512	445	310	426	365	99.9411
8	maps/rooms/8room_037.map	512	512	150	167	123	150	35.2132
24	maps/rooms/8room_037.map	512	512	55	248	54	320	99.669
23	maps/rooms/8room_037.map	512	512	318	409	267	463	95.4264
23	maps/rooms/8room_037.map	512	512	205	138	181	62	94.7696
23	maps/rooms/8room_037.map	512	512	468	27	427	87	95.6274
23	maps/rooms/8room_037.map	512	512	309	484	250	466	95.3259
23	maps/rooms/8room_037.map	512	512	308	456	247	465	95.2548
23	maps/rooms/8room_037.map	512	512	173	293	213	235	95.799
23	maps/rooms/8room_037.map	512	512	298	483	252	444	95.4264
22	maps/rooms/8room_037.map	512	512	57	430	95	365	91.8701
22	maps/rooms/8room_037.map	512	512	494	132	468	182	91.598
22	maps/rooms/8room_037.map	512	512	41	24	113	31	91.8701
22	maps/rooms/8room_037.map	512	512	89	203	137	245	91.6985
22	maps/rooms/8room_037.map	512	512	309	469	252	453	91.4264
22	maps/rooms/8room_037.map	512	512	504	174	451	202	91.1838
21	maps/rooms/8room_037.map	512	512	261	456	208	454	87.1838
21	maps/rooms/8room_037.map	512	512	90	280	59	342	87.5269
21	maps/rooms/8room_037.map	512	512	198	435	139	410	86.7696
21	maps/rooms/8room_037.map	512	512	167	105	192	175	87.3259
21	maps/rooms/8room_037.map	512	512	51	435	125	425	86.7696
21	maps/rooms/8room_037.map	512	512	403	86	354	120	87.1838
21	maps/rooms/8room_037.map	512	512	261	267	308	284	87.2132
20	maps/rooms/8room_037.map	512	512	101	279	131	340	82.9411
20	maps/rooms/8room_037.map	512	512	376	19	361	83	83.5269
20	maps/rooms/8room_037.map	512	512	504	234	444	264	83.4975
20	maps/rooms/8room_037.map	512	512	216	333	275	311	83.669
20	maps/rooms/8room_037.map	512	512	335	19	299	42	83.4264
20	maps/rooms/8room_037.map	512	512	18	281	83	253	83.2843
19	maps/rooms/8room_037.map	512	512	115	51	159	106	79.0833
19	maps/rooms/8room_037.map	512	512	137	425	198	404	79.2132
19	maps/rooms/8room_037.map	512	512	466	359	407	327	79.5269
19	maps/rooms/8room_037.map	512	512	283	135	325	180	78.598
19	maps/rooms/8room_037.map	512	512	58	210	121	180	79.4264
19	maps/rooms/8room_037.map	512	512	154	31	91	39	79.5269
19	maps/rooms/8room_037.map	512	512	286	6	251	53	79.0122
19	maps/rooms/8room_037.map	512	512	327	389	276	436	78.669
19	maps/rooms/8room_037.map	512	512	220	330	200	273	79.2843
19	maps/rooms/8room_037.map	512	512	475	469	434	411	79.0833
18	maps/rooms/8room_037.map	512	512	394	380	363	320	75.1838
17	maps/rooms/8room_037.map	512	512	468	124	425	103	68.2843
18	maps/rooms/8room_037.map	512	512	471	360	415	326	75.9411
18	maps/rooms/8room_037.map	512	512	468	137	487	121	75.1838
18	maps/rooms/8room_037.map	512	512	313	466	252	467	75.3553
18	maps/rooms/8room_037.map	512	512	98	365	143	318	75.0122
18	maps/rooms/8room_037.map	512	512	324	411	275	437	74.8406
18	maps/rooms/8room_037.map	512	512	41	234	105	248	75.9411
17	maps/rooms/8room_037.map	512	512	311	339	282	287	70.6985
17	maps/rooms/8room_037.map	512	512	229	90	233	133	70.6985
17	maps/rooms/8room_037.map	512	512	460	243	428	298	71.7696
17	maps/rooms/8room_037.map	512	512	234	323	195	282	71.2132
16	maps/rooms/8room_037.map	512	512	426	186	425	143	67.1127
16	maps/rooms/8room_037.map	512	512	143	263	160	234	67.1127
16	maps/rooms/8room_037.map	512	512	153	236	217	234	67.3137
16	maps/rooms/8room_037.map	512	512	381	118	357	105	67.3848
16	maps/rooms/8room_037.map	512	512	482	130	483	155	67.1127
16	maps/rooms/8room_037.map	512	512	136	386	125	339	66.9706
15	maps/rooms/8room_037.map	512	512	248	211	303	211	63.9706
15	maps/rooms/8room_037.map	512	512	83	454	68	400	63.3848
15	maps/rooms/8room_037.map	512	512	200	203	243	167	63.7696
15	maps/rooms/8room_037.map	512	512	54	276	102	299	63.6274
15	maps/rooms/8room_037.map	512	512	26	387	78	396	63.1838
15	maps/rooms/8room_037.map	512	512	492	365	438	351	63.4558
15	maps/rooms/8room_037.map	512	512	114	471	165	489	63.9706
14	maps/rooms/8room_037.map	512	512	482	58	435	52	59.3848
14	maps/rooms/8room_037.map	512	512	75	216	107	185	59.7696
14	maps/rooms/8room_037.map	512	512	108	421	156	415	59.799
14	maps/rooms/8room_037.map	512	512	265	388	252	431	59.9411
14	maps/rooms/8room_037.map	512	512	317	96	358	114	59.7696
14	maps/rooms/8room_037.map	512	512	349	159	380	193	59.0416
13	maps/rooms/8room_037.map	512	512	149	235	112	249	55.3848
13	maps/rooms/8room_037.map	512	512	275	411	266	462	55.8995
13	maps/rooms/8room_037.map	512	512	354	43	383	82	55.6985
13	maps/rooms/8room_037.map	512	512	36	445	44	403	55.4558
13	maps/rooms/8room_037.map	512	512	87	172	88	223	55.3137
13	maps/rooms/8room_037.map	512	512	472	335	460	289	55.799
13	maps/rooms/8room_037.map	512	512	71	60	58	83	54.6274
13	maps/rooms/8room_037.map	512	512	325	36	293	40	55.4558
12	maps/rooms/8room_037.map	512	512	18	173	29	217	51.7279
12	maps/rooms/8room_037.map	512	512	171	10	166	43	51.5563
12	maps/rooms/8room_037.map	512	512	467	274	476	232	51.1421
12	maps/rooms/8room_037.map	512	512	404	475	427	435	51.2843
12	maps/rooms/8room_037.map	512	512	186	190	234	182	51.3137
12	maps/rooms/8room_037.map	512	512	35	326	77	318	51.799
12	maps/rooms/8room_037.map	512	512	502	343	468	332	51.8701
11	maps/rooms/8room_037.map	512	512	259	104	279	140	47.799
11	maps/rooms/8room_037.map	512	512	219	262	195	237	47.6274
11	maps/rooms/8room_037.map	512	512	50	290	66	264	47.799
11	maps/rooms/8room_037.map	512	512	380	242	342	233	47.3848
11	maps/rooms/8room_037.map	512	512	59	218	84	183	47.6985
11	maps/rooms/8room_037.map	512	512	221	323	194	296	47.2132
11	maps/rooms/8room_037.map	512	512	164	215	194	237	46.9706
11	maps/rooms/8room_037.map	512	512	413	246	416	287	47.2132
11	maps/rooms/8room_037.map	512	512	345	214	361	223	47.8701
11	maps/rooms/8room_037.map	512	512	126	450	126	420	47.8995
10	maps/rooms/8room_037.map	512	512	396	188	370	214	43.799
10	maps/rooms/8room_037.map	512	512	104	15	132	39	43.799
10	maps/rooms/8room_037.map	512	512	66	413	91	386	43.2132
10	maps/rooms/8room_037.map	512	512	425	486	390	475	43.0711
10	maps/rooms/8room_037.map	512	512	395	424	422	408	43.9706
9	maps/rooms/8room_037.map	512	512	374	7	380	43	39.3137
9	maps/rooms/8room_037.map	512	512	446	27	429	53	38.8995
9	maps/rooms/8room_037.map	512	512	362	190	377	197	39.4558
9	maps/rooms/8room_037.map	512	512	359	402	324	412	39.7279
9	maps/rooms/8room_037.map	512	512	322	428	355	426	39.6274
9	maps/rooms/8room_037.map	512	512	457	220	444	203	39.799
9	maps/rooms/8room_037.map	512	512	378	359	362	327	39.799
9	maps/rooms/8room_037.map	512	512	60	221	62	251	39.5563
9	maps/rooms/8room_037.map	512	512	506	147	502	114	39.7279
8	maps/rooms/8room_037.map	512	512	10	101	23	128	35.8995
8	maps/rooms/8room_037.map	512	512	197	100	225	98	35.4142
8	maps/rooms/8room_037.map	512	512	117	211	144	229	35.6274
8	maps/rooms/8room_037.map	512	512	315	290	324	312	35.9706
8	maps/rooms/8room_037.map	512	512	7	473	8	442	34.7279
8	maps/rooms/8room_037.map	512	512	56	116	54	143	35.9706
8	maps/rooms/8room_037.map	512	512	63	499	96	502	35.8995
7	maps/rooms/8room_037.map	512	512	42	470	66	486	31.799
7	maps/rooms/8room_037.map	512	512	195	239	196	208	31.4142
7	maps/rooms/8room_037.map	512	512	171	329	188	311	31.7279
7	maps/rooms/8room_037.map	512	512	214	68	187	78	31.9706
7	maps/rooms/8room_037.map	512	512	131	235	158	235	31.9706
7	maps/rooms/8room_037.map	512	512	211	484	210	459	31.3137
7	maps/rooms/8room_037.map	512	512	278	211	268	188	31.7279
7	maps/rooms/8room_037.map	512	512	91	174	113	173	31.9706
6	maps/rooms/8room_037.map	512	512	184	115	191	140	27.8995
6	maps/rooms/8room_037.map	512	512	158	440	133	434	27.4853
6	maps/rooms/8room_037.map	512	512	5	51	19	72	27.9706
6	maps/rooms/8room_037.map	512	512	308	327	326	312	27.7279
6	maps/rooms/8room_037.map	512	512	113	248	138	244	26.6569
6	maps/rooms/8room_037.map	512	512	420	89	418	112	27.1421
6	maps/rooms/8room_037.map	512	512	484	158	468	170	27.5563
6	maps/rooms/8room_037.map	512	512	341	484	324	481	27.799
6	maps/rooms/8room_037.map	512	512	191	88	209	95	27.9706
6	maps/rooms/8room_037.map	512	512	425	263	402	265	27.9706
5	maps/rooms/8room_037.map	512	512	115	340	130	330	22.6569
5	maps/rooms/8room_037.map	512	512	21	150	28	171	23.8995
5	maps/rooms/8room_037.map	512	512	487	105	465	108	23.2426
5	maps/rooms/8room_037.map	512	512	38	143	56	146	23.7279
5	maps/rooms/8room_037.map	512	512	70	312	90	315	23.7279
5	maps/rooms/8room_037.map	512	512	265	78	259	96	23.4142
5	maps/rooms/8room_037.map	512	512	449	125	470	122	23.0711
5	maps/rooms/8room_037.map	512	512	465	223	445	216	22.8995
5	maps/rooms/8room_037.map	512	512	298	467	281	457	23.4853
5	maps/rooms/8room_037.map	512	512	211	228	197	239	23.8284
4	maps/rooms/8room_037.map	512	512	344	322	360	322	19.3137
4	maps/rooms/8room_037.map	512	512	379	118	374	133	19.5563
4	maps/rooms/8room_037.map	512	512	230	502	222	487	19.4853
4	maps/rooms/8room_037.map	512	512	410	503	407	485	19.2426
4	maps/rooms/8room_037.map	512	512	135	109	147	102	19.7279
4	maps/rooms/8room_037.map	512	512	24	71	31	88	19.8995
4	maps/rooms/8room_037.map	512	512	25	392	31	375	19.4853
4	maps/rooms/8room_037.map	512	512	485	377	502	376	19.8995
4	maps/rooms/8room_037.map	512	512	58	340	55	322	19.8284
4	maps/rooms/8room_037.map	512	512	85	90	94	105	19.8995
3	maps/rooms/8room_037.map	512	512	168	226	177	237	15.3137
3	maps/rooms/8room_037.map	512	512	187	34	174	40	15.4853
3	maps/rooms/8room_037.map	512	512	365	155	365	168	14.6569
3	maps/rooms/8room_037.map	512	512	468	29	453	27	15.8284
3	maps/rooms/8room_037.map	512	512	349	255	338	244	15.5563
3	maps/rooms/8room_037.map	512	512	163	509	152	499	15.7279
3	maps/rooms/8room_037.map	512	512	500	351	504	337	15.6569
3	maps/rooms/8room_037.map	512	512	361	498	356	493	14.8284
3	maps/rooms/8room_037.map	512	512	315	317	308	328	15.8995
3	maps/rooms/8room_037.map	512	512	363	206	372	196	14.8995
2	maps/rooms/8room_037.map	512	512	81	231	92	233	11.8284
2	maps/rooms/8room_037.map	512	512	39	219	49	222	11.2426
2	maps/rooms/8room_037.map	512	512	3	249	14	249	11
2	maps/rooms/8room_037.map	512	512	269	346	275	343	11.2426
2	maps/rooms/8room_037.map	512	512	137	462	137	451	11
2	maps/rooms/8room_037.map	512	512	219	41	217	31	11.4142
2	maps/rooms/8room_037.map	512	512	261	507	269	499	11.3137
2	maps/rooms/8room_037.map	512	512	163	67	156	74	11.0711
2	maps/rooms/8room_037.map	512	512	457	107	461	115	11.0711
1	maps/rooms/8room_037.map	512	512	335	147	333	153	6.82843
1	maps/rooms/8room_037.map	512	512	228	55	230	61	6.82843
1	maps/rooms/8room_037.map	512	512	307	92	303	90	7.41421
1	maps/rooms/8room_037.map	512	512	82	447	78	443	6.82843
1	maps/rooms/8room_037.map	512	512	322	94	329	95	7.41421
1	maps/rooms/8room_037.map	512	512	117	94	124	95	7.41421
1	maps/rooms/8room_037.map	512	512	290	214	295	219	7.07107
1	maps/rooms/8room_037.map	512	512	281	358	281	351	7
1	maps/rooms/8room_037.map	512	512	71	287	78	287	7
1	maps/rooms/8room_037.map	512	512	436	425	435	418	7.41421
0	maps/rooms/8room_037.map	512	512	345	291	343	293	2.82843
0	maps/rooms/8room_037.map	512	512	425	11	423	13	2.82843
0	maps/rooms/8room_037.map	512	512	314	311	317	311	3
0	maps/rooms/8room_037.map	512	512	437	259	435	261	2.82843
0	maps/rooms/8room_037.map	512	512	299	398	297	396	2.82843
0	maps/rooms/8room_037.map	512	512	306	391	307	394	3.41421
0	maps/rooms/8room_037.map	512	512	323	492	323	489	3
0	maps/rooms/8room_037.map	512	512	327	468	324	468	3
0	maps/rooms/8room_037.map	512	512	55	399	56	396	3.41421
0	maps/rooms/8room_037.map	512	512	146	407	147	404	3.41421
