version 1
63	maps/rooms/8room_097.map	512	512	143	293	141	452	252.907
27	maps/rooms/8room_097.map	512	512	306	118	341	184	108.983
106	maps/rooms/8room_097.map	512	512	425	370	129	244	425.907
56	maps/rooms/8room_097.map	512	512	494	507	334	492	227.752
116	maps/rooms/8room_097.map	512	512	426	210	121	67	464.049
127	maps/rooms/8room_097.map	512	512	234	386	460	33	511.919
52	maps/rooms/8room_097.map	512	512	149	414	62	308	209.409
83	maps/rooms/8room_097.map	512	512	267	236	25	326	334.25
54	maps/rooms/8room_097.map	512	512	452	140	467	245	218.024
30	maps/rooms/8room_097.map	512	512	79	213	42	308	121.497
116	maps/rooms/8room_097.map	512	512	364	455	29	313	467.191
38	maps/rooms/8room_097.map	512	512	317	100	415	39	154.196
109	maps/rooms/8room_097.map	512	512	346	157	315	469	438.907
127	maps/rooms/8room_097.map	512	512	18	409	369	217	511.617
94	maps/rooms/8room_097.map	512	512	38	114	363	188	376.279
126	maps/rooms/8room_097.map	512	512	103	431	436	290	506.492
127	maps/rooms/8room_097.map	512	512	383	269	78	493	511.416
127	maps/rooms/8room_097.map	512	512	328	36	104	375	511.558
127	maps/rooms/8room_097.map	512	512	89	451	400	455	511.777
127	maps/rooms/8room_097.map	512	512	504	274	149	484	510.647
40	maps/rooms/8room_097.map	512	512	347	233	375	351	162.225
127	maps/rooms/8room_097.map	512	512	409	85	424	509	511.635
96	maps/rooms/8room_097.map	512	512	76	437	292	374	386.421
113	maps/rooms/8room_097.map	512	512	494	168	219	326	454.22
36	maps/rooms/8room_097.map	512	512	421	125	293	136	144.497
86	maps/rooms/8room_097.map	512	512	295	174	3	111	346.238
71	maps/rooms/8room_097.map	512	512	328	68	191	226	287.492
46	maps/rooms/8room_097.map	512	512	212	458	133	332	187.125
95	maps/rooms/8room_097.map	512	512	305	261	501	475	382.635
15	maps/rooms/8room_097.map	512	512	390	152	428	118	60.2843
15	maps/rooms/8room_097.map	512	512	459	407	450	373	61.2843
120	maps/rooms/8room_097.map	512	512	171	343	2	72	483.664
116	maps/rooms/8room_097.map	512	512	348	132	70	378	466.333
67	maps/rooms/8room_097.map	512	512	381	285	310	436	269.037
101	maps/rooms/8room_097.map	512	512	189	276	462	405	404.007
127	maps/rooms/8room_097.map	512	512	387	403	282	7	508.161
11	maps/rooms/8room_097.map	512	512	165	380	197	360	45.5563
48	maps/rooms/8room_097.map	512	512	73	173	84	327	195.569
127	maps/rooms/8room_097.map	512	512	511	461	301	114	511.032
93	maps/rooms/8room_097.map	512	512	213	148	455	298	374.108
37	maps/rooms/8room_097.map	512	512	309	11	331	124	149.083
127	maps/rooms/8room_097.map	512	512	461	456	156	211	511.203
98	maps/rooms/8room_097.map	512	512	125	179	15	470	395.049
120	maps/rooms/8room_097.map	512	512	72	75	421	204	481.262
126	maps/rooms/8room_097.map	512	512	397	66	98	311	507.203
37	maps/rooms/8room_097.map	512	512	104	402	43	483	148.811
91	maps/rooms/8room_097.map	512	512	79	135	132	408	365.279
61	maps/rooms/8room_097.map	512	512	246	274	344	387	246.723
71	maps/rooms/8room_097.map	512	512	282	310	504	265	287.409
68	maps/rooms/8room_097.map	512	512	133	158	324	46	275.936
12	maps/rooms/8room_097.map	512	512	105	54	136	73	50.8701
126	maps/rooms/8room_097.map	512	512	451	431	168	157	507.576
30	maps/rooms/8room_097.map	512	512	250	375	258	434	123.326
116	maps/rooms/8room_097.map	512	512	60	470	79	93	467.907
75	maps/rooms/8room_097.map	512	512	56	392	266	325	301.551
126	maps/rooms/8room_097.map	512	512	112	450	329	263	507.647
91	maps/rooms/8room_097.map	512	512	125	318	372	403	365.037
49	maps/rooms/8room_097.map	512	512	18	360	189	393	199.296
126	maps/rooms/8room_097.map	512	512	132	86	330	420	507.588
57	maps/rooms/8room_097.map	512	512	3	314	100	435	230.953
97	maps/rooms/8room_097.map	512	512	276	404	139	151	391.99
91	maps/rooms/8room_097.map	512	512	439	45	265	202	364.664
69	maps/rooms/8room_097.map	512	512	245	76	461	25	276.38
77	maps/rooms/8room_097.map	512	512	506	291	282	318	311.451
27	maps/rooms/8room_097.map	512	512	78	365	10	387	109.255
100	maps/rooms/8room_097.map	512	512	332	498	151	419	401.019
63	maps/rooms/8room_097.map	512	512	47	340	228	378	252.338
51	maps/rooms/8room_097.map	512	512	307	471	184	360	205.439
52	maps/rooms/8room_097.map	512	512	103	172	209	296	208.853
81	maps/rooms/8room_097.map	512	512	245	399	488	349	327.066
75	maps/rooms/8room_097.map	512	512	506	239	370	108	301.551
126	maps/rooms/8room_097.map	512	512	45	502	386	294	507.86
83	maps/rooms/8room_097.map	512	512	330	189	70	88	335.007
21	maps/rooms/8room_097.map	512	512	293	9	285	74	87.1838
116	maps/rooms/8room_097.map	512	512	177	224	367	503	464.446
86	maps/rooms/8room_097.map	512	512	134	194	167	412	346.907
87	maps/rooms/8room_097.map	512	512	185	438	399	269	348.664
91	maps/rooms/8room_097.map	512	512	243	76	442	268	365.149
77	maps/rooms/8room_097.map	512	512	117	142	357	216	310.794
126	maps/rooms/8room_097.map	512	512	152	153	323	442	507.245
126	maps/rooms/8room_097.map	512	512	88	347	411	98	507.889
104	maps/rooms/8room_097.map	512	512	141	467	62	138	417.948
117	maps/rooms/8room_097.map	512	512	295	498	290	173	471.22
19	maps/rooms/8room_097.map	512	512	35	470	69	425	76.9411
38	maps/rooms/8room_097.map	512	512	72	263	25	157	154.598
29	maps/rooms/8room_097.map	512	512	335	265	314	357	118.355
107	maps/rooms/8room_097.map	512	512	308	77	11	254	431.99
58	maps/rooms/8room_097.map	512	512	295	328	206	239	235.865
43	maps/rooms/8room_097.map	512	512	55	231	95	87	172.368
126	maps/rooms/8room_097.map	512	512	293	499	344	118	507.262
37	maps/rooms/8room_097.map	512	512	259	310	294	423	149.095
114	maps/rooms/8room_097.map	512	512	271	180	86	424	458.103
126	maps/rooms/8room_097.map	512	512	74	127	390	365	507.505
45	maps/rooms/8room_097.map	512	512	446	314	390	322	181.154
86	maps/rooms/8room_097.map	512	512	379	409	183	280	347.593
107	maps/rooms/8room_097.map	512	512	267	418	90	150	428.664
67	maps/rooms/8room_097.map	512	512	370	323	171	363	270.581
99	maps/rooms/8room_097.map	512	512	265	276	171	403	399.818
122	maps/rooms/8room_097.map	512	512	355	46	30	280	488.245
125	maps/rooms/8room_097.map	512	512	19	124	458	98	503.735
125	maps/rooms/8room_097.map	512	512	233	15	204	325	503.416
52	maps/rooms/8room_097.map	512	512	280	54	397	173	209.095
97	maps/rooms/8room_097.map	512	512	85	413	51	93	388.593
66	maps/rooms/8room_097.map	512	512	106	180	151	381	265.924
125	maps/rooms/8room_097.map	512	512	3	422	195	133	503.517
67	maps/rooms/8room_097.map	512	512	131	42	36	166	271.309
78	maps/rooms/8room_097.map	512	512	254	76	435	218	315.551
42	maps/rooms/8room_097.map	512	512	55	92	20	221	169.539
75	maps/rooms/8room_097.map	512	512	502	29	315	203	302.664
125	maps/rooms/8room_097.map	512	512	206	43	392	375	503.404
111	maps/rooms/8room_097.map	512	512	92	291	418	388	446.078
55	maps/rooms/8room_097.map	512	512	201	278	162	365	220.995
65	maps/rooms/8room_097.map	512	512	245	133	71	54	260.179
48	maps/rooms/8room_097.map	512	512	394	123	358	255	193.882
121	maps/rooms/8room_097.map	512	512	247	429	440	93	487.777
106	maps/rooms/8room_097.map	512	512	448	186	114	178	425.279
91	maps/rooms/8room_097.map	512	512	457	45	382	330	367.037
34	maps/rooms/8room_097.map	512	512	197	461	155	365	136.912
125	maps/rooms/8room_097.map	512	512	173	19	377	331	503.446
119	maps/rooms/8room_097.map	512	512	482	172	339	503	478.818
91	maps/rooms/8room_097.map	512	512	345	212	79	94	365.22
59	maps/rooms/8room_097.map	512	512	318	297	495	264	237.782
71	maps/rooms/8room_097.map	512	512	133	158	342	242	284.823
45	maps/rooms/8room_097.map	512	512	404	168	492	267	183.468
85	maps/rooms/8room_097.map	512	512	55	143	331	201	342.794
125	maps/rooms/8room_097.map	512	512	50	55	138	457	503.647
46	maps/rooms/8room_097.map	512	512	322	510	268	421	184.054
45	maps/rooms/8room_097.map	512	512	454	232	375	186	180.74
125	maps/rooms/8room_097.map	512	512	237	442	454	100	502.747
65	maps/rooms/8room_097.map	512	512	387	170	322	356	260.681
125	maps/rooms/8room_097.map	512	512	58	21	395	227	503.96
72	maps/rooms/8room_097.map	512	512	428	178	315	357	289.037
65	maps/rooms/8room_097.map	512	512	34	211	20	67	262.309
82	maps/rooms/8room_097.map	512	512	55	21	263	126	330.22
82	maps/rooms/8room_097.map	512	512	100	118	335	228	328.279
110	maps/rooms/8room_097.map	512	512	395	322	89	194	441.362
76	maps/rooms/8room_097.map	512	512	203	457	4	329	307.208
124	maps/rooms/8room_097.map	512	512	42	58	425	106	496.262
84	maps/rooms/8room_097.map	512	512	398	374	389	103	336.309
54	maps/rooms/8room_097.map	512	512	267	303	415	226	219.024
29	maps/rooms/8room_097.map	512	512	350	425	297	358	118.326
79	maps/rooms/8room_097.map	512	512	297	31	498	169	318.137
49	maps/rooms/8room_097.map	512	512	463	246	370	146	197.024
110	maps/rooms/8room_097.map	512	512	314	501	47	474	441.889
125	maps/rooms/8room_097.map	512	512	84	322	474	399	503.777
125	maps/rooms/8room_097.map	512	512	154	74	104	403	502.889
120	maps/rooms/8room_097.map	512	512	326	112	469	470	480.304
46	maps/rooms/8room_097.map	512	512	440	185	383	93	184.397
29	maps/rooms/8room_097.map	512	512	19	286	101	230	119.054
124	maps/rooms/8room_097.map	512	512	290	45	442	415	499.99
61	maps/rooms/8room_097.map	512	512	393	101	252	231	247.652
86	maps/rooms/8room_097.map	512	512	230	333	307	103	345.777
56	maps/rooms/8room_097.map	512	512	284	328	380	474	224.752
124	maps/rooms/8room_097.map	512	512	470	478	229	168	499.475
109	maps/rooms/8room_097.map	512	512	139	156	350	392	437.233
29	maps/rooms/8room_097.map	512	512	285	25	186	3	117.426
80	maps/rooms/8room_097.map	512	512	349	475	102	403	320.38
109	maps/rooms/8room_097.map	512	512	101	307	226	13	436.688
113	maps/rooms/8room_097.map	512	512	226	22	35	284	453.316
103	maps/rooms/8room_097.map	512	512	300	269	124	55	412.09
61	maps/rooms/8room_097.map	512	512	178	12	42	95	245.409
70	maps/rooms/8room_097.map	512	512	389	188	335	381	283.652
109	maps/rooms/8room_097.map	512	512	511	99	135	198	438.179
123	maps/rooms/8room_097.map	512	512	205	191	431	474	495.174
61	maps/rooms/8room_097.map	512	512	226	194	351	143	247.137
25	maps/rooms/8room_097.map	512	512	94	247	18	293	103.497
73	maps/rooms/8room_097.map	512	512	43	254	46	14	293.551
23	maps/rooms/8room_097.map	512	512	101	139	81	62	93.8701
52	maps/rooms/8room_097.map	512	512	99	50	61	221	209.167
101	maps/rooms/8room_097.map	512	512	446	101	109	109	407.836
43	maps/rooms/8room_097.map	512	512	411	110	313	204	173.782
86	maps/rooms/8room_097.map	512	512	70	94	348	125	345.35
63	maps/rooms/8room_097.map	512	512	70	139	247	74	252.309
30	maps/rooms/8room_097.map	512	512	294	358	261	399	123.598
107	maps/rooms/8room_097.map	512	512	379	454	459	159	429.191
116	maps/rooms/8room_097.map	512	512	469	254	163	116	467.948
96	maps/rooms/8room_097.map	512	512	344	151	359	443	386.907
118	maps/rooms/8room_097.map	512	512	290	406	120	84	472.174
124	maps/rooms/8room_097.map	512	512	452	227	98	323	499.99
23	maps/rooms/8room_097.map	512	512	206	122	150	87	92.3553
124	maps/rooms/8room_097.map	512	512	236	101	187	457	499.132
122	maps/rooms/8room_097.map	512	512	230	23	253	376	488.316
55	maps/rooms/8room_097.map	512	512	345	85	431	238	221.853
90	maps/rooms/8room_097.map	512	512	495	347	447	71	361.037
45	maps/rooms/8room_097.map	512	512	227	276	345	185	182.64
113	maps/rooms/8room_097.map	512	512	175	311	405	458	453.233
124	maps/rooms/8room_097.map	512	512	124	21	253	337	499.759
96	maps/rooms/8room_097.map	512	512	82	258	278	450	384.836
107	maps/rooms/8room_097.map	512	512	269	98	57	378	429.789
124	maps/rooms/8room_097.map	512	512	363	492	87	238	499.848
60	maps/rooms/8room_097.map	512	512	311	152	314	351	243.782
123	maps/rooms/8room_097.map	512	512	173	283	490	476	493.647
90	maps/rooms/8room_097.map	512	512	233	47	182	302	363.563
75	maps/rooms/8room_097.map	512	512	250	133	4	178	302.48
35	maps/rooms/8room_097.map	512	512	246	263	135	275	141.912
124	maps/rooms/8room_097.map	512	512	482	234	102	231	499.149
122	maps/rooms/8room_097.map	512	512	366	118	68	363	488.061
78	maps/rooms/8room_097.map	512	512	36	90	228	258	315.764
54	maps/rooms/8room_097.map	512	512	278	328	288	202	216.953
35	maps/rooms/8room_097.map	512	512	123	388	32	438	141.368
112	maps/rooms/8room_097.map	512	512	53	383	191	91	449.061
124	maps/rooms/8room_097.map	512	512	87	460	359	273	499.333
94	maps/rooms/8room_097.map	512	512	340	122	220	404	377.061
43	maps/rooms/8room_097.map	512	512	421	268	315	204	172.326
93	maps/rooms/8room_097.map	512	512	399	403	199	219	375.421
52	maps/rooms/8room_097.map	512	512	315	214	339	42	211.238
75	maps/rooms/8room_097.map	512	512	29	345	230	342	300.208
95	maps/rooms/8room_097.map	512	512	378	6	492	261	380.279
124	maps/rooms/8room_097.map	512	512	268	23	395	390	498.818
101	maps/rooms/8room_097.map	512	512	498	218	219	268	405.35
54	maps/rooms/8room_097.map	512	512	364	119	266	258	216.581
123	maps/rooms/8room_097.map	512	512	157	3	443	264	495.818
116	maps/rooms/8room_097.map	512	512	189	26	505	207	464.12
62	maps/rooms/8room_097.map	512	512	232	421	451	412	250.468
96	maps/rooms/8room_097.map	512	512	445	86	130	5	385.723
15	maps/rooms/8room_097.map	512	512	448	407	435	367	62.1127
60	maps/rooms/8room_097.map	512	512	312	60	389	207	243.74
123	maps/rooms/8room_097.map	512	512	21	427	327	285	495.546
32	maps/rooms/8room_097.map	512	512	319	412	300	462	130.255
34	maps/rooms/8room_097.map	512	512	135	505	58	486	137.154
123	maps/rooms/8room_097.map	512	512	410	314	175	115	495.505
54	maps/rooms/8room_097.map	512	512	265	375	166	338	218.752
79	maps/rooms/8room_097.map	512	512	148	301	387	319	319.894
123	maps/rooms/8room_097.map	512	512	163	76	159	377	495.576
60	maps/rooms/8room_097.map	512	512	101	142	175	8	241.137
59	maps/rooms/8room_097.map	512	512	108	344	5	196	238.397
91	maps/rooms/8room_097.map	512	512	476	403	366	143	365.522
51	maps/rooms/8room_097.map	512	512	430	473	316	370	205.853
123	maps/rooms/8room_097.map	512	512	404	269	110	55	495.99
111	maps/rooms/8room_097.map	512	512	348	27	278	381	445.078
61	maps/rooms/8room_097.map	512	512	270	237	332	356	247.711
123	maps/rooms/8room_097.map	512	512	270	52	341	423	495.262
69	maps/rooms/8room_097.map	512	512	423	86	494	297	276.894
74	maps/rooms/8room_097.map	512	512	329	248	411	477	299.451
63	maps/rooms/8room_097.map	512	512	56	101	216	241	254.309
100	maps/rooms/8room_097.map	512	512	278	66	510	252	403.179
123	maps/rooms/8room_097.map	512	512	466	60	421	464	495.877
12	maps/rooms/8room_097.map	512	512	100	360	55	366	49.4853
102	maps/rooms/8room_097.map	512	512	228	374	83	137	411.421
64	maps/rooms/8room_097.map	512	512	183	331	237	502	258.279
120	maps/rooms/8room_097.map	512	512	102	134	483	204	481.735
69	maps/rooms/8room_097.map	512	512	468	61	323	221	276.38
93	maps/rooms/8room_097.map	512	512	421	245	181	94	373.936
54	maps/rooms/8room_097.map	512	512	460	475	354	331	216.51
50	maps/rooms/8room_097.map	512	512	339	174	424	271	201.882
40	maps/rooms/8room_097.map	512	512	323	195	232	201	161.225
109	maps/rooms/8room_097.map	512	512	285	499	69	227	437.463
72	maps/rooms/8room_097.map	512	512	102	191	303	280	288.794
34	maps/rooms/8room_097.map	512	512	156	266	246	234	138.468
123	maps/rooms/8room_097.map	512	512	350	474	133	170	495.174
53	maps/rooms/8room_097.map	512	512	217	382	326	365	215.681
117	maps/rooms/8room_097.map	512	512	247	328	215	27	468.73
74	maps/rooms/8room_097.map	512	512	318	393	158	443	299.522
88	maps/rooms/8room_097.map	512	512	262	68	9	175	354.492
50	maps/rooms/8room_097.map	512	512	279	165	173	254	200.539
67	maps/rooms/8room_097.map	512	512	413	107	419	297	269.681
112	maps/rooms/8room_097.map	512	512	125	392	105	9	451.877
11	maps/rooms/8room_097.map	512	512	477	340	437	351	45.3848
122	maps/rooms/8room_097.map	512	512	427	111	98	341	491.86
47	maps/rooms/8room_097.map	512	512	471	43	332	3	189.225
89	maps/rooms/8room_097.map	512	512	4	229	184	307	357.095
56	maps/rooms/8room_097.map	512	512	153	74	322	29	226.953
59	maps/rooms/8room_097.map	512	512	71	264	101	420	237.238
99	maps/rooms/8room_097.map	512	512	349	37	348	340	398.877
97	maps/rooms/8room_097.map	512	512	213	194	463	226	388.35
102	maps/rooms/8room_097.map	512	512	312	252	55	420	410.948
122	maps/rooms/8room_097.map	512	512	348	349	103	79	491.233
24	maps/rooms/8room_097.map	512	512	104	184	165	134	98.9411
80	maps/rooms/8room_097.map	512	512	354	388	110	418	320.51
67	maps/rooms/8room_097.map	512	512	291	302	454	347	268.853
75	maps/rooms/8room_097.map	512	512	266	343	172	410	302.966
96	maps/rooms/8room_097.map	512	512	135	250	199	12	384.818
67	maps/rooms/8room_097.map	512	512	404	366	342	170	270.853
98	maps/rooms/8room_097.map	512	512	279	172	45	362	395.605
92	maps/rooms/8room_097.map	512	512	421	155	338	410	371.279
51	maps/rooms/8room_097.map	512	512	212	440	393	399	204.326
36	maps/rooms/8room_097.map	512	512	18	308	45	230	146.255
122	maps/rooms/8room_097.map	512	512	62	57	426	186	490.747
122	maps/rooms/8room_097.map	512	512	507	415	96	365	491.978
57	maps/rooms/8room_097.map	512	512	164	250	307	249	228.409
41	maps/rooms/8room_097.map	512	512	414	258	366	156	164.912
122	maps/rooms/8room_097.map	512	512	495	290	130	128	491.434
92	maps/rooms/8room_097.map	512	512	330	504	142	441	368.806
54	maps/rooms/8room_097.map	512	512	114	277	14	166	216.196
65	maps/rooms/8room_097.map	512	512	151	500	94	295	263.38
122	maps/rooms/8room_097.map	512	512	488	191	238	380	490.747
40	maps/rooms/8room_097.map	512	512	414	421	508	329	161.539
94	maps/rooms/8room_097.map	512	512	386	500	136	442	376.777
44	maps/rooms/8room_097.map	512	512	195	292	328	276	177.569
15	maps/rooms/8room_097.map	512	512	338	173	286	159	60.1421
122	maps/rooms/8room_097.map	512	512	235	47	284	402	491.99
70	maps/rooms/8room_097.map	512	512	333	164	99	102	281.137
84	maps/rooms/8room_097.map	512	512	477	292	237	355	336.622
46	maps/rooms/8room_097.map	512	512	378	185	477	219	186.196
121	maps/rooms/8room_097.map	512	512	270	469	31	200	487.706
121	maps/rooms/8room_097.map	512	512	503	351	103	402	487.978
77	maps/rooms/8room_097.map	512	512	258	10	351	214	308.664
14	maps/rooms/8room_097.map	512	512	107	142	55	131	57.3848
87	maps/rooms/8room_097.map	512	512	110	295	91	3	349.35
53	maps/rooms/8room_097.map	512	512	293	296	232	419	214.894
121	maps/rooms/8room_097.map	512	512	67	315	402	282	487.789
121	maps/rooms/8room_097.map	512	512	498	99	369	457	487.718
121	maps/rooms/8room_097.map	512	512	467	418	145	238	487.747
121	maps/rooms/8room_097.map	512	512	492	499	476	98	487.049
36	maps/rooms/8room_097.map	512	512	215	246	332	197	147.397
116	maps/rooms/8room_097.map	512	512	84	132	451	159	465.563
29	maps/rooms/8room_097.map	512	512	498	261	417	293	117.669
63	maps/rooms/8room_097.map	512	512	343	135	458	294	255.681
93	maps/rooms/8room_097.map	512	512	471	2	162	41	375.38
34	maps/rooms/8room_097.map	512	512	303	236	319	319	138.497
72	maps/rooms/8room_097.map	512	512	398	243	346	470	288.966
34	maps/rooms/8room_097.map	512	512	309	171	341	76	137.468
31	maps/rooms/8room_097.map	512	512	488	253	413	313	127.326
100	maps/rooms/8room_097.map	512	512	314	219	153	501	401.818
98	maps/rooms/8room_097.map	512	512	159	269	363	38	393.534
19	maps/rooms/8room_097.map	512	512	281	13	352	22	79.2132
88	maps/rooms/8room_097.map	512	512	486	245	244	367	355.279
52	maps/rooms/8room_097.map	512	512	223	454	362	430	210.782
54	maps/rooms/8room_097.map	512	512	231	116	99	232	216.894
64	maps/rooms/8room_097.map	512	512	56	392	86	187	256.196
107	maps/rooms/8room_097.map	512	512	150	479	382	246	430.404
101	maps/rooms/8room_097.map	512	512	504	27	195	140	407.907
92	maps/rooms/8room_097.map	512	512	350	181	35	103	370.865
121	maps/rooms/8room_097.map	512	512	330	422	118	113	487.659
121	maps/rooms/8room_097.map	512	512	474	499	131	434	487.103
121	maps/rooms/8room_097.map	512	512	95	493	338	228	486.718
120	maps/rooms/8room_097.map	512	512	153	405	373	195	483.747
118	maps/rooms/8room_097.map	512	512	316	471	83	187	472.706
41	maps/rooms/8room_097.map	512	512	350	174	201	147	165.497
6	maps/rooms/8room_097.map	512	512	137	184	115	179	24.0711
73	maps/rooms/8room_097.map	512	512	280	299	452	197	292.894
106	maps/rooms/8room_097.map	512	512	349	116	244	444	427.392
112	maps/rooms/8room_097.map	512	512	397	164	39	242	448.208
82	maps/rooms/8room_097.map	512	512	234	427	151	231	329.593
120	maps/rooms/8room_097.map	512	512	189	476	73	106	483.22
85	maps/rooms/8room_097.map	512	512	258	183	434	394	340.279
96	maps/rooms/8room_097.map	512	512	507	496	238	504	386.404
120	maps/rooms/8room_097.map	512	512	302	21	204	348	483.96
53	maps/rooms/8room_097.map	512	512	470	267	382	406	212.782
25	maps/rooms/8room_097.map	512	512	428	45	437	7	100.355
87	maps/rooms/8room_097.map	512	512	348	165	58	249	351.764
56	maps/rooms/8room_097.map	512	512	393	84	283	123	226.48
120	maps/rooms/8room_097.map	512	512	482	300	142	139	483.191
104	maps/rooms/8room_097.map	512	512	182	29	93	267	417.291
19	maps/rooms/8room_097.map	512	512	179	463	146	501	76.6985
120	maps/rooms/8room_097.map	512	512	493	431	85	365	483.22
77	maps/rooms/8room_097.map	512	512	253	57	21	68	310.865
85	maps/rooms/8room_097.map	512	512	248	297	413	84	343.563
120	maps/rooms/8room_097.map	512	512	63	126	377	331	483.777
119	maps/rooms/8room_097.map	512	512	13	366	378	255	479.889
19	maps/rooms/8room_097.map	512	512	333	252	302	309	79.799
68	maps/rooms/8room_097.map	512	512	158	159	72	350	272.38
114	maps/rooms/8room_097.map	512	512	486	244	156	274	457.321
70	maps/rooms/8room_097.map	512	512	203	280	125	427	282.806
57	maps/rooms/8room_097.map	512	512	281	164	375	290	230.752
73	maps/rooms/8room_097.map	512	512	88	228	154	444	292.208
119	maps/rooms/8room_097.map	512	512	489	55	113	110	479.09
67	maps/rooms/8room_097.map	512	512	207	184	70	311	269.279
97	maps/rooms/8room_097.map	512	512	220	344	445	213	390.25
6	maps/rooms/8room_097.map	512	512	52	29	71	16	24.9706
68	maps/rooms/8room_097.map	512	512	70	84	205	264	273.25
100	maps/rooms/8room_097.map	512	512	211	347	323	86	401.919
95	maps/rooms/8room_097.map	512	512	446	57	451	379	380.137
119	maps/rooms/8room_097.map	512	512	438	129	309	472	478.818
95	maps/rooms/8room_097.map	512	512	215	269	435	423	382.836
119	maps/rooms/8room_097.map	512	512	10	262	367	309	479.563
107	maps/rooms/8room_097.map	512	512	259	141	383	428	428.806
61	maps/rooms/8room_097.map	512	512	74	344	173	505	247.723
119	maps/rooms/8room_097.map	512	512	158	282	469	421	479.019
112	maps/rooms/8room_097.map	512	512	132	354	466	506	451.848
119	maps/rooms/8room_097.map	512	512	23	82	275	315	478.831
99	maps/rooms/8room_097.map	512	512	477	307	179	408	398.38
31	maps/rooms/8room_097.map	512	512	267	251	307	264	127.083
44	maps/rooms/8room_097.map	512	512	386	476	310	372	176.953
119	maps/rooms/8room_097.map	512	512	357	388	112	142	479.517
64	maps/rooms/8room_097.map	512	512	348	346	486	505	256.723
119	maps/rooms/8room_097.map	512	512	414	78	100	299	479.475
119	maps/rooms/8room_097.map	512	512	510	338	193	226	479.333
82	maps/rooms/8room_097.map	512	512	47	142	303	136	328.894
118	maps/rooms/8room_097.map	512	512	378	46	100	298	475.144
44	maps/rooms/8room_097.map	512	512	168	334	260	411	179.953
63	maps/rooms/8room_097.map	512	512	185	328	379	308	252.752
118	maps/rooms/8room_097.map	512	512	136	300	427	457	475.99
113	maps/rooms/8room_097.map	512	512	140	384	406	158	453.463
41	maps/rooms/8room_097.map	512	512	377	153	377	70	166.196
62	maps/rooms/8room_097.map	512	512	290	67	192	226	248.238
118	maps/rooms/8room_097.map	512	512	34	121	408	242	475.635
50	maps/rooms/8room_097.map	512	512	326	498	373	373	200.61
42	maps/rooms/8room_097.map	512	512	330	232	306	372	168.184
48	maps/rooms/8room_097.map	512	512	462	454	313	461	195.439
116	maps/rooms/8room_097.map	512	512	284	455	351	107	464.706
76	maps/rooms/8room_097.map	512	512	366	66	425	287	305.581
118	maps/rooms/8room_097.map	512	512	51	470	93	89	474.806
118	maps/rooms/8room_097.map	512	512	102	157	398	371	475.99
101	maps/rooms/8room_097.map	512	512	183	357	158	100	404.877
118	maps/rooms/8room_097.map	512	512	42	510	373	329	475.546
105	maps/rooms/8room_097.map	512	512	486	510	387	179	423.806
101	maps/rooms/8room_097.map	512	512	456	141	230	326	407.635
60	maps/rooms/8room_097.map	512	512	151	485	102	299	243.309
64	maps/rooms/8room_097.map	512	512	303	238	138	125	256.51
99	maps/rooms/8room_097.map	512	512	88	359	414	435	398.108
32	maps/rooms/8room_097.map	512	512	394	295	317	359	130.296
82	maps/rooms/8room_097.map	512	512	299	218	52	344	330.22
84	maps/rooms/8room_097.map	512	512	329	293	392	14	338.108
43	maps/rooms/8room_097.map	512	512	231	122	366	159	172.267
98	maps/rooms/8room_097.map	512	512	322	447	277	235	393.676
50	maps/rooms/8room_097.map	512	512	56	257	196	187	203.539
102	maps/rooms/8room_097.map	512	512	322	77	384	405	411.22
31	maps/rooms/8room_097.map	512	512	160	504	159	413	125.397
118	maps/rooms/8room_097.map	512	512	179	105	439	382	475.617
118	maps/rooms/8room_097.map	512	512	47	101	209	451	475.948
72	maps/rooms/8room_097.map	512	512	52	315	151	104	288.894
86	maps/rooms/8room_097.map	512	512	266	403	458	242	344.522
84	maps/rooms/8room_097.map	512	512	55	255	326	286	337.723
55	maps/rooms/8room_097.map	512	512	457	411	414	259	223.167
112	maps/rooms/8room_097.map	512	512	485	181	394	493	448.848
66	maps/rooms/8room_097.map	512	512	228	341	89	259	266.782
117	maps/rooms/8room_097.map	512	512	295	89	41	351	471.345
117	maps/rooms/8room_097.map	512	512	437	490	332	128	471.475
106	maps/rooms/8room_097.map	512	512	0	206	242	381	424.664
41	maps/rooms/8room_097.map	512	512	80	105	201	101	165.995
64	maps/rooms/8room_097.map	512	512	461	286	333	141	258.095
113	maps/rooms/8room_097.map	512	512	245	35	117	361	455.304
37	maps/rooms/8room_097.map	512	512	319	262	271	364	148.51
83	maps/rooms/8room_097.map	512	512	393	285	474	25	335.409
117	maps/rooms/8room_097.map	512	512	306	14	100	335	471.032
76	maps/rooms/8room_097.map	512	512	214	470	429	386	307.794
117	maps/rooms/8room_097.map	512	512	35	116	362	303	471.262
101	maps/rooms/8room_097.map	512	512	275	104	104	360	407.132
84	maps/rooms/8room_097.map	512	512	207	106	83	371	337.149
117	maps/rooms/8room_097.map	512	512	87	351	260	18	471.688
67	maps/rooms/8room_097.map	512	512	441	261	248	286	270.51
68	maps/rooms/8room_097.map	512	512	477	226	334	349	274.894
34	maps/rooms/8room_097.map	512	512	141	219	249	229	136.912
45	maps/rooms/8room_097.map	512	512	7	329	66	431	180.397
117	maps/rooms/8room_097.map	512	512	468	60	219	327	471.019
117	maps/rooms/8room_097.map	512	512	442	171	76	128	471.593
117	maps/rooms/8room_097.map	512	512	304	468	325	110	471.392
107	maps/rooms/8room_097.map	512	512	300	120	277	434	431.735
86	maps/rooms/8room_097.map	512	512	492	286	222	242	345.137
68	maps/rooms/8room_097.map	512	512	309	115	111	135	274.066
108	maps/rooms/8room_097.map	512	512	104	463	220	245	433.505
116	maps/rooms/8room_097.map	512	512	23	92	366	156	467.576
76	maps/rooms/8room_097.map	512	512	182	87	405	55	306.664
56	maps/rooms/8room_097.map	512	512	254	58	198	198	227.581
67	maps/rooms/8room_097.map	512	512	461	484	270	438	270.38
88	maps/rooms/8room_097.map	512	512	275	105	277	318	354.948
80	maps/rooms/8room_097.map	512	512	164	156	413	221	321.522
92	maps/rooms/8room_097.map	512	512	149	451	323	330	371.149
81	maps/rooms/8room_097.map	512	512	414	249	263	375	325.936
78	maps/rooms/8room_097.map	512	512	78	186	274	266	314.693
32	maps/rooms/8room_097.map	512	512	317	370	363	310	131.497
48	maps/rooms/8room_097.map	512	512	141	405	4	358	193.095
58	maps/rooms/8room_097.map	512	512	426	278	249	325	235.966
37	maps/rooms/8room_097.map	512	512	163	54	60	12	151.184
90	maps/rooms/8room_097.map	512	512	211	147	506	53	361.836
88	maps/rooms/8room_097.map	512	512	276	297	27	168	353.421
115	maps/rooms/8room_097.map	512	512	79	396	332	134	463.576
78	maps/rooms/8room_097.map	512	512	310	152	341	389	313.823
115	maps/rooms/8room_097.map	512	512	154	74	148	359	463.777
90	maps/rooms/8room_097.map	512	512	123	408	14	211	361.279
53	maps/rooms/8room_097.map	512	512	405	15	264	45	215.652
101	maps/rooms/8room_097.map	512	512	101	267	235	0	405.617
101	maps/rooms/8room_097.map	512	512	349	330	51	172	407.22
56	maps/rooms/8room_097.map	512	512	363	35	413	204	224.054
115	maps/rooms/8room_097.map	512	512	204	471	315	118	463.345
92	maps/rooms/8room_097.map	512	512	283	377	72	220	371.605
92	maps/rooms/8room_097.map	512	512	92	66	149	328	371.693
35	maps/rooms/8room_097.map	512	512	58	140	51	269	140.184
35	maps/rooms/8room_097.map	512	512	137	281	154	343	143.569
77	maps/rooms/8room_097.map	512	512	221	395	212	194	309.12
43	maps/rooms/8room_097.map	512	512	328	360	441	426	174.681
112	maps/rooms/8room_097.map	512	512	382	11	63	181	449.333
115	maps/rooms/8room_097.map	512	512	69	57	402	227	462.747
50	maps/rooms/8room_097.map	512	512	345	214	200	164	203.51
86	maps/rooms/8room_097.map	512	512	274	373	200	131	347.848
39	maps/rooms/8room_097.map	512	512	30	175	127	109	156.296
101	maps/rooms/8room_097.map	512	512	155	109	202	389	407.635
115	maps/rooms/8room_097.map	512	512	95	135	383	346	463.049
115	maps/rooms/8room_097.map	512	512	453	506	322	155	463.404
71	maps/rooms/8room_097.map	512	512	383	301	461	92	284.48
50	maps/rooms/8room_097.map	512	512	93	421	219	372	200.581
115	maps/rooms/8room_097.map	512	512	462	127	128	318	463.718
62	maps/rooms/8room_097.map	512	512	287	197	324	47	250.48
96	maps/rooms/8room_097.map	512	512	70	324	138	79	387.693
110	maps/rooms/8room_097.map	512	512	180	260	485	88	440.22
28	maps/rooms/8room_097.map	512	512	6	332	78	334	114.426
71	maps/rooms/8room_097.map	512	512	279	498	340	315	286.551
115	maps/rooms/8room_097.map	512	512	140	445	326	190	463.132
81	maps/rooms/8room_097.map	512	512	87	142	162	358	325.995
108	maps/rooms/8room_097.map	512	512	506	233	220	108	434.421
100	maps/rooms/8room_097.map	512	512	397	38	195	251	403.392
73	maps/rooms/8room_097.map	512	512	222	179	392	281	294.066
97	maps/rooms/8room_097.map	512	512	262	363	78	172	389.676
83	maps/rooms/8room_097.map	512	512	504	264	274	172	333.966
71	maps/rooms/8room_097.map	512	512	125	31	219	153	287.966
65	maps/rooms/8room_097.map	512	512	342	7	251	172	263.439
17	maps/rooms/8room_097.map	512	512	83	220	90	159	70.8701
59	maps/rooms/8room_097.map	512	512	253	56	221	203	236.823
115	maps/rooms/8room_097.map	512	512	148	37	354	303	463.161
77	maps/rooms/8room_097.map	512	512	9	201	140	29	308.279
90	maps/rooms/8room_097.map	512	512	13	345	259	367	361.907
115	maps/rooms/8room_097.map	512	512	127	402	399	208	463.019
103	maps/rooms/8room_097.map	512	512	184	30	153	278	413.534
114	maps/rooms/8room_097.map	512	512	364	386	358	33	459.35
45	maps/rooms/8room_097.map	512	512	44	282	190	264	182.225
114	maps/rooms/8room_097.map	512	512	147	34	348	299	458.919
114	maps/rooms/8room_097.map	512	512	502	83	434	446	459.877
106	maps/rooms/8room_097.map	512	512	219	120	15	396	427.103
111	maps/rooms/8room_097.map	512	512	243	37	91	347	447.688
49	maps/rooms/8room_097.map	512	512	406	7	382	151	199.439
114	maps/rooms/8room_097.map	512	512	443	310	230	54	459.049
34	maps/rooms/8room_097.map	512	512	372	246	450	227	139.083
78	maps/rooms/8room_097.map	512	512	239	174	267	365	313.149
89	maps/rooms/8room_097.map	512	512	189	232	362	15	359.563
114	maps/rooms/8room_097.map	512	512	63	45	379	216	459.333
114	maps/rooms/8room_097.map	512	512	184	67	308	342	459.877
112	maps/rooms/8room_097.map	512	512	271	105	62	390	448.617
100	maps/rooms/8room_097.map	512	512	390	154	440	467	403.007
114	maps/rooms/8room_097.map	512	512	299	498	440	170	459.576
114	maps/rooms/8room_097.map	512	512	260	398	362	80	459.321
103	maps/rooms/8room_097.map	512	512	238	451	455	266	412.049
113	maps/rooms/8room_097.map	512	512	426	214	140	384	455.563
113	maps/rooms/8room_097.map	512	512	60	315	302	43	455.73
64	maps/rooms/8room_097.map	512	512	41	367	223	333	258.652
113	maps/rooms/8room_097.map	512	512	78	485	406	354	455.576
113	maps/rooms/8room_097.map	512	512	93	394	432	390	455.492
65	maps/rooms/8room_097.map	512	512	51	89	134	282	260.167
98	maps/rooms/8room_097.map	512	512	461	135	131	127	394.35
99	maps/rooms/8room_097.map	512	512	506	142	262	263	399.777
50	maps/rooms/8room_097.map	512	512	282	473	255	366	201.338
39	maps/rooms/8room_097.map	512	512	79	286	38	188	156.64
33	maps/rooms/8room_097.map	512	512	124	66	53	27	132.669
64	maps/rooms/8room_097.map	512	512	151	493	350	391	257.309
107	maps/rooms/8room_097.map	512	512	412	13	120	219	431.546
113	maps/rooms/8room_097.map	512	512	445	246	155	490	454.718
82	maps/rooms/8room_097.map	512	512	28	233	178	412	329.51
52	maps/rooms/8room_097.map	512	512	245	331	329	184	210.48
112	maps/rooms/8room_097.map	512	512	283	204	44	417	451.889
49	maps/rooms/8room_097.map	512	512	280	267	348	134	198.924
112	maps/rooms/8room_097.map	512	512	260	485	391	176	451.706
112	maps/rooms/8room_097.map	512	512	313	434	98	255	451.362
111	maps/rooms/8room_097.map	512	512	187	9	437	257	447.262
69	maps/rooms/8room_097.map	512	512	361	271	258	143	276.924
111	maps/rooms/8room_097.map	512	512	35	510	110	142	447.149
27	maps/rooms/8room_097.map	512	512	162	312	167	233	111.841
41	maps/rooms/8room_097.map	512	512	256	260	117	284	165.569
111	maps/rooms/8room_097.map	512	512	26	164	345	296	447.534
74	maps/rooms/8room_097.map	512	512	37	84	231	240	296.108
65	maps/rooms/8room_097.map	512	512	106	206	316	176	261.439
99	maps/rooms/8room_097.map	512	512	274	76	78	329	397.09
111	maps/rooms/8room_097.map	512	512	36	1	111	379	447.291
94	maps/rooms/8room_097.map	512	512	205	373	498	407	376.037
65	maps/rooms/8room_097.map	512	512	461	28	344	204	261.409
39	maps/rooms/8room_097.map	512	512	171	264	167	127	159.225
111	maps/rooms/8room_097.map	512	512	162	366	262	82	447.161
98	maps/rooms/8room_097.map	512	512	357	366	140	185	392.978
106	maps/rooms/8room_097.map	512	512	143	195	359	375	425.747
111	maps/rooms/8room_097.map	512	512	146	7	428	217	446.676
111	maps/rooms/8room_097.map	512	512	109	472	462	456	447.718
73	maps/rooms/8room_097.map	512	512	317	186	184	5	295.179
6	maps/rooms/8room_097.map	512	512	407	287	391	270	25.3848
104	maps/rooms/8room_097.map	512	512	338	135	202	445	417.647
110	maps/rooms/8room_097.map	512	512	248	173	452	452	443.333
68	maps/rooms/8room_097.map	512	512	507	115	484	217	275.208
110	maps/rooms/8room_097.map	512	512	85	35	262	328	443.789
88	maps/rooms/8room_097.map	512	512	419	86	147	35	354.279
95	maps/rooms/8room_097.map	512	512	93	238	382	166	383.593
63	maps/rooms/8room_097.map	512	512	488	293	403	115	255.551
110	maps/rooms/8room_097.map	512	512	279	116	343	430	443.22
51	maps/rooms/8room_097.map	512	512	60	174	239	148	206.882
110	maps/rooms/8room_097.map	512	512	200	10	104	298	443.848
21	maps/rooms/8room_097.map	512	512	244	317	293	367	87.8701
104	maps/rooms/8room_097.map	512	512	335	322	455	15	417.593
110	maps/rooms/8room_097.map	512	512	101	21	329	266	443.877
110	maps/rooms/8room_097.map	512	512	326	36	314	406	443.706
110	maps/rooms/8room_097.map	512	512	488	440	120	384	443.078
48	maps/rooms/8room_097.map	512	512	104	247	253	170	195.581
109	maps/rooms/8room_097.map	512	512	227	388	269	96	439.002
69	maps/rooms/8room_097.map	512	512	104	482	218	361	279.693
109	maps/rooms/8room_097.map	512	512	127	40	327	272	439.563
71	maps/rooms/8room_097.map	512	512	182	455	229	275	285.049
109	maps/rooms/8room_097.map	512	512	234	440	119	129	439.706
64	maps/rooms/8room_097.map	512	512	122	239	294	181	257.823
69	maps/rooms/8room_097.map	512	512	203	170	412	220	276.622
64	maps/rooms/8room_097.map	512	512	197	367	377	355	256.309
57	maps/rooms/8room_097.map	512	512	132	325	291	344	229.439
109	maps/rooms/8room_097.map	512	512	109	200	383	346	439.605
83	maps/rooms/8room_097.map	512	512	393	393	439	130	332.137
109	maps/rooms/8room_097.map	512	512	410	406	184	166	439.22
108	maps/rooms/8room_097.map	512	512	372	4	106	248	435.931
100	maps/rooms/8room_097.map	512	512	252	210	356	441	402.563
108	maps/rooms/8room_097.map	512	512	231	34	383	348	435.505
89	maps/rooms/8room_097.map	512	512	311	303	474	486	358.492
108	maps/rooms/8room_097.map	512	512	19	395	312	210	435.404
72	maps/rooms/8room_097.map	512	512	308	276	472	343	288.137
93	maps/rooms/8room_097.map	512	512	71	469	227	338	374.321
81	maps/rooms/8room_097.map	512	512	148	6	194	203	327.108
100	maps/rooms/8room_097.map	512	512	72	424	235	200	403.291
83	maps/rooms/8room_097.map	512	512	253	38	471	174	332.108
90	maps/rooms/8room_097.map	512	512	277	7	296	279	363.877
82	maps/rooms/8room_097.map	512	512	374	143	494	361	328.936
108	maps/rooms/8room_097.map	512	512	44	491	355	357	435.576
92	maps/rooms/8room_097.map	512	512	75	215	244	25	371.191
87	maps/rooms/8room_097.map	512	512	422	438	192	385	348.966
108	maps/rooms/8room_097.map	512	512	458	313	152	232	435.007
85	maps/rooms/8room_097.map	512	512	23	150	280	135	341.037
108	maps/rooms/8room_097.map	512	512	397	77	249	364	434.948
88	maps/rooms/8room_097.map	512	512	187	387	355	182	353.291
108	maps/rooms/8room_097.map	512	512	427	183	196	367	435.291
51	maps/rooms/8room_097.map	512	512	195	213	324	268	206.225
108	maps/rooms/8room_097.map	512	512	218	93	393	394	435.321
89	maps/rooms/8room_097.map	512	512	88	150	388	168	358.066
105	maps/rooms/8room_097.map	512	512	220	363	372	99	420.132
76	maps/rooms/8room_097.map	512	512	280	274	316	60	307.664
22	maps/rooms/8room_097.map	512	512	91	340	103	401	89.4264
34	maps/rooms/8room_097.map	512	512	78	250	167	280	139.326
103	maps/rooms/8room_097.map	512	512	171	486	471	483	412.605
107	maps/rooms/8room_097.map	512	512	390	507	206	242	431.96
40	maps/rooms/8room_097.map	512	512	310	101	376	187	162.225
45	maps/rooms/8room_097.map	512	512	399	405	286	434	183.598
107	maps/rooms/8room_097.map	512	512	232	56	322	359	431.978
80	maps/rooms/8room_097.map	512	512	59	314	68	42	320.966
31	maps/rooms/8room_097.map	512	512	25	223	70	134	125.154
69	maps/rooms/8room_097.map	512	512	302	3	402	187	278.711
60	maps/rooms/8room_097.map	512	512	245	456	427	406	243.338
106	maps/rooms/8room_097.map	512	512	424	351	150	245	426.978
106	maps/rooms/8room_097.map	512	512	76	382	351	172	427.233
54	maps/rooms/8room_097.map	512	512	345	50	328	233	217.581
106	maps/rooms/8room_097.map	512	512	450	121	300	408	425.978
80	maps/rooms/8room_097.map	512	512	134	175	10	389	323.279
20	maps/rooms/8room_097.map	512	512	90	359	30	372	80.3553
21	maps/rooms/8room_097.map	512	512	366	87	356	149	86.9706
54	maps/rooms/8room_097.map	512	512	319	335	475	354	218.782
60	maps/rooms/8room_097.map	512	512	386	275	233	187	243.61
59	maps/rooms/8room_097.map	512	512	116	89	246	229	238.652
63	maps/rooms/8room_097.map	512	512	388	269	199	330	255.439
106	maps/rooms/8room_097.map	512	512	405	462	166	409	427.061
105	maps/rooms/8room_097.map	512	512	216	77	368	319	423.948
60	maps/rooms/8room_097.map	512	512	381	387	179	466	242.924
55	maps/rooms/8room_097.map	512	512	411	167	427	21	221.581
100	maps/rooms/8room_097.map	512	512	63	58	329	226	403.12
105	maps/rooms/8room_097.map	512	512	484	215	203	142	423.421
105	maps/rooms/8room_097.map	512	512	446	269	117	185	423.593
55	maps/rooms/8room_097.map	512	512	414	88	362	264	222.024
105	maps/rooms/8room_097.map	512	512	25	140	327	271	423.25
27	maps/rooms/8room_097.map	512	512	57	250	4	264	110.598
95	maps/rooms/8room_097.map	512	512	455	411	154	499	380.664
32	maps/rooms/8room_097.map	512	512	260	340	367	336	131.811
72	maps/rooms/8room_097.map	512	512	285	11	310	235	289.936
105	maps/rooms/8room_097.map	512	512	99	431	348	216	423.463
105	maps/rooms/8room_097.map	512	512	202	502	108	236	423.806
69	maps/rooms/8room_097.map	512	512	41	202	12	382	279.995
85	maps/rooms/8room_097.map	512	512	354	334	408	67	342.137
105	maps/rooms/8room_097.map	512	512	494	87	134	131	423.907
94	maps/rooms/8room_097.map	512	512	470	301	279	502	378.777
105	maps/rooms/8room_097.map	512	512	372	26	60	133	423.919
46	maps/rooms/8room_097.map	512	512	462	268	327	296	187.468
104	maps/rooms/8room_097.map	512	512	413	174	119	312	418.676
104	maps/rooms/8room_097.map	512	512	221	175	457	384	419.635
58	maps/rooms/8room_097.map	512	512	290	394	492	424	233.196
100	maps/rooms/8room_097.map	512	512	30	249	222	75	400.635
59	maps/rooms/8room_097.map	512	512	18	311	196	221	237.439
51	maps/rooms/8room_097.map	512	512	468	323	345	260	205.983
70	maps/rooms/8room_097.map	512	512	356	359	197	262	280.409
104	maps/rooms/8room_097.map	512	512	314	483	98	259	419.806
104	maps/rooms/8room_097.map	512	512	286	111	143	356	419.505
104	maps/rooms/8room_097.map	512	512	181	414	435	223	419.291
103	maps/rooms/8room_097.map	512	512	5	248	116	446	415.25
88	maps/rooms/8room_097.map	512	512	387	436	189	502	352.936
93	maps/rooms/8room_097.map	512	512	311	134	54	38	373.818
104	maps/rooms/8room_097.map	512	512	157	42	333	280	419.22
103	maps/rooms/8room_097.map	512	512	271	246	471	456	414.777
24	maps/rooms/8room_097.map	512	512	149	382	115	311	99.0833
79	maps/rooms/8room_097.map	512	512	279	206	203	421	319.392
103	maps/rooms/8room_097.map	512	512	335	332	447	27	415.492
15	maps/rooms/8room_097.map	512	512	127	121	85	89	60.5269
103	maps/rooms/8room_097.map	512	512	236	310	422	73	415.291
48	maps/rooms/8room_097.map	512	512	376	328	248	430	194.853
52	maps/rooms/8room_097.map	512	512	507	180	354	120	209.51
103	maps/rooms/8room_097.map	512	512	36	362	346	214	415.647
103	maps/rooms/8room_097.map	512	512	84	11	399	103	415.936
58	maps/rooms/8room_097.map	512	512	431	322	322	473	233.338
46	maps/rooms/8room_097.map	512	512	435	407	281	425	185.397
102	maps/rooms/8room_097.map	512	512	85	414	109	68	411.563
102	maps/rooms/8room_097.map	512	512	281	93	457	308	411.534
96	maps/rooms/8room_097.map	512	512	383	280	435	36	387.137
102	maps/rooms/8room_097.map	512	512	28	506	217	269	411.12
102	maps/rooms/8room_097.map	512	512	135	445	210	148	411.203
53	maps/rooms/8room_097.map	512	512	26	435	180	375	215.823
7	maps/rooms/8room_097.map	512	512	494	228	496	253	31.6274
102	maps/rooms/8room_097.map	512	512	424	323	360	23	411.179
102	maps/rooms/8room_097.map	512	512	120	460	140	216	410.877
64	maps/rooms/8room_097.map	512	512	231	146	446	138	259.61
70	maps/rooms/8room_097.map	512	512	334	313	259	127	280.137
102	maps/rooms/8room_097.map	512	512	175	278	365	484	411.019
90	maps/rooms/8room_097.map	512	512	215	468	430	324	362.622
72	maps/rooms/8room_097.map	512	512	372	236	274	87	290.078
70	maps/rooms/8room_097.map	512	512	11	174	223	236	280.066
63	maps/rooms/8room_097.map	512	512	105	372	301	460	254.51
99	maps/rooms/8room_097.map	512	512	118	474	61	179	399.12
83	maps/rooms/8room_097.map	512	512	354	30	359	303	333.037
40	maps/rooms/8room_097.map	512	512	308	443	283	395	161.912
99	maps/rooms/8room_097.map	512	512	307	137	455	412	399.149
99	maps/rooms/8room_097.map	512	512	322	482	444	192	399.706
92	maps/rooms/8room_097.map	512	512	291	184	344	459	368.208
99	maps/rooms/8room_097.map	512	512	318	86	100	306	399.647
98	maps/rooms/8room_097.map	512	512	363	44	107	247	394.889
97	maps/rooms/8room_097.map	512	512	509	323	231	398	388.22
68	maps/rooms/8room_097.map	512	512	221	211	24	323	273.794
41	maps/rooms/8room_097.map	512	512	379	408	338	278	166.983
98	maps/rooms/8room_097.map	512	512	291	127	220	399	395.718
67	maps/rooms/8room_097.map	512	512	190	73	397	39	271.853
20	maps/rooms/8room_097.map	512	512	77	276	44	309	80.1838
98	maps/rooms/8room_097.map	512	512	482	255	186	234	395.936
89	maps/rooms/8room_097.map	512	512	360	413	362	134	357.551
88	maps/rooms/8room_097.map	512	512	242	438	137	218	355.492
98	maps/rooms/8room_097.map	512	512	462	101	292	377	395.078
97	maps/rooms/8room_097.map	512	512	333	383	31	380	391.451
97	maps/rooms/8room_097.map	512	512	105	15	323	200	391.492
71	maps/rooms/8room_097.map	512	512	185	185	167	354	286.238
41	maps/rooms/8room_097.map	512	512	359	269	421	199	167.397
90	maps/rooms/8room_097.map	512	512	140	15	72	270	361.836
80	maps/rooms/8room_097.map	512	512	381	156	214	314	320.563
97	maps/rooms/8room_097.map	512	512	396	123	202	334	390.664
97	maps/rooms/8room_097.map	512	512	366	300	266	20	391.463
65	maps/rooms/8room_097.map	512	512	338	58	420	231	262.782
96	maps/rooms/8room_097.map	512	512	83	27	99	316	387.007
96	maps/rooms/8room_097.map	512	512	454	107	130	213	387.764
95	maps/rooms/8room_097.map	512	512	373	467	114	317	383.049
95	maps/rooms/8room_097.map	512	512	254	501	309	228	383.605
72	maps/rooms/8room_097.map	512	512	62	454	246	392	290.066
66	maps/rooms/8room_097.map	512	512	419	248	306	89	267.924
95	maps/rooms/8room_097.map	512	512	102	327	381	315	383.635
75	maps/rooms/8room_097.map	512	512	249	166	31	264	302.267
95	maps/rooms/8room_097.map	512	512	84	462	301	409	383.522
94	maps/rooms/8room_097.map	512	512	17	269	82	452	379.38
94	maps/rooms/8room_097.map	512	512	477	236	312	475	379.262
57	maps/rooms/8room_097.map	512	512	509	302	402	425	228.752
88	maps/rooms/8room_097.map	512	512	111	280	339	360	354.894
58	maps/rooms/8room_097.map	512	512	244	379	158	407	235.095
77	maps/rooms/8room_097.map	512	512	244	125	35	69	311.735
68	maps/rooms/8room_097.map	512	512	238	441	56	438	274.279
94	maps/rooms/8room_097.map	512	512	79	259	372	152	379.706
94	maps/rooms/8room_097.map	512	512	466	435	326	160	379.735
74	maps/rooms/8room_097.map	512	512	131	45	109	213	296.752
94	maps/rooms/8room_097.map	512	512	497	91	360	344	378.978
60	maps/rooms/8room_097.map	512	512	217	311	414	340	242.409
93	maps/rooms/8room_097.map	512	512	115	91	332	279	375.877
93	maps/rooms/8room_097.map	512	512	307	325	91	485	375.22
32	maps/rooms/8room_097.map	512	512	474	6	412	82	128.468
93	maps/rooms/8room_097.map	512	512	452	506	328	231	375.392
93	maps/rooms/8room_097.map	512	512	153	484	437	361	374.664
92	maps/rooms/8room_097.map	512	512	308	203	43	275	371.693
73	maps/rooms/8room_097.map	512	512	234	342	31	350	294.966
39	maps/rooms/8room_097.map	512	512	105	276	14	329	159.539
92	maps/rooms/8room_097.map	512	512	504	479	221	403	371.936
91	maps/rooms/8room_097.map	512	512	259	307	318	53	367.777
91	maps/rooms/8room_097.map	512	512	51	233	344	295	366.966
22	maps/rooms/8room_097.map	512	512	454	313	492	350	91.0833
66	maps/rooms/8room_097.map	512	512	194	338	19	325	267.823
87	maps/rooms/8room_097.map	512	512	97	152	200	313	349.238
52	maps/rooms/8room_097.map	512	512	221	126	42	136	210.296
44	maps/rooms/8room_097.map	512	512	158	100	155	243	179.539
91	maps/rooms/8room_097.map	512	512	470	282	194	344	366.593
28	maps/rooms/8room_097.map	512	512	82	86	86	14	113.74
90	maps/rooms/8room_097.map	512	512	261	287	119	70	363.492
90	maps/rooms/8room_097.map	512	512	194	429	439	295	362.966
11	maps/rooms/8room_097.map	512	512	66	105	39	118	47.799
89	maps/rooms/8room_097.map	512	512	115	388	375	255	359.35
89	maps/rooms/8room_097.map	512	512	351	213	86	97	359.392
89	maps/rooms/8room_097.map	512	512	176	475	62	237	359.037
89	maps/rooms/8room_097.map	512	512	511	20	285	223	359.534
23	maps/rooms/8room_097.map	512	512	52	258	124	277	93.669
89	maps/rooms/8room_097.map	512	512	505	76	329	307	359.007
50	maps/rooms/8room_097.map	512	512	41	138	200	203	202.267
41	maps/rooms/8room_097.map	512	512	373	141	271	78	164.154
88	maps/rooms/8room_097.map	512	512	350	63	118	240	355.09
19	maps/rooms/8room_097.map	512	512	130	175	197	172	76.0416
30	maps/rooms/8room_097.map	512	512	350	251	274	281	123.397
87	maps/rooms/8room_097.map	512	512	332	57	377	337	351.007
87	maps/rooms/8room_097.map	512	512	467	68	184	166	351.208
87	maps/rooms/8room_097.map	512	512	55	361	296	216	351.12
87	maps/rooms/8room_097.map	512	512	506	233	285	411	351.007
87	maps/rooms/8room_097.map	512	512	356	123	86	82	351.108
86	maps/rooms/8room_097.map	512	512	75	506	137	278	347.38
86	maps/rooms/8room_097.map	512	512	461	472	443	171	347.794
85	maps/rooms/8room_097.map	512	512	354	500	242	289	343.049
85	maps/rooms/8room_097.map	512	512	39	147	327	139	343.238
85	maps/rooms/8room_097.map	512	512	270	239	442	415	343.179
85	maps/rooms/8room_097.map	512	512	248	45	159	283	341.978
85	maps/rooms/8room_097.map	512	512	360	190	158	346	343.321
52	maps/rooms/8room_097.map	512	512	158	30	68	109	211.309
84	maps/rooms/8room_097.map	512	512	235	281	466	392	339.622
29	maps/rooms/8room_097.map	512	512	405	155	331	205	116.669
72	maps/rooms/8room_097.map	512	512	269	156	104	21	291.723
57	maps/rooms/8room_097.map	512	512	360	188	190	213	229.61
84	maps/rooms/8room_097.map	512	512	104	374	329	256	339.451
84	maps/rooms/8room_097.map	512	512	43	167	333	130	339.409
84	maps/rooms/8room_097.map	512	512	22	99	272	94	339.007
42	maps/rooms/8room_097.map	512	512	440	291	359	290	168.912
84	maps/rooms/8room_097.map	512	512	484	431	322	203	339.764
83	maps/rooms/8room_097.map	512	512	441	341	231	287	335.137
83	maps/rooms/8room_097.map	512	512	93	287	310	419	334.622
83	maps/rooms/8room_097.map	512	512	315	387	70	492	335.463
82	maps/rooms/8room_097.map	512	512	251	258	374	34	331.108
38	maps/rooms/8room_097.map	512	512	39	396	135	431	152.983
82	maps/rooms/8room_097.map	512	512	186	28	328	225	331.25
34	maps/rooms/8room_097.map	512	512	210	323	206	426	137.711
82	maps/rooms/8room_097.map	512	512	75	120	326	215	331.037
51	maps/rooms/8room_097.map	512	512	212	329	222	477	205.095
49	maps/rooms/8room_097.map	512	512	403	178	303	276	199.338
81	maps/rooms/8room_097.map	512	512	170	500	99	252	327.593
23	maps/rooms/8room_097.map	512	512	179	42	167	39	92.8406
81	maps/rooms/8room_097.map	512	512	323	442	328	230	327.309
66	maps/rooms/8room_097.map	512	512	443	230	501	423	267.995
81	maps/rooms/8room_097.map	512	512	79	163	277	313	327.907
81	maps/rooms/8room_097.map	512	512	278	269	115	110	327.563
81	maps/rooms/8room_097.map	512	512	85	34	102	302	327.208
81	maps/rooms/8room_097.map	512	512	210	463	207	245	327.291
71	maps/rooms/8room_097.map	512	512	457	62	437	290	285.196
50	maps/rooms/8room_097.map	512	512	204	226	241	347	201.38
80	maps/rooms/8room_097.map	512	512	213	399	85	182	323.652
80	maps/rooms/8room_097.map	512	512	405	511	190	373	323.735
80	maps/rooms/8room_097.map	512	512	150	143	419	172	323.137
36	maps/rooms/8room_097.map	512	512	218	221	294	178	145.083
80	maps/rooms/8room_097.map	512	512	76	216	337	138	323.066
46	maps/rooms/8room_097.map	512	512	239	283	343	263	185.74
29	maps/rooms/8room_097.map	512	512	119	403	75	348	118.154
13	maps/rooms/8room_097.map	512	512	98	260	117	214	55.0416
53	maps/rooms/8room_097.map	512	512	86	63	214	120	213.267
79	maps/rooms/8room_097.map	512	512	198	179	284	401	319.706
79	maps/rooms/8room_097.map	512	512	78	358	309	354	319.451
79	maps/rooms/8room_097.map	512	512	130	476	347	349	319.664
79	maps/rooms/8room_097.map	512	512	493	500	337	285	319.35
79	maps/rooms/8room_097.map	512	512	219	143	24	27	317.392
42	maps/rooms/8room_097.map	512	512	229	118	328	213	171.296
79	maps/rooms/8room_097.map	512	512	457	247	264	418	319.037
79	maps/rooms/8room_097.map	512	512	293	272	447	67	319.108
78	maps/rooms/8room_097.map	512	512	77	221	331	242	315.894
28	maps/rooms/8room_097.map	512	512	277	424	188	415	115.113
78	maps/rooms/8room_097.map	512	512	50	35	101	304	315.581
78	maps/rooms/8room_097.map	512	512	151	194	420	125	315.095
78	maps/rooms/8room_097.map	512	512	89	475	238	403	315.309
51	maps/rooms/8room_097.map	512	512	211	202	351	221	206.539
15	maps/rooms/8room_097.map	512	512	149	131	132	82	62.6274
78	maps/rooms/8room_097.map	512	512	72	413	336	402	315.752
77	maps/rooms/8room_097.map	512	512	72	78	239	285	311.907
46	maps/rooms/8room_097.map	512	512	277	283	221	377	185.338
77	maps/rooms/8room_097.map	512	512	293	404	184	200	311.291
50	maps/rooms/8room_097.map	512	512	456	278	501	426	203.368
77	maps/rooms/8room_097.map	512	512	371	318	294	81	311.037
45	maps/rooms/8room_097.map	512	512	204	13	56	13	183.054
58	maps/rooms/8room_097.map	512	512	430	260	476	78	235.924
76	maps/rooms/8room_097.map	512	512	174	494	245	290	307.635
76	maps/rooms/8room_097.map	512	512	72	165	334	171	307.196
76	maps/rooms/8room_097.map	512	512	294	298	358	49	307.593
14	maps/rooms/8room_097.map	512	512	259	332	275	357	59.2843
76	maps/rooms/8room_097.map	512	512	300	439	423	274	307.622
71	maps/rooms/8room_097.map	512	512	275	483	413	349	285.279
76	maps/rooms/8room_097.map	512	512	125	430	57	196	307.279
75	maps/rooms/8room_097.map	512	512	190	508	101	293	303.279
75	maps/rooms/8room_097.map	512	512	21	75	191	220	303.836
72	maps/rooms/8room_097.map	512	512	383	139	305	358	289.267
55	maps/rooms/8room_097.map	512	512	450	271	468	87	221.095
75	maps/rooms/8room_097.map	512	512	228	95	326	316	303.167
74	maps/rooms/8room_097.map	512	512	14	430	104	271	299.894
41	maps/rooms/8room_097.map	512	512	314	157	451	108	167.983
74	maps/rooms/8room_097.map	512	512	215	343	412	245	299.208
70	maps/rooms/8room_097.map	512	512	454	348	492	141	282.823
74	maps/rooms/8room_097.map	512	512	347	155	391	384	299.652
70	maps/rooms/8room_097.map	512	512	279	350	327	139	283.167
74	maps/rooms/8room_097.map	512	512	388	395	149	486	299.966
46	maps/rooms/8room_097.map	512	512	8	326	84	278	184.953
32	maps/rooms/8room_097.map	512	512	222	406	280	365	130.539
74	maps/rooms/8room_097.map	512	512	324	466	251	292	299.007
74	maps/rooms/8room_097.map	512	512	109	62	281	203	299.208
73	maps/rooms/8room_097.map	512	512	258	475	325	290	295.48
73	maps/rooms/8room_097.map	512	512	291	386	103	306	295.581
73	maps/rooms/8room_097.map	512	512	158	345	174	148	295.894
73	maps/rooms/8room_097.map	512	512	142	8	322	145	295.007
70	maps/rooms/8room_097.map	512	512	263	223	376	345	283.894
70	maps/rooms/8room_097.map	512	512	340	103	143	211	282.865
69	maps/rooms/8room_097.map	512	512	62	9	93	245	279.409
69	maps/rooms/8room_097.map	512	512	491	373	287	456	279.35
68	maps/rooms/8room_097.map	512	512	103	139	313	212	275.409
68	maps/rooms/8room_097.map	512	512	418	323	290	463	275.865
65	maps/rooms/8room_097.map	512	512	485	195	377	381	262.167
21	maps/rooms/8room_097.map	512	512	410	270	357	276	84.1127
66	maps/rooms/8room_097.map	512	512	442	302	286	222	267.095
66	maps/rooms/8room_097.map	512	512	290	3	199	183	267.894
57	maps/rooms/8room_097.map	512	512	472	335	402	175	229.196
57	maps/rooms/8room_097.map	512	512	170	322	30	347	228.581
66	maps/rooms/8room_097.map	512	512	415	275	205	331	267.966
66	maps/rooms/8room_097.map	512	512	394	268	454	66	267.196
66	maps/rooms/8room_097.map	512	512	93	413	286	312	267.238
63	maps/rooms/8room_097.map	512	512	486	178	371	261	255.095
53	maps/rooms/8room_097.map	512	512	118	311	171	420	214.652
25	maps/rooms/8room_097.map	512	512	206	73	124	39	101.941
62	maps/rooms/8room_097.map	512	512	2	250	199	281	251.782
62	maps/rooms/8room_097.map	512	512	104	342	269	235	251.522
25	maps/rooms/8room_097.map	512	512	111	164	67	227	101.184
27	maps/rooms/8room_097.map	512	512	110	95	167	152	110.912
28	maps/rooms/8room_097.map	512	512	109	427	149	358	114.397
62	maps/rooms/8room_097.map	512	512	384	102	180	178	251.338
51	maps/rooms/8room_097.map	512	512	254	88	131	218	205.794
62	maps/rooms/8room_097.map	512	512	9	394	121	237	250.966
34	maps/rooms/8room_097.map	512	512	306	451	201	424	139.64
42	maps/rooms/8room_097.map	512	512	438	254	328	202	168.811
6	maps/rooms/8room_097.map	512	512	373	234	381	213	25.7279
9	maps/rooms/8room_097.map	512	512	334	11	371	11	39.4853
62	maps/rooms/8room_097.map	512	512	202	382	75	234	251.267
62	maps/rooms/8room_097.map	512	512	346	44	447	186	251.125
62	maps/rooms/8room_097.map	512	512	53	228	256	167	251.38
61	maps/rooms/8room_097.map	512	512	381	53	267	156	247.752
61	maps/rooms/8room_097.map	512	512	438	328	264	423	247.953
61	maps/rooms/8room_097.map	512	512	421	189	272	235	247.409
18	maps/rooms/8room_097.map	512	512	451	335	488	284	73.3553
61	maps/rooms/8room_097.map	512	512	31	139	252	170	247.64
60	maps/rooms/8room_097.map	512	512	114	166	131	351	243.924
60	maps/rooms/8room_097.map	512	512	137	29	166	159	243.409
59	maps/rooms/8room_097.map	512	512	115	138	272	58	239.551
59	maps/rooms/8room_097.map	512	512	30	249	35	382	239.882
59	maps/rooms/8room_097.map	512	512	466	180	357	163	239.137
33	maps/rooms/8room_097.map	512	512	445	404	444	483	132.083
59	maps/rooms/8room_097.map	512	512	105	106	302	165	239.581
58	maps/rooms/8room_097.map	512	512	345	379	230	290	235.238
58	maps/rooms/8room_097.map	512	512	159	455	260	420	235.137
55	maps/rooms/8room_097.map	512	512	7	267	76	94	221.439
58	maps/rooms/8room_097.map	512	512	323	58	310	243	235.723
58	maps/rooms/8room_097.map	512	512	189	389	85	236	235.853
57	maps/rooms/8room_097.map	512	512	326	61	180	175	231.38
57	maps/rooms/8room_097.map	512	512	181	21	82	103	231.551
21	maps/rooms/8room_097.map	512	512	222	369	225	397	85.669
56	maps/rooms/8room_097.map	512	512	143	386	171	230	227.823
56	maps/rooms/8room_097.map	512	512	471	68	435	245	227.167
56	maps/rooms/8room_097.map	512	512	430	318	435	133	227.296
56	maps/rooms/8room_097.map	512	512	479	403	334	286	227.095
55	maps/rooms/8room_097.map	512	512	190	286	277	382	223.551
55	maps/rooms/8room_097.map	512	512	329	178	154	202	223.61
55	maps/rooms/8room_097.map	512	512	421	56	350	216	223.752
21	maps/rooms/8room_097.map	512	512	296	29	354	44	84.799
53	maps/rooms/8room_097.map	512	512	383	138	300	288	215.995
53	maps/rooms/8room_097.map	512	512	308	505	308	375	215.439
53	maps/rooms/8room_097.map	512	512	474	378	366	315	215.51
51	maps/rooms/8room_097.map	512	512	482	443	316	406	207.024
49	maps/rooms/8room_097.map	512	512	107	291	215	398	199.024
49	maps/rooms/8room_097.map	512	512	15	326	162	395	199.439
30	maps/rooms/8room_097.map	512	512	219	110	293	147	122.698
44	maps/rooms/8room_097.map	512	512	94	168	233	136	178.983
49	maps/rooms/8room_097.map	512	512	57	488	214	478	198.681
49	maps/rooms/8room_097.map	512	512	405	505	290	397	199.51
49	maps/rooms/8room_097.map	512	512	350	39	419	172	198.811
48	maps/rooms/8room_097.map	512	512	24	281	132	392	195.61
43	maps/rooms/8room_097.map	512	512	57	179	24	326	175.497
48	maps/rooms/8room_097.map	512	512	479	204	457	372	195.154
48	maps/rooms/8room_097.map	512	512	344	502	259	426	195.267
17	maps/rooms/8room_097.map	512	512	216	232	285	234	70.6569
48	maps/rooms/8room_097.map	512	512	142	19	285	74	195.338
47	maps/rooms/8room_097.map	512	512	501	324	376	338	191.711
47	maps/rooms/8room_097.map	512	512	282	93	323	196	191.823
30	maps/rooms/8room_097.map	512	512	54	325	95	255	120.841
47	maps/rooms/8room_097.map	512	512	455	206	457	381	191.569
45	maps/rooms/8room_097.map	512	512	262	18	244	137	180.154
47	maps/rooms/8room_097.map	512	512	460	272	322	299	191.125
47	maps/rooms/8room_097.map	512	512	82	300	187	171	191.865
47	maps/rooms/8room_097.map	512	512	172	420	100	318	191.439
47	maps/rooms/8room_097.map	512	512	277	29	333	128	191.61
47	maps/rooms/8room_097.map	512	512	6	178	53	308	191.953
20	maps/rooms/8room_097.map	512	512	285	270	343	310	82.7696
47	maps/rooms/8room_097.map	512	512	463	254	322	294	191.711
46	maps/rooms/8room_097.map	512	512	402	75	356	210	187.368
35	maps/rooms/8room_097.map	512	512	133	373	92	308	143.539
45	maps/rooms/8room_097.map	512	512	238	20	335	135	183.095
44	maps/rooms/8room_097.map	512	512	398	439	271	366	179.154
44	maps/rooms/8room_097.map	512	512	166	495	295	409	179.267
44	maps/rooms/8room_097.map	512	512	244	47	356	134	177.953
44	maps/rooms/8room_097.map	512	512	495	451	381	350	179.267
44	maps/rooms/8room_097.map	512	512	76	185	210	249	179.397
43	maps/rooms/8room_097.map	512	512	4	56	131	122	175.368
43	maps/rooms/8room_097.map	512	512	235	20	386	25	174.77
43	maps/rooms/8room_097.map	512	512	46	38	159	51	175.154
43	maps/rooms/8room_097.map	512	512	237	394	325	289	175.853
42	maps/rooms/8room_097.map	512	512	242	38	323	146	171.51
42	maps/rooms/8room_097.map	512	512	237	270	233	149	170.681
42	maps/rooms/8room_097.map	512	512	131	381	148	276	171.782
15	maps/rooms/8room_097.map	512	512	343	420	354	468	60.2132
21	maps/rooms/8room_097.map	512	512	189	425	235	439	87.9411
42	maps/rooms/8room_097.map	512	512	411	39	278	73	171.853
42	maps/rooms/8room_097.map	512	512	8	181	104	263	171.882
41	maps/rooms/8room_097.map	512	512	76	486	31	364	167.569
40	maps/rooms/8room_097.map	512	512	104	23	157	146	163.64
40	maps/rooms/8room_097.map	512	512	46	36	90	170	163.397
40	maps/rooms/8room_097.map	512	512	476	150	359	159	163.782
40	maps/rooms/8room_097.map	512	512	171	298	171	162	163.74
40	maps/rooms/8room_097.map	512	512	6	174	141	184	162.74
13	maps/rooms/8room_097.map	512	512	339	364	380	334	55.7696
39	maps/rooms/8room_097.map	512	512	264	131	293	68	159.154
39	maps/rooms/8room_097.map	512	512	14	194	53	309	159.255
39	maps/rooms/8room_097.map	512	512	335	3	415	100	159.083
39	maps/rooms/8room_097.map	512	512	485	356	434	252	159.225
39	maps/rooms/8room_097.map	512	512	175	302	284	303	159.882
39	maps/rooms/8room_097.map	512	512	130	348	215	274	159.953
38	maps/rooms/8room_097.map	512	512	109	283	240	287	155.083
38	maps/rooms/8room_097.map	512	512	223	55	108	60	155.983
33	maps/rooms/8room_097.map	512	512	200	409	268	462	135.569
38	maps/rooms/8room_097.map	512	512	511	178	414	95	155.983
38	maps/rooms/8room_097.map	512	512	98	452	110	410	155.64
38	maps/rooms/8room_097.map	512	512	338	125	213	169	155.083
38	maps/rooms/8room_097.map	512	512	389	301	322	211	155.125
38	maps/rooms/8room_097.map	512	512	495	258	365	265	155.669
37	maps/rooms/8room_097.map	512	512	422	246	453	359	151.841
37	maps/rooms/8room_097.map	512	512	186	20	294	79	151.225
37	maps/rooms/8room_097.map	512	512	186	511	226	440	151.711
29	maps/rooms/8room_097.map	512	512	423	264	346	212	116.113
37	maps/rooms/8room_097.map	512	512	414	423	368	318	151.569
37	maps/rooms/8room_097.map	512	512	61	122	187	166	151.64
36	maps/rooms/8room_097.map	512	512	370	278	291	293	147.539
36	maps/rooms/8room_097.map	512	512	269	134	191	221	146.782
36	maps/rooms/8room_097.map	512	512	466	355	351	359	147.326
36	maps/rooms/8room_097.map	512	512	59	360	60	252	147.811
36	maps/rooms/8room_097.map	512	512	102	461	31	375	147.669
36	maps/rooms/8room_097.map	512	512	395	232	299	265	147.125
35	maps/rooms/8room_097.map	512	512	487	387	460	289	143.083
35	maps/rooms/8room_097.map	512	512	284	498	201	423	143.397
8	maps/rooms/8room_097.map	512	512	75	243	56	232	32.9706
35	maps/rooms/8room_097.map	512	512	23	95	97	8	143.811
35	maps/rooms/8room_097.map	512	512	67	216	191	225	143.083
35	maps/rooms/8room_097.map	512	512	379	243	389	364	143.083
33	maps/rooms/8room_097.map	512	512	21	468	124	479	135.296
33	maps/rooms/8room_097.map	512	512	263	39	340	101	135.468
33	maps/rooms/8room_097.map	512	512	454	136	415	41	135.74
33	maps/rooms/8room_097.map	512	512	171	63	94	86	135.64
33	maps/rooms/8room_097.map	512	512	266	343	214	436	134.64
33	maps/rooms/8room_097.map	512	512	454	281	427	174	135.983
29	maps/rooms/8room_097.map	512	512	234	87	314	62	116.397
24	maps/rooms/8room_097.map	512	512	135	85	90	156	96.669
33	maps/rooms/8room_097.map	512	512	284	287	328	188	135.711
32	maps/rooms/8room_097.map	512	512	505	302	412	242	131.912
32	maps/rooms/8room_097.map	512	512	251	73	355	41	131.397
32	maps/rooms/8room_097.map	512	512	286	259	194	293	131.841
32	maps/rooms/8room_097.map	512	512	483	245	396	287	128.012
31	maps/rooms/8room_097.map	512	512	196	264	279	311	127.882
31	maps/rooms/8room_097.map	512	512	379	141	271	167	127.941
31	maps/rooms/8room_097.map	512	512	357	276	263	296	127.355
31	maps/rooms/8room_097.map	512	512	378	106	282	156	127.74
31	maps/rooms/8room_097.map	512	512	45	75	111	107	127.64
31	maps/rooms/8room_097.map	512	512	457	226	402	158	127.083
30	maps/rooms/8room_097.map	512	512	490	150	454	215	123.426
30	maps/rooms/8room_097.map	512	512	221	459	134	479	123.711
30	maps/rooms/8room_097.map	512	512	154	151	221	232	123.983
30	maps/rooms/8room_097.map	512	512	117	309	215	275	123.882
29	maps/rooms/8room_097.map	512	512	11	101	101	143	119.841
28	maps/rooms/8room_097.map	512	512	475	455	398	387	115.711
28	maps/rooms/8room_097.map	512	512	236	498	217	436	115.569
28	maps/rooms/8room_097.map	512	512	271	460	287	409	115.77
19	maps/rooms/8room_097.map	512	512	346	189	350	230	76.9411
28	maps/rooms/8room_097.map	512	512	105	429	104	345	115.468
28	maps/rooms/8room_097.map	512	512	110	3	87	102	115.012
28	maps/rooms/8room_097.map	512	512	215	373	140	354	115.598
27	maps/rooms/8room_097.map	512	512	45	437	42	346	110.77
27	maps/rooms/8room_097.map	512	512	473	349	416	425	111.569
27	maps/rooms/8room_097.map	512	512	100	73	92	166	111.912
27	maps/rooms/8room_097.map	512	512	175	375	114	308	111.255
27	maps/rooms/8room_097.map	512	512	158	58	103	84	111.669
26	maps/rooms/8room_097.map	512	512	471	458	428	373	107.497
26	maps/rooms/8room_097.map	512	512	502	351	455	311	107.326
26	maps/rooms/8room_097.map	512	512	332	134	307	217	107.154
26	maps/rooms/8room_097.map	512	512	404	354	453	410	107.669
18	maps/rooms/8room_097.map	512	512	495	111	446	76	73.1127
26	maps/rooms/8room_097.map	512	512	314	278	259	343	107.054
13	maps/rooms/8room_097.map	512	512	290	56	285	60	55.0416
26	maps/rooms/8room_097.map	512	512	351	271	302	308	107.456
26	maps/rooms/8room_097.map	512	512	500	285	452	354	107.669
26	maps/rooms/8room_097.map	512	512	44	166	138	186	107.698
26	maps/rooms/8room_097.map	512	512	139	381	124	318	107.154
10	maps/rooms/8room_097.map	512	512	187	82	227	89	42.8995
26	maps/rooms/8room_097.map	512	512	475	67	394	103	107.083
25	maps/rooms/8room_097.map	512	512	202	282	276	232	102.912
25	maps/rooms/8room_097.map	512	512	36	376	99	366	102.698
25	maps/rooms/8room_097.map	512	512	235	36	248	93	103.154
16	maps/rooms/8room_097.map	512	512	418	63	373	90	65.3553
25	maps/rooms/8room_097.map	512	512	453	29	414	96	103.598
25	maps/rooms/8room_097.map	512	512	67	246	105	307	103.87
25	maps/rooms/8room_097.map	512	512	172	244	193	166	103.669
24	maps/rooms/8room_097.map	512	512	199	202	144	140	99.4264
24	maps/rooms/8room_097.map	512	512	358	477	301	450	99.8406
24	maps/rooms/8room_097.map	512	512	41	271	29	343	99.0122
24	maps/rooms/8room_097.map	512	512	168	235	229	268	99.2548
24	maps/rooms/8room_097.map	512	512	229	397	142	390	98.8701
24	maps/rooms/8room_097.map	512	512	429	12	402	73	98.6274
24	maps/rooms/8room_097.map	512	512	509	323	450	382	98.669
23	maps/rooms/8room_097.map	512	512	439	119	355	136	95.5269
23	maps/rooms/8room_097.map	512	512	309	8	394	31	95.6985
23	maps/rooms/8room_097.map	512	512	306	431	248	430	95.5269
23	maps/rooms/8room_097.map	512	512	212	303	144	279	95.9411
23	maps/rooms/8room_097.map	512	512	63	348	43	406	95.6985
23	maps/rooms/8room_097.map	512	512	363	123	292	159	95.2843
22	maps/rooms/8room_097.map	512	512	327	272	272	293	91.4558
22	maps/rooms/8room_097.map	512	512	95	379	101	304	91.1838
22	maps/rooms/8room_097.map	512	512	427	301	430	259	91.5269
22	maps/rooms/8room_097.map	512	512	413	170	435	240	91.9411
22	maps/rooms/8room_097.map	512	512	391	84	369	19	91.5269
22	maps/rooms/8room_097.map	512	512	148	498	122	424	91.6985
12	maps/rooms/8room_097.map	512	512	76	509	110	482	49.2843
22	maps/rooms/8room_097.map	512	512	274	446	257	473	91.598
22	maps/rooms/8room_097.map	512	512	21	412	43	345	90.6985
21	maps/rooms/8room_097.map	512	512	308	36	268	82	87.598
21	maps/rooms/8room_097.map	512	512	282	342	347	340	87.5269
21	maps/rooms/8room_097.map	512	512	47	286	45	342	87.3553
20	maps/rooms/8room_097.map	512	512	201	195	252	231	83.0416
20	maps/rooms/8room_097.map	512	512	91	43	105	100	83.5269
20	maps/rooms/8room_097.map	512	512	473	265	460	338	83.6985
20	maps/rooms/8room_097.map	512	512	131	470	113	406	83.0122
20	maps/rooms/8room_097.map	512	512	429	259	378	219	82.799
20	maps/rooms/8room_097.map	512	512	238	476	202	416	83.9411
20	maps/rooms/8room_097.map	512	512	255	319	300	359	83.0416
19	maps/rooms/8room_097.map	512	512	71	323	104	274	79.8995
19	maps/rooms/8room_097.map	512	512	466	15	447	73	79.5269
19	maps/rooms/8room_097.map	512	512	197	301	265	296	79.8701
19	maps/rooms/8room_097.map	512	512	484	125	414	126	79.8701
18	maps/rooms/8room_097.map	512	512	476	4	454	64	75.598
18	maps/rooms/8room_097.map	512	512	90	461	62	420	75.7696
18	maps/rooms/8room_097.map	512	512	415	357	396	298	75.799
18	maps/rooms/8room_097.map	512	512	4	378	53	341	75.6985
18	maps/rooms/8room_097.map	512	512	364	468	316	461	75.5269
18	maps/rooms/8room_097.map	512	512	31	28	71	10	75.0122
18	maps/rooms/8room_097.map	512	512	210	13	162	40	75.1838
18	maps/rooms/8room_097.map	512	512	313	47	268	74	75.598
17	maps/rooms/8room_097.map	512	512	306	425	345	452	71.2132
17	maps/rooms/8room_097.map	512	512	106	230	104	297	71.9706
17	maps/rooms/8room_097.map	512	512	346	222	284	223	71.5269
17	maps/rooms/8room_097.map	512	512	293	437	289	408	71.6274
17	maps/rooms/8room_097.map	512	512	431	341	454	290	71.4558
17	maps/rooms/8room_097.map	512	512	290	350	306	381	70.6985
17	maps/rooms/8room_097.map	512	512	15	404	16	350	71.3848
17	maps/rooms/8room_097.map	512	512	333	502	317	486	71.6985
16	maps/rooms/8room_097.map	512	512	88	445	56	426	67.3848
16	maps/rooms/8room_097.map	512	512	339	234	337	285	67.1838
16	maps/rooms/8room_097.map	512	512	8	477	40	430	66.9411
16	maps/rooms/8room_097.map	512	512	472	370	460	389	66.9411
16	maps/rooms/8room_097.map	512	512	420	187	434	248	67.9706
16	maps/rooms/8room_097.map	512	512	255	285	284	306	67.6985
16	maps/rooms/8room_097.map	512	512	190	354	220	327	67.2843
16	maps/rooms/8room_097.map	512	512	319	75	358	43	67.6274
16	maps/rooms/8room_097.map	512	512	484	106	428	118	67.4558
15	maps/rooms/8room_097.map	512	512	406	283	372	324	63.8701
15	maps/rooms/8room_097.map	512	512	9	453	51	431	63.3553
15	maps/rooms/8room_097.map	512	512	170	66	223	57	63.4558
14	maps/rooms/8room_097.map	512	512	40	87	53	136	59.2132
14	maps/rooms/8room_097.map	512	512	404	236	358	215	59.9706
14	maps/rooms/8room_097.map	512	512	395	4	413	52	59.9411
14	maps/rooms/8room_097.map	512	512	340	422	391	413	59.8995
14	maps/rooms/8room_097.map	512	512	248	479	207	449	59.8701
14	maps/rooms/8room_097.map	512	512	154	427	143	477	59.0416
14	maps/rooms/8room_097.map	512	512	42	379	56	357	58.7279
14	maps/rooms/8room_097.map	512	512	216	207	190	161	59.1127
13	maps/rooms/8room_097.map	512	512	317	338	330	306	55.7279
13	maps/rooms/8room_097.map	512	512	71	350	53	307	55.6274
13	maps/rooms/8room_097.map	512	512	507	118	468	107	55.6985
13	maps/rooms/8room_097.map	512	512	425	105	392	139	55.8701
13	maps/rooms/8room_097.map	512	512	119	425	118	391	55.0416
13	maps/rooms/8room_097.map	512	512	46	159	86	186	55.8701
13	maps/rooms/8room_097.map	512	512	187	510	162	494	55.3848
12	maps/rooms/8room_097.map	512	512	477	195	438	223	51.7696
12	maps/rooms/8room_097.map	512	512	335	283	328	237	51.3848
12	maps/rooms/8room_097.map	512	512	295	159	314	195	51.0416
12	maps/rooms/8room_097.map	512	512	3	89	28	54	51.2132
12	maps/rooms/8room_097.map	512	512	191	12	162	41	51.799
12	maps/rooms/8room_097.map	512	512	125	456	83	452	51.1127
12	maps/rooms/8room_097.map	512	512	126	393	173	397	51.9706
11	maps/rooms/8room_097.map	512	512	86	29	108	23	47.2132
11	maps/rooms/8room_097.map	512	512	189	474	215	441	47.8701
11	maps/rooms/8room_097.map	512	512	389	136	358	158	47.1421
11	maps/rooms/8room_097.map	512	512	67	220	109	231	47.7279
11	maps/rooms/8room_097.map	512	512	207	226	229	246	47.3137
11	maps/rooms/8room_097.map	512	512	36	478	77	492	47.9706
11	maps/rooms/8room_097.map	512	512	382	201	393	162	47.0711
10	maps/rooms/8room_097.map	512	512	280	502	257	473	43.799
10	maps/rooms/8room_097.map	512	512	407	348	376	335	42.7279
10	maps/rooms/8room_097.map	512	512	366	283	329	276	43.5563
10	maps/rooms/8room_097.map	512	512	372	103	339	123	43.0416
10	maps/rooms/8room_097.map	512	512	124	407	117	392	43.799
10	maps/rooms/8room_097.map	512	512	476	511	483	472	43.8995
10	maps/rooms/8room_097.map	512	512	180	247	195	280	42.7279
10	maps/rooms/8room_097.map	512	512	361	345	330	367	43.6274
10	maps/rooms/8room_097.map	512	512	409	265	433	260	43.4853
9	maps/rooms/8room_097.map	512	512	322	215	330	251	39.3137
9	maps/rooms/8room_097.map	512	512	37	229	67	216	39.7279
9	maps/rooms/8room_097.map	512	512	24	27	41	14	39.4558
9	maps/rooms/8room_097.map	512	512	323	92	328	123	38.7279
9	maps/rooms/8room_097.map	512	512	131	261	144	279	39.2426
9	maps/rooms/8room_097.map	512	512	380	389	383	355	39.3848
9	maps/rooms/8room_097.map	512	512	444	183	450	214	39.1421
9	maps/rooms/8room_097.map	512	512	232	149	204	170	39.6274
9	maps/rooms/8room_097.map	512	512	163	51	195	57	38.6274
8	maps/rooms/8room_097.map	512	512	286	139	313	137	35.3848
8	maps/rooms/8room_097.map	512	512	398	362	376	343	35.7279
8	maps/rooms/8room_097.map	512	512	30	344	34	314	35.3137
8	maps/rooms/8room_097.map	512	512	428	452	409	462	35.6274
8	maps/rooms/8room_097.map	512	512	468	306	469	278	35.8701
8	maps/rooms/8room_097.map	512	512	323	204	348	218	35.9706
8	maps/rooms/8room_097.map	512	512	445	147	435	124	34.8995
8	maps/rooms/8room_097.map	512	512	281	285	276	314	35.2132
8	maps/rooms/8room_097.map	512	512	436	258	414	246	35.3137
7	maps/rooms/8room_097.map	512	512	280	310	309	307	31.8995
7	maps/rooms/8room_097.map	512	512	309	52	294	74	31.9706
7	maps/rooms/8room_097.map	512	512	173	408	144	414	31.4853
7	maps/rooms/8room_097.map	512	512	230	7	237	36	31.8995
7	maps/rooms/8room_097.map	512	512	21	307	26	280	31.3137
7	maps/rooms/8room_097.map	512	512	183	99	169	121	31.3137
7	maps/rooms/8room_097.map	512	512	277	74	293	91	31.4853
7	maps/rooms/8room_097.map	512	512	159	286	138	302	31.1421
7	maps/rooms/8room_097.map	512	512	476	415	463	392	31.8995
6	maps/rooms/8room_097.map	512	512	90	494	109	480	27.7279
6	maps/rooms/8room_097.map	512	512	335	138	345	117	27.9706
6	maps/rooms/8room_097.map	512	512	54	15	58	38	27.9706
6	maps/rooms/8room_097.map	512	512	211	503	228	498	27.8995
6	maps/rooms/8room_097.map	512	512	14	110	23	126	27.3848
6	maps/rooms/8room_097.map	512	512	153	358	170	345	27.0711
5	maps/rooms/8room_097.map	512	512	307	202	313	181	23.4853
5	maps/rooms/8room_097.map	512	512	511	84	490	90	23.4853
5	maps/rooms/8room_097.map	512	512	70	7	63	25	23.2426
5	maps/rooms/8room_097.map	512	512	364	350	370	330	23.6569
5	maps/rooms/8room_097.map	512	512	296	419	293	399	23.4853
5	maps/rooms/8room_097.map	512	512	156	5	174	12	23.2426
5	maps/rooms/8room_097.map	512	512	93	387	74	396	22.7279
5	maps/rooms/8room_097.map	512	512	103	371	110	351	22.8995
5	maps/rooms/8room_097.map	512	512	335	185	323	201	23.3137
5	maps/rooms/8room_097.map	512	512	450	495	432	495	23.4142
4	maps/rooms/8room_097.map	512	512	217	420	221	438	19.6569
4	maps/rooms/8room_097.map	512	512	29	473	46	479	19.4853
4	maps/rooms/8room_097.map	512	512	231	275	235	258	19.8284
4	maps/rooms/8room_097.map	512	512	388	405	377	395	19.2426
4	maps/rooms/8room_097.map	512	512	391	75	402	72	19.3137
4	maps/rooms/8room_097.map	512	512	56	484	47	472	19.8284
4	maps/rooms/8room_097.map	512	512	325	90	326	99	19.0711
4	maps/rooms/8room_097.map	512	512	237	341	246	356	19.8995
4	maps/rooms/8room_097.map	512	512	29	276	45	271	19.2426
4	maps/rooms/8room_097.map	512	512	216	423	220	405	19.6569
3	maps/rooms/8room_097.map	512	512	403	350	388	350	15
3	maps/rooms/8room_097.map	512	512	205	12	219	15	15.2426
3	maps/rooms/8room_097.map	512	512	306	152	296	159	15.2426
3	maps/rooms/8room_097.map	512	512	255	204	260	192	15.2426
3	maps/rooms/8room_097.map	512	512	57	397	53	383	15.6569
3	maps/rooms/8room_097.map	512	512	3	110	14	119	15.8995
3	maps/rooms/8room_097.map	512	512	477	242	486	253	15.8995
3	maps/rooms/8room_097.map	512	512	270	427	278	418	15.8284
3	maps/rooms/8room_097.map	512	512	442	503	434	494	15.2426
3	maps/rooms/8room_097.map	512	512	347	229	343	243	15.6569
2	maps/rooms/8room_097.map	512	512	187	150	190	160	11.2426
2	maps/rooms/8room_097.map	512	512	364	451	356	458	10.8995
2	maps/rooms/8room_097.map	512	512	326	223	324	230	10.6569
2	maps/rooms/8room_097.map	512	512	199	56	188	58	11.8284
2	maps/rooms/8room_097.map	512	512	330	457	327	467	11.2426
2	maps/rooms/8room_097.map	512	512	87	430	98	428	11.8284
2	maps/rooms/8room_097.map	512	512	283	103	276	95	11.4853
2	maps/rooms/8room_097.map	512	512	253	154	264	156	11.8284
2	maps/rooms/8room_097.map	512	512	251	205	259	199	11.6569
2	maps/rooms/8room_097.map	512	512	100	419	110	417	11.4142
1	maps/rooms/8room_097.map	512	512	56	396	56	389	7
1	maps/rooms/8room_097.map	512	512	100	187	106	183	7.65685
1	maps/rooms/8room_097.map	512	512	340	281	339	288	7.41421
1	maps/rooms/8room_097.map	512	512	134	301	130	295	7.65685
1	maps/rooms/8room_097.map	512	512	261	139	255	137	6.82843
1	maps/rooms/8room_097.map	512	512	85	316	91	320	7.65685
1	maps/rooms/8room_097.map	512	512	472	427	467	422	7.07107
1	maps/rooms/8room_097.map	512	512	451	72	448	67	7.41421
1	maps/rooms/8room_097.map	512	512	352	60	358	63	7.24264
1	maps/rooms/8room_097.map	512	512	334	274	327	274	7
0	maps/rooms/8room_097.map	512	512	269	22	267	20	2.82843
0	maps/rooms/8room_097.map	512	512	328	474	325	475	3.41421
0	maps/rooms/8room_097.map	512	512	490	261	487	259	3.82843
0	maps/rooms/8room_097.map	512	512	267	430	265	428	2.82843
0	maps/rooms/8room_097.map	512	512	23	155	26	157	3.82843
0	maps/rooms/8room_097.map	512	512	77	269	80	269	3
0	maps/rooms/8room_097.map	512	512	252	484	249	482	3.82843
0	maps/rooms/8room_097.map	512	512	46	349	47	346	3.41421
0	maps/rooms/8room_097.map	512	512	379	121	377	123	2.82843
0	maps/rooms/8room_097.map	512	512	38	250	38	247	3
