version 1
121	maps/rooms/8room_000.map	512	512	270	219	492	427	487.747
110	maps/rooms/8room_000.map	512	512	109	510	60	165	443.12
67	maps/rooms/8room_000.map	512	512	335	348	165	473	271.267
81	maps/rooms/8room_000.map	512	512	506	498	276	459	327.409
71	maps/rooms/8room_000.map	512	512	236	87	36	133	287.38
127	maps/rooms/8room_000.map	512	512	476	229	99	108	511.688
90	maps/rooms/8room_000.map	512	512	339	84	310	344	362.12
92	maps/rooms/8room_000.map	512	512	442	418	329	164	368.12
62	maps/rooms/8room_000.map	512	512	19	87	237	114	251.125
97	maps/rooms/8room_000.map	512	512	196	409	156	117	388.09
87	maps/rooms/8room_000.map	512	512	380	311	415	44	348.049
73	maps/rooms/8room_000.map	512	512	296	196	407	298	295.451
34	maps/rooms/8room_000.map	512	512	318	237	323	325	137.125
75	maps/rooms/8room_000.map	512	512	361	405	142	502	303.622
127	maps/rooms/8room_000.map	512	512	119	418	261	67	511.274
67	maps/rooms/8room_000.map	512	512	421	189	270	111	271.752
127	maps/rooms/8room_000.map	512	512	411	72	360	414	510.831
115	maps/rooms/8room_000.map	512	512	115	362	248	26	462.747
70	maps/rooms/8room_000.map	512	512	321	157	508	57	282.966
127	maps/rooms/8room_000.map	512	512	61	178	370	425	511.404
39	maps/rooms/8room_000.map	512	512	246	280	194	387	158.841
127	maps/rooms/8room_000.map	512	512	108	38	425	237	511.103
77	maps/rooms/8room_000.map	512	512	188	373	314	185	310.894
106	maps/rooms/8room_000.map	512	512	462	300	196	123	425.191
127	maps/rooms/8room_000.map	512	512	75	168	466	237	511.463
55	maps/rooms/8room_000.map	512	512	330	261	396	100	223.208
99	maps/rooms/8room_000.map	512	512	350	397	297	162	399.262
24	maps/rooms/8room_000.map	512	512	184	486	137	456	99.7696
127	maps/rooms/8room_000.map	512	512	391	444	188	155	511.262
114	maps/rooms/8room_000.map	512	512	391	149	149	378	457.777
100	maps/rooms/8room_000.map	512	512	348	489	93	349	402.262
92	maps/rooms/8room_000.map	512	512	447	251	188	339	371.836
127	maps/rooms/8room_000.map	512	512	501	363	255	45	510.718
76	maps/rooms/8room_000.map	512	512	362	106	119	102	307.551
65	maps/rooms/8room_000.map	512	512	484	37	271	9	260.137
127	maps/rooms/8room_000.map	512	512	71	395	453	282	509.132
109	maps/rooms/8room_000.map	512	512	447	29	255	316	436.747
78	maps/rooms/8room_000.map	512	512	15	502	260	431	315.581
127	maps/rooms/8room_000.map	512	512	422	42	136	341	511.032
102	maps/rooms/8room_000.map	512	512	201	158	458	290	409.693
66	maps/rooms/8room_000.map	512	512	391	389	441	210	264.137
61	maps/rooms/8room_000.map	512	512	292	371	447	419	247.267
37	maps/rooms/8room_000.map	512	512	189	362	263	275	151.225
126	maps/rooms/8room_000.map	512	512	460	396	58	342	507.019
60	maps/rooms/8room_000.map	512	512	223	210	69	295	243.066
40	maps/rooms/8room_000.map	512	512	274	132	315	34	161.326
68	maps/rooms/8room_000.map	512	512	89	372	217	186	275.865
78	maps/rooms/8room_000.map	512	512	29	235	248	382	315.865
92	maps/rooms/8room_000.map	512	512	293	484	219	222	369.522
84	maps/rooms/8room_000.map	512	512	10	232	265	341	339.865
43	maps/rooms/8room_000.map	512	512	351	110	345	8	175.296
64	maps/rooms/8room_000.map	512	512	95	325	86	115	258.681
41	maps/rooms/8room_000.map	512	512	318	34	268	140	166.326
112	maps/rooms/8room_000.map	512	512	418	29	216	313	449.948
4	maps/rooms/8room_000.map	512	512	332	90	330	75	18.3137
96	maps/rooms/8room_000.map	512	512	350	284	79	188	386.948
126	maps/rooms/8room_000.map	512	512	115	94	290	459	507.99
92	maps/rooms/8room_000.map	512	512	27	242	271	142	369.522
9	maps/rooms/8room_000.map	512	512	270	486	258	456	36.7279
126	maps/rooms/8room_000.map	512	512	507	237	138	123	507.517
57	maps/rooms/8room_000.map	512	512	7	158	147	183	229.995
63	maps/rooms/8room_000.map	512	512	340	367	153	370	253.338
79	maps/rooms/8room_000.map	512	512	15	239	73	18	318.522
45	maps/rooms/8room_000.map	512	512	388	238	363	90	181.125
86	maps/rooms/8room_000.map	512	512	244	218	298	470	344.693
126	maps/rooms/8room_000.map	512	512	493	71	102	89	507.191
97	maps/rooms/8room_000.map	512	512	206	169	475	29	389.35
113	maps/rooms/8room_000.map	512	512	136	343	413	104	453.848
54	maps/rooms/8room_000.map	512	512	206	180	50	199	219.468
98	maps/rooms/8room_000.map	512	512	50	387	367	432	395.764
99	maps/rooms/8room_000.map	512	512	325	398	35	463	396.078
126	maps/rooms/8room_000.map	512	512	300	93	199	442	507.706
126	maps/rooms/8room_000.map	512	512	504	423	156	309	507.262
58	maps/rooms/8room_000.map	512	512	10	252	46	68	235.137
96	maps/rooms/8room_000.map	512	512	207	249	508	149	387.693
126	maps/rooms/8room_000.map	512	512	216	6	395	350	507.375
108	maps/rooms/8room_000.map	512	512	124	426	100	105	433.434
61	maps/rooms/8room_000.map	512	512	394	195	195	245	244.196
92	maps/rooms/8room_000.map	512	512	68	455	19	153	370.907
125	maps/rooms/8room_000.map	512	512	468	109	85	114	502.233
87	maps/rooms/8room_000.map	512	512	185	141	447	159	349.078
14	maps/rooms/8room_000.map	512	512	389	189	425	181	58.8701
29	maps/rooms/8room_000.map	512	512	345	284	253	310	116.77
126	maps/rooms/8room_000.map	512	512	410	507	130	202	507.475
3	maps/rooms/8room_000.map	512	512	18	453	28	463	14.1421
23	maps/rooms/8room_000.map	512	512	135	414	66	381	94.5269
33	maps/rooms/8room_000.map	512	512	270	348	329	339	135.154
45	maps/rooms/8room_000.map	512	512	246	466	379	507	181.882
123	maps/rooms/8room_000.map	512	512	18	62	315	260	494.647
83	maps/rooms/8room_000.map	512	512	355	408	425	204	335.037
103	maps/rooms/8room_000.map	512	512	435	102	187	311	412.605
61	maps/rooms/8room_000.map	512	512	372	414	181	413	244.61
126	maps/rooms/8room_000.map	512	512	391	146	99	10	507.505
42	maps/rooms/8room_000.map	512	512	121	168	254	98	168.439
107	maps/rooms/8room_000.map	512	512	355	210	76	88	430.22
28	maps/rooms/8room_000.map	512	512	418	247	505	277	114.255
126	maps/rooms/8room_000.map	512	512	413	457	30	350	505.304
99	maps/rooms/8room_000.map	512	512	360	148	231	437	399.605
93	maps/rooms/8room_000.map	512	512	312	456	279	230	372.522
20	maps/rooms/8room_000.map	512	512	357	181	382	142	82.0416
125	maps/rooms/8room_000.map	512	512	366	11	454	395	500.434
124	maps/rooms/8room_000.map	512	512	413	77	143	360	496.789
74	maps/rooms/8room_000.map	512	512	88	107	311	174	297.037
117	maps/rooms/8room_000.map	512	512	172	379	444	139	468.96
125	maps/rooms/8room_000.map	512	512	46	451	304	130	503.96
38	maps/rooms/8room_000.map	512	512	126	415	26	482	155.468
93	maps/rooms/8room_000.map	512	512	222	495	480	351	375.806
125	maps/rooms/8room_000.map	512	512	189	450	313	76	502.877
62	maps/rooms/8room_000.map	512	512	170	136	354	151	251.794
125	maps/rooms/8room_000.map	512	512	378	427	169	157	502.806
81	maps/rooms/8room_000.map	512	512	279	495	102	382	325.907
36	maps/rooms/8room_000.map	512	512	338	307	311	373	145.711
15	maps/rooms/8room_000.map	512	512	187	90	167	132	61.2132
64	maps/rooms/8room_000.map	512	512	429	274	268	250	258.782
89	maps/rooms/8room_000.map	512	512	293	134	62	270	359.693
125	maps/rooms/8room_000.map	512	512	26	352	418	298	503.019
68	maps/rooms/8room_000.map	512	512	77	133	69	356	274.823
125	maps/rooms/8room_000.map	512	512	380	18	396	404	503.588
65	maps/rooms/8room_000.map	512	512	278	57	166	238	262.522
102	maps/rooms/8room_000.map	512	512	397	241	111	396	410.848
72	maps/rooms/8room_000.map	512	512	227	364	414	506	288.622
78	maps/rooms/8room_000.map	512	512	377	346	264	143	313.907
73	maps/rooms/8room_000.map	512	512	310	191	453	347	294.664
65	maps/rooms/8room_000.map	512	512	268	499	222	283	261.439
56	maps/rooms/8room_000.map	512	512	418	428	324	327	226.823
99	maps/rooms/8room_000.map	512	512	456	197	270	413	399.22
66	maps/rooms/8room_000.map	512	512	60	275	222	412	265.149
125	maps/rooms/8room_000.map	512	512	427	30	428	428	502.99
108	maps/rooms/8room_000.map	512	512	295	76	444	374	434.806
97	maps/rooms/8room_000.map	512	512	135	217	334	473	388.22
78	maps/rooms/8room_000.map	512	512	231	391	391	207	314.066
125	maps/rooms/8room_000.map	512	512	483	445	156	265	503.032
125	maps/rooms/8room_000.map	512	512	478	441	154	220	503.375
87	maps/rooms/8room_000.map	512	512	255	317	410	482	350.936
24	maps/rooms/8room_000.map	512	512	460	316	407	276	96.0122
124	maps/rooms/8room_000.map	512	512	194	46	60	433	499.718
7	maps/rooms/8room_000.map	512	512	346	324	338	302	31.0711
82	maps/rooms/8room_000.map	512	512	79	204	64	475	329.279
124	maps/rooms/8room_000.map	512	512	291	375	380	8	497.446
60	maps/rooms/8room_000.map	512	512	345	510	196	477	240.894
121	maps/rooms/8room_000.map	512	512	478	328	166	406	486.818
12	maps/rooms/8room_000.map	512	512	76	198	94	239	50.799
124	maps/rooms/8room_000.map	512	512	46	102	255	409	499.889
51	maps/rooms/8room_000.map	512	512	258	410	327	274	205.368
49	maps/rooms/8room_000.map	512	512	153	482	196	317	197.882
101	maps/rooms/8room_000.map	512	512	298	39	284	289	405.664
58	maps/rooms/8room_000.map	512	512	180	223	259	414	233.924
90	maps/rooms/8room_000.map	512	512	342	76	87	156	362.522
28	maps/rooms/8room_000.map	512	512	99	125	184	153	113.426
18	maps/rooms/8room_000.map	512	512	114	428	60	394	74.5269
124	maps/rooms/8room_000.map	512	512	72	391	465	446	499.463
87	maps/rooms/8room_000.map	512	512	382	232	268	474	351.078
117	maps/rooms/8room_000.map	512	512	349	437	56	202	471.404
77	maps/rooms/8room_000.map	512	512	429	210	386	436	311.551
61	maps/rooms/8room_000.map	512	512	90	402	234	299	247.309
33	maps/rooms/8room_000.map	512	512	335	192	393	207	133.912
115	maps/rooms/8room_000.map	512	512	427	446	204	217	463.806
80	maps/rooms/8room_000.map	512	512	124	154	30	390	322.735
53	maps/rooms/8room_000.map	512	512	502	150	438	36	214.752
124	maps/rooms/8room_000.map	512	512	90	354	353	51	499.404
85	maps/rooms/8room_000.map	512	512	389	340	255	119	340.806
123	maps/rooms/8room_000.map	512	512	478	21	486	391	493.203
15	maps/rooms/8room_000.map	512	512	42	36	79	52	63.8701
124	maps/rooms/8room_000.map	512	512	403	490	197	208	499.546
94	maps/rooms/8room_000.map	512	512	219	89	469	119	377.078
93	maps/rooms/8room_000.map	512	512	247	82	209	369	373.836
94	maps/rooms/8room_000.map	512	512	140	58	258	321	377.434
124	maps/rooms/8room_000.map	512	512	508	244	187	30	499.818
108	maps/rooms/8room_000.map	512	512	492	303	155	267	433.735
124	maps/rooms/8room_000.map	512	512	474	474	278	134	499.103
63	maps/rooms/8room_000.map	512	512	470	348	484	495	252.823
124	maps/rooms/8room_000.map	512	512	28	374	406	410	499.404
108	maps/rooms/8room_000.map	512	512	408	444	61	503	435.321
38	maps/rooms/8room_000.map	512	512	0	42	74	11	153.083
76	maps/rooms/8room_000.map	512	512	351	130	149	285	307.794
123	maps/rooms/8room_000.map	512	512	140	165	475	348	495.463
123	maps/rooms/8room_000.map	512	512	132	431	362	168	494.647
37	maps/rooms/8room_000.map	512	512	145	247	246	199	148.397
91	maps/rooms/8room_000.map	512	512	387	358	491	122	364.836
85	maps/rooms/8room_000.map	512	512	350	242	79	226	343.652
114	maps/rooms/8room_000.map	512	512	174	82	155	446	456.362
74	maps/rooms/8room_000.map	512	512	275	254	106	323	296.936
60	maps/rooms/8room_000.map	512	512	365	327	419	138	242.137
71	maps/rooms/8room_000.map	512	512	466	405	259	499	284.439
101	maps/rooms/8room_000.map	512	512	95	119	410	119	405.534
123	maps/rooms/8room_000.map	512	512	390	103	67	351	495.718
82	maps/rooms/8room_000.map	512	512	474	264	502	467	330.037
92	maps/rooms/8room_000.map	512	512	166	457	446	475	368.794
123	maps/rooms/8room_000.map	512	512	22	487	347	251	495.132
94	maps/rooms/8room_000.map	512	512	462	482	169	499	376.551
106	maps/rooms/8room_000.map	512	512	245	366	468	103	427.362
50	maps/rooms/8room_000.map	512	512	327	252	246	134	201.51
28	maps/rooms/8room_000.map	512	512	466	331	404	285	115.113
94	maps/rooms/8room_000.map	512	512	311	408	478	499	378.007
92	maps/rooms/8room_000.map	512	512	117	212	426	178	369.309
45	maps/rooms/8room_000.map	512	512	188	111	323	137	181.61
66	maps/rooms/8room_000.map	512	512	447	458	310	292	266.48
60	maps/rooms/8room_000.map	512	512	251	429	383	365	241.681
49	maps/rooms/8room_000.map	512	512	213	351	359	274	197.368
36	maps/rooms/8room_000.map	512	512	291	392	198	323	147.983
103	maps/rooms/8room_000.map	512	512	306	178	254	470	415.563
61	maps/rooms/8room_000.map	512	512	405	424	210	494	246.238
41	maps/rooms/8room_000.map	512	512	151	458	278	441	167.698
101	maps/rooms/8room_000.map	512	512	283	125	83	370	404.948
26	maps/rooms/8room_000.map	512	512	340	355	308	431	106.77
31	maps/rooms/8room_000.map	512	512	244	23	325	94	125.64
114	maps/rooms/8room_000.map	512	512	484	228	98	210	458.007
66	maps/rooms/8room_000.map	512	512	50	494	45	276	265.267
75	maps/rooms/8room_000.map	512	512	130	262	45	47	300.711
115	maps/rooms/8room_000.map	512	512	511	223	351	390	460.647
123	maps/rooms/8room_000.map	512	512	207	14	266	421	495.161
50	maps/rooms/8room_000.map	512	512	233	251	87	335	202.853
98	maps/rooms/8room_000.map	512	512	35	189	138	473	392.019
53	maps/rooms/8room_000.map	512	512	136	234	34	169	213.309
123	maps/rooms/8room_000.map	512	512	303	490	223	104	495.647
123	maps/rooms/8room_000.map	512	512	505	498	422	126	495.09
23	maps/rooms/8room_000.map	512	512	236	95	199	155	92.0122
123	maps/rooms/8room_000.map	512	512	500	84	190	260	494.676
98	maps/rooms/8room_000.map	512	512	206	266	389	41	393.078
81	maps/rooms/8room_000.map	512	512	149	473	163	210	327.593
82	maps/rooms/8room_000.map	512	512	31	303	199	108	328.563
100	maps/rooms/8room_000.map	512	512	306	316	468	494	402.919
122	maps/rooms/8room_000.map	512	512	18	259	371	82	491.019
101	maps/rooms/8room_000.map	512	512	508	66	379	298	405.233
98	maps/rooms/8room_000.map	512	512	392	175	189	7	395.635
122	maps/rooms/8room_000.map	512	512	75	478	415	330	491.99
30	maps/rooms/8room_000.map	512	512	108	114	81	190	123.912
58	maps/rooms/8room_000.map	512	512	302	386	155	301	233.681
30	maps/rooms/8room_000.map	512	512	349	329	383	383	123.882
101	maps/rooms/8room_000.map	512	512	357	6	451	314	407.22
104	maps/rooms/8room_000.map	512	512	462	212	173	81	416.676
19	maps/rooms/8room_000.map	512	512	447	121	437	89	78.5269
61	maps/rooms/8room_000.map	512	512	126	298	213	477	247.865
87	maps/rooms/8room_000.map	512	512	377	73	95	83	349.037
58	maps/rooms/8room_000.map	512	512	27	66	213	89	233.61
61	maps/rooms/8room_000.map	512	512	186	175	82	323	245.238
45	maps/rooms/8room_000.map	512	512	377	328	357	172	182.368
51	maps/rooms/8room_000.map	512	512	356	461	461	350	204.368
122	maps/rooms/8room_000.map	512	512	41	29	378	183	491.676
122	maps/rooms/8room_000.map	512	512	392	510	130	201	491.475
69	maps/rooms/8room_000.map	512	512	165	363	243	180	276.664
122	maps/rooms/8room_000.map	512	512	68	52	253	392	490.789
27	maps/rooms/8room_000.map	512	512	38	235	101	181	110.497
122	maps/rooms/8room_000.map	512	512	78	494	298	168	491.446
94	maps/rooms/8room_000.map	512	512	306	329	63	195	377.492
28	maps/rooms/8room_000.map	512	512	408	158	439	236	114.64
122	maps/rooms/8room_000.map	512	512	8	318	391	184	491.191
9	maps/rooms/8room_000.map	512	512	237	203	247	232	38.3137
113	maps/rooms/8room_000.map	512	512	22	109	142	382	455.617
47	maps/rooms/8room_000.map	512	512	389	191	438	310	190.024
72	maps/rooms/8room_000.map	512	512	246	483	127	284	290.836
46	maps/rooms/8room_000.map	512	512	122	123	218	8	185.125
54	maps/rooms/8room_000.map	512	512	298	301	216	431	216.125
111	maps/rooms/8room_000.map	512	512	238	493	107	152	445.747
51	maps/rooms/8room_000.map	512	512	333	330	185	300	204.225
122	maps/rooms/8room_000.map	512	512	12	172	364	334	491.505
122	maps/rooms/8room_000.map	512	512	63	12	324	227	491.019
5	maps/rooms/8room_000.map	512	512	478	415	459	406	22.7279
122	maps/rooms/8room_000.map	512	512	478	134	215	395	491.12
57	maps/rooms/8room_000.map	512	512	341	187	398	20	228.267
77	maps/rooms/8room_000.map	512	512	360	255	287	462	310.208
103	maps/rooms/8room_000.map	512	512	280	66	114	346	413.019
10	maps/rooms/8room_000.map	512	512	367	66	395	61	40.2132
121	maps/rooms/8room_000.map	512	512	501	443	161	312	487.191
121	maps/rooms/8room_000.map	512	512	30	67	404	139	487.161
110	maps/rooms/8room_000.map	512	512	477	457	389	123	441.605
97	maps/rooms/8room_000.map	512	512	119	132	390	36	390.179
117	maps/rooms/8room_000.map	512	512	39	468	72	69	471.563
95	maps/rooms/8room_000.map	512	512	244	219	450	431	380.936
121	maps/rooms/8room_000.map	512	512	138	220	429	447	485.262
121	maps/rooms/8room_000.map	512	512	374	280	94	47	486.889
13	maps/rooms/8room_000.map	512	512	46	419	74	392	55.0416
67	maps/rooms/8room_000.map	512	512	158	285	378	292	268.238
104	maps/rooms/8room_000.map	512	512	179	285	501	322	417.676
121	maps/rooms/8room_000.map	512	512	467	341	76	410	487.848
50	maps/rooms/8room_000.map	512	512	323	370	428	472	202.196
117	maps/rooms/8room_000.map	512	512	68	307	376	85	470.333
105	maps/rooms/8room_000.map	512	512	211	147	156	435	420.463
121	maps/rooms/8room_000.map	512	512	399	189	22	358	486.919
25	maps/rooms/8room_000.map	512	512	360	32	311	77	100.669
110	maps/rooms/8room_000.map	512	512	108	201	472	254	442.664
106	maps/rooms/8room_000.map	512	512	294	291	2	490	424.605
89	maps/rooms/8room_000.map	512	512	183	45	218	331	357.35
90	maps/rooms/8room_000.map	512	512	180	251	485	245	362.338
31	maps/rooms/8room_000.map	512	512	463	181	419	264	124.012
109	maps/rooms/8room_000.map	512	512	47	301	279	471	438.718
59	maps/rooms/8room_000.map	512	512	461	349	315	460	239.267
41	maps/rooms/8room_000.map	512	512	358	239	226	206	167.326
68	maps/rooms/8room_000.map	512	512	327	15	155	123	272.693
71	maps/rooms/8room_000.map	512	512	258	29	493	12	286.853
49	maps/rooms/8room_000.map	512	512	179	441	126	398	199.924
83	maps/rooms/8room_000.map	512	512	390	319	114	279	333.48
73	maps/rooms/8room_000.map	512	512	291	137	499	74	295.066
37	maps/rooms/8room_000.map	512	512	188	252	268	169	149.953
81	maps/rooms/8room_000.map	512	512	258	147	392	351	327.764
39	maps/rooms/8room_000.map	512	512	99	276	24	191	156.225
31	maps/rooms/8room_000.map	512	512	343	455	315	422	125.426
72	maps/rooms/8room_000.map	512	512	228	380	50	456	288.894
55	maps/rooms/8room_000.map	512	512	402	404	411	244	220.095
94	maps/rooms/8room_000.map	512	512	90	451	200	218	379.291
80	maps/rooms/8room_000.map	512	512	274	341	302	132	321.836
106	maps/rooms/8room_000.map	512	512	365	143	373	466	427.434
75	maps/rooms/8room_000.map	512	512	271	310	501	370	301.48
51	maps/rooms/8room_000.map	512	512	239	255	265	117	205.924
117	maps/rooms/8room_000.map	512	512	405	394	106	238	470.931
93	maps/rooms/8room_000.map	512	512	14	313	146	63	372.936
100	maps/rooms/8room_000.map	512	512	472	187	328	463	400.492
60	maps/rooms/8room_000.map	512	512	255	303	34	313	243.711
41	maps/rooms/8room_000.map	512	512	121	343	211	333	164.711
121	maps/rooms/8room_000.map	512	512	211	12	255	404	487.262
103	maps/rooms/8room_000.map	512	512	328	383	376	105	412.676
121	maps/rooms/8room_000.map	512	512	115	48	13	456	487.505
26	maps/rooms/8room_000.map	512	512	77	199	15	252	106.255
71	maps/rooms/8room_000.map	512	512	174	470	383	452	287.125
47	maps/rooms/8room_000.map	512	512	229	71	347	136	189.61
109	maps/rooms/8room_000.map	512	512	307	89	70	298	439.12
90	maps/rooms/8room_000.map	512	512	222	155	14	215	360.836
61	maps/rooms/8room_000.map	512	512	299	330	136	398	244.48
110	maps/rooms/8room_000.map	512	512	265	124	415	410	442.132
120	maps/rooms/8room_000.map	512	512	508	473	219	233	483.877
102	maps/rooms/8room_000.map	512	512	458	231	217	437	409.534
120	maps/rooms/8room_000.map	512	512	58	389	331	104	483.203
87	maps/rooms/8room_000.map	512	512	495	333	319	419	350.836
64	maps/rooms/8room_000.map	512	512	183	239	390	180	256.468
72	maps/rooms/8room_000.map	512	512	396	141	187	165	290.723
80	maps/rooms/8room_000.map	512	512	90	269	361	251	322.48
81	maps/rooms/8room_000.map	512	512	36	206	133	13	324.593
49	maps/rooms/8room_000.map	512	512	173	265	25	317	198.569
120	maps/rooms/8room_000.map	512	512	457	256	100	386	482.647
70	maps/rooms/8room_000.map	512	512	475	27	473	221	280.794
120	maps/rooms/8room_000.map	512	512	16	8	212	327	481.333
52	maps/rooms/8room_000.map	512	512	373	28	229	117	211.267
64	maps/rooms/8room_000.map	512	512	331	3	234	163	257.794
92	maps/rooms/8room_000.map	512	512	214	60	135	359	368.007
89	maps/rooms/8room_000.map	512	512	479	58	182	126	357.451
50	maps/rooms/8room_000.map	512	512	382	51	236	22	200.681
104	maps/rooms/8room_000.map	512	512	182	43	347	290	416.09
120	maps/rooms/8room_000.map	512	512	305	196	4	436	483.132
120	maps/rooms/8room_000.map	512	512	510	105	190	322	483.576
120	maps/rooms/8room_000.map	512	512	470	28	442	409	483.919
62	maps/rooms/8room_000.map	512	512	423	173	255	247	249.296
22	maps/rooms/8room_000.map	512	512	418	260	482	297	91.669
120	maps/rooms/8room_000.map	512	512	76	103	337	343	483.635
93	maps/rooms/8room_000.map	512	512	89	271	125	12	373.007
48	maps/rooms/8room_000.map	512	512	117	234	39	359	192.095
42	maps/rooms/8room_000.map	512	512	420	172	484	298	171.581
76	maps/rooms/8room_000.map	512	512	280	414	93	242	307.693
112	maps/rooms/8room_000.map	512	512	378	403	216	201	448.191
120	maps/rooms/8room_000.map	512	512	467	46	159	291	483.09
120	maps/rooms/8room_000.map	512	512	318	30	197	362	483.919
119	maps/rooms/8room_000.map	512	512	367	484	423	128	479.747
119	maps/rooms/8room_000.map	512	512	330	394	193	82	479.576
88	maps/rooms/8room_000.map	512	512	252	7	142	14	355.735
113	maps/rooms/8room_000.map	512	512	298	391	246	77	453.647
61	maps/rooms/8room_000.map	512	512	44	359	218	420	246.723
61	maps/rooms/8room_000.map	512	512	329	204	142	173	244.811
37	maps/rooms/8room_000.map	512	512	7	41	89	106	150.497
83	maps/rooms/8room_000.map	512	512	205	118	326	307	334.635
50	maps/rooms/8room_000.map	512	512	10	153	34	312	201.167
111	maps/rooms/8room_000.map	512	512	73	99	302	350	447.848
119	maps/rooms/8room_000.map	512	512	46	79	317	301	478.747
119	maps/rooms/8room_000.map	512	512	139	13	227	314	479.96
22	maps/rooms/8room_000.map	512	512	372	416	390	482	89.4558
119	maps/rooms/8room_000.map	512	512	153	431	103	72	479.617
104	maps/rooms/8room_000.map	512	512	479	165	326	446	418.149
119	maps/rooms/8room_000.map	512	512	58	15	7	404	479.321
119	maps/rooms/8room_000.map	512	512	148	418	318	126	479.605
79	maps/rooms/8room_000.map	512	512	108	124	339	22	316.522
68	maps/rooms/8room_000.map	512	512	174	134	35	296	274.037
45	maps/rooms/8room_000.map	512	512	398	202	335	123	183.782
73	maps/rooms/8room_000.map	512	512	371	296	245	491	293.451
112	maps/rooms/8room_000.map	512	512	335	85	180	407	449.049
119	maps/rooms/8room_000.map	512	512	120	201	454	327	479.907
24	maps/rooms/8room_000.map	512	512	94	136	42	202	97.7401
119	maps/rooms/8room_000.map	512	512	367	40	92	319	479.747
54	maps/rooms/8room_000.map	512	512	47	166	175	233	217.995
119	maps/rooms/8room_000.map	512	512	44	233	402	114	479.534
67	maps/rooms/8room_000.map	512	512	388	88	196	179	268.439
79	maps/rooms/8room_000.map	512	512	345	237	123	137	319.095
38	maps/rooms/8room_000.map	512	512	387	71	487	7	153.397
36	maps/rooms/8room_000.map	512	512	110	410	217	403	147.882
118	maps/rooms/8room_000.map	512	512	75	450	300	138	474.647
65	maps/rooms/8room_000.map	512	512	375	107	339	314	260.622
67	maps/rooms/8room_000.map	512	512	456	98	266	60	268.794
25	maps/rooms/8room_000.map	512	512	75	184	126	240	102.841
46	maps/rooms/8room_000.map	512	512	254	219	372	299	185.882
118	maps/rooms/8room_000.map	512	512	67	195	365	435	475.747
116	maps/rooms/8room_000.map	512	512	464	302	103	303	467.907
52	maps/rooms/8room_000.map	512	512	126	505	243	394	209.196
60	maps/rooms/8room_000.map	512	512	470	234	446	437	243.853
57	maps/rooms/8room_000.map	512	512	230	158	350	33	230.054
118	maps/rooms/8room_000.map	512	512	458	151	99	319	475.534
102	maps/rooms/8room_000.map	512	512	178	66	173	391	409.848
84	maps/rooms/8room_000.map	512	512	338	14	373	238	339.936
71	maps/rooms/8room_000.map	512	512	427	191	240	86	286.451
63	maps/rooms/8room_000.map	512	512	234	171	77	143	252.622
118	maps/rooms/8room_000.map	512	512	340	457	69	174	475.747
106	maps/rooms/8room_000.map	512	512	351	188	4	279	425.421
37	maps/rooms/8room_000.map	512	512	479	6	373	42	150.569
39	maps/rooms/8room_000.map	512	512	200	342	312	372	158.953
53	maps/rooms/8room_000.map	512	512	286	339	245	226	215.095
22	maps/rooms/8room_000.map	512	512	427	15	393	23	88.4264
118	maps/rooms/8room_000.map	512	512	89	418	318	141	475.688
113	maps/rooms/8room_000.map	512	512	333	55	21	9	452.635
39	maps/rooms/8room_000.map	512	512	118	41	185	139	159.61
118	maps/rooms/8room_000.map	512	512	155	26	485	194	475.019
68	maps/rooms/8room_000.map	512	512	313	91	152	191	272.338
102	maps/rooms/8room_000.map	512	512	435	429	421	90	409.392
118	maps/rooms/8room_000.map	512	512	421	392	205	140	475.061
48	maps/rooms/8room_000.map	512	512	412	190	294	164	195.439
94	maps/rooms/8room_000.map	512	512	260	307	318	72	376.179
117	maps/rooms/8room_000.map	512	512	373	200	22	362	468.605
40	maps/rooms/8room_000.map	512	512	181	127	221	251	163.841
41	maps/rooms/8room_000.map	512	512	41	294	124	389	167.924
60	maps/rooms/8room_000.map	512	512	41	248	166	137	243.723
81	maps/rooms/8room_000.map	512	512	386	358	443	122	324.806
69	maps/rooms/8room_000.map	512	512	275	146	479	73	279.066
84	maps/rooms/8room_000.map	512	512	318	202	301	374	339.149
105	maps/rooms/8room_000.map	512	512	441	381	458	50	421.12
38	maps/rooms/8room_000.map	512	512	171	188	127	258	154.326
52	maps/rooms/8room_000.map	512	512	153	470	1	423	211.368
51	maps/rooms/8room_000.map	512	512	168	102	255	214	206.966
63	maps/rooms/8room_000.map	512	512	168	154	77	20	252.338
97	maps/rooms/8room_000.map	512	512	468	182	186	184	389.037
118	maps/rooms/8room_000.map	512	512	22	255	406	311	475.806
112	maps/rooms/8room_000.map	512	512	37	195	261	488	448.304
118	maps/rooms/8room_000.map	512	512	18	228	344	455	475.919
5	maps/rooms/8room_000.map	512	512	72	331	90	322	21.7279
118	maps/rooms/8room_000.map	512	512	303	454	110	118	475.434
32	maps/rooms/8room_000.map	512	512	93	131	168	67	130.497
74	maps/rooms/8room_000.map	512	512	275	139	287	299	297.279
95	maps/rooms/8room_000.map	512	512	103	162	382	275	380.492
31	maps/rooms/8room_000.map	512	512	371	324	476	341	127.012
22	maps/rooms/8room_000.map	512	512	101	453	94	511	91.1838
69	maps/rooms/8room_000.map	512	512	354	213	482	42	276.279
100	maps/rooms/8room_000.map	512	512	38	91	341	41	400.321
117	maps/rooms/8room_000.map	512	512	493	59	103	89	471.563
59	maps/rooms/8room_000.map	512	512	311	187	116	245	238.539
76	maps/rooms/8room_000.map	512	512	237	76	372	242	307.007
71	maps/rooms/8room_000.map	512	512	239	217	264	442	284.894
89	maps/rooms/8room_000.map	512	512	124	386	340	269	358.22
117	maps/rooms/8room_000.map	512	512	66	78	264	419	471.818
83	maps/rooms/8room_000.map	512	512	443	451	344	203	334.865
115	maps/rooms/8room_000.map	512	512	93	269	359	20	463.735
85	maps/rooms/8room_000.map	512	512	193	318	78	69	340.794
82	maps/rooms/8room_000.map	512	512	1	343	262	408	328.836
89	maps/rooms/8room_000.map	512	512	390	236	374	478	357.463
117	maps/rooms/8room_000.map	512	512	478	508	201	348	471.434
117	maps/rooms/8room_000.map	512	512	133	153	463	275	471.179
29	maps/rooms/8room_000.map	512	512	42	364	60	450	116.284
116	maps/rooms/8room_000.map	512	512	490	489	168	377	467.747
26	maps/rooms/8room_000.map	512	512	56	370	45	455	104.042
68	maps/rooms/8room_000.map	512	512	330	186	472	37	273.652
79	maps/rooms/8room_000.map	512	512	434	278	439	43	316.936
116	maps/rooms/8room_000.map	512	512	182	486	494	316	467.747
116	maps/rooms/8room_000.map	512	512	303	20	244	361	467.99
116	maps/rooms/8room_000.map	512	512	5	426	375	336	467.505
29	maps/rooms/8room_000.map	512	512	263	50	348	98	117.326
105	maps/rooms/8room_000.map	512	512	262	117	35	364	420.919
68	maps/rooms/8room_000.map	512	512	216	431	388	317	272.752
109	maps/rooms/8room_000.map	512	512	159	214	396	435	439.321
48	maps/rooms/8room_000.map	512	512	282	402	274	262	192.225
36	maps/rooms/8room_000.map	512	512	354	414	476	450	145.983
93	maps/rooms/8room_000.map	512	512	106	260	365	397	373.12
93	maps/rooms/8room_000.map	512	512	509	333	450	55	373.676
97	maps/rooms/8room_000.map	512	512	325	53	502	311	389.534
33	maps/rooms/8room_000.map	512	512	26	348	118	277	133.125
41	maps/rooms/8room_000.map	512	512	98	319	199	238	167.782
116	maps/rooms/8room_000.map	512	512	133	501	367	218	467.877
92	maps/rooms/8room_000.map	512	512	302	95	278	293	369.622
56	maps/rooms/8room_000.map	512	512	390	138	501	7	224.752
60	maps/rooms/8room_000.map	512	512	441	104	264	9	241.38
84	maps/rooms/8room_000.map	512	512	324	373	187	187	336.764
104	maps/rooms/8room_000.map	512	512	26	505	210	220	419.191
102	maps/rooms/8room_000.map	512	512	270	142	2	293	409.635
67	maps/rooms/8room_000.map	512	512	386	41	299	205	270.439
105	maps/rooms/8room_000.map	512	512	415	142	120	31	421.848
86	maps/rooms/8room_000.map	512	512	442	428	165	456	346.823
72	maps/rooms/8room_000.map	512	512	198	510	422	402	289.966
116	maps/rooms/8room_000.map	512	512	263	511	472	250	464.291
116	maps/rooms/8room_000.map	512	512	500	50	248	300	467.789
114	maps/rooms/8room_000.map	512	512	396	182	74	53	457.676
43	maps/rooms/8room_000.map	512	512	190	291	111	397	172.439
94	maps/rooms/8room_000.map	512	512	146	510	453	501	379.179
46	maps/rooms/8room_000.map	512	512	375	281	469	278	184.196
116	maps/rooms/8room_000.map	512	512	50	285	409	153	467.534
116	maps/rooms/8room_000.map	512	512	218	103	134	420	467.718
100	maps/rooms/8room_000.map	512	512	418	93	394	389	401.505
115	maps/rooms/8room_000.map	512	512	143	98	73	438	463.948
110	maps/rooms/8room_000.map	512	512	223	254	466	86	443.392
85	maps/rooms/8room_000.map	512	512	146	292	427	238	343.108
87	maps/rooms/8room_000.map	512	512	383	238	501	434	351.664
115	maps/rooms/8room_000.map	512	512	12	324	391	212	463.392
106	maps/rooms/8room_000.map	512	512	366	437	87	237	427.392
63	maps/rooms/8room_000.map	512	512	347	142	274	323	255.48
31	maps/rooms/8room_000.map	512	512	451	374	441	486	126.426
20	maps/rooms/8room_000.map	512	512	42	372	88	325	80.1127
68	maps/rooms/8room_000.map	512	512	135	313	291	152	274.764
38	maps/rooms/8room_000.map	512	512	265	429	190	370	154.953
115	maps/rooms/8room_000.map	512	512	171	462	58	83	463.12
106	maps/rooms/8room_000.map	512	512	221	501	324	202	427.161
20	maps/rooms/8room_000.map	512	512	350	78	389	53	82.8112
46	maps/rooms/8room_000.map	512	512	46	15	137	83	184.397
47	maps/rooms/8room_000.map	512	512	124	168	36	175	188.439
71	maps/rooms/8room_000.map	512	512	419	413	277	269	285.522
115	maps/rooms/8room_000.map	512	512	343	53	303	373	463.948
70	maps/rooms/8room_000.map	512	512	474	379	412	171	282.451
83	maps/rooms/8room_000.map	512	512	315	15	132	190	335.706
109	maps/rooms/8room_000.map	512	512	475	511	281	282	438.161
65	maps/rooms/8room_000.map	512	512	300	255	121	158	262.125
99	maps/rooms/8room_000.map	512	512	170	483	414	374	398.421
53	maps/rooms/8room_000.map	512	512	252	13	375	115	213.752
115	maps/rooms/8room_000.map	512	512	103	484	418	330	462.706
115	maps/rooms/8room_000.map	512	512	484	363	125	414	463.948
114	maps/rooms/8room_000.map	512	512	395	133	293	434	456.889
51	maps/rooms/8room_000.map	512	512	253	486	286	351	204.811
110	maps/rooms/8room_000.map	512	512	377	434	116	212	440.463
84	maps/rooms/8room_000.map	512	512	90	387	299	501	338.078
60	maps/rooms/8room_000.map	512	512	56	259	111	89	243.894
114	maps/rooms/8room_000.map	512	512	436	35	145	275	459.676
71	maps/rooms/8room_000.map	512	512	418	458	434	310	287.095
114	maps/rooms/8room_000.map	512	512	243	89	446	387	459.617
100	maps/rooms/8room_000.map	512	512	76	92	303	303	401.12
15	maps/rooms/8room_000.map	512	512	63	74	43	105	62.598
57	maps/rooms/8room_000.map	512	512	98	263	39	92	231.154
57	maps/rooms/8room_000.map	512	512	364	466	302	329	228.823
83	maps/rooms/8room_000.map	512	512	237	443	386	232	332.735
114	maps/rooms/8room_000.map	512	512	266	3	244	361	459.505
69	maps/rooms/8room_000.map	512	512	261	409	489	413	279.782
38	maps/rooms/8room_000.map	512	512	335	334	343	365	154.154
62	maps/rooms/8room_000.map	512	512	167	205	195	29	250.752
94	maps/rooms/8room_000.map	512	512	390	239	92	309	379.321
111	maps/rooms/8room_000.map	512	512	487	296	190	126	446.99
110	maps/rooms/8room_000.map	512	512	210	215	511	114	443.078
114	maps/rooms/8room_000.map	512	512	23	402	158	60	459.233
35	maps/rooms/8room_000.map	512	512	136	351	198	249	143.397
79	maps/rooms/8room_000.map	512	512	199	151	40	347	316.279
114	maps/rooms/8room_000.map	512	512	446	138	346	440	459.019
109	maps/rooms/8room_000.map	512	512	473	31	198	243	438.948
60	maps/rooms/8room_000.map	512	512	264	333	409	212	243.338
89	maps/rooms/8room_000.map	512	512	360	28	486	294	358.191
98	maps/rooms/8room_000.map	512	512	453	13	306	286	393.848
84	maps/rooms/8room_000.map	512	512	14	253	34	472	337.208
113	maps/rooms/8room_000.map	512	512	2	374	239	91	455.889
100	maps/rooms/8room_000.map	512	512	133	381	306	150	402.149
33	maps/rooms/8room_000.map	512	512	478	179	379	196	135.255
113	maps/rooms/8room_000.map	512	512	45	504	202	156	455.777
85	maps/rooms/8room_000.map	512	512	411	200	268	419	343.078
102	maps/rooms/8room_000.map	512	512	365	20	157	287	411.877
31	maps/rooms/8room_000.map	512	512	239	329	202	414	127.355
83	maps/rooms/8room_000.map	512	512	425	151	461	420	335.451
105	maps/rooms/8room_000.map	512	512	136	254	470	168	423.764
113	maps/rooms/8room_000.map	512	512	408	95	154	295	455.848
113	maps/rooms/8room_000.map	512	512	454	30	501	378	454.99
108	maps/rooms/8room_000.map	512	512	18	92	372	127	432.806
43	maps/rooms/8room_000.map	512	512	287	422	188	364	175.61
96	maps/rooms/8room_000.map	512	512	58	139	343	120	384.735
113	maps/rooms/8room_000.map	512	512	487	78	283	315	455.132
37	maps/rooms/8room_000.map	512	512	507	451	493	391	151.296
113	maps/rooms/8room_000.map	512	512	395	28	442	406	455.291
107	maps/rooms/8room_000.map	512	512	477	135	208	319	429.291
69	maps/rooms/8room_000.map	512	512	491	393	392	206	277.48
31	maps/rooms/8room_000.map	512	512	170	114	86	126	127.983
112	maps/rooms/8room_000.map	512	512	194	413	424	126	450.848
112	maps/rooms/8room_000.map	512	512	140	495	130	134	451.333
112	maps/rooms/8room_000.map	512	512	135	40	437	224	451.848
112	maps/rooms/8room_000.map	512	512	440	397	133	210	451.747
59	maps/rooms/8room_000.map	512	512	123	436	213	301	239.853
112	maps/rooms/8room_000.map	512	512	362	173	288	491	451.362
112	maps/rooms/8room_000.map	512	512	149	109	30	456	451.605
15	maps/rooms/8room_000.map	512	512	348	317	322	265	63.9411
111	maps/rooms/8room_000.map	512	512	76	386	317	127	446.818
41	maps/rooms/8room_000.map	512	512	197	454	319	456	164.912
111	maps/rooms/8room_000.map	512	512	411	334	102	446	447.191
77	maps/rooms/8room_000.map	512	512	35	404	299	392	310.794
49	maps/rooms/8room_000.map	512	512	155	58	58	26	196.581
23	maps/rooms/8room_000.map	512	512	89	152	54	82	93.2843
33	maps/rooms/8room_000.map	512	512	509	162	411	170	135.983
109	maps/rooms/8room_000.map	512	512	5	302	239	53	439.919
73	maps/rooms/8room_000.map	512	512	265	282	152	146	292.48
59	maps/rooms/8room_000.map	512	512	261	279	95	342	238.196
71	maps/rooms/8room_000.map	512	512	3	123	201	168	287.894
23	maps/rooms/8room_000.map	512	512	488	149	505	201	93.4264
58	maps/rooms/8room_000.map	512	512	180	155	255	296	235.581
69	maps/rooms/8room_000.map	512	512	84	50	43	259	277.764
111	maps/rooms/8room_000.map	512	512	8	277	335	435	447.818
66	maps/rooms/8room_000.map	512	512	436	415	226	434	265.468
73	maps/rooms/8room_000.map	512	512	470	383	306	217	293.622
101	maps/rooms/8room_000.map	512	512	127	98	380	238	406.463
79	maps/rooms/8room_000.map	512	512	159	90	9	276	316.551
23	maps/rooms/8room_000.map	512	512	118	300	183	296	92.4558
91	maps/rooms/8room_000.map	512	512	310	376	282	148	367.463
45	maps/rooms/8room_000.map	512	512	180	317	155	452	180.368
111	maps/rooms/8room_000.map	512	512	479	503	425	171	447.362
45	maps/rooms/8room_000.map	512	512	123	170	262	107	181.338
92	maps/rooms/8room_000.map	512	512	422	447	214	274	371.936
7	maps/rooms/8room_000.map	512	512	439	440	413	447	31.2426
37	maps/rooms/8room_000.map	512	512	461	137	387	58	150.154
91	maps/rooms/8room_000.map	512	512	99	355	24	79	367.066
111	maps/rooms/8room_000.map	512	512	79	334	431	294	447.563
72	maps/rooms/8room_000.map	512	512	88	252	263	403	289.865
82	maps/rooms/8room_000.map	512	512	86	324	141	99	329.865
111	maps/rooms/8room_000.map	512	512	468	314	132	219	447.936
111	maps/rooms/8room_000.map	512	512	357	394	76	196	446.747
35	maps/rooms/8room_000.map	512	512	110	470	163	411	141.154
110	maps/rooms/8room_000.map	512	512	373	195	474	497	443.191
59	maps/rooms/8room_000.map	512	512	359	119	286	263	239.995
96	maps/rooms/8room_000.map	512	512	34	197	255	58	385.179
110	maps/rooms/8room_000.map	512	512	139	84	375	326	443.161
84	maps/rooms/8room_000.map	512	512	324	30	131	187	337.12
101	maps/rooms/8room_000.map	512	512	358	459	261	252	407.907
87	maps/rooms/8room_000.map	512	512	207	188	184	478	348.38
110	maps/rooms/8room_000.map	512	512	77	25	241	349	443.404
109	maps/rooms/8room_000.map	512	512	383	463	43	340	438.747
41	maps/rooms/8room_000.map	512	512	160	268	21	286	167.711
7	maps/rooms/8room_000.map	512	512	200	383	203	357	29.7279
109	maps/rooms/8room_000.map	512	512	328	511	390	191	439.99
88	maps/rooms/8room_000.map	512	512	409	274	216	186	352.966
109	maps/rooms/8room_000.map	512	512	364	85	186	374	438.605
54	maps/rooms/8room_000.map	512	512	236	365	157	231	218.882
108	maps/rooms/8room_000.map	512	512	472	487	286	291	434.919
108	maps/rooms/8room_000.map	512	512	359	336	43	486	435.664
86	maps/rooms/8room_000.map	512	512	139	408	132	171	344.978
38	maps/rooms/8room_000.map	512	512	148	358	143	420	154.882
108	maps/rooms/8room_000.map	512	512	46	159	259	412	435.706
43	maps/rooms/8room_000.map	512	512	107	405	16	306	175.924
66	maps/rooms/8room_000.map	512	512	0	181	139	347	266.38
95	maps/rooms/8room_000.map	512	512	334	159	250	428	382.806
53	maps/rooms/8room_000.map	512	512	503	294	423	132	213.137
81	maps/rooms/8room_000.map	512	512	342	418	453	264	325.794
58	maps/rooms/8room_000.map	512	512	307	108	171	51	234.439
54	maps/rooms/8room_000.map	512	512	42	130	13	290	218.238
108	maps/rooms/8room_000.map	512	512	268	474	107	141	435.262
29	maps/rooms/8room_000.map	512	512	227	120	207	46	119.983
16	maps/rooms/8room_000.map	512	512	409	325	455	355	65.3553
102	maps/rooms/8room_000.map	512	512	87	327	291	94	409.291
108	maps/rooms/8room_000.map	512	512	354	265	21	174	435.12
78	maps/rooms/8room_000.map	512	512	248	56	360	221	314.037
63	maps/rooms/8room_000.map	512	512	293	148	140	110	255.409
73	maps/rooms/8room_000.map	512	512	229	414	245	215	295.693
19	maps/rooms/8room_000.map	512	512	421	50	488	39	77.6985
107	maps/rooms/8room_000.map	512	512	185	468	202	101	431.179
26	maps/rooms/8room_000.map	512	512	99	214	179	210	107.355
95	maps/rooms/8room_000.map	512	512	169	473	330	249	380.037
107	maps/rooms/8room_000.map	512	512	152	407	391	176	431.362
107	maps/rooms/8room_000.map	512	512	499	177	223	313	431.605
17	maps/rooms/8room_000.map	512	512	185	316	211	368	69.799
100	maps/rooms/8room_000.map	512	512	230	414	331	166	400.161
107	maps/rooms/8room_000.map	512	512	340	8	371	310	431.676
74	maps/rooms/8room_000.map	512	512	146	19	159	228	296.409
67	maps/rooms/8room_000.map	512	512	202	376	14	334	269.764
107	maps/rooms/8room_000.map	512	512	390	43	125	221	431.35
37	maps/rooms/8room_000.map	512	512	115	393	3	431	150.368
23	maps/rooms/8room_000.map	512	512	318	134	271	190	94.3553
52	maps/rooms/8room_000.map	512	512	213	230	307	295	209.225
88	maps/rooms/8room_000.map	512	512	73	377	282	183	353.392
107	maps/rooms/8room_000.map	512	512	485	391	172	311	431.777
107	maps/rooms/8room_000.map	512	512	302	434	297	139	431.22
68	maps/rooms/8room_000.map	512	512	303	196	244	351	272.794
107	maps/rooms/8room_000.map	512	512	165	421	428	219	431.25
46	maps/rooms/8room_000.map	512	512	211	135	66	90	186.811
106	maps/rooms/8room_000.map	512	512	25	458	202	158	427.534
90	maps/rooms/8room_000.map	512	512	108	250	318	451	363.735
24	maps/rooms/8room_000.map	512	512	299	374	254	360	99.3259
90	maps/rooms/8room_000.map	512	512	509	74	483	258	361.362
106	maps/rooms/8room_000.map	512	512	127	79	360	256	427.12
93	maps/rooms/8room_000.map	512	512	72	163	152	451	372.978
90	maps/rooms/8room_000.map	512	512	163	370	5	123	361.191
96	maps/rooms/8room_000.map	512	512	160	313	275	42	387.362
106	maps/rooms/8room_000.map	512	512	55	338	374	425	427.12
65	maps/rooms/8room_000.map	512	512	358	172	486	29	262.279
70	maps/rooms/8room_000.map	512	512	452	214	260	201	280.823
105	maps/rooms/8room_000.map	512	512	7	279	313	130	423.492
105	maps/rooms/8room_000.map	512	512	39	404	348	250	422.848
58	maps/rooms/8room_000.map	512	512	302	355	347	473	235.267
85	maps/rooms/8room_000.map	512	512	409	51	310	311	341.978
48	maps/rooms/8room_000.map	512	512	147	395	27	489	194.024
105	maps/rooms/8room_000.map	512	512	452	426	106	488	423.563
39	maps/rooms/8room_000.map	512	512	284	390	357	287	159.882
97	maps/rooms/8room_000.map	512	512	389	167	335	429	391.706
94	maps/rooms/8room_000.map	512	512	94	367	354	469	377.22
99	maps/rooms/8room_000.map	512	512	475	78	463	328	399.948
70	maps/rooms/8room_000.map	512	512	228	371	382	223	280.51
101	maps/rooms/8room_000.map	512	512	372	214	86	392	406.191
105	maps/rooms/8room_000.map	512	512	20	422	336	266	423.362
23	maps/rooms/8room_000.map	512	512	232	395	151	387	95.4264
105	maps/rooms/8room_000.map	512	512	23	438	125	126	423.12
83	maps/rooms/8room_000.map	512	512	431	258	245	162	333.522
71	maps/rooms/8room_000.map	512	512	218	122	178	328	287.48
57	maps/rooms/8room_000.map	512	512	173	126	366	100	230.924
104	maps/rooms/8room_000.map	512	512	486	75	199	165	419.836
53	maps/rooms/8room_000.map	512	512	205	168	250	9	214.752
104	maps/rooms/8room_000.map	512	512	173	141	306	435	419.049
104	maps/rooms/8room_000.map	512	512	246	278	30	32	419.948
104	maps/rooms/8room_000.map	512	512	367	440	421	133	418.99
73	maps/rooms/8room_000.map	512	512	366	487	147	444	293.865
102	maps/rooms/8room_000.map	512	512	156	261	461	295	408.522
26	maps/rooms/8room_000.map	512	512	329	7	319	54	106.255
104	maps/rooms/8room_000.map	512	512	486	444	499	145	419.321
103	maps/rooms/8room_000.map	512	512	72	94	354	247	414.806
87	maps/rooms/8room_000.map	512	512	153	476	197	196	350.451
103	maps/rooms/8room_000.map	512	512	470	356	247	154	415.676
66	maps/rooms/8room_000.map	512	512	346	346	183	221	264.309
103	maps/rooms/8room_000.map	512	512	457	320	248	473	415.463
103	maps/rooms/8room_000.map	512	512	463	137	461	444	414.706
79	maps/rooms/8room_000.map	512	512	228	482	7	396	317.451
103	maps/rooms/8room_000.map	512	512	393	386	103	313	414.907
103	maps/rooms/8room_000.map	512	512	151	315	423	127	415.706
98	maps/rooms/8room_000.map	512	512	500	127	253	151	393.978
102	maps/rooms/8room_000.map	512	512	415	83	140	221	411.108
80	maps/rooms/8room_000.map	512	512	226	156	61	343	320.593
101	maps/rooms/8room_000.map	512	512	104	460	70	132	407.907
65	maps/rooms/8room_000.map	512	512	310	252	202	89	262.037
76	maps/rooms/8room_000.map	512	512	255	442	93	261	307.049
48	maps/rooms/8room_000.map	512	512	316	455	315	346	192.368
31	maps/rooms/8room_000.map	512	512	511	364	437	406	126.426
101	maps/rooms/8room_000.map	512	512	138	116	417	229	407.605
68	maps/rooms/8room_000.map	512	512	174	264	399	199	274.61
100	maps/rooms/8room_000.map	512	512	503	158	230	313	403.12
78	maps/rooms/8room_000.map	512	512	249	318	4	402	312.622
59	maps/rooms/8room_000.map	512	512	171	194	346	127	239.439
23	maps/rooms/8room_000.map	512	512	250	237	303	191	93.4264
58	maps/rooms/8room_000.map	512	512	453	342	421	507	235.853
39	maps/rooms/8room_000.map	512	512	79	238	110	365	159.681
22	maps/rooms/8room_000.map	512	512	377	468	420	424	91.5685
27	maps/rooms/8room_000.map	512	512	105	254	182	264	108.983
63	maps/rooms/8room_000.map	512	512	164	296	237	111	255.238
51	maps/rooms/8room_000.map	512	512	346	200	241	202	204.882
100	maps/rooms/8room_000.map	512	512	367	461	403	163	403.019
99	maps/rooms/8room_000.map	512	512	436	381	220	180	399.149
78	maps/rooms/8room_000.map	512	512	261	190	483	234	313.723
99	maps/rooms/8room_000.map	512	512	289	434	386	164	399.291
99	maps/rooms/8room_000.map	512	512	75	61	223	313	399.019
88	maps/rooms/8room_000.map	512	512	452	342	393	79	355.664
85	maps/rooms/8room_000.map	512	512	149	207	331	379	340.25
51	maps/rooms/8room_000.map	512	512	88	59	238	23	204.652
99	maps/rooms/8room_000.map	512	512	431	297	132	367	399.392
81	maps/rooms/8room_000.map	512	512	25	313	269	255	326.551
75	maps/rooms/8room_000.map	512	512	399	7	440	252	302.551
93	maps/rooms/8room_000.map	512	512	86	364	156	57	375.735
98	maps/rooms/8room_000.map	512	512	470	255	169	296	395.563
98	maps/rooms/8room_000.map	512	512	132	339	349	95	395.534
69	maps/rooms/8room_000.map	512	512	169	182	357	205	276.681
47	maps/rooms/8room_000.map	512	512	82	99	186	207	190.569
98	maps/rooms/8room_000.map	512	512	66	442	332	264	395.22
83	maps/rooms/8room_000.map	512	512	88	343	359	287	332.681
90	maps/rooms/8room_000.map	512	512	218	230	469	362	362.522
48	maps/rooms/8room_000.map	512	512	312	442	152	404	195.539
83	maps/rooms/8room_000.map	512	512	103	270	264	59	333.806
98	maps/rooms/8room_000.map	512	512	501	82	196	120	395.35
91	maps/rooms/8room_000.map	512	512	266	70	118	329	365.735
41	maps/rooms/8room_000.map	512	512	277	217	202	100	166.368
39	maps/rooms/8room_000.map	512	512	387	355	282	366	157.882
97	maps/rooms/8room_000.map	512	512	39	72	246	303	391.463
97	maps/rooms/8room_000.map	512	512	94	152	254	393	391.049
97	maps/rooms/8room_000.map	512	512	329	10	457	274	391.463
96	maps/rooms/8room_000.map	512	512	323	21	207	280	386.664
24	maps/rooms/8room_000.map	512	512	12	185	79	191	98.8406
96	maps/rooms/8room_000.map	512	512	346	395	411	151	387.09
96	maps/rooms/8room_000.map	512	512	255	406	71	146	387.907
96	maps/rooms/8room_000.map	512	512	85	476	348	322	386.907
59	maps/rooms/8room_000.map	512	512	260	117	85	123	238.823
82	maps/rooms/8room_000.map	512	512	338	182	423	406	330.321
96	maps/rooms/8room_000.map	512	512	487	30	357	307	386.848
95	maps/rooms/8room_000.map	512	512	24	203	338	251	382.936
95	maps/rooms/8room_000.map	512	512	39	362	224	118	383.392
59	maps/rooms/8room_000.map	512	512	444	467	265	420	239.095
88	maps/rooms/8room_000.map	512	512	132	437	57	204	352.877
52	maps/rooms/8room_000.map	512	512	462	53	308	61	210.711
95	maps/rooms/8room_000.map	512	512	110	21	223	313	383.392
59	maps/rooms/8room_000.map	512	512	211	323	104	204	239.48
95	maps/rooms/8room_000.map	512	512	446	181	160	102	383.291
54	maps/rooms/8room_000.map	512	512	57	221	92	343	218.681
95	maps/rooms/8room_000.map	512	512	106	460	372	333	383.836
95	maps/rooms/8room_000.map	512	512	47	478	272	259	383.706
79	maps/rooms/8room_000.map	512	512	415	329	361	354	319.936
93	maps/rooms/8room_000.map	512	512	499	475	207	428	375.25
46	maps/rooms/8room_000.map	512	512	158	335	223	445	186.48
82	maps/rooms/8room_000.map	512	512	91	319	311	146	329.735
27	maps/rooms/8room_000.map	512	512	180	408	119	366	108.497
91	maps/rooms/8room_000.map	512	512	279	467	176	228	367.179
91	maps/rooms/8room_000.map	512	512	476	428	252	260	367.948
14	maps/rooms/8room_000.map	512	512	348	460	378	421	58.9411
62	maps/rooms/8room_000.map	512	512	150	483	98	354	248.865
91	maps/rooms/8room_000.map	512	512	478	347	348	105	367.806
91	maps/rooms/8room_000.map	512	512	500	204	368	425	367.936
53	maps/rooms/8room_000.map	512	512	387	20	363	157	213.995
56	maps/rooms/8room_000.map	512	512	434	500	347	386	226.581
67	maps/rooms/8room_000.map	512	512	349	344	157	447	271.066
91	maps/rooms/8room_000.map	512	512	10	290	308	236	367.38
46	maps/rooms/8room_000.map	512	512	178	134	325	162	185.61
48	maps/rooms/8room_000.map	512	512	158	94	123	252	195.953
81	maps/rooms/8room_000.map	512	512	507	396	243	469	324.137
46	maps/rooms/8room_000.map	512	512	374	323	252	413	187.054
77	maps/rooms/8room_000.map	512	512	331	423	143	293	308.894
91	maps/rooms/8room_000.map	512	512	6	38	197	262	367.149
52	maps/rooms/8room_000.map	512	512	341	185	297	340	211.167
90	maps/rooms/8room_000.map	512	512	85	181	258	411	363.149
59	maps/rooms/8room_000.map	512	512	155	144	120	15	239.882
39	maps/rooms/8room_000.map	512	512	474	172	358	190	156.811
50	maps/rooms/8room_000.map	512	512	279	63	357	164	200.296
90	maps/rooms/8room_000.map	512	512	295	404	467	193	363.735
69	maps/rooms/8room_000.map	512	512	134	95	127	301	278.037
89	maps/rooms/8room_000.map	512	512	57	505	203	253	359.563
35	maps/rooms/8room_000.map	512	512	148	396	227	383	140.225
31	maps/rooms/8room_000.map	512	512	397	123	312	125	126.397
89	maps/rooms/8room_000.map	512	512	65	83	171	378	358.865
89	maps/rooms/8room_000.map	512	512	479	391	371	119	359.179
89	maps/rooms/8room_000.map	512	512	99	300	396	351	359.38
47	maps/rooms/8room_000.map	512	512	446	168	420	301	191.853
88	maps/rooms/8room_000.map	512	512	286	130	81	326	355.049
88	maps/rooms/8room_000.map	512	512	510	322	226	313	355.007
76	maps/rooms/8room_000.map	512	512	299	507	332	309	304.137
28	maps/rooms/8room_000.map	512	512	442	324	354	308	112.77
88	maps/rooms/8room_000.map	512	512	162	499	238	226	355.208
88	maps/rooms/8room_000.map	512	512	168	302	415	371	355.321
39	maps/rooms/8room_000.map	512	512	475	143	441	50	159.368
88	maps/rooms/8room_000.map	512	512	109	350	344	228	355.836
87	maps/rooms/8room_000.map	512	512	312	428	85	248	351.149
69	maps/rooms/8room_000.map	512	512	407	468	459	312	277.48
42	maps/rooms/8room_000.map	512	512	200	291	94	234	171.61
86	maps/rooms/8room_000.map	512	512	388	242	169	102	347.735
86	maps/rooms/8room_000.map	512	512	125	441	238	226	347.279
86	maps/rooms/8room_000.map	512	512	184	471	126	192	347.25
86	maps/rooms/8room_000.map	512	512	247	365	70	146	347.865
86	maps/rooms/8room_000.map	512	512	290	450	142	219	346.865
70	maps/rooms/8room_000.map	512	512	460	395	421	174	281.38
33	maps/rooms/8room_000.map	512	512	222	483	170	444	135.083
86	maps/rooms/8room_000.map	512	512	461	71	260	186	347.522
86	maps/rooms/8room_000.map	512	512	9	191	229	367	347.421
85	maps/rooms/8room_000.map	512	512	494	5	280	182	342.622
85	maps/rooms/8room_000.map	512	512	180	55	357	252	342.978
85	maps/rooms/8room_000.map	512	512	402	61	205	253	343.936
84	maps/rooms/8room_000.map	512	512	458	185	481	455	339.794
43	maps/rooms/8room_000.map	512	512	56	283	125	172	175.296
84	maps/rooms/8room_000.map	512	512	120	406	326	264	339.522
84	maps/rooms/8room_000.map	512	512	7	179	251	95	339.764
33	maps/rooms/8room_000.map	512	512	168	230	183	135	133.497
28	maps/rooms/8room_000.map	512	512	200	164	255	106	115.912
45	maps/rooms/8room_000.map	512	512	345	202	493	187	181.468
82	maps/rooms/8room_000.map	512	512	476	275	268	128	331.25
50	maps/rooms/8room_000.map	512	512	430	190	291	139	202.752
82	maps/rooms/8room_000.map	512	512	411	71	143	121	331.764
82	maps/rooms/8room_000.map	512	512	494	364	268	235	331.108
81	maps/rooms/8room_000.map	512	512	233	117	483	157	327.764
80	maps/rooms/8room_000.map	512	512	18	4	241	100	323.551
80	maps/rooms/8room_000.map	512	512	338	378	338	188	322.936
80	maps/rooms/8room_000.map	512	512	467	475	399	228	323.51
80	maps/rooms/8room_000.map	512	512	370	27	219	245	322.865
34	maps/rooms/8room_000.map	512	512	322	100	409	149	138.225
23	maps/rooms/8room_000.map	512	512	270	290	333	310	94.4558
80	maps/rooms/8room_000.map	512	512	184	371	412	437	322.936
80	maps/rooms/8room_000.map	512	512	239	126	243	350	322.836
79	maps/rooms/8room_000.map	512	512	148	60	404	69	319.066
14	maps/rooms/8room_000.map	512	512	374	275	327	290	58.9706
58	maps/rooms/8room_000.map	512	512	338	306	487	256	235.309
79	maps/rooms/8room_000.map	512	512	137	402	269	210	319.865
78	maps/rooms/8room_000.map	512	512	427	195	370	424	315.723
78	maps/rooms/8room_000.map	512	512	86	145	71	399	315.693
36	maps/rooms/8room_000.map	512	512	93	102	9	47	144.255
78	maps/rooms/8room_000.map	512	512	490	90	357	235	315.321
77	maps/rooms/8room_000.map	512	512	69	381	202	162	311.179
77	maps/rooms/8room_000.map	512	512	287	160	246	385	311.037
25	maps/rooms/8room_000.map	512	512	50	396	4	345	102.255
77	maps/rooms/8room_000.map	512	512	494	492	370	285	310.622
77	maps/rooms/8room_000.map	512	512	157	498	403	507	310.723
69	maps/rooms/8room_000.map	512	512	390	487	405	269	279.309
62	maps/rooms/8room_000.map	512	512	318	223	426	355	248.51
77	maps/rooms/8room_000.map	512	512	439	441	323	218	311.108
37	maps/rooms/8room_000.map	512	512	493	390	461	283	151.912
55	maps/rooms/8room_000.map	512	512	387	34	411	203	220.966
51	maps/rooms/8room_000.map	512	512	411	239	504	183	205.51
40	maps/rooms/8room_000.map	512	512	343	393	255	435	163.882
49	maps/rooms/8room_000.map	512	512	253	482	248	311	196.912
76	maps/rooms/8room_000.map	512	512	75	59	270	181	307.794
42	maps/rooms/8room_000.map	512	512	172	86	315	59	171.196
55	maps/rooms/8room_000.map	512	512	267	271	95	246	220.723
48	maps/rooms/8room_000.map	512	512	73	432	211	411	193.024
58	maps/rooms/8room_000.map	512	512	100	394	226	251	235.409
76	maps/rooms/8room_000.map	512	512	85	10	140	247	307.037
51	maps/rooms/8room_000.map	512	512	217	260	287	369	206.681
76	maps/rooms/8room_000.map	512	512	125	470	321	344	307.966
57	maps/rooms/8room_000.map	512	512	315	5	292	178	230.61
55	maps/rooms/8room_000.map	512	512	117	392	233	347	220.238
31	maps/rooms/8room_000.map	512	512	215	19	295	38	126.74
76	maps/rooms/8room_000.map	512	512	467	471	293	336	307.309
75	maps/rooms/8room_000.map	512	512	398	41	220	185	303.681
53	maps/rooms/8room_000.map	512	512	386	494	392	351	213.167
75	maps/rooms/8room_000.map	512	512	359	333	261	120	303.735
75	maps/rooms/8room_000.map	512	512	21	70	265	87	302.723
75	maps/rooms/8room_000.map	512	512	40	482	299	455	303.48
21	maps/rooms/8room_000.map	512	512	230	152	212	85	85.4264
75	maps/rooms/8room_000.map	512	512	440	494	415	229	303.681
75	maps/rooms/8room_000.map	512	512	104	492	209	280	303.409
74	maps/rooms/8room_000.map	512	512	451	488	250	395	299.723
74	maps/rooms/8room_000.map	512	512	179	233	235	477	299.764
28	maps/rooms/8room_000.map	512	512	194	222	292	235	115.527
74	maps/rooms/8room_000.map	512	512	467	423	456	221	299.208
74	maps/rooms/8room_000.map	512	512	166	25	44	204	299.451
62	maps/rooms/8room_000.map	512	512	376	264	189	302	251.711
74	maps/rooms/8room_000.map	512	512	181	422	278	210	299.652
17	maps/rooms/8room_000.map	512	512	492	227	439	222	68.2843
74	maps/rooms/8room_000.map	512	512	348	62	210	262	299.48
73	maps/rooms/8room_000.map	512	512	375	250	209	395	295.752
73	maps/rooms/8room_000.map	512	512	286	302	105	147	295.421
67	maps/rooms/8room_000.map	512	512	181	114	27	219	268.137
28	maps/rooms/8room_000.map	512	512	374	458	462	454	115.255
42	maps/rooms/8room_000.map	512	512	262	13	221	95	168.539
72	maps/rooms/8room_000.map	512	512	201	472	421	440	291.338
29	maps/rooms/8room_000.map	512	512	271	427	204	502	119.983
72	maps/rooms/8room_000.map	512	512	19	225	260	235	291.409
72	maps/rooms/8room_000.map	512	512	340	381	146	295	291.137
72	maps/rooms/8room_000.map	512	512	510	363	275	314	291.38
70	maps/rooms/8room_000.map	512	512	155	438	374	414	283.652
70	maps/rooms/8room_000.map	512	512	475	447	456	215	283.167
65	maps/rooms/8room_000.map	512	512	252	339	442	346	263.853
70	maps/rooms/8room_000.map	512	512	104	297	341	231	283.51
70	maps/rooms/8room_000.map	512	512	333	372	100	403	283.38
67	maps/rooms/8room_000.map	512	512	411	284	246	238	271.853
66	maps/rooms/8room_000.map	512	512	103	285	298	170	267.38
66	maps/rooms/8room_000.map	512	512	292	328	202	162	267.137
66	maps/rooms/8room_000.map	512	512	490	492	370	331	267.794
65	maps/rooms/8room_000.map	512	512	299	200	444	62	263.752
65	maps/rooms/8room_000.map	512	512	185	20	184	247	263.924
39	maps/rooms/8room_000.map	512	512	217	133	98	116	157.882
33	maps/rooms/8room_000.map	512	512	90	252	182	244	132.426
64	maps/rooms/8room_000.map	512	512	279	378	389	197	259.936
64	maps/rooms/8room_000.map	512	512	6	408	117	227	258.693
37	maps/rooms/8room_000.map	512	512	79	219	41	303	149.74
64	maps/rooms/8room_000.map	512	512	78	138	183	316	259.066
64	maps/rooms/8room_000.map	512	512	478	505	429	320	259.581
64	maps/rooms/8room_000.map	512	512	263	179	375	328	259.551
64	maps/rooms/8room_000.map	512	512	172	474	320	344	259.924
63	maps/rooms/8room_000.map	512	512	111	293	268	423	255.51
63	maps/rooms/8room_000.map	512	512	178	348	387	307	255.439
63	maps/rooms/8room_000.map	512	512	312	52	335	250	254.924
44	maps/rooms/8room_000.map	512	512	295	339	154	329	178.74
62	maps/rooms/8room_000.map	512	512	506	268	300	238	251.823
62	maps/rooms/8room_000.map	512	512	306	365	118	370	251.167
62	maps/rooms/8room_000.map	512	512	395	88	235	215	251.409
57	maps/rooms/8room_000.map	512	512	148	403	267	271	231.51
57	maps/rooms/8room_000.map	512	512	3	210	61	360	230.652
29	maps/rooms/8room_000.map	512	512	175	258	259	297	117.912
57	maps/rooms/8room_000.map	512	512	405	127	311	296	231.794
56	maps/rooms/8room_000.map	512	512	69	472	224	387	227.924
56	maps/rooms/8room_000.map	512	512	444	315	376	151	227.924
38	maps/rooms/8room_000.map	512	512	181	486	189	406	155.154
56	maps/rooms/8room_000.map	512	512	344	109	223	239	227.51
56	maps/rooms/8room_000.map	512	512	123	444	258	428	227.953
56	maps/rooms/8room_000.map	512	512	397	225	431	397	226.853
25	maps/rooms/8room_000.map	512	512	377	198	354	280	100.012
56	maps/rooms/8room_000.map	512	512	36	98	205	136	227.409
56	maps/rooms/8room_000.map	512	512	104	14	208	73	227.995
55	maps/rooms/8room_000.map	512	512	435	380	276	315	223.095
55	maps/rooms/8room_000.map	512	512	263	253	375	338	222.983
41	maps/rooms/8room_000.map	512	512	290	485	220	469	165.054
55	maps/rooms/8room_000.map	512	512	446	422	298	343	223.51
55	maps/rooms/8room_000.map	512	512	266	440	362	298	223.338
29	maps/rooms/8room_000.map	512	512	191	95	238	167	119.569
33	maps/rooms/8room_000.map	512	512	21	49	121	56	132.74
55	maps/rooms/8room_000.map	512	512	355	176	271	55	223.267
50	maps/rooms/8room_000.map	512	512	506	458	468	364	203.439
54	maps/rooms/8room_000.map	512	512	204	345	244	184	219.267
36	maps/rooms/8room_000.map	512	512	202	85	314	56	147.711
54	maps/rooms/8room_000.map	512	512	277	457	440	377	219.125
54	maps/rooms/8room_000.map	512	512	296	44	255	197	219.539
50	maps/rooms/8room_000.map	512	512	164	72	313	140	203.024
54	maps/rooms/8room_000.map	512	512	36	167	181	228	219.095
53	maps/rooms/8room_000.map	512	512	423	505	438	357	215.368
53	maps/rooms/8room_000.map	512	512	90	466	182	334	214.61
52	maps/rooms/8room_000.map	512	512	258	503	226	316	211.711
52	maps/rooms/8room_000.map	512	512	164	390	330	437	211.267
52	maps/rooms/8room_000.map	512	512	60	106	137	214	211.853
52	maps/rooms/8room_000.map	512	512	511	67	350	95	211.711
50	maps/rooms/8room_000.map	512	512	150	373	153	256	203.681
49	maps/rooms/8room_000.map	512	512	498	254	364	157	199.368
49	maps/rooms/8room_000.map	512	512	73	478	100	316	199.267
49	maps/rooms/8room_000.map	512	512	476	185	318	233	199.882
16	maps/rooms/8room_000.map	512	512	313	258	302	311	66.3848
49	maps/rooms/8room_000.map	512	512	308	75	239	203	199.125
48	maps/rooms/8room_000.map	512	512	375	66	268	186	195.953
48	maps/rooms/8room_000.map	512	512	399	344	248	309	195.296
47	maps/rooms/8room_000.map	512	512	438	260	347	135	191.196
47	maps/rooms/8room_000.map	512	512	446	221	443	381	190.882
47	maps/rooms/8room_000.map	512	512	292	32	375	148	190.782
47	maps/rooms/8room_000.map	512	512	82	500	120	370	191.439
32	maps/rooms/8room_000.map	512	512	217	100	290	23	130.669
47	maps/rooms/8room_000.map	512	512	22	436	173	498	191.368
46	maps/rooms/8room_000.map	512	512	471	181	331	233	187.054
46	maps/rooms/8room_000.map	512	512	418	405	267	463	187.468
24	maps/rooms/8room_000.map	512	512	428	76	431	148	96.3553
45	maps/rooms/8room_000.map	512	512	468	348	412	228	183.782
45	maps/rooms/8room_000.map	512	512	247	380	328	268	183.669
30	maps/rooms/8room_000.map	512	512	476	19	404	93	123.154
44	maps/rooms/8room_000.map	512	512	9	296	151	351	179.368
44	maps/rooms/8room_000.map	512	512	166	62	306	88	179.296
35	maps/rooms/8room_000.map	512	512	86	220	102	127	141.912
44	maps/rooms/8room_000.map	512	512	92	125	34	261	179.439
44	maps/rooms/8room_000.map	512	512	74	62	183	109	179.74
40	maps/rooms/8room_000.map	512	512	183	104	90	157	162.912
44	maps/rooms/8room_000.map	512	512	359	180	258	116	179.752
44	maps/rooms/8room_000.map	512	512	69	425	186	330	179.924
44	maps/rooms/8room_000.map	512	512	149	407	241	310	179.468
29	maps/rooms/8room_000.map	512	512	211	91	114	93	116.841
44	maps/rooms/8room_000.map	512	512	308	134	220	244	178.953
44	maps/rooms/8room_000.map	512	512	135	446	181	337	179.711
43	maps/rooms/8room_000.map	512	512	354	264	215	233	175.255
43	maps/rooms/8room_000.map	512	512	482	471	440	397	175.439
43	maps/rooms/8room_000.map	512	512	484	376	346	340	175.054
43	maps/rooms/8room_000.map	512	512	176	75	123	209	175.853
43	maps/rooms/8room_000.map	512	512	25	61	132	147	175.368
42	maps/rooms/8room_000.map	512	512	150	286	276	210	171.539
42	maps/rooms/8room_000.map	512	512	399	458	274	423	171.397
42	maps/rooms/8room_000.map	512	512	57	211	118	313	171.711
42	maps/rooms/8room_000.map	512	512	231	56	352	28	171.225
42	maps/rooms/8room_000.map	512	512	211	57	199	205	171.397
40	maps/rooms/8room_000.map	512	512	182	4	198	128	163.397
40	maps/rooms/8room_000.map	512	512	15	338	146	363	163.296
40	maps/rooms/8room_000.map	512	512	469	61	428	158	163.539
40	maps/rooms/8room_000.map	512	512	87	197	153	312	163.024
40	maps/rooms/8room_000.map	512	512	372	109	269	186	163.539
40	maps/rooms/8room_000.map	512	512	359	405	388	341	163.51
38	maps/rooms/8room_000.map	512	512	442	412	318	439	154.74
38	maps/rooms/8room_000.map	512	512	264	505	357	435	155.326
24	maps/rooms/8room_000.map	512	512	454	341	405	277	99.669
36	maps/rooms/8room_000.map	512	512	452	436	423	305	147.841
36	maps/rooms/8room_000.map	512	512	299	204	360	254	147.368
36	maps/rooms/8room_000.map	512	512	182	170	109	197	147.941
36	maps/rooms/8room_000.map	512	512	427	108	337	139	147.711
35	maps/rooms/8room_000.map	512	512	297	158	337	251	143.953
35	maps/rooms/8room_000.map	512	512	116	181	90	170	143.811
35	maps/rooms/8room_000.map	512	512	250	398	345	323	143.296
32	maps/rooms/8room_000.map	512	512	351	184	384	183	129.598
35	maps/rooms/8room_000.map	512	512	375	79	396	199	143.811
35	maps/rooms/8room_000.map	512	512	267	138	236	228	143.468
35	maps/rooms/8room_000.map	512	512	461	440	427	318	143.255
34	maps/rooms/8room_000.map	512	512	185	406	287	364	139.154
34	maps/rooms/8room_000.map	512	512	269	108	312	186	139.811
34	maps/rooms/8room_000.map	512	512	427	184	322	233	139.841
34	maps/rooms/8room_000.map	512	512	83	71	21	99	139.64
34	maps/rooms/8room_000.map	512	512	509	168	431	94	139.539
34	maps/rooms/8room_000.map	512	512	4	414	89	479	139.64
34	maps/rooms/8room_000.map	512	512	338	203	312	287	139.64
34	maps/rooms/8room_000.map	512	512	8	11	95	57	139.468
33	maps/rooms/8room_000.map	512	512	381	451	270	421	135.77
32	maps/rooms/8room_000.map	512	512	309	475	253	392	131.426
32	maps/rooms/8room_000.map	512	512	301	383	204	352	131.74
32	maps/rooms/8room_000.map	512	512	457	300	395	308	131.74
32	maps/rooms/8room_000.map	512	512	486	72	410	67	131.184
32	maps/rooms/8room_000.map	512	512	319	143	236	185	131.083
32	maps/rooms/8room_000.map	512	512	196	457	277	393	130.598
32	maps/rooms/8room_000.map	512	512	308	50	389	75	131.255
30	maps/rooms/8room_000.map	512	512	104	343	165	285	123.811
30	maps/rooms/8room_000.map	512	512	506	153	399	165	122.598
30	maps/rooms/8room_000.map	512	512	143	246	214	307	123.64
30	maps/rooms/8room_000.map	512	512	417	406	411	330	123.355
30	maps/rooms/8room_000.map	512	512	299	182	201	158	123.799
30	maps/rooms/8room_000.map	512	512	505	408	488	299	123.012
30	maps/rooms/8room_000.map	512	512	91	361	154	290	123.497
29	maps/rooms/8room_000.map	512	512	349	275	300	356	119.296
25	maps/rooms/8room_000.map	512	512	504	220	434	232	101.74
29	maps/rooms/8room_000.map	512	512	70	287	141	219	119.669
28	maps/rooms/8room_000.map	512	512	133	443	176	387	115.426
28	maps/rooms/8room_000.map	512	512	163	503	252	458	115.497
27	maps/rooms/8room_000.map	512	512	495	110	472	167	111.255
27	maps/rooms/8room_000.map	512	512	383	500	318	439	111.497
27	maps/rooms/8room_000.map	512	512	14	74	7	132	111.77
27	maps/rooms/8room_000.map	512	512	313	354	253	314	111.355
27	maps/rooms/8room_000.map	512	512	424	461	344	454	111.77
27	maps/rooms/8room_000.map	512	512	318	466	329	382	111.426
27	maps/rooms/8room_000.map	512	512	141	344	156	252	110.841
26	maps/rooms/8room_000.map	512	512	499	323	452	251	107.426
26	maps/rooms/8room_000.map	512	512	46	328	137	301	107.598
26	maps/rooms/8room_000.map	512	512	103	100	183	111	107.042
26	maps/rooms/8room_000.map	512	512	71	404	30	330	107.811
26	maps/rooms/8room_000.map	512	512	404	152	355	227	107.012
25	maps/rooms/8room_000.map	512	512	103	101	143	178	103.77
25	maps/rooms/8room_000.map	512	512	171	253	120	185	103.184
25	maps/rooms/8room_000.map	512	512	25	157	95	109	103.941
25	maps/rooms/8room_000.map	512	512	312	25	251	67	103.083
25	maps/rooms/8room_000.map	512	512	324	397	375	414	103.698
24	maps/rooms/8room_000.map	512	512	108	209	135	139	99.669
24	maps/rooms/8room_000.map	512	512	216	153	235	208	99.6396
24	maps/rooms/8room_000.map	512	512	57	278	117	227	99.669
23	maps/rooms/8room_000.map	512	512	306	296	324	233	95.9117
22	maps/rooms/8room_000.map	512	512	424	233	352	227	91.4558
22	maps/rooms/8room_000.map	512	512	248	402	229	328	91.5269
22	maps/rooms/8room_000.map	512	512	315	366	350	318	91.1838
22	maps/rooms/8room_000.map	512	512	188	215	260	235	91.598
22	maps/rooms/8room_000.map	512	512	400	306	395	357	90.669
21	maps/rooms/8room_000.map	512	512	494	273	457	206	86.669
21	maps/rooms/8room_000.map	512	512	114	283	179	312	87.6985
21	maps/rooms/8room_000.map	512	512	494	27	434	69	87.3553
21	maps/rooms/8room_000.map	512	512	8	462	26	386	87.1127
21	maps/rooms/8room_000.map	512	512	319	69	370	99	87.1838
16	maps/rooms/8room_000.map	512	512	322	452	299	487	64.3848
14	maps/rooms/8room_000.map	512	512	43	500	78	467	56.2843
21	maps/rooms/8room_000.map	512	512	9	425	72	398	87.0122
21	maps/rooms/8room_000.map	512	512	370	197	404	139	87.397
21	maps/rooms/8room_000.map	512	512	431	242	366	222	87.2843
21	maps/rooms/8room_000.map	512	512	134	420	153	492	87.1838
20	maps/rooms/8room_000.map	512	512	391	107	425	167	83.0122
20	maps/rooms/8room_000.map	512	512	361	6	406	53	82.8701
20	maps/rooms/8room_000.map	512	512	8	12	50	69	82.598
20	maps/rooms/8room_000.map	512	512	85	427	85	363	83.598
12	maps/rooms/8room_000.map	512	512	475	325	503	316	51.9706
20	maps/rooms/8room_000.map	512	512	403	262	390	217	83.598
20	maps/rooms/8room_000.map	512	512	437	46	389	79	83.1838
20	maps/rooms/8room_000.map	512	512	303	473	361	492	83.6274
19	maps/rooms/8room_000.map	512	512	221	484	250	439	79.2548
19	maps/rooms/8room_000.map	512	512	83	141	79	205	79.3553
19	maps/rooms/8room_000.map	512	512	230	47	202	88	79.4264
19	maps/rooms/8room_000.map	512	512	233	98	177	74	79.1127
19	maps/rooms/8room_000.map	512	512	188	243	133	277	79.0416
19	maps/rooms/8room_000.map	512	512	410	223	354	242	79.1838
19	maps/rooms/8room_000.map	512	512	183	300	244	308	79.6274
19	maps/rooms/8room_000.map	512	512	498	456	432	440	79.1127
18	maps/rooms/8room_000.map	512	512	311	293	257	316	75.3848
18	maps/rooms/8room_000.map	512	512	268	13	303	58	75.6985
18	maps/rooms/8room_000.map	512	512	40	274	41	214	75.5269
18	maps/rooms/8room_000.map	512	512	191	394	210	339	75.2132
18	maps/rooms/8room_000.map	512	512	375	434	312	434	75.5269
18	maps/rooms/8room_000.map	512	512	370	311	314	303	75.6985
18	maps/rooms/8room_000.map	512	512	505	437	453	436	75.1838
18	maps/rooms/8room_000.map	512	512	229	228	297	239	75.0416
18	maps/rooms/8room_000.map	512	512	70	172	94	235	75.2843
1	maps/rooms/8room_000.map	512	512	303	365	299	367	4.82843
17	maps/rooms/8room_000.map	512	512	318	421	255	410	71.2132
17	maps/rooms/8room_000.map	512	512	333	462	267	462	71.799
17	maps/rooms/8room_000.map	512	512	394	287	421	236	71.1127
17	maps/rooms/8room_000.map	512	512	115	299	166	264	71.3553
17	maps/rooms/8room_000.map	512	512	443	505	380	499	71.2843
17	maps/rooms/8room_000.map	512	512	188	381	139	340	71.8406
17	maps/rooms/8room_000.map	512	512	263	199	275	237	71.598
17	maps/rooms/8room_000.map	512	512	382	492	416	440	71.9411
16	maps/rooms/8room_000.map	512	512	280	220	228	233	67.7696
16	maps/rooms/8room_000.map	512	512	444	492	412	451	67.9706
16	maps/rooms/8room_000.map	512	512	260	302	289	264	67.6274
16	maps/rooms/8room_000.map	512	512	190	182	180	243	66.799
16	maps/rooms/8room_000.map	512	512	130	52	175	87	67.9411
16	maps/rooms/8room_000.map	512	512	253	123	287	164	67.6274
16	maps/rooms/8room_000.map	512	512	238	264	201	261	67.1127
15	maps/rooms/8room_000.map	512	512	429	441	482	455	63.2843
15	maps/rooms/8room_000.map	512	512	59	439	66	382	63.5563
15	maps/rooms/8room_000.map	512	512	205	323	227	362	63.6274
15	maps/rooms/8room_000.map	512	512	34	55	74	91	63.1127
15	maps/rooms/8room_000.map	512	512	486	290	451	250	63.2843
15	maps/rooms/8room_000.map	512	512	142	351	118	303	63.4558
14	maps/rooms/8room_000.map	512	512	383	332	366	283	59.2132
14	maps/rooms/8room_000.map	512	512	216	41	243	7	59.3848
14	maps/rooms/8room_000.map	512	512	375	508	359	462	59.799
14	maps/rooms/8room_000.map	512	512	500	174	467	160	59.6274
14	maps/rooms/8room_000.map	512	512	175	403	210	428	59.799
14	maps/rooms/8room_000.map	512	512	251	268	212	295	59.2132
13	maps/rooms/8room_000.map	512	512	358	193	399	165	55.5269
13	maps/rooms/8room_000.map	512	512	410	478	444	448	55.799
13	maps/rooms/8room_000.map	512	512	184	29	191	76	55.2132
13	maps/rooms/8room_000.map	512	512	239	292	201	274	55.598
13	maps/rooms/8room_000.map	512	512	223	403	178	387	55.8701
13	maps/rooms/8room_000.map	512	512	444	349	423	303	55.8701
13	maps/rooms/8room_000.map	512	512	484	430	492	438	55.3553
13	maps/rooms/8room_000.map	512	512	191	321	241	311	55.3137
13	maps/rooms/8room_000.map	512	512	509	451	463	446	55.0416
12	maps/rooms/8room_000.map	512	512	333	366	302	347	51.8995
12	maps/rooms/8room_000.map	512	512	184	198	151	222	51.1421
12	maps/rooms/8room_000.map	512	512	314	72	319	115	51.5563
12	maps/rooms/8room_000.map	512	512	115	156	125	190	51.9411
12	maps/rooms/8room_000.map	512	512	485	170	458	205	51.4558
12	maps/rooms/8room_000.map	512	512	444	212	434	188	51.4558
12	maps/rooms/8room_000.map	512	512	312	117	290	147	51.2132
12	maps/rooms/8room_000.map	512	512	61	246	104	261	51.2132
11	maps/rooms/8room_000.map	512	512	375	206	365	164	47.3137
11	maps/rooms/8room_000.map	512	512	377	313	341	292	47.6274
11	maps/rooms/8room_000.map	512	512	435	232	396	233	47.5563
11	maps/rooms/8room_000.map	512	512	147	203	178	228	47.2132
11	maps/rooms/8room_000.map	512	512	393	414	385	376	47.799
11	maps/rooms/8room_000.map	512	512	394	473	362	457	46.9706
11	maps/rooms/8room_000.map	512	512	154	330	192	318	47.4558
11	maps/rooms/8room_000.map	512	512	222	382	197	373	47.4558
6	maps/rooms/8room_000.map	512	512	63	171	61	185	26.7279
11	maps/rooms/8room_000.map	512	512	168	79	203	92	47.2132
11	maps/rooms/8room_000.map	512	512	21	262	59	249	47.3848
10	maps/rooms/8room_000.map	512	512	125	489	158	476	42.6274
10	maps/rooms/8room_000.map	512	512	67	281	34	297	43.7279
10	maps/rooms/8room_000.map	512	512	142	358	147	322	43.9706
10	maps/rooms/8room_000.map	512	512	288	79	323	92	42.7279
10	maps/rooms/8room_000.map	512	512	146	479	165	445	43.6274
10	maps/rooms/8room_000.map	512	512	110	364	95	328	43.3848
10	maps/rooms/8room_000.map	512	512	310	271	275	260	42.7279
10	maps/rooms/8room_000.map	512	512	242	484	230	453	42.799
10	maps/rooms/8room_000.map	512	512	491	153	471	174	43.1421
9	maps/rooms/8room_000.map	512	512	61	85	68	115	38.6569
9	maps/rooms/8room_000.map	512	512	116	98	147	96	39.4853
9	maps/rooms/8room_000.map	512	512	466	13	446	24	38.8995
9	maps/rooms/8room_000.map	512	512	345	86	364	102	39.9706
9	maps/rooms/8room_000.map	512	512	262	35	255	70	39.6569
9	maps/rooms/8room_000.map	512	512	354	426	385	414	39.4853
9	maps/rooms/8room_000.map	512	512	180	399	215	389	39.1421
9	maps/rooms/8room_000.map	512	512	356	214	356	243	38.6985
8	maps/rooms/8room_000.map	512	512	284	78	280	83	35.8284
8	maps/rooms/8room_000.map	512	512	132	53	109	55	35.3848
8	maps/rooms/8room_000.map	512	512	451	149	418	151	35.8284
8	maps/rooms/8room_000.map	512	512	45	444	60	422	35.2426
8	maps/rooms/8room_000.map	512	512	403	299	403	268	35.1421
8	maps/rooms/8room_000.map	512	512	186	85	207	104	35.2132
8	maps/rooms/8room_000.map	512	512	278	166	303	186	35.6274
8	maps/rooms/8room_000.map	512	512	29	144	23	174	35.799
8	maps/rooms/8room_000.map	512	512	86	351	91	318	35.6569
8	maps/rooms/8room_000.map	512	512	155	151	127	159	34.6274
7	maps/rooms/8room_000.map	512	512	8	207	29	207	31.0416
7	maps/rooms/8room_000.map	512	512	24	38	24	67	31.4853
7	maps/rooms/8room_000.map	512	512	494	399	471	408	31.799
7	maps/rooms/8room_000.map	512	512	173	24	191	41	31.4853
7	maps/rooms/8room_000.map	512	512	422	354	428	349	31.4853
7	maps/rooms/8room_000.map	512	512	375	455	355	438	31.1421
7	maps/rooms/8room_000.map	512	512	142	296	160	312	31.3137
6	maps/rooms/8room_000.map	512	512	286	77	287	83	27.2426
6	maps/rooms/8room_000.map	512	512	471	13	459	21	26.7279
6	maps/rooms/8room_000.map	512	512	275	444	270	421	27.0711
6	maps/rooms/8room_000.map	512	512	130	213	153	223	27.1421
6	maps/rooms/8room_000.map	512	512	103	72	115	92	27.3137
6	maps/rooms/8room_000.map	512	512	174	253	176	229	27.8995
6	maps/rooms/8room_000.map	512	512	330	115	316	130	27.2426
6	maps/rooms/8room_000.map	512	512	110	456	109	434	27.9706
6	maps/rooms/8room_000.map	512	512	307	457	281	456	27.8284
5	maps/rooms/8room_000.map	512	512	494	500	500	480	23.6569
5	maps/rooms/8room_000.map	512	512	426	391	442	403	23.3137
5	maps/rooms/8room_000.map	512	512	378	444	378	423	22.6569
5	maps/rooms/8room_000.map	512	512	178	164	197	175	23.5563
5	maps/rooms/8room_000.map	512	512	323	139	345	137	22.8284
5	maps/rooms/8room_000.map	512	512	203	205	201	183	23.6569
5	maps/rooms/8room_000.map	512	512	270	101	251	111	23.1421
5	maps/rooms/8room_000.map	512	512	142	366	154	350	23.3137
4	maps/rooms/8room_000.map	512	512	187	292	191	310	19.6569
4	maps/rooms/8room_000.map	512	512	100	427	108	414	19.8284
4	maps/rooms/8room_000.map	512	512	421	314	431	328	19.3137
4	maps/rooms/8room_000.map	512	512	474	367	457	360	19.8995
4	maps/rooms/8room_000.map	512	512	331	201	328	185	19.7279
4	maps/rooms/8room_000.map	512	512	413	148	402	163	19.5563
4	maps/rooms/8room_000.map	512	512	396	234	390	217	19.4853
4	maps/rooms/8room_000.map	512	512	125	295	131	279	19.6569
4	maps/rooms/8room_000.map	512	512	242	74	255	86	19.1421
3	maps/rooms/8room_000.map	512	512	452	98	446	109	15.2426
3	maps/rooms/8room_000.map	512	512	375	75	370	88	15.0711
3	maps/rooms/8room_000.map	512	512	479	292	469	282	15.3137
3	maps/rooms/8room_000.map	512	512	356	365	358	379	15.6569
3	maps/rooms/8room_000.map	512	512	143	137	131	144	15.4853
3	maps/rooms/8room_000.map	512	512	218	267	204	271	15.6569
3	maps/rooms/8room_000.map	512	512	349	68	346	82	15.2426
3	maps/rooms/8room_000.map	512	512	113	290	107	281	15
3	maps/rooms/8room_000.map	512	512	444	37	429	39	15.8284
2	maps/rooms/8room_000.map	512	512	301	479	293	471	11.3137
2	maps/rooms/8room_000.map	512	512	279	147	287	155	11.3137
2	maps/rooms/8room_000.map	512	512	244	375	244	364	11
2	maps/rooms/8room_000.map	512	512	139	313	149	309	11.6569
2	maps/rooms/8room_000.map	512	512	491	386	502	386	11
2	maps/rooms/8room_000.map	512	512	76	318	83	311	11.0711
2	maps/rooms/8room_000.map	512	512	84	268	88	277	10.6569
2	maps/rooms/8room_000.map	512	512	351	466	346	475	11.0711
2	maps/rooms/8room_000.map	512	512	246	164	254	172	11.3137
2	maps/rooms/8room_000.map	512	512	77	45	86	47	11.4853
1	maps/rooms/8room_000.map	512	512	290	230	289	236	7
1	maps/rooms/8room_000.map	512	512	216	483	220	489	7.65685
1	maps/rooms/8room_000.map	512	512	476	171	472	177	7.65685
1	maps/rooms/8room_000.map	512	512	61	30	54	31	7.41421
1	maps/rooms/8room_000.map	512	512	202	20	202	27	7
1	maps/rooms/8room_000.map	512	512	310	39	317	37	7.82843
1	maps/rooms/8room_000.map	512	512	412	471	415	477	7.24264
1	maps/rooms/8room_000.map	512	512	238	155	238	162	7
1	maps/rooms/8room_000.map	512	512	418	477	413	476	6.82843
0	maps/rooms/8room_000.map	512	512	415	429	412	430	3.41421
0	maps/rooms/8room_000.map	512	512	252	51	253	48	3.41421
0	maps/rooms/8room_000.map	512	512	303	298	301	296	2.82843
0	maps/rooms/8room_000.map	512	512	169	139	172	139	3
0	maps/rooms/8room_000.map	512	512	308	149	306	152	3.82843
0	maps/rooms/8room_000.map	512	512	29	318	31	321	3.82843
0	maps/rooms/8room_000.map	512	512	39	375	41	373	2.82843
0	maps/rooms/8room_000.map	512	512	178	198	179	201	3.41421
0	maps/rooms/8room_000.map	512	512	505	325	506	322	3.41421
0	maps/rooms/8room_000.map	512	512	175	493	172	492	3.41421
