version 1
127	maps/rooms/8room_042.map	512	512	366	30	84	322	511.931
76	maps/rooms/8room_042.map	512	512	38	255	210	354	307.551
49	maps/rooms/8room_042.map	512	512	222	87	351	12	197.782
127	maps/rooms/8room_042.map	512	512	137	436	207	38	510.96
49	maps/rooms/8room_042.map	512	512	298	349	203	261	196.054
110	maps/rooms/8room_042.map	512	512	327	261	45	169	443.764
127	maps/rooms/8room_042.map	512	512	327	21	448	403	511.274
105	maps/rooms/8room_042.map	512	512	477	348	148	459	420.392
127	maps/rooms/8room_042.map	512	512	135	51	127	407	510.801
85	maps/rooms/8room_042.map	512	512	486	76	266	178	340.635
122	maps/rooms/8room_042.map	512	512	500	500	121	443	490.978
33	maps/rooms/8room_042.map	512	512	312	377	403	383	135.326
107	maps/rooms/8room_042.map	512	512	245	259	12	19	431.09
97	maps/rooms/8room_042.map	512	512	234	311	358	61	390.492
70	maps/rooms/8room_042.map	512	512	317	395	138	249	280.279
127	maps/rooms/8room_042.map	512	512	423	89	91	303	511.73
71	maps/rooms/8room_042.map	512	512	391	354	328	138	286.279
42	maps/rooms/8room_042.map	512	512	111	156	182	175	171.74
98	maps/rooms/8room_042.map	512	512	341	436	107	277	393.534
67	maps/rooms/8room_042.map	512	512	185	444	339	505	268.581
80	maps/rooms/8room_042.map	512	512	387	10	259	184	321.38
83	maps/rooms/8room_042.map	512	512	259	182	507	264	332.593
107	maps/rooms/8room_042.map	512	512	96	212	319	30	428.463
127	maps/rooms/8room_042.map	512	512	4	463	99	125	511.09
41	maps/rooms/8room_042.map	512	512	450	195	366	261	166.912
127	maps/rooms/8room_042.map	512	512	69	191	421	6	511.09
127	maps/rooms/8room_042.map	512	512	338	411	66	183	511.505
69	maps/rooms/8room_042.map	512	512	155	200	287	56	276.25
17	maps/rooms/8room_042.map	512	512	126	118	115	157	68.5269
78	maps/rooms/8room_042.map	512	512	280	406	403	509	312.309
113	maps/rooms/8room_042.map	512	512	284	138	180	494	453.789
25	maps/rooms/8room_042.map	512	512	354	157	377	180	101.355
50	maps/rooms/8room_042.map	512	512	471	455	418	294	203.497
68	maps/rooms/8room_042.map	512	512	18	265	172	388	274.279
46	maps/rooms/8room_042.map	512	512	236	139	214	297	187.539
109	maps/rooms/8room_042.map	512	512	14	328	318	445	437.291
127	maps/rooms/8room_042.map	512	512	2	463	435	397	511.049
91	maps/rooms/8room_042.map	512	512	281	99	504	278	367.806
52	maps/rooms/8room_042.map	512	512	476	306	444	146	211.782
60	maps/rooms/8room_042.map	512	512	137	328	316	290	241.794
66	maps/rooms/8room_042.map	512	512	195	345	301	204	266.38
122	maps/rooms/8room_042.map	512	512	468	361	316	14	488.161
127	maps/rooms/8room_042.map	512	512	205	12	264	419	511.546
77	maps/rooms/8room_042.map	512	512	277	461	237	254	310.924
84	maps/rooms/8room_042.map	512	512	477	236	259	350	339.966
126	maps/rooms/8room_042.map	512	512	506	18	108	117	507.777
81	maps/rooms/8room_042.map	512	512	45	381	294	394	326.794
126	maps/rooms/8room_042.map	512	512	502	474	79	472	507.978
83	maps/rooms/8room_042.map	512	512	382	347	245	155	334.421
120	maps/rooms/8room_042.map	512	512	375	452	57	228	482.576
106	maps/rooms/8room_042.map	512	512	403	159	486	486	425.22
75	maps/rooms/8room_042.map	512	512	504	324	444	266	302.007
50	maps/rooms/8room_042.map	512	512	462	31	439	110	202.024
90	maps/rooms/8room_042.map	512	512	446	255	279	422	362.978
126	maps/rooms/8room_042.map	512	512	117	199	373	320	507.132
111	maps/rooms/8room_042.map	512	512	222	29	503	71	446.404
23	maps/rooms/8room_042.map	512	512	306	86	349	30	94.1127
29	maps/rooms/8room_042.map	512	512	121	492	129	391	116.841
113	maps/rooms/8room_042.map	512	512	346	133	3	99	455.818
56	maps/rooms/8room_042.map	512	512	283	447	455	441	227.539
88	maps/rooms/8room_042.map	512	512	100	251	252	466	355.551
126	maps/rooms/8room_042.map	512	512	470	425	72	418	507.492
84	maps/rooms/8room_042.map	512	512	226	40	76	214	336.735
59	maps/rooms/8room_042.map	512	512	197	440	282	261	236.652
113	maps/rooms/8room_042.map	512	512	425	234	168	491	453.889
75	maps/rooms/8room_042.map	512	512	110	246	101	88	301.61
59	maps/rooms/8room_042.map	512	512	458	198	371	45	239.924
59	maps/rooms/8room_042.map	512	512	88	468	89	278	236.924
123	maps/rooms/8room_042.map	512	512	510	102	350	454	494.919
63	maps/rooms/8room_042.map	512	512	425	12	312	153	253.054
26	maps/rooms/8room_042.map	512	512	170	184	189	132	106.598
72	maps/rooms/8room_042.map	512	512	399	9	220	99	289.551
15	maps/rooms/8room_042.map	512	512	259	196	301	164	63.3553
48	maps/rooms/8room_042.map	512	512	361	92	327	141	194.841
126	maps/rooms/8room_042.map	512	512	103	510	10	151	507.546
6	maps/rooms/8room_042.map	512	512	386	84	386	108	27.3137
102	maps/rooms/8room_042.map	512	512	341	505	199	249	409.563
53	maps/rooms/8room_042.map	512	512	366	461	403	508	213.64
93	maps/rooms/8room_042.map	512	512	165	258	46	34	373.049
126	maps/rooms/8room_042.map	512	512	360	11	148	346	507.233
31	maps/rooms/8room_042.map	512	512	171	476	70	491	126.669
126	maps/rooms/8room_042.map	512	512	460	24	126	218	507.345
55	maps/rooms/8room_042.map	512	512	56	22	150	163	220.581
126	maps/rooms/8room_042.map	512	512	124	104	138	488	507.789
98	maps/rooms/8room_042.map	512	512	491	132	165	123	393.877
126	maps/rooms/8room_042.map	512	512	421	253	36	146	507.505
30	maps/rooms/8room_042.map	512	512	260	214	281	315	120.811
23	maps/rooms/8room_042.map	512	512	90	405	148	409	92.1838
54	maps/rooms/8room_042.map	512	512	213	27	382	58	216.326
81	maps/rooms/8room_042.map	512	512	227	167	187	403	324.35
79	maps/rooms/8room_042.map	512	512	467	138	212	110	316.279
27	maps/rooms/8room_042.map	512	512	105	107	133	159	108.326
33	maps/rooms/8room_042.map	512	512	317	191	330	88	133.64
37	maps/rooms/8room_042.map	512	512	405	476	379	363	150.054
126	maps/rooms/8room_042.map	512	512	473	342	132	123	507.546
10	maps/rooms/8room_042.map	512	512	162	459	139	441	42.4558
125	maps/rooms/8room_042.map	512	512	405	90	97	301	503.902
70	maps/rooms/8room_042.map	512	512	181	345	331	479	283.037
125	maps/rooms/8room_042.map	512	512	10	91	363	198	502.86
54	maps/rooms/8room_042.map	512	512	89	310	146	476	219.61
17	maps/rooms/8room_042.map	512	512	424	279	425	344	69.5563
54	maps/rooms/8room_042.map	512	512	276	94	395	10	218.539
50	maps/rooms/8room_042.map	512	512	508	419	456	245	202.711
94	maps/rooms/8room_042.map	512	512	472	302	254	499	379.735
106	maps/rooms/8room_042.map	512	512	38	389	309	445	427.149
125	maps/rooms/8room_042.map	512	512	442	43	248	369	503.061
81	maps/rooms/8room_042.map	512	512	243	117	26	14	326.35
57	maps/rooms/8room_042.map	512	512	356	102	497	150	230.823
125	maps/rooms/8room_042.map	512	512	302	2	82	328	503.73
125	maps/rooms/8room_042.map	512	512	202	510	248	115	503.617
61	maps/rooms/8room_042.map	512	512	455	506	350	343	244.409
88	maps/rooms/8room_042.map	512	512	253	197	367	457	355.907
109	maps/rooms/8room_042.map	512	512	222	425	322	85	439.647
109	maps/rooms/8room_042.map	512	512	377	278	466	28	439.392
125	maps/rooms/8room_042.map	512	512	119	505	158	108	503.203
125	maps/rooms/8room_042.map	512	512	178	347	407	19	503.919
84	maps/rooms/8room_042.map	512	512	327	85	120	271	337.877
125	maps/rooms/8room_042.map	512	512	24	5	299	303	503.416
56	maps/rooms/8room_042.map	512	512	215	427	378	503	224.823
103	maps/rooms/8room_042.map	512	512	165	437	476	307	413.735
77	maps/rooms/8room_042.map	512	512	118	264	365	302	308.764
80	maps/rooms/8room_042.map	512	512	399	316	180	479	323.078
117	maps/rooms/8room_042.map	512	512	207	118	473	379	469.96
125	maps/rooms/8room_042.map	512	512	492	174	174	412	503.647
125	maps/rooms/8room_042.map	512	512	418	484	198	153	503.274
124	maps/rooms/8room_042.map	512	512	439	460	181	140	499.588
124	maps/rooms/8room_042.map	512	512	51	119	399	338	499.032
51	maps/rooms/8room_042.map	512	512	284	51	174	146	205.652
56	maps/rooms/8room_042.map	512	512	250	173	335	30	225.296
122	maps/rooms/8room_042.map	512	512	482	34	267	328	491.174
115	maps/rooms/8room_042.map	512	512	143	403	359	166	463.96
42	maps/rooms/8room_042.map	512	512	417	437	279	380	171.811
124	maps/rooms/8room_042.map	512	512	90	310	469	461	498.676
124	maps/rooms/8room_042.map	512	512	456	476	54	457	499.149
96	maps/rooms/8room_042.map	512	512	54	235	330	223	386.492
124	maps/rooms/8room_042.map	512	512	85	14	155	377	499.132
124	maps/rooms/8room_042.map	512	512	498	367	96	487	499.99
110	maps/rooms/8room_042.map	512	512	118	365	473	330	443.865
94	maps/rooms/8room_042.map	512	512	163	236	47	486	377.706
95	maps/rooms/8room_042.map	512	512	286	91	5	28	381.321
2	maps/rooms/8room_042.map	512	512	151	201	157	207	8.48528
38	maps/rooms/8room_042.map	512	512	159	173	163	40	154.397
63	maps/rooms/8room_042.map	512	512	477	184	357	318	252.066
58	maps/rooms/8room_042.map	512	512	149	349	15	223	235.823
124	maps/rooms/8room_042.map	512	512	77	11	244	354	499.002
66	maps/rooms/8room_042.map	512	512	365	250	405	440	265.764
43	maps/rooms/8room_042.map	512	512	21	414	87	447	173.125
124	maps/rooms/8room_042.map	512	512	135	376	362	56	499.576
93	maps/rooms/8room_042.map	512	512	294	270	27	379	374.149
67	maps/rooms/8room_042.map	512	512	207	267	93	99	268.208
79	maps/rooms/8room_042.map	512	512	243	84	392	284	318.321
47	maps/rooms/8room_042.map	512	512	259	103	105	123	191.74
113	maps/rooms/8room_042.map	512	512	307	95	390	447	454.161
48	maps/rooms/8room_042.map	512	512	329	475	398	339	194.296
124	maps/rooms/8room_042.map	512	512	458	34	104	143	499.191
72	maps/rooms/8room_042.map	512	512	202	227	18	165	291.966
92	maps/rooms/8room_042.map	512	512	232	483	189	206	368.25
5	maps/rooms/8room_042.map	512	512	201	429	203	410	21.4853
124	maps/rooms/8room_042.map	512	512	437	254	68	332	499.818
123	maps/rooms/8room_042.map	512	512	125	189	255	424	495.475
123	maps/rooms/8room_042.map	512	512	366	395	10	269	495.706
123	maps/rooms/8room_042.map	512	512	38	201	358	409	495.505
59	maps/rooms/8room_042.map	512	512	351	486	373	297	238.882
45	maps/rooms/8room_042.map	512	512	254	164	220	63	181.953
48	maps/rooms/8room_042.map	512	512	266	162	139	245	195.095
85	maps/rooms/8room_042.map	512	512	58	41	91	245	342.966
66	maps/rooms/8room_042.map	512	512	479	180	291	119	264.723
120	maps/rooms/8room_042.map	512	512	157	457	354	136	481.99
59	maps/rooms/8room_042.map	512	512	375	323	420	142	238.752
98	maps/rooms/8room_042.map	512	512	453	307	184	490	394.978
123	maps/rooms/8room_042.map	512	512	430	184	49	46	495.818
58	maps/rooms/8room_042.map	512	512	319	445	287	277	233.296
100	maps/rooms/8room_042.map	512	512	508	56	239	188	400.019
94	maps/rooms/8room_042.map	512	512	168	454	397	271	379.806
95	maps/rooms/8room_042.map	512	512	292	199	307	452	383.764
43	maps/rooms/8room_042.map	512	512	246	236	345	141	173.924
90	maps/rooms/8room_042.map	512	512	7	205	298	172	361.179
52	maps/rooms/8room_042.map	512	512	198	416	73	399	209.882
110	maps/rooms/8room_042.map	512	512	92	317	429	365	440.463
111	maps/rooms/8room_042.map	512	512	455	98	330	432	447.718
114	maps/rooms/8room_042.map	512	512	261	39	133	358	458.889
66	maps/rooms/8room_042.map	512	512	471	492	500	277	266.652
99	maps/rooms/8room_042.map	512	512	332	420	5	495	399.581
90	maps/rooms/8room_042.map	512	512	219	473	453	302	361.936
80	maps/rooms/8room_042.map	512	512	483	339	268	214	321.622
123	maps/rooms/8room_042.map	512	512	65	490	105	160	495.546
16	maps/rooms/8room_042.map	512	512	285	246	329	271	65.0416
122	maps/rooms/8room_042.map	512	512	478	459	388	60	491.676
45	maps/rooms/8room_042.map	512	512	298	332	432	301	183.267
55	maps/rooms/8room_042.map	512	512	173	242	181	402	223.882
123	maps/rooms/8room_042.map	512	512	53	30	415	6	495.747
90	maps/rooms/8room_042.map	512	512	381	190	410	476	363.049
51	maps/rooms/8room_042.map	512	512	13	364	98	235	206.995
22	maps/rooms/8room_042.map	512	512	426	88	369	94	90.3553
70	maps/rooms/8room_042.map	512	512	329	14	494	168	281.007
120	maps/rooms/8room_042.map	512	512	126	13	429	185	482.019
123	maps/rooms/8room_042.map	512	512	422	461	177	136	495.002
123	maps/rooms/8room_042.map	512	512	95	37	148	404	495.889
93	maps/rooms/8room_042.map	512	512	47	297	296	370	374.877
123	maps/rooms/8room_042.map	512	512	111	71	367	387	495.931
97	maps/rooms/8room_042.map	512	512	187	141	508	122	389.806
119	maps/rooms/8room_042.map	512	512	290	394	298	47	477.09
117	maps/rooms/8room_042.map	512	512	194	108	444	387	469.375
60	maps/rooms/8room_042.map	512	512	389	175	300	342	243.581
122	maps/rooms/8room_042.map	512	512	30	231	381	435	491.919
122	maps/rooms/8room_042.map	512	512	444	458	46	444	491.907
57	maps/rooms/8room_042.map	512	512	105	381	29	261	231.581
122	maps/rooms/8room_042.map	512	512	120	494	318	138	491.304
37	maps/rooms/8room_042.map	512	512	153	232	24	233	149.255
121	maps/rooms/8room_042.map	512	512	15	255	426	246	486.836
50	maps/rooms/8room_042.map	512	512	159	299	183	413	200.368
109	maps/rooms/8room_042.map	512	512	291	407	431	204	437.534
104	maps/rooms/8room_042.map	512	512	246	61	363	334	416.676
58	maps/rooms/8room_042.map	512	512	272	331	357	190	235.823
62	maps/rooms/8room_042.map	512	512	376	313	339	132	248.409
122	maps/rooms/8room_042.map	512	512	148	180	235	401	491.404
122	maps/rooms/8room_042.map	512	512	408	346	44	210	491.321
84	maps/rooms/8room_042.map	512	512	347	24	404	286	337.25
69	maps/rooms/8room_042.map	512	512	194	215	203	10	276.108
96	maps/rooms/8room_042.map	512	512	300	426	437	253	385.463
105	maps/rooms/8room_042.map	512	512	435	2	150	162	422.463
89	maps/rooms/8room_042.map	512	512	99	298	366	295	359.605
122	maps/rooms/8room_042.map	512	512	364	14	167	351	491.404
64	maps/rooms/8room_042.map	512	512	181	54	91	18	258.936
103	maps/rooms/8room_042.map	512	512	141	263	420	414	414.777
60	maps/rooms/8room_042.map	512	512	74	316	236	309	240.137
71	maps/rooms/8room_042.map	512	512	73	2	191	50	284.836
68	maps/rooms/8room_042.map	512	512	108	383	218	211	272.652
121	maps/rooms/8room_042.map	512	512	83	402	314	103	487.505
9	maps/rooms/8room_042.map	512	512	214	194	245	202	36.6569
121	maps/rooms/8room_042.map	512	512	77	163	437	203	487.747
119	maps/rooms/8room_042.map	512	512	101	396	478	372	478.161
121	maps/rooms/8room_042.map	512	512	241	147	483	456	487.132
121	maps/rooms/8room_042.map	512	512	206	6	405	338	486.688
101	maps/rooms/8room_042.map	512	512	324	162	99	361	404.434
121	maps/rooms/8room_042.map	512	512	296	9	130	343	487.546
14	maps/rooms/8room_042.map	512	512	342	214	343	163	58.0416
70	maps/rooms/8room_042.map	512	512	485	146	366	307	281.723
73	maps/rooms/8room_042.map	512	512	67	324	267	229	295.35
60	maps/rooms/8room_042.map	512	512	72	132	246	199	242.924
121	maps/rooms/8room_042.map	512	512	499	506	300	185	487.546
121	maps/rooms/8room_042.map	512	512	502	121	229	407	487.174
121	maps/rooms/8room_042.map	512	512	58	144	114	459	487.96
121	maps/rooms/8room_042.map	512	512	47	57	31	371	486.676
88	maps/rooms/8room_042.map	512	512	248	195	11	34	355.078
73	maps/rooms/8room_042.map	512	512	117	234	358	249	295.924
106	maps/rooms/8room_042.map	512	512	379	108	460	356	425.291
98	maps/rooms/8room_042.map	512	512	60	351	131	118	393.664
88	maps/rooms/8room_042.map	512	512	88	25	180	254	355.492
87	maps/rooms/8room_042.map	512	512	236	103	226	357	349.078
84	maps/rooms/8room_042.map	512	512	277	276	39	186	338.51
120	maps/rooms/8room_042.map	512	512	491	347	168	130	483.203
76	maps/rooms/8room_042.map	512	512	370	418	131	489	304.652
91	maps/rooms/8room_042.map	512	512	479	204	475	492	364.007
75	maps/rooms/8room_042.map	512	512	270	180	503	228	302.966
41	maps/rooms/8room_042.map	512	512	296	300	197	335	166.468
120	maps/rooms/8room_042.map	512	512	495	168	200	414	482.647
25	maps/rooms/8room_042.map	512	512	325	413	280	413	103.284
120	maps/rooms/8room_042.map	512	512	386	445	48	236	483.919
120	maps/rooms/8room_042.map	512	512	407	473	194	150	483.103
120	maps/rooms/8room_042.map	512	512	12	452	347	296	483.191
75	maps/rooms/8room_042.map	512	512	155	284	262	70	302.421
120	maps/rooms/8room_042.map	512	512	495	324	110	333	483.321
56	maps/rooms/8room_042.map	512	512	303	134	268	309	226.894
26	maps/rooms/8room_042.map	512	512	269	493	214	426	107.598
120	maps/rooms/8room_042.map	512	512	246	25	135	376	482.86
21	maps/rooms/8room_042.map	512	512	284	386	285	329	87.6985
51	maps/rooms/8room_042.map	512	512	274	310	213	442	207.024
56	maps/rooms/8room_042.map	512	512	215	157	323	77	226.409
25	maps/rooms/8room_042.map	512	512	459	412	488	488	100.497
110	maps/rooms/8room_042.map	512	512	315	150	420	457	442.333
68	maps/rooms/8room_042.map	512	512	275	366	199	170	273.137
73	maps/rooms/8room_042.map	512	512	424	71	457	317	294.581
119	maps/rooms/8room_042.map	512	512	466	29	170	220	479.375
118	maps/rooms/8room_042.map	512	512	149	363	270	5	475.86
108	maps/rooms/8room_042.map	512	512	285	171	364	503	435.777
80	maps/rooms/8room_042.map	512	512	222	60	263	301	323.706
119	maps/rooms/8room_042.map	512	512	308	78	335	447	479.789
54	maps/rooms/8room_042.map	512	512	147	251	266	383	219.652
119	maps/rooms/8room_042.map	512	512	472	297	99	244	479.463
75	maps/rooms/8room_042.map	512	512	284	108	477	232	301.936
93	maps/rooms/8room_042.map	512	512	118	50	211	323	374.877
119	maps/rooms/8room_042.map	512	512	445	251	142	436	478.777
95	maps/rooms/8room_042.map	512	512	398	58	462	358	380.836
43	maps/rooms/8room_042.map	512	512	90	334	158	409	174.782
71	maps/rooms/8room_042.map	512	512	86	355	274	471	284.894
115	maps/rooms/8room_042.map	512	512	173	129	284	484	461.061
65	maps/rooms/8room_042.map	512	512	221	290	344	207	260.208
109	maps/rooms/8room_042.map	512	512	265	475	445	199	438.049
45	maps/rooms/8room_042.map	512	512	286	203	309	318	180.024
99	maps/rooms/8room_042.map	512	512	155	310	454	326	398.421
103	maps/rooms/8room_042.map	512	512	73	116	79	375	415.434
105	maps/rooms/8room_042.map	512	512	22	317	354	370	422.806
119	maps/rooms/8room_042.map	512	512	14	406	93	102	479.434
119	maps/rooms/8room_042.map	512	512	118	287	399	26	479.304
114	maps/rooms/8room_042.map	512	512	243	347	216	2	458.818
47	maps/rooms/8room_042.map	512	512	365	493	356	335	191.326
38	maps/rooms/8room_042.map	512	512	205	182	124	87	154.125
119	maps/rooms/8room_042.map	512	512	292	494	247	114	479.434
119	maps/rooms/8room_042.map	512	512	138	510	178	137	479.818
64	maps/rooms/8room_042.map	512	512	38	487	183	336	258.752
41	maps/rooms/8room_042.map	512	512	279	31	217	126	165.267
68	maps/rooms/8room_042.map	512	512	205	326	383	263	273.652
118	maps/rooms/8room_042.map	512	512	67	70	100	378	475.09
118	maps/rooms/8room_042.map	512	512	234	321	487	86	475.203
94	maps/rooms/8room_042.map	512	512	18	391	310	378	377.007
79	maps/rooms/8room_042.map	512	512	161	235	46	436	319.179
39	maps/rooms/8room_042.map	512	512	493	116	442	195	157.095
72	maps/rooms/8room_042.map	512	512	104	250	142	475	288.723
118	maps/rooms/8room_042.map	512	512	108	501	178	137	475.747
65	maps/rooms/8room_042.map	512	512	346	9	137	25	261.61
9	maps/rooms/8room_042.map	512	512	478	360	487	334	38.6569
66	maps/rooms/8room_042.map	512	512	3	422	198	503	266.894
50	maps/rooms/8room_042.map	512	512	62	30	167	29	203.338
74	maps/rooms/8room_042.map	512	512	279	228	202	28	299.735
69	maps/rooms/8room_042.map	512	512	386	154	509	6	277.51
18	maps/rooms/8room_042.map	512	512	460	268	499	259	74.5269
77	maps/rooms/8room_042.map	512	512	121	253	70	479	310.037
48	maps/rooms/8room_042.map	512	512	42	495	31	339	194.782
73	maps/rooms/8room_042.map	512	512	300	203	116	61	293.279
55	maps/rooms/8room_042.map	512	512	217	495	120	374	220.267
118	maps/rooms/8room_042.map	512	512	91	56	331	338	475.688
118	maps/rooms/8room_042.map	512	512	77	402	215	112	475.605
112	maps/rooms/8room_042.map	512	512	354	107	227	306	448.392
61	maps/rooms/8room_042.map	512	512	472	329	293	389	244.882
52	maps/rooms/8room_042.map	512	512	124	212	147	117	211.037
54	maps/rooms/8room_042.map	512	512	467	106	341	178	219.238
68	maps/rooms/8room_042.map	512	512	62	206	244	120	274.995
118	maps/rooms/8room_042.map	512	512	98	11	447	104	475.061
78	maps/rooms/8room_042.map	512	512	168	165	6	238	312.137
2	maps/rooms/8room_042.map	512	512	463	244	458	237	9.07107
93	maps/rooms/8room_042.map	512	512	453	495	200	318	374.735
92	maps/rooms/8room_042.map	512	512	259	285	450	511	368.563
118	maps/rooms/8room_042.map	512	512	484	338	118	241	475.836
21	maps/rooms/8room_042.map	512	512	236	298	297	268	84.4558
33	maps/rooms/8room_042.map	512	512	318	130	296	28	133.355
116	maps/rooms/8room_042.map	512	512	146	467	434	281	465.262
107	maps/rooms/8room_042.map	512	512	246	380	511	184	429.534
67	maps/rooms/8room_042.map	512	512	184	489	355	355	270.037
102	maps/rooms/8room_042.map	512	512	221	231	427	487	410.534
78	maps/rooms/8room_042.map	512	512	206	91	179	307	313.108
25	maps/rooms/8room_042.map	512	512	470	483	422	441	102.184
46	maps/rooms/8room_042.map	512	512	110	50	74	198	184.912
84	maps/rooms/8room_042.map	512	512	200	333	75	178	336.593
118	maps/rooms/8room_042.map	512	512	141	414	314	79	475.546
58	maps/rooms/8room_042.map	512	512	258	297	248	498	233.811
87	maps/rooms/8room_042.map	512	512	35	303	24	147	349.978
102	maps/rooms/8room_042.map	512	512	475	146	182	281	409.907
43	maps/rooms/8room_042.map	512	512	474	344	437	483	174.953
118	maps/rooms/8room_042.map	512	512	344	72	268	425	475.191
106	maps/rooms/8room_042.map	512	512	263	146	316	465	426.291
45	maps/rooms/8room_042.map	512	512	476	307	483	452	182.711
117	maps/rooms/8room_042.map	512	512	38	427	100	131	471.161
117	maps/rooms/8room_042.map	512	512	300	427	167	103	471.86
117	maps/rooms/8room_042.map	512	512	12	467	200	177	471.948
67	maps/rooms/8room_042.map	512	512	340	202	420	397	268.865
77	maps/rooms/8room_042.map	512	512	10	62	247	3	310.35
97	maps/rooms/8room_042.map	512	512	131	61	428	23	390.907
117	maps/rooms/8room_042.map	512	512	309	8	181	330	471.362
87	maps/rooms/8room_042.map	512	512	252	109	349	358	348.534
111	maps/rooms/8room_042.map	512	512	51	126	331	311	447.233
68	maps/rooms/8room_042.map	512	512	436	387	287	254	273.865
41	maps/rooms/8room_042.map	512	512	284	226	223	132	164.882
109	maps/rooms/8room_042.map	512	512	151	435	409	218	436.12
21	maps/rooms/8room_042.map	512	512	239	180	186	223	87.9411
117	maps/rooms/8room_042.map	512	512	285	175	65	491	471.304
46	maps/rooms/8room_042.map	512	512	147	445	137	325	185.296
46	maps/rooms/8room_042.map	512	512	239	445	111	483	185.782
117	maps/rooms/8room_042.map	512	512	492	364	114	350	471.605
117	maps/rooms/8room_042.map	512	512	363	246	66	464	471.676
117	maps/rooms/8room_042.map	512	512	339	461	248	103	471.919
84	maps/rooms/8room_042.map	512	512	281	77	413	308	339.25
116	maps/rooms/8room_042.map	512	512	54	271	362	56	467.617
116	maps/rooms/8room_042.map	512	512	413	367	111	120	467.132
40	maps/rooms/8room_042.map	512	512	437	395	311	380	161.468
116	maps/rooms/8room_042.map	512	512	10	123	205	381	467.676
110	maps/rooms/8room_042.map	512	512	86	114	427	269	443.12
61	maps/rooms/8room_042.map	512	512	244	488	371	347	246.652
70	maps/rooms/8room_042.map	512	512	479	58	292	35	280.752
116	maps/rooms/8room_042.map	512	512	458	27	102	119	466.877
80	maps/rooms/8room_042.map	512	512	189	478	278	234	323.978
116	maps/rooms/8room_042.map	512	512	468	203	211	439	467.676
36	maps/rooms/8room_042.map	512	512	389	319	467	411	147.154
36	maps/rooms/8room_042.map	512	512	428	260	350	198	147.74
36	maps/rooms/8room_042.map	512	512	346	146	244	172	147.598
96	maps/rooms/8room_042.map	512	512	498	227	345	505	387.35
68	maps/rooms/8room_042.map	512	512	348	300	332	94	272.451
79	maps/rooms/8room_042.map	512	512	270	105	356	303	316.593
109	maps/rooms/8room_042.map	512	512	359	389	295	59	436.576
11	maps/rooms/8room_042.map	512	512	2	440	22	473	46.4558
57	maps/rooms/8room_042.map	512	512	381	454	344	271	228.368
107	maps/rooms/8room_042.map	512	512	180	29	489	50	429.321
116	maps/rooms/8room_042.map	512	512	424	396	145	126	467.032
50	maps/rooms/8room_042.map	512	512	456	88	473	5	200.368
116	maps/rooms/8room_042.map	512	512	103	159	270	404	467.505
106	maps/rooms/8room_042.map	512	512	67	178	380	116	424.563
98	maps/rooms/8room_042.map	512	512	20	76	333	125	392.291
115	maps/rooms/8room_042.map	512	512	207	25	167	380	463.132
105	maps/rooms/8room_042.map	512	512	424	66	343	395	423.463
109	maps/rooms/8room_042.map	512	512	5	56	267	284	437.99
105	maps/rooms/8room_042.map	512	512	92	278	329	211	422.191
53	maps/rooms/8room_042.map	512	512	185	306	54	282	212.196
2	maps/rooms/8room_042.map	512	512	310	73	313	66	8.24264
116	maps/rooms/8room_042.map	512	512	202	124	454	407	467.132
59	maps/rooms/8room_042.map	512	512	30	371	202	461	236.652
75	maps/rooms/8room_042.map	512	512	10	221	165	52	303.179
110	maps/rooms/8room_042.map	512	512	266	101	20	312	441.617
40	maps/rooms/8room_042.map	512	512	134	365	187	250	160.225
86	maps/rooms/8room_042.map	512	512	220	254	76	498	347.421
116	maps/rooms/8room_042.map	512	512	15	440	405	426	467.279
115	maps/rooms/8room_042.map	512	512	423	56	393	292	463.22
115	maps/rooms/8room_042.map	512	512	174	484	398	179	463.96
26	maps/rooms/8room_042.map	512	512	297	14	310	52	104.355
95	maps/rooms/8room_042.map	512	512	183	335	206	37	382.605
71	maps/rooms/8room_042.map	512	512	155	247	295	70	285.108
115	maps/rooms/8room_042.map	512	512	455	350	178	137	462.617
115	maps/rooms/8room_042.map	512	512	46	166	348	39	460.848
74	maps/rooms/8room_042.map	512	512	396	447	186	424	297.024
69	maps/rooms/8room_042.map	512	512	442	373	234	290	279.551
115	maps/rooms/8room_042.map	512	512	11	341	331	327	463.605
20	maps/rooms/8room_042.map	512	512	411	104	377	82	83.6985
44	maps/rooms/8room_042.map	512	512	201	331	274	440	179.539
22	maps/rooms/8room_042.map	512	512	461	424	404	469	91.9411
115	maps/rooms/8room_042.map	512	512	509	409	358	69	463.534
41	maps/rooms/8room_042.map	512	512	86	487	102	351	166.811
59	maps/rooms/8room_042.map	512	512	152	455	359	466	238.61
60	maps/rooms/8room_042.map	512	512	392	85	212	2	241.853
115	maps/rooms/8room_042.map	512	512	104	53	379	323	463.132
97	maps/rooms/8room_042.map	512	512	43	169	220	388	390.735
98	maps/rooms/8room_042.map	512	512	389	487	419	196	393.392
69	maps/rooms/8room_042.map	512	512	414	234	419	7	276.752
114	maps/rooms/8room_042.map	512	512	189	430	135	126	458.818
87	maps/rooms/8room_042.map	512	512	349	428	251	170	351.806
62	maps/rooms/8room_042.map	512	512	108	475	68	292	251.551
114	maps/rooms/8room_042.map	512	512	43	373	365	247	459.99
114	maps/rooms/8room_042.map	512	512	135	184	399	166	459.806
106	maps/rooms/8room_042.map	512	512	492	23	230	190	426.664
15	maps/rooms/8room_042.map	512	512	188	446	207	433	61.1127
69	maps/rooms/8room_042.map	512	512	462	386	279	237	276.936
102	maps/rooms/8room_042.map	512	512	64	238	359	389	411.907
56	maps/rooms/8room_042.map	512	512	458	301	371	470	226.267
111	maps/rooms/8room_042.map	512	512	138	57	155	291	447.132
86	maps/rooms/8room_042.map	512	512	418	165	162	251	345.38
66	maps/rooms/8room_042.map	512	512	162	446	189	226	264.238
86	maps/rooms/8room_042.map	512	512	185	232	439	139	347.35
114	maps/rooms/8room_042.map	512	512	486	279	164	133	458.919
60	maps/rooms/8room_042.map	512	512	267	339	268	150	240.309
90	maps/rooms/8room_042.map	512	512	405	440	247	196	361.948
114	maps/rooms/8room_042.map	512	512	82	452	445	318	459.049
114	maps/rooms/8room_042.map	512	512	102	490	280	156	459.848
114	maps/rooms/8room_042.map	512	512	404	217	97	378	459.019
40	maps/rooms/8room_042.map	512	512	132	311	171	242	161.255
114	maps/rooms/8room_042.map	512	512	450	477	210	181	459.789
113	maps/rooms/8room_042.map	512	512	493	27	149	127	455.12
113	maps/rooms/8room_042.map	512	512	91	141	454	185	455.392
96	maps/rooms/8room_042.map	512	512	153	493	425	329	386.392
110	maps/rooms/8room_042.map	512	512	502	68	185	198	443.676
113	maps/rooms/8room_042.map	512	512	433	422	186	147	454.96
105	maps/rooms/8room_042.map	512	512	107	285	123	3	421.22
29	maps/rooms/8room_042.map	512	512	223	170	158	141	116.569
113	maps/rooms/8room_042.map	512	512	441	291	456	29	455.434
113	maps/rooms/8room_042.map	512	512	331	6	64	186	455.635
53	maps/rooms/8room_042.map	512	512	327	308	388	151	215.338
113	maps/rooms/8room_042.map	512	512	487	28	216	208	455.735
68	maps/rooms/8room_042.map	512	512	307	223	250	12	272.409
97	maps/rooms/8room_042.map	512	512	323	164	90	340	389.777
58	maps/rooms/8room_042.map	512	512	203	10	271	189	235.167
84	maps/rooms/8room_042.map	512	512	239	393	410	190	336.492
48	maps/rooms/8room_042.map	512	512	234	8	234	151	194.681
112	maps/rooms/8room_042.map	512	512	59	348	407	348	451.563
93	maps/rooms/8room_042.map	512	512	50	8	315	75	374.291
112	maps/rooms/8room_042.map	512	512	10	77	320	252	451.032
39	maps/rooms/8room_042.map	512	512	165	398	136	293	159.154
26	maps/rooms/8room_042.map	512	512	204	344	194	247	107.77
58	maps/rooms/8room_042.map	512	512	172	243	24	178	232.882
112	maps/rooms/8room_042.map	512	512	487	394	201	171	451.576
86	maps/rooms/8room_042.map	512	512	50	264	121	26	346.179
112	maps/rooms/8room_042.map	512	512	38	178	346	335	451.593
103	maps/rooms/8room_042.map	512	512	445	382	372	58	412.747
41	maps/rooms/8room_042.map	512	512	116	71	75	205	167.953
23	maps/rooms/8room_042.map	512	512	195	31	198	94	94.0833
112	maps/rooms/8room_042.map	512	512	434	283	148	245	451.664
112	maps/rooms/8room_042.map	512	512	382	424	367	56	451.09
57	maps/rooms/8room_042.map	512	512	227	191	94	165	229.61
112	maps/rooms/8room_042.map	512	512	39	26	234	325	451.203
112	maps/rooms/8room_042.map	512	512	460	506	308	186	451.505
98	maps/rooms/8room_042.map	512	512	234	284	60	34	395.262
112	maps/rooms/8room_042.map	512	512	343	325	450	13	451.777
61	maps/rooms/8room_042.map	512	512	303	317	317	170	246.037
67	maps/rooms/8room_042.map	512	512	428	346	501	155	270.309
111	maps/rooms/8room_042.map	512	512	86	234	388	37	447.718
103	maps/rooms/8room_042.map	512	512	95	73	367	229	412.919
111	maps/rooms/8room_042.map	512	512	164	117	100	450	447.333
111	maps/rooms/8room_042.map	512	512	479	42	212	200	447.534
92	maps/rooms/8room_042.map	512	512	234	454	498	499	369.936
35	maps/rooms/8room_042.map	512	512	143	82	108	114	143.468
67	maps/rooms/8room_042.map	512	512	222	346	384	485	271.066
111	maps/rooms/8room_042.map	512	512	285	15	49	247	447.446
68	maps/rooms/8room_042.map	512	512	216	178	57	205	275.723
77	maps/rooms/8room_042.map	512	512	292	232	307	41	311.865
90	maps/rooms/8room_042.map	512	512	505	73	265	171	361.019
108	maps/rooms/8room_042.map	512	512	190	243	420	4	435.534
82	maps/rooms/8room_042.map	512	512	302	173	381	397	331.534
79	maps/rooms/8room_042.map	512	512	298	41	490	46	317.309
111	maps/rooms/8room_042.map	512	512	494	93	151	8	447.22
93	maps/rooms/8room_042.map	512	512	66	236	374	275	375.492
111	maps/rooms/8room_042.map	512	512	476	259	148	127	447.706
21	maps/rooms/8room_042.map	512	512	330	414	309	351	84.6274
82	maps/rooms/8room_042.map	512	512	309	339	95	301	328.492
65	maps/rooms/8room_042.map	512	512	234	413	55	357	261.995
110	maps/rooms/8room_042.map	512	512	88	329	424	422	443.049
50	maps/rooms/8room_042.map	512	512	201	270	360	247	200.125
53	maps/rooms/8room_042.map	512	512	456	504	447	342	214.296
81	maps/rooms/8room_042.map	512	512	426	35	489	285	327.693
54	maps/rooms/8room_042.map	512	512	316	327	255	169	218.924
97	maps/rooms/8room_042.map	512	512	12	341	277	266	390.434
49	maps/rooms/8room_042.map	512	512	275	269	374	399	196.196
70	maps/rooms/8room_042.map	512	512	189	285	215	70	283.451
110	maps/rooms/8room_042.map	512	512	205	117	12	394	442.718
51	maps/rooms/8room_042.map	512	512	116	451	14	327	205.581
110	maps/rooms/8room_042.map	512	512	394	88	92	180	443.463
61	maps/rooms/8room_042.map	512	512	269	376	251	173	246.681
109	maps/rooms/8room_042.map	512	512	456	12	473	339	439.664
109	maps/rooms/8room_042.map	512	512	446	135	101	230	439.12
102	maps/rooms/8room_042.map	512	512	103	122	341	350	411.848
87	maps/rooms/8room_042.map	512	512	244	258	89	37	349.321
58	maps/rooms/8room_042.map	512	512	76	283	91	451	232.095
108	maps/rooms/8room_042.map	512	512	105	280	359	56	435.505
108	maps/rooms/8room_042.map	512	512	483	300	171	251	435.149
69	maps/rooms/8room_042.map	512	512	315	443	149	314	279.752
49	maps/rooms/8room_042.map	512	512	318	68	162	116	198.995
87	maps/rooms/8room_042.map	512	512	452	3	372	270	351.309
0	maps/rooms/8room_042.map	512	512	89	341	90	338	3.41421
22	maps/rooms/8room_042.map	512	512	149	267	212	287	88.0122
108	maps/rooms/8room_042.map	512	512	120	102	263	415	435.99
53	maps/rooms/8room_042.map	512	512	486	153	332	204	212.296
74	maps/rooms/8room_042.map	512	512	101	378	61	189	296.279
81	maps/rooms/8room_042.map	512	512	406	23	155	18	325.338
73	maps/rooms/8room_042.map	512	512	301	295	509	390	294.522
48	maps/rooms/8room_042.map	512	512	309	229	423	157	192.024
108	maps/rooms/8room_042.map	512	512	6	195	350	329	435.764
41	maps/rooms/8room_042.map	512	512	34	355	25	486	167.296
24	maps/rooms/8room_042.map	512	512	23	501	93	476	96.4975
47	maps/rooms/8room_042.map	512	512	245	238	159	121	189.51
48	maps/rooms/8room_042.map	512	512	207	435	205	289	192.51
105	maps/rooms/8room_042.map	512	512	189	404	7	170	422.191
81	maps/rooms/8room_042.map	512	512	317	440	90	502	327.108
37	maps/rooms/8room_042.map	512	512	307	326	221	406	150.811
49	maps/rooms/8room_042.map	512	512	374	181	455	267	196.296
108	maps/rooms/8room_042.map	512	512	171	212	450	13	434.919
79	maps/rooms/8room_042.map	512	512	296	284	45	282	317.752
100	maps/rooms/8room_042.map	512	512	8	471	335	364	402.007
90	maps/rooms/8room_042.map	512	512	102	381	253	150	363.078
108	maps/rooms/8room_042.map	512	512	333	27	182	338	435.706
72	maps/rooms/8room_042.map	512	512	488	138	269	164	289.25
63	maps/rooms/8room_042.map	512	512	166	68	174	255	255.936
68	maps/rooms/8room_042.map	512	512	278	229	119	332	272.108
48	maps/rooms/8room_042.map	512	512	232	296	260	421	195.125
97	maps/rooms/8room_042.map	512	512	482	28	332	216	388.936
108	maps/rooms/8room_042.map	512	512	363	504	386	128	435.836
108	maps/rooms/8room_042.map	512	512	468	190	270	456	435.22
71	maps/rooms/8room_042.map	512	512	354	452	136	395	287.953
78	maps/rooms/8room_042.map	512	512	420	287	251	119	312.078
39	maps/rooms/8room_042.map	512	512	157	387	191	265	158.811
36	maps/rooms/8room_042.map	512	512	139	345	170	469	146.497
56	maps/rooms/8room_042.map	512	512	341	237	440	85	225.267
107	maps/rooms/8room_042.map	512	512	174	450	309	149	431.362
53	maps/rooms/8room_042.map	512	512	189	266	318	196	213.024
62	maps/rooms/8room_042.map	512	512	471	175	363	317	251.723
107	maps/rooms/8room_042.map	512	512	121	37	372	269	431.09
66	maps/rooms/8room_042.map	512	512	454	134	276	36	265.238
107	maps/rooms/8room_042.map	512	512	82	456	435	338	431.149
45	maps/rooms/8room_042.map	512	512	348	479	207	429	183.267
8	maps/rooms/8room_042.map	512	512	22	452	21	485	35.0711
44	maps/rooms/8room_042.map	512	512	322	435	187	472	179.74
82	maps/rooms/8room_042.map	512	512	350	355	466	130	329.049
53	maps/rooms/8room_042.map	512	512	274	248	325	374	214.581
54	maps/rooms/8room_042.map	512	512	36	126	170	131	216.983
65	maps/rooms/8room_042.map	512	512	473	86	509	121	260.865
107	maps/rooms/8room_042.map	512	512	502	205	249	367	431.676
102	maps/rooms/8room_042.map	512	512	504	74	297	324	411.132
60	maps/rooms/8room_042.map	512	512	133	7	270	142	242.309
56	maps/rooms/8room_042.map	512	512	221	121	79	183	224.125
107	maps/rooms/8room_042.map	512	512	510	495	168	450	431.007
95	maps/rooms/8room_042.map	512	512	493	462	423	156	382.25
102	maps/rooms/8room_042.map	512	512	363	421	462	118	408.818
107	maps/rooms/8room_042.map	512	512	100	36	164	354	431.161
25	maps/rooms/8room_042.map	512	512	307	378	218	389	103.941
57	maps/rooms/8room_042.map	512	512	42	348	184	486	231.38
67	maps/rooms/8room_042.map	512	512	294	103	206	296	271.551
14	maps/rooms/8room_042.map	512	512	391	162	414	189	57.5563
19	maps/rooms/8room_042.map	512	512	211	319	164	350	78.7696
95	maps/rooms/8room_042.map	512	512	50	472	27	287	383.563
54	maps/rooms/8room_042.map	512	512	62	246	101	406	219.167
53	maps/rooms/8room_042.map	512	512	348	308	206	319	214.539
69	maps/rooms/8room_042.map	512	512	246	148	86	222	279.338
97	maps/rooms/8room_042.map	512	512	149	405	392	254	391.321
41	maps/rooms/8room_042.map	512	512	18	171	71	268	164.125
98	maps/rooms/8room_042.map	512	512	469	424	149	389	395.693
106	maps/rooms/8room_042.map	512	512	136	506	359	247	427.404
106	maps/rooms/8room_042.map	512	512	142	15	371	245	427.333
106	maps/rooms/8room_042.map	512	512	27	210	322	55	427.463
106	maps/rooms/8room_042.map	512	512	44	3	265	264	427.061
61	maps/rooms/8room_042.map	512	512	18	182	119	44	244.924
105	maps/rooms/8room_042.map	512	512	58	234	399	168	423.049
105	maps/rooms/8room_042.map	512	512	477	454	125	358	423.078
105	maps/rooms/8room_042.map	512	512	457	117	140	55	422.605
38	maps/rooms/8room_042.map	512	512	287	445	185	413	152.368
51	maps/rooms/8room_042.map	512	512	214	169	114	150	204.439
51	maps/rooms/8room_042.map	512	512	256	372	110	374	205.397
104	maps/rooms/8room_042.map	512	512	442	116	154	250	419.22
104	maps/rooms/8room_042.map	512	512	72	72	366	265	419.919
57	maps/rooms/8room_042.map	512	512	121	139	39	286	229.652
104	maps/rooms/8room_042.map	512	512	491	407	134	489	419.652
93	maps/rooms/8room_042.map	512	512	29	316	239	133	374.262
92	maps/rooms/8room_042.map	512	512	43	162	95	423	368.764
104	maps/rooms/8room_042.map	512	512	93	303	102	15	418.664
58	maps/rooms/8room_042.map	512	512	236	56	185	163	232.652
104	maps/rooms/8room_042.map	512	512	180	266	471	457	419.948
82	maps/rooms/8room_042.map	512	512	121	314	253	290	329.622
93	maps/rooms/8room_042.map	512	512	495	329	230	207	374.948
104	maps/rooms/8room_042.map	512	512	399	108	181	330	419.362
13	maps/rooms/8room_042.map	512	512	167	280	213	263	54.2132
104	maps/rooms/8room_042.map	512	512	435	411	204	160	419.404
104	maps/rooms/8room_042.map	512	512	159	36	318	319	419.404
73	maps/rooms/8room_042.map	512	512	438	251	205	270	294.167
60	maps/rooms/8room_042.map	512	512	13	22	154	151	242.752
47	maps/rooms/8room_042.map	512	512	143	437	27	324	190.924
67	maps/rooms/8room_042.map	512	512	105	307	226	159	271.108
89	maps/rooms/8room_042.map	512	512	489	292	248	331	358.007
61	maps/rooms/8room_042.map	512	512	268	242	126	109	244.723
104	maps/rooms/8room_042.map	512	512	196	121	94	417	419.563
30	maps/rooms/8room_042.map	512	512	373	102	377	31	122.397
33	maps/rooms/8room_042.map	512	512	166	466	143	367	135.941
103	maps/rooms/8room_042.map	512	512	298	62	84	316	415.546
48	maps/rooms/8room_042.map	512	512	94	235	242	282	192.154
103	maps/rooms/8room_042.map	512	512	487	31	184	122	414.735
103	maps/rooms/8room_042.map	512	512	309	345	174	80	415.505
97	maps/rooms/8room_042.map	512	512	40	451	373	443	389.551
66	maps/rooms/8room_042.map	512	512	3	202	75	380	265.966
53	maps/rooms/8room_042.map	512	512	125	19	71	189	214.853
103	maps/rooms/8room_042.map	512	512	78	511	154	222	412.605
30	maps/rooms/8room_042.map	512	512	427	381	367	454	121.669
47	maps/rooms/8room_042.map	512	512	82	274	185	306	191.066
85	maps/rooms/8room_042.map	512	512	333	413	276	162	343.321
50	maps/rooms/8room_042.map	512	512	466	101	387	2	200.995
32	maps/rooms/8room_042.map	512	512	450	198	351	202	131.284
103	maps/rooms/8room_042.map	512	512	419	57	202	14	415.279
94	maps/rooms/8room_042.map	512	512	225	432	201	120	378.149
76	maps/rooms/8room_042.map	512	512	346	291	297	75	304.279
102	maps/rooms/8room_042.map	512	512	26	77	297	250	411.789
102	maps/rooms/8room_042.map	512	512	348	395	168	130	411.576
102	maps/rooms/8room_042.map	512	512	107	503	196	182	411.563
56	maps/rooms/8room_042.map	512	512	181	203	328	85	225.894
84	maps/rooms/8room_042.map	512	512	307	461	260	202	339.238
101	maps/rooms/8room_042.map	512	512	190	338	433	207	407.019
81	maps/rooms/8room_042.map	512	512	427	222	285	408	325.078
59	maps/rooms/8room_042.map	512	512	328	429	143	438	237.64
62	maps/rooms/8room_042.map	512	512	104	127	235	255	249.894
81	maps/rooms/8room_042.map	512	512	430	292	254	116	324.149
101	maps/rooms/8room_042.map	512	512	53	266	387	197	407.635
99	maps/rooms/8room_042.map	512	512	310	303	125	133	399.434
101	maps/rooms/8room_042.map	512	512	492	206	158	129	407.978
101	maps/rooms/8room_042.map	512	512	510	137	167	130	407.463
80	maps/rooms/8room_042.map	512	512	259	204	28	284	322.522
91	maps/rooms/8room_042.map	512	512	191	298	251	21	366.563
54	maps/rooms/8room_042.map	512	512	215	105	361	195	216.167
101	maps/rooms/8room_042.map	512	512	301	202	309	476	407.806
101	maps/rooms/8room_042.map	512	512	163	190	242	376	407.676
32	maps/rooms/8room_042.map	512	512	60	75	94	152	129.669
87	maps/rooms/8room_042.map	512	512	94	374	115	185	348.492
101	maps/rooms/8room_042.map	512	512	446	79	371	241	407.25
101	maps/rooms/8room_042.map	512	512	58	337	330	138	407.818
58	maps/rooms/8room_042.map	512	512	201	340	201	509	233.752
101	maps/rooms/8room_042.map	512	512	92	113	42	367	407.563
21	maps/rooms/8room_042.map	512	512	50	136	119	119	86.669
82	maps/rooms/8room_042.map	512	512	312	250	109	378	331.35
100	maps/rooms/8room_042.map	512	512	57	52	233	314	403.99
100	maps/rooms/8room_042.map	512	512	396	8	320	319	403.392
100	maps/rooms/8room_042.map	512	512	297	229	143	185	403.806
100	maps/rooms/8room_042.map	512	512	503	207	188	136	403.563
100	maps/rooms/8room_042.map	512	512	101	407	281	155	403.22
100	maps/rooms/8room_042.map	512	512	223	3	223	313	403.706
86	maps/rooms/8room_042.map	512	512	305	212	504	95	345.12
100	maps/rooms/8room_042.map	512	512	41	248	385	198	403.907
63	maps/rooms/8room_042.map	512	512	72	377	10	286	254.723
32	maps/rooms/8room_042.map	512	512	249	185	197	108	130.841
100	maps/rooms/8room_042.map	512	512	203	191	413	431	403.948
99	maps/rooms/8room_042.map	512	512	110	454	197	144	399.877
99	maps/rooms/8room_042.map	512	512	233	472	298	154	399.149
54	maps/rooms/8room_042.map	512	512	2	137	140	54	219.61
99	maps/rooms/8room_042.map	512	512	296	430	383	157	398.735
99	maps/rooms/8room_042.map	512	512	90	22	212	297	399.291
65	maps/rooms/8room_042.map	512	512	184	331	271	482	260.125
53	maps/rooms/8room_042.map	512	512	15	157	76	29	215.853
99	maps/rooms/8room_042.map	512	512	204	242	390	37	399.25
99	maps/rooms/8room_042.map	512	512	382	60	147	261	399.463
69	maps/rooms/8room_042.map	512	512	147	166	366	135	276.167
87	maps/rooms/8room_042.map	512	512	331	231	181	62	349.392
41	maps/rooms/8room_042.map	512	512	100	254	107	377	164.468
99	maps/rooms/8room_042.map	512	512	495	150	380	433	399.463
24	maps/rooms/8room_042.map	512	512	55	74	115	119	96.9828
98	maps/rooms/8room_042.map	512	512	110	62	343	292	395.777
69	maps/rooms/8room_042.map	512	512	41	344	234	265	279.664
98	maps/rooms/8room_042.map	512	512	133	283	222	9	395.434
97	maps/rooms/8room_042.map	512	512	446	56	371	252	391.693
62	maps/rooms/8room_042.map	512	512	244	397	70	420	251.61
96	maps/rooms/8room_042.map	512	512	473	293	196	463	387.978
89	maps/rooms/8room_042.map	512	512	59	456	310	419	357.279
33	maps/rooms/8room_042.map	512	512	35	158	124	101	132.811
96	maps/rooms/8room_042.map	512	512	53	466	217	208	387.321
93	maps/rooms/8room_042.map	512	512	134	311	399	218	372.978
94	maps/rooms/8room_042.map	512	512	93	281	326	118	378.333
96	maps/rooms/8room_042.map	512	512	310	506	210	219	387.877
29	maps/rooms/8room_042.map	512	512	355	140	431	132	116.811
96	maps/rooms/8room_042.map	512	512	182	467	290	182	387.09
85	maps/rooms/8room_042.map	512	512	221	332	415	202	343.421
58	maps/rooms/8room_042.map	512	512	218	205	359	297	233.652
56	maps/rooms/8room_042.map	512	512	142	88	265	103	227.238
96	maps/rooms/8room_042.map	512	512	397	9	200	214	387.22
96	maps/rooms/8room_042.map	512	512	457	235	280	485	387.392
83	maps/rooms/8room_042.map	512	512	198	391	453	301	332.238
92	maps/rooms/8room_042.map	512	512	19	413	9	182	370.907
15	maps/rooms/8room_042.map	512	512	202	279	214	326	61.8701
95	maps/rooms/8room_042.map	512	512	348	501	263	220	383.907
50	maps/rooms/8room_042.map	512	512	460	277	377	231	203.167
67	maps/rooms/8room_042.map	512	512	266	348	81	295	271.622
95	maps/rooms/8room_042.map	512	512	499	327	231	194	383.049
72	maps/rooms/8room_042.map	512	512	114	461	296	322	288.622
95	maps/rooms/8room_042.map	512	512	190	389	88	201	383.321
95	maps/rooms/8room_042.map	512	512	3	410	320	451	383.723
63	maps/rooms/8room_042.map	512	512	188	200	411	207	252.368
63	maps/rooms/8room_042.map	512	512	189	311	215	103	254.309
27	maps/rooms/8room_042.map	512	512	472	363	444	286	109.042
30	maps/rooms/8room_042.map	512	512	191	260	156	319	121.841
66	maps/rooms/8room_042.map	512	512	493	108	319	87	267.936
49	maps/rooms/8room_042.map	512	512	378	265	474	137	199.238
94	maps/rooms/8room_042.map	512	512	152	462	271	174	379.149
94	maps/rooms/8room_042.map	512	512	437	68	223	11	379.551
94	maps/rooms/8room_042.map	512	512	146	237	439	323	379.936
94	maps/rooms/8room_042.map	512	512	488	389	251	212	378.877
92	maps/rooms/8room_042.map	512	512	323	427	201	177	371.22
64	maps/rooms/8room_042.map	512	512	387	373	201	456	258.439
92	maps/rooms/8room_042.map	512	512	285	151	479	344	371.149
91	maps/rooms/8room_042.map	512	512	374	279	73	249	366.907
92	maps/rooms/8room_042.map	512	512	441	456	386	148	371.149
92	maps/rooms/8room_042.map	512	512	18	151	99	385	371.049
92	maps/rooms/8room_042.map	512	512	503	252	216	208	371.593
65	maps/rooms/8room_042.map	512	512	235	61	425	2	260.924
91	maps/rooms/8room_042.map	512	512	328	88	270	387	367.25
30	maps/rooms/8room_042.map	512	512	200	137	186	170	121.426
87	maps/rooms/8room_042.map	512	512	105	180	173	354	349.664
91	maps/rooms/8room_042.map	512	512	362	383	398	81	367.321
91	maps/rooms/8room_042.map	512	512	408	25	181	211	366.706
39	maps/rooms/8room_042.map	512	512	93	78	207	134	159.983
91	maps/rooms/8room_042.map	512	512	422	231	116	252	367.794
79	maps/rooms/8room_042.map	512	512	174	314	2	468	317.581
91	maps/rooms/8room_042.map	512	512	363	410	201	167	367.191
84	maps/rooms/8room_042.map	512	512	166	10	21	174	338.664
91	maps/rooms/8room_042.map	512	512	74	423	72	200	367.007
78	maps/rooms/8room_042.map	512	512	327	97	480	289	314.179
37	maps/rooms/8room_042.map	512	512	163	254	170	366	148.841
78	maps/rooms/8room_042.map	512	512	283	108	78	247	315.848
82	maps/rooms/8room_042.map	512	512	85	248	117	507	329.936
90	maps/rooms/8room_042.map	512	512	355	506	461	220	363.865
45	maps/rooms/8room_042.map	512	512	169	340	38	335	181.095
65	maps/rooms/8room_042.map	512	512	200	175	24	132	261.167
85	maps/rooms/8room_042.map	512	512	426	217	276	6	340.664
90	maps/rooms/8room_042.map	512	512	447	251	456	18	363.037
90	maps/rooms/8room_042.map	512	512	182	181	358	248	362.907
89	maps/rooms/8room_042.map	512	512	426	504	202	375	359.108
51	maps/rooms/8room_042.map	512	512	163	284	126	411	207.581
89	maps/rooms/8room_042.map	512	512	332	44	163	246	358.664
89	maps/rooms/8room_042.map	512	512	85	479	322	318	359.806
89	maps/rooms/8room_042.map	512	512	188	231	460	138	358.664
44	maps/rooms/8room_042.map	512	512	90	343	174	390	178.924
47	maps/rooms/8room_042.map	512	512	259	244	252	327	189.882
48	maps/rooms/8room_042.map	512	512	356	60	195	85	194.024
89	maps/rooms/8room_042.map	512	512	408	78	250	282	359.907
89	maps/rooms/8room_042.map	512	512	29	9	249	202	359.291
45	maps/rooms/8room_042.map	512	512	370	131	246	73	180.953
65	maps/rooms/8room_042.map	512	512	351	203	264	347	261.995
89	maps/rooms/8room_042.map	512	512	456	353	175	376	359.279
88	maps/rooms/8room_042.map	512	512	26	354	284	421	352.38
72	maps/rooms/8room_042.map	512	512	181	151	8	92	289.664
88	maps/rooms/8room_042.map	512	512	479	421	326	183	355.735
88	maps/rooms/8room_042.map	512	512	438	430	250	207	354.706
88	maps/rooms/8room_042.map	512	512	324	447	129	264	355.522
38	maps/rooms/8room_042.map	512	512	135	375	196	475	153.811
88	maps/rooms/8room_042.map	512	512	179	18	376	223	355.463
88	maps/rooms/8room_042.map	512	512	88	293	317	123	355.676
39	maps/rooms/8room_042.map	512	512	472	419	380	359	157.882
87	maps/rooms/8room_042.map	512	512	98	443	235	194	351.522
52	maps/rooms/8room_042.map	512	512	502	374	363	471	211.64
86	maps/rooms/8room_042.map	512	512	327	275	418	3	347.451
59	maps/rooms/8room_042.map	512	512	228	217	267	405	239.953
67	maps/rooms/8room_042.map	512	512	350	198	169	285	270.451
52	maps/rooms/8room_042.map	512	512	373	194	286	54	211.652
80	maps/rooms/8room_042.map	512	512	221	149	409	38	322.137
86	maps/rooms/8room_042.map	512	512	220	58	202	337	347.735
86	maps/rooms/8room_042.map	512	512	296	486	259	207	346.794
86	maps/rooms/8room_042.map	512	512	425	249	220	400	347.664
52	maps/rooms/8room_042.map	512	512	324	452	148	422	209.154
83	maps/rooms/8room_042.map	512	512	88	325	110	111	333.179
86	maps/rooms/8room_042.map	512	512	354	203	164	354	346.806
85	maps/rooms/8room_042.map	512	512	90	315	164	106	343.191
85	maps/rooms/8room_042.map	512	512	121	126	392	122	343.451
79	maps/rooms/8room_042.map	512	512	269	76	98	246	316.563
85	maps/rooms/8room_042.map	512	512	149	254	381	407	343.836
26	maps/rooms/8room_042.map	512	512	106	371	180	350	104.941
57	maps/rooms/8room_042.map	512	512	362	243	501	335	229.409
85	maps/rooms/8room_042.map	512	512	57	109	330	57	343.492
85	maps/rooms/8room_042.map	512	512	140	132	249	364	343.635
80	maps/rooms/8room_042.map	512	512	235	477	42	302	320.735
83	maps/rooms/8room_042.map	512	512	125	134	351	196	335.037
83	maps/rooms/8room_042.map	512	512	391	335	406	54	335.037
83	maps/rooms/8room_042.map	512	512	156	511	212	246	335.836
20	maps/rooms/8room_042.map	512	512	246	15	214	73	83.3553
83	maps/rooms/8room_042.map	512	512	292	184	437	399	335.321
38	maps/rooms/8room_042.map	512	512	219	407	310	340	152.995
83	maps/rooms/8room_042.map	512	512	441	496	271	278	334.593
83	maps/rooms/8room_042.map	512	512	361	454	258	216	335.007
71	maps/rooms/8room_042.map	512	512	139	44	322	60	286.421
81	maps/rooms/8room_042.map	512	512	452	410	509	196	324.622
82	maps/rooms/8room_042.map	512	512	382	20	388	279	331.451
82	maps/rooms/8room_042.map	512	512	101	488	216	236	331.108
77	maps/rooms/8room_042.map	512	512	101	69	347	128	309.451
82	maps/rooms/8room_042.map	512	512	510	429	422	152	331.309
82	maps/rooms/8room_042.map	512	512	322	386	301	157	331.321
81	maps/rooms/8room_042.map	512	512	422	56	276	27	326.823
66	maps/rooms/8room_042.map	512	512	183	157	62	212	267.179
80	maps/rooms/8room_042.map	512	512	427	281	198	153	323.25
80	maps/rooms/8room_042.map	512	512	123	506	304	326	323.978
46	maps/rooms/8room_042.map	512	512	233	511	105	466	185.225
28	maps/rooms/8room_042.map	512	512	388	340	456	399	112.154
79	maps/rooms/8room_042.map	512	512	99	98	225	307	319.149
79	maps/rooms/8room_042.map	512	512	214	499	415	372	319.037
78	maps/rooms/8room_042.map	512	512	318	383	200	173	315.279
78	maps/rooms/8room_042.map	512	512	173	234	340	56	315.007
52	maps/rooms/8room_042.map	512	512	258	443	205	282	209.338
63	maps/rooms/8room_042.map	512	512	10	423	114	253	255.581
60	maps/rooms/8room_042.map	512	512	180	381	382	419	240.51
78	maps/rooms/8room_042.map	512	512	311	12	217	201	315.652
78	maps/rooms/8room_042.map	512	512	118	11	216	242	315.936
19	maps/rooms/8room_042.map	512	512	286	349	244	397	77.3553
77	maps/rooms/8room_042.map	512	512	430	93	188	22	311.551
77	maps/rooms/8room_042.map	512	512	184	122	324	329	311.936
77	maps/rooms/8room_042.map	512	512	328	167	309	373	311.693
77	maps/rooms/8room_042.map	512	512	35	328	239	194	311.078
71	maps/rooms/8room_042.map	512	512	178	4	52	167	284.037
38	maps/rooms/8room_042.map	512	512	364	95	370	154	155.083
76	maps/rooms/8room_042.map	512	512	294	477	371	256	307.078
76	maps/rooms/8room_042.map	512	512	482	137	233	142	307.279
76	maps/rooms/8room_042.map	512	512	134	111	182	335	307.421
76	maps/rooms/8room_042.map	512	512	252	119	167	351	307.007
34	maps/rooms/8room_042.map	512	512	294	111	306	42	139.326
76	maps/rooms/8room_042.map	512	512	260	460	271	198	307.309
76	maps/rooms/8room_042.map	512	512	502	6	388	222	307.362
76	maps/rooms/8room_042.map	512	512	439	279	263	409	307.723
75	maps/rooms/8room_042.map	512	512	308	358	201	172	303.108
44	maps/rooms/8room_042.map	512	512	194	84	123	117	177.882
75	maps/rooms/8room_042.map	512	512	124	110	181	321	303.664
75	maps/rooms/8room_042.map	512	512	23	314	221	203	303.978
22	maps/rooms/8room_042.map	512	512	380	319	431	277	91.1838
75	maps/rooms/8room_042.map	512	512	7	443	155	251	302.593
74	maps/rooms/8room_042.map	512	512	405	282	168	251	299.966
74	maps/rooms/8room_042.map	512	512	396	422	376	174	299.279
74	maps/rooms/8room_042.map	512	512	468	107	261	191	299.693
57	maps/rooms/8room_042.map	512	512	244	85	410	46	228.338
74	maps/rooms/8room_042.map	512	512	468	418	490	188	299.723
74	maps/rooms/8room_042.map	512	512	323	261	84	244	299.823
74	maps/rooms/8room_042.map	512	512	395	231	228	61	299.25
74	maps/rooms/8room_042.map	512	512	88	509	71	270	299.38
70	maps/rooms/8room_042.map	512	512	252	169	461	236	282.066
26	maps/rooms/8room_042.map	512	512	86	253	15	277	104.698
73	maps/rooms/8room_042.map	512	512	185	392	200	176	295.794
73	maps/rooms/8room_042.map	512	512	150	466	375	354	295.693
73	maps/rooms/8room_042.map	512	512	266	28	259	259	295.865
5	maps/rooms/8room_042.map	512	512	227	266	243	266	21.0711
40	maps/rooms/8room_042.map	512	512	234	394	103	348	163.083
55	maps/rooms/8room_042.map	512	512	82	158	190	199	223.167
22	maps/rooms/8room_042.map	512	512	82	222	63	165	91.8406
73	maps/rooms/8room_042.map	512	512	343	411	377	175	295.279
72	maps/rooms/8room_042.map	512	512	367	115	162	245	291.108
72	maps/rooms/8room_042.map	512	512	459	36	308	134	291.024
72	maps/rooms/8room_042.map	512	512	181	186	316	58	291.208
72	maps/rooms/8room_042.map	512	512	134	37	258	217	290.593
43	maps/rooms/8room_042.map	512	512	502	504	396	417	175.853
71	maps/rooms/8room_042.map	512	512	508	140	299	34	287.551
61	maps/rooms/8room_042.map	512	512	361	309	219	162	245.066
71	maps/rooms/8room_042.map	512	512	398	174	222	287	287.309
41	maps/rooms/8room_042.map	512	512	296	178	162	127	164.74
71	maps/rooms/8room_042.map	512	512	362	393	177	250	287.38
70	maps/rooms/8room_042.map	512	512	153	82	202	292	283.492
70	maps/rooms/8room_042.map	512	512	345	126	122	222	283.836
70	maps/rooms/8room_042.map	512	512	174	439	348	303	283.137
32	maps/rooms/8room_042.map	512	512	332	307	431	348	128.326
65	maps/rooms/8room_042.map	512	512	358	166	178	250	263.924
49	maps/rooms/8room_042.map	512	512	142	322	210	421	197.711
65	maps/rooms/8room_042.map	512	512	159	440	324	316	263.409
51	maps/rooms/8room_042.map	512	512	204	498	303	506	205.468
38	maps/rooms/8room_042.map	512	512	406	410	347	475	152.569
31	maps/rooms/8room_042.map	512	512	188	508	271	489	127.012
64	maps/rooms/8room_042.map	512	512	139	138	300	37	259.522
64	maps/rooms/8room_042.map	512	512	487	431	284	379	259.953
55	maps/rooms/8room_042.map	512	512	66	492	45	315	222.61
64	maps/rooms/8room_042.map	512	512	102	440	211	262	259.836
64	maps/rooms/8room_042.map	512	512	69	382	241	286	259.137
64	maps/rooms/8room_042.map	512	512	9	88	162	131	258.693
64	maps/rooms/8room_042.map	512	512	45	84	70	251	259.238
64	maps/rooms/8room_042.map	512	512	88	189	231	195	259.409
63	maps/rooms/8room_042.map	512	512	142	51	338	25	255.924
45	maps/rooms/8room_042.map	512	512	411	346	393	494	181.539
63	maps/rooms/8room_042.map	512	512	126	404	54	227	255.208
63	maps/rooms/8room_042.map	512	512	114	417	51	238	255.966
62	maps/rooms/8room_042.map	512	512	298	149	406	310	251.167
30	maps/rooms/8room_042.map	512	512	259	294	275	402	122.042
62	maps/rooms/8room_042.map	512	512	213	378	197	196	250.652
62	maps/rooms/8room_042.map	512	512	105	86	266	223	251.865
62	maps/rooms/8room_042.map	512	512	463	82	277	12	251.48
62	maps/rooms/8room_042.map	512	512	382	315	214	187	251.48
61	maps/rooms/8room_042.map	512	512	453	141	294	37	246.924
61	maps/rooms/8room_042.map	512	512	67	218	216	137	247.439
11	maps/rooms/8room_042.map	512	512	407	51	410	11	46.3137
52	maps/rooms/8room_042.map	512	512	119	474	108	309	211.238
60	maps/rooms/8room_042.map	512	512	441	6	261	77	243.409
59	maps/rooms/8room_042.map	512	512	452	141	260	133	239.095
37	maps/rooms/8room_042.map	512	512	114	134	163	56	151.953
57	maps/rooms/8room_042.map	512	512	344	270	263	425	231.296
40	maps/rooms/8room_042.map	512	512	254	131	265	25	163.024
57	maps/rooms/8room_042.map	512	512	143	355	266	222	231.338
55	maps/rooms/8room_042.map	512	512	169	63	210	228	223.723
55	maps/rooms/8room_042.map	512	512	488	325	423	145	223.61
30	maps/rooms/8room_042.map	512	512	389	424	307	441	120.355
16	maps/rooms/8room_042.map	512	512	127	444	90	410	67.4264
55	maps/rooms/8room_042.map	512	512	219	414	397	423	223.752
55	maps/rooms/8room_042.map	512	512	45	55	214	135	223.652
55	maps/rooms/8room_042.map	512	512	358	489	314	315	223.338
52	maps/rooms/8room_042.map	512	512	494	55	359	56	211.782
15	maps/rooms/8room_042.map	512	512	358	63	391	27	63.1838
52	maps/rooms/8room_042.map	512	512	511	159	342	134	211.581
51	maps/rooms/8room_042.map	512	512	421	167	296	75	207.409
51	maps/rooms/8room_042.map	512	512	7	125	158	127	207.912
28	maps/rooms/8room_042.map	512	512	185	278	146	300	112.941
40	maps/rooms/8room_042.map	512	512	425	324	315	395	163.569
50	maps/rooms/8room_042.map	512	512	90	58	204	164	203.823
49	maps/rooms/8room_042.map	512	512	222	173	104	153	199.782
49	maps/rooms/8room_042.map	512	512	82	300	207	205	199.581
49	maps/rooms/8room_042.map	512	512	13	51	33	197	199.296
47	maps/rooms/8room_042.map	512	512	271	395	343	277	191.397
47	maps/rooms/8room_042.map	512	512	379	204	301	329	191.267
47	maps/rooms/8room_042.map	512	512	182	229	326	252	191.953
47	maps/rooms/8room_042.map	512	512	35	342	156	250	191.309
46	maps/rooms/8room_042.map	512	512	70	19	95	166	187.539
46	maps/rooms/8room_042.map	512	512	29	233	116	344	187.681
46	maps/rooms/8room_042.map	512	512	266	412	347	296	187.326
46	maps/rooms/8room_042.map	512	512	250	151	376	230	187.853
46	maps/rooms/8room_042.map	512	512	390	182	257	131	187.054
34	maps/rooms/8room_042.map	512	512	347	366	275	276	136.225
45	maps/rooms/8room_042.map	512	512	85	158	72	253	182.853
45	maps/rooms/8room_042.map	512	512	72	355	37	234	183.095
44	maps/rooms/8room_042.map	512	512	280	343	214	244	179.225
44	maps/rooms/8room_042.map	512	512	31	337	146	264	179.338
44	maps/rooms/8room_042.map	512	512	246	342	110	349	179.225
42	maps/rooms/8room_042.map	512	512	377	366	239	395	169.225
44	maps/rooms/8room_042.map	512	512	126	181	76	63	179.74
44	maps/rooms/8room_042.map	512	512	68	293	191	234	179.095
44	maps/rooms/8room_042.map	512	512	154	287	196	151	178.61
35	maps/rooms/8room_042.map	512	512	208	405	270	310	141.811
43	maps/rooms/8room_042.map	512	512	228	391	210	259	175.196
43	maps/rooms/8room_042.map	512	512	173	399	312	380	175.983
43	maps/rooms/8room_042.map	512	512	153	372	216	239	174.711
43	maps/rooms/8room_042.map	512	512	436	303	376	186	174.681
43	maps/rooms/8room_042.map	512	512	124	15	180	136	175.811
42	maps/rooms/8room_042.map	512	512	71	404	187	458	171.196
42	maps/rooms/8room_042.map	512	512	121	166	201	200	171.823
42	maps/rooms/8room_042.map	512	512	100	383	200	300	171.711
42	maps/rooms/8room_042.map	512	512	224	363	147	483	171.368
42	maps/rooms/8room_042.map	512	512	233	375	108	368	171.012
42	maps/rooms/8room_042.map	512	512	233	266	351	235	171.125
42	maps/rooms/8room_042.map	512	512	508	226	383	199	171.782
40	maps/rooms/8room_042.map	512	512	38	312	149	350	163.024
40	maps/rooms/8room_042.map	512	512	420	314	317	250	163.953
40	maps/rooms/8room_042.map	512	512	269	93	266	223	163.125
40	maps/rooms/8room_042.map	512	512	278	138	134	125	163.811
39	maps/rooms/8room_042.map	512	512	184	221	218	303	159.296
39	maps/rooms/8room_042.map	512	512	284	50	376	151	159.61
39	maps/rooms/8room_042.map	512	512	370	221	264	149	159.882
39	maps/rooms/8room_042.map	512	512	442	474	478	344	159.882
39	maps/rooms/8room_042.map	512	512	117	434	182	325	159.598
38	maps/rooms/8room_042.map	512	512	381	345	272	278	155.64
38	maps/rooms/8room_042.map	512	512	262	117	276	239	155.539
38	maps/rooms/8room_042.map	512	512	278	174	406	191	155.326
35	maps/rooms/8room_042.map	512	512	410	388	460	490	140.426
37	maps/rooms/8room_042.map	512	512	45	207	126	265	151.669
37	maps/rooms/8room_042.map	512	512	387	374	393	284	151.296
37	maps/rooms/8room_042.map	512	512	100	106	9	22	150.64
37	maps/rooms/8room_042.map	512	512	174	150	266	228	151.054
37	maps/rooms/8room_042.map	512	512	40	101	104	107	151.581
36	maps/rooms/8room_042.map	512	512	181	166	200	172	147.468
36	maps/rooms/8room_042.map	512	512	483	283	382	348	147.983
36	maps/rooms/8room_042.map	512	512	377	333	267	276	147.326
36	maps/rooms/8room_042.map	512	512	57	279	103	326	146.983
36	maps/rooms/8room_042.map	512	512	286	105	263	207	147.368
36	maps/rooms/8room_042.map	512	512	409	423	326	331	146.882
35	maps/rooms/8room_042.map	512	512	460	502	385	423	143.841
35	maps/rooms/8room_042.map	512	512	115	134	154	54	143.953
35	maps/rooms/8room_042.map	512	512	211	6	247	112	143.74
35	maps/rooms/8room_042.map	512	512	297	92	199	34	143.054
35	maps/rooms/8room_042.map	512	512	101	109	200	171	143.225
35	maps/rooms/8room_042.map	512	512	301	218	212	246	143.225
35	maps/rooms/8room_042.map	512	512	100	269	55	206	143.255
34	maps/rooms/8room_042.map	512	512	99	122	39	211	139.912
34	maps/rooms/8room_042.map	512	512	347	494	268	431	139.296
21	maps/rooms/8room_042.map	512	512	248	194	184	221	84.799
34	maps/rooms/8room_042.map	512	512	504	469	393	422	139.983
34	maps/rooms/8room_042.map	512	512	444	147	339	137	139.711
34	maps/rooms/8room_042.map	512	512	22	327	110	284	138.782
34	maps/rooms/8room_042.map	512	512	138	85	188	149	138.61
34	maps/rooms/8room_042.map	512	512	284	479	257	372	139.64
34	maps/rooms/8room_042.map	512	512	250	140	371	141	139.255
33	maps/rooms/8room_042.map	512	512	282	301	239	194	135.296
33	maps/rooms/8room_042.map	512	512	166	13	252	87	135.882
33	maps/rooms/8room_042.map	512	512	460	462	418	375	135.426
33	maps/rooms/8room_042.map	512	512	93	317	169	282	135.953
33	maps/rooms/8room_042.map	512	512	81	188	36	117	135.397
32	maps/rooms/8room_042.map	512	512	245	294	348	328	131.569
7	maps/rooms/8room_042.map	512	512	196	345	188	324	31.6274
32	maps/rooms/8room_042.map	512	512	444	173	355	235	131.083
32	maps/rooms/8room_042.map	512	512	355	424	319	326	131.054
22	maps/rooms/8room_042.map	512	512	140	363	204	320	88.2548
32	maps/rooms/8room_042.map	512	512	434	377	392	277	131.882
32	maps/rooms/8room_042.map	512	512	348	41	306	138	131.184
32	maps/rooms/8room_042.map	512	512	165	493	80	472	131.74
31	maps/rooms/8room_042.map	512	512	456	38	384	36	127.355
31	maps/rooms/8room_042.map	512	512	175	69	240	11	127.669
17	maps/rooms/8room_042.map	512	512	217	371	228	340	71.3553
31	maps/rooms/8room_042.map	512	512	309	346	268	275	127.841
31	maps/rooms/8room_042.map	512	512	239	393	207	294	127.912
31	maps/rooms/8room_042.map	512	512	124	451	167	349	126.841
31	maps/rooms/8room_042.map	512	512	66	420	122	335	127.77
31	maps/rooms/8room_042.map	512	512	76	498	117	397	127.983
31	maps/rooms/8room_042.map	512	512	326	169	271	233	127.125
30	maps/rooms/8room_042.map	512	512	504	40	418	3	123.912
30	maps/rooms/8room_042.map	512	512	4	478	23	386	123.225
30	maps/rooms/8room_042.map	512	512	156	318	123	347	123.497
29	maps/rooms/8room_042.map	512	512	227	252	322	253	118.669
27	maps/rooms/8room_042.map	512	512	495	292	495	359	111.627
29	maps/rooms/8room_042.map	512	512	239	367	331	380	119.527
29	maps/rooms/8room_042.map	512	512	324	355	237	378	119.113
29	maps/rooms/8room_042.map	512	512	234	156	261	248	119.669
29	maps/rooms/8room_042.map	512	512	255	5	339	46	119.284
29	maps/rooms/8room_042.map	512	512	350	140	258	190	119.397
29	maps/rooms/8room_042.map	512	512	178	406	102	409	119.669
28	maps/rooms/8room_042.map	512	512	495	74	447	148	115.882
28	maps/rooms/8room_042.map	512	512	206	462	249	375	115.497
28	maps/rooms/8room_042.map	512	512	47	52	133	50	115.983
28	maps/rooms/8room_042.map	512	512	234	217	202	164	115.326
28	maps/rooms/8room_042.map	512	512	291	493	267	411	115.598
20	maps/rooms/8room_042.map	512	512	229	13	294	6	80.8701
28	maps/rooms/8room_042.map	512	512	365	364	289	302	115.74
28	maps/rooms/8room_042.map	512	512	377	467	328	384	115.74
28	maps/rooms/8room_042.map	512	512	260	122	326	185	115.811
27	maps/rooms/8room_042.map	512	512	393	142	370	236	111.77
27	maps/rooms/8room_042.map	512	512	44	268	65	206	111.083
27	maps/rooms/8room_042.map	512	512	39	3	116	38	111.255
27	maps/rooms/8room_042.map	512	512	147	441	245	455	111.113
27	maps/rooms/8room_042.map	512	512	301	486	263	415	110.598
27	maps/rooms/8room_042.map	512	512	137	206	103	134	111.113
27	maps/rooms/8room_042.map	512	512	359	61	276	92	111.355
26	maps/rooms/8room_042.map	512	512	108	43	148	127	107.598
26	maps/rooms/8room_042.map	512	512	467	347	406	349	107.669
26	maps/rooms/8room_042.map	512	512	420	460	422	379	106.941
26	maps/rooms/8room_042.map	512	512	187	248	278	283	107.841
25	maps/rooms/8room_042.map	512	512	212	51	202	122	103.569
25	maps/rooms/8room_042.map	512	512	428	266	387	229	102.77
25	maps/rooms/8room_042.map	512	512	70	319	99	257	103.083
25	maps/rooms/8room_042.map	512	512	116	313	148	371	102.912
25	maps/rooms/8room_042.map	512	512	164	154	230	195	103.184
24	maps/rooms/8room_042.map	512	512	421	96	371	146	99.4975
24	maps/rooms/8room_042.map	512	512	181	348	182	396	98.9411
24	maps/rooms/8room_042.map	512	512	151	317	201	282	99.3259
24	maps/rooms/8room_042.map	512	512	390	504	376	416	99.1127
10	maps/rooms/8room_042.map	512	512	487	279	457	291	40.9706
4	maps/rooms/8room_042.map	512	512	13	215	8	199	18.0711
24	maps/rooms/8room_042.map	512	512	250	455	291	386	99.4975
24	maps/rooms/8room_042.map	512	512	482	106	430	174	98.9117
24	maps/rooms/8room_042.map	512	512	35	500	102	446	99.5685
24	maps/rooms/8room_042.map	512	512	509	106	441	94	99.4975
23	maps/rooms/8room_042.map	512	512	126	17	127	102	95.3553
23	maps/rooms/8room_042.map	512	512	457	333	406	282	95.2548
23	maps/rooms/8room_042.map	512	512	394	160	319	141	95.2548
23	maps/rooms/8room_042.map	512	512	169	158	252	134	95.2843
23	maps/rooms/8room_042.map	512	512	221	90	200	155	95.8406
23	maps/rooms/8room_042.map	512	512	76	281	140	245	95.3553
23	maps/rooms/8room_042.map	512	512	90	221	104	139	95.4558
22	maps/rooms/8room_042.map	512	512	360	283	303	250	91.0122
22	maps/rooms/8room_042.map	512	512	4	393	55	345	90.9411
12	maps/rooms/8room_042.map	512	512	220	316	235	276	50.3137
22	maps/rooms/8room_042.map	512	512	263	473	335	447	90.6274
22	maps/rooms/8room_042.map	512	512	249	500	267	430	91.1127
21	maps/rooms/8room_042.map	512	512	450	275	434	342	87.7696
21	maps/rooms/8room_042.map	512	512	291	194	313	117	87.2843
21	maps/rooms/8room_042.map	512	512	96	149	62	206	87.8112
21	maps/rooms/8room_042.map	512	512	428	494	434	421	87.6274
20	maps/rooms/8room_042.map	512	512	56	456	95	408	83.3848
20	maps/rooms/8room_042.map	512	512	246	446	270	382	83.9411
20	maps/rooms/8room_042.map	512	512	127	457	148	390	83.2132
20	maps/rooms/8room_042.map	512	512	269	63	317	57	83.598
20	maps/rooms/8room_042.map	512	512	243	405	270	349	83.4264
20	maps/rooms/8room_042.map	512	512	85	220	38	211	83.0122
20	maps/rooms/8room_042.map	512	512	6	460	23	386	83.6274
19	maps/rooms/8room_042.map	512	512	42	139	89	121	79.2843
19	maps/rooms/8room_042.map	512	512	186	266	139	275	78.669
19	maps/rooms/8room_042.map	512	512	484	499	485	462	79.2548
19	maps/rooms/8room_042.map	512	512	390	472	387	405	79.6985
19	maps/rooms/8room_042.map	512	512	69	131	132	123	78.6985
19	maps/rooms/8room_042.map	512	512	107	68	144	127	79.0122
19	maps/rooms/8room_042.map	512	512	511	494	464	443	79.8406
19	maps/rooms/8room_042.map	512	512	398	109	376	178	79.2843
18	maps/rooms/8room_042.map	512	512	133	379	177	376	75.0416
18	maps/rooms/8room_042.map	512	512	296	282	264	236	75.6985
18	maps/rooms/8room_042.map	512	512	111	156	136	127	75.9411
18	maps/rooms/8room_042.map	512	512	333	410	401	423	75.3848
18	maps/rooms/8room_042.map	512	512	313	471	250	490	75.6985
18	maps/rooms/8room_042.map	512	512	302	339	288	302	75.3848
18	maps/rooms/8room_042.map	512	512	8	491	10	439	75.6985
18	maps/rooms/8room_042.map	512	512	312	298	373	321	75.9411
18	maps/rooms/8room_042.map	512	512	468	172	410	162	75.4558
17	maps/rooms/8room_042.map	512	512	191	391	251	373	71.799
17	maps/rooms/8room_042.map	512	512	220	68	273	69	71.6985
17	maps/rooms/8room_042.map	512	512	425	121	427	184	71.2843
17	maps/rooms/8room_042.map	512	512	8	41	58	46	71.9706
17	maps/rooms/8room_042.map	512	512	124	247	176	271	71.799
17	maps/rooms/8room_042.map	512	512	138	118	104	154	71.799
17	maps/rooms/8room_042.map	512	512	120	415	137	361	71.3259
16	maps/rooms/8room_042.map	512	512	292	437	269	398	67.6985
16	maps/rooms/8room_042.map	512	512	509	345	469	373	66.7696
16	maps/rooms/8room_042.map	512	512	196	464	226	412	67.9411
16	maps/rooms/8room_042.map	512	512	42	372	99	377	67.3553
16	maps/rooms/8room_042.map	512	512	442	15	406	34	66.6985
16	maps/rooms/8room_042.map	512	512	194	287	238	325	66.7696
16	maps/rooms/8room_042.map	512	512	138	23	166	71	67.4558
16	maps/rooms/8room_042.map	512	512	402	252	377	255	67.2548
15	maps/rooms/8room_042.map	512	512	36	104	44	146	63.8995
15	maps/rooms/8room_042.map	512	512	37	401	53	376	63.8701
9	maps/rooms/8room_042.map	512	512	36	253	55	224	38.0416
15	maps/rooms/8room_042.map	512	512	146	116	193	151	63.8406
15	maps/rooms/8room_042.map	512	512	284	124	268	180	63.799
15	maps/rooms/8room_042.map	512	512	107	126	162	131	62.9706
15	maps/rooms/8room_042.map	512	512	330	98	318	56	63.2132
14	maps/rooms/8room_042.map	512	512	75	493	101	449	59.9411
14	maps/rooms/8room_042.map	512	512	41	386	47	440	59.799
14	maps/rooms/8room_042.map	512	512	238	234	204	268	58.6274
14	maps/rooms/8room_042.map	512	512	486	222	450	215	59.8701
14	maps/rooms/8room_042.map	512	512	302	79	266	106	59.3848
14	maps/rooms/8room_042.map	512	512	108	204	57	206	59.2843
14	maps/rooms/8room_042.map	512	512	31	214	67	239	59.7279
14	maps/rooms/8room_042.map	512	512	45	315	86	318	59.6985
13	maps/rooms/8room_042.map	512	512	292	126	330	143	55.5269
13	maps/rooms/8room_042.map	512	512	136	274	170	284	55.4558
13	maps/rooms/8room_042.map	512	512	457	130	421	106	54.9706
13	maps/rooms/8room_042.map	512	512	287	455	263	422	55.3848
13	maps/rooms/8room_042.map	512	512	428	511	434	469	55.799
13	maps/rooms/8room_042.map	512	512	13	476	6	435	55.3553
13	maps/rooms/8room_042.map	512	512	3	94	36	112	55.7279
13	maps/rooms/8room_042.map	512	512	473	175	479	125	55.799
13	maps/rooms/8room_042.map	512	512	251	503	250	456	55.799
12	maps/rooms/8room_042.map	512	512	185	8	167	47	51.2843
12	maps/rooms/8room_042.map	512	512	173	292	176	270	51.0416
12	maps/rooms/8room_042.map	512	512	90	474	118	442	51.799
12	maps/rooms/8room_042.map	512	512	295	43	339	42	51.7279
12	maps/rooms/8room_042.map	512	512	363	226	324	250	51.2843
12	maps/rooms/8room_042.map	512	512	76	392	95	413	51.3137
12	maps/rooms/8room_042.map	512	512	335	210	357	199	51.7279
12	maps/rooms/8room_042.map	512	512	441	444	423	402	51.799
12	maps/rooms/8room_042.map	512	512	50	21	77	60	51.3553
11	maps/rooms/8room_042.map	512	512	314	494	321	450	47.4853
11	maps/rooms/8room_042.map	512	512	150	307	178	330	47.7279
11	maps/rooms/8room_042.map	512	512	102	29	111	72	47.8995
11	maps/rooms/8room_042.map	512	512	282	108	266	128	47.1127
11	maps/rooms/8room_042.map	512	512	228	330	214	295	46.9411
11	maps/rooms/8room_042.map	512	512	101	198	59	206	47.799
9	maps/rooms/8room_042.map	512	512	295	332	264	321	36.7279
11	maps/rooms/8room_042.map	512	512	251	32	283	52	47.3137
11	maps/rooms/8room_042.map	512	512	473	435	483	400	47.6274
10	maps/rooms/8room_042.map	512	512	284	482	245	486	43.1421
10	maps/rooms/8room_042.map	512	512	434	158	420	176	43.2132
10	maps/rooms/8room_042.map	512	512	300	221	278	194	43.9706
10	maps/rooms/8room_042.map	512	512	184	221	199	187	43.3848
10	maps/rooms/8room_042.map	512	512	360	43	329	56	43.3137
10	maps/rooms/8room_042.map	512	512	420	399	412	365	43.4558
10	maps/rooms/8room_042.map	512	512	7	216	44	209	43.799
10	maps/rooms/8room_042.map	512	512	475	25	443	12	43.9706
9	maps/rooms/8room_042.map	512	512	502	364	490	331	39.1421
9	maps/rooms/8room_042.map	512	512	466	278	460	245	39.9706
9	maps/rooms/8room_042.map	512	512	142	178	108	191	39.3848
9	maps/rooms/8room_042.map	512	512	338	245	304	250	39.4853
9	maps/rooms/8room_042.map	512	512	201	415	229	409	38.6274
9	maps/rooms/8room_042.map	512	512	138	67	163	87	38.799
8	maps/rooms/8room_042.map	512	512	72	175	93	183	35.3848
8	maps/rooms/8room_042.map	512	512	298	441	277	425	35.7279
8	maps/rooms/8room_042.map	512	512	511	466	484	457	35.8995
8	maps/rooms/8room_042.map	512	512	238	339	227	308	35.5563
8	maps/rooms/8room_042.map	512	512	282	125	305	140	35.0711
8	maps/rooms/8room_042.map	512	512	174	93	159	114	35.2132
8	maps/rooms/8room_042.map	512	512	508	200	486	184	34.7279
8	maps/rooms/8room_042.map	512	512	184	232	197	255	35.4558
8	maps/rooms/8room_042.map	512	512	212	363	194	384	35.4853
7	maps/rooms/8room_042.map	512	512	314	424	291	436	31.4853
7	maps/rooms/8room_042.map	512	512	333	311	306	314	31.5563
4	maps/rooms/8room_042.map	512	512	331	175	329	189	16
7	maps/rooms/8room_042.map	512	512	502	284	500	308	31.5563
7	maps/rooms/8room_042.map	512	512	397	348	370	355	31.0711
7	maps/rooms/8room_042.map	512	512	198	485	174	475	31.799
7	maps/rooms/8room_042.map	512	512	267	123	246	140	31.5563
7	maps/rooms/8room_042.map	512	512	269	403	270	372	31.4142
7	maps/rooms/8room_042.map	512	512	275	292	267	274	31.2132
7	maps/rooms/8room_042.map	512	512	330	139	327	164	31.2132
6	maps/rooms/8room_042.map	512	512	222	19	205	11	26.6569
6	maps/rooms/8room_042.map	512	512	423	164	412	186	27.7279
6	maps/rooms/8room_042.map	512	512	134	434	161	436	27.8284
6	maps/rooms/8room_042.map	512	512	469	91	477	67	27.3137
6	maps/rooms/8room_042.map	512	512	130	267	143	245	27.3848
6	maps/rooms/8room_042.map	512	512	66	409	64	419	27.8995
6	maps/rooms/8room_042.map	512	512	195	157	201	175	27.0711
6	maps/rooms/8room_042.map	512	512	347	367	350	344	27.5563
6	maps/rooms/8room_042.map	512	512	364	182	348	195	27.3848
5	maps/rooms/8room_042.map	512	512	116	242	135	239	23.0711
5	maps/rooms/8room_042.map	512	512	355	328	333	326	22.8284
5	maps/rooms/8room_042.map	512	512	336	431	344	412	22.8995
5	maps/rooms/8room_042.map	512	512	348	360	361	366	23.1421
5	maps/rooms/8room_042.map	512	512	95	503	94	482	23.8995
5	maps/rooms/8room_042.map	512	512	489	165	472	157	23.2426
5	maps/rooms/8room_042.map	512	512	187	255	182	236	23.5563
5	maps/rooms/8room_042.map	512	512	37	394	29	379	23.9706
4	maps/rooms/8room_042.map	512	512	292	294	282	296	19.8995
4	maps/rooms/8room_042.map	512	512	187	270	194	275	18.8284
4	maps/rooms/8room_042.map	512	512	59	467	70	460	19.8995
4	maps/rooms/8room_042.map	512	512	356	327	337	328	19.4142
4	maps/rooms/8room_042.map	512	512	218	203	214	220	18.6569
4	maps/rooms/8room_042.map	512	512	86	57	79	70	19.8995
4	maps/rooms/8room_042.map	512	512	9	306	26	311	19.0711
4	maps/rooms/8room_042.map	512	512	174	199	165	215	19.7279
3	maps/rooms/8room_042.map	512	512	252	255	242	244	15.1421
3	maps/rooms/8room_042.map	512	512	153	246	168	245	15.4142
3	maps/rooms/8room_042.map	512	512	10	466	21	469	15.3137
3	maps/rooms/8room_042.map	512	512	27	498	26	483	15.4142
3	maps/rooms/8room_042.map	512	512	165	232	178	227	15.0711
3	maps/rooms/8room_042.map	512	512	226	72	239	77	15.0711
3	maps/rooms/8room_042.map	512	512	43	332	47	344	15.3137
3	maps/rooms/8room_042.map	512	512	453	393	441	397	15.3137
3	maps/rooms/8room_042.map	512	512	70	267	82	258	15.7279
3	maps/rooms/8room_042.map	512	512	424	498	439	498	15
2	maps/rooms/8room_042.map	512	512	418	175	417	183	11.2426
2	maps/rooms/8room_042.map	512	512	431	70	426	79	11.0711
2	maps/rooms/8room_042.map	512	512	404	283	395	287	11.2426
2	maps/rooms/8room_042.map	512	512	55	438	58	428	11.2426
2	maps/rooms/8room_042.map	512	512	132	364	141	358	11.4853
2	maps/rooms/8room_042.map	512	512	149	108	156	115	11.0711
2	maps/rooms/8room_042.map	512	512	378	137	367	138	11.4142
1	maps/rooms/8room_042.map	512	512	349	282	344	287	7.07107
1	maps/rooms/8room_042.map	512	512	374	445	368	442	7.24264
1	maps/rooms/8room_042.map	512	512	306	31	310	37	7.65685
1	maps/rooms/8room_042.map	512	512	165	415	170	410	7.07107
1	maps/rooms/8room_042.map	512	512	342	139	335	139	7
1	maps/rooms/8room_042.map	512	512	311	56	310	63	7.41421
1	maps/rooms/8room_042.map	512	512	434	347	431	343	7
1	maps/rooms/8room_042.map	512	512	409	171	402	169	7.82843
1	maps/rooms/8room_042.map	512	512	133	30	140	30	7
1	maps/rooms/8room_042.map	512	512	193	133	197	138	7.24264
0	maps/rooms/8room_042.map	512	512	312	214	309	212	3.82843
0	maps/rooms/8room_042.map	512	512	154	227	154	230	3
0	maps/rooms/8room_042.map	512	512	461	490	458	488	3.82843
0	maps/rooms/8room_042.map	512	512	303	262	300	260	3.82843
0	maps/rooms/8room_042.map	512	512	61	185	64	186	3.41421
0	maps/rooms/8room_042.map	512	512	437	439	435	437	2.82843
0	maps/rooms/8room_042.map	512	512	135	488	137	486	2.82843
0	maps/rooms/8room_042.map	512	512	293	25	293	28	3
0	maps/rooms/8room_042.map	512	512	74	110	76	108	2.82843
