version 1
121	maps/rooms/8room_050.map	512	512	62	232	451	350	485.534
60	maps/rooms/8room_050.map	512	512	190	185	28	169	241.723
45	maps/rooms/8room_050.map	512	512	260	246	262	265	183.912
37	maps/rooms/8room_050.map	512	512	5	453	59	389	151.64
23	maps/rooms/8room_050.map	512	512	447	425	505	468	95.9117
127	maps/rooms/8room_050.map	512	512	504	325	88	427	511.848
66	maps/rooms/8room_050.map	512	512	35	139	187	228	265.409
74	maps/rooms/8room_050.map	512	512	455	151	467	331	297.622
69	maps/rooms/8room_050.map	512	512	230	234	34	228	277.421
57	maps/rooms/8room_050.map	512	512	413	93	351	214	229.652
71	maps/rooms/8room_050.map	512	512	489	229	437	3	287.723
42	maps/rooms/8room_050.map	512	512	181	315	85	236	169.024
82	maps/rooms/8room_050.map	512	512	90	394	253	251	329.563
46	maps/rooms/8room_050.map	512	512	54	126	20	25	187.995
46	maps/rooms/8room_050.map	512	512	294	26	182	94	185.882
33	maps/rooms/8room_050.map	512	512	94	445	86	364	133.326
118	maps/rooms/8room_050.map	512	512	95	21	391	258	475.777
82	maps/rooms/8room_050.map	512	512	344	505	459	265	330.723
95	maps/rooms/8room_050.map	512	512	31	221	195	461	381.522
1	maps/rooms/8room_050.map	512	512	280	423	282	419	4.82843
36	maps/rooms/8room_050.map	512	512	504	133	443	34	146.468
124	maps/rooms/8room_050.map	512	512	495	364	238	50	498.061
113	maps/rooms/8room_050.map	512	512	434	276	93	284	455.534
127	maps/rooms/8room_050.map	512	512	270	498	141	127	511.99
104	maps/rooms/8room_050.map	512	512	197	89	268	370	416.049
66	maps/rooms/8room_050.map	512	512	395	92	396	214	265.024
100	maps/rooms/8room_050.map	512	512	27	466	334	404	402.362
34	maps/rooms/8room_050.map	512	512	413	427	421	486	139.326
36	maps/rooms/8room_050.map	512	512	72	69	191	78	145.497
42	maps/rooms/8room_050.map	512	512	265	442	162	454	170.296
65	maps/rooms/8room_050.map	512	512	83	199	126	2	263.865
113	maps/rooms/8room_050.map	512	512	473	118	404	461	455.907
18	maps/rooms/8room_050.map	512	512	350	215	301	207	74.799
52	maps/rooms/8room_050.map	512	512	495	156	411	110	208.468
127	maps/rooms/8room_050.map	512	512	133	18	293	389	511.617
127	maps/rooms/8room_050.map	512	512	293	469	181	101	511.362
66	maps/rooms/8room_050.map	512	512	12	117	251	150	266.125
53	maps/rooms/8room_050.map	512	512	203	434	294	322	214.095
127	maps/rooms/8room_050.map	512	512	14	408	446	375	511.534
89	maps/rooms/8room_050.map	512	512	302	248	102	419	356.238
127	maps/rooms/8room_050.map	512	512	498	119	283	451	510.789
52	maps/rooms/8room_050.map	512	512	74	388	196	341	209.953
81	maps/rooms/8room_050.map	512	512	221	314	115	72	327.764
108	maps/rooms/8room_050.map	512	512	365	150	77	302	433.161
69	maps/rooms/8room_050.map	512	512	183	244	370	381	277.522
103	maps/rooms/8room_050.map	512	512	99	382	153	79	413.551
127	maps/rooms/8room_050.map	512	512	66	29	298	367	511.103
116	maps/rooms/8room_050.map	512	512	46	137	14	501	465.563
65	maps/rooms/8room_050.map	512	512	431	99	382	244	261.539
73	maps/rooms/8room_050.map	512	512	197	167	41	294	295.108
97	maps/rooms/8room_050.map	512	512	279	360	123	116	389.605
127	maps/rooms/8room_050.map	512	512	499	264	105	121	511.534
49	maps/rooms/8room_050.map	512	512	465	443	347	475	196.024
68	maps/rooms/8room_050.map	512	512	322	355	239	185	274.421
90	maps/rooms/8room_050.map	512	512	391	90	466	339	361.078
87	maps/rooms/8room_050.map	512	512	211	323	158	90	348.451
71	maps/rooms/8room_050.map	512	512	414	429	407	210	286.794
55	maps/rooms/8room_050.map	512	512	179	281	316	197	222.439
118	maps/rooms/8room_050.map	512	512	285	499	44	232	473.505
127	maps/rooms/8room_050.map	512	512	371	101	46	367	511.215
93	maps/rooms/8room_050.map	512	512	152	509	31	230	373.764
123	maps/rooms/8room_050.map	512	512	457	157	398	483	492.12
127	maps/rooms/8room_050.map	512	512	510	470	270	130	511.161
65	maps/rooms/8room_050.map	512	512	190	269	3	295	262.38
126	maps/rooms/8room_050.map	512	512	493	74	87	69	507.492
97	maps/rooms/8room_050.map	512	512	234	171	332	436	389.291
126	maps/rooms/8room_050.map	512	512	13	46	231	366	507.848
29	maps/rooms/8room_050.map	512	512	213	397	139	436	117.669
124	maps/rooms/8room_050.map	512	512	460	107	436	489	498.534
45	maps/rooms/8room_050.map	512	512	5	316	83	239	181.752
56	maps/rooms/8room_050.map	512	512	228	329	340	198	227.267
96	maps/rooms/8room_050.map	512	512	294	407	195	125	387.108
41	maps/rooms/8room_050.map	512	512	21	323	83	247	166.853
126	maps/rooms/8room_050.map	512	512	163	477	424	188	507.404
80	maps/rooms/8room_050.map	512	512	437	92	429	308	323.622
126	maps/rooms/8room_050.map	512	512	499	24	89	83	507.576
27	maps/rooms/8room_050.map	512	512	9	37	74	90	109.74
53	maps/rooms/8room_050.map	512	512	254	116	386	182	213.924
126	maps/rooms/8room_050.map	512	512	407	475	136	476	507.99
126	maps/rooms/8room_050.map	512	512	98	51	419	322	507.546
103	maps/rooms/8room_050.map	512	512	354	308	411	38	415.735
115	maps/rooms/8room_050.map	512	512	229	472	466	220	461.718
86	maps/rooms/8room_050.map	512	512	172	143	317	354	344.735
29	maps/rooms/8room_050.map	512	512	346	330	438	357	117.669
126	maps/rooms/8room_050.map	512	512	457	84	136	274	507.174
125	maps/rooms/8room_050.map	512	512	505	447	237	134	503.475
86	maps/rooms/8room_050.map	512	512	504	259	249	412	347.22
63	maps/rooms/8room_050.map	512	512	296	147	279	343	253.752
106	maps/rooms/8room_050.map	512	512	148	6	500	68	424.108
126	maps/rooms/8room_050.map	512	512	479	375	85	213	507.463
27	maps/rooms/8room_050.map	512	512	39	178	82	99	109.841
91	maps/rooms/8room_050.map	512	512	246	187	42	399	365.948
75	maps/rooms/8room_050.map	512	512	360	69	174	213	300.108
86	maps/rooms/8room_050.map	512	512	372	205	133	302	345.664
125	maps/rooms/8room_050.map	512	512	24	174	382	31	500.848
79	maps/rooms/8room_050.map	512	512	244	70	66	255	319.593
105	maps/rooms/8room_050.map	512	512	435	475	270	482	423.889
101	maps/rooms/8room_050.map	512	512	202	323	91	29	407.936
89	maps/rooms/8room_050.map	512	512	9	387	71	107	358.936
70	maps/rooms/8room_050.map	512	512	158	358	72	140	283.823
126	maps/rooms/8room_050.map	512	512	368	274	63	447	507.103
33	maps/rooms/8room_050.map	512	512	250	370	169	294	132.983
44	maps/rooms/8room_050.map	512	512	420	123	330	20	178.74
121	maps/rooms/8room_050.map	512	512	419	87	56	4	484.132
10	maps/rooms/8room_050.map	512	512	89	115	61	130	41.2426
99	maps/rooms/8room_050.map	512	512	261	227	430	461	396.362
76	maps/rooms/8room_050.map	512	512	487	348	270	291	304.167
126	maps/rooms/8room_050.map	512	512	423	502	95	409	506.99
108	maps/rooms/8room_050.map	512	512	123	203	333	418	433.877
93	maps/rooms/8room_050.map	512	512	146	450	258	196	372.392
50	maps/rooms/8room_050.map	512	512	236	451	109	377	201.024
125	maps/rooms/8room_050.map	512	512	20	346	322	120	503.63
125	maps/rooms/8room_050.map	512	512	75	36	293	384	503.931
50	maps/rooms/8room_050.map	512	512	315	8	252	155	200.853
69	maps/rooms/8room_050.map	512	512	327	295	186	421	277.894
70	maps/rooms/8room_050.map	512	512	275	377	68	365	283.208
32	maps/rooms/8room_050.map	512	512	165	147	133	56	128.983
63	maps/rooms/8room_050.map	512	512	2	75	83	234	254.125
29	maps/rooms/8room_050.map	512	512	252	236	214	269	117.326
92	maps/rooms/8room_050.map	512	512	347	397	413	162	371.777
81	maps/rooms/8room_050.map	512	512	460	110	437	349	325.48
15	maps/rooms/8room_050.map	512	512	184	127	133	111	62.9411
125	maps/rooms/8room_050.map	512	512	145	12	307	370	503.688
100	maps/rooms/8room_050.map	512	512	286	364	97	118	402.421
69	maps/rooms/8room_050.map	512	512	493	312	282	215	279.38
125	maps/rooms/8room_050.map	512	512	399	78	74	314	503.073
77	maps/rooms/8room_050.map	512	512	43	308	284	250	311.794
125	maps/rooms/8room_050.map	512	512	44	152	383	395	503.546
100	maps/rooms/8room_050.map	512	512	54	68	188	342	400.936
44	maps/rooms/8room_050.map	512	512	406	249	454	158	178.74
110	maps/rooms/8room_050.map	512	512	438	11	438	361	442.877
96	maps/rooms/8room_050.map	512	512	59	418	115	115	386.321
73	maps/rooms/8room_050.map	512	512	315	347	206	157	294.38
80	maps/rooms/8room_050.map	512	512	338	426	147	491	321.078
92	maps/rooms/8room_050.map	512	512	179	140	453	71	369.978
74	maps/rooms/8room_050.map	512	512	395	421	171	312	297.35
80	maps/rooms/8room_050.map	512	512	266	423	121	251	320.865
125	maps/rooms/8room_050.map	512	512	484	198	102	85	502.647
100	maps/rooms/8room_050.map	512	512	254	153	372	435	400.191
40	maps/rooms/8room_050.map	512	512	190	137	187	51	160.397
73	maps/rooms/8room_050.map	512	512	314	350	98	466	293.622
125	maps/rooms/8room_050.map	512	512	509	202	130	263	503.546
84	maps/rooms/8room_050.map	512	512	12	127	285	146	336.551
46	maps/rooms/8room_050.map	512	512	485	486	502	354	184.882
125	maps/rooms/8room_050.map	512	512	458	511	136	273	503.161
124	maps/rooms/8room_050.map	512	512	69	43	434	190	499.647
101	maps/rooms/8room_050.map	512	512	43	169	184	459	404.563
93	maps/rooms/8room_050.map	512	512	342	438	412	171	373.794
61	maps/rooms/8room_050.map	512	512	395	243	357	83	247.782
124	maps/rooms/8room_050.map	512	512	73	394	349	98	499.144
65	maps/rooms/8room_050.map	512	512	221	316	331	151	262.421
41	maps/rooms/8room_050.map	512	512	434	186	426	303	166.74
89	maps/rooms/8room_050.map	512	512	232	227	76	3	356.149
115	maps/rooms/8room_050.map	512	512	380	52	147	340	461.073
43	maps/rooms/8room_050.map	512	512	381	292	504	362	175.569
121	maps/rooms/8room_050.map	512	512	24	67	186	403	484.534
124	maps/rooms/8room_050.map	512	512	500	35	385	428	499.848
124	maps/rooms/8room_050.map	512	512	455	334	85	206	499.463
124	maps/rooms/8room_050.map	512	512	238	387	69	10	499.605
120	maps/rooms/8room_050.map	512	512	13	232	399	334	483.019
38	maps/rooms/8room_050.map	512	512	299	346	391	428	154.569
100	maps/rooms/8room_050.map	512	512	59	376	138	56	403.794
100	maps/rooms/8room_050.map	512	512	46	228	262	3	401.09
87	maps/rooms/8room_050.map	512	512	210	85	22	301	351.362
124	maps/rooms/8room_050.map	512	512	42	366	443	446	499.96
118	maps/rooms/8room_050.map	512	512	354	107	315	477	472.505
38	maps/rooms/8room_050.map	512	512	223	269	174	170	154.711
42	maps/rooms/8room_050.map	512	512	362	171	301	294	171.154
117	maps/rooms/8room_050.map	512	512	420	120	462	494	470.451
63	maps/rooms/8room_050.map	512	512	472	345	361	222	254.066
113	maps/rooms/8room_050.map	512	512	505	112	360	411	454.049
56	maps/rooms/8room_050.map	512	512	223	393	53	411	224.468
39	maps/rooms/8room_050.map	512	512	168	91	58	148	156.154
54	maps/rooms/8room_050.map	512	512	220	155	136	216	217.711
124	maps/rooms/8room_050.map	512	512	440	38	457	424	499.978
45	maps/rooms/8room_050.map	512	512	346	393	205	387	181.267
49	maps/rooms/8room_050.map	512	512	421	441	287	383	196.267
124	maps/rooms/8room_050.map	512	512	53	387	449	278	499.576
114	maps/rooms/8room_050.map	512	512	380	44	48	156	456.534
117	maps/rooms/8room_050.map	512	512	164	113	312	470	468.706
93	maps/rooms/8room_050.map	512	512	131	436	413	410	372.049
123	maps/rooms/8room_050.map	512	512	23	69	399	245	495.404
106	maps/rooms/8room_050.map	512	512	332	174	10	239	425.576
118	maps/rooms/8room_050.map	512	512	271	461	125	121	472.676
88	maps/rooms/8room_050.map	512	512	489	20	217	8	353.38
115	maps/rooms/8room_050.map	512	512	278	419	314	61	462.777
95	maps/rooms/8room_050.map	512	512	499	207	265	412	380.019
123	maps/rooms/8room_050.map	512	512	312	116	490	495	495.475
123	maps/rooms/8room_050.map	512	512	427	473	151	355	495.304
27	maps/rooms/8room_050.map	512	512	419	236	378	153	111.012
117	maps/rooms/8room_050.map	512	512	100	25	253	355	470.99
40	maps/rooms/8room_050.map	512	512	149	99	259	166	163.125
42	maps/rooms/8room_050.map	512	512	311	322	220	410	170.497
76	maps/rooms/8room_050.map	512	512	122	367	120	142	305.066
123	maps/rooms/8room_050.map	512	512	473	40	382	428	495.635
112	maps/rooms/8room_050.map	512	512	72	483	94	108	449.149
68	maps/rooms/8room_050.map	512	512	108	347	47	141	273.894
36	maps/rooms/8room_050.map	512	512	218	262	190	144	145.397
70	maps/rooms/8room_050.map	512	512	249	152	399	296	283.38
51	maps/rooms/8room_050.map	512	512	162	358	306	281	207.811
123	maps/rooms/8room_050.map	512	512	443	181	79	55	495.647
20	maps/rooms/8room_050.map	512	512	5	55	74	54	80.1838
47	maps/rooms/8room_050.map	512	512	329	415	402	296	189.238
123	maps/rooms/8room_050.map	512	512	140	450	77	52	494.806
84	maps/rooms/8room_050.map	512	512	263	370	169	140	336.836
82	maps/rooms/8room_050.map	512	512	473	306	310	473	328.978
123	maps/rooms/8room_050.map	512	512	25	372	427	431	495.718
67	maps/rooms/8room_050.map	512	512	43	98	269	115	271.752
61	maps/rooms/8room_050.map	512	512	185	36	115	227	245.711
96	maps/rooms/8room_050.map	512	512	383	4	102	137	385.664
62	maps/rooms/8room_050.map	512	512	211	245	92	175	250.48
67	maps/rooms/8room_050.map	512	512	166	316	61	486	271.451
79	maps/rooms/8room_050.map	512	512	56	118	312	78	316.309
103	maps/rooms/8room_050.map	512	512	158	375	250	66	413.635
107	maps/rooms/8room_050.map	512	512	105	346	417	268	428.25
36	maps/rooms/8room_050.map	512	512	424	326	411	219	147.64
123	maps/rooms/8room_050.map	512	512	477	273	119	78	495.333
25	maps/rooms/8room_050.map	512	512	457	310	505	379	102.397
115	maps/rooms/8room_050.map	512	512	24	395	310	175	462.517
123	maps/rooms/8room_050.map	512	512	508	315	118	254	495.392
96	maps/rooms/8room_050.map	512	512	57	207	345	251	387.38
55	maps/rooms/8room_050.map	512	512	404	205	446	108	221.61
92	maps/rooms/8room_050.map	512	512	327	222	510	66	371.309
57	maps/rooms/8room_050.map	512	512	245	292	56	302	231.51
60	maps/rooms/8room_050.map	512	512	76	439	13	259	242.782
84	maps/rooms/8room_050.map	512	512	21	434	229	295	338.38
31	maps/rooms/8room_050.map	512	512	383	267	344	170	125.012
31	maps/rooms/8room_050.map	512	512	164	249	248	236	125.225
111	maps/rooms/8room_050.map	512	512	122	301	491	383	447.392
25	maps/rooms/8room_050.map	512	512	327	140	376	110	102.841
84	maps/rooms/8room_050.map	512	512	253	330	86	135	336.894
97	maps/rooms/8room_050.map	512	512	179	149	147	467	388.593
77	maps/rooms/8room_050.map	512	512	271	333	244	90	308.894
60	maps/rooms/8room_050.map	512	512	75	266	118	458	242.539
30	maps/rooms/8room_050.map	512	512	359	191	266	216	123.882
122	maps/rooms/8room_050.map	512	512	495	467	442	89	491.291
76	maps/rooms/8room_050.map	512	512	386	178	370	398	306.208
99	maps/rooms/8room_050.map	512	512	420	463	490	159	398.693
53	maps/rooms/8room_050.map	512	512	422	461	280	399	212.51
54	maps/rooms/8room_050.map	512	512	211	146	134	244	219.225
122	maps/rooms/8room_050.map	512	512	367	25	112	319	491.174
49	maps/rooms/8room_050.map	512	512	419	45	291	66	198.296
15	maps/rooms/8room_050.map	512	512	165	301	222	293	60.3137
47	maps/rooms/8room_050.map	512	512	100	165	101	295	189.953
122	maps/rooms/8room_050.map	512	512	438	405	193	126	491.647
57	maps/rooms/8room_050.map	512	512	358	223	188	305	231.983
18	maps/rooms/8room_050.map	512	512	230	259	235	222	75.2548
22	maps/rooms/8room_050.map	512	512	488	312	487	372	91.5269
122	maps/rooms/8room_050.map	512	512	222	317	459	72	491.446
106	maps/rooms/8room_050.map	512	512	249	295	427	66	424.019
122	maps/rooms/8room_050.map	512	512	462	134	487	505	491.948
47	maps/rooms/8room_050.map	512	512	327	395	309	249	191.054
79	maps/rooms/8room_050.map	512	512	250	409	488	311	316.25
55	maps/rooms/8room_050.map	512	512	166	199	262	347	220.167
122	maps/rooms/8room_050.map	512	512	386	77	165	359	491.174
81	maps/rooms/8room_050.map	512	512	248	234	460	343	327.836
97	maps/rooms/8room_050.map	512	512	317	408	247	103	391.049
68	maps/rooms/8room_050.map	512	512	10	395	202	280	273.693
83	maps/rooms/8room_050.map	512	512	227	61	397	197	335.907
78	maps/rooms/8room_050.map	512	512	187	286	183	46	312.208
65	maps/rooms/8room_050.map	512	512	201	350	92	467	262.995
111	maps/rooms/8room_050.map	512	512	412	175	407	509	446.421
105	maps/rooms/8room_050.map	512	512	367	370	443	95	421.25
114	maps/rooms/8room_050.map	512	512	407	174	294	488	456.505
83	maps/rooms/8room_050.map	512	512	322	41	89	174	334.794
94	maps/rooms/8room_050.map	512	512	41	171	53	470	377.208
53	maps/rooms/8room_050.map	512	512	482	205	374	174	213.894
122	maps/rooms/8room_050.map	512	512	258	486	340	177	491.576
111	maps/rooms/8room_050.map	512	512	41	402	159	103	445.191
100	maps/rooms/8room_050.map	512	512	372	460	509	171	401.321
122	maps/rooms/8room_050.map	512	512	382	3	469	384	491.179
50	maps/rooms/8room_050.map	512	512	198	69	88	183	200.409
17	maps/rooms/8room_050.map	512	512	274	461	297	410	70.0416
122	maps/rooms/8room_050.map	512	512	238	94	246	436	491.362
122	maps/rooms/8room_050.map	512	512	452	508	182	226	491.546
59	maps/rooms/8room_050.map	512	512	210	476	344	380	236.066
34	maps/rooms/8room_050.map	512	512	217	378	151	347	138.397
102	maps/rooms/8room_050.map	512	512	23	443	122	140	411.505
90	maps/rooms/8room_050.map	512	512	405	116	148	235	362.818
121	maps/rooms/8room_050.map	512	512	212	409	378	108	487.132
114	maps/rooms/8room_050.map	512	512	21	62	341	156	456.333
84	maps/rooms/8room_050.map	512	512	179	331	204	68	339.037
51	maps/rooms/8room_050.map	512	512	102	121	14	268	207.309
42	maps/rooms/8room_050.map	512	512	127	371	106	305	171.368
121	maps/rooms/8room_050.map	512	512	488	475	277	130	487.747
58	maps/rooms/8room_050.map	512	512	186	487	127	318	233.681
112	maps/rooms/8room_050.map	512	512	134	501	458	477	451.647
121	maps/rooms/8room_050.map	512	512	248	376	494	104	487.848
97	maps/rooms/8room_050.map	512	512	259	505	406	450	391.848
41	maps/rooms/8room_050.map	512	512	509	459	431	470	164.882
64	maps/rooms/8room_050.map	512	512	279	339	187	502	257.167
67	maps/rooms/8room_050.map	512	512	410	335	252	424	271.51
87	maps/rooms/8room_050.map	512	512	303	52	62	204	348.078
109	maps/rooms/8room_050.map	512	512	137	439	436	266	436.676
69	maps/rooms/8room_050.map	512	512	282	372	284	167	279.066
95	maps/rooms/8room_050.map	512	512	121	324	446	334	381.693
47	maps/rooms/8room_050.map	512	512	147	403	286	434	191.439
121	maps/rooms/8room_050.map	512	512	332	445	330	58	487.191
7	maps/rooms/8room_050.map	512	512	27	20	22	46	28.0711
76	maps/rooms/8room_050.map	512	512	103	364	306	409	306.007
49	maps/rooms/8room_050.map	512	512	257	375	299	505	197.397
95	maps/rooms/8room_050.map	512	512	291	36	333	351	381.593
58	maps/rooms/8room_050.map	512	512	252	290	73	238	232.196
121	maps/rooms/8room_050.map	512	512	494	196	154	34	487.563
65	maps/rooms/8room_050.map	512	512	324	18	323	236	260.924
101	maps/rooms/8room_050.map	512	512	14	149	319	22	404.007
61	maps/rooms/8room_050.map	512	512	340	226	209	354	245.409
95	maps/rooms/8room_050.map	512	512	143	107	413	199	381.806
97	maps/rooms/8room_050.map	512	512	287	365	58	152	389.907
24	maps/rooms/8room_050.map	512	512	411	486	472	477	96.3259
97	maps/rooms/8room_050.map	512	512	382	398	441	175	391.764
55	maps/rooms/8room_050.map	512	512	297	317	132	376	220.711
121	maps/rooms/8room_050.map	512	512	445	386	210	138	487.718
52	maps/rooms/8room_050.map	512	512	163	121	53	251	211.823
121	maps/rooms/8room_050.map	512	512	324	148	59	420	487.96
82	maps/rooms/8room_050.map	512	512	442	396	235	485	328.735
82	maps/rooms/8room_050.map	512	512	158	248	318	431	328.38
116	maps/rooms/8room_050.map	512	512	399	459	323	101	464.978
59	maps/rooms/8room_050.map	512	512	111	338	213	443	238.238
95	maps/rooms/8room_050.map	512	512	22	465	294	476	383.35
57	maps/rooms/8room_050.map	512	512	127	317	147	485	230.125
99	maps/rooms/8room_050.map	512	512	132	171	379	178	396.35
79	maps/rooms/8room_050.map	512	512	5	329	233	424	316.723
120	maps/rooms/8room_050.map	512	512	197	390	351	71	483.475
94	maps/rooms/8room_050.map	512	512	318	200	41	302	379.492
36	maps/rooms/8room_050.map	512	512	57	166	68	277	146.811
120	maps/rooms/8room_050.map	512	512	281	350	445	26	483.747
75	maps/rooms/8room_050.map	512	512	170	255	67	39	301.149
113	maps/rooms/8room_050.map	512	512	190	442	407	471	455.019
68	maps/rooms/8room_050.map	512	512	263	443	451	403	274.25
41	maps/rooms/8room_050.map	512	512	132	412	103	327	167.439
17	maps/rooms/8room_050.map	512	512	362	246	404	254	70.0416
84	maps/rooms/8room_050.map	512	512	183	356	259	148	337.321
103	maps/rooms/8room_050.map	512	512	506	77	239	194	414.735
72	maps/rooms/8room_050.map	512	512	142	157	325	180	289.38
38	maps/rooms/8room_050.map	512	512	94	152	77	30	152.255
89	maps/rooms/8room_050.map	512	512	57	207	156	474	356.693
52	maps/rooms/8room_050.map	512	512	373	386	210	323	208.995
120	maps/rooms/8room_050.map	512	512	185	346	412	52	483.96
114	maps/rooms/8room_050.map	512	512	486	325	143	263	459.149
73	maps/rooms/8room_050.map	512	512	180	26	409	34	293.953
120	maps/rooms/8room_050.map	512	512	510	38	323	358	482.99
120	maps/rooms/8room_050.map	512	512	255	15	434	361	483.09
77	maps/rooms/8room_050.map	512	512	447	334	179	294	311.966
120	maps/rooms/8room_050.map	512	512	118	184	405	424	483.676
34	maps/rooms/8room_050.map	512	512	127	271	198	266	139.841
93	maps/rooms/8room_050.map	512	512	485	8	207	84	373.037
120	maps/rooms/8room_050.map	512	512	26	231	344	5	483.404
60	maps/rooms/8room_050.map	512	512	210	198	246	363	242.137
94	maps/rooms/8room_050.map	512	512	125	30	78	309	377.38
65	maps/rooms/8room_050.map	512	512	110	339	317	355	262.338
53	maps/rooms/8room_050.map	512	512	87	316	164	182	213.752
120	maps/rooms/8room_050.map	512	512	415	503	188	247	482.99
118	maps/rooms/8room_050.map	512	512	148	56	491	188	474.362
43	maps/rooms/8room_050.map	512	512	15	452	62	338	173.125
46	maps/rooms/8room_050.map	512	512	52	371	202	380	187.61
36	maps/rooms/8room_050.map	512	512	283	358	277	476	144.426
38	maps/rooms/8room_050.map	512	512	221	341	140	408	153.154
119	maps/rooms/8room_050.map	512	512	356	188	23	374	476.345
48	maps/rooms/8room_050.map	512	512	60	318	59	164	194.64
59	maps/rooms/8room_050.map	512	512	327	428	453	372	238.066
120	maps/rooms/8room_050.map	512	512	220	455	76	89	483.019
119	maps/rooms/8room_050.map	512	512	430	82	298	419	479.375
67	maps/rooms/8room_050.map	512	512	155	287	324	172	269.522
98	maps/rooms/8room_050.map	512	512	405	479	277	279	395.605
87	maps/rooms/8room_050.map	512	512	41	121	245	317	348.35
109	maps/rooms/8room_050.map	512	512	326	499	30	307	436.877
61	maps/rooms/8room_050.map	512	512	183	339	74	437	246.338
119	maps/rooms/8room_050.map	512	512	10	114	245	428	479.676
119	maps/rooms/8room_050.map	512	512	6	314	408	393	479.09
75	maps/rooms/8room_050.map	512	512	98	262	123	52	300.581
119	maps/rooms/8room_050.map	512	512	510	14	142	136	479.304
75	maps/rooms/8room_050.map	512	512	163	67	406	106	303.238
86	maps/rooms/8room_050.map	512	512	471	478	205	356	344.392
104	maps/rooms/8room_050.map	512	512	324	6	115	254	419.35
119	maps/rooms/8room_050.map	512	512	488	114	183	237	479.321
41	maps/rooms/8room_050.map	512	512	19	362	114	435	164.569
119	maps/rooms/8room_050.map	512	512	503	358	265	65	479.475
71	maps/rooms/8room_050.map	512	512	77	229	18	443	284.38
68	maps/rooms/8room_050.map	512	512	218	210	23	134	273.368
119	maps/rooms/8room_050.map	512	512	187	451	488	202	478.919
116	maps/rooms/8room_050.map	512	512	21	502	371	329	467.676
77	maps/rooms/8room_050.map	512	512	18	253	114	437	311.137
95	maps/rooms/8room_050.map	512	512	59	413	301	327	380.35
70	maps/rooms/8room_050.map	512	512	269	207	114	365	282.037
119	maps/rooms/8room_050.map	512	512	358	415	16	211	479.931
72	maps/rooms/8room_050.map	512	512	36	386	245	469	290.936
119	maps/rooms/8room_050.map	512	512	222	62	342	415	479.233
103	maps/rooms/8room_050.map	512	512	30	275	261	451	415.635
98	maps/rooms/8room_050.map	512	512	469	191	205	29	393.137
79	maps/rooms/8room_050.map	512	512	215	314	467	279	319.551
118	maps/rooms/8room_050.map	512	512	106	201	436	343	475.563
87	maps/rooms/8room_050.map	512	512	292	361	127	164	351.037
31	maps/rooms/8room_050.map	512	512	238	93	140	46	125.326
90	maps/rooms/8room_050.map	512	512	162	180	399	76	361.877
63	maps/rooms/8room_050.map	512	512	310	119	445	117	252.681
77	maps/rooms/8room_050.map	512	512	135	41	36	262	308.877
91	maps/rooms/8room_050.map	512	512	301	75	318	372	366.108
118	maps/rooms/8room_050.map	512	512	511	223	196	410	474.818
52	maps/rooms/8room_050.map	512	512	245	155	135	283	209.823
71	maps/rooms/8room_050.map	512	512	426	238	255	127	286.066
92	maps/rooms/8room_050.map	512	512	54	46	318	27	371.007
56	maps/rooms/8room_050.map	512	512	157	477	180	301	226.439
51	maps/rooms/8room_050.map	512	512	334	330	159	319	205.539
118	maps/rooms/8room_050.map	512	512	479	86	126	157	474.818
118	maps/rooms/8room_050.map	512	512	68	462	430	284	475.99
4	maps/rooms/8room_050.map	512	512	233	295	223	286	16.8995
39	maps/rooms/8room_050.map	512	512	286	332	398	311	156.154
47	maps/rooms/8room_050.map	512	512	272	388	429	388	188.054
110	maps/rooms/8room_050.map	512	512	392	178	500	510	440.35
66	maps/rooms/8room_050.map	512	512	429	116	213	148	267.966
39	maps/rooms/8room_050.map	512	512	281	408	346	296	157.61
0	maps/rooms/8room_050.map	512	512	185	155	183	156	2.41421
118	maps/rooms/8room_050.map	512	512	299	98	68	405	475.789
77	maps/rooms/8room_050.map	512	512	233	253	120	379	308.037
112	maps/rooms/8room_050.map	512	512	356	506	115	252	448.22
117	maps/rooms/8room_050.map	512	512	471	279	94	426	470.777
102	maps/rooms/8room_050.map	512	512	258	281	393	40	411.019
62	maps/rooms/8room_050.map	512	512	5	360	69	245	248.622
117	maps/rooms/8room_050.map	512	512	152	402	484	206	471.848
117	maps/rooms/8room_050.map	512	512	499	230	201	397	471.576
58	maps/rooms/8room_050.map	512	512	194	219	318	350	233.853
53	maps/rooms/8room_050.map	512	512	135	150	224	12	212.882
117	maps/rooms/8room_050.map	512	512	246	399	362	60	471.434
32	maps/rooms/8room_050.map	512	512	381	38	443	24	131.497
52	maps/rooms/8room_050.map	512	512	204	171	60	66	208.48
76	maps/rooms/8room_050.map	512	512	463	360	437	153	307.853
117	maps/rooms/8room_050.map	512	512	88	310	382	56	471.446
15	maps/rooms/8room_050.map	512	512	94	38	52	4	60.7696
46	maps/rooms/8room_050.map	512	512	293	381	434	406	184.468
82	maps/rooms/8room_050.map	512	512	501	146	341	291	329.125
117	maps/rooms/8room_050.map	512	512	501	269	120	402	471.12
110	maps/rooms/8room_050.map	512	512	114	415	476	424	442.605
32	maps/rooms/8room_050.map	512	512	92	156	80	39	130.598
40	maps/rooms/8room_050.map	512	512	130	137	95	263	163.912
75	maps/rooms/8room_050.map	512	512	78	196	270	44	300.25
57	maps/rooms/8room_050.map	512	512	71	395	211	366	228.681
43	maps/rooms/8room_050.map	512	512	436	378	339	413	173.539
117	maps/rooms/8room_050.map	512	512	180	453	247	88	471.647
69	maps/rooms/8room_050.map	512	512	134	56	163	266	277.451
77	maps/rooms/8room_050.map	512	512	297	330	137	490	308.451
109	maps/rooms/8room_050.map	512	512	4	132	351	227	438.007
76	maps/rooms/8room_050.map	512	512	412	293	193	179	305.936
109	maps/rooms/8room_050.map	512	512	347	181	135	440	437.434
32	maps/rooms/8room_050.map	512	512	146	333	58	330	131.811
99	maps/rooms/8room_050.map	512	512	398	107	69	51	399.735
50	maps/rooms/8room_050.map	512	512	297	425	149	478	202.782
66	maps/rooms/8room_050.map	512	512	120	391	332	377	265.823
108	maps/rooms/8room_050.map	512	512	13	415	371	328	433.735
95	maps/rooms/8room_050.map	512	512	445	77	132	35	382.966
116	maps/rooms/8room_050.map	512	512	477	77	110	66	467.421
80	maps/rooms/8room_050.map	512	512	299	406	72	274	322.179
102	maps/rooms/8room_050.map	512	512	406	173	506	472	409.894
88	maps/rooms/8room_050.map	512	512	217	504	332	271	352.593
104	maps/rooms/8room_050.map	512	512	369	25	55	115	417.421
59	maps/rooms/8room_050.map	512	512	292	91	459	46	236.267
61	maps/rooms/8room_050.map	512	512	333	274	135	356	247.439
77	maps/rooms/8room_050.map	512	512	398	21	437	221	308.137
55	maps/rooms/8room_050.map	512	512	39	150	185	54	220.61
59	maps/rooms/8room_050.map	512	512	330	382	326	201	237.468
116	maps/rooms/8room_050.map	512	512	499	250	142	406	467.676
70	maps/rooms/8room_050.map	512	512	374	447	168	490	280.865
94	maps/rooms/8room_050.map	512	512	1	356	205	164	377.262
116	maps/rooms/8room_050.map	512	512	181	360	501	267	467.291
86	maps/rooms/8room_050.map	512	512	179	297	63	57	346.794
46	maps/rooms/8room_050.map	512	512	199	329	125	438	185.51
100	maps/rooms/8room_050.map	512	512	250	397	494	189	401.948
65	maps/rooms/8room_050.map	512	512	197	461	26	503	263.409
116	maps/rooms/8room_050.map	512	512	185	104	454	367	467.262
114	maps/rooms/8room_050.map	512	512	371	436	36	487	459.647
82	maps/rooms/8room_050.map	512	512	278	329	478	195	329.865
106	maps/rooms/8room_050.map	512	512	477	415	226	197	426.12
93	maps/rooms/8room_050.map	512	512	509	249	233	349	375.321
22	maps/rooms/8room_050.map	512	512	479	38	429	53	89.9117
45	maps/rooms/8room_050.map	512	512	142	23	253	120	182.468
102	maps/rooms/8room_050.map	512	512	442	98	315	289	408.794
85	maps/rooms/8room_050.map	512	512	220	452	459	470	342.806
116	maps/rooms/8room_050.map	512	512	78	284	440	441	467.475
116	maps/rooms/8room_050.map	512	512	23	198	369	381	467.233
116	maps/rooms/8room_050.map	512	512	499	486	220	279	467.588
115	maps/rooms/8room_050.map	512	512	327	56	214	388	462.747
91	maps/rooms/8room_050.map	512	512	157	171	316	302	367.924
112	maps/rooms/8room_050.map	512	512	327	293	31	454	451.149
112	maps/rooms/8room_050.map	512	512	79	330	339	120	449.002
115	maps/rooms/8room_050.map	512	512	495	93	186	241	463.375
68	maps/rooms/8room_050.map	512	512	46	78	26	253	275.208
21	maps/rooms/8room_050.map	512	512	181	450	248	423	84.0416
71	maps/rooms/8room_050.map	512	512	455	260	488	493	285.924
75	maps/rooms/8room_050.map	512	512	401	35	275	186	300.078
20	maps/rooms/8room_050.map	512	512	58	307	8	298	80.598
109	maps/rooms/8room_050.map	512	512	437	73	99	57	439.764
115	maps/rooms/8room_050.map	512	512	149	14	42	374	463.96
106	maps/rooms/8room_050.map	512	512	126	343	266	12	427.534
46	maps/rooms/8room_050.map	512	512	222	442	189	298	184.841
115	maps/rooms/8room_050.map	512	512	361	428	181	114	463.161
115	maps/rooms/8room_050.map	512	512	362	8	319	379	462.635
86	maps/rooms/8room_050.map	512	512	54	206	136	485	346.48
115	maps/rooms/8room_050.map	512	512	296	425	20	183	463.99
114	maps/rooms/8room_050.map	512	512	509	298	228	494	458.99
51	maps/rooms/8room_050.map	512	512	420	381	335	243	207.267
57	maps/rooms/8room_050.map	512	512	388	494	451	392	230.38
72	maps/rooms/8room_050.map	512	512	271	302	430	459	288.451
84	maps/rooms/8room_050.map	512	512	419	441	187	431	336.492
104	maps/rooms/8room_050.map	512	512	406	105	61	51	418.22
82	maps/rooms/8room_050.map	512	512	159	347	383	475	328.635
114	maps/rooms/8room_050.map	512	512	497	20	181	237	459.375
52	maps/rooms/8room_050.map	512	512	153	301	93	421	208.995
114	maps/rooms/8room_050.map	512	512	461	431	231	152	459.233
94	maps/rooms/8room_050.map	512	512	351	331	143	132	379.836
114	maps/rooms/8room_050.map	512	512	463	157	198	299	459.108
89	maps/rooms/8room_050.map	512	512	452	265	163	248	358.836
61	maps/rooms/8room_050.map	512	512	421	219	263	166	247.066
44	maps/rooms/8room_050.map	512	512	418	344	382	471	179.711
114	maps/rooms/8room_050.map	512	512	264	457	114	131	458.635
109	maps/rooms/8room_050.map	512	512	27	375	277	131	437.889
107	maps/rooms/8room_050.map	512	512	279	10	158	327	429.505
102	maps/rooms/8room_050.map	512	512	109	275	402	357	408.078
30	maps/rooms/8room_050.map	512	512	88	277	22	313	123.497
60	maps/rooms/8room_050.map	512	512	149	362	56	203	240.51
113	maps/rooms/8room_050.map	512	512	383	166	58	354	455.818
76	maps/rooms/8room_050.map	512	512	40	280	245	197	306.149
40	maps/rooms/8room_050.map	512	512	381	104	472	185	161.497
74	maps/rooms/8room_050.map	512	512	186	219	14	69	297.907
66	maps/rooms/8room_050.map	512	512	300	199	292	24	264.522
111	maps/rooms/8room_050.map	512	512	402	386	460	38	447.907
34	maps/rooms/8room_050.map	512	512	283	285	211	357	136.083
113	maps/rooms/8room_050.map	512	512	232	98	68	406	455.304
91	maps/rooms/8room_050.map	512	512	251	124	429	354	367.179
113	maps/rooms/8room_050.map	512	512	259	484	120	182	455.676
61	maps/rooms/8room_050.map	512	512	292	367	249	499	246.823
71	maps/rooms/8room_050.map	512	512	149	294	279	130	286.451
73	maps/rooms/8room_050.map	512	512	425	331	328	106	295.865
106	maps/rooms/8room_050.map	512	512	283	487	329	142	427.007
82	maps/rooms/8room_050.map	512	512	51	340	263	498	328.392
33	maps/rooms/8room_050.map	512	512	314	170	382	253	133.669
44	maps/rooms/8room_050.map	512	512	402	322	490	442	179.095
104	maps/rooms/8room_050.map	512	512	203	467	484	389	417.576
113	maps/rooms/8room_050.map	512	512	2	427	161	92	455.647
68	maps/rooms/8room_050.map	512	512	12	364	222	340	275.238
90	maps/rooms/8room_050.map	512	512	99	477	178	200	360.978
111	maps/rooms/8room_050.map	512	512	317	191	39	374	444.203
113	maps/rooms/8room_050.map	512	512	43	215	364	61	455.032
113	maps/rooms/8room_050.map	512	512	486	103	192	229	455.304
44	maps/rooms/8room_050.map	512	512	450	301	370	185	179.882
112	maps/rooms/8room_050.map	512	512	467	166	278	456	451.434
21	maps/rooms/8room_050.map	512	512	106	88	62	133	84.9411
92	maps/rooms/8room_050.map	512	512	8	238	136	459	368.321
112	maps/rooms/8room_050.map	512	512	456	89	169	251	451.475
75	maps/rooms/8room_050.map	512	512	383	404	307	213	303.936
19	maps/rooms/8room_050.map	512	512	59	467	55	428	79.1838
112	maps/rooms/8room_050.map	512	512	7	359	175	76	451.032
66	maps/rooms/8room_050.map	512	512	146	451	97	276	267.38
32	maps/rooms/8room_050.map	512	512	434	282	367	312	131.811
90	maps/rooms/8room_050.map	512	512	77	139	253	364	362.078
32	maps/rooms/8room_050.map	512	512	361	52	302	134	130.74
112	maps/rooms/8room_050.map	512	512	415	506	282	209	451.848
56	maps/rooms/8room_050.map	512	512	58	166	170	244	226.652
54	maps/rooms/8room_050.map	512	512	261	46	283	208	216.51
67	maps/rooms/8room_050.map	512	512	367	393	182	268	271.037
71	maps/rooms/8room_050.map	512	512	362	227	162	348	284.238
112	maps/rooms/8room_050.map	512	512	264	479	321	120	451.706
63	maps/rooms/8room_050.map	512	512	3	506	73	314	252.995
70	maps/rooms/8room_050.map	512	512	117	220	282	205	280.451
111	maps/rooms/8room_050.map	512	512	11	419	280	164	447.889
71	maps/rooms/8room_050.map	512	512	236	172	181	372	284.179
102	maps/rooms/8room_050.map	512	512	261	134	42	357	409.647
56	maps/rooms/8room_050.map	512	512	445	155	488	109	227.368
27	maps/rooms/8room_050.map	512	512	174	474	229	415	108.669
111	maps/rooms/8room_050.map	512	512	490	37	147	136	447.605
111	maps/rooms/8room_050.map	512	512	243	397	139	106	447.333
77	maps/rooms/8room_050.map	512	512	404	255	490	30	311.61
98	maps/rooms/8room_050.map	512	512	495	238	259	51	395.836
47	maps/rooms/8room_050.map	512	512	42	318	164	302	190.125
18	maps/rooms/8room_050.map	512	512	208	138	252	120	74.7696
111	maps/rooms/8room_050.map	512	512	117	167	419	24	447.233
80	maps/rooms/8room_050.map	512	512	462	345	473	105	322.037
56	maps/rooms/8room_050.map	512	512	247	311	258	159	225.167
111	maps/rooms/8room_050.map	512	512	174	243	468	45	446.718
74	maps/rooms/8room_050.map	512	512	457	164	309	216	297.664
93	maps/rooms/8room_050.map	512	512	470	74	311	239	372.492
81	maps/rooms/8room_050.map	512	512	287	84	308	335	326.894
109	maps/rooms/8room_050.map	512	512	253	445	392	207	438.948
94	maps/rooms/8room_050.map	512	512	18	111	309	238	379.522
110	maps/rooms/8room_050.map	512	512	242	21	378	357	443.22
95	maps/rooms/8room_050.map	512	512	45	421	8	149	381.451
78	maps/rooms/8room_050.map	512	512	460	179	453	418	314.794
101	maps/rooms/8room_050.map	512	512	249	468	344	164	405.735
40	maps/rooms/8room_050.map	512	512	411	466	422	418	161.225
89	maps/rooms/8room_050.map	512	512	247	25	313	274	358.179
75	maps/rooms/8room_050.map	512	512	183	306	216	91	303.723
109	maps/rooms/8room_050.map	512	512	173	197	482	190	438.492
75	maps/rooms/8room_050.map	512	512	189	350	123	138	301.48
110	maps/rooms/8room_050.map	512	512	194	190	427	431	443.889
76	maps/rooms/8room_050.map	512	512	204	211	382	79	304.25
27	maps/rooms/8room_050.map	512	512	203	319	150	355	110.841
52	maps/rooms/8room_050.map	512	512	394	178	345	284	208.841
110	maps/rooms/8room_050.map	512	512	65	492	393	396	443.019
19	maps/rooms/8room_050.map	512	512	158	130	201	110	79.3848
26	maps/rooms/8room_050.map	512	512	61	6	81	91	107.912
77	maps/rooms/8room_050.map	512	512	182	238	4	150	308.894
110	maps/rooms/8room_050.map	512	512	478	54	345	355	442.777
107	maps/rooms/8room_050.map	512	512	83	76	107	418	428.492
110	maps/rooms/8room_050.map	512	512	89	323	315	39	443.304
95	maps/rooms/8room_050.map	512	512	248	282	124	29	380.806
72	maps/rooms/8room_050.map	512	512	312	120	426	346	291.966
14	maps/rooms/8room_050.map	512	512	323	25	339	74	59.3848
48	maps/rooms/8room_050.map	512	512	4	213	121	316	192.267
110	maps/rooms/8room_050.map	512	512	38	311	424	359	442.735
63	maps/rooms/8room_050.map	512	512	347	455	154	403	254.137
84	maps/rooms/8room_050.map	512	512	359	244	221	8	339.907
37	maps/rooms/8room_050.map	512	512	14	293	14	263	150.953
110	maps/rooms/8room_050.map	512	512	505	152	342	450	443.392
109	maps/rooms/8room_050.map	512	512	485	19	191	229	439.161
40	maps/rooms/8room_050.map	512	512	206	362	310	281	162.397
109	maps/rooms/8room_050.map	512	512	306	429	162	134	439.291
108	maps/rooms/8room_050.map	512	512	403	447	317	125	434.877
101	maps/rooms/8room_050.map	512	512	487	504	231	484	406.919
108	maps/rooms/8room_050.map	512	512	149	492	266	174	435.434
89	maps/rooms/8room_050.map	512	512	85	41	181	314	358.279
108	maps/rooms/8room_050.map	512	512	3	149	344	223	435.25
108	maps/rooms/8room_050.map	512	512	35	476	281	249	435.392
36	maps/rooms/8room_050.map	512	512	317	36	204	36	145.811
108	maps/rooms/8room_050.map	512	512	418	437	92	301	435.747
90	maps/rooms/8room_050.map	512	512	415	281	220	490	363.262
30	maps/rooms/8room_050.map	512	512	309	239	312	168	120.569
63	maps/rooms/8room_050.map	512	512	163	76	358	60	252.74
81	maps/rooms/8room_050.map	512	512	498	331	252	392	326.865
21	maps/rooms/8room_050.map	512	512	224	160	247	94	86.9411
83	maps/rooms/8room_050.map	512	512	354	118	138	182	335.907
86	maps/rooms/8room_050.map	512	512	95	269	267	77	347.865
72	maps/rooms/8room_050.map	512	512	438	49	220	54	288.823
72	maps/rooms/8room_050.map	512	512	185	66	62	262	289.149
21	maps/rooms/8room_050.map	512	512	201	62	254	28	84.2132
103	maps/rooms/8room_050.map	512	512	99	291	378	105	412.304
59	maps/rooms/8room_050.map	512	512	411	265	219	211	239.681
92	maps/rooms/8room_050.map	512	512	169	382	276	114	371.978
103	maps/rooms/8room_050.map	512	512	90	149	392	229	412.007
32	maps/rooms/8room_050.map	512	512	473	502	478	418	130.054
108	maps/rooms/8room_050.map	512	512	284	395	91	113	435.978
39	maps/rooms/8room_050.map	512	512	501	239	446	270	157.74
108	maps/rooms/8room_050.map	512	512	251	331	487	132	435.593
99	maps/rooms/8room_050.map	512	512	194	3	189	316	396.836
102	maps/rooms/8room_050.map	512	512	379	410	211	151	411.191
90	maps/rooms/8room_050.map	512	512	426	331	199	163	360.321
103	maps/rooms/8room_050.map	512	512	110	239	293	15	415.451
16	maps/rooms/8room_050.map	512	512	488	69	445	88	66.6274
61	maps/rooms/8room_050.map	512	512	56	349	255	287	245.652
85	maps/rooms/8room_050.map	512	512	478	315	269	134	340.593
76	maps/rooms/8room_050.map	512	512	262	238	252	411	305.794
107	maps/rooms/8room_050.map	512	512	510	108	179	107	431.463
107	maps/rooms/8room_050.map	512	512	446	205	184	406	430.747
91	maps/rooms/8room_050.map	512	512	184	396	491	354	365.35
73	maps/rooms/8room_050.map	512	512	116	426	17	211	293.48
59	maps/rooms/8room_050.map	512	512	440	479	475	279	237.61
107	maps/rooms/8room_050.map	512	512	421	402	103	236	431.706
65	maps/rooms/8room_050.map	512	512	138	470	217	299	261.823
34	maps/rooms/8room_050.map	512	512	311	450	217	404	139.983
107	maps/rooms/8room_050.map	512	512	479	53	194	229	431.818
46	maps/rooms/8room_050.map	512	512	395	382	364	268	184.782
44	maps/rooms/8room_050.map	512	512	239	357	104	293	176.054
107	maps/rooms/8room_050.map	512	512	189	68	308	371	431.262
53	maps/rooms/8room_050.map	512	512	183	73	244	194	212.267
107	maps/rooms/8room_050.map	512	512	36	92	228	359	431.836
107	maps/rooms/8room_050.map	512	512	220	475	496	312	431.434
44	maps/rooms/8room_050.map	512	512	145	302	40	201	178.953
8	maps/rooms/8room_050.map	512	512	130	180	104	169	34.5563
59	maps/rooms/8room_050.map	512	512	139	10	84	10	239.066
68	maps/rooms/8room_050.map	512	512	202	219	346	62	273.593
40	maps/rooms/8room_050.map	512	512	277	342	228	436	162.497
84	maps/rooms/8room_050.map	512	512	331	76	110	187	336.836
86	maps/rooms/8room_050.map	512	512	226	486	214	231	347.291
31	maps/rooms/8room_050.map	512	512	446	121	491	34	126.426
27	maps/rooms/8room_050.map	512	512	93	402	178	423	110.042
106	maps/rooms/8room_050.map	512	512	442	179	133	153	426.889
64	maps/rooms/8room_050.map	512	512	27	467	76	271	256.439
84	maps/rooms/8room_050.map	512	512	394	211	250	23	336.593
106	maps/rooms/8room_050.map	512	512	82	216	351	3	427.12
90	maps/rooms/8room_050.map	512	512	62	404	244	283	360.037
76	maps/rooms/8room_050.map	512	512	68	83	118	308	307.309
80	maps/rooms/8room_050.map	512	512	159	507	360	365	322.279
106	maps/rooms/8room_050.map	512	512	457	22	331	314	427.907
81	maps/rooms/8room_050.map	512	512	342	393	383	173	326.38
79	maps/rooms/8room_050.map	512	512	245	236	171	31	318.563
106	maps/rooms/8room_050.map	512	512	354	467	498	171	427.664
105	maps/rooms/8room_050.map	512	512	217	286	431	72	423.061
83	maps/rooms/8room_050.map	512	512	285	296	326	30	335.108
58	maps/rooms/8room_050.map	512	512	376	63	412	260	232.539
87	maps/rooms/8room_050.map	512	512	74	170	195	418	350.764
105	maps/rooms/8room_050.map	512	512	262	78	165	403	423.262
55	maps/rooms/8room_050.map	512	512	68	223	131	348	220.024
105	maps/rooms/8room_050.map	512	512	331	371	407	50	423.836
105	maps/rooms/8room_050.map	512	512	236	53	309	384	423.12
105	maps/rooms/8room_050.map	512	512	147	204	387	73	423.191
96	maps/rooms/8room_050.map	512	512	82	380	374	455	386.22
38	maps/rooms/8room_050.map	512	512	238	309	350	285	152.811
105	maps/rooms/8room_050.map	512	512	506	156	275	365	423.706
105	maps/rooms/8room_050.map	512	512	60	37	189	322	423.563
103	maps/rooms/8room_050.map	512	512	364	361	249	38	414.492
60	maps/rooms/8room_050.map	512	512	294	137	435	271	242.439
17	maps/rooms/8room_050.map	512	512	314	338	362	315	70.598
93	maps/rooms/8room_050.map	512	512	147	346	439	423	372.078
82	maps/rooms/8room_050.map	512	512	333	170	60	121	328.451
105	maps/rooms/8room_050.map	512	512	345	25	443	351	423.948
27	maps/rooms/8room_050.map	512	512	508	361	430	340	110.74
23	maps/rooms/8room_050.map	512	512	61	175	94	104	93.0122
20	maps/rooms/8room_050.map	512	512	493	135	477	72	80.0122
104	maps/rooms/8room_050.map	512	512	455	505	343	180	419.492
33	maps/rooms/8room_050.map	512	512	359	106	343	187	135.468
30	maps/rooms/8room_050.map	512	512	139	131	59	198	122.64
78	maps/rooms/8room_050.map	512	512	267	483	390	486	313.764
66	maps/rooms/8room_050.map	512	512	234	348	424	438	266.451
56	maps/rooms/8room_050.map	512	512	235	255	324	126	227.421
104	maps/rooms/8room_050.map	512	512	53	165	331	368	419.291
86	maps/rooms/8room_050.map	512	512	335	420	507	300	345.907
98	maps/rooms/8room_050.map	512	512	359	212	223	480	392.392
60	maps/rooms/8room_050.map	512	512	120	89	3	253	240.38
104	maps/rooms/8room_050.map	512	512	462	150	273	365	419.806
104	maps/rooms/8room_050.map	512	512	131	210	368	118	419.534
104	maps/rooms/8room_050.map	512	512	149	217	424	431	419.233
103	maps/rooms/8room_050.map	512	512	456	71	355	343	414.806
52	maps/rooms/8room_050.map	512	512	93	418	210	351	211.154
12	maps/rooms/8room_050.map	512	512	492	26	508	63	50.3137
102	maps/rooms/8room_050.map	512	512	89	262	351	87	411.86
102	maps/rooms/8room_050.map	512	512	495	495	283	231	411.404
102	maps/rooms/8room_050.map	512	512	122	83	422	248	411.978
20	maps/rooms/8room_050.map	512	512	245	358	182	332	82.8406
101	maps/rooms/8room_050.map	512	512	11	204	323	338	407.421
101	maps/rooms/8room_050.map	512	512	407	441	411	140	407.35
54	maps/rooms/8room_050.map	512	512	362	310	190	347	218.439
29	maps/rooms/8room_050.map	512	512	230	315	317	348	118.184
29	maps/rooms/8room_050.map	512	512	243	89	187	9	119.983
46	maps/rooms/8room_050.map	512	512	447	390	306	404	186.439
69	maps/rooms/8room_050.map	512	512	260	5	269	238	277.095
68	maps/rooms/8room_050.map	512	512	244	237	92	87	272.007
101	maps/rooms/8room_050.map	512	512	306	470	490	204	407.848
83	maps/rooms/8room_050.map	512	512	110	60	232	309	335.593
101	maps/rooms/8room_050.map	512	512	189	373	468	374	407.078
94	maps/rooms/8room_050.map	512	512	101	385	90	90	379.522
51	maps/rooms/8room_050.map	512	512	328	243	270	121	207.782
33	maps/rooms/8room_050.map	512	512	313	351	422	368	132.083
69	maps/rooms/8room_050.map	512	512	191	188	29	325	276.137
101	maps/rooms/8room_050.map	512	512	407	149	109	163	407.262
100	maps/rooms/8room_050.map	512	512	493	205	216	386	403.321
53	maps/rooms/8room_050.map	512	512	278	227	333	77	215.995
100	maps/rooms/8room_050.map	512	512	123	426	142	101	403.764
99	maps/rooms/8room_050.map	512	512	503	11	190	73	399.108
99	maps/rooms/8room_050.map	512	512	391	431	306	91	399.007
99	maps/rooms/8room_050.map	512	512	68	242	366	382	399.706
29	maps/rooms/8room_050.map	512	512	53	488	105	437	118.74
99	maps/rooms/8room_050.map	512	512	73	146	290	377	399.463
99	maps/rooms/8room_050.map	512	512	56	275	360	425	399.019
67	maps/rooms/8room_050.map	512	512	488	307	300	204	269.551
79	maps/rooms/8room_050.map	512	512	392	291	227	134	316.25
98	maps/rooms/8room_050.map	512	512	146	254	431	190	395.593
80	maps/rooms/8room_050.map	512	512	473	35	223	21	320.551
87	maps/rooms/8room_050.map	512	512	332	344	381	93	351.179
54	maps/rooms/8room_050.map	512	512	410	291	255	222	217.338
98	maps/rooms/8room_050.map	512	512	339	102	294	419	395.463
98	maps/rooms/8room_050.map	512	512	62	58	253	305	395.505
66	maps/rooms/8room_050.map	512	512	85	500	200	328	267.451
36	maps/rooms/8room_050.map	512	512	171	357	147	484	146.255
61	maps/rooms/8room_050.map	512	512	51	486	184	510	245.309
69	maps/rooms/8room_050.map	512	512	203	399	52	277	279.794
94	maps/rooms/8room_050.map	512	512	6	180	250	371	379.534
36	maps/rooms/8room_050.map	512	512	245	308	360	344	144.397
98	maps/rooms/8room_050.map	512	512	50	37	68	341	395.421
61	maps/rooms/8room_050.map	512	512	372	73	201	102	245.924
69	maps/rooms/8room_050.map	512	512	323	280	509	326	278.167
86	maps/rooms/8room_050.map	512	512	308	346	22	328	346.936
36	maps/rooms/8room_050.map	512	512	387	421	349	314	144.64
98	maps/rooms/8room_050.map	512	512	510	24	197	110	395.735
32	maps/rooms/8room_050.map	512	512	382	157	297	199	129.368
91	maps/rooms/8room_050.map	512	512	139	183	393	125	366.635
98	maps/rooms/8room_050.map	512	512	42	454	361	337	395.806
57	maps/rooms/8room_050.map	512	512	164	186	316	169	228.581
74	maps/rooms/8room_050.map	512	512	483	167	343	297	298.225
29	maps/rooms/8room_050.map	512	512	332	60	329	158	116.355
97	maps/rooms/8room_050.map	512	512	500	372	296	133	390.806
97	maps/rooms/8room_050.map	512	512	482	428	196	304	391.907
97	maps/rooms/8room_050.map	512	512	395	91	83	60	391.635
96	maps/rooms/8room_050.map	512	512	205	490	268	218	387.25
96	maps/rooms/8room_050.map	512	512	436	325	184	149	387.664
96	maps/rooms/8room_050.map	512	512	483	453	220	272	387.563
96	maps/rooms/8room_050.map	512	512	183	378	201	95	387.25
96	maps/rooms/8room_050.map	512	512	9	407	341	357	387.279
81	maps/rooms/8room_050.map	512	512	399	463	186	287	326.907
85	maps/rooms/8room_050.map	512	512	347	485	79	427	343.622
63	maps/rooms/8room_050.map	512	512	446	43	254	109	255.48
56	maps/rooms/8room_050.map	512	512	170	325	108	155	225.882
94	maps/rooms/8room_050.map	512	512	419	324	106	425	379.907
73	maps/rooms/8room_050.map	512	512	422	281	366	509	292.167
94	maps/rooms/8room_050.map	512	512	174	156	361	382	379.534
93	maps/rooms/8room_050.map	512	512	58	34	173	287	375.907
30	maps/rooms/8room_050.map	512	512	243	89	188	15	120.397
93	maps/rooms/8room_050.map	512	512	223	54	67	302	375.037
72	maps/rooms/8room_050.map	512	512	317	172	107	181	289.551
92	maps/rooms/8room_050.map	512	512	175	308	56	52	371.451
92	maps/rooms/8room_050.map	512	512	106	83	173	387	371.693
92	maps/rooms/8room_050.map	512	512	462	76	221	217	371.948
92	maps/rooms/8room_050.map	512	512	495	22	419	311	371.108
75	maps/rooms/8room_050.map	512	512	461	233	437	483	301.823
91	maps/rooms/8room_050.map	512	512	12	402	312	446	367.037
91	maps/rooms/8room_050.map	512	512	99	84	385	155	367.978
91	maps/rooms/8room_050.map	512	512	457	360	141	407	367.208
78	maps/rooms/8room_050.map	512	512	84	428	335	407	313.522
91	maps/rooms/8room_050.map	512	512	194	405	352	165	367.706
32	maps/rooms/8room_050.map	512	512	349	150	394	197	131.054
90	maps/rooms/8room_050.map	512	512	111	26	356	66	363.995
90	maps/rooms/8room_050.map	512	512	39	63	338	101	363.149
83	maps/rooms/8room_050.map	512	512	38	132	323	119	335.581
89	maps/rooms/8room_050.map	512	512	69	295	263	117	359.806
89	maps/rooms/8room_050.map	512	512	309	148	78	334	359.635
78	maps/rooms/8room_050.map	512	512	290	287	220	89	314.007
38	maps/rooms/8room_050.map	512	512	502	335	484	229	153.983
89	maps/rooms/8room_050.map	512	512	418	175	233	329	359.551
62	maps/rooms/8room_050.map	512	512	237	334	447	358	248.125
43	maps/rooms/8room_050.map	512	512	398	331	349	409	175.61
56	maps/rooms/8room_050.map	512	512	188	103	314	222	224.338
88	maps/rooms/8room_050.map	512	512	311	154	84	340	355.049
83	maps/rooms/8room_050.map	512	512	412	309	179	460	335.179
81	maps/rooms/8room_050.map	512	512	38	122	300	71	327.794
88	maps/rooms/8room_050.map	512	512	333	266	109	201	354.38
88	maps/rooms/8room_050.map	512	512	478	248	189	231	354.693
47	maps/rooms/8room_050.map	512	512	420	453	430	292	191.468
80	maps/rooms/8room_050.map	512	512	302	406	51	312	321.108
88	maps/rooms/8room_050.map	512	512	376	427	179	207	355.492
68	maps/rooms/8room_050.map	512	512	510	374	394	187	275.108
74	maps/rooms/8room_050.map	512	512	130	277	197	58	298.894
43	maps/rooms/8room_050.map	512	512	232	292	205	150	174.539
88	maps/rooms/8room_050.map	512	512	318	2	57	117	355.723
8	maps/rooms/8room_050.map	512	512	11	458	35	468	34.3848
88	maps/rooms/8room_050.map	512	512	506	363	202	334	355.35
85	maps/rooms/8room_050.map	512	512	387	45	454	277	341.652
88	maps/rooms/8room_050.map	512	512	417	179	247	374	355.936
88	maps/rooms/8room_050.map	512	512	456	415	187	298	355.806
87	maps/rooms/8room_050.map	512	512	91	269	269	462	351.007
87	maps/rooms/8room_050.map	512	512	3	175	270	104	351.037
87	maps/rooms/8room_050.map	512	512	473	296	331	65	351.593
67	maps/rooms/8room_050.map	512	512	309	314	483	423	268.823
85	maps/rooms/8room_050.map	512	512	47	222	296	220	343.492
85	maps/rooms/8room_050.map	512	512	508	308	261	175	343.037
35	maps/rooms/8room_050.map	512	512	71	200	3	170	142.468
85	maps/rooms/8room_050.map	512	512	326	318	147	136	343.208
85	maps/rooms/8room_050.map	512	512	149	259	299	490	343.208
80	maps/rooms/8room_050.map	512	512	478	444	238	319	322.664
37	maps/rooms/8room_050.map	512	512	312	142	221	203	151.095
85	maps/rooms/8room_050.map	512	512	119	479	361	335	343.078
23	maps/rooms/8room_050.map	512	512	154	250	182	188	92.669
85	maps/rooms/8room_050.map	512	512	311	388	85	215	343.936
83	maps/rooms/8room_050.map	512	512	429	120	141	103	335.208
44	maps/rooms/8room_050.map	512	512	482	179	427	143	176.882
83	maps/rooms/8room_050.map	512	512	166	167	419	268	335.522
83	maps/rooms/8room_050.map	512	512	492	205	458	474	333.409
81	maps/rooms/8room_050.map	512	512	372	199	495	452	327.037
81	maps/rooms/8room_050.map	512	512	100	175	278	343	327.38
80	maps/rooms/8room_050.map	512	512	278	53	292	297	323.421
79	maps/rooms/8room_050.map	512	512	349	164	96	82	319.593
79	maps/rooms/8room_050.map	512	512	152	216	415	257	319.522
79	maps/rooms/8room_050.map	512	512	217	230	110	458	319.492
65	maps/rooms/8room_050.map	512	512	332	290	264	473	260.38
78	maps/rooms/8room_050.map	512	512	435	164	239	143	315.735
15	maps/rooms/8room_050.map	512	512	138	458	179	431	63.799
74	maps/rooms/8room_050.map	512	512	291	107	46	129	299.167
34	maps/rooms/8room_050.map	512	512	249	277	277	196	139.669
78	maps/rooms/8room_050.map	512	512	414	348	176	459	315.551
78	maps/rooms/8room_050.map	512	512	11	126	188	303	315.764
78	maps/rooms/8room_050.map	512	512	115	180	335	89	315.007
72	maps/rooms/8room_050.map	512	512	355	489	251	293	289.966
74	maps/rooms/8room_050.map	512	512	247	261	60	375	299.35
67	maps/rooms/8room_050.map	512	512	138	300	300	174	271.179
78	maps/rooms/8room_050.map	512	512	150	170	246	364	315.38
72	maps/rooms/8room_050.map	512	512	380	492	483	351	289.622
74	maps/rooms/8room_050.map	512	512	347	91	162	259	299.877
67	maps/rooms/8room_050.map	512	512	350	302	493	198	271.024
74	maps/rooms/8room_050.map	512	512	367	156	146	274	299.735
73	maps/rooms/8room_050.map	512	512	263	510	343	355	295.392
73	maps/rooms/8room_050.map	512	512	396	451	169	446	295.037
73	maps/rooms/8room_050.map	512	512	343	110	101	118	295.966
48	maps/rooms/8room_050.map	512	512	172	88	216	215	192.095
72	maps/rooms/8room_050.map	512	512	364	99	268	292	291.836
71	maps/rooms/8room_050.map	512	512	84	474	199	283	286.894
71	maps/rooms/8room_050.map	512	512	455	505	283	372	286.865
70	maps/rooms/8room_050.map	512	512	197	150	300	357	283.037
70	maps/rooms/8room_050.map	512	512	317	177	216	343	283.794
54	maps/rooms/8room_050.map	512	512	211	290	43	284	218.024
70	maps/rooms/8room_050.map	512	512	27	105	260	172	283.338
70	maps/rooms/8room_050.map	512	512	232	188	311	388	283.25
20	maps/rooms/8room_050.map	512	512	397	486	327	508	82.5269
67	maps/rooms/8room_050.map	512	512	226	316	92	160	271.681
66	maps/rooms/8room_050.map	512	512	504	73	448	279	267.238
57	maps/rooms/8room_050.map	512	512	259	77	191	254	231.51
64	maps/rooms/8room_050.map	512	512	285	469	350	264	259.581
64	maps/rooms/8room_050.map	512	512	3	132	227	102	258.61
64	maps/rooms/8room_050.map	512	512	202	378	217	212	259.066
64	maps/rooms/8room_050.map	512	512	381	331	308	140	259.439
64	maps/rooms/8room_050.map	512	512	233	30	221	243	258.823
64	maps/rooms/8room_050.map	512	512	351	418	460	254	258.681
64	maps/rooms/8room_050.map	512	512	493	427	301	328	259.167
64	maps/rooms/8room_050.map	512	512	456	444	275	338	259.693
63	maps/rooms/8room_050.map	512	512	210	61	414	52	255.953
46	maps/rooms/8room_050.map	512	512	319	281	440	249	184.539
35	maps/rooms/8room_050.map	512	512	482	407	370	399	143.882
63	maps/rooms/8room_050.map	512	512	505	372	421	190	255.723
62	maps/rooms/8room_050.map	512	512	46	340	243	364	251.066
62	maps/rooms/8room_050.map	512	512	443	152	384	309	251.581
62	maps/rooms/8room_050.map	512	512	250	102	383	263	251.238
54	maps/rooms/8room_050.map	512	512	250	349	93	283	217.409
62	maps/rooms/8room_050.map	512	512	207	375	405	424	251.309
62	maps/rooms/8room_050.map	512	512	147	339	55	169	251.924
62	maps/rooms/8room_050.map	512	512	149	137	266	287	251.51
62	maps/rooms/8room_050.map	512	512	415	37	262	184	251.38
60	maps/rooms/8room_050.map	512	512	36	227	73	51	243.652
60	maps/rooms/8room_050.map	512	512	218	235	348	382	243.693
60	maps/rooms/8room_050.map	512	512	407	484	355	381	243.167
43	maps/rooms/8room_050.map	512	512	457	442	470	296	175.811
59	maps/rooms/8room_050.map	512	512	296	34	349	223	239.238
32	maps/rooms/8room_050.map	512	512	252	285	186	212	130.598
59	maps/rooms/8room_050.map	512	512	170	296	334	411	239.752
58	maps/rooms/8room_050.map	512	512	410	408	246	297	235.551
58	maps/rooms/8room_050.map	512	512	439	82	269	105	234.681
58	maps/rooms/8room_050.map	512	512	111	418	212	278	235.167
58	maps/rooms/8room_050.map	512	512	389	330	286	201	235.238
58	maps/rooms/8room_050.map	512	512	268	150	402	247	235.61
58	maps/rooms/8room_050.map	512	512	463	422	283	344	235.48
57	maps/rooms/8room_050.map	512	512	509	85	461	260	231.853
57	maps/rooms/8room_050.map	512	512	73	425	111	246	231.953
56	maps/rooms/8room_050.map	512	512	190	88	350	82	227.581
55	maps/rooms/8room_050.map	512	512	411	73	251	131	222.853
53	maps/rooms/8room_050.map	512	512	226	296	399	323	215.338
37	maps/rooms/8room_050.map	512	512	354	106	441	44	148.497
55	maps/rooms/8room_050.map	512	512	276	442	188	321	223.167
55	maps/rooms/8room_050.map	512	512	316	437	277	266	223.296
55	maps/rooms/8room_050.map	512	512	34	68	212	141	222.723
53	maps/rooms/8room_050.map	512	512	126	360	36	220	213.196
54	maps/rooms/8room_050.map	512	512	231	342	78	428	219.953
54	maps/rooms/8room_050.map	512	512	362	10	249	133	218.894
54	maps/rooms/8room_050.map	512	512	455	110	420	244	218.74
50	maps/rooms/8room_050.map	512	512	223	500	243	341	203.853
52	maps/rooms/8room_050.map	512	512	333	21	262	194	211.439
51	maps/rooms/8room_050.map	512	512	210	235	293	375	207.752
51	maps/rooms/8room_050.map	512	512	386	455	418	309	207.296
51	maps/rooms/8room_050.map	512	512	405	227	248	167	206.882
51	maps/rooms/8room_050.map	512	512	31	285	111	136	207.35
19	maps/rooms/8room_050.map	512	512	494	353	462	299	76.5269
51	maps/rooms/8room_050.map	512	512	366	344	215	266	207.225
50	maps/rooms/8room_050.map	512	512	313	294	420	409	203.924
50	maps/rooms/8room_050.map	512	512	111	86	122	261	203.296
50	maps/rooms/8room_050.map	512	512	29	489	90	332	203.095
50	maps/rooms/8room_050.map	512	512	134	438	195	297	203.924
50	maps/rooms/8room_050.map	512	512	242	115	222	275	202.652
19	maps/rooms/8room_050.map	512	512	392	264	463	266	79.2843
49	maps/rooms/8room_050.map	512	512	344	511	296	359	199.882
49	maps/rooms/8room_050.map	512	512	461	463	309	392	198.924
49	maps/rooms/8room_050.map	512	512	494	122	450	268	199.539
49	maps/rooms/8room_050.map	512	512	413	395	293	463	199.681
49	maps/rooms/8room_050.map	512	512	232	77	211	226	199.782
49	maps/rooms/8room_050.map	512	512	473	504	384	396	199.853
48	maps/rooms/8room_050.map	512	512	470	367	307	330	195.054
48	maps/rooms/8room_050.map	512	512	88	91	241	153	195.267
48	maps/rooms/8room_050.map	512	512	121	345	270	286	195.64
48	maps/rooms/8room_050.map	512	512	425	154	410	293	195.054
48	maps/rooms/8room_050.map	512	512	47	197	198	149	195.267
35	maps/rooms/8room_050.map	512	512	79	344	109	239	143.426
48	maps/rooms/8room_050.map	512	512	347	391	228	287	195.51
48	maps/rooms/8room_050.map	512	512	389	507	309	374	195.51
47	maps/rooms/8room_050.map	512	512	306	117	276	254	191.652
47	maps/rooms/8room_050.map	512	512	9	122	178	107	191.154
42	maps/rooms/8room_050.map	512	512	114	9	248	69	169.882
47	maps/rooms/8room_050.map	512	512	110	41	86	207	191.255
45	maps/rooms/8room_050.map	512	512	298	89	187	197	182.681
45	maps/rooms/8room_050.map	512	512	308	230	336	101	183.267
45	maps/rooms/8room_050.map	512	512	76	422	141	306	183.61
45	maps/rooms/8room_050.map	512	512	246	358	173	241	183.539
45	maps/rooms/8room_050.map	512	512	266	294	205	408	183.61
45	maps/rooms/8room_050.map	512	512	82	435	229	379	183.711
44	maps/rooms/8room_050.map	512	512	341	315	221	383	179.539
22	maps/rooms/8room_050.map	512	512	247	174	201	118	90.2843
44	maps/rooms/8room_050.map	512	512	413	290	327	164	179.196
43	maps/rooms/8room_050.map	512	512	180	414	136	276	175.054
43	maps/rooms/8room_050.map	512	512	255	45	322	155	175.468
43	maps/rooms/8room_050.map	512	512	103	31	181	156	175.468
43	maps/rooms/8room_050.map	512	512	334	458	242	364	175.64
42	maps/rooms/8room_050.map	512	512	407	230	263	192	171.74
42	maps/rooms/8room_050.map	512	512	263	396	400	421	171.095
42	maps/rooms/8room_050.map	512	512	27	359	136	306	171.681
42	maps/rooms/8room_050.map	512	512	467	388	509	494	171.64
12	maps/rooms/8room_050.map	512	512	322	54	362	75	51.2843
41	maps/rooms/8room_050.map	512	512	73	162	124	278	166.64
41	maps/rooms/8room_050.map	512	512	316	296	250	374	167.497
41	maps/rooms/8room_050.map	512	512	69	390	216	388	167.569
38	maps/rooms/8room_050.map	512	512	238	334	306	404	152.468
30	maps/rooms/8room_050.map	512	512	148	38	250	52	122.77
41	maps/rooms/8room_050.map	512	512	390	104	243	117	166.811
41	maps/rooms/8room_050.map	512	512	483	395	390	428	167.823
40	maps/rooms/8room_050.map	512	512	149	376	130	261	163.74
40	maps/rooms/8room_050.map	512	512	303	311	216	386	163.64
40	maps/rooms/8room_050.map	512	512	114	68	225	153	163.196
39	maps/rooms/8room_050.map	512	512	44	277	110	156	159.51
39	maps/rooms/8room_050.map	512	512	359	298	420	403	158.811
39	maps/rooms/8room_050.map	512	512	430	436	324	361	159.711
39	maps/rooms/8room_050.map	512	512	460	197	360	164	159.61
26	maps/rooms/8room_050.map	512	512	327	470	318	489	107.941
39	maps/rooms/8room_050.map	512	512	489	388	366	346	159.811
26	maps/rooms/8room_050.map	512	512	134	299	204	253	107.983
10	maps/rooms/8room_050.map	512	512	55	471	20	476	42.3848
39	maps/rooms/8room_050.map	512	512	407	366	292	294	159.711
38	maps/rooms/8room_050.map	512	512	466	227	350	234	155.569
38	maps/rooms/8room_050.map	512	512	434	404	322	379	155.811
5	maps/rooms/8room_050.map	512	512	421	343	431	330	20.0711
38	maps/rooms/8room_050.map	512	512	75	479	173	406	155.326
37	maps/rooms/8room_050.map	512	512	463	201	362	152	151.439
37	maps/rooms/8room_050.map	512	512	114	15	234	67	151.74
37	maps/rooms/8room_050.map	512	512	74	307	194	298	151.61
33	maps/rooms/8room_050.map	512	512	108	219	137	292	133.983
37	maps/rooms/8room_050.map	512	512	251	412	361	335	151.752
37	maps/rooms/8room_050.map	512	512	243	265	180	164	151.154
37	maps/rooms/8room_050.map	512	512	387	119	262	113	151.468
35	maps/rooms/8room_050.map	512	512	349	454	285	374	143.74
35	maps/rooms/8room_050.map	512	512	254	475	343	447	142.74
35	maps/rooms/8room_050.map	512	512	429	470	427	430	143.397
35	maps/rooms/8room_050.map	512	512	213	415	315	441	143.054
35	maps/rooms/8room_050.map	512	512	211	214	284	287	143.012
35	maps/rooms/8room_050.map	512	512	459	216	361	226	143.054
35	maps/rooms/8room_050.map	512	512	60	460	69	345	142.811
34	maps/rooms/8room_050.map	512	512	68	392	132	308	139.539
34	maps/rooms/8room_050.map	512	512	469	252	376	316	139.468
34	maps/rooms/8room_050.map	512	512	246	193	335	103	139.752
34	maps/rooms/8room_050.map	512	512	223	348	137	276	139.255
33	maps/rooms/8room_050.map	512	512	197	46	140	138	135.811
33	maps/rooms/8room_050.map	512	512	21	77	140	89	135.912
33	maps/rooms/8room_050.map	512	512	314	197	350	295	135.941
33	maps/rooms/8room_050.map	512	512	126	43	158	127	135.296
31	maps/rooms/8room_050.map	512	512	295	52	316	121	127.74
31	maps/rooms/8room_050.map	512	512	242	310	332	371	127.125
31	maps/rooms/8room_050.map	512	512	125	225	139	107	127.456
31	maps/rooms/8room_050.map	512	512	53	447	146	395	127.326
31	maps/rooms/8room_050.map	512	512	78	79	172	121	127.296
31	maps/rooms/8room_050.map	512	512	330	258	279	204	127.326
30	maps/rooms/8room_050.map	512	512	437	252	350	239	123.255
30	maps/rooms/8room_050.map	512	512	372	342	435	283	123.698
30	maps/rooms/8room_050.map	512	512	47	120	153	110	123.598
30	maps/rooms/8room_050.map	512	512	502	212	425	174	122.983
29	maps/rooms/8room_050.map	512	512	396	349	289	323	119.77
29	maps/rooms/8room_050.map	512	512	321	297	346	197	119.527
29	maps/rooms/8room_050.map	512	512	445	102	366	62	119.426
28	maps/rooms/8room_050.map	512	512	470	342	402	348	115.598
28	maps/rooms/8room_050.map	512	512	114	203	148	283	115.255
28	maps/rooms/8room_050.map	512	512	75	102	64	195	115.598
28	maps/rooms/8room_050.map	512	512	94	370	180	406	115.012
28	maps/rooms/8room_050.map	512	512	147	268	231	316	115.598
28	maps/rooms/8room_050.map	512	512	3	166	79	107	115.083
28	maps/rooms/8room_050.map	512	512	408	207	354	165	115.255
28	maps/rooms/8room_050.map	512	512	422	350	316	335	115.042
28	maps/rooms/8room_050.map	512	512	169	27	140	109	115.326
28	maps/rooms/8room_050.map	512	512	155	157	212	156	115.255
27	maps/rooms/8room_050.map	512	512	314	222	389	268	111.083
27	maps/rooms/8room_050.map	512	512	283	451	296	359	111.87
27	maps/rooms/8room_050.map	512	512	330	75	333	170	111.841
26	maps/rooms/8room_050.map	512	512	395	482	342	410	107.811
26	maps/rooms/8room_050.map	512	512	267	171	215	232	107.569
26	maps/rooms/8room_050.map	512	512	490	233	425	174	106.669
26	maps/rooms/8room_050.map	512	512	247	370	188	309	107.255
26	maps/rooms/8room_050.map	512	512	312	386	225	383	107.497
26	maps/rooms/8room_050.map	512	512	487	178	458	248	107.326
26	maps/rooms/8room_050.map	512	512	314	367	380	310	106.74
25	maps/rooms/8room_050.map	512	512	155	323	167	413	103.598
25	maps/rooms/8room_050.map	512	512	258	136	313	69	103.497
25	maps/rooms/8room_050.map	512	512	29	265	95	197	103.539
25	maps/rooms/8room_050.map	512	512	383	66	327	115	102.698
25	maps/rooms/8room_050.map	512	512	203	148	268	106	103.569
25	maps/rooms/8room_050.map	512	512	59	404	105	406	103.012
25	maps/rooms/8room_050.map	512	512	485	210	417	170	103.841
25	maps/rooms/8room_050.map	512	512	312	373	390	405	103.255
24	maps/rooms/8room_050.map	512	512	74	339	150	314	99.3259
24	maps/rooms/8room_050.map	512	512	478	249	406	247	99.3553
24	maps/rooms/8room_050.map	512	512	389	31	322	26	99.2548
24	maps/rooms/8room_050.map	512	512	195	494	167	412	99.598
24	maps/rooms/8room_050.map	512	512	203	63	141	100	99.2254
24	maps/rooms/8room_050.map	512	512	197	147	274	170	99.2548
24	maps/rooms/8room_050.map	512	512	396	92	325	117	98.669
24	maps/rooms/8room_050.map	512	512	261	452	335	454	99.7401
24	maps/rooms/8room_050.map	512	512	423	485	442	447	99.7696
1	maps/rooms/8room_050.map	512	512	377	202	373	203	4.41421
23	maps/rooms/8room_050.map	512	512	35	494	93	439	95.4264
23	maps/rooms/8room_050.map	512	512	8	70	92	86	95.9411
23	maps/rooms/8room_050.map	512	512	36	43	96	83	95.2548
23	maps/rooms/8room_050.map	512	512	403	214	402	275	95.8406
23	maps/rooms/8room_050.map	512	512	93	438	63	367	95.7696
23	maps/rooms/8room_050.map	512	512	115	430	142	363	95.397
23	maps/rooms/8room_050.map	512	512	339	105	334	171	95.9117
22	maps/rooms/8room_050.map	512	512	326	322	247	316	91.7696
22	maps/rooms/8room_050.map	512	512	344	274	317	214	91.3848
22	maps/rooms/8room_050.map	512	512	422	41	350	72	91.2843
22	maps/rooms/8room_050.map	512	512	288	462	300	392	90.8701
22	maps/rooms/8room_050.map	512	512	85	255	134	265	91.0833
22	maps/rooms/8room_050.map	512	512	150	142	149	68	91.1838
22	maps/rooms/8room_050.map	512	512	457	270	398	240	91.1838
21	maps/rooms/8room_050.map	512	512	244	397	260	361	87.6985
21	maps/rooms/8room_050.map	512	512	296	57	252	111	87.0122
21	maps/rooms/8room_050.map	512	512	13	229	67	268	87.0833
21	maps/rooms/8room_050.map	512	512	24	508	55	445	87.0122
21	maps/rooms/8room_050.map	512	512	38	86	114	97	87.1838
21	maps/rooms/8room_050.map	512	512	174	10	223	53	87.598
20	maps/rooms/8room_050.map	512	512	254	283	222	240	83.2843
20	maps/rooms/8room_050.map	512	512	331	273	312	331	82.6985
20	maps/rooms/8room_050.map	512	512	378	94	324	118	83.1127
20	maps/rooms/8room_050.map	512	512	234	12	265	32	83.8701
20	maps/rooms/8room_050.map	512	512	460	383	397	348	83.0122
19	maps/rooms/8room_050.map	512	512	300	191	268	130	79.5269
19	maps/rooms/8room_050.map	512	512	441	239	381	235	79.6985
19	maps/rooms/8room_050.map	512	512	409	377	371	426	78.6985
19	maps/rooms/8room_050.map	512	512	70	130	69	195	79.6985
19	maps/rooms/8room_050.map	512	512	15	498	53	453	79.2843
19	maps/rooms/8room_050.map	512	512	134	393	168	338	79.6274
18	maps/rooms/8room_050.map	512	512	312	167	262	187	75.0122
18	maps/rooms/8room_050.map	512	512	163	83	141	132	75.9706
18	maps/rooms/8room_050.map	512	512	54	86	117	100	74.598
18	maps/rooms/8room_050.map	512	512	199	262	222	240	75.7696
18	maps/rooms/8room_050.map	512	512	178	20	178	85	74.799
18	maps/rooms/8room_050.map	512	512	296	244	282	210	75.3553
8	maps/rooms/8room_050.map	512	512	26	103	9	115	34.8995
18	maps/rooms/8room_050.map	512	512	194	482	165	425	75.3553
17	maps/rooms/8room_050.map	512	512	292	309	340	349	71.598
17	maps/rooms/8room_050.map	512	512	217	309	165	282	71.3848
17	maps/rooms/8room_050.map	512	512	373	94	321	104	71.799
17	maps/rooms/8room_050.map	512	512	139	419	142	367	71.4264
17	maps/rooms/8room_050.map	512	512	430	309	379	334	71.3553
17	maps/rooms/8room_050.map	512	512	429	236	403	280	71.3553
17	maps/rooms/8room_050.map	512	512	251	443	295	457	71.6985
16	maps/rooms/8room_050.map	512	512	69	217	101	171	67.4558
16	maps/rooms/8room_050.map	512	512	165	505	154	450	67.1127
16	maps/rooms/8room_050.map	512	512	104	349	149	315	67.2843
16	maps/rooms/8room_050.map	512	512	210	390	209	354	67.0416
16	maps/rooms/8room_050.map	512	512	122	445	144	394	67.1838
16	maps/rooms/8room_050.map	512	512	428	119	415	161	67.2843
16	maps/rooms/8room_050.map	512	512	9	10	43	50	67.1127
16	maps/rooms/8room_050.map	512	512	57	431	66	376	67.1127
16	maps/rooms/8room_050.map	512	512	490	195	459	243	67.8701
15	maps/rooms/8room_050.map	512	512	398	138	354	107	63.2843
15	maps/rooms/8room_050.map	512	512	503	263	458	297	63.7696
15	maps/rooms/8room_050.map	512	512	300	164	262	191	63.2843
15	maps/rooms/8room_050.map	512	512	255	456	235	408	63.4558
15	maps/rooms/8room_050.map	512	512	443	58	404	55	63.3553
15	maps/rooms/8room_050.map	512	512	263	364	213	340	63.598
14	maps/rooms/8room_050.map	512	512	247	297	225	329	59.799
14	maps/rooms/8room_050.map	512	512	303	87	259	115	59.1127
14	maps/rooms/8room_050.map	512	512	109	366	135	323	59.6274
14	maps/rooms/8room_050.map	512	512	261	366	305	389	59.0416
14	maps/rooms/8room_050.map	512	512	155	22	171	66	58.6274
14	maps/rooms/8room_050.map	512	512	267	139	316	143	59.6274
14	maps/rooms/8room_050.map	512	512	260	475	246	432	59.0416
14	maps/rooms/8room_050.map	512	512	202	361	234	322	59.2843
14	maps/rooms/8room_050.map	512	512	153	126	182	163	59.5563
13	maps/rooms/8room_050.map	512	512	104	109	120	110	54.799
13	maps/rooms/8room_050.map	512	512	414	34	378	60	54.9706
13	maps/rooms/8room_050.map	512	512	227	498	192	472	55.9706
13	maps/rooms/8room_050.map	512	512	230	28	243	72	54.799
13	maps/rooms/8room_050.map	512	512	182	156	181	203	54.8701
13	maps/rooms/8room_050.map	512	512	268	108	226	105	55.0416
13	maps/rooms/8room_050.map	512	512	383	75	372	36	55.2132
13	maps/rooms/8room_050.map	512	512	170	76	187	120	54.6985
13	maps/rooms/8room_050.map	512	512	357	182	308	170	55.9706
13	maps/rooms/8room_050.map	512	512	116	86	150	119	55.8701
12	maps/rooms/8room_050.map	512	512	109	173	99	126	51.9706
12	maps/rooms/8room_050.map	512	512	13	335	59	330	51.7279
12	maps/rooms/8room_050.map	512	512	505	246	468	261	51.5563
12	maps/rooms/8room_050.map	512	512	171	460	197	423	51.8701
12	maps/rooms/8room_050.map	512	512	504	180	464	188	51.9411
12	maps/rooms/8room_050.map	512	512	459	137	442	95	51.3848
12	maps/rooms/8room_050.map	512	512	388	339	346	346	51.4853
12	maps/rooms/8room_050.map	512	512	202	149	240	143	51.4558
11	maps/rooms/8room_050.map	512	512	362	366	321	357	47.799
11	maps/rooms/8room_050.map	512	512	348	251	372	230	47.4853
11	maps/rooms/8room_050.map	512	512	189	263	181	242	47.6274
11	maps/rooms/8room_050.map	512	512	334	19	307	51	47.2843
11	maps/rooms/8room_050.map	512	512	104	252	69	271	47.2132
11	maps/rooms/8room_050.map	512	512	292	500	278	462	47.8995
11	maps/rooms/8room_050.map	512	512	375	24	367	55	47.6274
11	maps/rooms/8room_050.map	512	512	53	470	53	448	47.5563
11	maps/rooms/8room_050.map	512	512	326	179	354	165	47.1127
11	maps/rooms/8room_050.map	512	512	378	508	358	473	47.0416
10	maps/rooms/8room_050.map	512	512	341	77	330	101	43.1421
10	maps/rooms/8room_050.map	512	512	74	7	86	44	43.1421
10	maps/rooms/8room_050.map	512	512	373	19	366	46	43.2132
10	maps/rooms/8room_050.map	512	512	492	34	452	29	43.2426
10	maps/rooms/8room_050.map	512	512	99	314	135	316	42.6274
10	maps/rooms/8room_050.map	512	512	34	168	76	165	43.2426
10	maps/rooms/8room_050.map	512	512	246	358	287	364	43.4853
10	maps/rooms/8room_050.map	512	512	330	179	347	210	42.7279
9	maps/rooms/8room_050.map	512	512	51	266	89	263	39.2426
9	maps/rooms/8room_050.map	512	512	72	445	69	408	39.8995
9	maps/rooms/8room_050.map	512	512	374	291	408	292	39.3848
9	maps/rooms/8room_050.map	512	512	56	439	85	426	39.3137
9	maps/rooms/8room_050.map	512	512	411	504	438	495	39.3137
9	maps/rooms/8room_050.map	512	512	278	510	284	475	39.9706
5	maps/rooms/8room_050.map	512	512	335	174	317	170	20.8284
9	maps/rooms/8room_050.map	512	512	173	83	140	92	39.2132
9	maps/rooms/8room_050.map	512	512	147	452	165	426	39.8995
9	maps/rooms/8room_050.map	512	512	77	509	79	474	39.1421
9	maps/rooms/8room_050.map	512	512	462	231	450	266	39.9706
8	maps/rooms/8room_050.map	512	512	28	314	42	316	35.5563
8	maps/rooms/8room_050.map	512	512	439	212	427	236	35.5563
8	maps/rooms/8room_050.map	512	512	451	200	476	215	35.8995
8	maps/rooms/8room_050.map	512	512	477	387	459	364	35.7279
8	maps/rooms/8room_050.map	512	512	116	165	126	196	35.1421
8	maps/rooms/8room_050.map	512	512	111	62	93	83	35.4853
8	maps/rooms/8room_050.map	512	512	85	146	98	119	35.8995
7	maps/rooms/8room_050.map	512	512	306	154	286	150	31.4142
7	maps/rooms/8room_050.map	512	512	370	466	377	444	30.8995
7	maps/rooms/8room_050.map	512	512	394	179	386	155	31.6569
7	maps/rooms/8room_050.map	512	512	172	148	201	152	31.4853
7	maps/rooms/8room_050.map	512	512	484	379	461	374	31.0711
7	maps/rooms/8room_050.map	512	512	101	348	124	334	31.1421
7	maps/rooms/8room_050.map	512	512	73	43	86	67	31.7279
7	maps/rooms/8room_050.map	512	512	189	407	210	394	31.0711
7	maps/rooms/8room_050.map	512	512	55	100	71	117	30.799
6	maps/rooms/8room_050.map	512	512	166	325	145	318	27.0711
6	maps/rooms/8room_050.map	512	512	314	163	289	159	27.8284
6	maps/rooms/8room_050.map	512	512	347	165	338	188	26.7279
6	maps/rooms/8room_050.map	512	512	187	339	190	333	27.4853
6	maps/rooms/8room_050.map	512	512	334	423	333	445	27.3848
6	maps/rooms/8room_050.map	512	512	484	67	491	92	27.8995
6	maps/rooms/8room_050.map	512	512	74	41	87	60	27.5563
6	maps/rooms/8room_050.map	512	512	149	447	165	433	27.6569
6	maps/rooms/8room_050.map	512	512	375	373	352	382	27.8995
6	maps/rooms/8room_050.map	512	512	328	121	340	101	27.8995
5	maps/rooms/8room_050.map	512	512	246	374	228	365	22.8995
5	maps/rooms/8room_050.map	512	512	57	93	78	91	23.4853
5	maps/rooms/8room_050.map	512	512	424	364	419	343	23.0711
5	maps/rooms/8room_050.map	512	512	412	276	393	270	22.6569
5	maps/rooms/8room_050.map	512	512	234	491	220	477	23.3137
5	maps/rooms/8room_050.map	512	512	292	364	314	361	23.2426
5	maps/rooms/8room_050.map	512	512	222	161	205	175	23.3848
5	maps/rooms/8room_050.map	512	512	73	502	77	480	23.6569
4	maps/rooms/8room_050.map	512	512	245	341	230	350	18.7279
4	maps/rooms/8room_050.map	512	512	476	39	469	56	19.8995
4	maps/rooms/8room_050.map	512	512	267	297	251	298	19.7279
4	maps/rooms/8room_050.map	512	512	37	179	50	168	19.8995
4	maps/rooms/8room_050.map	512	512	408	326	392	332	19.3137
4	maps/rooms/8room_050.map	512	512	439	330	423	322	19.3137
4	maps/rooms/8room_050.map	512	512	266	227	268	208	19.8284
4	maps/rooms/8room_050.map	512	512	381	194	377	211	18.6569
4	maps/rooms/8room_050.map	512	512	108	440	108	421	19
3	maps/rooms/8room_050.map	512	512	458	296	443	296	15
3	maps/rooms/8room_050.map	512	512	135	422	121	418	15.6569
3	maps/rooms/8room_050.map	512	512	104	39	111	52	15.8995
3	maps/rooms/8room_050.map	512	512	248	434	243	447	15.0711
3	maps/rooms/8room_050.map	512	512	391	190	406	191	15.4142
3	maps/rooms/8room_050.map	512	512	49	418	62	423	15.0711
3	maps/rooms/8room_050.map	512	512	361	406	375	410	15.6569
3	maps/rooms/8room_050.map	512	512	329	506	319	497	15.4853
3	maps/rooms/8room_050.map	512	512	487	494	475	486	15.3137
3	maps/rooms/8room_050.map	512	512	424	38	412	44	15.6569
2	maps/rooms/8room_050.map	512	512	362	116	356	109	10.6569
2	maps/rooms/8room_050.map	512	512	308	274	317	279	11.0711
2	maps/rooms/8room_050.map	512	512	150	38	152	49	11.8284
2	maps/rooms/8room_050.map	512	512	85	386	77	393	11.4853
2	maps/rooms/8room_050.map	512	512	149	74	153	83	11.4853
2	maps/rooms/8room_050.map	512	512	60	5	69	12	11.8995
2	maps/rooms/8room_050.map	512	512	326	91	328	100	11.4853
2	maps/rooms/8room_050.map	512	512	472	428	462	425	11.2426
2	maps/rooms/8room_050.map	512	512	234	313	243	317	11.4853
2	maps/rooms/8room_050.map	512	512	383	20	382	31	11.4142
1	maps/rooms/8room_050.map	512	512	207	430	200	430	7
1	maps/rooms/8room_050.map	512	512	28	171	25	177	7.24264
1	maps/rooms/8room_050.map	512	512	366	168	364	175	7.82843
1	maps/rooms/8room_050.map	512	512	166	256	171	251	7.07107
1	maps/rooms/8room_050.map	512	512	459	455	460	448	7.41421
1	maps/rooms/8room_050.map	512	512	483	311	477	310	7.24264
1	maps/rooms/8room_050.map	512	512	262	146	269	146	7
1	maps/rooms/8room_050.map	512	512	202	504	206	509	6.65685
0	maps/rooms/8room_050.map	512	512	364	58	366	60	2.82843
0	maps/rooms/8room_050.map	512	512	173	412	175	409	3.82843
0	maps/rooms/8room_050.map	512	512	210	175	207	174	3.41421
0	maps/rooms/8room_050.map	512	512	163	502	166	502	3
0	maps/rooms/8room_050.map	512	512	93	329	91	327	2.82843
0	maps/rooms/8room_050.map	512	512	41	396	44	396	3
0	maps/rooms/8room_050.map	512	512	506	254	504	252	2.82843
0	maps/rooms/8room_050.map	512	512	310	120	312	122	2.82843
0	maps/rooms/8room_050.map	512	512	459	339	457	341	2.82843
