version 1
10	maps/rooms/8room_006.map	512	512	162	290	146	281	41.4853
105	maps/rooms/8room_006.map	512	512	423	202	203	415	423.818
127	maps/rooms/8room_006.map	512	512	119	430	416	148	511.617
89	maps/rooms/8room_006.map	512	512	45	202	151	392	359.764
87	maps/rooms/8room_006.map	512	512	398	322	153	356	349.593
52	maps/rooms/8room_006.map	512	512	91	179	74	36	210.953
78	maps/rooms/8room_006.map	512	512	504	278	387	508	315.794
92	maps/rooms/8room_006.map	512	512	45	471	311	334	368.907
57	maps/rooms/8room_006.map	512	512	276	300	356	423	230.439
107	maps/rooms/8room_006.map	512	512	197	410	54	118	430.12
113	maps/rooms/8room_006.map	512	512	268	427	11	261	455.191
67	maps/rooms/8room_006.map	512	512	488	463	295	435	270.823
123	maps/rooms/8room_006.map	512	512	199	362	508	156	492.446
31	maps/rooms/8room_006.map	512	512	272	470	235	372	125.569
68	maps/rooms/8room_006.map	512	512	456	171	303	114	273.38
127	maps/rooms/8room_006.map	512	512	182	394	323	53	511.002
81	maps/rooms/8room_006.map	512	512	486	461	248	460	325.693
94	maps/rooms/8room_006.map	512	512	371	15	69	85	377.463
85	maps/rooms/8room_006.map	512	512	263	475	127	380	340.664
65	maps/rooms/8room_006.map	512	512	246	222	445	217	263.522
24	maps/rooms/8room_006.map	512	512	123	252	189	284	99.8406
92	maps/rooms/8room_006.map	512	512	60	281	216	401	369.664
72	maps/rooms/8room_006.map	512	512	261	222	196	19	291.664
80	maps/rooms/8room_006.map	512	512	163	441	230	238	321.095
127	maps/rooms/8room_006.map	512	512	402	356	151	82	511.919
57	maps/rooms/8room_006.map	512	512	166	270	329	339	229.782
14	maps/rooms/8room_006.map	512	512	120	261	141	270	57.9411
73	maps/rooms/8room_006.map	512	512	233	427	140	222	293.865
29	maps/rooms/8room_006.map	512	512	334	82	398	109	116.397
126	maps/rooms/8room_006.map	512	512	308	222	56	386	506.659
66	maps/rooms/8room_006.map	512	512	441	430	396	252	264.723
111	maps/rooms/8room_006.map	512	512	123	201	442	104	445.463
127	maps/rooms/8room_006.map	512	512	95	188	468	364	511.676
121	maps/rooms/8room_006.map	512	512	399	248	10	217	484.635
127	maps/rooms/8room_006.map	512	512	61	435	372	181	511.517
34	maps/rooms/8room_006.map	512	512	166	436	228	471	138.64
71	maps/rooms/8room_006.map	512	512	312	359	279	173	284.279
73	maps/rooms/8room_006.map	512	512	79	191	283	203	295.924
127	maps/rooms/8room_006.map	512	512	117	442	6	85	511.505
11	maps/rooms/8room_006.map	512	512	213	79	219	120	44.3137
91	maps/rooms/8room_006.map	512	512	152	458	18	285	367.25
127	maps/rooms/8room_006.map	512	512	259	43	487	349	508.617
117	maps/rooms/8room_006.map	512	512	90	60	387	205	471.12
55	maps/rooms/8room_006.map	512	512	383	315	441	470	220.296
88	maps/rooms/8room_006.map	512	512	70	343	41	141	353.25
123	maps/rooms/8room_006.map	512	512	88	394	149	26	492.019
127	maps/rooms/8room_006.map	512	512	93	131	431	261	510.86
53	maps/rooms/8room_006.map	512	512	313	130	189	83	213.125
76	maps/rooms/8room_006.map	512	512	266	469	471	377	306.037
70	maps/rooms/8room_006.map	512	512	287	335	467	219	282.451
93	maps/rooms/8room_006.map	512	512	393	393	86	392	372.291
51	maps/rooms/8room_006.map	512	512	333	83	476	182	206.652
109	maps/rooms/8room_006.map	512	512	135	251	407	72	437.434
109	maps/rooms/8room_006.map	512	512	270	191	35	12	437.019
118	maps/rooms/8room_006.map	512	512	97	297	476	330	474.492
45	maps/rooms/8room_006.map	512	512	342	168	446	137	181.468
17	maps/rooms/8room_006.map	512	512	437	343	381	340	68.799
41	maps/rooms/8room_006.map	512	512	412	297	457	228	165.296
72	maps/rooms/8room_006.map	512	512	134	370	223	147	290.894
127	maps/rooms/8room_006.map	512	512	489	171	74	113	511.718
54	maps/rooms/8room_006.map	512	512	86	389	153	250	219.924
105	maps/rooms/8room_006.map	512	512	60	332	267	301	422.735
127	maps/rooms/8room_006.map	512	512	102	107	482	46	511.233
126	maps/rooms/8room_006.map	512	512	27	382	241	134	507.546
94	maps/rooms/8room_006.map	512	512	426	338	486	62	376.309
102	maps/rooms/8room_006.map	512	512	3	455	165	205	408.392
50	maps/rooms/8room_006.map	512	512	297	388	263	218	201.196
120	maps/rooms/8room_006.map	512	512	259	291	453	24	481.534
42	maps/rooms/8room_006.map	512	512	508	36	510	125	171.368
122	maps/rooms/8room_006.map	512	512	425	456	75	483	490.061
82	maps/rooms/8room_006.map	512	512	134	107	260	332	328.764
81	maps/rooms/8room_006.map	512	512	149	159	394	111	325.894
126	maps/rooms/8room_006.map	512	512	441	340	44	444	507.475
126	maps/rooms/8room_006.map	512	512	387	84	170	403	507.931
61	maps/rooms/8room_006.map	512	512	72	72	40	197	247.024
75	maps/rooms/8room_006.map	512	512	435	445	476	254	301.865
126	maps/rooms/8room_006.map	512	512	261	44	229	422	507.103
74	maps/rooms/8room_006.map	512	512	322	463	372	265	296.451
94	maps/rooms/8room_006.map	512	512	484	382	378	151	376.078
42	maps/rooms/8room_006.map	512	512	351	214	303	333	171.225
74	maps/rooms/8room_006.map	512	512	455	26	357	207	299.652
126	maps/rooms/8room_006.map	512	512	229	426	503	163	507.617
84	maps/rooms/8room_006.map	512	512	434	180	346	413	339.25
101	maps/rooms/8room_006.map	512	512	283	27	8	204	407.262
66	maps/rooms/8room_006.map	512	512	199	173	41	216	266.238
126	maps/rooms/8room_006.map	512	512	287	36	268	420	506.688
100	maps/rooms/8room_006.map	512	512	134	84	358	280	403.179
30	maps/rooms/8room_006.map	512	512	510	217	414	195	123.397
104	maps/rooms/8room_006.map	512	512	86	139	188	423	418.534
117	maps/rooms/8room_006.map	512	512	338	106	56	301	470.605
72	maps/rooms/8room_006.map	512	512	54	44	204	211	290.037
76	maps/rooms/8room_006.map	512	512	85	157	266	40	306.25
96	maps/rooms/8room_006.map	512	512	222	306	308	88	387.605
58	maps/rooms/8room_006.map	512	512	261	238	379	108	232.267
84	maps/rooms/8room_006.map	512	512	175	442	149	175	338.238
22	maps/rooms/8room_006.map	512	512	158	383	174	453	91.5563
126	maps/rooms/8room_006.map	512	512	278	95	106	450	507.718
77	maps/rooms/8room_006.map	512	512	487	370	290	297	308.208
99	maps/rooms/8room_006.map	512	512	360	501	204	276	399.007
34	maps/rooms/8room_006.map	512	512	467	490	412	396	138.012
96	maps/rooms/8room_006.map	512	512	239	367	52	163	386.563
126	maps/rooms/8room_006.map	512	512	88	442	289	92	507.475
98	maps/rooms/8room_006.map	512	512	386	207	318	451	392.291
78	maps/rooms/8room_006.map	512	512	131	361	102	148	313.522
77	maps/rooms/8room_006.map	512	512	282	447	77	347	309.35
126	maps/rooms/8room_006.map	512	512	411	44	474	400	507.233
116	maps/rooms/8room_006.map	512	512	86	68	445	201	466.09
112	maps/rooms/8room_006.map	512	512	447	310	91	299	449.492
79	maps/rooms/8room_006.map	512	512	280	474	469	306	317.007
13	maps/rooms/8room_006.map	512	512	142	246	107	239	53.2132
86	maps/rooms/8room_006.map	512	512	226	196	393	345	344.208
85	maps/rooms/8room_006.map	512	512	111	131	30	342	343.522
32	maps/rooms/8room_006.map	512	512	363	104	265	53	128.983
116	maps/rooms/8room_006.map	512	512	122	450	52	119	467.291
74	maps/rooms/8room_006.map	512	512	244	280	329	83	297.037
109	maps/rooms/8room_006.map	512	512	282	95	458	303	439.019
40	maps/rooms/8room_006.map	512	512	189	243	298	210	160.468
57	maps/rooms/8room_006.map	512	512	101	357	249	303	231.48
69	maps/rooms/8room_006.map	512	512	234	138	422	90	277.966
93	maps/rooms/8room_006.map	512	512	482	44	325	292	375.108
29	maps/rooms/8room_006.map	512	512	187	270	134	183	119.64
125	maps/rooms/8room_006.map	512	512	355	383	263	63	503.446
4	maps/rooms/8room_006.map	512	512	396	338	407	338	18.3137
76	maps/rooms/8room_006.map	512	512	353	131	114	182	304.208
63	maps/rooms/8room_006.map	512	512	354	421	242	299	252.894
121	maps/rooms/8room_006.map	512	512	56	133	268	376	486.747
68	maps/rooms/8room_006.map	512	512	269	204	168	104	273.409
81	maps/rooms/8room_006.map	512	512	79	156	318	262	327.693
64	maps/rooms/8room_006.map	512	512	104	380	238	309	257.108
109	maps/rooms/8room_006.map	512	512	212	391	324	92	437.919
96	maps/rooms/8room_006.map	512	512	333	396	318	148	387.492
70	maps/rooms/8room_006.map	512	512	315	357	455	486	283.836
55	maps/rooms/8room_006.map	512	512	104	278	102	126	220.51
39	maps/rooms/8room_006.map	512	512	510	216	388	200	159.054
98	maps/rooms/8room_006.map	512	512	365	491	84	415	395.635
125	maps/rooms/8room_006.map	512	512	201	86	500	296	503.759
124	maps/rooms/8room_006.map	512	512	399	299	44	250	498.291
125	maps/rooms/8room_006.map	512	512	36	75	298	377	503.161
38	maps/rooms/8room_006.map	512	512	213	138	330	124	152.397
94	maps/rooms/8room_006.map	512	512	108	424	17	205	376.108
19	maps/rooms/8room_006.map	512	512	223	69	169	46	79.7696
54	maps/rooms/8room_006.map	512	512	343	150	287	43	218.823
61	maps/rooms/8room_006.map	512	512	165	306	24	274	245.61
112	maps/rooms/8room_006.map	512	512	335	69	491	306	448.546
104	maps/rooms/8room_006.map	512	512	462	397	249	172	419.262
64	maps/rooms/8room_006.map	512	512	255	319	105	459	259.966
97	maps/rooms/8room_006.map	512	512	295	408	458	164	391.777
87	maps/rooms/8room_006.map	512	512	76	364	253	198	349.693
24	maps/rooms/8room_006.map	512	512	340	101	394	111	99.8406
26	maps/rooms/8room_006.map	512	512	491	373	424	343	104.113
44	maps/rooms/8room_006.map	512	512	213	81	127	186	178.539
58	maps/rooms/8room_006.map	512	512	218	142	399	159	233.924
69	maps/rooms/8room_006.map	512	512	285	360	473	280	279.823
61	maps/rooms/8room_006.map	512	512	199	327	286	196	245.037
58	maps/rooms/8room_006.map	512	512	179	238	132	428	235.811
109	maps/rooms/8room_006.map	512	512	249	188	111	476	436.777
125	maps/rooms/8room_006.map	512	512	115	269	414	15	503.274
24	maps/rooms/8room_006.map	512	512	173	203	120	258	97.598
94	maps/rooms/8room_006.map	512	512	340	203	39	155	378.078
125	maps/rooms/8room_006.map	512	512	235	437	438	111	503.475
125	maps/rooms/8room_006.map	512	512	482	173	78	110	503.233
102	maps/rooms/8room_006.map	512	512	388	322	104	332	410.978
26	maps/rooms/8room_006.map	512	512	298	369	338	422	105.77
84	maps/rooms/8room_006.map	512	512	39	95	92	304	338.208
125	maps/rooms/8room_006.map	512	512	422	463	43	445	502.688
47	maps/rooms/8room_006.map	512	512	281	91	275	237	191.338
88	maps/rooms/8room_006.map	512	512	295	6	107	236	353.505
26	maps/rooms/8room_006.map	512	512	111	431	24	452	105.012
58	maps/rooms/8room_006.map	512	512	311	366	126	332	235.368
76	maps/rooms/8room_006.map	512	512	196	296	303	157	306.836
71	maps/rooms/8room_006.map	512	512	207	188	40	43	286.35
90	maps/rooms/8room_006.map	512	512	319	299	331	53	363.706
125	maps/rooms/8room_006.map	512	512	489	206	134	420	503.517
87	maps/rooms/8room_006.map	512	512	442	402	196	503	351.208
7	maps/rooms/8room_006.map	512	512	202	115	180	132	31.3848
125	maps/rooms/8room_006.map	512	512	397	462	496	84	503.09
125	maps/rooms/8room_006.map	512	512	44	89	219	436	503.161
103	maps/rooms/8room_006.map	512	512	111	345	418	394	415.22
116	maps/rooms/8room_006.map	512	512	295	186	76	457	465.061
39	maps/rooms/8room_006.map	512	512	287	393	178	440	158.125
78	maps/rooms/8room_006.map	512	512	430	165	183	138	313.865
124	maps/rooms/8room_006.map	512	512	446	374	62	450	499.889
94	maps/rooms/8room_006.map	512	512	187	423	332	170	379.605
63	maps/rooms/8room_006.map	512	512	460	502	470	293	254.095
59	maps/rooms/8room_006.map	512	512	261	451	347	277	238.51
78	maps/rooms/8room_006.map	512	512	148	339	111	126	314.451
89	maps/rooms/8room_006.map	512	512	74	6	335	106	356.321
43	maps/rooms/8room_006.map	512	512	27	98	140	34	174.338
124	maps/rooms/8room_006.map	512	512	438	164	140	411	499.517
114	maps/rooms/8room_006.map	512	512	104	470	340	211	459.96
53	maps/rooms/8room_006.map	512	512	133	134	313	115	214.054
17	maps/rooms/8room_006.map	512	512	382	502	361	477	70.9706
86	maps/rooms/8room_006.map	512	512	28	406	63	183	347.522
76	maps/rooms/8room_006.map	512	512	489	319	264	382	304.551
38	maps/rooms/8room_006.map	512	512	382	228	268	182	152.368
79	maps/rooms/8room_006.map	512	512	386	474	423	264	316.38
65	maps/rooms/8room_006.map	512	512	450	28	445	217	262.167
44	maps/rooms/8room_006.map	512	512	233	503	298	412	177.196
124	maps/rooms/8room_006.map	512	512	351	26	31	279	499.86
124	maps/rooms/8room_006.map	512	512	209	438	429	121	499.96
100	maps/rooms/8room_006.map	512	512	440	248	250	12	401.747
124	maps/rooms/8room_006.map	512	512	188	126	478	379	498.889
57	maps/rooms/8room_006.map	512	512	219	440	335	381	229.995
124	maps/rooms/8room_006.map	512	512	155	347	437	119	499.22
39	maps/rooms/8room_006.map	512	512	126	306	182	429	157.912
56	maps/rooms/8room_006.map	512	512	364	299	197	239	225.468
78	maps/rooms/8room_006.map	512	512	297	297	457	113	315.279
124	maps/rooms/8room_006.map	512	512	153	406	301	23	499.676
46	maps/rooms/8room_006.map	512	512	262	230	392	255	185.811
94	maps/rooms/8room_006.map	512	512	163	156	115	435	379.108
20	maps/rooms/8room_006.map	512	512	148	269	99	220	81.0122
124	maps/rooms/8room_006.map	512	512	83	37	481	190	499.86
32	maps/rooms/8room_006.map	512	512	75	214	9	212	129.941
124	maps/rooms/8room_006.map	512	512	107	249	469	371	499.12
112	maps/rooms/8room_006.map	512	512	184	409	357	138	448.919
123	maps/rooms/8room_006.map	512	512	282	21	162	413	495.605
123	maps/rooms/8room_006.map	512	512	91	366	298	23	495.304
123	maps/rooms/8room_006.map	512	512	315	146	102	460	495.718
86	maps/rooms/8room_006.map	512	512	311	377	98	201	344.522
123	maps/rooms/8room_006.map	512	512	423	440	70	446	495.233
41	maps/rooms/8room_006.map	512	512	108	51	72	165	165.397
59	maps/rooms/8room_006.map	512	512	306	306	141	226	237.167
83	maps/rooms/8room_006.map	512	512	72	237	228	344	334.622
106	maps/rooms/8room_006.map	512	512	113	88	438	198	424.605
123	maps/rooms/8room_006.map	512	512	134	120	366	440	495.061
41	maps/rooms/8room_006.map	512	512	128	174	231	244	166.154
15	maps/rooms/8room_006.map	512	512	476	425	464	389	61.598
75	maps/rooms/8room_006.map	512	512	31	88	221	211	302.38
31	maps/rooms/8room_006.map	512	512	239	94	154	126	126.983
123	maps/rooms/8room_006.map	512	512	12	265	419	307	495.777
123	maps/rooms/8room_006.map	512	512	2	322	295	385	495.019
96	maps/rooms/8room_006.map	512	512	356	13	431	284	387.321
123	maps/rooms/8room_006.map	512	512	510	232	111	200	495.434
102	maps/rooms/8room_006.map	512	512	338	375	280	158	410.019
40	maps/rooms/8room_006.map	512	512	395	95	279	98	161.61
68	maps/rooms/8room_006.map	512	512	469	261	282	302	273.338
58	maps/rooms/8room_006.map	512	512	36	15	46	147	234.853
122	maps/rooms/8room_006.map	512	512	370	489	283	137	491.233
93	maps/rooms/8room_006.map	512	512	411	251	111	252	372.764
122	maps/rooms/8room_006.map	512	512	141	206	472	76	491.375
85	maps/rooms/8room_006.map	512	512	435	308	201	372	341.38
122	maps/rooms/8room_006.map	512	512	58	248	409	349	491.563
82	maps/rooms/8room_006.map	512	512	208	78	392	220	330.434
61	maps/rooms/8room_006.map	512	512	125	347	311	334	246.924
121	maps/rooms/8room_006.map	512	512	79	158	459	172	484.434
91	maps/rooms/8room_006.map	512	512	375	164	140	100	367.936
56	maps/rooms/8room_006.map	512	512	297	383	166	478	227.095
17	maps/rooms/8room_006.map	512	512	232	140	206	178	68.5269
78	maps/rooms/8room_006.map	512	512	183	335	249	104	315.208
87	maps/rooms/8room_006.map	512	512	103	201	23	4	349.936
95	maps/rooms/8room_006.map	512	512	342	306	75	431	380.877
122	maps/rooms/8room_006.map	512	512	71	66	266	391	491.404
122	maps/rooms/8room_006.map	512	512	108	4	392	271	491.86
8	maps/rooms/8room_006.map	512	512	63	60	84	42	32.5563
42	maps/rooms/8room_006.map	512	512	146	106	136	254	171.882
57	maps/rooms/8room_006.map	512	512	292	114	235	266	229.652
103	maps/rooms/8room_006.map	512	512	105	135	202	413	412.806
86	maps/rooms/8room_006.map	512	512	45	122	92	361	346.836
23	maps/rooms/8room_006.map	512	512	278	183	342	213	93.2548
103	maps/rooms/8room_006.map	512	512	442	386	167	469	412.777
100	maps/rooms/8room_006.map	512	512	412	55	435	341	402.321
122	maps/rooms/8room_006.map	512	512	105	308	359	37	490.404
73	maps/rooms/8room_006.map	512	512	184	214	201	439	292.51
122	maps/rooms/8room_006.map	512	512	473	450	376	137	491.061
114	maps/rooms/8room_006.map	512	512	409	468	146	231	456.919
45	maps/rooms/8room_006.map	512	512	413	180	323	243	180.782
54	maps/rooms/8room_006.map	512	512	283	51	120	21	216.095
64	maps/rooms/8room_006.map	512	512	295	61	137	183	256.208
122	maps/rooms/8room_006.map	512	512	399	437	109	198	491.09
92	maps/rooms/8room_006.map	512	512	389	376	472	167	368.735
58	maps/rooms/8room_006.map	512	512	103	69	277	38	232.966
122	maps/rooms/8room_006.map	512	512	509	397	126	503	491.191
42	maps/rooms/8room_006.map	512	512	405	211	292	189	169.853
64	maps/rooms/8room_006.map	512	512	2	147	199	69	258.823
117	maps/rooms/8room_006.map	512	512	287	409	407	84	470.99
106	maps/rooms/8room_006.map	512	512	341	120	4	201	425.12
34	maps/rooms/8room_006.map	512	512	326	126	366	203	137.468
65	maps/rooms/8room_006.map	512	512	312	138	249	333	261.723
121	maps/rooms/8room_006.map	512	512	131	371	383	149	487.203
121	maps/rooms/8room_006.map	512	512	134	388	394	136	486.617
118	maps/rooms/8room_006.map	512	512	467	317	122	326	474.877
121	maps/rooms/8room_006.map	512	512	369	345	189	94	487.534
50	maps/rooms/8room_006.map	512	512	367	236	397	367	201.468
80	maps/rooms/8room_006.map	512	512	370	477	191	407	321.007
33	maps/rooms/8room_006.map	512	512	223	61	241	162	132.154
64	maps/rooms/8room_006.map	512	512	88	199	213	342	258.652
81	maps/rooms/8room_006.map	512	512	282	340	366	130	325.907
121	maps/rooms/8room_006.map	512	512	391	318	136	105	486.877
55	maps/rooms/8room_006.map	512	512	426	152	298	38	221.137
121	maps/rooms/8room_006.map	512	512	279	121	485	445	487.304
53	maps/rooms/8room_006.map	512	512	12	153	132	50	212.681
14	maps/rooms/8room_006.map	512	512	142	252	154	242	56.4264
90	maps/rooms/8room_006.map	512	512	491	61	319	279	360.108
53	maps/rooms/8room_006.map	512	512	265	436	115	391	214.782
92	maps/rooms/8room_006.map	512	512	470	466	217	431	368.978
74	maps/rooms/8room_006.map	512	512	220	245	454	310	297.752
99	maps/rooms/8room_006.map	512	512	174	364	439	270	398.948
34	maps/rooms/8room_006.map	512	512	314	126	210	77	137.426
121	maps/rooms/8room_006.map	512	512	407	484	132	221	486.718
84	maps/rooms/8room_006.map	512	512	334	249	173	92	337.279
121	maps/rooms/8room_006.map	512	512	407	434	291	158	486.86
81	maps/rooms/8room_006.map	512	512	119	163	159	447	324.167
69	maps/rooms/8room_006.map	512	512	210	20	198	261	279.409
78	maps/rooms/8room_006.map	512	512	142	298	282	481	315.451
83	maps/rooms/8room_006.map	512	512	158	433	216	171	335.137
75	maps/rooms/8room_006.map	512	512	490	219	493	419	303.693
86	maps/rooms/8room_006.map	512	512	252	148	19	73	347.664
70	maps/rooms/8room_006.map	512	512	60	351	207	472	280.167
84	maps/rooms/8room_006.map	512	512	393	349	222	210	338.208
85	maps/rooms/8room_006.map	512	512	371	128	191	275	340.966
120	maps/rooms/8room_006.map	512	512	203	72	471	302	483.345
106	maps/rooms/8room_006.map	512	512	397	61	422	373	427.635
120	maps/rooms/8room_006.map	512	512	66	451	443	431	483.676
103	maps/rooms/8room_006.map	512	512	407	280	111	422	414.676
69	maps/rooms/8room_006.map	512	512	308	454	351	261	278.451
120	maps/rooms/8room_006.map	512	512	255	461	66	154	483.404
92	maps/rooms/8room_006.map	512	512	101	72	311	215	370.179
71	maps/rooms/8room_006.map	512	512	172	387	325	247	286.037
120	maps/rooms/8room_006.map	512	512	445	153	249	467	483.161
48	maps/rooms/8room_006.map	512	512	345	63	216	93	192.64
86	maps/rooms/8room_006.map	512	512	420	53	325	300	345.179
89	maps/rooms/8room_006.map	512	512	197	509	450	414	356.309
109	maps/rooms/8room_006.map	512	512	98	178	340	403	436.019
23	maps/rooms/8room_006.map	512	512	199	194	235	125	95.0833
120	maps/rooms/8room_006.map	512	512	103	499	409	257	483.245
79	maps/rooms/8room_006.map	512	512	445	171	228	254	318.551
92	maps/rooms/8room_006.map	512	512	30	443	317	436	370.836
70	maps/rooms/8room_006.map	512	512	489	344	433	183	282.865
95	maps/rooms/8room_006.map	512	512	473	443	409	211	381.362
120	maps/rooms/8room_006.map	512	512	8	412	349	265	483.789
113	maps/rooms/8room_006.map	512	512	15	390	66	127	454.534
71	maps/rooms/8room_006.map	512	512	461	342	269	361	285.894
111	maps/rooms/8room_006.map	512	512	188	95	199	460	446.978
120	maps/rooms/8room_006.map	512	512	395	452	114	205	483.747
103	maps/rooms/8room_006.map	512	512	418	309	92	249	412.836
64	maps/rooms/8room_006.map	512	512	459	37	243	4	258.238
100	maps/rooms/8room_006.map	512	512	189	419	477	361	402.635
97	maps/rooms/8room_006.map	512	512	287	251	143	35	389.463
51	maps/rooms/8room_006.map	512	512	492	158	395	83	207.581
85	maps/rooms/8room_006.map	512	512	57	331	201	444	340.137
120	maps/rooms/8room_006.map	512	512	425	186	71	159	483.576
120	maps/rooms/8room_006.map	512	512	439	68	492	419	483.889
119	maps/rooms/8room_006.map	512	512	9	173	403	162	479.434
33	maps/rooms/8room_006.map	512	512	56	328	75	412	132.355
46	maps/rooms/8room_006.map	512	512	389	185	488	104	187.054
119	maps/rooms/8room_006.map	512	512	27	232	421	242	479.948
63	maps/rooms/8room_006.map	512	512	280	75	439	61	255.451
29	maps/rooms/8room_006.map	512	512	146	10	75	61	119.598
105	maps/rooms/8room_006.map	512	512	181	277	485	170	420.764
20	maps/rooms/8room_006.map	512	512	201	420	159	461	83.7279
119	maps/rooms/8room_006.map	512	512	270	464	150	104	479.362
25	maps/rooms/8room_006.map	512	512	151	435	222	456	102.627
85	maps/rooms/8room_006.map	512	512	492	489	232	371	341.078
107	maps/rooms/8room_006.map	512	512	169	453	22	173	428.321
77	maps/rooms/8room_006.map	512	512	226	105	442	136	310.137
33	maps/rooms/8room_006.map	512	512	138	281	238	270	135.912
43	maps/rooms/8room_006.map	512	512	235	261	199	292	173.024
23	maps/rooms/8room_006.map	512	512	312	408	282	348	93.1127
70	maps/rooms/8room_006.map	512	512	222	248	347	434	281.066
66	maps/rooms/8room_006.map	512	512	406	25	364	222	267.794
75	maps/rooms/8room_006.map	512	512	378	450	217	434	300.966
104	maps/rooms/8room_006.map	512	512	262	317	294	12	416.262
116	maps/rooms/8room_006.map	512	512	276	183	423	504	466.576
119	maps/rooms/8room_006.map	512	512	60	454	366	206	479.304
57	maps/rooms/8room_006.map	512	512	249	154	67	90	230.024
119	maps/rooms/8room_006.map	512	512	326	34	142	361	479.818
76	maps/rooms/8room_006.map	512	512	343	263	466	75	304.037
85	maps/rooms/8room_006.map	512	512	493	248	396	10	342.764
92	maps/rooms/8room_006.map	512	512	377	147	101	203	368.007
72	maps/rooms/8room_006.map	512	512	447	473	335	354	289.108
111	maps/rooms/8room_006.map	512	512	55	133	185	427	446.09
42	maps/rooms/8room_006.map	512	512	378	263	278	221	168.853
114	maps/rooms/8room_006.map	512	512	203	142	451	27	459.291
79	maps/rooms/8room_006.map	512	512	109	431	126	168	319.865
87	maps/rooms/8room_006.map	512	512	293	424	322	187	351.907
119	maps/rooms/8room_006.map	512	512	99	200	383	398	479.99
73	maps/rooms/8room_006.map	512	512	291	406	422	229	292.451
75	maps/rooms/8room_006.map	512	512	78	311	141	382	301.037
109	maps/rooms/8room_006.map	512	512	147	472	474	346	438.362
119	maps/rooms/8room_006.map	512	512	100	239	385	453	479.475
119	maps/rooms/8room_006.map	512	512	350	27	148	340	479.718
79	maps/rooms/8room_006.map	512	512	111	194	362	276	319.894
71	maps/rooms/8room_006.map	512	512	290	117	463	149	286.966
25	maps/rooms/8room_006.map	512	512	206	63	200	154	101.77
119	maps/rooms/8room_006.map	512	512	89	376	451	281	479.936
87	maps/rooms/8room_006.map	512	512	431	276	166	327	349.338
119	maps/rooms/8room_006.map	512	512	454	325	252	15	479.647
50	maps/rooms/8room_006.map	512	512	489	172	463	13	202.196
71	maps/rooms/8room_006.map	512	512	267	201	454	244	287.279
46	maps/rooms/8room_006.map	512	512	345	146	267	85	184.681
118	maps/rooms/8room_006.map	512	512	407	313	70	437	475.132
77	maps/rooms/8room_006.map	512	512	102	270	219	39	311.723
118	maps/rooms/8room_006.map	512	512	230	386	473	120	475.718
64	maps/rooms/8room_006.map	512	512	347	62	267	230	256.995
53	maps/rooms/8room_006.map	512	512	467	221	390	111	212.338
68	maps/rooms/8room_006.map	512	512	404	102	226	90	272.995
66	maps/rooms/8room_006.map	512	512	334	365	451	224	265.037
39	maps/rooms/8room_006.map	512	512	120	374	175	295	158.912
23	maps/rooms/8room_006.map	512	512	40	448	89	483	94.9117
87	maps/rooms/8room_006.map	512	512	163	218	327	437	349.936
118	maps/rooms/8room_006.map	512	512	477	250	82	243	475.463
67	maps/rooms/8room_006.map	512	512	423	316	296	493	270.066
89	maps/rooms/8room_006.map	512	512	239	61	26	197	357.291
118	maps/rooms/8room_006.map	512	512	153	85	45	443	475.848
62	maps/rooms/8room_006.map	512	512	344	490	189	375	250.409
101	maps/rooms/8room_006.map	512	512	115	486	374	355	407.99
85	maps/rooms/8room_006.map	512	512	196	72	156	363	342.137
118	maps/rooms/8room_006.map	512	512	508	474	477	126	474.605
69	maps/rooms/8room_006.map	512	512	307	125	245	294	277.451
71	maps/rooms/8room_006.map	512	512	314	6	501	63	287.238
61	maps/rooms/8room_006.map	512	512	234	359	78	491	244.894
90	maps/rooms/8room_006.map	512	512	270	460	47	379	360.836
86	maps/rooms/8room_006.map	512	512	410	302	183	295	347.581
57	maps/rooms/8room_006.map	512	512	282	93	455	166	231.137
65	maps/rooms/8room_006.map	512	512	266	148	414	41	262.622
118	maps/rooms/8room_006.map	512	512	443	104	207	406	475.304
90	maps/rooms/8room_006.map	512	512	126	388	102	142	361.764
33	maps/rooms/8room_006.map	512	512	252	339	164	411	132.468
72	maps/rooms/8room_006.map	512	512	277	350	456	447	291.238
57	maps/rooms/8room_006.map	512	512	106	311	21	423	230.439
82	maps/rooms/8room_006.map	512	512	374	264	127	329	331.338
62	maps/rooms/8room_006.map	512	512	383	318	302	335	251.238
82	maps/rooms/8room_006.map	512	512	473	117	260	141	331.007
85	maps/rooms/8room_006.map	512	512	271	205	159	444	341.735
107	maps/rooms/8room_006.map	512	512	262	423	406	122	428.362
118	maps/rooms/8room_006.map	512	512	442	501	479	151	475.635
101	maps/rooms/8room_006.map	512	512	325	346	56	372	404.22
94	maps/rooms/8room_006.map	512	512	361	332	124	440	377.25
71	maps/rooms/8room_006.map	512	512	296	338	421	171	284.551
70	maps/rooms/8room_006.map	512	512	130	314	308	437	282.238
118	maps/rooms/8room_006.map	512	512	29	335	365	231	475.563
31	maps/rooms/8room_006.map	512	512	341	148	362	139	124.912
63	maps/rooms/8room_006.map	512	512	354	50	202	173	253.167
59	maps/rooms/8room_006.map	512	512	332	502	499	457	239.196
82	maps/rooms/8room_006.map	512	512	199	229	460	313	331.309
27	maps/rooms/8room_006.map	512	512	123	137	72	169	109.326
117	maps/rooms/8room_006.map	512	512	469	310	190	106	471.191
78	maps/rooms/8room_006.map	512	512	343	478	224	253	314.208
117	maps/rooms/8room_006.map	512	512	265	376	210	10	471.877
117	maps/rooms/8room_006.map	512	512	297	55	135	390	470.806
80	maps/rooms/8room_006.map	512	512	93	248	287	364	321.037
89	maps/rooms/8room_006.map	512	512	102	143	154	402	357.108
64	maps/rooms/8room_006.map	512	512	361	328	285	271	259.368
48	maps/rooms/8room_006.map	512	512	303	443	449	475	192.024
114	maps/rooms/8room_006.map	512	512	388	399	167	153	459.576
47	maps/rooms/8room_006.map	512	512	258	364	303	245	191.095
91	maps/rooms/8room_006.map	512	512	458	383	275	222	366.735
42	maps/rooms/8room_006.map	512	512	114	396	149	511	168.225
60	maps/rooms/8room_006.map	512	512	134	457	293	434	241.924
87	maps/rooms/8room_006.map	512	512	238	234	447	386	351.208
117	maps/rooms/8room_006.map	512	512	90	42	463	186	471.132
117	maps/rooms/8room_006.map	512	512	152	207	499	329	471.735
93	maps/rooms/8room_006.map	512	512	296	111	131	351	374.22
74	maps/rooms/8room_006.map	512	512	366	355	498	173	297.823
117	maps/rooms/8room_006.map	512	512	46	52	57	410	471.693
24	maps/rooms/8room_006.map	512	512	265	340	291	409	96.1127
53	maps/rooms/8room_006.map	512	512	486	297	359	298	214.409
117	maps/rooms/8room_006.map	512	512	447	445	283	146	470.647
116	maps/rooms/8room_006.map	512	512	11	266	306	405	467.262
53	maps/rooms/8room_006.map	512	512	410	233	279	333	213.167
62	maps/rooms/8room_006.map	512	512	53	44	235	118	250.024
24	maps/rooms/8room_006.map	512	512	383	117	297	105	98.2843
116	maps/rooms/8room_006.map	512	512	158	26	154	386	467.706
75	maps/rooms/8room_006.map	512	512	127	313	130	61	302.723
90	maps/rooms/8room_006.map	512	512	130	234	429	260	361.936
116	maps/rooms/8room_006.map	512	512	473	118	226	374	467.375
99	maps/rooms/8room_006.map	512	512	210	194	391	441	397.563
56	maps/rooms/8room_006.map	512	512	379	103	267	230	225.51
101	maps/rooms/8room_006.map	512	512	389	204	168	36	405.718
104	maps/rooms/8room_006.map	512	512	42	444	73	154	417.978
116	maps/rooms/8room_006.map	512	512	433	452	292	159	467.99
116	maps/rooms/8room_006.map	512	512	132	3	444	215	467.789
82	maps/rooms/8room_006.map	512	512	438	342	237	509	330.836
31	maps/rooms/8room_006.map	512	512	202	499	184	447	124.669
112	maps/rooms/8room_006.map	512	512	355	268	56	95	450.149
38	maps/rooms/8room_006.map	512	512	310	213	196	219	155.64
84	maps/rooms/8room_006.map	512	512	81	325	6	313	338.723
99	maps/rooms/8room_006.map	512	512	120	239	415	329	397.007
92	maps/rooms/8room_006.map	512	512	100	391	378	349	368.978
31	maps/rooms/8room_006.map	512	512	294	98	237	40	124.397
113	maps/rooms/8room_006.map	512	512	67	394	281	111	454.019
93	maps/rooms/8room_006.map	512	512	162	41	379	215	372.505
116	maps/rooms/8room_006.map	512	512	357	444	330	120	467.434
19	maps/rooms/8room_006.map	512	512	124	109	122	143	76.1838
58	maps/rooms/8room_006.map	512	512	238	297	227	137	235.309
107	maps/rooms/8room_006.map	512	512	506	168	179	41	431.806
21	maps/rooms/8room_006.map	512	512	234	269	236	236	85.0833
77	maps/rooms/8room_006.map	512	512	469	233	236	170	310.492
105	maps/rooms/8room_006.map	512	512	424	105	171	100	422.233
25	maps/rooms/8room_006.map	512	512	215	195	253	219	103.255
114	maps/rooms/8room_006.map	512	512	70	439	418	374	456.647
94	maps/rooms/8room_006.map	512	512	373	173	245	407	379.948
8	maps/rooms/8room_006.map	512	512	139	223	138	250	35.5563
113	maps/rooms/8room_006.map	512	512	29	88	108	413	452.777
113	maps/rooms/8room_006.map	512	512	293	453	195	102	452.362
25	maps/rooms/8room_006.map	512	512	466	213	423	184	103.598
115	maps/rooms/8room_006.map	512	512	31	399	376	378	463.546
54	maps/rooms/8room_006.map	512	512	299	408	217	253	216.439
50	maps/rooms/8room_006.map	512	512	489	396	358	331	200.61
115	maps/rooms/8room_006.map	512	512	43	469	239	169	463.262
48	maps/rooms/8room_006.map	512	512	181	45	102	182	195.782
115	maps/rooms/8room_006.map	512	512	470	418	268	135	462.889
115	maps/rooms/8room_006.map	512	512	484	294	137	234	463.434
104	maps/rooms/8room_006.map	512	512	308	413	498	138	419.149
94	maps/rooms/8room_006.map	512	512	370	358	89	399	378.877
93	maps/rooms/8room_006.map	512	512	339	261	106	95	374.179
73	maps/rooms/8room_006.map	512	512	347	502	432	283	293.137
115	maps/rooms/8room_006.map	512	512	143	22	290	347	462.777
57	maps/rooms/8room_006.map	512	512	486	334	483	213	228.267
93	maps/rooms/8room_006.map	512	512	370	314	294	108	375.806
34	maps/rooms/8room_006.map	512	512	254	293	170	276	138.012
96	maps/rooms/8room_006.map	512	512	122	98	415	14	385.877
33	maps/rooms/8room_006.map	512	512	124	268	179	180	135.326
115	maps/rooms/8room_006.map	512	512	15	509	92	180	463.161
81	maps/rooms/8room_006.map	512	512	383	333	182	467	324.421
93	maps/rooms/8room_006.map	512	512	483	77	201	42	375.149
71	maps/rooms/8room_006.map	512	512	198	357	341	238	286.794
115	maps/rooms/8room_006.map	512	512	474	377	129	428	463.161
29	maps/rooms/8room_006.map	512	512	459	259	375	258	118.012
88	maps/rooms/8room_006.map	512	512	77	354	298	222	355.25
115	maps/rooms/8room_006.map	512	512	374	441	104	244	463.919
18	maps/rooms/8room_006.map	512	512	102	43	58	15	74.8701
60	maps/rooms/8room_006.map	512	512	348	123	249	264	240.066
115	maps/rooms/8room_006.map	512	512	100	27	383	261	463.919
52	maps/rooms/8room_006.map	512	512	403	372	283	415	211.995
47	maps/rooms/8room_006.map	512	512	444	83	346	123	190.51
79	maps/rooms/8room_006.map	512	512	343	116	99	127	316.764
73	maps/rooms/8room_006.map	512	512	166	280	55	82	292.037
49	maps/rooms/8room_006.map	512	512	377	35	473	111	197.539
46	maps/rooms/8room_006.map	512	512	164	154	35	102	187.368
82	maps/rooms/8room_006.map	512	512	457	340	467	111	330.238
8	maps/rooms/8room_006.map	512	512	469	484	452	509	34.3848
19	maps/rooms/8room_006.map	512	512	420	254	389	204	76.6985
92	maps/rooms/8room_006.map	512	512	297	427	507	230	369.978
59	maps/rooms/8room_006.map	512	512	82	237	79	95	239.066
19	maps/rooms/8room_006.map	512	512	115	438	105	422	77.7401
115	maps/rooms/8room_006.map	512	512	167	437	444	211	463.132
37	maps/rooms/8room_006.map	512	512	384	429	293	479	151.368
104	maps/rooms/8room_006.map	512	512	227	325	104	47	416.764
76	maps/rooms/8room_006.map	512	512	316	68	94	184	305.48
101	maps/rooms/8room_006.map	512	512	310	311	290	34	404.061
56	maps/rooms/8room_006.map	512	512	443	114	290	183	225.095
114	maps/rooms/8room_006.map	512	512	310	295	13	96	459.747
114	maps/rooms/8room_006.map	512	512	52	180	424	168	459.848
114	maps/rooms/8room_006.map	512	512	31	446	149	115	458.706
114	maps/rooms/8room_006.map	512	512	7	212	374	231	459.806
114	maps/rooms/8room_006.map	512	512	123	461	425	240	459.475
113	maps/rooms/8room_006.map	512	512	29	284	365	177	455.291
109	maps/rooms/8room_006.map	512	512	490	35	211	186	439.505
113	maps/rooms/8room_006.map	512	512	360	351	130	216	455.149
113	maps/rooms/8room_006.map	512	512	510	175	272	441	455.848
99	maps/rooms/8room_006.map	512	512	312	6	125	269	398.434
112	maps/rooms/8room_006.map	512	512	123	214	252	501	449.362
113	maps/rooms/8room_006.map	512	512	450	171	174	401	455.304
69	maps/rooms/8room_006.map	512	512	56	502	88	281	279.267
61	maps/rooms/8room_006.map	512	512	63	463	233	483	246.51
97	maps/rooms/8room_006.map	512	512	380	47	102	103	390.877
63	maps/rooms/8room_006.map	512	512	103	250	295	246	252.995
20	maps/rooms/8room_006.map	512	512	405	182	439	227	81.2843
93	maps/rooms/8room_006.map	512	512	169	233	199	509	375.137
113	maps/rooms/8room_006.map	512	512	93	229	423	131	455.706
92	maps/rooms/8room_006.map	512	512	130	305	388	443	369.764
41	maps/rooms/8room_006.map	512	512	248	57	224	178	167.711
101	maps/rooms/8room_006.map	512	512	172	363	79	76	404.877
67	maps/rooms/8room_006.map	512	512	334	284	364	91	268.137
112	maps/rooms/8room_006.map	512	512	59	51	371	226	451.049
106	maps/rooms/8room_006.map	512	512	104	472	413	460	426.848
112	maps/rooms/8room_006.map	512	512	130	450	382	185	451.718
65	maps/rooms/8room_006.map	512	512	290	11	357	172	263.037
112	maps/rooms/8room_006.map	512	512	504	453	292	165	451.889
112	maps/rooms/8room_006.map	512	512	28	78	275	292	451.617
105	maps/rooms/8room_006.map	512	512	45	103	83	405	420.049
34	maps/rooms/8room_006.map	512	512	494	137	428	125	139.64
48	maps/rooms/8room_006.map	512	512	500	352	366	351	192.497
77	maps/rooms/8room_006.map	512	512	34	349	118	319	310.108
112	maps/rooms/8room_006.map	512	512	60	436	147	95	451.362
25	maps/rooms/8room_006.map	512	512	76	5	111	66	103.355
111	maps/rooms/8room_006.map	512	512	485	242	108	228	447.635
93	maps/rooms/8room_006.map	512	512	303	302	458	60	372.907
54	maps/rooms/8room_006.map	512	512	361	152	237	92	219.681
78	maps/rooms/8room_006.map	512	512	191	295	110	75	313.51
84	maps/rooms/8room_006.map	512	512	31	24	8	202	339.409
100	maps/rooms/8room_006.map	512	512	52	258	375	253	403.321
19	maps/rooms/8room_006.map	512	512	331	426	296	472	79.0833
62	maps/rooms/8room_006.map	512	512	493	68	456	267	248.267
42	maps/rooms/8room_006.map	512	512	403	267	477	366	169.125
111	maps/rooms/8room_006.map	512	512	435	259	88	171	447.534
50	maps/rooms/8room_006.map	512	512	60	271	60	371	203.296
74	maps/rooms/8room_006.map	512	512	285	210	167	396	299.664
36	maps/rooms/8room_006.map	512	512	120	203	116	111	146.468
67	maps/rooms/8room_006.map	512	512	328	184	451	45	270.894
35	maps/rooms/8room_006.map	512	512	185	110	297	125	142.598
87	maps/rooms/8room_006.map	512	512	126	352	6	188	350.451
46	maps/rooms/8room_006.map	512	512	484	248	374	351	187.468
99	maps/rooms/8room_006.map	512	512	98	444	221	142	398.321
111	maps/rooms/8room_006.map	512	512	359	217	75	442	447.96
73	maps/rooms/8room_006.map	512	512	56	90	234	227	295.894
101	maps/rooms/8room_006.map	512	512	303	479	115	240	407.392
60	maps/rooms/8room_006.map	512	512	301	200	311	346	241.924
101	maps/rooms/8room_006.map	512	512	271	102	162	394	405.693
8	maps/rooms/8room_006.map	512	512	452	248	445	267	32.6274
25	maps/rooms/8room_006.map	512	512	221	413	281	370	103.426
111	maps/rooms/8room_006.map	512	512	296	227	110	495	447.245
83	maps/rooms/8room_006.map	512	512	261	391	262	172	332.25
64	maps/rooms/8room_006.map	512	512	389	283	313	436	258.865
111	maps/rooms/8room_006.map	512	512	221	482	314	159	447.505
84	maps/rooms/8room_006.map	512	512	218	206	271	468	336.865
35	maps/rooms/8room_006.map	512	512	411	142	508	78	140.154
111	maps/rooms/8room_006.map	512	512	379	430	202	148	447.191
111	maps/rooms/8room_006.map	512	512	452	188	177	398	447.718
47	maps/rooms/8room_006.map	512	512	446	279	500	362	190.64
110	maps/rooms/8room_006.map	512	512	409	134	134	303	443.078
110	maps/rooms/8room_006.map	512	512	390	202	119	46	443.09
90	maps/rooms/8room_006.map	512	512	239	438	441	333	361.735
70	maps/rooms/8room_006.map	512	512	383	89	354	303	283.108
72	maps/rooms/8room_006.map	512	512	23	162	279	173	291.752
110	maps/rooms/8room_006.map	512	512	365	168	129	441	443.333
110	maps/rooms/8room_006.map	512	512	328	163	121	418	443.321
110	maps/rooms/8room_006.map	512	512	429	310	191	37	443.718
110	maps/rooms/8room_006.map	512	512	122	127	292	398	443.291
48	maps/rooms/8room_006.map	512	512	188	402	147	279	194.811
70	maps/rooms/8room_006.map	512	512	250	358	439	333	282.208
110	maps/rooms/8room_006.map	512	512	195	380	192	36	443.049
102	maps/rooms/8room_006.map	512	512	210	423	2	277	409.706
22	maps/rooms/8room_006.map	512	512	99	126	79	57	90.1127
91	maps/rooms/8room_006.map	512	512	122	462	212	189	367.894
74	maps/rooms/8room_006.map	512	512	424	45	377	202	296.167
110	maps/rooms/8room_006.map	512	512	482	246	149	130	443.475
83	maps/rooms/8room_006.map	512	512	495	418	296	248	334.865
64	maps/rooms/8room_006.map	512	512	181	40	315	171	256.865
110	maps/rooms/8room_006.map	512	512	188	345	453	495	443.032
110	maps/rooms/8room_006.map	512	512	9	498	232	219	443.22
109	maps/rooms/8room_006.map	512	512	394	74	66	9	439.291
58	maps/rooms/8room_006.map	512	512	338	46	459	147	235.095
109	maps/rooms/8room_006.map	512	512	427	79	475	373	439.848
108	maps/rooms/8room_006.map	512	512	79	151	408	169	435.09
97	maps/rooms/8room_006.map	512	512	383	507	100	482	389.421
3	maps/rooms/8room_006.map	512	512	410	511	422	507	13.6569
89	maps/rooms/8room_006.map	512	512	20	271	70	376	358.764
57	maps/rooms/8room_006.map	512	512	260	431	110	423	228.995
101	maps/rooms/8room_006.map	512	512	319	100	259	397	406.22
108	maps/rooms/8room_006.map	512	512	105	88	395	275	435.978
108	maps/rooms/8room_006.map	512	512	394	466	197	188	435.919
19	maps/rooms/8room_006.map	512	512	280	393	295	333	76.9411
55	maps/rooms/8room_006.map	512	512	99	505	14	372	220.368
49	maps/rooms/8room_006.map	512	512	63	365	159	432	198.439
75	maps/rooms/8room_006.map	512	512	276	120	299	338	303.108
101	maps/rooms/8room_006.map	512	512	457	338	146	349	406.149
91	maps/rooms/8room_006.map	512	512	180	495	199	195	366.037
108	maps/rooms/8room_006.map	512	512	104	67	383	265	435.635
75	maps/rooms/8room_006.map	512	512	330	45	95	63	302.966
68	maps/rooms/8room_006.map	512	512	315	31	300	216	274.108
48	maps/rooms/8room_006.map	512	512	204	212	199	41	193.782
108	maps/rooms/8room_006.map	512	512	358	415	271	138	434.676
18	maps/rooms/8room_006.map	512	512	290	454	338	483	75.7696
32	maps/rooms/8room_006.map	512	512	170	367	70	335	128.811
63	maps/rooms/8room_006.map	512	512	335	204	244	41	254.693
102	maps/rooms/8room_006.map	512	512	60	186	213	455	408.392
58	maps/rooms/8room_006.map	512	512	423	276	380	157	234.167
61	maps/rooms/8room_006.map	512	512	436	15	263	67	244.581
108	maps/rooms/8room_006.map	512	512	26	93	2	381	432.635
68	maps/rooms/8room_006.map	512	512	13	218	190	106	275.551
56	maps/rooms/8room_006.map	512	512	69	300	87	430	226.267
108	maps/rooms/8room_006.map	512	512	452	301	186	201	435.321
54	maps/rooms/8room_006.map	512	512	325	264	379	365	218.196
105	maps/rooms/8room_006.map	512	512	101	70	286	347	421.179
81	maps/rooms/8room_006.map	512	512	18	389	185	296	325.179
30	maps/rooms/8room_006.map	512	512	457	327	472	280	121.255
43	maps/rooms/8room_006.map	512	512	376	250	250	292	175.296
53	maps/rooms/8room_006.map	512	512	252	115	270	268	214.48
81	maps/rooms/8room_006.map	512	512	109	310	13	106	326.35
91	maps/rooms/8room_006.map	512	512	366	47	312	318	365.492
73	maps/rooms/8room_006.map	512	512	130	476	255	494	295.409
108	maps/rooms/8room_006.map	512	512	116	79	83	404	434.978
108	maps/rooms/8room_006.map	512	512	68	361	362	197	435.179
23	maps/rooms/8room_006.map	512	512	216	140	152	172	93.4975
66	maps/rooms/8room_006.map	512	512	238	90	37	67	264.451
63	maps/rooms/8room_006.map	512	512	377	266	348	437	255.581
52	maps/rooms/8room_006.map	512	512	126	294	255	392	208.539
85	maps/rooms/8room_006.map	512	512	391	227	270	19	343.191
106	maps/rooms/8room_006.map	512	512	126	314	439	362	427.877
56	maps/rooms/8room_006.map	512	512	344	131	477	102	224.995
108	maps/rooms/8room_006.map	512	512	409	393	206	213	435.191
9	maps/rooms/8room_006.map	512	512	501	396	477	380	37.6569
83	maps/rooms/8room_006.map	512	512	468	486	228	507	334.622
107	maps/rooms/8room_006.map	512	512	23	314	354	259	431.764
53	maps/rooms/8room_006.map	512	512	302	175	303	22	213.439
95	maps/rooms/8room_006.map	512	512	295	345	61	278	382.421
91	maps/rooms/8room_006.map	512	512	148	258	458	223	367.551
63	maps/rooms/8room_006.map	512	512	398	259	439	424	255.137
65	maps/rooms/8room_006.map	512	512	72	85	298	105	262.167
81	maps/rooms/8room_006.map	512	512	472	170	374	398	327.723
107	maps/rooms/8room_006.map	512	512	151	327	412	173	431.392
107	maps/rooms/8room_006.map	512	512	86	54	283	342	431.777
107	maps/rooms/8room_006.map	512	512	310	455	307	143	431.291
78	maps/rooms/8room_006.map	512	512	315	381	477	255	312.794
104	maps/rooms/8room_006.map	512	512	71	386	205	88	416.149
84	maps/rooms/8room_006.map	512	512	104	469	43	266	339.037
91	maps/rooms/8room_006.map	512	512	254	258	486	273	367.551
31	maps/rooms/8room_006.map	512	512	125	462	196	442	127.627
107	maps/rooms/8room_006.map	512	512	105	463	247	155	430.877
107	maps/rooms/8room_006.map	512	512	143	335	409	162	431.836
51	maps/rooms/8room_006.map	512	512	490	349	361	296	204.853
54	maps/rooms/8room_006.map	512	512	325	207	386	79	216.095
106	maps/rooms/8room_006.map	512	512	189	185	483	90	427.978
86	maps/rooms/8room_006.map	512	512	299	494	456	292	346.622
55	maps/rooms/8room_006.map	512	512	389	466	269	356	220.409
106	maps/rooms/8room_006.map	512	512	427	415	206	213	427.534
71	maps/rooms/8room_006.map	512	512	360	285	140	222	284.581
29	maps/rooms/8room_006.map	512	512	187	478	164	374	117.184
106	maps/rooms/8room_006.map	512	512	424	460	212	228	427.747
33	maps/rooms/8room_006.map	512	512	254	418	326	350	134.77
106	maps/rooms/8room_006.map	512	512	309	107	128	393	427.877
106	maps/rooms/8room_006.map	512	512	349	346	143	228	427.362
105	maps/rooms/8room_006.map	512	512	54	220	375	75	423.22
39	maps/rooms/8room_006.map	512	512	363	183	419	297	159.397
27	maps/rooms/8room_006.map	512	512	252	82	212	43	111.326
88	maps/rooms/8room_006.map	512	512	74	123	339	21	352.078
89	maps/rooms/8room_006.map	512	512	319	117	129	290	357.693
105	maps/rooms/8room_006.map	512	512	138	69	397	275	423.049
17	maps/rooms/8room_006.map	512	512	143	151	127	100	68.9411
105	maps/rooms/8room_006.map	512	512	199	408	147	70	423.563
105	maps/rooms/8room_006.map	512	512	382	27	179	275	423.475
61	maps/rooms/8room_006.map	512	512	143	140	93	312	245.439
67	maps/rooms/8room_006.map	512	512	205	172	345	313	268.823
104	maps/rooms/8room_006.map	512	512	411	468	392	180	419.635
104	maps/rooms/8room_006.map	512	512	153	457	104	141	419.836
104	maps/rooms/8room_006.map	512	512	278	25	283	342	418.919
10	maps/rooms/8room_006.map	512	512	447	22	455	52	41.3137
100	maps/rooms/8room_006.map	512	512	8	109	178	376	403.191
47	maps/rooms/8room_006.map	512	512	117	156	6	243	190.711
31	maps/rooms/8room_006.map	512	512	338	284	431	292	127.569
37	maps/rooms/8room_006.map	512	512	441	312	463	236	150.811
103	maps/rooms/8room_006.map	512	512	229	13	29	277	415.848
86	maps/rooms/8room_006.map	512	512	355	202	363	428	344.836
103	maps/rooms/8room_006.map	512	512	74	15	386	88	415.735
84	maps/rooms/8room_006.map	512	512	189	103	93	354	336.38
96	maps/rooms/8room_006.map	512	512	116	270	281	423	384.635
100	maps/rooms/8room_006.map	512	512	346	221	68	131	402.09
103	maps/rooms/8room_006.map	512	512	13	443	337	442	415.291
103	maps/rooms/8room_006.map	512	512	211	5	153	358	415.108
103	maps/rooms/8room_006.map	512	512	266	3	122	313	415.706
102	maps/rooms/8room_006.map	512	512	216	259	495	421	411.007
31	maps/rooms/8room_006.map	512	512	235	1	143	27	125.882
77	maps/rooms/8room_006.map	512	512	468	397	296	280	311.836
102	maps/rooms/8room_006.map	512	512	476	9	192	37	411.664
102	maps/rooms/8room_006.map	512	512	74	402	40	130	411.664
33	maps/rooms/8room_006.map	512	512	475	278	358	294	135.083
62	maps/rooms/8room_006.map	512	512	328	117	251	292	249.823
33	maps/rooms/8room_006.map	512	512	341	373	419	391	135.539
36	maps/rooms/8room_006.map	512	512	456	231	406	132	144.054
102	maps/rooms/8room_006.map	512	512	296	42	148	337	411.735
102	maps/rooms/8room_006.map	512	512	269	92	267	412	411.706
48	maps/rooms/8room_006.map	512	512	195	399	135	264	194.196
40	maps/rooms/8room_006.map	512	512	277	146	268	23	163.296
21	maps/rooms/8room_006.map	512	512	347	421	387	404	84.0122
100	maps/rooms/8room_006.map	512	512	506	351	227	218	403.664
87	maps/rooms/8room_006.map	512	512	409	173	138	167	351.693
75	maps/rooms/8room_006.map	512	512	111	446	326	353	301.38
100	maps/rooms/8room_006.map	512	512	162	461	212	124	403.309
100	maps/rooms/8room_006.map	512	512	340	101	148	349	403.806
81	maps/rooms/8room_006.map	512	512	508	236	334	349	325.149
99	maps/rooms/8room_006.map	512	512	325	38	74	240	399.291
99	maps/rooms/8room_006.map	512	512	318	157	505	425	399.291
96	maps/rooms/8room_006.map	512	512	451	303	279	154	385.392
99	maps/rooms/8room_006.map	512	512	302	285	102	89	399.806
99	maps/rooms/8room_006.map	512	512	264	492	378	181	398.806
96	maps/rooms/8room_006.map	512	512	178	12	154	328	385.907
98	maps/rooms/8room_006.map	512	512	373	78	53	107	395.149
98	maps/rooms/8room_006.map	512	512	421	94	403	343	395.291
39	maps/rooms/8room_006.map	512	512	301	302	245	223	159.711
98	maps/rooms/8room_006.map	512	512	5	372	143	173	395.635
91	maps/rooms/8room_006.map	512	512	477	169	203	142	367.25
98	maps/rooms/8room_006.map	512	512	284	494	475	236	395.007
63	maps/rooms/8room_006.map	512	512	301	91	91	104	255.409
98	maps/rooms/8room_006.map	512	512	296	46	430	315	395.333
96	maps/rooms/8room_006.map	512	512	194	58	302	283	384.078
49	maps/rooms/8room_006.map	512	512	260	197	222	318	197.267
98	maps/rooms/8room_006.map	512	512	460	472	245	264	395.049
91	maps/rooms/8room_006.map	512	512	206	233	254	501	367.664
73	maps/rooms/8room_006.map	512	512	238	11	227	246	295.681
47	maps/rooms/8room_006.map	512	512	487	60	483	213	188.154
98	maps/rooms/8room_006.map	512	512	133	285	316	23	395.735
98	maps/rooms/8room_006.map	512	512	277	435	398	162	395.706
28	maps/rooms/8room_006.map	512	512	238	363	158	380	115.569
97	maps/rooms/8room_006.map	512	512	11	383	253	314	390.605
90	maps/rooms/8room_006.map	512	512	425	366	198	224	363.208
97	maps/rooms/8room_006.map	512	512	180	253	431	119	390.907
61	maps/rooms/8room_006.map	512	512	136	143	171	349	246.681
79	maps/rooms/8room_006.map	512	512	44	281	68	345	317.966
67	maps/rooms/8room_006.map	512	512	294	24	424	189	271.108
97	maps/rooms/8room_006.map	512	512	298	473	301	174	391.12
95	maps/rooms/8room_006.map	512	512	156	367	25	83	381.978
62	maps/rooms/8room_006.map	512	512	200	297	207	157	249.652
97	maps/rooms/8room_006.map	512	512	436	146	182	269	391.108
11	maps/rooms/8room_006.map	512	512	428	60	430	18	45.3137
96	maps/rooms/8room_006.map	512	512	7	231	283	156	385.492
90	maps/rooms/8room_006.map	512	512	178	180	430	120	362.593
97	maps/rooms/8room_006.map	512	512	340	261	210	7	391.747
97	maps/rooms/8room_006.map	512	512	511	382	251	244	391.421
79	maps/rooms/8room_006.map	512	512	226	326	140	111	317.066
44	maps/rooms/8room_006.map	512	512	440	332	335	253	176.953
95	maps/rooms/8room_006.map	512	512	334	294	61	171	382.936
41	maps/rooms/8room_006.map	512	512	178	18	70	74	166.468
50	maps/rooms/8room_006.map	512	512	193	419	29	438	203.468
79	maps/rooms/8room_006.map	512	512	439	115	390	297	319.25
95	maps/rooms/8room_006.map	512	512	341	346	89	442	383.563
39	maps/rooms/8room_006.map	512	512	211	11	334	75	158.296
95	maps/rooms/8room_006.map	512	512	28	233	308	218	382.907
95	maps/rooms/8room_006.map	512	512	499	325	210	378	383.764
50	maps/rooms/8room_006.map	512	512	396	22	511	76	202.439
95	maps/rooms/8room_006.map	512	512	442	198	172	48	383.806
95	maps/rooms/8room_006.map	512	512	472	45	237	137	383.836
90	maps/rooms/8room_006.map	512	512	83	58	267	284	363.22
54	maps/rooms/8room_006.map	512	512	230	170	76	116	219.924
72	maps/rooms/8room_006.map	512	512	266	295	89	391	291.208
28	maps/rooms/8room_006.map	512	512	250	463	221	463	114.598
54	maps/rooms/8room_006.map	512	512	278	389	124	312	219.368
90	maps/rooms/8room_006.map	512	512	245	96	438	319	363.948
89	maps/rooms/8room_006.map	512	512	68	299	198	471	358.936
89	maps/rooms/8room_006.map	512	512	84	67	274	291	359.078
80	maps/rooms/8room_006.map	512	512	233	132	339	310	320.35
76	maps/rooms/8room_006.map	512	512	282	105	310	298	304.764
25	maps/rooms/8room_006.map	512	512	397	164	338	148	101.669
76	maps/rooms/8room_006.map	512	512	444	223	393	429	305.936
89	maps/rooms/8room_006.map	512	512	503	472	438	223	359.806
70	maps/rooms/8room_006.map	512	512	239	387	5	423	280.066
88	maps/rooms/8room_006.map	512	512	358	369	423	131	355.978
88	maps/rooms/8room_006.map	512	512	394	435	216	235	355.421
48	maps/rooms/8room_006.map	512	512	284	291	194	426	192.338
83	maps/rooms/8room_006.map	512	512	314	303	217	92	334.693
88	maps/rooms/8room_006.map	512	512	447	43	161	37	355.22
65	maps/rooms/8room_006.map	512	512	399	383	485	254	263.794
88	maps/rooms/8room_006.map	512	512	501	111	400	345	355.108
88	maps/rooms/8room_006.map	512	512	42	423	319	423	355.978
54	maps/rooms/8room_006.map	512	512	278	410	111	411	217.196
88	maps/rooms/8room_006.map	512	512	420	207	266	388	354.706
86	maps/rooms/8room_006.map	512	512	490	274	315	181	347.421
75	maps/rooms/8room_006.map	512	512	108	176	308	313	302.865
79	maps/rooms/8room_006.map	512	512	72	231	99	438	317.723
83	maps/rooms/8room_006.map	512	512	87	110	149	345	335.593
77	maps/rooms/8room_006.map	512	512	51	311	185	190	309.894
83	maps/rooms/8room_006.map	512	512	138	197	295	405	335.108
19	maps/rooms/8room_006.map	512	512	40	159	8	167	78.0416
83	maps/rooms/8room_006.map	512	512	345	211	330	450	335.179
83	maps/rooms/8room_006.map	512	512	71	10	134	261	335.865
82	maps/rooms/8room_006.map	512	512	101	126	280	264	331.35
82	maps/rooms/8room_006.map	512	512	135	173	391	271	331.823
82	maps/rooms/8room_006.map	512	512	334	361	99	229	331.108
17	maps/rooms/8room_006.map	512	512	152	137	169	84	71.4558
60	maps/rooms/8room_006.map	512	512	490	58	476	259	241.024
25	maps/rooms/8room_006.map	512	512	196	287	174	345	102.87
80	maps/rooms/8room_006.map	512	512	393	146	241	327	323.593
80	maps/rooms/8room_006.map	512	512	188	258	299	457	323.966
61	maps/rooms/8room_006.map	512	512	348	351	195	376	244.61
80	maps/rooms/8room_006.map	512	512	321	54	402	275	323.563
80	maps/rooms/8room_006.map	512	512	354	350	302	182	323.279
80	maps/rooms/8room_006.map	512	512	502	315	239	264	323.238
51	maps/rooms/8room_006.map	512	512	472	367	388	509	204.995
13	maps/rooms/8room_006.map	512	512	333	446	328	395	53.0711
74	maps/rooms/8room_006.map	512	512	299	266	264	71	299.179
38	maps/rooms/8room_006.map	512	512	383	319	392	456	155.497
80	maps/rooms/8room_006.map	512	512	348	338	138	414	322.936
77	maps/rooms/8room_006.map	512	512	40	119	248	269	311.764
53	maps/rooms/8room_006.map	512	512	264	63	158	186	214.238
72	maps/rooms/8room_006.map	512	512	331	444	340	254	291.794
77	maps/rooms/8room_006.map	512	512	12	88	259	117	311.137
76	maps/rooms/8room_006.map	512	512	470	454	467	269	307.137
74	maps/rooms/8room_006.map	512	512	282	171	492	232	297.735
49	maps/rooms/8room_006.map	512	512	238	95	253	199	197.066
39	maps/rooms/8room_006.map	512	512	220	54	110	11	159.468
24	maps/rooms/8room_006.map	512	512	118	160	103	150	99.4264
74	maps/rooms/8room_006.map	512	512	446	398	250	392	299.664
32	maps/rooms/8room_006.map	512	512	479	402	480	475	128.083
42	maps/rooms/8room_006.map	512	512	277	359	242	254	168.569
73	maps/rooms/8room_006.map	512	512	114	322	342	408	294.652
72	maps/rooms/8room_006.map	512	512	150	505	352	390	291.551
38	maps/rooms/8room_006.map	512	512	0	109	141	105	155.912
60	maps/rooms/8room_006.map	512	512	362	291	327	110	243.48
69	maps/rooms/8room_006.map	512	512	282	365	276	172	279.451
47	maps/rooms/8room_006.map	512	512	109	295	232	222	190.125
59	maps/rooms/8room_006.map	512	512	332	442	233	453	237.48
70	maps/rooms/8room_006.map	512	512	343	172	152	236	283.409
72	maps/rooms/8room_006.map	512	512	35	436	134	255	291.966
69	maps/rooms/8room_006.map	512	512	333	111	119	207	279.966
38	maps/rooms/8room_006.map	512	512	285	418	373	488	154.368
69	maps/rooms/8room_006.map	512	512	92	380	266	268	279.196
28	maps/rooms/8room_006.map	512	512	316	235	247	303	114.74
69	maps/rooms/8room_006.map	512	512	425	92	220	94	279.309
58	maps/rooms/8room_006.map	512	512	232	195	255	366	233.522
42	maps/rooms/8room_006.map	512	512	211	494	259	373	170.296
68	maps/rooms/8room_006.map	512	512	462	476	433	283	275.38
65	maps/rooms/8room_006.map	512	512	510	263	383	254	263.924
68	maps/rooms/8room_006.map	512	512	187	477	131	246	275.995
60	maps/rooms/8room_006.map	512	512	421	90	252	42	243.167
68	maps/rooms/8room_006.map	512	512	420	281	229	371	275.794
68	maps/rooms/8room_006.map	512	512	235	508	272	290	275.167
65	maps/rooms/8room_006.map	512	512	421	19	511	203	263.338
67	maps/rooms/8room_006.map	512	512	371	180	162	138	271.652
62	maps/rooms/8room_006.map	512	512	510	379	318	436	251.066
67	maps/rooms/8room_006.map	512	512	460	227	291	104	271.037
67	maps/rooms/8room_006.map	512	512	183	316	275	137	270.622
67	maps/rooms/8room_006.map	512	512	472	184	485	320	271.409
66	maps/rooms/8room_006.map	512	512	292	126	169	296	267.551
56	maps/rooms/8room_006.map	512	512	316	268	445	377	227.196
46	maps/rooms/8room_006.map	512	512	382	53	503	108	185.782
45	maps/rooms/8room_006.map	512	512	181	200	292	233	183.095
66	maps/rooms/8room_006.map	512	512	255	488	398	354	267.936
66	maps/rooms/8room_006.map	512	512	139	508	333	436	267.338
66	maps/rooms/8room_006.map	512	512	71	348	252	265	266.61
66	maps/rooms/8room_006.map	512	512	350	341	268	290	267.652
65	maps/rooms/8room_006.map	512	512	123	482	291	356	263.037
35	maps/rooms/8room_006.map	512	512	333	452	399	359	140.74
63	maps/rooms/8room_006.map	512	512	143	196	336	264	255.853
62	maps/rooms/8room_006.map	512	512	223	422	341	492	250.894
62	maps/rooms/8room_006.map	512	512	406	268	446	422	251.137
62	maps/rooms/8room_006.map	512	512	35	408	170	324	251.652
60	maps/rooms/8room_006.map	512	512	153	472	327	405	243.267
60	maps/rooms/8room_006.map	512	512	265	504	324	314	243.066
60	maps/rooms/8room_006.map	512	512	378	396	366	225	243.995
60	maps/rooms/8room_006.map	512	512	127	362	97	199	243.267
59	maps/rooms/8room_006.map	512	512	457	141	336	264	239.238
23	maps/rooms/8room_006.map	512	512	147	313	191	349	94.4264
59	maps/rooms/8room_006.map	512	512	206	427	131	245	239.409
59	maps/rooms/8room_006.map	512	512	341	414	235	260	239.681
59	maps/rooms/8room_006.map	512	512	505	491	317	426	238.966
59	maps/rooms/8room_006.map	512	512	446	102	332	246	239.823
56	maps/rooms/8room_006.map	512	512	139	20	265	124	227.137
56	maps/rooms/8room_006.map	512	512	285	237	297	402	227.024
56	maps/rooms/8room_006.map	512	512	198	380	350	264	226.995
55	maps/rooms/8room_006.map	512	512	351	213	494	151	222.924
55	maps/rooms/8room_006.map	512	512	361	239	224	154	223.823
55	maps/rooms/8room_006.map	512	512	336	20	483	94	223.995
34	maps/rooms/8room_006.map	512	512	424	270	507	199	138.669
55	maps/rooms/8room_006.map	512	512	200	212	212	18	223.882
30	maps/rooms/8room_006.map	512	512	270	202	265	155	123.397
18	maps/rooms/8room_006.map	512	512	430	14	394	60	73.4558
55	maps/rooms/8room_006.map	512	512	121	410	304	404	223.409
52	maps/rooms/8room_006.map	512	512	435	482	290	394	211.652
45	maps/rooms/8room_006.map	512	512	264	475	290	325	183.681
52	maps/rooms/8room_006.map	512	512	323	68	355	222	211.48
52	maps/rooms/8room_006.map	512	512	286	254	267	387	211.196
52	maps/rooms/8room_006.map	512	512	270	374	362	234	211.095
52	maps/rooms/8room_006.map	512	512	215	41	306	190	211.723
52	maps/rooms/8room_006.map	512	512	43	488	55	325	211.711
52	maps/rooms/8room_006.map	512	512	62	246	236	263	211.61
51	maps/rooms/8room_006.map	512	512	43	45	195	80	207.267
51	maps/rooms/8room_006.map	512	512	155	172	308	106	207.125
51	maps/rooms/8room_006.map	512	512	179	75	357	82	207.953
51	maps/rooms/8room_006.map	512	512	222	210	105	332	207.953
51	maps/rooms/8room_006.map	512	512	478	443	493	314	207.539
51	maps/rooms/8room_006.map	512	512	437	108	316	206	207.61
50	maps/rooms/8room_006.map	512	512	333	39	239	163	202.652
31	maps/rooms/8room_006.map	512	512	402	153	461	77	127.125
50	maps/rooms/8room_006.map	512	512	293	461	274	300	203.782
50	maps/rooms/8room_006.map	512	512	359	390	274	300	203.61
49	maps/rooms/8room_006.map	512	512	197	477	291	358	199.51
49	maps/rooms/8room_006.map	512	512	461	415	304	405	199.368
49	maps/rooms/8room_006.map	512	512	479	339	331	414	199.125
49	maps/rooms/8room_006.map	512	512	357	127	193	119	199.154
49	maps/rooms/8room_006.map	512	512	126	122	131	242	199.368
49	maps/rooms/8room_006.map	512	512	103	447	252	390	198.953
48	maps/rooms/8room_006.map	512	512	493	476	471	350	195.539
48	maps/rooms/8room_006.map	512	512	362	165	318	71	195.823
41	maps/rooms/8room_006.map	512	512	410	286	332	173	167.125
47	maps/rooms/8room_006.map	512	512	242	397	343	273	191.024
47	maps/rooms/8room_006.map	512	512	19	438	177	398	191.539
47	maps/rooms/8room_006.map	512	512	357	473	226	490	191.782
46	maps/rooms/8room_006.map	512	512	234	438	292	310	187.782
46	maps/rooms/8room_006.map	512	512	223	115	236	263	187.953
46	maps/rooms/8room_006.map	512	512	4	187	164	159	187.196
46	maps/rooms/8room_006.map	512	512	329	93	175	71	187.296
45	maps/rooms/8room_006.map	512	512	283	20	425	35	183.853
45	maps/rooms/8room_006.map	512	512	44	239	149	232	183.196
45	maps/rooms/8room_006.map	512	512	118	58	196	175	183.569
45	maps/rooms/8room_006.map	512	512	174	142	69	237	182.752
45	maps/rooms/8room_006.map	512	512	310	248	195	190	183.711
45	maps/rooms/8room_006.map	512	512	56	404	143	358	183.024
44	maps/rooms/8room_006.map	512	512	221	419	133	308	178.64
44	maps/rooms/8room_006.map	512	512	269	5	201	140	179.711
17	maps/rooms/8room_006.map	512	512	154	406	200	379	69.1838
44	maps/rooms/8room_006.map	512	512	282	290	183	399	179.439
44	maps/rooms/8room_006.map	512	512	424	311	285	264	179.497
44	maps/rooms/8room_006.map	512	512	404	366	280	398	179.681
44	maps/rooms/8room_006.map	512	512	202	483	327	490	179.296
44	maps/rooms/8room_006.map	512	512	429	75	367	181	179.983
43	maps/rooms/8room_006.map	512	512	131	380	108	500	175.125
43	maps/rooms/8room_006.map	512	512	322	136	211	155	175.196
43	maps/rooms/8room_006.map	512	512	264	164	111	163	174.669
43	maps/rooms/8room_006.map	512	512	232	216	101	244	175.711
43	maps/rooms/8room_006.map	512	512	175	101	256	150	175.882
43	maps/rooms/8room_006.map	512	512	381	167	393	272	175.61
43	maps/rooms/8room_006.map	512	512	171	492	302	469	175.74
42	maps/rooms/8room_006.map	512	512	110	318	139	183	171.64
41	maps/rooms/8room_006.map	512	512	334	452	228	492	167.983
41	maps/rooms/8room_006.map	512	512	185	426	140	294	167.468
41	maps/rooms/8room_006.map	512	512	306	403	260	275	167.154
41	maps/rooms/8room_006.map	512	512	422	119	323	181	167.669
40	maps/rooms/8room_006.map	512	512	485	210	360	263	163.539
40	maps/rooms/8room_006.map	512	512	360	204	264	123	163.953
40	maps/rooms/8room_006.map	512	512	440	77	345	91	163.51
40	maps/rooms/8room_006.map	512	512	109	88	241	100	163.196
40	maps/rooms/8room_006.map	512	512	475	243	340	209	163.61
40	maps/rooms/8room_006.map	512	512	476	407	423	287	162.64
40	maps/rooms/8room_006.map	512	512	100	44	197	122	163.51
39	maps/rooms/8room_006.map	512	512	331	283	322	169	159.61
39	maps/rooms/8room_006.map	512	512	191	10	311	60	159.882
38	maps/rooms/8room_006.map	512	512	182	135	235	262	155.64
38	maps/rooms/8room_006.map	512	512	51	11	126	95	155.569
38	maps/rooms/8room_006.map	512	512	473	486	351	446	155.196
38	maps/rooms/8room_006.map	512	512	64	152	35	275	155.983
37	maps/rooms/8room_006.map	512	512	171	179	259	270	150.882
37	maps/rooms/8room_006.map	512	512	324	111	411	84	151.439
37	maps/rooms/8room_006.map	512	512	186	298	276	293	151.669
37	maps/rooms/8room_006.map	512	512	106	387	236	389	150.912
37	maps/rooms/8room_006.map	512	512	22	94	19	216	151.225
37	maps/rooms/8room_006.map	512	512	134	62	134	184	151.154
37	maps/rooms/8room_006.map	512	512	380	165	302	177	151.64
37	maps/rooms/8room_006.map	512	512	302	431	264	325	151.539
36	maps/rooms/8room_006.map	512	512	71	444	187	394	147.882
36	maps/rooms/8room_006.map	512	512	217	170	245	268	147.196
36	maps/rooms/8room_006.map	512	512	249	107	331	190	147.853
36	maps/rooms/8room_006.map	512	512	286	153	382	185	147.154
34	maps/rooms/8room_006.map	512	512	417	169	439	242	139.569
5	maps/rooms/8room_006.map	512	512	330	182	333	164	20.0711
36	maps/rooms/8room_006.map	512	512	333	114	441	172	147.74
36	maps/rooms/8room_006.map	512	512	206	30	147	133	147.64
36	maps/rooms/8room_006.map	512	512	72	375	131	307	147.912
18	maps/rooms/8room_006.map	512	512	37	76	24	142	72.5563
36	maps/rooms/8room_006.map	512	512	36	463	129	392	147.054
35	maps/rooms/8room_006.map	512	512	365	150	366	215	143.296
35	maps/rooms/8room_006.map	512	512	347	412	278	333	143.154
35	maps/rooms/8room_006.map	512	512	189	227	306	263	143.083
35	maps/rooms/8room_006.map	512	512	312	5	200	26	143.083
35	maps/rooms/8room_006.map	512	512	232	124	333	131	143.154
35	maps/rooms/8room_006.map	512	512	472	108	441	213	143.296
35	maps/rooms/8room_006.map	512	512	75	474	125	402	143.882
34	maps/rooms/8room_006.map	512	512	325	457	382	350	138.811
34	maps/rooms/8room_006.map	512	512	155	468	225	376	139.154
33	maps/rooms/8room_006.map	512	512	485	274	432	318	135.669
33	maps/rooms/8room_006.map	512	512	357	459	294	381	135.326
32	maps/rooms/8room_006.map	512	512	463	359	425	312	131.326
32	maps/rooms/8room_006.map	512	512	450	445	378	376	131.569
32	maps/rooms/8room_006.map	512	512	158	482	84	444	131.255
32	maps/rooms/8room_006.map	512	512	373	383	274	398	131.983
32	maps/rooms/8room_006.map	512	512	39	442	43	338	131.012
32	maps/rooms/8room_006.map	512	512	323	330	238	265	130.669
31	maps/rooms/8room_006.map	512	512	435	348	382	262	127.184
30	maps/rooms/8room_006.map	512	512	484	300	421	295	123.983
30	maps/rooms/8room_006.map	512	512	135	270	154	372	123.569
30	maps/rooms/8room_006.map	512	512	218	254	331	264	123.284
30	maps/rooms/8room_006.map	512	512	155	114	136	217	123.154
30	maps/rooms/8room_006.map	512	512	380	213	300	217	123.497
30	maps/rooms/8room_006.map	512	512	505	346	425	312	122.912
30	maps/rooms/8room_006.map	512	512	405	184	335	180	123.983
29	maps/rooms/8room_006.map	512	512	380	235	302	183	119.882
29	maps/rooms/8room_006.map	512	512	14	412	93	435	119.154
29	maps/rooms/8room_006.map	512	512	252	453	285	361	119.083
29	maps/rooms/8room_006.map	512	512	409	5	438	109	119.527
29	maps/rooms/8room_006.map	512	512	299	230	254	285	119.882
28	maps/rooms/8room_006.map	512	512	227	27	204	112	115.113
22	maps/rooms/8room_006.map	512	512	398	159	467	158	88.5269
28	maps/rooms/8room_006.map	512	512	376	314	346	404	115.841
28	maps/rooms/8room_006.map	512	512	178	180	236	263	114.64
28	maps/rooms/8room_006.map	512	512	445	469	473	378	114.598
28	maps/rooms/8room_006.map	512	512	339	511	386	452	115.012
28	maps/rooms/8room_006.map	512	512	154	359	165	265	115.184
28	maps/rooms/8room_006.map	512	512	206	170	140	109	115.527
27	maps/rooms/8room_006.map	512	512	271	227	194	242	111.841
23	maps/rooms/8room_006.map	512	512	292	370	228	355	93.0416
27	maps/rooms/8room_006.map	512	512	266	31	282	109	111.841
27	maps/rooms/8room_006.map	512	512	204	102	288	149	111.326
27	maps/rooms/8room_006.map	512	512	92	334	134	261	111.912
27	maps/rooms/8room_006.map	512	512	43	425	124	414	111.154
27	maps/rooms/8room_006.map	512	512	131	490	220	508	111.426
27	maps/rooms/8room_006.map	512	512	399	205	363	187	110.669
27	maps/rooms/8room_006.map	512	512	188	69	268	127	111.054
26	maps/rooms/8room_006.map	512	512	419	394	348	443	107.497
26	maps/rooms/8room_006.map	512	512	210	323	177	274	107.497
26	maps/rooms/8room_006.map	512	512	73	236	133	274	106.87
26	maps/rooms/8room_006.map	512	512	483	227	411	227	107.598
26	maps/rooms/8room_006.map	512	512	53	412	44	332	107.042
26	maps/rooms/8room_006.map	512	512	315	6	340	95	107.841
26	maps/rooms/8room_006.map	512	512	307	403	279	324	107.184
25	maps/rooms/8room_006.map	512	512	148	25	146	75	103.698
25	maps/rooms/8room_006.map	512	512	473	404	382	430	103.77
24	maps/rooms/8room_006.map	512	512	348	470	351	397	99.9411
24	maps/rooms/8room_006.map	512	512	127	457	179	397	99.598
24	maps/rooms/8room_006.map	512	512	383	74	310	108	99.9117
24	maps/rooms/8room_006.map	512	512	399	454	322	429	99.0122
23	maps/rooms/8room_006.map	512	512	289	214	287	265	95.0833
23	maps/rooms/8room_006.map	512	512	103	153	138	86	95.0122
23	maps/rooms/8room_006.map	512	512	33	36	105	72	95.1127
18	maps/rooms/8room_006.map	512	512	456	489	398	474	74.3553
22	maps/rooms/8room_006.map	512	512	245	131	195	192	91.0833
22	maps/rooms/8room_006.map	512	512	84	422	148	443	91.0833
22	maps/rooms/8room_006.map	512	512	360	135	382	186	91.9117
22	maps/rooms/8room_006.map	512	512	463	297	429	316	90.6985
22	maps/rooms/8room_006.map	512	512	494	76	417	88	91.2843
21	maps/rooms/8room_006.map	512	512	297	119	299	187	86.4264
22	maps/rooms/8room_006.map	512	512	493	108	437	115	91.5269
22	maps/rooms/8room_006.map	512	512	104	228	151	163	91.1543
21	maps/rooms/8room_006.map	512	512	447	235	428	169	86.8406
21	maps/rooms/8room_006.map	512	512	476	447	466	410	86.598
21	maps/rooms/8room_006.map	512	512	260	93	291	150	87.3553
21	maps/rooms/8room_006.map	512	512	341	77	371	129	87.3553
21	maps/rooms/8room_006.map	512	512	275	399	200	373	87.7696
21	maps/rooms/8room_006.map	512	512	398	403	391	344	87.2548
21	maps/rooms/8room_006.map	512	512	423	191	414	244	87.598
20	maps/rooms/8room_006.map	512	512	125	193	173	245	83.8406
10	maps/rooms/8room_006.map	512	512	299	350	287	323	43.2843
20	maps/rooms/8room_006.map	512	512	232	167	173	131	83.2843
20	maps/rooms/8room_006.map	512	512	363	422	312	434	83.5269
20	maps/rooms/8room_006.map	512	512	114	139	159	180	83.8406
20	maps/rooms/8room_006.map	512	512	108	88	160	138	83.2548
20	maps/rooms/8room_006.map	512	512	250	243	198	239	83.1127
20	maps/rooms/8room_006.map	512	512	171	314	205	257	83.2843
19	maps/rooms/8room_006.map	512	512	296	486	355	469	79.1127
19	maps/rooms/8room_006.map	512	512	230	276	232	258	79.598
19	maps/rooms/8room_006.map	512	512	20	127	10	70	79.9117
18	maps/rooms/8room_006.map	512	512	324	374	265	363	75.3553
18	maps/rooms/8room_006.map	512	512	176	71	222	37	74.669
18	maps/rooms/8room_006.map	512	512	105	132	84	169	75.2132
18	maps/rooms/8room_006.map	512	512	503	72	434	71	75.2132
18	maps/rooms/8room_006.map	512	512	330	230	376	271	75.5269
17	maps/rooms/8room_006.map	512	512	166	455	175	401	71.8701
17	maps/rooms/8room_006.map	512	512	175	190	217	147	70.9411
17	maps/rooms/8room_006.map	512	512	231	125	234	77	71.4264
17	maps/rooms/8room_006.map	512	512	268	287	310	264	71.6274
16	maps/rooms/8room_006.map	512	512	334	14	299	19	67.799
16	maps/rooms/8room_006.map	512	512	99	495	127	445	67.1127
16	maps/rooms/8room_006.map	512	512	310	116	277	131	67.4558
16	maps/rooms/8room_006.map	512	512	242	55	243	102	67.6985
16	maps/rooms/8room_006.map	512	512	133	100	156	155	67.6985
16	maps/rooms/8room_006.map	512	512	60	258	101	244	67.3848
16	maps/rooms/8room_006.map	512	512	321	180	379	182	66.9706
16	maps/rooms/8room_006.map	512	512	300	431	291	389	67.8701
16	maps/rooms/8room_006.map	512	512	462	322	422	289	67.3848
16	maps/rooms/8room_006.map	512	512	165	231	204	218	66.9706
15	maps/rooms/8room_006.map	512	512	158	179	203	167	63.6274
15	maps/rooms/8room_006.map	512	512	380	237	331	247	63.7696
15	maps/rooms/8room_006.map	512	512	399	4	440	41	63.598
15	maps/rooms/8room_006.map	512	512	136	71	148	117	63.799
15	maps/rooms/8room_006.map	512	512	280	168	279	121	63.2132
15	maps/rooms/8room_006.map	512	512	455	6	480	52	63.8701
15	maps/rooms/8room_006.map	512	512	215	13	259	40	63.2843
15	maps/rooms/8room_006.map	512	512	493	488	434	486	63.9706
15	maps/rooms/8room_006.map	512	512	483	68	471	120	62.9706
14	maps/rooms/8room_006.map	512	512	258	462	270	408	59.799
14	maps/rooms/8room_006.map	512	512	200	491	198	437	59.799
14	maps/rooms/8room_006.map	512	512	231	311	260	273	59.0416
14	maps/rooms/8room_006.map	512	512	187	455	206	408	59.2132
14	maps/rooms/8room_006.map	512	512	421	118	431	171	59.6274
14	maps/rooms/8room_006.map	512	512	502	279	480	322	59.9706
14	maps/rooms/8room_006.map	512	512	509	271	500	291	59.8701
14	maps/rooms/8room_006.map	512	512	406	146	392	184	58.6274
13	maps/rooms/8room_006.map	512	512	421	300	389	271	55.3848
13	maps/rooms/8room_006.map	512	512	199	396	247	387	55.8701
13	maps/rooms/8room_006.map	512	512	61	85	94	108	55.799
13	maps/rooms/8room_006.map	512	512	389	366	410	320	55.8701
13	maps/rooms/8room_006.map	512	512	39	94	84	106	55.2843
13	maps/rooms/8room_006.map	512	512	398	366	366	386	55.9411
13	maps/rooms/8room_006.map	512	512	259	499	268	461	55.0416
13	maps/rooms/8room_006.map	512	512	462	149	437	192	55.6985
12	maps/rooms/8room_006.map	512	512	327	76	333	109	51.5269
12	maps/rooms/8room_006.map	512	512	271	172	282	143	50.6274
12	maps/rooms/8room_006.map	512	512	222	338	198	318	51.4558
12	maps/rooms/8room_006.map	512	512	155	363	196	373	51.1421
12	maps/rooms/8room_006.map	512	512	117	334	149	354	51.6569
12	maps/rooms/8room_006.map	512	512	210	298	177	308	51.2843
12	maps/rooms/8room_006.map	512	512	336	412	291	401	51.799
12	maps/rooms/8room_006.map	512	512	420	437	427	429	51.8701
12	maps/rooms/8room_006.map	512	512	490	244	449	233	51.2132
12	maps/rooms/8room_006.map	512	512	170	507	139	492	51.2132
11	maps/rooms/8room_006.map	512	512	150	425	127	441	47.3848
11	maps/rooms/8room_006.map	512	512	347	191	308	188	46.6274
11	maps/rooms/8room_006.map	512	512	235	260	279	268	47.3137
11	maps/rooms/8room_006.map	512	512	20	85	40	123	47.4558
11	maps/rooms/8room_006.map	512	512	118	118	143	114	47.2843
11	maps/rooms/8room_006.map	512	512	101	24	127	53	47.3848
11	maps/rooms/8room_006.map	512	512	502	35	482	70	47.3848
11	maps/rooms/8room_006.map	512	512	74	405	78	445	47.4558
10	maps/rooms/8room_006.map	512	512	275	302	283	342	43.3137
10	maps/rooms/8room_006.map	512	512	443	14	411	12	43.8995
10	maps/rooms/8room_006.map	512	512	429	319	418	281	43.3848
10	maps/rooms/8room_006.map	512	512	162	20	168	58	43.799
10	maps/rooms/8room_006.map	512	512	392	116	373	134	43.1421
10	maps/rooms/8room_006.map	512	512	332	53	318	80	43.3848
10	maps/rooms/8room_006.map	512	512	136	78	147	95	43.799
9	maps/rooms/8room_006.map	512	512	157	472	159	435	39.4853
9	maps/rooms/8room_006.map	512	512	189	154	196	189	39.0711
9	maps/rooms/8room_006.map	512	512	291	269	256	268	39.6569
9	maps/rooms/8room_006.map	512	512	360	329	341	355	39.1421
9	maps/rooms/8room_006.map	512	512	479	309	455	335	39.4558
9	maps/rooms/8room_006.map	512	512	363	2	333	23	39.8701
9	maps/rooms/8room_006.map	512	512	79	223	100	201	39.9706
9	maps/rooms/8room_006.map	512	512	4	181	37	167	39.9706
9	maps/rooms/8room_006.map	512	512	195	434	178	407	38.7279
8	maps/rooms/8room_006.map	512	512	446	341	413	341	34.6569
8	maps/rooms/8room_006.map	512	512	328	58	316	77	35.9706
8	maps/rooms/8room_006.map	512	512	510	362	498	332	35.5563
8	maps/rooms/8room_006.map	512	512	216	393	193	373	35.9706
8	maps/rooms/8room_006.map	512	512	505	340	506	372	35.7279
8	maps/rooms/8room_006.map	512	512	130	76	149	83	34.9706
7	maps/rooms/8room_006.map	512	512	127	502	141	480	31.8995
7	maps/rooms/8room_006.map	512	512	41	409	63	423	31.8995
7	maps/rooms/8room_006.map	512	512	463	186	438	172	31.9706
7	maps/rooms/8room_006.map	512	512	506	43	505	71	31.7279
7	maps/rooms/8room_006.map	512	512	314	7	296	18	31.1421
7	maps/rooms/8room_006.map	512	512	355	450	343	442	31.0711
7	maps/rooms/8room_006.map	512	512	134	172	159	158	31.9706
7	maps/rooms/8room_006.map	512	512	377	43	378	27	31.2426
7	maps/rooms/8room_006.map	512	512	196	276	211	255	31.8995
6	maps/rooms/8room_006.map	512	512	166	323	149	338	27.8995
6	maps/rooms/8room_006.map	512	512	414	411	396	423	27.799
6	maps/rooms/8room_006.map	512	512	119	252	134	254	27.9706
6	maps/rooms/8room_006.map	512	512	229	457	232	437	27.3848
6	maps/rooms/8room_006.map	512	512	229	228	249	231	27.0416
6	maps/rooms/8room_006.map	512	512	388	66	393	91	27.8995
6	maps/rooms/8room_006.map	512	512	503	189	491	201	27.3137
6	maps/rooms/8room_006.map	512	512	405	339	412	316	27.0711
6	maps/rooms/8room_006.map	512	512	511	197	490	192	27.3137
6	maps/rooms/8room_006.map	512	512	461	251	474	234	27.0711
5	maps/rooms/8room_006.map	512	512	359	15	352	35	23.4853
5	maps/rooms/8room_006.map	512	512	52	82	61	102	23.7279
5	maps/rooms/8room_006.map	512	512	185	266	175	282	23.6569
5	maps/rooms/8room_006.map	512	512	287	114	282	133	23.5563
5	maps/rooms/8room_006.map	512	512	153	92	150	110	23.4853
5	maps/rooms/8room_006.map	512	512	198	274	188	290	23.6569
5	maps/rooms/8room_006.map	512	512	50	492	71	487	23.0711
5	maps/rooms/8room_006.map	512	512	479	281	458	284	23.8995
5	maps/rooms/8room_006.map	512	512	55	435	75	442	22.8995
4	maps/rooms/8room_006.map	512	512	195	364	198	370	19.2426
4	maps/rooms/8room_006.map	512	512	163	510	179	501	19.7279
4	maps/rooms/8room_006.map	512	512	457	452	444	441	19.8995
4	maps/rooms/8room_006.map	512	512	323	484	329	471	19.2426
4	maps/rooms/8room_006.map	512	512	178	275	191	263	19.1421
4	maps/rooms/8room_006.map	512	512	394	291	405	304	19.8995
4	maps/rooms/8room_006.map	512	512	167	409	157	396	19.4853
4	maps/rooms/8room_006.map	512	512	235	271	249	269	19.3137
4	maps/rooms/8room_006.map	512	512	37	260	51	260	19.0711
3	maps/rooms/8room_006.map	512	512	282	334	268	335	15.2426
3	maps/rooms/8room_006.map	512	512	223	248	231	258	15.6569
3	maps/rooms/8room_006.map	512	512	295	222	285	212	15.3137
3	maps/rooms/8room_006.map	512	512	269	267	269	252	15
3	maps/rooms/8room_006.map	512	512	163	459	171	467	15.4142
3	maps/rooms/8room_006.map	512	512	136	218	149	214	15.2426
3	maps/rooms/8room_006.map	512	512	414	338	401	344	15.4853
3	maps/rooms/8room_006.map	512	512	424	228	409	227	15.4142
3	maps/rooms/8room_006.map	512	512	44	405	54	412	15.2426
2	maps/rooms/8room_006.map	512	512	474	42	482	44	11.4142
2	maps/rooms/8room_006.map	512	512	12	367	23	366	11.4142
2	maps/rooms/8room_006.map	512	512	170	180	176	189	11.4853
2	maps/rooms/8room_006.map	512	512	301	126	290	128	11.8284
2	maps/rooms/8room_006.map	512	512	468	239	472	244	11.8284
2	maps/rooms/8room_006.map	512	512	125	476	136	476	11
2	maps/rooms/8room_006.map	512	512	441	245	432	252	11.8995
2	maps/rooms/8room_006.map	512	512	27	279	37	275	11.6569
2	maps/rooms/8room_006.map	512	512	293	207	301	199	11.3137
2	maps/rooms/8room_006.map	512	512	345	492	344	481	11.4142
1	maps/rooms/8room_006.map	512	512	286	338	279	338	7
1	maps/rooms/8room_006.map	512	512	3	414	5	420	6.82843
1	maps/rooms/8room_006.map	512	512	298	439	301	433	7.24264
1	maps/rooms/8room_006.map	512	512	424	379	419	374	7.07107
1	maps/rooms/8room_006.map	512	512	446	471	440	475	7.65685
1	maps/rooms/8room_006.map	512	512	302	301	300	306	7
1	maps/rooms/8room_006.map	512	512	420	498	424	495	7
1	maps/rooms/8room_006.map	512	512	360	76	359	83	7.41421
1	maps/rooms/8room_006.map	512	512	106	301	111	296	7.07107
1	maps/rooms/8room_006.map	512	512	424	339	431	338	7.41421
0	maps/rooms/8room_006.map	512	512	232	450	235	450	3
0	maps/rooms/8room_006.map	512	512	420	367	417	366	3.41421
0	maps/rooms/8room_006.map	512	512	488	376	485	376	3
0	maps/rooms/8room_006.map	512	512	194	116	193	119	3.41421
0	maps/rooms/8room_006.map	512	512	492	355	489	354	3.41421
0	maps/rooms/8room_006.map	512	512	323	509	323	506	3
0	maps/rooms/8room_006.map	512	512	302	323	305	322	3.41421
0	maps/rooms/8room_006.map	512	512	70	250	73	249	3.41421
0	maps/rooms/8room_006.map	512	512	478	99	476	101	2.82843
0	maps/rooms/8room_006.map	512	512	123	420	125	422	2.82843
