version 1
94	maps/rooms/8room_005.map	512	512	300	392	494	201	379.066
127	maps/rooms/8room_005.map	512	512	459	507	215	171	511.647
127	maps/rooms/8room_005.map	512	512	395	231	69	484	511.475
30	maps/rooms/8room_005.map	512	512	89	248	29	276	120.125
127	maps/rooms/8room_005.map	512	512	396	496	210	486	511.061
37	maps/rooms/8room_005.map	512	512	344	467	331	440	150.225
127	maps/rooms/8room_005.map	512	512	59	483	414	373	511.233
103	maps/rooms/8room_005.map	512	512	82	74	386	133	412.706
86	maps/rooms/8room_005.map	512	512	334	214	59	266	345.693
87	maps/rooms/8room_005.map	512	512	362	362	486	100	350.25
127	maps/rooms/8room_005.map	512	512	172	69	456	358	510.973
70	maps/rooms/8room_005.map	512	512	309	332	194	399	282.853
67	maps/rooms/8room_005.map	512	512	345	5	230	177	270.924
10	maps/rooms/8room_005.map	512	512	105	74	133	85	43.2843
89	maps/rooms/8room_005.map	512	512	310	285	120	141	356.978
113	maps/rooms/8room_005.map	512	512	274	204	18	467	453.576
79	maps/rooms/8room_005.map	512	512	103	450	266	281	319.037
80	maps/rooms/8room_005.map	512	512	46	281	221	436	320.451
49	maps/rooms/8room_005.map	512	512	391	198	425	347	196.681
113	maps/rooms/8room_005.map	512	512	146	314	351	15	455.747
127	maps/rooms/8room_005.map	512	512	170	456	441	215	511.463
79	maps/rooms/8room_005.map	512	512	199	56	146	268	319.35
126	maps/rooms/8room_005.map	512	512	59	402	387	425	504.161
64	maps/rooms/8room_005.map	512	512	484	179	349	130	257.823
47	maps/rooms/8room_005.map	512	512	2	230	31	103	190.61
127	maps/rooms/8room_005.map	512	512	75	455	31	39	511.99
64	maps/rooms/8room_005.map	512	512	293	428	323	297	256.924
62	maps/rooms/8room_005.map	512	512	495	473	453	275	248.652
56	maps/rooms/8room_005.map	512	512	230	359	152	434	225.125
90	maps/rooms/8room_005.map	512	512	461	61	185	36	360.664
127	maps/rooms/8room_005.map	512	512	377	501	138	254	511.505
86	maps/rooms/8room_005.map	512	512	30	413	278	266	345.149
84	maps/rooms/8room_005.map	512	512	141	189	117	438	336.279
34	maps/rooms/8room_005.map	512	512	98	274	120	182	136.083
127	maps/rooms/8room_005.map	512	512	475	197	114	363	511.777
41	maps/rooms/8room_005.map	512	512	282	57	406	74	164.196
106	maps/rooms/8room_005.map	512	512	95	343	338	140	425.848
19	maps/rooms/8room_005.map	512	512	285	54	266	113	79.2548
40	maps/rooms/8room_005.map	512	512	484	242	343	231	161.113
125	maps/rooms/8room_005.map	512	512	46	333	435	232	503.99
118	maps/rooms/8room_005.map	512	512	8	262	124	471	473.919
32	maps/rooms/8room_005.map	512	512	91	255	186	276	128.184
42	maps/rooms/8room_005.map	512	512	327	38	322	178	170.296
37	maps/rooms/8room_005.map	512	512	131	99	125	217	151.539
113	maps/rooms/8room_005.map	512	512	450	251	170	396	453.392
99	maps/rooms/8room_005.map	512	512	509	15	243	159	396.333
127	maps/rooms/8room_005.map	512	512	67	426	446	231	511.019
82	maps/rooms/8room_005.map	512	512	91	166	37	429	328.238
45	maps/rooms/8room_005.map	512	512	204	99	237	103	180.196
126	maps/rooms/8room_005.map	512	512	80	490	380	409	507.818
76	maps/rooms/8room_005.map	512	512	508	511	382	295	304.492
126	maps/rooms/8room_005.map	512	512	266	436	370	60	507.12
126	maps/rooms/8room_005.map	512	512	487	147	109	325	506.96
126	maps/rooms/8room_005.map	512	512	105	61	184	476	507.99
60	maps/rooms/8room_005.map	512	512	133	210	86	389	242.267
77	maps/rooms/8room_005.map	512	512	383	346	142	394	308.338
126	maps/rooms/8room_005.map	512	512	10	157	302	419	507.262
95	maps/rooms/8room_005.map	512	512	309	135	50	90	383.179
53	maps/rooms/8room_005.map	512	512	254	307	366	195	212.711
64	maps/rooms/8room_005.map	512	512	223	78	130	233	259.338
102	maps/rooms/8room_005.map	512	512	377	392	384	45	410.936
98	maps/rooms/8room_005.map	512	512	360	285	228	94	395.777
126	maps/rooms/8room_005.map	512	512	364	11	60	258	506.747
23	maps/rooms/8room_005.map	512	512	486	408	500	451	93.5269
126	maps/rooms/8room_005.map	512	512	502	376	212	171	507.517
41	maps/rooms/8room_005.map	512	512	159	405	27	387	166.853
126	maps/rooms/8room_005.map	512	512	78	421	459	404	507.99
75	maps/rooms/8room_005.map	512	512	285	206	70	328	301.593
101	maps/rooms/8room_005.map	512	512	430	303	246	55	407.605
126	maps/rooms/8room_005.map	512	512	5	443	397	308	507.818
50	maps/rooms/8room_005.map	512	512	151	150	162	2	200.539
125	maps/rooms/8room_005.map	512	512	102	471	387	335	503.333
30	maps/rooms/8room_005.map	512	512	171	366	252	307	120.083
54	maps/rooms/8room_005.map	512	512	232	326	283	161	219.581
125	maps/rooms/8room_005.map	512	512	507	205	161	69	503.203
34	maps/rooms/8room_005.map	512	512	360	162	298	205	136.012
125	maps/rooms/8room_005.map	512	512	59	511	372	381	503.96
116	maps/rooms/8room_005.map	512	512	91	430	366	172	467.576
55	maps/rooms/8room_005.map	512	512	157	282	34	408	220.924
23	maps/rooms/8room_005.map	512	512	247	281	185	295	95.0122
33	maps/rooms/8room_005.map	512	512	372	158	456	173	134.983
125	maps/rooms/8room_005.map	512	512	142	502	374	248	503.404
41	maps/rooms/8room_005.map	512	512	263	244	204	365	165.054
65	maps/rooms/8room_005.map	512	512	187	121	70	294	260.752
45	maps/rooms/8room_005.map	512	512	364	294	414	173	181.853
125	maps/rooms/8room_005.map	512	512	442	451	91	249	503.191
125	maps/rooms/8room_005.map	512	512	470	63	118	205	503.463
21	maps/rooms/8room_005.map	512	512	212	345	199	306	84.669
125	maps/rooms/8room_005.map	512	512	360	466	334	79	503.434
118	maps/rooms/8room_005.map	512	512	493	119	114	158	474.291
125	maps/rooms/8room_005.map	512	512	475	363	86	210	503.948
125	maps/rooms/8room_005.map	512	512	495	138	106	280	503.96
124	maps/rooms/8room_005.map	512	512	462	453	98	364	499.919
63	maps/rooms/8room_005.map	512	512	137	259	152	57	253.551
76	maps/rooms/8room_005.map	512	512	456	350	269	222	304.22
124	maps/rooms/8room_005.map	512	512	278	396	45	83	498.919
124	maps/rooms/8room_005.map	512	512	47	216	379	421	499.333
85	maps/rooms/8room_005.map	512	512	155	363	430	386	341.38
123	maps/rooms/8room_005.map	512	512	179	167	462	458	493.546
85	maps/rooms/8room_005.map	512	512	18	243	182	460	341.936
102	maps/rooms/8room_005.map	512	512	356	200	102	59	409.877
124	maps/rooms/8room_005.map	512	512	420	363	34	328	499.09
124	maps/rooms/8room_005.map	512	512	428	358	186	70	499.245
39	maps/rooms/8room_005.map	512	512	451	190	454	316	156.154
110	maps/rooms/8room_005.map	512	512	200	246	12	43	443.534
97	maps/rooms/8room_005.map	512	512	95	406	20	103	390.492
28	maps/rooms/8room_005.map	512	512	333	158	301	186	115.841
113	maps/rooms/8room_005.map	512	512	166	409	356	151	453.362
100	maps/rooms/8room_005.map	512	512	439	178	421	509	400.907
124	maps/rooms/8room_005.map	512	512	356	507	120	356	499.919
67	maps/rooms/8room_005.map	512	512	115	167	126	393	268.924
62	maps/rooms/8room_005.map	512	512	195	340	7	359	249.125
116	maps/rooms/8room_005.map	512	512	121	330	483	332	465.605
62	maps/rooms/8room_005.map	512	512	486	6	334	59	248.338
117	maps/rooms/8room_005.map	512	512	455	364	184	482	470.948
124	maps/rooms/8room_005.map	512	512	10	3	291	240	499.262
124	maps/rooms/8room_005.map	512	512	9	174	420	234	499.25
9	maps/rooms/8room_005.map	512	512	201	175	178	193	39.7279
30	maps/rooms/8room_005.map	512	512	138	235	103	138	121.983
75	maps/rooms/8room_005.map	512	512	321	239	490	421	301.735
29	maps/rooms/8room_005.map	512	512	437	94	379	127	119.669
70	maps/rooms/8room_005.map	512	512	296	279	179	398	280.853
57	maps/rooms/8room_005.map	512	512	82	396	198	504	228.167
58	maps/rooms/8room_005.map	512	512	329	284	399	456	235.681
98	maps/rooms/8room_005.map	512	512	124	338	437	391	394.735
117	maps/rooms/8room_005.map	512	512	171	237	492	451	471.534
105	maps/rooms/8room_005.map	512	512	150	271	489	164	420.492
39	maps/rooms/8room_005.map	512	512	460	110	358	55	158.64
95	maps/rooms/8room_005.map	512	512	169	115	451	40	381.149
69	maps/rooms/8room_005.map	512	512	266	9	463	117	278.966
95	maps/rooms/8room_005.map	512	512	110	487	319	478	381.563
73	maps/rooms/8room_005.map	512	512	315	178	403	10	292.978
120	maps/rooms/8room_005.map	512	512	507	202	147	149	480.12
115	maps/rooms/8room_005.map	512	512	434	285	83	354	461.505
79	maps/rooms/8room_005.map	512	512	269	262	205	438	316.693
54	maps/rooms/8room_005.map	512	512	141	54	318	13	218.853
60	maps/rooms/8room_005.map	512	512	46	412	229	357	242.167
21	maps/rooms/8room_005.map	512	512	43	348	79	332	86.0833
57	maps/rooms/8room_005.map	512	512	39	277	215	296	228.782
43	maps/rooms/8room_005.map	512	512	322	174	432	120	175.054
70	maps/rooms/8room_005.map	512	512	139	59	319	101	283.865
124	maps/rooms/8room_005.map	512	512	507	264	124	376	499.09
70	maps/rooms/8room_005.map	512	512	460	467	301	330	280.167
118	maps/rooms/8room_005.map	512	512	222	371	484	375	475.161
124	maps/rooms/8room_005.map	512	512	189	492	286	142	499.718
112	maps/rooms/8room_005.map	512	512	190	36	121	379	451.806
87	maps/rooms/8room_005.map	512	512	54	390	301	467	351.421
43	maps/rooms/8room_005.map	512	512	79	103	138	213	174.196
63	maps/rooms/8room_005.map	512	512	455	53	269	79	253.338
123	maps/rooms/8room_005.map	512	512	55	6	33	387	495.534
52	maps/rooms/8room_005.map	512	512	437	402	341	314	211.823
44	maps/rooms/8room_005.map	512	512	244	158	340	58	176.024
98	maps/rooms/8room_005.map	512	512	408	390	123	301	395.706
123	maps/rooms/8room_005.map	512	512	402	85	442	497	495.647
78	maps/rooms/8room_005.map	512	512	362	115	127	154	312.066
54	maps/rooms/8room_005.map	512	512	137	254	317	260	219.882
35	maps/rooms/8room_005.map	512	512	6	159	127	173	143.426
98	maps/rooms/8room_005.map	512	512	341	381	507	114	392.019
55	maps/rooms/8room_005.map	512	512	468	182	427	361	223.782
57	maps/rooms/8room_005.map	512	512	170	229	72	362	229.936
83	maps/rooms/8room_005.map	512	512	28	316	281	217	334.492
123	maps/rooms/8room_005.map	512	512	104	429	364	151	495.647
99	maps/rooms/8room_005.map	512	512	214	185	212	419	398.392
123	maps/rooms/8room_005.map	512	512	450	294	90	433	495.818
101	maps/rooms/8room_005.map	512	512	83	284	411	189	406.948
87	maps/rooms/8room_005.map	512	512	269	248	18	184	348.279
104	maps/rooms/8room_005.map	512	512	251	485	390	442	417.463
105	maps/rooms/8room_005.map	512	512	330	437	374	125	422.735
115	maps/rooms/8room_005.map	512	512	68	280	306	57	462.362
98	maps/rooms/8room_005.map	512	512	239	316	386	39	392.777
109	maps/rooms/8room_005.map	512	512	34	213	284	22	437.676
123	maps/rooms/8room_005.map	512	512	151	28	282	381	495.688
112	maps/rooms/8room_005.map	512	512	477	76	198	203	451.706
122	maps/rooms/8room_005.map	512	512	207	53	58	410	489.404
68	maps/rooms/8room_005.map	512	512	202	260	14	260	272.693
65	maps/rooms/8room_005.map	512	512	455	475	506	280	261.238
100	maps/rooms/8room_005.map	512	512	435	386	407	62	402.35
66	maps/rooms/8room_005.map	512	512	147	482	66	393	266.794
89	maps/rooms/8room_005.map	512	512	346	362	381	58	357.066
21	maps/rooms/8room_005.map	512	512	314	248	240	263	87.1838
105	maps/rooms/8room_005.map	512	512	412	445	508	134	421.534
123	maps/rooms/8room_005.map	512	512	18	65	192	425	495.161
117	maps/rooms/8room_005.map	512	512	148	109	198	419	471.12
123	maps/rooms/8room_005.map	512	512	117	475	372	381	494.889
123	maps/rooms/8room_005.map	512	512	462	27	282	358	494.605
73	maps/rooms/8room_005.map	512	512	251	410	404	279	293.823
49	maps/rooms/8room_005.map	512	512	264	243	154	239	199.397
5	maps/rooms/8room_005.map	512	512	408	442	428	438	21.6569
88	maps/rooms/8room_005.map	512	512	130	335	414	318	353.492
54	maps/rooms/8room_005.map	512	512	326	263	361	83	217.225
84	maps/rooms/8room_005.map	512	512	281	146	88	29	339.321
123	maps/rooms/8room_005.map	512	512	234	422	439	140	495.291
89	maps/rooms/8room_005.map	512	512	326	195	56	115	357.622
62	maps/rooms/8room_005.map	512	512	419	376	255	271	251.066
9	maps/rooms/8room_005.map	512	512	301	406	303	442	38.4853
115	maps/rooms/8room_005.map	512	512	105	426	430	310	461.09
92	maps/rooms/8room_005.map	512	512	255	216	402	470	368.279
122	maps/rooms/8room_005.map	512	512	452	458	331	47	491.019
83	maps/rooms/8room_005.map	512	512	307	411	424	179	332.522
13	maps/rooms/8room_005.map	512	512	486	457	494	486	52.2132
38	maps/rooms/8room_005.map	512	512	134	214	90	310	153.64
75	maps/rooms/8room_005.map	512	512	174	235	411	187	301.794
122	maps/rooms/8room_005.map	512	512	419	506	242	168	491.333
114	maps/rooms/8room_005.map	512	512	21	126	373	58	456.434
122	maps/rooms/8room_005.map	512	512	366	140	6	60	488.291
122	maps/rooms/8room_005.map	512	512	86	89	352	355	491.706
122	maps/rooms/8room_005.map	512	512	9	13	291	240	491.191
63	maps/rooms/8room_005.map	512	512	293	269	482	206	253.882
98	maps/rooms/8room_005.map	512	512	351	137	70	264	395.037
40	maps/rooms/8room_005.map	512	512	169	61	98	164	161.924
74	maps/rooms/8room_005.map	512	512	139	121	9	52	296.823
72	maps/rooms/8room_005.map	512	512	495	73	458	277	288.179
122	maps/rooms/8room_005.map	512	512	38	456	151	68	491.818
122	maps/rooms/8room_005.map	512	512	322	41	393	462	491.948
50	maps/rooms/8room_005.map	512	512	100	282	107	402	201.752
66	maps/rooms/8room_005.map	512	512	175	76	92	254	264.681
117	maps/rooms/8room_005.map	512	512	347	397	355	5	470.191
81	maps/rooms/8room_005.map	512	512	346	62	106	71	326.321
122	maps/rooms/8room_005.map	512	512	155	131	484	20	491.446
118	maps/rooms/8room_005.map	512	512	503	399	221	203	472.517
122	maps/rooms/8room_005.map	512	512	141	489	354	230	491.262
121	maps/rooms/8room_005.map	512	512	427	216	72	413	487.362
93	maps/rooms/8room_005.map	512	512	73	108	153	376	373.421
121	maps/rooms/8room_005.map	512	512	27	137	431	229	487.563
43	maps/rooms/8room_005.map	512	512	166	296	107	188	175.468
111	maps/rooms/8room_005.map	512	512	139	466	261	258	445.463
34	maps/rooms/8room_005.map	512	512	80	325	170	370	137.267
59	maps/rooms/8room_005.map	512	512	232	342	362	408	236.894
36	maps/rooms/8room_005.map	512	512	110	297	20	365	145.64
101	maps/rooms/8room_005.map	512	512	173	107	479	110	406.12
82	maps/rooms/8room_005.map	512	512	348	116	309	373	328.35
44	maps/rooms/8room_005.map	512	512	106	443	167	505	179.125
56	maps/rooms/8room_005.map	512	512	170	5	219	179	224.966
121	maps/rooms/8room_005.map	512	512	88	381	337	82	487.446
98	maps/rooms/8room_005.map	512	512	363	279	217	405	392.836
24	maps/rooms/8room_005.map	512	512	329	306	263	358	99.2548
121	maps/rooms/8room_005.map	512	512	133	221	462	439	487.434
60	maps/rooms/8room_005.map	512	512	282	469	87	413	241.409
61	maps/rooms/8room_005.map	512	512	119	147	95	348	245.51
47	maps/rooms/8room_005.map	512	512	309	24	451	92	191.196
43	maps/rooms/8room_005.map	512	512	354	349	457	441	175.953
121	maps/rooms/8room_005.map	512	512	340	298	131	493	487.505
103	maps/rooms/8room_005.map	512	512	501	384	505	162	413.463
64	maps/rooms/8room_005.map	512	512	250	14	232	127	257.51
24	maps/rooms/8room_005.map	512	512	291	238	247	169	97.7696
54	maps/rooms/8room_005.map	512	512	290	29	443	121	219.167
72	maps/rooms/8room_005.map	512	512	126	115	162	355	289.137
121	maps/rooms/8room_005.map	512	512	95	21	363	304	487.759
35	maps/rooms/8room_005.map	512	512	402	21	429	118	143.983
120	maps/rooms/8room_005.map	512	512	339	10	276	402	481.877
69	maps/rooms/8room_005.map	512	512	216	247	414	299	279.137
62	maps/rooms/8room_005.map	512	512	435	282	300	315	251.823
75	maps/rooms/8room_005.map	512	512	429	216	429	468	300.208
54	maps/rooms/8room_005.map	512	512	195	303	367	238	218.924
52	maps/rooms/8room_005.map	512	512	375	331	214	362	211.924
71	maps/rooms/8room_005.map	512	512	248	292	30	328	287.321
43	maps/rooms/8room_005.map	512	512	286	303	288	169	172.083
121	maps/rooms/8room_005.map	512	512	473	330	234	65	487.99
121	maps/rooms/8room_005.map	512	512	7	205	393	159	487.22
10	maps/rooms/8room_005.map	512	512	205	345	213	345	40.9706
98	maps/rooms/8room_005.map	512	512	267	467	357	443	393.806
113	maps/rooms/8room_005.map	512	512	212	285	504	374	453.877
86	maps/rooms/8room_005.map	512	512	129	334	56	69	346.693
94	maps/rooms/8room_005.map	512	512	139	186	357	306	377.563
92	maps/rooms/8room_005.map	512	512	276	195	34	356	370.161
52	maps/rooms/8room_005.map	512	512	148	142	4	197	211.711
27	maps/rooms/8room_005.map	512	512	199	396	125	425	110.012
121	maps/rooms/8room_005.map	512	512	11	152	421	233	487.007
78	maps/rooms/8room_005.map	512	512	259	66	469	187	312.522
121	maps/rooms/8room_005.map	512	512	92	4	352	295	487.617
109	maps/rooms/8room_005.map	512	512	420	139	124	357	439.747
44	maps/rooms/8room_005.map	512	512	457	434	410	307	176.711
18	maps/rooms/8room_005.map	512	512	404	483	448	470	72.1127
97	maps/rooms/8room_005.map	512	512	328	302	122	126	390.049
109	maps/rooms/8room_005.map	512	512	62	58	263	315	437.563
90	maps/rooms/8room_005.map	512	512	335	178	143	258	362.593
45	maps/rooms/8room_005.map	512	512	349	325	294	343	180.882
120	maps/rooms/8room_005.map	512	512	314	136	230	477	483.777
66	maps/rooms/8room_005.map	512	512	227	355	235	510	266.723
41	maps/rooms/8room_005.map	512	512	245	195	254	330	164.368
120	maps/rooms/8room_005.map	512	512	488	259	269	474	483.747
67	maps/rooms/8room_005.map	512	512	261	409	284	194	270.61
85	maps/rooms/8room_005.map	512	512	441	408	356	142	343.693
102	maps/rooms/8room_005.map	512	512	381	330	452	47	411.078
120	maps/rooms/8room_005.map	512	512	469	19	401	403	483.019
19	maps/rooms/8room_005.map	512	512	154	317	103	333	77.669
66	maps/rooms/8room_005.map	512	512	156	127	8	158	266.723
80	maps/rooms/8room_005.map	512	512	500	116	266	238	320.451
120	maps/rooms/8room_005.map	512	512	424	364	106	173	483.818
98	maps/rooms/8room_005.map	512	512	170	164	31	423	394.936
68	maps/rooms/8room_005.map	512	512	487	252	509	77	274.823
120	maps/rooms/8room_005.map	512	512	197	77	173	440	482.706
83	maps/rooms/8room_005.map	512	512	254	206	136	431	332.664
90	maps/rooms/8room_005.map	512	512	248	415	335	168	362.794
38	maps/rooms/8room_005.map	512	512	284	361	296	466	153.125
120	maps/rooms/8room_005.map	512	512	277	95	39	313	483.889
93	maps/rooms/8room_005.map	512	512	12	361	277	258	372.877
94	maps/rooms/8room_005.map	512	512	252	218	220	426	377.22
95	maps/rooms/8room_005.map	512	512	378	247	89	379	382.078
80	maps/rooms/8room_005.map	512	512	229	25	477	23	323.179
82	maps/rooms/8room_005.map	512	512	285	262	40	375	328.635
113	maps/rooms/8room_005.map	512	512	343	472	392	140	453.291
78	maps/rooms/8room_005.map	512	512	456	46	236	115	313.25
120	maps/rooms/8room_005.map	512	512	461	24	353	382	483.505
120	maps/rooms/8room_005.map	512	512	446	451	135	228	482.635
119	maps/rooms/8room_005.map	512	512	13	186	410	238	479.007
54	maps/rooms/8room_005.map	512	512	482	153	369	15	219.51
119	maps/rooms/8room_005.map	512	512	506	446	221	171	479.345
11	maps/rooms/8room_005.map	512	512	258	313	280	350	47.2843
30	maps/rooms/8room_005.map	512	512	372	151	446	175	122.912
59	maps/rooms/8room_005.map	512	512	290	434	115	409	239.439
117	maps/rooms/8room_005.map	512	512	377	323	130	511	470.99
89	maps/rooms/8room_005.map	512	512	197	163	444	57	356.22
44	maps/rooms/8room_005.map	512	512	169	431	27	404	179.468
119	maps/rooms/8room_005.map	512	512	107	31	140	424	477.262
119	maps/rooms/8room_005.map	512	512	62	26	259	212	478.647
53	maps/rooms/8room_005.map	512	512	77	252	50	78	213.853
119	maps/rooms/8room_005.map	512	512	416	287	110	53	479.362
51	maps/rooms/8room_005.map	512	512	184	327	199	190	205.439
119	maps/rooms/8room_005.map	512	512	71	206	411	397	479.049
119	maps/rooms/8room_005.map	512	512	153	121	375	429	479.747
89	maps/rooms/8room_005.map	512	512	206	328	143	141	357.764
104	maps/rooms/8room_005.map	512	512	360	111	30	130	419.25
69	maps/rooms/8room_005.map	512	512	296	25	445	131	279.794
62	maps/rooms/8room_005.map	512	512	63	131	233	34	251.309
99	maps/rooms/8room_005.map	512	512	61	172	291	347	399.25
93	maps/rooms/8room_005.map	512	512	290	405	18	508	375.936
107	maps/rooms/8room_005.map	512	512	135	398	460	333	430.049
119	maps/rooms/8room_005.map	512	512	141	246	489	324	479.463
94	maps/rooms/8room_005.map	512	512	171	203	297	429	378.149
79	maps/rooms/8room_005.map	512	512	466	507	372	270	319.108
101	maps/rooms/8room_005.map	512	512	90	134	376	283	406.463
55	maps/rooms/8room_005.map	512	512	434	245	294	135	220.995
87	maps/rooms/8room_005.map	512	512	158	103	215	340	349.463
67	maps/rooms/8room_005.map	512	512	181	480	238	365	270.309
57	maps/rooms/8room_005.map	512	512	154	301	61	430	231.723
119	maps/rooms/8room_005.map	512	512	250	46	35	362	479.576
106	maps/rooms/8room_005.map	512	512	138	78	93	413	425.12
119	maps/rooms/8room_005.map	512	512	466	445	191	154	478.759
72	maps/rooms/8room_005.map	512	512	456	419	358	207	288.309
114	maps/rooms/8room_005.map	512	512	382	203	57	106	456.735
101	maps/rooms/8room_005.map	512	512	94	440	378	311	404.321
118	maps/rooms/8room_005.map	512	512	508	122	133	87	475.747
71	maps/rooms/8room_005.map	512	512	479	7	374	172	284.167
41	maps/rooms/8room_005.map	512	512	284	443	260	326	165.853
107	maps/rooms/8room_005.map	512	512	259	268	456	3	429.99
36	maps/rooms/8room_005.map	512	512	459	285	388	251	147.125
113	maps/rooms/8room_005.map	512	512	205	387	391	402	455.007
85	maps/rooms/8room_005.map	512	512	287	229	440	19	342.664
115	maps/rooms/8room_005.map	512	512	312	383	123	489	462.647
96	maps/rooms/8room_005.map	512	512	205	407	322	197	387.777
118	maps/rooms/8room_005.map	512	512	471	144	103	179	475.049
118	maps/rooms/8room_005.map	512	512	188	74	411	382	475.517
78	maps/rooms/8room_005.map	512	512	231	12	259	222	313.078
118	maps/rooms/8room_005.map	512	512	198	430	181	82	475.291
105	maps/rooms/8room_005.map	512	512	346	114	317	430	421.978
67	maps/rooms/8room_005.map	512	512	258	230	104	122	268.309
70	maps/rooms/8room_005.map	512	512	276	212	135	41	282.451
118	maps/rooms/8room_005.map	512	512	27	214	399	364	475.161
66	maps/rooms/8room_005.map	512	512	220	166	398	218	265.238
66	maps/rooms/8room_005.map	512	512	474	220	494	143	266.037
118	maps/rooms/8room_005.map	512	512	410	395	44	414	475.434
64	maps/rooms/8room_005.map	512	512	61	324	22	507	259.238
112	maps/rooms/8room_005.map	512	512	86	13	350	269	450.475
117	maps/rooms/8room_005.map	512	512	476	246	82	156	471.764
56	maps/rooms/8room_005.map	512	512	510	235	434	396	226.38
92	maps/rooms/8room_005.map	512	512	93	58	325	140	370.978
117	maps/rooms/8room_005.map	512	512	356	82	100	334	470.617
34	maps/rooms/8room_005.map	512	512	427	90	339	132	136.669
36	maps/rooms/8room_005.map	512	512	103	12	201	9	144.154
68	maps/rooms/8room_005.map	512	512	379	131	212	252	273.095
18	maps/rooms/8room_005.map	512	512	381	293	387	242	72.3553
79	maps/rooms/8room_005.map	512	512	341	82	312	342	318.238
117	maps/rooms/8room_005.map	512	512	388	47	285	411	471.978
75	maps/rooms/8room_005.map	512	512	127	138	230	247	301.622
34	maps/rooms/8room_005.map	512	512	411	168	425	268	137.882
117	maps/rooms/8room_005.map	512	512	457	263	152	80	471.948
117	maps/rooms/8room_005.map	512	512	511	291	244	463	471.09
88	maps/rooms/8room_005.map	512	512	198	19	51	277	352.948
61	maps/rooms/8room_005.map	512	512	46	162	135	25	245.723
52	maps/rooms/8room_005.map	512	512	494	165	342	253	209.681
66	maps/rooms/8room_005.map	512	512	486	121	292	218	266.823
88	maps/rooms/8room_005.map	512	512	259	349	11	247	352.534
79	maps/rooms/8room_005.map	512	512	293	340	484	212	317.51
116	maps/rooms/8room_005.map	512	512	325	220	61	489	467.96
98	maps/rooms/8room_005.map	512	512	318	229	23	351	395.877
104	maps/rooms/8room_005.map	512	512	140	81	333	350	416.191
74	maps/rooms/8room_005.map	512	512	206	181	362	9	299.966
50	maps/rooms/8room_005.map	512	512	507	3	462	162	203.983
88	maps/rooms/8room_005.map	512	512	379	408	162	229	353.037
116	maps/rooms/8room_005.map	512	512	127	498	215	207	467.877
42	maps/rooms/8room_005.map	512	512	405	162	468	63	171.882
91	maps/rooms/8room_005.map	512	512	162	43	195	248	365.907
116	maps/rooms/8room_005.map	512	512	436	11	191	285	467.617
116	maps/rooms/8room_005.map	512	512	358	476	138	262	467.706
89	maps/rooms/8room_005.map	512	512	383	314	131	172	356.735
80	maps/rooms/8room_005.map	512	512	455	390	422	130	323.693
116	maps/rooms/8room_005.map	512	512	28	376	399	362	467.534
87	maps/rooms/8room_005.map	512	512	88	136	345	228	348.664
116	maps/rooms/8room_005.map	512	512	499	203	158	166	467.706
116	maps/rooms/8room_005.map	512	512	156	42	385	326	467.617
84	maps/rooms/8room_005.map	512	512	370	195	485	431	336.179
109	maps/rooms/8room_005.map	512	512	347	441	237	122	439.049
72	maps/rooms/8room_005.map	512	512	396	283	207	375	289.551
116	maps/rooms/8room_005.map	512	512	35	91	347	294	467.919
35	maps/rooms/8room_005.map	512	512	276	72	299	180	143.426
50	maps/rooms/8room_005.map	512	512	302	244	301	75	203.397
97	maps/rooms/8room_005.map	512	512	54	324	374	233	390.664
37	maps/rooms/8room_005.map	512	512	67	173	94	286	150.326
15	maps/rooms/8room_005.map	512	512	99	347	141	334	63.5269
115	maps/rooms/8room_005.map	512	512	378	506	470	156	462.777
39	maps/rooms/8room_005.map	512	512	55	267	43	150	156.983
115	maps/rooms/8room_005.map	512	512	153	73	402	367	463.032
43	maps/rooms/8room_005.map	512	512	383	332	410	207	175.054
115	maps/rooms/8room_005.map	512	512	463	52	109	175	463.735
47	maps/rooms/8room_005.map	512	512	20	223	13	375	189.912
115	maps/rooms/8room_005.map	512	512	19	496	315	265	463.534
21	maps/rooms/8room_005.map	512	512	377	108	419	152	84.1838
52	maps/rooms/8room_005.map	512	512	461	84	441	267	208.054
84	maps/rooms/8room_005.map	512	512	396	446	477	199	339.078
52	maps/rooms/8room_005.map	512	512	363	275	389	155	208.309
73	maps/rooms/8room_005.map	512	512	263	389	228	179	293.693
115	maps/rooms/8room_005.map	512	512	479	463	218	171	463.517
115	maps/rooms/8room_005.map	512	512	286	420	429	95	462.919
43	maps/rooms/8room_005.map	512	512	73	187	168	299	172.439
74	maps/rooms/8room_005.map	512	512	395	447	274	413	298.723
82	maps/rooms/8room_005.map	512	512	303	285	189	454	328.966
34	maps/rooms/8room_005.map	512	512	39	72	133	9	136.497
69	maps/rooms/8room_005.map	512	512	68	217	180	386	277.894
85	maps/rooms/8room_005.map	512	512	361	175	484	404	340.35
0	maps/rooms/8room_005.map	512	512	196	266	194	268	2.82843
114	maps/rooms/8room_005.map	512	512	253	3	399	359	459.99
111	maps/rooms/8room_005.map	512	512	493	39	221	250	447.534
33	maps/rooms/8room_005.map	512	512	243	6	250	110	134.841
106	maps/rooms/8room_005.map	512	512	330	310	58	123	427.149
62	maps/rooms/8room_005.map	512	512	21	279	140	453	251.551
100	maps/rooms/8room_005.map	512	512	34	119	345	72	402.534
114	maps/rooms/8room_005.map	512	512	72	157	443	183	459.25
47	maps/rooms/8room_005.map	512	512	77	204	102	71	188.024
95	maps/rooms/8room_005.map	512	512	282	370	274	64	381.037
114	maps/rooms/8room_005.map	512	512	341	477	148	367	459.635
56	maps/rooms/8room_005.map	512	512	93	332	278	306	227.752
53	maps/rooms/8room_005.map	512	512	40	314	180	251	214.338
101	maps/rooms/8room_005.map	512	512	36	124	190	404	404.149
100	maps/rooms/8room_005.map	512	512	329	295	183	19	400.534
114	maps/rooms/8room_005.map	512	512	21	286	375	342	459.706
114	maps/rooms/8room_005.map	512	512	507	186	181	69	459.233
12	maps/rooms/8room_005.map	512	512	447	298	409	287	51.1421
70	maps/rooms/8room_005.map	512	512	199	398	46	227	283.723
25	maps/rooms/8room_005.map	512	512	250	348	319	303	101.355
28	maps/rooms/8room_005.map	512	512	19	245	82	197	113.669
97	maps/rooms/8room_005.map	512	512	114	268	339	116	391.635
74	maps/rooms/8room_005.map	512	512	14	269	217	362	297.137
68	maps/rooms/8room_005.map	512	512	19	432	248	425	275.823
114	maps/rooms/8room_005.map	512	512	363	489	255	451	459.605
114	maps/rooms/8room_005.map	512	512	34	351	394	299	459.12
114	maps/rooms/8room_005.map	512	512	311	83	258	421	459.25
80	maps/rooms/8room_005.map	512	512	444	194	195	171	321.38
113	maps/rooms/8room_005.map	512	512	73	62	343	288	455.404
78	maps/rooms/8room_005.map	512	512	363	413	169	317	312.693
107	maps/rooms/8room_005.map	512	512	171	105	405	357	429.889
111	maps/rooms/8room_005.map	512	512	154	406	415	187	444.09
73	maps/rooms/8room_005.map	512	512	376	475	278	292	292.823
113	maps/rooms/8room_005.map	512	512	502	5	251	193	455.132
55	maps/rooms/8room_005.map	512	512	147	495	140	362	223.782
113	maps/rooms/8room_005.map	512	512	436	45	275	341	455.049
101	maps/rooms/8room_005.map	512	512	308	468	216	228	406.434
72	maps/rooms/8room_005.map	512	512	68	77	68	314	290.924
22	maps/rooms/8room_005.map	512	512	397	227	457	223	88.4264
97	maps/rooms/8room_005.map	512	512	153	185	184	509	388.664
56	maps/rooms/8room_005.map	512	512	171	286	342	203	227.48
90	maps/rooms/8room_005.map	512	512	93	147	291	24	363.191
34	maps/rooms/8room_005.map	512	512	196	252	214	340	139.255
84	maps/rooms/8room_005.map	512	512	326	144	142	258	336.794
44	maps/rooms/8room_005.map	512	512	187	102	83	154	179.154
75	maps/rooms/8room_005.map	512	512	76	342	299	249	301.078
69	maps/rooms/8room_005.map	512	512	315	186	502	305	277.38
39	maps/rooms/8room_005.map	512	512	301	154	265	34	156.912
112	maps/rooms/8room_005.map	512	512	152	387	451	198	451.806
73	maps/rooms/8room_005.map	512	512	329	396	259	200	293.723
112	maps/rooms/8room_005.map	512	512	446	2	204	264	451.789
112	maps/rooms/8room_005.map	512	512	170	54	387	332	451.375
112	maps/rooms/8room_005.map	512	512	182	471	404	242	451.877
64	maps/rooms/8room_005.map	512	512	463	430	500	237	258.693
23	maps/rooms/8room_005.map	512	512	326	262	402	245	93.5269
23	maps/rooms/8room_005.map	512	512	50	102	112	66	92.9117
17	maps/rooms/8room_005.map	512	512	504	404	491	456	71.5269
48	maps/rooms/8room_005.map	512	512	276	201	303	354	195.64
112	maps/rooms/8room_005.map	512	512	138	507	118	180	451.291
47	maps/rooms/8room_005.map	512	512	42	285	164	302	189.125
46	maps/rooms/8room_005.map	512	512	243	297	343	335	186.125
88	maps/rooms/8room_005.map	512	512	506	127	329	313	353.836
72	maps/rooms/8room_005.map	512	512	202	346	156	484	291.581
51	maps/rooms/8room_005.map	512	512	297	140	373	282	204.853
107	maps/rooms/8room_005.map	512	512	229	483	63	220	429.392
37	maps/rooms/8room_005.map	512	512	276	50	215	25	151.983
97	maps/rooms/8room_005.map	512	512	341	199	44	105	391.693
42	maps/rooms/8room_005.map	512	512	104	341	60	457	168.024
73	maps/rooms/8room_005.map	512	512	122	189	346	118	294.338
34	maps/rooms/8room_005.map	512	512	123	183	70	90	138.083
97	maps/rooms/8room_005.map	512	512	154	35	275	291	390.019
31	maps/rooms/8room_005.map	512	512	264	132	271	74	126.941
112	maps/rooms/8room_005.map	512	512	510	109	152	172	451.149
62	maps/rooms/8room_005.map	512	512	322	25	502	125	248.309
112	maps/rooms/8room_005.map	512	512	374	461	91	375	451.049
111	maps/rooms/8room_005.map	512	512	492	196	145	332	447.25
69	maps/rooms/8room_005.map	512	512	402	293	430	77	278.794
105	maps/rooms/8room_005.map	512	512	350	360	426	29	423.492
62	maps/rooms/8room_005.map	512	512	79	458	219	330	249.238
103	maps/rooms/8room_005.map	512	512	135	301	439	298	412.262
22	maps/rooms/8room_005.map	512	512	70	402	5	444	89.4264
39	maps/rooms/8room_005.map	512	512	101	389	103	501	158.61
106	maps/rooms/8room_005.map	512	512	53	106	363	229	427.007
111	maps/rooms/8room_005.map	512	512	85	318	307	81	447.09
63	maps/rooms/8room_005.map	512	512	213	356	389	287	255.995
49	maps/rooms/8room_005.map	512	512	201	362	358	351	199.439
111	maps/rooms/8room_005.map	512	512	503	74	294	352	447.877
111	maps/rooms/8room_005.map	512	512	185	101	301	419	447.546
80	maps/rooms/8room_005.map	512	512	446	355	350	100	323.25
111	maps/rooms/8room_005.map	512	512	138	422	149	69	446.919
62	maps/rooms/8room_005.map	512	512	248	127	165	39	251.309
55	maps/rooms/8room_005.map	512	512	78	69	170	202	222.439
111	maps/rooms/8room_005.map	512	512	62	123	186	469	447.22
54	maps/rooms/8room_005.map	512	512	436	306	268	317	217.752
19	maps/rooms/8room_005.map	512	512	216	104	242	69	76.9411
111	maps/rooms/8room_005.map	512	512	473	511	262	210	447.605
110	maps/rooms/8room_005.map	512	512	346	83	127	355	443.333
110	maps/rooms/8room_005.map	512	512	471	220	172	308	443.25
79	maps/rooms/8room_005.map	512	512	75	454	78	188	317.208
110	maps/rooms/8room_005.map	512	512	20	476	111	119	443.948
66	maps/rooms/8room_005.map	512	512	487	378	500	296	266.137
25	maps/rooms/8room_005.map	512	512	325	270	293	326	103.113
75	maps/rooms/8room_005.map	512	512	252	285	74	454	300.38
106	maps/rooms/8room_005.map	512	512	139	41	13	372	424.605
94	maps/rooms/8room_005.map	512	512	383	421	389	127	379.907
110	maps/rooms/8room_005.map	512	512	63	167	341	343	443.463
50	maps/rooms/8room_005.map	512	512	117	152	202	37	200.894
110	maps/rooms/8room_005.map	512	512	2	12	264	217	443.049
99	maps/rooms/8room_005.map	512	512	151	40	278	275	396.191
27	maps/rooms/8room_005.map	512	512	172	343	82	317	109.74
110	maps/rooms/8room_005.map	512	512	370	411	89	210	443.362
69	maps/rooms/8room_005.map	512	512	56	136	136	343	279.995
91	maps/rooms/8room_005.map	512	512	399	218	405	493	365.593
110	maps/rooms/8room_005.map	512	512	508	169	165	315	442.706
92	maps/rooms/8room_005.map	512	512	331	382	146	159	371.522
100	maps/rooms/8room_005.map	512	512	180	456	94	134	400.836
110	maps/rooms/8room_005.map	512	512	13	459	310	263	443.233
46	maps/rooms/8room_005.map	512	512	175	190	32	215	187.782
58	maps/rooms/8room_005.map	512	512	264	73	358	232	235.167
51	maps/rooms/8room_005.map	512	512	270	360	367	231	205.782
107	maps/rooms/8room_005.map	512	512	300	181	339	493	428.321
2	maps/rooms/8room_005.map	512	512	36	19	41	14	8.82843
87	maps/rooms/8room_005.map	512	512	380	248	101	332	348.421
61	maps/rooms/8room_005.map	512	512	10	94	206	29	246.439
38	maps/rooms/8room_005.map	512	512	283	346	170	287	154.326
17	maps/rooms/8room_005.map	512	512	260	430	283	437	69.9411
52	maps/rooms/8room_005.map	512	512	77	267	229	246	211.61
102	maps/rooms/8room_005.map	512	512	167	228	390	54	410.848
28	maps/rooms/8room_005.map	512	512	127	410	66	486	112.397
84	maps/rooms/8room_005.map	512	512	249	133	287	396	338.823
110	maps/rooms/8room_005.map	512	512	471	18	165	165	443.333
42	maps/rooms/8room_005.map	512	512	23	19	76	76	169.782
84	maps/rooms/8room_005.map	512	512	200	291	157	476	336.35
109	maps/rooms/8room_005.map	512	512	29	197	364	212	439.078
74	maps/rooms/8room_005.map	512	512	274	439	104	363	298.066
109	maps/rooms/8room_005.map	512	512	466	344	168	163	439.836
43	maps/rooms/8room_005.map	512	512	85	58	203	107	172.983
91	maps/rooms/8room_005.map	512	512	395	439	157	362	364.037
65	maps/rooms/8room_005.map	512	512	364	391	504	306	263.208
95	maps/rooms/8room_005.map	512	512	211	82	487	21	380.463
79	maps/rooms/8room_005.map	512	512	397	457	281	226	318.581
15	maps/rooms/8room_005.map	512	512	151	471	181	511	60.0416
53	maps/rooms/8room_005.map	512	512	57	54	18	213	215.539
74	maps/rooms/8room_005.map	512	512	213	185	436	185	298.966
109	maps/rooms/8room_005.map	512	512	322	70	302	419	439.735
90	maps/rooms/8room_005.map	512	512	414	231	133	317	361.492
109	maps/rooms/8room_005.map	512	512	227	393	427	99	439.505
63	maps/rooms/8room_005.map	512	512	149	52	68	249	255.38
109	maps/rooms/8room_005.map	512	512	482	456	227	185	439.789
68	maps/rooms/8room_005.map	512	512	296	22	356	247	272.823
30	maps/rooms/8room_005.map	512	512	415	291	387	382	120.255
96	maps/rooms/8room_005.map	512	512	232	490	413	365	387.321
47	maps/rooms/8room_005.map	512	512	135	216	92	348	190.296
107	maps/rooms/8room_005.map	512	512	277	141	143	418	429.191
109	maps/rooms/8room_005.map	512	512	277	438	179	143	439.233
42	maps/rooms/8room_005.map	512	512	136	319	124	222	170.296
50	maps/rooms/8room_005.map	512	512	308	221	308	382	200.882
65	maps/rooms/8room_005.map	512	512	426	83	324	278	263.451
59	maps/rooms/8room_005.map	512	512	420	462	411	275	238.066
14	maps/rooms/8room_005.map	512	512	297	226	326	267	57.6985
61	maps/rooms/8room_005.map	512	512	495	72	308	21	247.48
108	maps/rooms/8room_005.map	512	512	19	193	267	401	435.806
44	maps/rooms/8room_005.map	512	512	73	124	181	158	176.125
85	maps/rooms/8room_005.map	512	512	104	406	106	137	340.179
108	maps/rooms/8room_005.map	512	512	95	8	399	112	435.262
108	maps/rooms/8room_005.map	512	512	338	20	380	393	435.25
64	maps/rooms/8room_005.map	512	512	106	403	202	215	256.066
108	maps/rooms/8room_005.map	512	512	490	309	187	168	434.836
108	maps/rooms/8room_005.map	512	512	426	382	65	356	435.291
88	maps/rooms/8room_005.map	512	512	398	198	134	117	354.179
108	maps/rooms/8room_005.map	512	512	103	394	296	110	435.191
108	maps/rooms/8room_005.map	512	512	407	36	178	291	435.161
108	maps/rooms/8room_005.map	512	512	62	365	295	129	435.718
91	maps/rooms/8room_005.map	512	512	221	24	511	107	364.078
108	maps/rooms/8room_005.map	512	512	22	61	37	409	435.936
60	maps/rooms/8room_005.map	512	512	258	119	318	216	241.167
49	maps/rooms/8room_005.map	512	512	142	353	123	185	197.125
108	maps/rooms/8room_005.map	512	512	231	330	27	55	435.877
54	maps/rooms/8room_005.map	512	512	230	196	213	360	218.581
36	maps/rooms/8room_005.map	512	512	181	345	299	329	147.74
67	maps/rooms/8room_005.map	512	512	210	31	214	215	268.794
83	maps/rooms/8room_005.map	512	512	500	375	490	234	333.492
100	maps/rooms/8room_005.map	512	512	56	51	200	341	401.22
107	maps/rooms/8room_005.map	512	512	511	456	203	295	431.434
97	maps/rooms/8room_005.map	512	512	409	339	121	248	391.007
107	maps/rooms/8room_005.map	512	512	333	15	218	354	431.12
54	maps/rooms/8room_005.map	512	512	497	170	345	194	216.024
90	maps/rooms/8room_005.map	512	512	221	274	227	52	363.22
92	maps/rooms/8room_005.map	512	512	398	158	152	24	371.463
107	maps/rooms/8room_005.map	512	512	359	495	164	316	431.706
107	maps/rooms/8room_005.map	512	512	11	2	246	203	430.978
90	maps/rooms/8room_005.map	512	512	152	405	126	103	361.664
95	maps/rooms/8room_005.map	512	512	225	115	94	354	383.179
106	maps/rooms/8room_005.map	512	512	494	200	151	173	427.037
106	maps/rooms/8room_005.map	512	512	418	39	194	283	427.019
100	maps/rooms/8room_005.map	512	512	41	12	285	34	402.434
106	maps/rooms/8room_005.map	512	512	403	267	138	82	427.706
106	maps/rooms/8room_005.map	512	512	489	410	144	367	427.463
97	maps/rooms/8room_005.map	512	512	297	121	103	317	391.948
106	maps/rooms/8room_005.map	512	512	300	53	66	247	427.262
86	maps/rooms/8room_005.map	512	512	420	181	372	459	346.693
100	maps/rooms/8room_005.map	512	512	410	140	122	69	401.877
105	maps/rooms/8room_005.map	512	512	492	119	180	291	423.848
25	maps/rooms/8room_005.map	512	512	226	375	303	413	100.941
32	maps/rooms/8room_005.map	512	512	424	198	456	278	131.882
105	maps/rooms/8room_005.map	512	512	503	498	220	349	423.019
105	maps/rooms/8room_005.map	512	512	454	460	163	276	423.049
105	maps/rooms/8room_005.map	512	512	399	39	246	338	423.262
25	maps/rooms/8room_005.map	512	512	341	100	403	62	102.326
40	maps/rooms/8room_005.map	512	512	21	373	41	239	160.912
46	maps/rooms/8room_005.map	512	512	475	271	408	138	186.61
75	maps/rooms/8room_005.map	512	512	41	210	223	383	301.35
88	maps/rooms/8room_005.map	512	512	451	259	431	27	353.22
87	maps/rooms/8room_005.map	512	512	35	345	172	107	351.35
26	maps/rooms/8room_005.map	512	512	388	461	362	379	106.284
105	maps/rooms/8room_005.map	512	512	185	466	365	219	422.806
93	maps/rooms/8room_005.map	512	512	24	483	319	468	372.936
104	maps/rooms/8room_005.map	512	512	101	370	307	111	419.09
4	maps/rooms/8room_005.map	512	512	437	349	422	344	17.6569
56	maps/rooms/8room_005.map	512	512	238	190	277	55	225.296
104	maps/rooms/8room_005.map	512	512	499	252	158	320	419.593
58	maps/rooms/8room_005.map	512	512	383	213	271	139	232.51
88	maps/rooms/8room_005.map	512	512	178	202	431	292	355.25
104	maps/rooms/8room_005.map	512	512	19	20	230	185	419.321
104	maps/rooms/8room_005.map	512	512	346	451	360	94	419.25
77	maps/rooms/8room_005.map	512	512	226	445	26	292	308.966
49	maps/rooms/8room_005.map	512	512	93	318	69	148	196.711
41	maps/rooms/8room_005.map	512	512	441	253	314	191	165.811
64	maps/rooms/8room_005.map	512	512	306	59	177	151	257.794
67	maps/rooms/8room_005.map	512	512	275	36	389	203	271.693
97	maps/rooms/8room_005.map	512	512	442	333	140	387	391.078
70	maps/rooms/8room_005.map	512	512	138	342	120	501	281.51
77	maps/rooms/8room_005.map	512	512	100	60	88	303	311.693
104	maps/rooms/8room_005.map	512	512	68	136	397	200	419.007
96	maps/rooms/8room_005.map	512	512	365	252	88	410	385.593
67	maps/rooms/8room_005.map	512	512	217	233	375	326	269.25
104	maps/rooms/8room_005.map	512	512	202	466	379	416	419.635
78	maps/rooms/8room_005.map	512	512	224	246	23	155	312.794
61	maps/rooms/8room_005.map	512	512	3	217	166	301	247.35
60	maps/rooms/8room_005.map	512	512	243	83	229	184	242.296
92	maps/rooms/8room_005.map	512	512	493	330	284	150	368.764
82	maps/rooms/8room_005.map	512	512	265	39	484	72	328.836
51	maps/rooms/8room_005.map	512	512	434	276	364	401	207.167
90	maps/rooms/8room_005.map	512	512	317	275	125	74	362.806
28	maps/rooms/8room_005.map	512	512	408	61	396	98	114.74
100	maps/rooms/8room_005.map	512	512	57	402	78	104	403.735
103	maps/rooms/8room_005.map	512	512	217	301	486	121	414.706
52	maps/rooms/8room_005.map	512	512	148	20	308	24	209.681
104	maps/rooms/8room_005.map	512	512	303	349	186	50	419.806
103	maps/rooms/8room_005.map	512	512	141	36	393	238	415.22
53	maps/rooms/8room_005.map	512	512	294	185	168	302	214.48
51	maps/rooms/8room_005.map	512	512	254	457	281	319	205.024
103	maps/rooms/8room_005.map	512	512	479	110	292	374	415.25
47	maps/rooms/8room_005.map	512	512	454	102	326	162	190.125
44	maps/rooms/8room_005.map	512	512	300	311	284	194	177.083
103	maps/rooms/8room_005.map	512	512	333	82	142	352	415.09
103	maps/rooms/8room_005.map	512	512	198	505	111	166	415.321
61	maps/rooms/8room_005.map	512	512	291	28	213	120	245.924
51	maps/rooms/8room_005.map	512	512	418	194	263	268	206.681
51	maps/rooms/8room_005.map	512	512	423	406	460	254	207.61
103	maps/rooms/8room_005.map	512	512	483	376	218	306	415.635
70	maps/rooms/8room_005.map	512	512	381	278	171	196	281.421
92	maps/rooms/8room_005.map	512	512	506	236	291	395	369.581
39	maps/rooms/8room_005.map	512	512	374	135	243	116	159.154
84	maps/rooms/8room_005.map	512	512	510	418	278	271	336.321
103	maps/rooms/8room_005.map	512	512	78	79	325	269	415.392
102	maps/rooms/8room_005.map	512	512	86	238	399	362	411.735
102	maps/rooms/8room_005.map	512	512	439	11	151	173	411.505
20	maps/rooms/8room_005.map	512	512	47	383	100	341	82.598
26	maps/rooms/8room_005.map	512	512	300	261	265	323	107.627
67	maps/rooms/8room_005.map	512	512	22	462	244	465	268.48
102	maps/rooms/8room_005.map	512	512	360	72	97	245	411.948
102	maps/rooms/8room_005.map	512	512	437	9	363	331	410.593
100	maps/rooms/8room_005.map	512	512	148	281	454	265	403.179
102	maps/rooms/8room_005.map	512	512	487	8	318	254	411.836
56	maps/rooms/8room_005.map	512	512	357	117	188	174	224.125
39	maps/rooms/8room_005.map	512	512	411	370	500	385	159.882
102	maps/rooms/8room_005.map	512	512	9	268	317	334	410.676
101	maps/rooms/8room_005.map	512	512	398	509	186	291	406.593
22	maps/rooms/8room_005.map	512	512	403	365	436	403	88.1127
89	maps/rooms/8room_005.map	512	512	301	211	499	414	359.635
101	maps/rooms/8room_005.map	512	512	468	265	166	363	407.563
101	maps/rooms/8room_005.map	512	512	228	123	378	428	406.907
68	maps/rooms/8room_005.map	512	512	211	277	425	277	273.095
99	maps/rooms/8room_005.map	512	512	341	87	434	424	399.321
99	maps/rooms/8room_005.map	512	512	495	458	261	210	399.99
96	maps/rooms/8room_005.map	512	512	307	278	483	40	387.563
24	maps/rooms/8room_005.map	512	512	505	14	439	19	98.8406
99	maps/rooms/8room_005.map	512	512	20	284	325	272	399.735
52	maps/rooms/8room_005.map	512	512	191	150	166	296	210.924
99	maps/rooms/8room_005.map	512	512	446	470	187	362	399.25
39	maps/rooms/8room_005.map	512	512	206	165	244	266	158.882
76	maps/rooms/8room_005.map	512	512	194	149	37	328	307.865
99	maps/rooms/8room_005.map	512	512	204	422	379	422	399.836
99	maps/rooms/8room_005.map	512	512	370	323	102	173	399.463
74	maps/rooms/8room_005.map	512	512	144	50	162	276	299.522
55	maps/rooms/8room_005.map	512	512	374	207	356	21	222.711
84	maps/rooms/8room_005.map	512	512	477	469	251	314	339.35
94	maps/rooms/8room_005.map	512	512	331	78	179	331	377.392
78	maps/rooms/8room_005.map	512	512	107	326	350	233	312.836
65	maps/rooms/8room_005.map	512	512	52	259	236	166	260.924
27	maps/rooms/8room_005.map	512	512	342	202	299	271	109.74
96	maps/rooms/8room_005.map	512	512	275	291	47	116	387.492
39	maps/rooms/8room_005.map	512	512	443	310	359	217	157.225
96	maps/rooms/8room_005.map	512	512	117	2	420	62	387.534
96	maps/rooms/8room_005.map	512	512	503	354	292	376	387.007
87	maps/rooms/8room_005.map	512	512	75	214	182	471	350.007
91	maps/rooms/8room_005.map	512	512	383	285	442	6	365.522
42	maps/rooms/8room_005.map	512	512	358	438	463	361	171.581
96	maps/rooms/8room_005.map	512	512	272	507	137	238	387.806
71	maps/rooms/8room_005.map	512	512	460	470	373	248	286.823
96	maps/rooms/8room_005.map	512	512	398	268	90	163	387.492
96	maps/rooms/8room_005.map	512	512	140	498	316	307	387.978
95	maps/rooms/8room_005.map	512	512	365	458	250	423	383.421
95	maps/rooms/8room_005.map	512	512	109	90	332	279	383.948
67	maps/rooms/8room_005.map	512	512	223	70	63	204	270.409
70	maps/rooms/8room_005.map	512	512	167	228	22	293	282.108
56	maps/rooms/8room_005.map	512	512	99	509	126	360	225.38
95	maps/rooms/8room_005.map	512	512	142	422	179	144	383.936
94	maps/rooms/8room_005.map	512	512	21	469	263	282	379.007
47	maps/rooms/8room_005.map	512	512	406	268	332	185	188.782
71	maps/rooms/8room_005.map	512	512	394	35	454	242	287.451
89	maps/rooms/8room_005.map	512	512	235	437	279	195	359.966
94	maps/rooms/8room_005.map	512	512	314	442	289	142	379.108
94	maps/rooms/8room_005.map	512	512	310	73	302	394	379.551
72	maps/rooms/8room_005.map	512	512	389	47	230	199	291.208
1	maps/rooms/8room_005.map	512	512	311	424	314	430	7.24264
93	maps/rooms/8room_005.map	512	512	38	356	55	34	374.48
35	maps/rooms/8room_005.map	512	512	73	343	189	371	142.225
94	maps/rooms/8room_005.map	512	512	510	61	362	318	379.635
83	maps/rooms/8room_005.map	512	512	264	224	472	411	334.22
18	maps/rooms/8room_005.map	512	512	169	260	188	290	74.4558
35	maps/rooms/8room_005.map	512	512	71	314	122	221	143.397
48	maps/rooms/8room_005.map	512	512	475	218	446	168	193.61
55	maps/rooms/8room_005.map	512	512	447	430	333	285	221.208
93	maps/rooms/8room_005.map	512	512	236	471	122	189	375.078
75	maps/rooms/8room_005.map	512	512	264	415	363	187	303.652
93	maps/rooms/8room_005.map	512	512	53	23	27	276	375.978
69	maps/rooms/8room_005.map	512	512	11	222	191	312	278.836
93	maps/rooms/8room_005.map	512	512	159	510	136	237	375.522
89	maps/rooms/8room_005.map	512	512	414	13	484	269	359.706
93	maps/rooms/8room_005.map	512	512	149	302	450	395	375.179
76	maps/rooms/8room_005.map	512	512	356	280	141	369	307.238
93	maps/rooms/8room_005.map	512	512	7	301	254	140	375.522
92	maps/rooms/8room_005.map	512	512	453	31	373	298	371.108
74	maps/rooms/8room_005.map	512	512	204	119	132	13	298.735
73	maps/rooms/8room_005.map	512	512	312	234	119	292	295.735
92	maps/rooms/8room_005.map	512	512	202	459	405	368	371.321
79	maps/rooms/8room_005.map	512	512	329	205	317	453	317.137
92	maps/rooms/8room_005.map	512	512	9	116	155	378	370.735
36	maps/rooms/8room_005.map	512	512	152	54	103	165	145.782
91	maps/rooms/8room_005.map	512	512	8	157	283	7	367.735
30	maps/rooms/8room_005.map	512	512	12	359	7	436	122.426
81	maps/rooms/8room_005.map	512	512	375	234	110	180	325.995
78	maps/rooms/8room_005.map	512	512	200	275	115	69	313.451
59	maps/rooms/8room_005.map	512	512	116	339	20	233	239.48
85	maps/rooms/8room_005.map	512	512	130	142	253	287	340.936
28	maps/rooms/8room_005.map	512	512	414	143	452	127	115.497
91	maps/rooms/8room_005.map	512	512	307	261	40	415	367.049
91	maps/rooms/8room_005.map	512	512	75	252	372	344	367.108
73	maps/rooms/8room_005.map	512	512	122	458	252	293	295.652
91	maps/rooms/8room_005.map	512	512	24	72	213	297	367.179
55	maps/rooms/8room_005.map	512	512	392	291	492	180	223.167
53	maps/rooms/8room_005.map	512	512	462	120	318	23	215.167
91	maps/rooms/8room_005.map	512	512	146	396	380	409	367.693
68	maps/rooms/8room_005.map	512	512	25	149	181	235	275.581
90	maps/rooms/8room_005.map	512	512	162	253	358	420	363.108
90	maps/rooms/8room_005.map	512	512	492	372	265	313	363.664
89	maps/rooms/8room_005.map	512	512	442	484	366	205	359.492
27	maps/rooms/8room_005.map	512	512	20	168	13	94	109.426
57	maps/rooms/8room_005.map	512	512	104	327	276	246	231.894
88	maps/rooms/8room_005.map	512	512	69	22	281	223	355.635
88	maps/rooms/8room_005.map	512	512	294	121	290	411	355.966
87	maps/rooms/8room_005.map	512	512	445	378	160	276	351.108
87	maps/rooms/8room_005.map	512	512	43	99	227	315	351.279
26	maps/rooms/8room_005.map	512	512	44	163	104	119	107.841
86	maps/rooms/8room_005.map	512	512	188	489	309	275	347.108
86	maps/rooms/8room_005.map	512	512	10	223	258	242	347.735
10	maps/rooms/8room_005.map	512	512	210	251	187	267	42.5563
37	maps/rooms/8room_005.map	512	512	99	251	42	344	150.225
61	maps/rooms/8room_005.map	512	512	281	67	452	135	247.995
86	maps/rooms/8room_005.map	512	512	469	72	316	257	347.179
45	maps/rooms/8room_005.map	512	512	82	191	114	319	183.983
86	maps/rooms/8room_005.map	512	512	433	419	272	422	347.179
86	maps/rooms/8room_005.map	512	512	274	26	70	144	347.806
86	maps/rooms/8room_005.map	512	512	498	408	290	236	347.362
85	maps/rooms/8room_005.map	512	512	478	67	292	223	343.865
85	maps/rooms/8room_005.map	512	512	380	309	207	430	343.865
61	maps/rooms/8room_005.map	512	512	290	83	443	187	247.309
73	maps/rooms/8room_005.map	512	512	295	57	495	174	295.492
68	maps/rooms/8room_005.map	512	512	196	294	4	181	273.409
85	maps/rooms/8room_005.map	512	512	35	223	316	263	343.451
84	maps/rooms/8room_005.map	512	512	283	452	49	346	339.179
83	maps/rooms/8room_005.map	512	512	246	25	138	240	335.35
77	maps/rooms/8room_005.map	512	512	166	326	392	276	311.137
61	maps/rooms/8room_005.map	512	512	236	163	166	342	247.51
83	maps/rooms/8room_005.map	512	512	324	151	278	387	335.037
83	maps/rooms/8room_005.map	512	512	4	330	281	335	335.865
83	maps/rooms/8room_005.map	512	512	132	5	394	45	335.907
83	maps/rooms/8room_005.map	512	512	77	132	261	316	335.966
79	maps/rooms/8room_005.map	512	512	379	196	245	412	319.48
82	maps/rooms/8room_005.map	512	512	505	329	269	214	330.966
82	maps/rooms/8room_005.map	512	512	181	386	361	362	330.794
73	maps/rooms/8room_005.map	512	512	481	167	456	411	295.551
82	maps/rooms/8room_005.map	512	512	114	79	142	348	331.108
82	maps/rooms/8room_005.map	512	512	159	149	286	358	331.078
80	maps/rooms/8room_005.map	512	512	379	218	220	302	323.451
82	maps/rooms/8room_005.map	512	512	422	236	170	123	331.551
52	maps/rooms/8room_005.map	512	512	351	278	169	244	210.225
5	maps/rooms/8room_005.map	512	512	250	7	233	3	21.7279
81	maps/rooms/8room_005.map	512	512	9	346	178	143	327.179
81	maps/rooms/8room_005.map	512	512	69	489	105	223	327.764
81	maps/rooms/8room_005.map	512	512	204	10	67	247	327.806
81	maps/rooms/8room_005.map	512	512	22	42	82	301	327.693
81	maps/rooms/8room_005.map	512	512	44	150	302	120	326.794
81	maps/rooms/8room_005.map	512	512	234	426	261	220	327.007
81	maps/rooms/8room_005.map	512	512	438	370	164	319	327.208
78	maps/rooms/8room_005.map	512	512	72	338	290	244	315.463
31	maps/rooms/8room_005.map	512	512	395	142	354	243	124.083
81	maps/rooms/8room_005.map	512	512	125	172	196	427	327.622
75	maps/rooms/8room_005.map	512	512	93	453	45	222	302.037
80	maps/rooms/8room_005.map	512	512	365	12	460	243	323.522
78	maps/rooms/8room_005.map	512	512	172	408	138	158	315.037
51	maps/rooms/8room_005.map	512	512	380	402	301	249	207.983
33	maps/rooms/8room_005.map	512	512	153	251	153	173	133.255
74	maps/rooms/8room_005.map	512	512	425	264	268	408	299.794
65	maps/rooms/8room_005.map	512	512	465	64	249	85	263.409
70	maps/rooms/8room_005.map	512	512	343	69	487	241	283.622
11	maps/rooms/8room_005.map	512	512	269	35	264	74	45.2132
66	maps/rooms/8room_005.map	512	512	261	88	478	109	264.752
61	maps/rooms/8room_005.map	512	512	279	282	462	183	247.238
69	maps/rooms/8room_005.map	512	512	278	15	92	3	279.966
80	maps/rooms/8room_005.map	512	512	7	246	256	140	323.451
25	maps/rooms/8room_005.map	512	512	392	381	470	351	102.426
57	maps/rooms/8room_005.map	512	512	236	344	410	388	230.752
34	maps/rooms/8room_005.map	512	512	37	99	138	42	137.154
43	maps/rooms/8room_005.map	512	512	127	362	14	284	174.397
80	maps/rooms/8room_005.map	512	512	215	442	95	216	323.764
41	maps/rooms/8room_005.map	512	512	407	359	365	258	165.267
57	maps/rooms/8room_005.map	512	512	190	430	253	331	231.296
39	maps/rooms/8room_005.map	512	512	80	228	106	99	157.083
34	maps/rooms/8room_005.map	512	512	27	183	134	183	139.569
68	maps/rooms/8room_005.map	512	512	307	423	155	292	273.51
33	maps/rooms/8room_005.map	512	512	63	365	28	252	135.983
47	maps/rooms/8room_005.map	512	512	78	361	182	457	189.64
77	maps/rooms/8room_005.map	512	512	329	127	409	380	311.551
77	maps/rooms/8room_005.map	512	512	121	455	237	246	311.35
51	maps/rooms/8room_005.map	512	512	9	270	105	143	207.61
77	maps/rooms/8room_005.map	512	512	170	495	195	282	311.622
26	maps/rooms/8room_005.map	512	512	431	62	474	139	106.426
77	maps/rooms/8room_005.map	512	512	125	182	367	231	311.167
22	maps/rooms/8room_005.map	512	512	504	99	485	161	91.4264
77	maps/rooms/8room_005.map	512	512	262	270	463	115	311.522
77	maps/rooms/8room_005.map	512	512	453	287	415	61	311.421
76	maps/rooms/8room_005.map	512	512	199	360	183	139	306.764
76	maps/rooms/8room_005.map	512	512	494	215	228	210	306.681
76	maps/rooms/8room_005.map	512	512	338	389	410	147	307.421
32	maps/rooms/8room_005.map	512	512	219	365	168	397	130.841
47	maps/rooms/8room_005.map	512	512	291	136	327	299	191.569
76	maps/rooms/8room_005.map	512	512	86	245	336	220	307.409
76	maps/rooms/8room_005.map	512	512	453	158	216	254	306.966
76	maps/rooms/8room_005.map	512	512	501	115	437	359	307.622
38	maps/rooms/8room_005.map	512	512	157	4	111	106	155.782
74	maps/rooms/8room_005.map	512	512	476	289	239	347	299.693
72	maps/rooms/8room_005.map	512	512	206	12	263	216	290.865
72	maps/rooms/8room_005.map	512	512	436	313	205	358	291.037
72	maps/rooms/8room_005.map	512	512	287	511	316	307	291.267
71	maps/rooms/8room_005.map	512	512	463	223	242	311	287.208
60	maps/rooms/8room_005.map	512	512	59	441	37	270	240.782
71	maps/rooms/8room_005.map	512	512	244	388	225	171	287.723
71	maps/rooms/8room_005.map	512	512	184	206	414	259	286.723
71	maps/rooms/8room_005.map	512	512	404	362	456	121	287.794
71	maps/rooms/8room_005.map	512	512	228	488	153	286	287.51
60	maps/rooms/8room_005.map	512	512	82	382	194	216	243.723
71	maps/rooms/8room_005.map	512	512	136	435	119	197	287.066
51	maps/rooms/8room_005.map	512	512	211	95	233	115	207.338
69	maps/rooms/8room_005.map	512	512	413	486	308	283	279.924
49	maps/rooms/8room_005.map	512	512	440	182	275	211	198.125
68	maps/rooms/8room_005.map	512	512	4	84	143	265	275.137
66	maps/rooms/8room_005.map	512	512	141	475	71	468	267.167
65	maps/rooms/8room_005.map	512	512	200	310	288	142	263.238
65	maps/rooms/8room_005.map	512	512	403	287	216	271	263.752
65	maps/rooms/8room_005.map	512	512	371	175	489	303	263.037
65	maps/rooms/8room_005.map	512	512	43	68	143	266	263.823
64	maps/rooms/8room_005.map	512	512	495	511	440	300	259.581
21	maps/rooms/8room_005.map	512	512	459	392	489	454	86.7696
64	maps/rooms/8room_005.map	512	512	508	33	324	99	259.966
35	maps/rooms/8room_005.map	512	512	376	290	463	243	141.397
63	maps/rooms/8room_005.map	512	512	302	458	310	270	255.681
38	maps/rooms/8room_005.map	512	512	4	120	125	159	155.64
63	maps/rooms/8room_005.map	512	512	436	274	256	348	255.137
63	maps/rooms/8room_005.map	512	512	404	460	322	269	255.51
63	maps/rooms/8room_005.map	512	512	261	425	379	335	254.995
60	maps/rooms/8room_005.map	512	512	278	223	435	131	243.853
63	maps/rooms/8room_005.map	512	512	158	89	291	240	255.622
58	maps/rooms/8room_005.map	512	512	332	90	471	186	235.652
60	maps/rooms/8room_005.map	512	512	249	462	331	336	243.238
60	maps/rooms/8room_005.map	512	512	34	196	209	295	243.924
59	maps/rooms/8room_005.map	512	512	210	378	250	192	239.823
13	maps/rooms/8room_005.map	512	512	293	231	280	262	53.2132
59	maps/rooms/8room_005.map	512	512	401	203	242	310	239.924
33	maps/rooms/8room_005.map	512	512	471	72	410	110	133.811
59	maps/rooms/8room_005.map	512	512	412	354	219	306	239.167
59	maps/rooms/8room_005.map	512	512	450	244	501	418	239.752
59	maps/rooms/8room_005.map	512	512	196	9	227	194	239.924
58	maps/rooms/8room_005.map	512	512	82	168	107	363	234.853
59	maps/rooms/8room_005.map	512	512	489	66	371	203	239.995
58	maps/rooms/8room_005.map	512	512	294	18	125	89	234.995
58	maps/rooms/8room_005.map	512	512	140	247	311	328	234.61
58	maps/rooms/8room_005.map	512	512	423	486	316	331	235.095
58	maps/rooms/8room_005.map	512	512	264	427	367	344	235.924
58	maps/rooms/8room_005.map	512	512	27	221	221	160	235.167
57	maps/rooms/8room_005.map	512	512	214	442	30	386	231.924
57	maps/rooms/8room_005.map	512	512	396	504	325	335	231.539
43	maps/rooms/8room_005.map	512	512	52	166	30	309	172.255
42	maps/rooms/8room_005.map	512	512	408	173	270	219	171.296
12	maps/rooms/8room_005.map	512	512	269	333	293	369	51.799
57	maps/rooms/8room_005.map	512	512	221	92	365	120	231.38
56	maps/rooms/8room_005.map	512	512	69	95	211	171	227.196
56	maps/rooms/8room_005.map	512	512	339	474	358	332	227.711
55	maps/rooms/8room_005.map	512	512	99	387	220	250	223.581
38	maps/rooms/8room_005.map	512	512	206	246	151	251	155.497
55	maps/rooms/8room_005.map	512	512	122	231	73	399	223.51
53	maps/rooms/8room_005.map	512	512	381	132	264	236	215.711
50	maps/rooms/8room_005.map	512	512	19	315	139	206	203.853
53	maps/rooms/8room_005.map	512	512	94	268	188	126	215.539
53	maps/rooms/8room_005.map	512	512	435	424	324	273	215.723
53	maps/rooms/8room_005.map	512	512	430	439	376	269	215.095
50	maps/rooms/8room_005.map	512	512	91	506	148	367	203.823
50	maps/rooms/8room_005.map	512	512	264	126	143	73	202.853
50	maps/rooms/8room_005.map	512	512	306	460	229	333	203.439
29	maps/rooms/8room_005.map	512	512	138	413	53	460	118.125
49	maps/rooms/8room_005.map	512	512	479	122	318	85	198.61
49	maps/rooms/8room_005.map	512	512	121	101	267	58	199.752
49	maps/rooms/8room_005.map	512	512	399	302	469	449	199.267
49	maps/rooms/8room_005.map	512	512	126	377	294	329	199.64
48	maps/rooms/8room_005.map	512	512	437	439	349	292	195.167
48	maps/rooms/8room_005.map	512	512	286	226	291	387	195.74
48	maps/rooms/8room_005.map	512	512	69	43	179	146	194.782
48	maps/rooms/8room_005.map	512	512	283	265	143	343	195.681
48	maps/rooms/8room_005.map	512	512	421	179	267	233	195.882
48	maps/rooms/8room_005.map	512	512	463	371	385	236	195.468
42	maps/rooms/8room_005.map	512	512	45	284	129	174	171.64
48	maps/rooms/8room_005.map	512	512	215	340	366	370	195.267
48	maps/rooms/8room_005.map	512	512	61	445	195	361	195.539
20	maps/rooms/8room_005.map	512	512	90	274	138	240	82.1838
46	maps/rooms/8room_005.map	512	512	364	236	226	171	187.267
42	maps/rooms/8room_005.map	512	512	151	140	274	135	171.882
46	maps/rooms/8room_005.map	512	512	508	187	366	209	187.296
19	maps/rooms/8room_005.map	512	512	150	311	183	355	76.9411
46	maps/rooms/8room_005.map	512	512	242	301	396	355	187.196
46	maps/rooms/8room_005.map	512	512	243	511	288	386	187.924
27	maps/rooms/8room_005.map	512	512	232	171	249	229	110.74
46	maps/rooms/8room_005.map	512	512	395	470	330	335	187.296
46	maps/rooms/8room_005.map	512	512	164	205	320	218	187.61
46	maps/rooms/8room_005.map	512	512	2	169	155	169	187.912
42	maps/rooms/8room_005.map	512	512	233	414	235	383	171.326
45	maps/rooms/8room_005.map	512	512	498	43	363	39	183.853
45	maps/rooms/8room_005.map	512	512	180	12	202	165	183.024
45	maps/rooms/8room_005.map	512	512	325	419	342	364	183.581
45	maps/rooms/8room_005.map	512	512	394	110	334	239	183.51
45	maps/rooms/8room_005.map	512	512	299	1	158	70	183.782
45	maps/rooms/8room_005.map	512	512	508	315	371	344	183.439
44	maps/rooms/8room_005.map	512	512	5	172	150	168	179.912
44	maps/rooms/8room_005.map	512	512	159	494	117	454	179.054
44	maps/rooms/8room_005.map	512	512	100	483	171	447	179.125
41	maps/rooms/8room_005.map	512	512	246	146	363	228	167.368
12	maps/rooms/8room_005.map	512	512	376	511	344	482	49.8701
41	maps/rooms/8room_005.map	512	512	472	194	380	250	167.154
41	maps/rooms/8room_005.map	512	512	53	19	45	107	167.439
40	maps/rooms/8room_005.map	512	512	109	181	170	285	163.569
40	maps/rooms/8room_005.map	512	512	153	270	202	186	163.225
40	maps/rooms/8room_005.map	512	512	445	213	398	114	163.397
40	maps/rooms/8room_005.map	512	512	396	268	259	266	163.569
40	maps/rooms/8room_005.map	512	512	26	185	159	165	163.326
40	maps/rooms/8room_005.map	512	512	94	170	227	147	162.912
40	maps/rooms/8room_005.map	512	512	437	354	316	331	162.669
38	maps/rooms/8room_005.map	512	512	393	131	249	143	155.598
38	maps/rooms/8room_005.map	512	512	21	311	84	205	155.61
38	maps/rooms/8room_005.map	512	512	218	149	97	185	155.811
38	maps/rooms/8room_005.map	512	512	445	271	324	264	155.497
37	maps/rooms/8room_005.map	512	512	326	63	435	102	151.054
37	maps/rooms/8room_005.map	512	512	437	87	377	191	151.539
37	maps/rooms/8room_005.map	512	512	45	221	108	124	151.983
37	maps/rooms/8room_005.map	512	512	480	21	370	57	151.296
37	maps/rooms/8room_005.map	512	512	443	167	329	221	151.882
36	maps/rooms/8room_005.map	512	512	39	425	141	354	147.125
36	maps/rooms/8room_005.map	512	512	306	283	220	352	147.912
36	maps/rooms/8room_005.map	512	512	450	238	323	219	147.598
36	maps/rooms/8room_005.map	512	512	469	349	406	249	147.811
36	maps/rooms/8room_005.map	512	512	117	215	45	307	146.811
35	maps/rooms/8room_005.map	512	512	189	206	181	97	143.711
35	maps/rooms/8room_005.map	512	512	392	178	323	85	143.054
35	maps/rooms/8room_005.map	512	512	418	213	300	222	143.326
35	maps/rooms/8room_005.map	512	512	338	126	341	239	143.397
33	maps/rooms/8room_005.map	512	512	459	478	405	378	134.912
23	maps/rooms/8room_005.map	512	512	228	303	302	331	92.5269
33	maps/rooms/8room_005.map	512	512	493	394	441	379	135.569
33	maps/rooms/8room_005.map	512	512	194	334	255	245	135.983
33	maps/rooms/8room_005.map	512	512	150	251	143	348	135.74
33	maps/rooms/8room_005.map	512	512	425	104	371	199	135.468
32	maps/rooms/8room_005.map	512	512	476	426	394	355	131.326
32	maps/rooms/8room_005.map	512	512	197	427	293	410	131.083
27	maps/rooms/8room_005.map	512	512	50	66	88	126	111.012
28	maps/rooms/8room_005.map	512	512	300	134	405	130	114.213
32	maps/rooms/8room_005.map	512	512	282	185	381	237	131.912
32	maps/rooms/8room_005.map	512	512	174	95	229	174	131.054
32	maps/rooms/8room_005.map	512	512	108	286	205	296	131.225
32	maps/rooms/8room_005.map	512	512	253	247	144	276	131.012
32	maps/rooms/8room_005.map	512	512	446	108	343	83	131.983
31	maps/rooms/8room_005.map	512	512	427	373	352	294	127.64
31	maps/rooms/8room_005.map	512	512	377	267	316	333	127.77
31	maps/rooms/8room_005.map	512	512	131	425	149	331	127.598
31	maps/rooms/8room_005.map	512	512	342	158	232	142	127.841
31	maps/rooms/8room_005.map	512	512	443	78	367	131	126.841
31	maps/rooms/8room_005.map	512	512	250	327	319	263	127.669
31	maps/rooms/8room_005.map	512	512	478	147	397	95	127.569
31	maps/rooms/8room_005.map	512	512	34	230	41	132	126.841
30	maps/rooms/8room_005.map	512	512	103	183	175	212	120.841
30	maps/rooms/8room_005.map	512	512	181	483	265	421	123.74
30	maps/rooms/8room_005.map	512	512	366	162	300	222	123.941
30	maps/rooms/8room_005.map	512	512	507	252	442	192	123.184
29	maps/rooms/8room_005.map	512	512	155	287	150	392	119.355
7	maps/rooms/8room_005.map	512	512	347	489	360	500	31.799
29	maps/rooms/8room_005.map	512	512	214	201	174	292	119.912
25	maps/rooms/8room_005.map	512	512	468	296	413	349	100.426
29	maps/rooms/8room_005.map	512	512	102	93	122	195	119.841
29	maps/rooms/8room_005.map	512	512	440	45	344	74	119.669
29	maps/rooms/8room_005.map	512	512	95	373	28	306	119.598
29	maps/rooms/8room_005.map	512	512	469	3	470	93	119.083
29	maps/rooms/8room_005.map	512	512	428	118	348	139	119.77
29	maps/rooms/8room_005.map	512	512	493	290	439	228	119.64
28	maps/rooms/8room_005.map	512	512	14	195	58	235	115.841
28	maps/rooms/8room_005.map	512	512	446	475	409	382	115.012
28	maps/rooms/8room_005.map	512	512	123	370	223	348	115.355
28	maps/rooms/8room_005.map	512	512	446	231	346	254	114.841
27	maps/rooms/8room_005.map	512	512	380	510	382	447	111.669
27	maps/rooms/8room_005.map	512	512	474	471	410	400	111.569
27	maps/rooms/8room_005.map	512	512	234	170	291	232	111.326
27	maps/rooms/8room_005.map	512	512	355	280	360	224	111.912
26	maps/rooms/8room_005.map	512	512	38	117	79	198	107.355
26	maps/rooms/8room_005.map	512	512	39	164	102	221	107.012
26	maps/rooms/8room_005.map	512	512	96	114	26	151	107.77
26	maps/rooms/8room_005.map	512	512	114	286	185	269	106.669
26	maps/rooms/8room_005.map	512	512	452	210	363	226	107.912
26	maps/rooms/8room_005.map	512	512	261	255	188	290	107.598
25	maps/rooms/8room_005.map	512	512	343	156	345	237	103.912
25	maps/rooms/8room_005.map	512	512	312	313	313	217	103.042
25	maps/rooms/8room_005.map	512	512	175	54	175	126	103.012
25	maps/rooms/8room_005.map	512	512	74	380	134	332	103.054
24	maps/rooms/8room_005.map	512	512	476	4	397	31	99.3553
24	maps/rooms/8room_005.map	512	512	96	339	171	362	99.4975
24	maps/rooms/8room_005.map	512	512	126	264	148	336	99.4975
24	maps/rooms/8room_005.map	512	512	451	122	419	191	99.0833
24	maps/rooms/8room_005.map	512	512	414	461	380	389	99.598
24	maps/rooms/8room_005.map	512	512	227	405	185	412	99.669
24	maps/rooms/8room_005.map	512	512	357	399	338	344	99.4975
23	maps/rooms/8room_005.map	512	512	52	136	3	81	95.4975
23	maps/rooms/8room_005.map	512	512	333	120	256	141	95.0122
23	maps/rooms/8room_005.map	512	512	190	67	183	150	95.0122
23	maps/rooms/8room_005.map	512	512	452	331	387	327	95.7696
23	maps/rooms/8room_005.map	512	512	178	313	183	229	95.0416
22	maps/rooms/8room_005.map	512	512	94	343	162	319	91.1543
22	maps/rooms/8room_005.map	512	512	300	174	227	146	91.7696
22	maps/rooms/8room_005.map	512	512	483	146	440	209	91.0122
22	maps/rooms/8room_005.map	512	512	106	447	82	379	91.2548
22	maps/rooms/8room_005.map	512	512	195	376	174	307	91.0122
22	maps/rooms/8room_005.map	512	512	466	268	410	237	91.4264
21	maps/rooms/8room_005.map	512	512	194	158	245	202	87.7696
21	maps/rooms/8room_005.map	512	512	60	473	95	407	87.4264
21	maps/rooms/8room_005.map	512	512	122	331	181	290	87.8406
21	maps/rooms/8room_005.map	512	512	147	56	175	128	87.9411
21	maps/rooms/8room_005.map	512	512	83	23	99	92	87.2843
20	maps/rooms/8room_005.map	512	512	75	299	83	227	83.1127
20	maps/rooms/8room_005.map	512	512	388	39	436	85	83.8406
20	maps/rooms/8room_005.map	512	512	186	311	138	261	83.598
20	maps/rooms/8room_005.map	512	512	151	443	151	384	83.6274
20	maps/rooms/8room_005.map	512	512	299	466	295	412	83.2132
20	maps/rooms/8room_005.map	512	512	437	24	487	39	83.1838
20	maps/rooms/8room_005.map	512	512	63	149	127	174	83.8701
20	maps/rooms/8room_005.map	512	512	171	248	168	312	83.5269
19	maps/rooms/8room_005.map	512	512	24	233	71	194	79.598
19	maps/rooms/8room_005.map	512	512	54	139	40	198	79.2843
19	maps/rooms/8room_005.map	512	512	404	82	405	151	79.3553
19	maps/rooms/8room_005.map	512	512	84	207	139	248	79.0122
19	maps/rooms/8room_005.map	512	512	426	347	371	310	79.8406
19	maps/rooms/8room_005.map	512	512	162	403	146	342	79.9706
18	maps/rooms/8room_005.map	512	512	200	492	171	440	75.7696
18	maps/rooms/8room_005.map	512	512	313	67	348	122	75.9411
18	maps/rooms/8room_005.map	512	512	253	0	267	64	75.1127
18	maps/rooms/8room_005.map	512	512	52	457	93	411	74.9411
18	maps/rooms/8room_005.map	512	512	201	452	180	393	75.9411
18	maps/rooms/8room_005.map	512	512	345	434	380	383	75.4558
18	maps/rooms/8room_005.map	512	512	157	508	199	493	74.799
17	maps/rooms/8room_005.map	512	512	437	435	408	381	70.6985
17	maps/rooms/8room_005.map	512	512	111	82	152	88	71.0416
17	maps/rooms/8room_005.map	512	512	14	91	59	130	71.6985
17	maps/rooms/8room_005.map	512	512	271	143	301	180	71.2843
17	maps/rooms/8room_005.map	512	512	231	5	201	51	70.7696
17	maps/rooms/8room_005.map	512	512	253	214	298	249	71.9411
17	maps/rooms/8room_005.map	512	512	199	377	244	348	71.6985
17	maps/rooms/8room_005.map	512	512	486	243	425	229	71.4853
16	maps/rooms/8room_005.map	512	512	181	15	186	74	66.8701
16	maps/rooms/8room_005.map	512	512	425	123	456	136	67.1127
16	maps/rooms/8room_005.map	512	512	447	413	409	382	67.8701
16	maps/rooms/8room_005.map	512	512	453	326	434	279	67.2132
16	maps/rooms/8room_005.map	512	512	463	335	420	330	67.3553
16	maps/rooms/8room_005.map	512	512	223	255	270	269	67.6274
16	maps/rooms/8room_005.map	512	512	191	229	218	261	67.8701
16	maps/rooms/8room_005.map	512	512	75	327	135	332	67.0416
16	maps/rooms/8room_005.map	512	512	424	494	396	441	66.9411
16	maps/rooms/8room_005.map	512	512	419	306	390	332	67.669
15	maps/rooms/8room_005.map	512	512	225	115	273	135	63.9411
15	maps/rooms/8room_005.map	512	512	123	246	156	291	63.3553
15	maps/rooms/8room_005.map	512	512	328	287	295	246	62.8701
15	maps/rooms/8room_005.map	512	512	469	470	444	423	63.2132
15	maps/rooms/8room_005.map	512	512	194	51	150	73	63.2132
15	maps/rooms/8room_005.map	512	512	254	509	268	458	63.2843
15	maps/rooms/8room_005.map	512	512	109	82	152	80	63.8701
15	maps/rooms/8room_005.map	512	512	347	130	289	143	63.3848
14	maps/rooms/8room_005.map	512	512	303	258	314	312	59.7279
14	maps/rooms/8room_005.map	512	512	204	159	230	188	59.3848
14	maps/rooms/8room_005.map	512	512	309	211	260	210	59.2132
14	maps/rooms/8room_005.map	512	512	119	252	158	277	59.5563
14	maps/rooms/8room_005.map	512	512	370	26	329	38	59.6274
14	maps/rooms/8room_005.map	512	512	93	431	82	388	59.6985
14	maps/rooms/8room_005.map	512	512	103	309	138	332	59.4558
14	maps/rooms/8room_005.map	512	512	329	268	361	228	59.6985
14	maps/rooms/8room_005.map	512	512	116	152	156	164	59.6985
13	maps/rooms/8room_005.map	512	512	342	197	298	180	55.9706
13	maps/rooms/8room_005.map	512	512	405	310	414	274	55.0416
13	maps/rooms/8room_005.map	512	512	332	103	294	128	55.1838
13	maps/rooms/8room_005.map	512	512	58	315	107	323	55.4853
13	maps/rooms/8room_005.map	512	512	487	205	462	230	55.3137
13	maps/rooms/8room_005.map	512	512	4	78	23	111	55.6985
13	maps/rooms/8room_005.map	512	512	508	396	487	429	55.6985
13	maps/rooms/8room_005.map	512	512	154	463	168	420	55.3848
12	maps/rooms/8room_005.map	512	512	252	114	271	135	51.1127
12	maps/rooms/8room_005.map	512	512	117	120	112	153	51.6985
12	maps/rooms/8room_005.map	512	512	491	438	459	420	50.7696
12	maps/rooms/8room_005.map	512	512	254	471	265	436	50.9706
12	maps/rooms/8room_005.map	512	512	311	72	294	115	51.2132
12	maps/rooms/8room_005.map	512	512	159	276	138	243	51.0711
12	maps/rooms/8room_005.map	512	512	480	270	446	249	51.0416
11	maps/rooms/8room_005.map	512	512	424	332	382	325	47.3848
11	maps/rooms/8room_005.map	512	512	270	300	308	301	47.7279
11	maps/rooms/8room_005.map	512	512	179	150	213	169	46.6985
11	maps/rooms/8room_005.map	512	512	183	438	204	415	46.6274
11	maps/rooms/8room_005.map	512	512	490	74	469	102	47.0416
11	maps/rooms/8room_005.map	512	512	488	395	506	417	47.2132
11	maps/rooms/8room_005.map	512	512	211	83	178	75	47.9706
11	maps/rooms/8room_005.map	512	512	372	390	360	361	47.6274
10	maps/rooms/8room_005.map	512	512	111	376	143	359	43.7279
10	maps/rooms/8room_005.map	512	512	468	236	442	255	43.2843
10	maps/rooms/8room_005.map	512	512	179	131	199	162	42.799
10	maps/rooms/8room_005.map	512	512	289	22	327	31	43.1421
10	maps/rooms/8room_005.map	512	512	344	396	365	371	43.2132
10	maps/rooms/8room_005.map	512	512	348	315	335	278	43.5563
10	maps/rooms/8room_005.map	512	512	427	316	397	323	43.6274
9	maps/rooms/8room_005.map	512	512	44	423	61	406	39.799
9	maps/rooms/8room_005.map	512	512	424	29	408	55	39.3137
9	maps/rooms/8room_005.map	512	512	423	267	404	244	39.799
9	maps/rooms/8room_005.map	512	512	195	102	184	134	39.1421
9	maps/rooms/8room_005.map	512	512	112	132	109	161	39.6985
9	maps/rooms/8room_005.map	512	512	5	325	32	330	39.799
9	maps/rooms/8room_005.map	512	512	508	328	502	296	38.7279
9	maps/rooms/8room_005.map	512	512	427	295	420	331	39.7279
8	maps/rooms/8room_005.map	512	512	495	439	470	433	35.6274
8	maps/rooms/8room_005.map	512	512	440	197	432	228	35.4853
8	maps/rooms/8room_005.map	512	512	253	141	283	142	35.3848
8	maps/rooms/8room_005.map	512	512	121	327	150	328	34.9706
8	maps/rooms/8room_005.map	512	512	492	255	475	230	35.5563
8	maps/rooms/8room_005.map	512	512	248	371	271	350	35.2132
8	maps/rooms/8room_005.map	512	512	317	293	314	266	35.3137
8	maps/rooms/8room_005.map	512	512	375	198	406	207	35.5563
8	maps/rooms/8room_005.map	512	512	57	491	69	471	35.799
8	maps/rooms/8room_005.map	512	512	93	502	67	482	35.4558
7	maps/rooms/8room_005.map	512	512	137	147	147	171	31.8995
7	maps/rooms/8room_005.map	512	512	335	255	314	233	31.8701
7	maps/rooms/8room_005.map	512	512	134	135	107	137	31.9706
7	maps/rooms/8room_005.map	512	512	357	363	361	333	31.6569
7	maps/rooms/8room_005.map	512	512	5	279	29	294	31.3848
7	maps/rooms/8room_005.map	512	512	501	75	501	101	31.3137
7	maps/rooms/8room_005.map	512	512	37	455	64	451	31.1421
7	maps/rooms/8room_005.map	512	512	483	290	456	298	31.7279
7	maps/rooms/8room_005.map	512	512	502	379	500	409	31.6569
6	maps/rooms/8room_005.map	512	512	45	479	31	459	27.5563
6	maps/rooms/8room_005.map	512	512	95	411	73	403	27.8995
6	maps/rooms/8room_005.map	512	512	82	185	86	211	27.6569
6	maps/rooms/8room_005.map	512	512	14	106	26	117	27.7279
6	maps/rooms/8room_005.map	512	512	412	2	404	26	27.3137
6	maps/rooms/8room_005.map	512	512	174	335	174	308	27
6	maps/rooms/8room_005.map	512	512	73	165	77	191	27.6569
6	maps/rooms/8room_005.map	512	512	24	110	31	134	27.7279
6	maps/rooms/8room_005.map	512	512	374	439	398	434	26.8995
6	maps/rooms/8room_005.map	512	512	66	492	71	467	27.0711
5	maps/rooms/8room_005.map	512	512	495	162	475	171	23.7279
5	maps/rooms/8room_005.map	512	512	358	69	340	78	23.3848
5	maps/rooms/8room_005.map	512	512	392	220	406	208	23.6569
5	maps/rooms/8room_005.map	512	512	199	190	180	191	23.5563
5	maps/rooms/8room_005.map	512	512	361	445	374	432	23.0711
5	maps/rooms/8room_005.map	512	512	105	72	123	76	23.799
5	maps/rooms/8room_005.map	512	512	470	280	457	276	23.1421
5	maps/rooms/8room_005.map	512	512	259	501	249	501	23.8995
4	maps/rooms/8room_005.map	512	512	6	262	22	262	19.3137
4	maps/rooms/8room_005.map	512	512	255	271	266	270	19.0711
4	maps/rooms/8room_005.map	512	512	477	293	460	294	19.0711
4	maps/rooms/8room_005.map	512	512	389	332	379	345	19.4853
4	maps/rooms/8room_005.map	512	512	121	115	114	132	19.8995
4	maps/rooms/8room_005.map	512	512	501	509	501	490	19
4	maps/rooms/8room_005.map	512	512	270	58	273	73	19.3137
4	maps/rooms/8room_005.map	512	512	55	2	40	12	19.1421
4	maps/rooms/8room_005.map	512	512	51	77	46	92	19.0711
3	maps/rooms/8room_005.map	512	512	261	277	268	289	14.8995
3	maps/rooms/8room_005.map	512	512	490	264	478	269	14.8995
3	maps/rooms/8room_005.map	512	512	275	90	283	79	15.4853
3	maps/rooms/8room_005.map	512	512	56	44	71	46	15.8284
3	maps/rooms/8room_005.map	512	512	51	316	63	322	15.6569
3	maps/rooms/8room_005.map	512	512	300	339	288	348	15.7279
3	maps/rooms/8room_005.map	512	512	182	93	187	106	15.8995
3	maps/rooms/8room_005.map	512	512	393	116	403	116	15.0711
3	maps/rooms/8room_005.map	512	512	419	511	432	504	15.8995
3	maps/rooms/8room_005.map	512	512	418	234	406	239	15.2426
2	maps/rooms/8room_005.map	512	512	56	117	59	127	11.2426
2	maps/rooms/8room_005.map	512	512	332	133	323	139	11.4853
2	maps/rooms/8room_005.map	512	512	137	111	128	105	11.4853
2	maps/rooms/8room_005.map	512	512	59	181	52	190	11.8995
2	maps/rooms/8room_005.map	512	512	476	469	468	463	11.6569
2	maps/rooms/8room_005.map	512	512	114	55	125	55	11
2	maps/rooms/8room_005.map	512	512	408	101	403	110	11.0711
2	maps/rooms/8room_005.map	512	512	46	188	51	186	11.8284
2	maps/rooms/8room_005.map	512	512	198	5	197	16	11.4142
1	maps/rooms/8room_005.map	512	512	462	351	458	356	7.82843
1	maps/rooms/8room_005.map	512	512	383	43	377	47	7.65685
1	maps/rooms/8room_005.map	512	512	335	111	330	107	6.65685
1	maps/rooms/8room_005.map	512	512	460	265	467	263	7.82843
1	maps/rooms/8room_005.map	512	512	204	502	198	498	7.65685
1	maps/rooms/8room_005.map	512	512	503	123	502	130	7.41421
1	maps/rooms/8room_005.map	512	512	189	86	185	91	6.65685
1	maps/rooms/8room_005.map	512	512	500	59	494	58	7.24264
1	maps/rooms/8room_005.map	512	512	345	354	340	351	7.41421
0	maps/rooms/8room_005.map	512	512	460	408	458	406	2.82843
0	maps/rooms/8room_005.map	512	512	69	283	70	280	3.41421
0	maps/rooms/8room_005.map	512	512	454	278	453	281	3.41421
0	maps/rooms/8room_005.map	512	512	486	86	484	88	2.82843
0	maps/rooms/8room_005.map	512	512	102	143	99	143	3
0	maps/rooms/8room_005.map	512	512	495	57	493	59	2.82843
0	maps/rooms/8room_005.map	512	512	452	505	450	502	3.82843
0	maps/rooms/8room_005.map	512	512	264	468	267	466	3.82843
0	maps/rooms/8room_005.map	512	512	471	75	474	75	3
