version 1
102	maps/rooms/8room_071.map	512	512	90	505	299	244	410.291
90	maps/rooms/8room_071.map	512	512	126	206	292	339	363.392
117	maps/rooms/8room_071.map	512	512	76	38	322	230	468.978
56	maps/rooms/8room_071.map	512	512	123	420	317	393	224.539
101	maps/rooms/8room_071.map	512	512	193	229	475	55	407.706
48	maps/rooms/8room_071.map	512	512	239	324	91	361	192.095
87	maps/rooms/8room_071.map	512	512	148	301	391	172	350.392
43	maps/rooms/8room_071.map	512	512	138	310	30	392	175.983
67	maps/rooms/8room_071.map	512	512	66	316	79	173	270.267
45	maps/rooms/8room_071.map	512	512	154	298	195	172	181.953
58	maps/rooms/8room_071.map	512	512	253	326	428	262	232.924
73	maps/rooms/8room_071.map	512	512	5	235	61	47	292.51
58	maps/rooms/8room_071.map	512	512	334	140	451	231	233.439
117	maps/rooms/8room_071.map	512	512	216	474	127	120	469.635
127	maps/rooms/8room_071.map	512	512	4	458	376	242	510.759
57	maps/rooms/8room_071.map	512	512	357	362	316	168	230.397
127	maps/rooms/8room_071.map	512	512	66	50	174	412	511.806
93	maps/rooms/8room_071.map	512	512	222	38	83	269	373.622
118	maps/rooms/8room_071.map	512	512	82	118	411	277	475.019
57	maps/rooms/8room_071.map	512	512	252	450	86	361	229.752
24	maps/rooms/8room_071.map	512	512	298	421	213	419	99.7696
53	maps/rooms/8room_071.map	512	512	349	297	235	446	212.622
91	maps/rooms/8room_071.map	512	512	245	25	52	218	364.492
42	maps/rooms/8room_071.map	512	512	122	391	197	296	169.296
46	maps/rooms/8room_071.map	512	512	362	468	338	341	185.083
72	maps/rooms/8room_071.map	512	512	286	90	292	175	289.693
68	maps/rooms/8room_071.map	512	512	467	222	249	281	272.823
60	maps/rooms/8room_071.map	512	512	195	511	270	325	243.51
72	maps/rooms/8room_071.map	512	512	503	443	280	363	289.836
37	maps/rooms/8room_071.map	512	512	295	495	412	473	150.882
103	maps/rooms/8room_071.map	512	512	223	130	40	390	413.434
47	maps/rooms/8room_071.map	512	512	299	372	155	346	190.225
121	maps/rooms/8room_071.map	512	512	141	103	499	178	486.103
81	maps/rooms/8room_071.map	512	512	425	454	153	409	325.836
71	maps/rooms/8room_071.map	512	512	214	258	460	219	286.137
117	maps/rooms/8room_071.map	512	512	175	125	344	391	469.09
52	maps/rooms/8room_071.map	512	512	71	326	22	166	208.924
48	maps/rooms/8room_071.map	512	512	174	382	15	423	193.054
68	maps/rooms/8room_071.map	512	512	296	205	436	349	274.894
32	maps/rooms/8room_071.map	512	512	236	179	264	261	128.225
89	maps/rooms/8room_071.map	512	512	29	437	126	162	356.007
108	maps/rooms/8room_071.map	512	512	458	441	153	268	432.09
31	maps/rooms/8room_071.map	512	512	439	79	397	147	126.083
59	maps/rooms/8room_071.map	512	512	283	509	142	441	238.338
127	maps/rooms/8room_071.map	512	512	106	403	391	111	511.818
93	maps/rooms/8room_071.map	512	512	361	401	67	493	374.108
110	maps/rooms/8room_071.map	512	512	285	327	387	19	441.563
108	maps/rooms/8room_071.map	512	512	21	197	344	260	434.434
127	maps/rooms/8room_071.map	512	512	502	155	145	375	511.617
121	maps/rooms/8room_071.map	512	512	386	136	14	138	486.676
127	maps/rooms/8room_071.map	512	512	440	15	328	412	510.12
95	maps/rooms/8room_071.map	512	512	317	66	148	262	382.806
75	maps/rooms/8room_071.map	512	512	179	171	11	342	301.995
127	maps/rooms/8room_071.map	512	512	423	179	88	430	511.345
111	maps/rooms/8room_071.map	512	512	195	25	242	357	446.848
9	maps/rooms/8room_071.map	512	512	419	111	411	119	37.0711
127	maps/rooms/8room_071.map	512	512	508	265	156	467	511.588
72	maps/rooms/8room_071.map	512	512	462	394	397	191	288.208
23	maps/rooms/8room_071.map	512	512	344	203	290	263	95.8406
76	maps/rooms/8room_071.map	512	512	396	244	146	284	307.421
92	maps/rooms/8room_071.map	512	512	172	302	370	91	370.907
118	maps/rooms/8room_071.map	512	512	294	350	143	58	472.262
20	maps/rooms/8room_071.map	512	512	167	487	109	499	83.2132
127	maps/rooms/8room_071.map	512	512	267	123	277	503	511.647
102	maps/rooms/8room_071.map	512	512	122	407	194	110	411.191
94	maps/rooms/8room_071.map	512	512	373	372	216	139	377.362
64	maps/rooms/8room_071.map	512	512	313	479	507	471	259.966
116	maps/rooms/8room_071.map	512	512	132	407	101	30	465.078
81	maps/rooms/8room_071.map	512	512	157	407	195	147	326.208
127	maps/rooms/8room_071.map	512	512	41	503	370	248	510.718
104	maps/rooms/8room_071.map	512	512	223	209	461	430	417.191
127	maps/rooms/8room_071.map	512	512	173	386	467	102	510.132
72	maps/rooms/8room_071.map	512	512	411	294	470	473	288.894
65	maps/rooms/8room_071.map	512	512	392	223	203	267	262.238
126	maps/rooms/8room_071.map	512	512	232	39	172	453	507.22
114	maps/rooms/8room_071.map	512	512	140	76	138	468	459.865
105	maps/rooms/8room_071.map	512	512	441	12	420	341	422.492
103	maps/rooms/8room_071.map	512	512	168	327	471	426	413.747
43	maps/rooms/8room_071.map	512	512	252	421	135	500	173.539
108	maps/rooms/8room_071.map	512	512	350	98	398	450	434.392
124	maps/rooms/8room_071.map	512	512	222	76	467	314	496.061
96	maps/rooms/8room_071.map	512	512	482	274	271	469	385.563
126	maps/rooms/8room_071.map	512	512	418	499	120	262	507.032
111	maps/rooms/8room_071.map	512	512	427	189	103	168	444.848
44	maps/rooms/8room_071.map	512	512	152	258	186	393	179.167
112	maps/rooms/8room_071.map	512	512	135	312	477	180	448.777
59	maps/rooms/8room_071.map	512	512	111	282	103	466	236.569
82	maps/rooms/8room_071.map	512	512	235	426	338	184	328.622
126	maps/rooms/8room_071.map	512	512	484	451	120	265	507.831
108	maps/rooms/8room_071.map	512	512	318	47	10	138	432.463
126	maps/rooms/8room_071.map	512	512	311	92	328	489	505.889
76	maps/rooms/8room_071.map	512	512	399	317	500	123	307.108
74	maps/rooms/8room_071.map	512	512	427	38	230	105	297.723
126	maps/rooms/8room_071.map	512	512	14	92	425	113	507.848
126	maps/rooms/8room_071.map	512	512	466	69	277	455	507.576
88	maps/rooms/8room_071.map	512	512	247	261	7	189	355.563
21	maps/rooms/8room_071.map	512	512	263	146	196	146	86.9411
98	maps/rooms/8room_071.map	512	512	430	188	202	22	392.617
60	maps/rooms/8room_071.map	512	512	485	188	303	132	241.764
126	maps/rooms/8room_071.map	512	512	70	12	296	307	507.919
126	maps/rooms/8room_071.map	512	512	370	45	193	393	507.233
75	maps/rooms/8room_071.map	512	512	452	397	226	324	303.066
126	maps/rooms/8room_071.map	512	512	108	507	495	344	507.99
59	maps/rooms/8room_071.map	512	512	19	391	162	312	237.823
33	maps/rooms/8room_071.map	512	512	148	450	231	445	135.154
69	maps/rooms/8room_071.map	512	512	101	423	339	438	276.723
98	maps/rooms/8room_071.map	512	512	294	50	41	29	393.421
71	maps/rooms/8room_071.map	512	512	310	134	495	228	285.309
126	maps/rooms/8room_071.map	512	512	34	360	341	109	507.061
120	maps/rooms/8room_071.map	512	512	156	34	427	226	480.002
30	maps/rooms/8room_071.map	512	512	9	414	115	428	121.456
125	maps/rooms/8room_071.map	512	512	403	60	85	275	503.191
80	maps/rooms/8room_071.map	512	512	382	314	358	46	321.137
50	maps/rooms/8room_071.map	512	512	234	179	392	249	201.539
125	maps/rooms/8room_071.map	512	512	133	116	283	492	503.99
92	maps/rooms/8room_071.map	512	512	488	436	430	189	368.563
66	maps/rooms/8room_071.map	512	512	76	2	25	162	266.681
125	maps/rooms/8room_071.map	512	512	87	121	305	449	503.889
119	maps/rooms/8room_071.map	512	512	56	292	347	57	479.806
106	maps/rooms/8room_071.map	512	512	455	86	258	350	427.978
125	maps/rooms/8room_071.map	512	512	153	67	432	300	503.747
72	maps/rooms/8room_071.map	512	512	501	426	486	219	291.279
43	maps/rooms/8room_071.map	512	512	399	444	310	425	175.054
66	maps/rooms/8room_071.map	512	512	419	341	250	459	267.995
35	maps/rooms/8room_071.map	512	512	410	239	387	346	142.468
23	maps/rooms/8room_071.map	512	512	283	393	367	402	95.0416
41	maps/rooms/8room_071.map	512	512	246	138	171	42	166.539
41	maps/rooms/8room_071.map	512	512	103	33	25	59	167.983
13	maps/rooms/8room_071.map	512	512	20	249	69	253	55.3848
58	maps/rooms/8room_071.map	512	512	235	413	50	469	235.409
35	maps/rooms/8room_071.map	512	512	121	278	223	249	140.983
98	maps/rooms/8room_071.map	512	512	57	245	334	389	394.037
100	maps/rooms/8room_071.map	512	512	46	243	328	397	403.764
92	maps/rooms/8room_071.map	512	512	162	455	136	172	371.936
97	maps/rooms/8room_071.map	512	512	391	10	98	21	391.12
113	maps/rooms/8room_071.map	512	512	245	360	205	28	454.676
58	maps/rooms/8room_071.map	512	512	206	248	157	76	232.338
103	maps/rooms/8room_071.map	512	512	468	501	232	275	412.434
27	maps/rooms/8room_071.map	512	512	118	221	46	181	110.284
125	maps/rooms/8room_071.map	512	512	505	13	491	327	503.203
85	maps/rooms/8room_071.map	512	512	457	218	407	460	341.279
69	maps/rooms/8room_071.map	512	512	93	503	310	407	277.066
51	maps/rooms/8room_071.map	512	512	298	466	168	357	206.439
27	maps/rooms/8room_071.map	512	512	170	98	169	23	108.912
98	maps/rooms/8room_071.map	512	512	365	490	439	201	393.392
125	maps/rooms/8room_071.map	512	512	66	451	477	491	503.274
91	maps/rooms/8room_071.map	512	512	343	387	99	255	366.049
62	maps/rooms/8room_071.map	512	512	339	140	194	182	248.137
72	maps/rooms/8room_071.map	512	512	378	354	380	116	290.066
37	maps/rooms/8room_071.map	512	512	119	136	7	84	148.368
84	maps/rooms/8room_071.map	512	512	351	110	408	363	337.078
58	maps/rooms/8room_071.map	512	512	206	258	45	359	234.167
119	maps/rooms/8room_071.map	512	512	141	26	147	428	478.451
95	maps/rooms/8room_071.map	512	512	143	246	298	477	381.948
125	maps/rooms/8room_071.map	512	512	256	426	166	48	503.889
75	maps/rooms/8room_071.map	512	512	267	308	489	415	301.794
50	maps/rooms/8room_071.map	512	512	156	439	12	399	200.468
125	maps/rooms/8room_071.map	512	512	378	88	95	377	502.86
6	maps/rooms/8room_071.map	512	512	67	403	58	418	25.3137
78	maps/rooms/8room_071.map	512	512	199	159	37	26	314.563
30	maps/rooms/8room_071.map	512	512	411	206	479	276	123.255
125	maps/rooms/8room_071.map	512	512	477	391	119	300	501.333
121	maps/rooms/8room_071.map	512	512	247	382	318	47	487.161
125	maps/rooms/8room_071.map	512	512	260	411	186	31	503.304
32	maps/rooms/8room_071.map	512	512	152	509	45	493	131.426
61	maps/rooms/8room_071.map	512	512	128	340	297	339	244.409
124	maps/rooms/8room_071.map	512	512	28	254	441	249	498.777
54	maps/rooms/8room_071.map	512	512	307	219	414	364	216.51
36	maps/rooms/8room_071.map	512	512	110	405	74	500	144.983
124	maps/rooms/8room_071.map	512	512	155	451	429	163	499.061
123	maps/rooms/8room_071.map	512	512	391	37	138	339	494.203
25	maps/rooms/8room_071.map	512	512	140	226	58	246	100.083
101	maps/rooms/8room_071.map	512	512	114	137	150	475	406.894
83	maps/rooms/8room_071.map	512	512	374	379	119	313	332.279
102	maps/rooms/8room_071.map	512	512	174	339	235	26	409.664
104	maps/rooms/8room_071.map	512	512	351	301	502	26	418.735
124	maps/rooms/8room_071.map	512	512	139	327	428	49	499.86
78	maps/rooms/8room_071.map	512	512	467	79	236	181	315.894
40	maps/rooms/8room_071.map	512	512	441	195	325	197	162.711
116	maps/rooms/8room_071.map	512	512	394	178	156	491	464.546
56	maps/rooms/8room_071.map	512	512	101	317	186	191	226.782
124	maps/rooms/8room_071.map	512	512	362	369	76	109	499.931
38	maps/rooms/8room_071.map	512	512	244	45	312	152	155.024
89	maps/rooms/8room_071.map	512	512	463	284	178	261	359.664
124	maps/rooms/8room_071.map	512	512	346	86	85	393	498.86
94	maps/rooms/8room_071.map	512	512	106	229	369	322	379.806
23	maps/rooms/8room_071.map	512	512	153	284	93	311	94.6985
91	maps/rooms/8room_071.map	512	512	218	110	327	364	366.706
119	maps/rooms/8room_071.map	512	512	95	391	393	151	476.818
124	maps/rooms/8room_071.map	512	512	470	178	115	375	499.061
93	maps/rooms/8room_071.map	512	512	406	481	374	180	374.522
55	maps/rooms/8room_071.map	512	512	227	360	136	504	222.095
55	maps/rooms/8room_071.map	512	512	59	188	53	49	222.823
33	maps/rooms/8room_071.map	512	512	250	27	201	42	135.196
124	maps/rooms/8room_071.map	512	512	471	233	72	365	499.534
71	maps/rooms/8room_071.map	512	512	140	370	357	344	285.894
82	maps/rooms/8room_071.map	512	512	458	403	484	166	328.078
90	maps/rooms/8room_071.map	512	512	490	317	232	226	362.22
37	maps/rooms/8room_071.map	512	512	394	485	292	447	151.296
105	maps/rooms/8room_071.map	512	512	326	430	348	90	421.806
120	maps/rooms/8room_071.map	512	512	326	411	355	58	480.534
95	maps/rooms/8room_071.map	512	512	152	369	339	147	380.321
98	maps/rooms/8room_071.map	512	512	279	510	381	183	394.522
74	maps/rooms/8room_071.map	512	512	451	333	267	478	298.279
18	maps/rooms/8room_071.map	512	512	325	414	366	389	73.1127
124	maps/rooms/8room_071.map	512	512	261	56	456	389	499.002
115	maps/rooms/8room_071.map	512	512	93	503	463	382	463.777
35	maps/rooms/8room_071.map	512	512	13	431	142	415	142.598
102	maps/rooms/8room_071.map	512	512	313	457	174	179	411.09
124	maps/rooms/8room_071.map	512	512	266	30	284	390	499.546
62	maps/rooms/8room_071.map	512	512	167	291	245	179	251.179
92	maps/rooms/8room_071.map	512	512	341	344	52	399	371.137
48	maps/rooms/8room_071.map	512	512	279	111	147	181	193.439
54	maps/rooms/8room_071.map	512	512	396	116	228	150	218.024
56	maps/rooms/8room_071.map	512	512	265	239	210	85	226.238
44	maps/rooms/8room_071.map	512	512	191	142	207	35	176.196
89	maps/rooms/8room_071.map	512	512	215	181	477	138	356.664
123	maps/rooms/8room_071.map	512	512	27	477	369	248	495.517
25	maps/rooms/8room_071.map	512	512	377	55	366	142	103.698
75	maps/rooms/8room_071.map	512	512	294	250	300	110	301.907
42	maps/rooms/8room_071.map	512	512	419	13	426	132	171.154
54	maps/rooms/8room_071.map	512	512	261	310	234	169	219.723
123	maps/rooms/8room_071.map	512	512	18	116	197	460	494.706
69	maps/rooms/8room_071.map	512	512	55	137	39	341	278.167
108	maps/rooms/8room_071.map	512	512	86	228	339	405	435.848
123	maps/rooms/8room_071.map	512	512	5	73	275	348	494.889
93	maps/rooms/8room_071.map	512	512	260	118	361	339	374.392
88	maps/rooms/8room_071.map	512	512	181	423	73	188	354.865
123	maps/rooms/8room_071.map	512	512	483	221	86	349	495.333
123	maps/rooms/8room_071.map	512	512	69	495	264	146	495.546
122	maps/rooms/8room_071.map	512	512	89	52	162	403	488.735
95	maps/rooms/8room_071.map	512	512	183	69	5	306	380.865
123	maps/rooms/8room_071.map	512	512	484	446	327	90	495.233
81	maps/rooms/8room_071.map	512	512	174	395	210	123	325.137
83	maps/rooms/8room_071.map	512	512	115	234	292	76	332.966
30	maps/rooms/8room_071.map	512	512	419	207	358	133	123.811
90	maps/rooms/8room_071.map	512	512	313	301	34	248	360.492
123	maps/rooms/8room_071.map	512	512	371	205	83	6	494.789
76	maps/rooms/8room_071.map	512	512	229	345	461	415	306.108
68	maps/rooms/8room_071.map	512	512	249	309	453	342	275.309
111	maps/rooms/8room_071.map	512	512	488	310	316	59	445.132
114	maps/rooms/8room_071.map	512	512	386	56	350	427	457.149
34	maps/rooms/8room_071.map	512	512	478	271	489	308	138.225
43	maps/rooms/8room_071.map	512	512	466	360	383	278	173.953
31	maps/rooms/8room_071.map	512	512	32	168	50	255	125.426
123	maps/rooms/8room_071.map	512	512	69	47	228	386	495.362
123	maps/rooms/8room_071.map	512	512	5	427	386	254	495.747
45	maps/rooms/8room_071.map	512	512	108	359	34	494	181.167
98	maps/rooms/8room_071.map	512	512	344	58	173	310	392.563
111	maps/rooms/8room_071.map	512	512	136	442	232	79	446.948
21	maps/rooms/8room_071.map	512	512	271	327	296	266	87.2132
18	maps/rooms/8room_071.map	512	512	506	270	460	231	74.9411
101	maps/rooms/8room_071.map	512	512	283	135	20	21	405.25
77	maps/rooms/8room_071.map	512	512	117	362	126	104	308.924
122	maps/rooms/8room_071.map	512	512	494	163	174	406	491.233
58	maps/rooms/8room_071.map	512	512	21	312	122	159	234.368
29	maps/rooms/8room_071.map	512	512	439	74	380	47	118.326
117	maps/rooms/8room_071.map	512	512	371	356	30	367	471.179
88	maps/rooms/8room_071.map	512	512	299	133	407	346	355.978
36	maps/rooms/8room_071.map	512	512	406	89	412	203	147.255
77	maps/rooms/8room_071.map	512	512	26	103	42	300	308.723
62	maps/rooms/8room_071.map	512	512	322	23	479	136	249.38
79	maps/rooms/8room_071.map	512	512	340	326	89	381	319.522
80	maps/rooms/8room_071.map	512	512	279	460	326	176	322.238
97	maps/rooms/8room_071.map	512	512	306	442	62	255	391.593
122	maps/rooms/8room_071.map	512	512	398	486	55	281	491.203
41	maps/rooms/8room_071.map	512	512	214	295	279	201	165.267
112	maps/rooms/8room_071.map	512	512	44	305	330	108	450.421
42	maps/rooms/8room_071.map	512	512	453	39	358	143	169.711
54	maps/rooms/8room_071.map	512	512	56	303	2	468	219.752
122	maps/rooms/8room_071.map	512	512	427	3	168	289	491.576
65	maps/rooms/8room_071.map	512	512	92	205	29	378	262.167
52	maps/rooms/8room_071.map	512	512	431	212	410	358	209.652
122	maps/rooms/8room_071.map	512	512	222	50	424	347	490.647
65	maps/rooms/8room_071.map	512	512	493	124	431	300	260.208
97	maps/rooms/8room_071.map	512	512	379	437	411	151	391.179
122	maps/rooms/8room_071.map	512	512	76	168	327	170	491.333
122	maps/rooms/8room_071.map	512	512	499	15	102	78	490.877
122	maps/rooms/8room_071.map	512	512	162	219	443	466	491.889
97	maps/rooms/8room_071.map	512	512	101	236	285	476	390.392
50	maps/rooms/8room_071.map	512	512	484	238	359	149	201.539
95	maps/rooms/8room_071.map	512	512	264	349	11	211	380.463
122	maps/rooms/8room_071.map	512	512	458	317	138	139	491.99
76	maps/rooms/8room_071.map	512	512	466	165	246	141	305.321
77	maps/rooms/8room_071.map	512	512	397	95	403	357	308.309
100	maps/rooms/8room_071.map	512	512	462	195	477	468	401.22
97	maps/rooms/8room_071.map	512	512	118	333	318	99	390.049
55	maps/rooms/8room_071.map	512	512	321	456	151	399	220.095
109	maps/rooms/8room_071.map	512	512	471	332	184	505	438.978
70	maps/rooms/8room_071.map	512	512	219	143	143	349	280.936
86	maps/rooms/8room_071.map	512	512	171	497	344	258	347.806
45	maps/rooms/8room_071.map	512	512	505	299	386	311	180.48
88	maps/rooms/8room_071.map	512	512	370	292	356	1	354.137
122	maps/rooms/8room_071.map	512	512	393	476	104	225	491.203
121	maps/rooms/8room_071.map	512	512	11	155	399	33	487.505
83	maps/rooms/8room_071.map	512	512	286	225	269	504	334.894
121	maps/rooms/8room_071.map	512	512	6	134	399	29	486.919
98	maps/rooms/8room_071.map	512	512	354	387	47	390	394.794
52	maps/rooms/8room_071.map	512	512	136	345	12	230	208.137
96	maps/rooms/8room_071.map	512	512	459	327	332	69	384.463
121	maps/rooms/8room_071.map	512	512	440	468	204	173	487.617
40	maps/rooms/8room_071.map	512	512	279	198	398	270	161.711
28	maps/rooms/8room_071.map	512	512	86	264	86	181	115.284
10	maps/rooms/8room_071.map	512	512	167	18	134	19	40.9706
83	maps/rooms/8room_071.map	512	512	123	276	344	407	334.735
86	maps/rooms/8room_071.map	512	512	264	205	291	2	346.877
97	maps/rooms/8room_071.map	512	512	399	2	91	62	390.593
121	maps/rooms/8room_071.map	512	512	151	69	51	469	487.22
79	maps/rooms/8room_071.map	512	512	146	511	406	477	319.078
70	maps/rooms/8room_071.map	512	512	230	169	382	222	283.995
21	maps/rooms/8room_071.map	512	512	162	215	229	223	85.1838
82	maps/rooms/8room_071.map	512	512	122	253	335	393	331.108
72	maps/rooms/8room_071.map	512	512	477	269	277	347	291.078
70	maps/rooms/8room_071.map	512	512	291	63	491	126	281.409
121	maps/rooms/8room_071.map	512	512	382	196	55	94	487.233
59	maps/rooms/8room_071.map	512	512	405	267	266	391	237.066
114	maps/rooms/8room_071.map	512	512	35	150	396	151	459.12
50	maps/rooms/8room_071.map	512	512	152	331	87	466	200.953
37	maps/rooms/8room_071.map	512	512	362	483	265	412	149.054
121	maps/rooms/8room_071.map	512	512	46	308	429	353	487.99
87	maps/rooms/8room_071.map	512	512	357	348	131	246	351.907
121	maps/rooms/8room_071.map	512	512	19	496	372	349	486.149
90	maps/rooms/8room_071.map	512	512	329	315	34	376	361.522
120	maps/rooms/8room_071.map	512	512	291	86	171	423	483.191
106	maps/rooms/8room_071.map	512	512	371	206	506	484	424.22
120	maps/rooms/8room_071.map	512	512	469	364	91	312	483.463
120	maps/rooms/8room_071.map	512	512	231	135	416	453	483.375
26	maps/rooms/8room_071.map	512	512	408	74	342	122	107.74
18	maps/rooms/8room_071.map	512	512	50	225	107	199	74.3553
64	maps/rooms/8room_071.map	512	512	403	76	447	269	258.581
19	maps/rooms/8room_071.map	512	512	339	421	344	491	79.5269
84	maps/rooms/8room_071.map	512	512	83	444	44	227	338.25
81	maps/rooms/8room_071.map	512	512	306	125	77	239	327.936
120	maps/rooms/8room_071.map	512	512	435	74	170	351	483.304
120	maps/rooms/8room_071.map	512	512	119	148	429	354	482.96
2	maps/rooms/8room_071.map	512	512	313	431	319	423	10.4853
107	maps/rooms/8room_071.map	512	512	189	261	463	454	431.818
85	maps/rooms/8room_071.map	512	512	105	317	372	415	341.593
120	maps/rooms/8room_071.map	512	512	29	36	282	297	483.889
57	maps/rooms/8room_071.map	512	512	495	189	330	93	231.108
110	maps/rooms/8room_071.map	512	512	245	41	147	399	440.049
113	maps/rooms/8room_071.map	512	512	447	9	281	325	455.605
86	maps/rooms/8room_071.map	512	512	414	10	164	116	345.966
69	maps/rooms/8room_071.map	512	512	131	386	34	234	278.723
48	maps/rooms/8room_071.map	512	512	411	213	341	87	194.024
120	maps/rooms/8room_071.map	512	512	498	312	118	285	483.032
59	maps/rooms/8room_071.map	512	512	508	20	506	143	239.167
120	maps/rooms/8room_071.map	512	512	74	46	262	365	483.434
99	maps/rooms/8room_071.map	512	512	243	358	86	94	399.635
75	maps/rooms/8room_071.map	512	512	389	5	278	194	302.451
94	maps/rooms/8room_071.map	512	512	307	135	70	278	378.451
63	maps/rooms/8room_071.map	512	512	355	181	197	265	253.865
66	maps/rooms/8room_071.map	512	512	230	328	387	452	267.894
98	maps/rooms/8room_071.map	512	512	399	342	340	68	392.907
105	maps/rooms/8room_071.map	512	512	168	162	392	362	423.362
95	maps/rooms/8room_071.map	512	512	509	249	308	20	383.22
74	maps/rooms/8room_071.map	512	512	199	344	80	202	296.238
29	maps/rooms/8room_071.map	512	512	409	316	470	259	116.912
112	maps/rooms/8room_071.map	512	512	489	491	129	355	451.706
81	maps/rooms/8room_071.map	512	512	71	441	61	189	325.279
119	maps/rooms/8room_071.map	512	512	24	483	347	253	478.688
31	maps/rooms/8room_071.map	512	512	15	336	66	242	125.326
114	maps/rooms/8room_071.map	512	512	387	166	195	502	458.475
114	maps/rooms/8room_071.map	512	512	298	84	118	382	457.061
68	maps/rooms/8room_071.map	512	512	411	62	210	11	274.108
69	maps/rooms/8room_071.map	512	512	395	287	312	88	278.451
49	maps/rooms/8room_071.map	512	512	301	353	302	198	199.296
113	maps/rooms/8room_071.map	512	512	258	137	181	469	452.12
64	maps/rooms/8room_071.map	512	512	124	24	246	168	257.723
119	maps/rooms/8room_071.map	512	512	76	19	233	342	479.019
119	maps/rooms/8room_071.map	512	512	75	499	377	241	479.304
69	maps/rooms/8room_071.map	512	512	60	387	233	267	279.108
119	maps/rooms/8room_071.map	512	512	212	13	443	292	478.659
119	maps/rooms/8room_071.map	512	512	83	171	453	177	479.203
54	maps/rooms/8room_071.map	512	512	85	379	216	505	218.823
33	maps/rooms/8room_071.map	512	512	185	185	151	100	132.012
37	maps/rooms/8room_071.map	512	512	343	340	226	348	148.74
119	maps/rooms/8room_071.map	512	512	443	338	254	39	479.588
32	maps/rooms/8room_071.map	512	512	275	391	298	505	130.698
119	maps/rooms/8room_071.map	512	512	25	5	222	335	479.233
118	maps/rooms/8room_071.map	512	512	37	139	376	285	475.576
38	maps/rooms/8room_071.map	512	512	263	248	351	348	152.853
118	maps/rooms/8room_071.map	512	512	82	5	320	249	475.706
51	maps/rooms/8room_071.map	512	512	146	243	23	271	207.569
118	maps/rooms/8room_071.map	512	512	437	455	328	109	475.09
94	maps/rooms/8room_071.map	512	512	50	290	366	228	379.421
110	maps/rooms/8room_071.map	512	512	285	44	103	329	441.434
118	maps/rooms/8room_071.map	512	512	37	7	275	252	475.617
116	maps/rooms/8room_071.map	512	512	107	295	489	215	466.676
42	maps/rooms/8room_071.map	512	512	250	314	133	386	169.51
91	maps/rooms/8room_071.map	512	512	477	220	350	478	365.108
118	maps/rooms/8room_071.map	512	512	504	487	242	222	475.032
24	maps/rooms/8room_071.map	512	512	404	134	405	45	97.4558
76	maps/rooms/8room_071.map	512	512	231	467	403	365	307.522
57	maps/rooms/8room_071.map	512	512	86	308	54	138	231.054
22	maps/rooms/8room_071.map	512	512	89	429	105	462	88.3553
100	maps/rooms/8room_071.map	512	512	506	298	227	445	402.978
59	maps/rooms/8room_071.map	512	512	127	210	271	165	237.61
46	maps/rooms/8room_071.map	512	512	269	436	201	302	187.196
84	maps/rooms/8room_071.map	512	512	14	325	251	451	336.622
104	maps/rooms/8room_071.map	512	512	155	166	376	378	419.333
118	maps/rooms/8room_071.map	512	512	408	195	92	90	475.676
118	maps/rooms/8room_071.map	512	512	497	402	132	282	475.676
73	maps/rooms/8room_071.map	512	512	14	425	66	201	292.309
43	maps/rooms/8room_071.map	512	512	205	73	125	184	173.953
80	maps/rooms/8room_071.map	512	512	472	150	260	227	323.894
95	maps/rooms/8room_071.map	512	512	460	366	167	294	380.706
64	maps/rooms/8room_071.map	512	512	88	340	110	125	258.296
118	maps/rooms/8room_071.map	512	512	24	126	358	269	475.233
42	maps/rooms/8room_071.map	512	512	89	244	205	285	169.61
117	maps/rooms/8room_071.map	512	512	458	218	134	56	471.161
79	maps/rooms/8room_071.map	512	512	59	207	61	29	319.522
77	maps/rooms/8room_071.map	512	512	299	331	72	427	309.066
116	maps/rooms/8room_071.map	512	512	459	364	263	131	467.576
117	maps/rooms/8room_071.map	512	512	207	508	264	146	471.434
117	maps/rooms/8room_071.map	512	512	489	243	173	68	471.818
15	maps/rooms/8room_071.map	512	512	244	228	216	190	61.4558
97	maps/rooms/8room_071.map	512	512	282	391	455	132	391.848
68	maps/rooms/8room_071.map	512	512	265	315	269	139	274.593
43	maps/rooms/8room_071.map	512	512	119	365	72	463	173.024
76	maps/rooms/8room_071.map	512	512	284	245	189	466	305.137
117	maps/rooms/8room_071.map	512	512	440	77	95	215	471.475
57	maps/rooms/8room_071.map	512	512	418	208	365	71	230.167
106	maps/rooms/8room_071.map	512	512	462	363	422	56	425.392
23	maps/rooms/8room_071.map	512	512	149	342	85	334	94.669
105	maps/rooms/8room_071.map	512	512	237	377	58	94	423.605
117	maps/rooms/8room_071.map	512	512	141	474	158	78	471.978
117	maps/rooms/8room_071.map	512	512	134	202	399	422	471.132
90	maps/rooms/8room_071.map	512	512	250	85	133	327	360.907
98	maps/rooms/8room_071.map	512	512	67	389	354	327	392.078
116	maps/rooms/8room_071.map	512	512	381	458	112	228	467.333
23	maps/rooms/8room_071.map	512	512	406	198	436	266	94.9117
52	maps/rooms/8room_071.map	512	512	44	218	153	262	210.296
61	maps/rooms/8room_071.map	512	512	503	214	424	51	246.409
76	maps/rooms/8room_071.map	512	512	154	270	297	461	304.208
116	maps/rooms/8room_071.map	512	512	168	21	389	270	467.002
116	maps/rooms/8room_071.map	512	512	468	347	122	463	467.078
116	maps/rooms/8room_071.map	512	512	291	477	83	179	467.948
17	maps/rooms/8room_071.map	512	512	343	223	317	165	71.9411
106	maps/rooms/8room_071.map	512	512	230	236	487	88	427.676
62	maps/rooms/8room_071.map	512	512	494	29	444	185	251.296
43	maps/rooms/8room_071.map	512	512	137	511	271	438	175.61
39	maps/rooms/8room_071.map	512	512	182	123	266	115	159.64
83	maps/rooms/8room_071.map	512	512	201	441	446	343	333.693
60	maps/rooms/8room_071.map	512	512	271	265	131	388	243.652
70	maps/rooms/8room_071.map	512	512	280	136	494	87	283.208
116	maps/rooms/8room_071.map	512	512	47	138	163	491	466.764
75	maps/rooms/8room_071.map	512	512	119	431	359	349	300.652
87	maps/rooms/8room_071.map	512	512	189	130	231	408	348.108
31	maps/rooms/8room_071.map	512	512	337	374	303	452	125.054
67	maps/rooms/8room_071.map	512	512	91	324	251	476	268.309
8	maps/rooms/8room_071.map	512	512	422	140	421	162	33.2426
79	maps/rooms/8room_071.map	512	512	7	377	245	364	318.38
115	maps/rooms/8room_071.map	512	512	123	38	487	50	461.12
116	maps/rooms/8room_071.map	512	512	371	487	38	410	467.848
35	maps/rooms/8room_071.map	512	512	360	8	259	37	143.397
115	maps/rooms/8room_071.map	512	512	377	379	109	146	463.375
115	maps/rooms/8room_071.map	512	512	171	96	60	453	463.22
58	maps/rooms/8room_071.map	512	512	307	324	493	268	232.652
61	maps/rooms/8room_071.map	512	512	466	356	298	361	247.267
42	maps/rooms/8room_071.map	512	512	117	331	163	459	169.296
66	maps/rooms/8room_071.map	512	512	54	297	91	493	266.037
58	maps/rooms/8room_071.map	512	512	334	389	233	250	232.51
115	maps/rooms/8room_071.map	512	512	127	189	364	423	463.09
52	maps/rooms/8room_071.map	512	512	147	390	234	250	208.338
27	maps/rooms/8room_071.map	512	512	282	411	290	511	109.314
109	maps/rooms/8room_071.map	512	512	420	381	162	226	438.505
73	maps/rooms/8room_071.map	512	512	292	275	181	152	293.421
115	maps/rooms/8room_071.map	512	512	275	45	102	370	462.919
72	maps/rooms/8room_071.map	512	512	412	455	298	249	290.652
115	maps/rooms/8room_071.map	512	512	478	346	168	194	463.061
115	maps/rooms/8room_071.map	512	512	271	78	443	370	463.889
15	maps/rooms/8room_071.map	512	512	300	292	249	313	60.8701
80	maps/rooms/8room_071.map	512	512	428	260	233	435	321.948
109	maps/rooms/8room_071.map	512	512	493	414	429	109	437.191
60	maps/rooms/8room_071.map	512	512	331	469	283	292	240.38
102	maps/rooms/8room_071.map	512	512	2	37	89	346	409.321
26	maps/rooms/8room_071.map	512	512	264	363	294	440	105.184
72	maps/rooms/8room_071.map	512	512	485	152	328	324	289.551
93	maps/rooms/8room_071.map	512	512	78	475	171	233	374.262
106	maps/rooms/8room_071.map	512	512	220	139	380	426	426.605
105	maps/rooms/8room_071.map	512	512	82	164	384	8	421.22
11	maps/rooms/8room_071.map	512	512	126	61	146	83	44.7279
49	maps/rooms/8room_071.map	512	512	44	405	164	509	199.196
115	maps/rooms/8room_071.map	512	512	171	440	392	124	463.919
48	maps/rooms/8room_071.map	512	512	354	363	258	483	192.125
66	maps/rooms/8room_071.map	512	512	163	405	106	219	265.409
110	maps/rooms/8room_071.map	512	512	22	329	287	110	442.049
103	maps/rooms/8room_071.map	512	512	299	154	100	308	412.747
68	maps/rooms/8room_071.map	512	512	414	86	215	175	272.208
87	maps/rooms/8room_071.map	512	512	51	213	259	110	349.735
106	maps/rooms/8room_071.map	512	512	347	456	454	115	425.907
82	maps/rooms/8room_071.map	512	512	347	42	185	248	328.451
115	maps/rooms/8room_071.map	512	512	493	58	199	284	463.647
63	maps/rooms/8room_071.map	512	512	275	27	392	195	252.764
78	maps/rooms/8room_071.map	512	512	312	108	88	22	312.794
66	maps/rooms/8room_071.map	512	512	88	29	26	167	265.924
86	maps/rooms/8room_071.map	512	512	370	248	85	271	347.179
83	maps/rooms/8room_071.map	512	512	249	268	290	90	334.563
12	maps/rooms/8room_071.map	512	512	382	140	409	139	50.6274
57	maps/rooms/8room_071.map	512	512	297	109	395	196	229.066
55	maps/rooms/8room_071.map	512	512	45	414	207	504	220.51
40	maps/rooms/8room_071.map	512	512	507	102	425	2	161.74
41	maps/rooms/8room_071.map	512	512	143	309	52	231	167.912
85	maps/rooms/8room_071.map	512	512	281	406	507	255	340.706
46	maps/rooms/8room_071.map	512	512	274	366	168	394	186.61
114	maps/rooms/8room_071.map	512	512	205	508	247	143	459.534
35	maps/rooms/8room_071.map	512	512	237	353	139	311	140.468
87	maps/rooms/8room_071.map	512	512	263	105	46	39	349.007
55	maps/rooms/8room_071.map	512	512	111	233	133	411	222.125
114	maps/rooms/8room_071.map	512	512	331	431	99	195	459.161
37	maps/rooms/8room_071.map	512	512	303	298	414	341	148.125
112	maps/rooms/8room_071.map	512	512	395	100	439	460	451.907
65	maps/rooms/8room_071.map	512	512	206	39	38	35	263.581
103	maps/rooms/8room_071.map	512	512	71	173	262	367	415.291
51	maps/rooms/8room_071.map	512	512	42	52	149	180	206.238
40	maps/rooms/8room_071.map	512	512	440	170	476	282	162.125
74	maps/rooms/8room_071.map	512	512	5	284	90	466	297.693
72	maps/rooms/8room_071.map	512	512	214	183	41	274	291.681
58	maps/rooms/8room_071.map	512	512	309	16	153	79	235.61
114	maps/rooms/8room_071.map	512	512	290	473	94	171	459.362
57	maps/rooms/8room_071.map	512	512	388	181	357	382	230.61
114	maps/rooms/8room_071.map	512	512	411	181	484	488	458.919
114	maps/rooms/8room_071.map	512	512	186	507	394	171	459.647
78	maps/rooms/8room_071.map	512	512	151	431	357	285	313.865
74	maps/rooms/8room_071.map	512	512	437	418	313	228	296.35
113	maps/rooms/8room_071.map	512	512	195	56	417	293	455.434
58	maps/rooms/8room_071.map	512	512	467	299	302	203	235.652
86	maps/rooms/8room_071.map	512	512	18	237	238	155	346.208
113	maps/rooms/8room_071.map	512	512	481	10	254	308	454.706
113	maps/rooms/8room_071.map	512	512	375	5	165	293	455.848
112	maps/rooms/8room_071.map	512	512	484	180	159	61	449.203
50	maps/rooms/8room_071.map	512	512	408	13	440	174	201.711
18	maps/rooms/8room_071.map	512	512	68	447	10	463	74.2843
62	maps/rooms/8room_071.map	512	512	164	30	156	197	248.397
94	maps/rooms/8room_071.map	512	512	349	271	109	463	378.492
56	maps/rooms/8room_071.map	512	512	477	333	494	503	226.439
27	maps/rooms/8room_071.map	512	512	108	460	163	453	109.598
113	maps/rooms/8room_071.map	512	512	221	473	377	147	455.262
57	maps/rooms/8room_071.map	512	512	296	287	314	455	228.995
113	maps/rooms/8room_071.map	512	512	148	170	409	392	455.576
83	maps/rooms/8room_071.map	512	512	412	231	187	194	333.48
113	maps/rooms/8room_071.map	512	512	76	396	394	250	455.12
113	maps/rooms/8room_071.map	512	512	333	380	260	41	454.919
112	maps/rooms/8room_071.map	512	512	22	357	364	222	451.534
112	maps/rooms/8room_071.map	512	512	468	452	98	350	451.948
105	maps/rooms/8room_071.map	512	512	423	23	153	198	420.806
112	maps/rooms/8room_071.map	512	512	122	149	301	447	451.333
112	maps/rooms/8room_071.map	512	512	101	150	342	387	451.12
100	maps/rooms/8room_071.map	512	512	155	422	378	179	402.049
91	maps/rooms/8room_071.map	512	512	439	169	462	421	366.22
56	maps/rooms/8room_071.map	512	512	254	361	118	244	227.652
48	maps/rooms/8room_071.map	512	512	69	246	60	118	193.125
102	maps/rooms/8room_071.map	512	512	482	59	508	322	410.362
91	maps/rooms/8room_071.map	512	512	489	201	237	21	364.274
45	maps/rooms/8room_071.map	512	512	115	214	249	230	180.368
66	maps/rooms/8room_071.map	512	512	203	455	423	431	267.48
105	maps/rooms/8room_071.map	512	512	149	451	79	98	422.865
88	maps/rooms/8room_071.map	512	512	292	217	34	324	354.463
40	maps/rooms/8room_071.map	512	512	415	201	314	294	161.782
43	maps/rooms/8room_071.map	512	512	365	141	455	234	173.811
112	maps/rooms/8room_071.map	512	512	121	431	423	203	451.647
51	maps/rooms/8room_071.map	512	512	463	93	325	165	204.61
57	maps/rooms/8room_071.map	512	512	447	122	261	68	228.024
48	maps/rooms/8room_071.map	512	512	294	246	159	244	193.368
50	maps/rooms/8room_071.map	512	512	123	152	170	31	201.054
42	maps/rooms/8room_071.map	512	512	323	275	345	414	168.054
111	maps/rooms/8room_071.map	512	512	354	20	437	367	447.706
111	maps/rooms/8room_071.map	512	512	494	322	398	19	446.806
84	maps/rooms/8room_071.map	512	512	246	27	498	78	336.421
111	maps/rooms/8room_071.map	512	512	234	309	445	34	447.848
71	maps/rooms/8room_071.map	512	512	423	442	490	239	287.764
33	maps/rooms/8room_071.map	512	512	56	338	50	251	134.154
111	maps/rooms/8room_071.map	512	512	79	61	229	335	447.22
57	maps/rooms/8room_071.map	512	512	451	162	348	41	228.066
90	maps/rooms/8room_071.map	512	512	296	276	40	263	360.463
34	maps/rooms/8room_071.map	512	512	9	404	1	303	136.154
84	maps/rooms/8room_071.map	512	512	277	468	387	195	339.693
77	maps/rooms/8room_071.map	512	512	291	262	189	496	308.551
83	maps/rooms/8room_071.map	512	512	214	228	355	77	334.936
111	maps/rooms/8room_071.map	512	512	50	109	71	478	447.948
12	maps/rooms/8room_071.map	512	512	447	409	476	378	48.8701
18	maps/rooms/8room_071.map	512	512	461	378	509	382	72.0416
11	maps/rooms/8room_071.map	512	512	391	390	403	428	45.3137
111	maps/rooms/8room_071.map	512	512	491	198	184	402	446.706
95	maps/rooms/8room_071.map	512	512	26	146	236	303	381.25
97	maps/rooms/8room_071.map	512	512	182	42	469	127	390.007
9	maps/rooms/8room_071.map	512	512	159	508	182	482	39.0416
56	maps/rooms/8room_071.map	512	512	165	10	287	103	225.409
109	maps/rooms/8room_071.map	512	512	460	364	231	157	439.889
62	maps/rooms/8room_071.map	512	512	194	460	79	285	249.581
110	maps/rooms/8room_071.map	512	512	488	478	137	354	443.049
70	maps/rooms/8room_071.map	512	512	92	239	148	415	280.61
93	maps/rooms/8room_071.map	512	512	459	492	307	229	375.007
110	maps/rooms/8room_071.map	512	512	509	222	214	447	443.747
106	maps/rooms/8room_071.map	512	512	269	332	47	90	427.12
110	maps/rooms/8room_071.map	512	512	500	472	386	192	443.12
56	maps/rooms/8room_071.map	512	512	187	37	151	199	225.681
110	maps/rooms/8room_071.map	512	512	122	387	481	356	443.179
75	maps/rooms/8room_071.map	512	512	236	254	180	31	300.279
110	maps/rooms/8room_071.map	512	512	444	334	169	194	443.919
110	maps/rooms/8room_071.map	512	512	158	200	419	388	443.919
31	maps/rooms/8room_071.map	512	512	228	367	157	377	125.569
109	maps/rooms/8room_071.map	512	512	7	479	284	252	439.404
109	maps/rooms/8room_071.map	512	512	54	354	434	392	438.593
109	maps/rooms/8room_071.map	512	512	391	150	78	308	439.96
75	maps/rooms/8room_071.map	512	512	438	74	413	300	302.622
40	maps/rooms/8room_071.map	512	512	501	203	406	117	161.468
89	maps/rooms/8room_071.map	512	512	291	345	45	314	359.635
45	maps/rooms/8room_071.map	512	512	364	267	452	184	181.953
78	maps/rooms/8room_071.map	512	512	42	275	171	56	312.794
40	maps/rooms/8room_071.map	512	512	131	175	30	88	160.024
56	maps/rooms/8room_071.map	512	512	321	285	182	234	227.48
109	maps/rooms/8room_071.map	512	512	41	72	365	136	439.505
109	maps/rooms/8room_071.map	512	512	132	244	413	172	439.09
69	maps/rooms/8room_071.map	512	512	170	231	333	326	279.664
96	maps/rooms/8room_071.map	512	512	230	213	474	66	387.635
55	maps/rooms/8room_071.map	512	512	202	442	362	429	222.581
77	maps/rooms/8room_071.map	512	512	137	114	347	68	309.48
33	maps/rooms/8room_071.map	512	512	361	444	280	409	132.083
78	maps/rooms/8room_071.map	512	512	248	229	286	466	313.551
79	maps/rooms/8room_071.map	512	512	299	253	258	83	316.907
30	maps/rooms/8room_071.map	512	512	326	199	305	302	120.912
109	maps/rooms/8room_071.map	512	512	230	104	226	459	439.191
29	maps/rooms/8room_071.map	512	512	151	130	142	31	118.485
108	maps/rooms/8room_071.map	512	512	387	87	141	331	435.505
45	maps/rooms/8room_071.map	512	512	217	458	340	403	182.368
108	maps/rooms/8room_071.map	512	512	501	123	163	183	435.806
108	maps/rooms/8room_071.map	512	512	511	473	174	361	435.191
108	maps/rooms/8room_071.map	512	512	510	390	172	290	435.362
97	maps/rooms/8room_071.map	512	512	354	269	169	108	390.25
86	maps/rooms/8room_071.map	512	512	256	287	21	200	345.321
25	maps/rooms/8room_071.map	512	512	325	95	284	138	100.184
48	maps/rooms/8room_071.map	512	512	218	91	131	220	192.024
108	maps/rooms/8room_071.map	512	512	500	301	173	342	435.848
107	maps/rooms/8room_071.map	512	512	265	115	483	330	431.919
63	maps/rooms/8room_071.map	512	512	266	290	232	501	254.924
86	maps/rooms/8room_071.map	512	512	387	20	230	218	346.563
107	maps/rooms/8room_071.map	512	512	325	76	118	343	431.99
71	maps/rooms/8room_071.map	512	512	455	308	395	107	287.995
107	maps/rooms/8room_071.map	512	512	362	369	114	151	431.647
79	maps/rooms/8room_071.map	512	512	221	253	28	431	319.735
68	maps/rooms/8room_071.map	512	512	89	115	126	330	272.51
69	maps/rooms/8room_071.map	512	512	267	22	124	132	278.48
87	maps/rooms/8room_071.map	512	512	7	239	182	122	348.652
107	maps/rooms/8room_071.map	512	512	483	342	150	297	431.948
81	maps/rooms/8room_071.map	512	512	181	490	39	265	324.037
107	maps/rooms/8room_071.map	512	512	261	338	46	87	431.848
46	maps/rooms/8room_071.map	512	512	214	397	106	493	187.439
71	maps/rooms/8room_071.map	512	512	170	326	265	126	287.208
107	maps/rooms/8room_071.map	512	512	506	115	284	390	430.806
52	maps/rooms/8room_071.map	512	512	302	217	430	102	210.581
53	maps/rooms/8room_071.map	512	512	69	8	18	135	215.439
30	maps/rooms/8room_071.map	512	512	19	242	99	294	121.497
56	maps/rooms/8room_071.map	512	512	308	315	142	315	226.409
71	maps/rooms/8room_071.map	512	512	191	234	18	98	284.764
107	maps/rooms/8room_071.map	512	512	265	426	409	79	431.877
71	maps/rooms/8room_071.map	512	512	221	187	365	346	286.764
48	maps/rooms/8room_071.map	512	512	21	470	162	447	195.397
68	maps/rooms/8room_071.map	512	512	312	227	197	426	272.066
41	maps/rooms/8room_071.map	512	512	195	179	152	299	165.225
107	maps/rooms/8room_071.map	512	512	426	415	120	267	431.99
74	maps/rooms/8room_071.map	512	512	170	278	67	69	296.995
64	maps/rooms/8room_071.map	512	512	183	50	170	242	258.823
107	maps/rooms/8room_071.map	512	512	40	367	283	164	430.818
106	maps/rooms/8room_071.map	512	512	350	162	75	347	427.605
106	maps/rooms/8room_071.map	512	512	508	475	171	467	427.434
100	maps/rooms/8room_071.map	512	512	173	104	260	378	402.362
106	maps/rooms/8room_071.map	512	512	374	158	141	421	427.848
27	maps/rooms/8room_071.map	512	512	354	285	303	344	110.184
102	maps/rooms/8room_071.map	512	512	452	440	118	474	410.149
105	maps/rooms/8room_071.map	512	512	41	19	324	53	423.492
39	maps/rooms/8room_071.map	512	512	299	355	199	355	157.054
39	maps/rooms/8room_071.map	512	512	371	290	441	204	159.196
105	maps/rooms/8room_071.map	512	512	58	119	349	262	422.777
63	maps/rooms/8room_071.map	512	512	13	99	178	4	254.066
32	maps/rooms/8room_071.map	512	512	406	206	408	296	131.882
105	maps/rooms/8room_071.map	512	512	87	364	316	114	423.333
104	maps/rooms/8room_071.map	512	512	202	243	432	451	419.019
97	maps/rooms/8room_071.map	512	512	358	134	438	412	388.291
104	maps/rooms/8room_071.map	512	512	395	275	137	119	419.179
77	maps/rooms/8room_071.map	512	512	307	67	405	295	308.735
34	maps/rooms/8room_071.map	512	512	44	162	28	238	138.912
23	maps/rooms/8room_071.map	512	512	140	210	107	170	94.8406
104	maps/rooms/8room_071.map	512	512	422	2	196	245	419.049
90	maps/rooms/8room_071.map	512	512	251	281	468	493	362.12
49	maps/rooms/8room_071.map	512	512	418	501	486	441	198.167
32	maps/rooms/8room_071.map	512	512	325	283	443	298	130.355
49	maps/rooms/8room_071.map	512	512	286	503	328	343	197.74
94	maps/rooms/8room_071.map	512	512	327	141	167	60	378.463
12	maps/rooms/8room_071.map	512	512	474	62	471	108	51.7279
104	maps/rooms/8room_071.map	512	512	399	405	64	290	419.948
104	maps/rooms/8room_071.map	512	512	413	242	63	269	419.635
104	maps/rooms/8room_071.map	512	512	399	156	209	463	419.919
104	maps/rooms/8room_071.map	512	512	319	157	361	402	419.978
23	maps/rooms/8room_071.map	512	512	323	156	358	133	93.598
41	maps/rooms/8room_071.map	512	512	187	302	52	318	164.539
92	maps/rooms/8room_071.map	512	512	41	125	41	365	371.581
79	maps/rooms/8room_071.map	512	512	20	347	226	303	317.48
74	maps/rooms/8room_071.map	512	512	219	233	312	406	296.007
92	maps/rooms/8room_071.map	512	512	269	191	63	335	368.676
56	maps/rooms/8room_071.map	512	512	325	166	415	10	227.095
59	maps/rooms/8room_071.map	512	512	201	63	54	183	236.581
55	maps/rooms/8room_071.map	512	512	72	292	232	315	223.167
34	maps/rooms/8room_071.map	512	512	157	35	215	126	138.983
103	maps/rooms/8room_071.map	512	512	135	396	425	210	415.747
92	maps/rooms/8room_071.map	512	512	24	440	260	275	369.049
48	maps/rooms/8room_071.map	512	512	56	245	52	125	194.61
103	maps/rooms/8room_071.map	512	512	422	500	394	178	415.078
103	maps/rooms/8room_071.map	512	512	282	3	150	309	415.806
103	maps/rooms/8room_071.map	512	512	77	443	228	146	414.919
103	maps/rooms/8room_071.map	512	512	360	462	223	179	415.848
99	maps/rooms/8room_071.map	512	512	235	11	281	233	399.262
27	maps/rooms/8room_071.map	512	512	361	24	413	75	109.87
59	maps/rooms/8room_071.map	512	512	166	482	280	358	237.279
86	maps/rooms/8room_071.map	512	512	291	181	95	258	344.463
100	maps/rooms/8room_071.map	512	512	120	261	392	160	403.818
40	maps/rooms/8room_071.map	512	512	140	343	255	346	160.711
102	maps/rooms/8room_071.map	512	512	4	141	275	266	411.12
102	maps/rooms/8room_071.map	512	512	37	451	223	169	411.061
55	maps/rooms/8room_071.map	512	512	430	303	308	174	222.238
93	maps/rooms/8room_071.map	512	512	25	450	313	333	372.179
83	maps/rooms/8room_071.map	512	512	332	458	469	231	335.865
102	maps/rooms/8room_071.map	512	512	492	314	191	228	411.191
29	maps/rooms/8room_071.map	512	512	306	490	392	445	119.669
100	maps/rooms/8room_071.map	512	512	234	78	390	316	403.605
101	maps/rooms/8room_071.map	512	512	54	475	398	438	407.35
55	maps/rooms/8room_071.map	512	512	202	141	97	30	223.439
101	maps/rooms/8room_071.map	512	512	21	105	214	329	406.706
69	maps/rooms/8room_071.map	512	512	232	331	100	166	279.652
101	maps/rooms/8room_071.map	512	512	301	422	336	108	407.877
101	maps/rooms/8room_071.map	512	512	500	233	232	441	407.848
67	maps/rooms/8room_071.map	512	512	338	345	444	169	268.066
101	maps/rooms/8room_071.map	512	512	366	492	194	231	407.191
96	maps/rooms/8room_071.map	512	512	434	184	317	484	387.978
91	maps/rooms/8room_071.map	512	512	137	149	46	430	366.836
71	maps/rooms/8room_071.map	512	512	361	251	277	488	286.48
37	maps/rooms/8room_071.map	512	512	115	265	188	198	148.326
101	maps/rooms/8room_071.map	512	512	8	132	254	11	407.392
99	maps/rooms/8room_071.map	512	512	141	326	460	243	396.007
24	maps/rooms/8room_071.map	512	512	391	151	365	210	99.1838
94	maps/rooms/8room_071.map	512	512	77	238	318	287	376.777
12	maps/rooms/8room_071.map	512	512	148	262	170	293	51.3848
83	maps/rooms/8room_071.map	512	512	359	457	102	343	335.794
101	maps/rooms/8room_071.map	512	512	88	415	268	142	407.333
100	maps/rooms/8room_071.map	512	512	473	78	288	366	403.877
98	maps/rooms/8room_071.map	512	512	183	24	458	136	392.848
100	maps/rooms/8room_071.map	512	512	162	200	342	417	403.291
100	maps/rooms/8room_071.map	512	512	292	397	136	136	403.877
22	maps/rooms/8room_071.map	512	512	168	435	218	383	91.9411
99	maps/rooms/8room_071.map	512	512	3	360	243	165	399.492
94	maps/rooms/8room_071.map	512	512	334	118	58	173	378.907
99	maps/rooms/8room_071.map	512	512	290	371	227	81	399.049
99	maps/rooms/8room_071.map	512	512	122	62	79	379	398.652
99	maps/rooms/8room_071.map	512	512	180	112	333	340	399.919
55	maps/rooms/8room_071.map	512	512	329	198	299	388	223.539
99	maps/rooms/8room_071.map	512	512	12	164	292	249	398.764
99	maps/rooms/8room_071.map	512	512	190	43	306	311	398.635
84	maps/rooms/8room_071.map	512	512	47	266	277	424	338.635
18	maps/rooms/8room_071.map	512	512	136	504	67	501	72.7279
99	maps/rooms/8room_071.map	512	512	360	355	124	165	398.676
75	maps/rooms/8room_071.map	512	512	78	306	98	71	301.953
71	maps/rooms/8room_071.map	512	512	4	494	221	379	286.693
64	maps/rooms/8room_071.map	512	512	430	381	270	504	256.823
51	maps/rooms/8room_071.map	512	512	511	375	347	379	207.397
64	maps/rooms/8room_071.map	512	512	371	412	197	303	259.309
87	maps/rooms/8room_071.map	512	512	216	476	106	222	350.936
96	maps/rooms/8room_071.map	512	512	389	276	229	23	386.747
74	maps/rooms/8room_071.map	512	512	365	399	127	334	299.51
5	maps/rooms/8room_071.map	512	512	27	324	17	339	22.5563
73	maps/rooms/8room_071.map	512	512	375	263	388	8	295.338
86	maps/rooms/8room_071.map	512	512	341	443	57	376	345.593
96	maps/rooms/8room_071.map	512	512	411	286	99	316	387.22
52	maps/rooms/8room_071.map	512	512	253	294	370	197	210.752
45	maps/rooms/8room_071.map	512	512	35	365	57	279	180.083
82	maps/rooms/8room_071.map	512	512	267	348	140	136	328.522
81	maps/rooms/8room_071.map	512	512	322	2	142	157	325.995
64	maps/rooms/8room_071.map	512	512	413	149	326	330	259.924
96	maps/rooms/8room_071.map	512	512	95	198	284	351	387.421
54	maps/rooms/8room_071.map	512	512	458	173	486	22	219.853
96	maps/rooms/8room_071.map	512	512	107	234	381	93	386.764
70	maps/rooms/8room_071.map	512	512	292	472	488	508	281.764
96	maps/rooms/8room_071.map	512	512	126	334	332	114	387.563
96	maps/rooms/8room_071.map	512	512	359	3	469	279	387.421
81	maps/rooms/8room_071.map	512	512	338	291	427	35	324.48
82	maps/rooms/8room_071.map	512	512	119	410	341	262	331.563
54	maps/rooms/8room_071.map	512	512	409	58	318	220	219.752
95	maps/rooms/8room_071.map	512	512	91	419	354	252	382.777
82	maps/rooms/8room_071.map	512	512	42	462	287	351	331.179
82	maps/rooms/8room_071.map	512	512	407	487	247	270	331.735
38	maps/rooms/8room_071.map	512	512	377	427	358	298	153.841
95	maps/rooms/8room_071.map	512	512	62	117	251	361	383.877
94	maps/rooms/8room_071.map	512	512	228	359	387	90	379.563
79	maps/rooms/8room_071.map	512	512	381	75	315	313	316.208
94	maps/rooms/8room_071.map	512	512	329	410	216	184	379.191
70	maps/rooms/8room_071.map	512	512	490	157	496	314	283.936
93	maps/rooms/8room_071.map	512	512	477	306	187	226	375.563
60	maps/rooms/8room_071.map	512	512	158	15	279	118	240.167
93	maps/rooms/8room_071.map	512	512	355	399	175	200	375.049
49	maps/rooms/8room_071.map	512	512	4	283	123	179	198.439
93	maps/rooms/8room_071.map	512	512	499	398	379	148	374.877
69	maps/rooms/8room_071.map	512	512	251	244	427	341	279.451
54	maps/rooms/8room_071.map	512	512	165	181	63	308	219.468
75	maps/rooms/8room_071.map	512	512	292	62	277	194	302.907
92	maps/rooms/8room_071.map	512	512	143	491	202	182	371.664
92	maps/rooms/8room_071.map	512	512	42	132	120	427	371.409
92	maps/rooms/8room_071.map	512	512	59	42	296	67	371.764
65	maps/rooms/8room_071.map	512	512	189	408	357	489	261.551
91	maps/rooms/8room_071.map	512	512	167	509	355	256	367.191
91	maps/rooms/8room_071.map	512	512	59	426	384	393	367.38
61	maps/rooms/8room_071.map	512	512	146	318	140	155	245.794
49	maps/rooms/8room_071.map	512	512	7	274	152	219	196.326
34	maps/rooms/8room_071.map	512	512	233	346	323	333	136.74
82	maps/rooms/8room_071.map	512	512	456	350	364	159	331.208
91	maps/rooms/8room_071.map	512	512	7	339	296	447	367.936
79	maps/rooms/8room_071.map	512	512	117	55	366	121	318.966
70	maps/rooms/8room_071.map	512	512	376	461	326	233	283.196
90	maps/rooms/8room_071.map	512	512	25	18	38	295	363.622
90	maps/rooms/8room_071.map	512	512	310	490	125	282	362.806
78	maps/rooms/8room_071.map	512	512	408	284	500	78	315.037
90	maps/rooms/8room_071.map	512	512	142	57	275	280	363.522
89	maps/rooms/8room_071.map	512	512	322	52	181	285	359.12
89	maps/rooms/8room_071.map	512	512	466	392	364	137	358.907
89	maps/rooms/8room_071.map	512	512	429	215	195	394	359.492
60	maps/rooms/8room_071.map	512	512	187	252	123	390	240.409
60	maps/rooms/8room_071.map	512	512	335	31	492	127	241.652
89	maps/rooms/8room_071.map	512	512	104	347	217	84	359.563
89	maps/rooms/8room_071.map	512	512	63	392	334	284	359.35
86	maps/rooms/8room_071.map	512	512	300	463	304	181	344.794
89	maps/rooms/8room_071.map	512	512	298	175	69	269	359.392
54	maps/rooms/8room_071.map	512	512	477	350	337	294	219.439
88	maps/rooms/8room_071.map	512	512	330	2	112	181	355.978
88	maps/rooms/8room_071.map	512	512	38	15	201	232	355.706
88	maps/rooms/8room_071.map	512	512	503	429	474	174	354.836
88	maps/rooms/8room_071.map	512	512	501	461	380	281	355.25
28	maps/rooms/8room_071.map	512	512	354	105	297	153	112.397
88	maps/rooms/8room_071.map	512	512	231	251	351	36	355.492
67	maps/rooms/8room_071.map	512	512	99	460	292	498	268.681
30	maps/rooms/8room_071.map	512	512	55	375	18	467	121.326
87	maps/rooms/8room_071.map	512	512	39	83	266	231	351.534
87	maps/rooms/8room_071.map	512	512	53	259	306	389	351.35
67	maps/rooms/8room_071.map	512	512	332	198	265	428	271.066
35	maps/rooms/8room_071.map	512	512	23	98	124	137	143.983
87	maps/rooms/8room_071.map	512	512	250	366	77	150	351.007
54	maps/rooms/8room_071.map	512	512	25	439	86	273	219.267
85	maps/rooms/8room_071.map	512	512	445	502	286	299	342.635
32	maps/rooms/8room_071.map	512	512	504	505	487	439	131.125
85	maps/rooms/8room_071.map	512	512	79	457	275	279	343.463
24	maps/rooms/8room_071.map	512	512	8	510	23	424	98.3553
41	maps/rooms/8room_071.map	512	512	335	114	214	41	167.924
85	maps/rooms/8room_071.map	512	512	63	195	251	348	343.108
85	maps/rooms/8room_071.map	512	512	499	460	398	283	342.936
85	maps/rooms/8room_071.map	512	512	277	203	357	446	342.865
41	maps/rooms/8room_071.map	512	512	29	398	163	409	165.669
68	maps/rooms/8room_071.map	512	512	476	95	246	66	275.752
26	maps/rooms/8room_071.map	512	512	218	471	134	479	105.598
85	maps/rooms/8room_071.map	512	512	434	395	143	356	343.238
85	maps/rooms/8room_071.map	512	512	230	490	183	217	343.037
84	maps/rooms/8room_071.map	512	512	302	306	90	474	338.936
84	maps/rooms/8room_071.map	512	512	62	252	326	264	339.179
84	maps/rooms/8room_071.map	512	512	124	38	370	141	339.492
84	maps/rooms/8room_071.map	512	512	467	157	236	267	339.551
70	maps/rooms/8room_071.map	512	512	150	247	248	33	283.823
82	maps/rooms/8room_071.map	512	512	266	454	120	246	331.764
81	maps/rooms/8room_071.map	512	512	387	142	175	248	327.279
81	maps/rooms/8room_071.map	512	512	234	191	220	116	327.735
40	maps/rooms/8room_071.map	512	512	116	274	231	337	160.853
80	maps/rooms/8room_071.map	512	512	457	268	274	129	323.622
80	maps/rooms/8room_071.map	512	512	317	37	382	293	323.108
53	maps/rooms/8room_071.map	512	512	261	28	383	154	212.309
80	maps/rooms/8room_071.map	512	512	31	122	274	111	323.764
80	maps/rooms/8room_071.map	512	512	406	486	142	474	323.865
73	maps/rooms/8room_071.map	512	512	251	142	451	5	294.238
60	maps/rooms/8room_071.map	512	512	463	497	288	463	243.208
70	maps/rooms/8room_071.map	512	512	317	296	157	447	283.208
74	maps/rooms/8room_071.map	512	512	18	167	229	236	296.066
60	maps/rooms/8room_071.map	512	512	211	477	76	333	243.309
80	maps/rooms/8room_071.map	512	512	345	363	94	349	323.652
80	maps/rooms/8room_071.map	512	512	207	426	387	229	323.25
52	maps/rooms/8room_071.map	512	512	22	456	126	306	211.823
79	maps/rooms/8room_071.map	512	512	466	359	265	236	319.764
78	maps/rooms/8room_071.map	512	512	192	393	231	143	315.35
60	maps/rooms/8room_071.map	512	512	30	276	81	120	240.439
27	maps/rooms/8room_071.map	512	512	15	84	22	150	108.012
78	maps/rooms/8room_071.map	512	512	111	303	351	265	315.764
78	maps/rooms/8room_071.map	512	512	384	443	394	181	315.238
77	maps/rooms/8room_071.map	512	512	441	98	274	296	311.936
49	maps/rooms/8room_071.map	512	512	199	429	329	418	196.823
77	maps/rooms/8room_071.map	512	512	136	370	368	260	311.421
77	maps/rooms/8room_071.map	512	512	474	174	360	401	311.309
20	maps/rooms/8room_071.map	512	512	442	137	473	152	80.5685
76	maps/rooms/8room_071.map	512	512	504	485	260	388	306.865
27	maps/rooms/8room_071.map	512	512	118	153	162	103	109.397
76	maps/rooms/8room_071.map	512	512	174	314	426	300	307.966
76	maps/rooms/8room_071.map	512	512	8	130	252	72	307.966
74	maps/rooms/8room_071.map	512	512	7	123	206	255	299.108
42	maps/rooms/8room_071.map	512	512	73	392	42	488	171.368
49	maps/rooms/8room_071.map	512	512	279	94	170	4	197.853
73	maps/rooms/8room_071.map	512	512	330	152	183	215	295.823
73	maps/rooms/8room_071.map	512	512	47	466	235	328	295.078
53	maps/rooms/8room_071.map	512	512	411	287	412	439	215.51
41	maps/rooms/8room_071.map	512	512	183	367	74	396	166.912
73	maps/rooms/8room_071.map	512	512	11	301	237	392	295.693
8	maps/rooms/8room_071.map	512	512	157	186	165	157	34.3137
39	maps/rooms/8room_071.map	512	512	213	310	309	287	157.225
73	maps/rooms/8room_071.map	512	512	278	117	175	332	295.865
53	maps/rooms/8room_071.map	512	512	453	425	369	279	215.924
67	maps/rooms/8room_071.map	512	512	229	106	92	269	269.723
45	maps/rooms/8room_071.map	512	512	16	335	117	228	180.125
73	maps/rooms/8room_071.map	512	512	302	484	396	264	295.38
68	maps/rooms/8room_071.map	512	512	39	211	185	385	275.48
67	maps/rooms/8room_071.map	512	512	296	460	102	355	271.894
67	maps/rooms/8room_071.map	512	512	101	5	183	226	271.167
67	maps/rooms/8room_071.map	512	512	173	482	92	279	271.439
67	maps/rooms/8room_071.map	512	512	166	43	204	251	270.652
66	maps/rooms/8room_071.map	512	512	474	351	288	262	267.551
66	maps/rooms/8room_071.map	512	512	488	130	394	308	267.622
66	maps/rooms/8room_071.map	512	512	182	183	355	122	266.995
64	maps/rooms/8room_071.map	512	512	139	298	344	243	257.137
65	maps/rooms/8room_071.map	512	512	88	180	293	124	263.995
65	maps/rooms/8room_071.map	512	512	237	377	387	230	263.794
65	maps/rooms/8room_071.map	512	512	58	404	101	201	263.439
53	maps/rooms/8room_071.map	512	512	326	318	399	478	215.024
65	maps/rooms/8room_071.map	512	512	485	204	264	256	263.368
53	maps/rooms/8room_071.map	512	512	90	171	148	296	214.882
65	maps/rooms/8room_071.map	512	512	179	140	142	330	263.066
38	maps/rooms/8room_071.map	512	512	452	205	411	119	155.853
59	maps/rooms/8room_071.map	512	512	263	219	398	143	236.238
44	maps/rooms/8room_071.map	512	512	175	101	212	174	176.468
64	maps/rooms/8room_071.map	512	512	426	430	410	265	258.622
63	maps/rooms/8room_071.map	512	512	316	159	205	259	255.652
22	maps/rooms/8room_071.map	512	512	71	82	28	48	91.7696
63	maps/rooms/8room_071.map	512	512	359	291	177	342	255.894
63	maps/rooms/8room_071.map	512	512	493	198	358	354	255.51
59	maps/rooms/8room_071.map	512	512	136	473	23	309	239.167
53	maps/rooms/8room_071.map	512	512	228	469	354	346	215.652
62	maps/rooms/8room_071.map	512	512	424	308	226	332	250.167
63	maps/rooms/8room_071.map	512	512	269	45	148	215	255.652
63	maps/rooms/8room_071.map	512	512	189	53	266	219	255.794
63	maps/rooms/8room_071.map	512	512	9	414	210	325	255.095
62	maps/rooms/8room_071.map	512	512	487	334	291	247	251.551
62	maps/rooms/8room_071.map	512	512	507	335	382	204	251.723
62	maps/rooms/8room_071.map	512	512	179	282	135	98	251.095
45	maps/rooms/8room_071.map	512	512	167	303	182	437	182.054
61	maps/rooms/8room_071.map	512	512	508	376	332	282	247.238
61	maps/rooms/8room_071.map	512	512	114	249	285	352	247.723
61	maps/rooms/8room_071.map	512	512	495	293	347	399	247.539
61	maps/rooms/8room_071.map	512	512	458	323	470	149	247.238
61	maps/rooms/8room_071.map	512	512	127	334	322	389	247.539
42	maps/rooms/8room_071.map	512	512	197	356	228	283	169.397
61	maps/rooms/8room_071.map	512	512	92	108	203	261	247.823
53	maps/rooms/8room_071.map	512	512	319	84	182	164	214.924
53	maps/rooms/8room_071.map	512	512	141	74	90	255	215.054
52	maps/rooms/8room_071.map	512	512	74	415	100	238	211.225
52	maps/rooms/8room_071.map	512	512	152	345	318	286	211.61
16	maps/rooms/8room_071.map	512	512	119	318	60	317	67.6985
51	maps/rooms/8room_071.map	512	512	435	424	284	356	207.752
51	maps/rooms/8room_071.map	512	512	290	210	186	207	207.61
51	maps/rooms/8room_071.map	512	512	203	67	72	183	207.167
51	maps/rooms/8room_071.map	512	512	211	394	393	426	207.539
33	maps/rooms/8room_071.map	512	512	386	462	283	442	134.64
51	maps/rooms/8room_071.map	512	512	457	387	328	267	207.995
40	maps/rooms/8room_071.map	512	512	338	156	415	244	160.054
50	maps/rooms/8room_071.map	512	512	61	222	215	227	203.267
50	maps/rooms/8room_071.map	512	512	184	479	355	476	203.924
50	maps/rooms/8room_071.map	512	512	139	243	143	103	203.924
50	maps/rooms/8room_071.map	512	512	374	376	381	211	203.196
49	maps/rooms/8room_071.map	512	512	393	490	252	434	199.752
49	maps/rooms/8room_071.map	512	512	246	454	409	452	199.995
47	maps/rooms/8room_071.map	512	512	79	63	143	161	191.497
47	maps/rooms/8room_071.map	512	512	501	198	355	252	191.054
47	maps/rooms/8room_071.map	512	512	70	454	221	388	191.853
47	maps/rooms/8room_071.map	512	512	218	11	354	92	191.409
47	maps/rooms/8room_071.map	512	512	170	303	298	236	191.167
47	maps/rooms/8room_071.map	512	512	331	150	295	74	190.752
47	maps/rooms/8room_071.map	512	512	329	7	366	148	190.953
47	maps/rooms/8room_071.map	512	512	202	315	199	159	191.125
47	maps/rooms/8room_071.map	512	512	236	344	381	386	191.225
46	maps/rooms/8room_071.map	512	512	370	77	378	238	187.569
46	maps/rooms/8room_071.map	512	512	438	450	336	342	187.054
46	maps/rooms/8room_071.map	512	512	483	118	326	82	187.225
46	maps/rooms/8room_071.map	512	512	381	120	251	142	187.296
46	maps/rooms/8room_071.map	512	512	266	504	402	479	187.61
46	maps/rooms/8room_071.map	512	512	18	431	140	330	187.267
45	maps/rooms/8room_071.map	512	512	358	491	223	425	183.853
44	maps/rooms/8room_071.map	512	512	219	219	171	347	179.196
44	maps/rooms/8room_071.map	512	512	359	363	382	206	179.64
44	maps/rooms/8room_071.map	512	512	486	286	368	222	179.782
44	maps/rooms/8room_071.map	512	512	299	310	169	355	178.782
44	maps/rooms/8room_071.map	512	512	103	452	94	311	179.255
44	maps/rooms/8room_071.map	512	512	421	263	306	343	179.752
44	maps/rooms/8room_071.map	512	512	61	47	13	175	179.397
43	maps/rooms/8room_071.map	512	512	451	339	342	307	175.51
43	maps/rooms/8room_071.map	512	512	98	25	145	173	175.912
42	maps/rooms/8room_071.map	512	512	140	444	267	391	171.64
41	maps/rooms/8room_071.map	512	512	486	460	348	473	166.782
39	maps/rooms/8room_071.map	512	512	421	140	312	73	159.296
39	maps/rooms/8room_071.map	512	512	124	31	227	91	159.811
39	maps/rooms/8room_071.map	512	512	302	167	254	211	159.539
39	maps/rooms/8room_071.map	512	512	348	66	284	127	159.811
39	maps/rooms/8room_071.map	512	512	317	444	242	349	159.983
13	maps/rooms/8room_071.map	512	512	188	324	168	284	53.4558
39	maps/rooms/8room_071.map	512	512	472	443	344	393	158.853
38	maps/rooms/8room_071.map	512	512	290	157	236	78	155.51
38	maps/rooms/8room_071.map	512	512	246	175	264	234	155.125
38	maps/rooms/8room_071.map	512	512	52	188	36	109	155.912
38	maps/rooms/8room_071.map	512	512	70	42	112	127	155.083
38	maps/rooms/8room_071.map	512	512	435	114	384	235	155.598
38	maps/rooms/8room_071.map	512	512	69	284	163	205	155.669
37	maps/rooms/8room_071.map	512	512	169	490	111	383	151.083
37	maps/rooms/8room_071.map	512	512	420	94	306	125	151.468
37	maps/rooms/8room_071.map	512	512	55	301	101	189	151.255
36	maps/rooms/8room_071.map	512	512	506	250	381	252	147.569
36	maps/rooms/8room_071.map	512	512	242	76	213	191	147.74
36	maps/rooms/8room_071.map	512	512	88	102	165	190	147.083
28	maps/rooms/8room_071.map	512	512	35	88	56	9	115.598
36	maps/rooms/8room_071.map	512	512	363	303	399	416	147.669
36	maps/rooms/8room_071.map	512	512	52	10	143	57	147.882
36	maps/rooms/8room_071.map	512	512	368	260	268	324	146.912
36	maps/rooms/8room_071.map	512	512	119	45	227	83	147.255
36	maps/rooms/8room_071.map	512	512	53	111	159	183	147.539
35	maps/rooms/8room_071.map	512	512	75	170	135	112	143.882
35	maps/rooms/8room_071.map	512	512	318	467	358	357	143.497
35	maps/rooms/8room_071.map	512	512	339	119	232	169	143.326
35	maps/rooms/8room_071.map	512	512	399	328	275	301	143.326
34	maps/rooms/8room_071.map	512	512	463	470	360	407	139.296
34	maps/rooms/8room_071.map	512	512	370	215	324	316	138.882
34	maps/rooms/8room_071.map	512	512	347	37	227	79	139.74
34	maps/rooms/8room_071.map	512	512	487	214	386	277	139.983
34	maps/rooms/8room_071.map	512	512	344	268	255	211	139.397
33	maps/rooms/8room_071.map	512	512	298	121	212	194	134.983
33	maps/rooms/8room_071.map	512	512	83	228	149	275	135.326
33	maps/rooms/8room_071.map	512	512	2	375	94	423	135.255
33	maps/rooms/8room_071.map	512	512	301	374	278	268	134.698
32	maps/rooms/8room_071.map	512	512	67	422	137	333	130.882
32	maps/rooms/8room_071.map	512	512	325	56	383	150	131.054
32	maps/rooms/8room_071.map	512	512	213	505	174	399	131.669
32	maps/rooms/8room_071.map	512	512	58	123	28	192	131.669
26	maps/rooms/8room_071.map	512	512	233	508	168	459	107.74
31	maps/rooms/8room_071.map	512	512	150	185	233	225	127.083
6	maps/rooms/8room_071.map	512	512	123	339	132	325	26.0711
31	maps/rooms/8room_071.map	512	512	45	235	60	181	127.527
31	maps/rooms/8room_071.map	512	512	248	383	189	296	127.154
31	maps/rooms/8room_071.map	512	512	406	418	352	346	127.255
31	maps/rooms/8room_071.map	512	512	84	105	149	176	127.012
30	maps/rooms/8room_071.map	512	512	167	418	239	346	123.154
30	maps/rooms/8room_071.map	512	512	360	367	280	424	123.669
30	maps/rooms/8room_071.map	512	512	54	88	100	186	123.74
30	maps/rooms/8room_071.map	512	512	508	184	476	276	123.397
29	maps/rooms/8room_071.map	512	512	152	297	120	243	119.012
29	maps/rooms/8room_071.map	512	512	29	370	99	327	118.598
29	maps/rooms/8room_071.map	512	512	2	124	95	162	119.426
29	maps/rooms/8room_071.map	512	512	199	149	246	220	118.912
29	maps/rooms/8room_071.map	512	512	394	176	339	259	119.841
13	maps/rooms/8room_071.map	512	512	395	451	413	486	52.1127
29	maps/rooms/8room_071.map	512	512	39	14	56	98	119.912
28	maps/rooms/8room_071.map	512	512	463	169	400	223	115.569
28	maps/rooms/8room_071.map	512	512	76	442	146	374	115.74
28	maps/rooms/8room_071.map	512	512	253	268	222	207	115.154
28	maps/rooms/8room_071.map	512	512	174	34	123	123	114.811
28	maps/rooms/8room_071.map	512	512	38	340	134	357	115.912
28	maps/rooms/8room_071.map	512	512	136	216	78	286	115.941
28	maps/rooms/8room_071.map	512	512	375	99	382	199	115.184
27	maps/rooms/8room_071.map	512	512	181	57	207	131	111.841
27	maps/rooms/8room_071.map	512	512	490	63	434	138	111.083
26	maps/rooms/8room_071.map	512	512	466	301	428	380	107.083
26	maps/rooms/8room_071.map	512	512	238	278	211	231	107.012
26	maps/rooms/8room_071.map	512	512	294	495	212	460	107.669
10	maps/rooms/8room_071.map	512	512	221	424	226	454	40.5563
26	maps/rooms/8room_071.map	512	512	394	351	345	399	107.77
26	maps/rooms/8room_071.map	512	512	95	262	129	341	107.326
26	maps/rooms/8room_071.map	512	512	298	444	301	358	107.77
25	maps/rooms/8room_071.map	512	512	270	25	226	81	103.598
25	maps/rooms/8room_071.map	512	512	408	60	339	83	101.598
25	maps/rooms/8room_071.map	512	512	378	20	384	91	103.811
25	maps/rooms/8room_071.map	512	512	54	326	106	390	103.497
25	maps/rooms/8room_071.map	512	512	284	313	216	266	102.64
25	maps/rooms/8room_071.map	512	512	245	122	254	142	103.569
25	maps/rooms/8room_071.map	512	512	166	307	249	348	103.497
24	maps/rooms/8room_071.map	512	512	466	282	386	268	99.2548
24	maps/rooms/8room_071.map	512	512	366	374	305	310	99.8112
24	maps/rooms/8room_071.map	512	512	267	34	203	7	99.8112
24	maps/rooms/8room_071.map	512	512	429	501	362	469	99.2843
24	maps/rooms/8room_071.map	512	512	502	279	478	358	99.4264
24	maps/rooms/8room_071.map	512	512	504	381	416	387	99.1127
23	maps/rooms/8room_071.map	512	512	287	349	205	322	95.1838
23	maps/rooms/8room_071.map	512	512	423	218	353	253	95.669
23	maps/rooms/8room_071.map	512	512	233	3	283	58	95.669
22	maps/rooms/8room_071.map	512	512	237	482	227	406	91.1127
22	maps/rooms/8room_071.map	512	512	325	234	367	165	91.0833
22	maps/rooms/8room_071.map	512	512	340	461	282	498	90.8406
22	maps/rooms/8room_071.map	512	512	39	223	102	190	90.8701
22	maps/rooms/8room_071.map	512	512	372	470	299	442	91.5685
22	maps/rooms/8room_071.map	512	512	138	120	165	194	91.8701
22	maps/rooms/8room_071.map	512	512	485	19	424	58	91.3553
21	maps/rooms/8room_071.map	512	512	302	359	238	394	87.2843
21	maps/rooms/8room_071.map	512	512	253	450	324	456	87.7696
21	maps/rooms/8room_071.map	512	512	244	237	258	287	87.2548
21	maps/rooms/8room_071.map	512	512	413	335	367	381	87.598
21	maps/rooms/8room_071.map	512	512	260	266	236	222	87.3553
21	maps/rooms/8room_071.map	512	512	62	8	101	31	87.9411
21	maps/rooms/8room_071.map	512	512	403	502	389	467	87.5269
20	maps/rooms/8room_071.map	512	512	427	492	396	445	83.6985
20	maps/rooms/8room_071.map	512	512	186	72	216	124	82.8701
20	maps/rooms/8room_071.map	512	512	163	459	193	393	83.9411
20	maps/rooms/8room_071.map	512	512	117	262	100	192	83.8701
20	maps/rooms/8room_071.map	512	512	329	283	273	252	83.7696
20	maps/rooms/8room_071.map	512	512	390	3	334	44	82.9411
20	maps/rooms/8room_071.map	512	512	159	483	214	460	83.1127
20	maps/rooms/8room_071.map	512	512	136	293	203	271	82.598
19	maps/rooms/8room_071.map	512	512	104	413	102	339	79.799
19	maps/rooms/8room_071.map	512	512	395	207	342	228	78.7696
19	maps/rooms/8room_071.map	512	512	374	154	326	115	79.7696
19	maps/rooms/8room_071.map	512	512	451	141	412	99	79.0416
19	maps/rooms/8room_071.map	512	512	131	237	97	287	79.4558
19	maps/rooms/8room_071.map	512	512	187	11	244	21	79.4264
19	maps/rooms/8room_071.map	512	512	19	424	83	399	79.2843
19	maps/rooms/8room_071.map	512	512	202	253	171	196	79.3553
19	maps/rooms/8room_071.map	512	512	493	471	468	448	79.1127
18	maps/rooms/8room_071.map	512	512	227	106	222	171	75.6985
18	maps/rooms/8room_071.map	512	512	85	346	121	398	75.1127
18	maps/rooms/8room_071.map	512	512	415	75	389	134	75.6274
18	maps/rooms/8room_071.map	512	512	484	73	416	78	75.0416
17	maps/rooms/8room_071.map	512	512	376	7	413	55	71.5269
17	maps/rooms/8room_071.map	512	512	444	99	389	91	71.2843
17	maps/rooms/8room_071.map	512	512	433	372	380	388	71.0416
17	maps/rooms/8room_071.map	512	512	165	15	139	52	71.8701
17	maps/rooms/8room_071.map	512	512	359	137	311	98	71.7696
17	maps/rooms/8room_071.map	512	512	442	99	387	92	70.8701
17	maps/rooms/8room_071.map	512	512	277	77	322	103	71.0833
17	maps/rooms/8room_071.map	512	512	143	453	174	399	71.5269
17	maps/rooms/8room_071.map	512	512	251	68	315	76	71.4558
16	maps/rooms/8room_071.map	512	512	213	89	216	147	66.6985
16	maps/rooms/8room_071.map	512	512	360	254	316	288	67.1127
16	maps/rooms/8room_071.map	512	512	406	133	375	91	67.2843
16	maps/rooms/8room_071.map	512	512	486	466	442	463	66.6985
16	maps/rooms/8room_071.map	512	512	82	216	90	255	67.6274
16	maps/rooms/8room_071.map	512	512	470	106	410	104	67.4558
16	maps/rooms/8room_071.map	512	512	486	331	444	290	67.1838
16	maps/rooms/8room_071.map	512	512	78	389	82	364	67.9706
16	maps/rooms/8room_071.map	512	512	197	259	192	313	67.8701
15	maps/rooms/8room_071.map	512	512	386	60	390	78	63.0122
15	maps/rooms/8room_071.map	512	512	18	108	50	103	63.0416
15	maps/rooms/8room_071.map	512	512	365	180	365	138	62.6274
15	maps/rooms/8room_071.map	512	512	265	227	223	215	63.9411
15	maps/rooms/8room_071.map	512	512	121	411	153	368	63.2843
15	maps/rooms/8room_071.map	512	512	227	55	226	85	63.1421
15	maps/rooms/8room_071.map	512	512	389	362	376	316	62.6985
15	maps/rooms/8room_071.map	512	512	471	2	442	43	63.5563
14	maps/rooms/8room_071.map	512	512	419	153	394	172	59.598
14	maps/rooms/8room_071.map	512	512	22	345	62	316	59.6274
14	maps/rooms/8room_071.map	512	512	210	505	191	456	59.2132
14	maps/rooms/8room_071.map	512	512	501	325	503	378	59.6274
14	maps/rooms/8room_071.map	512	512	141	143	165	186	59.3848
14	maps/rooms/8room_071.map	512	512	69	4	105	36	58.6274
14	maps/rooms/8room_071.map	512	512	441	91	453	115	59.8995
14	maps/rooms/8room_071.map	512	512	453	176	424	192	59.2843
14	maps/rooms/8room_071.map	512	512	135	105	185	85	59.4558
14	maps/rooms/8room_071.map	512	512	99	291	149	278	59.0416
13	maps/rooms/8room_071.map	512	512	457	331	439	295	55.2132
13	maps/rooms/8room_071.map	512	512	317	19	348	5	55.3848
13	maps/rooms/8room_071.map	512	512	66	318	51	282	55.1838
13	maps/rooms/8room_071.map	512	512	28	383	36	346	54.799
13	maps/rooms/8room_071.map	512	512	92	261	119	284	55.2132
13	maps/rooms/8room_071.map	512	512	306	484	274	468	55.6985
13	maps/rooms/8room_071.map	512	512	165	89	127	119	55.598
12	maps/rooms/8room_071.map	512	512	70	137	115	150	51.5563
12	maps/rooms/8room_071.map	512	512	89	254	114	222	51.1421
12	maps/rooms/8room_071.map	512	512	211	406	219	424	51.2132
12	maps/rooms/8room_071.map	512	512	220	150	213	197	51.5563
12	maps/rooms/8room_071.map	512	512	164	233	200	249	51.4558
12	maps/rooms/8room_071.map	512	512	285	156	294	203	51.8995
11	maps/rooms/8room_071.map	512	512	194	393	226	402	47.4853
11	maps/rooms/8room_071.map	512	512	262	181	282	219	47.4558
11	maps/rooms/8room_071.map	512	512	73	34	110	53	47.2132
11	maps/rooms/8room_071.map	512	512	295	173	295	213	46.9706
11	maps/rooms/8room_071.map	512	512	315	230	278	248	46.799
11	maps/rooms/8room_071.map	512	512	395	123	392	166	47.8995
11	maps/rooms/8room_071.map	512	512	180	148	212	127	47.1421
11	maps/rooms/8room_071.map	512	512	279	485	254	457	47.8701
10	maps/rooms/8room_071.map	512	512	215	284	206	255	42.7279
10	maps/rooms/8room_071.map	512	512	119	435	115	394	43.4853
10	maps/rooms/8room_071.map	512	512	62	142	90	159	43.9706
10	maps/rooms/8room_071.map	512	512	455	370	428	360	43.6274
10	maps/rooms/8room_071.map	512	512	482	60	445	67	43.3137
10	maps/rooms/8room_071.map	512	512	222	443	233	408	43.2132
10	maps/rooms/8room_071.map	512	512	134	248	129	284	43.7279
10	maps/rooms/8room_071.map	512	512	398	189	415	174	43.799
9	maps/rooms/8room_071.map	512	512	105	348	137	333	39.3848
9	maps/rooms/8room_071.map	512	512	216	298	189	281	38.6274
9	maps/rooms/8room_071.map	512	512	451	370	429	390	39.5563
9	maps/rooms/8room_071.map	512	512	479	430	463	453	39.2426
9	maps/rooms/8room_071.map	512	512	315	451	286	435	39.1421
9	maps/rooms/8room_071.map	512	512	121	187	156	182	39.5563
9	maps/rooms/8room_071.map	512	512	461	425	454	389	39.7279
9	maps/rooms/8room_071.map	512	512	442	203	425	174	39.5563
8	maps/rooms/8room_071.map	512	512	189	220	167	201	35.7279
8	maps/rooms/8room_071.map	512	512	442	105	411	103	35.1421
8	maps/rooms/8room_071.map	512	512	466	300	436	300	35.799
8	maps/rooms/8room_071.map	512	512	108	397	135	415	35.6274
8	maps/rooms/8room_071.map	512	512	236	482	248	462	35.5563
8	maps/rooms/8room_071.map	512	512	111	142	123	161	35.3848
8	maps/rooms/8room_071.map	512	512	456	414	432	420	35.2132
8	maps/rooms/8room_071.map	512	512	306	344	285	364	35.6274
7	maps/rooms/8room_071.map	512	512	280	189	280	217	31.0711
7	maps/rooms/8room_071.map	512	512	276	119	304	125	31.3137
7	maps/rooms/8room_071.map	512	512	51	89	76	84	31.2132
7	maps/rooms/8room_071.map	512	512	6	134	30	118	31.799
7	maps/rooms/8room_071.map	512	512	229	79	258	72	31.8995
7	maps/rooms/8room_071.map	512	512	226	111	215	135	31.9706
7	maps/rooms/8room_071.map	512	512	294	478	271	467	31.6569
7	maps/rooms/8room_071.map	512	512	404	189	404	169	30.6274
7	maps/rooms/8room_071.map	512	512	297	440	287	421	31.8284
7	maps/rooms/8room_071.map	512	512	124	37	143	58	31.2132
6	maps/rooms/8room_071.map	512	512	393	258	368	260	27.4853
6	maps/rooms/8room_071.map	512	512	207	77	219	95	27.0711
6	maps/rooms/8room_071.map	512	512	180	249	200	234	27.3848
6	maps/rooms/8room_071.map	512	512	282	442	286	416	27.6569
6	maps/rooms/8room_071.map	512	512	364	39	340	43	27.3137
6	maps/rooms/8room_071.map	512	512	94	403	92	390	27.1421
6	maps/rooms/8room_071.map	512	512	182	404	184	377	27.8284
6	maps/rooms/8room_071.map	512	512	486	275	490	257	27.0711
5	maps/rooms/8room_071.map	512	512	307	45	322	39	23.1421
5	maps/rooms/8room_071.map	512	512	286	6	280	27	23.4853
5	maps/rooms/8room_071.map	512	512	443	215	421	211	23.6569
5	maps/rooms/8room_071.map	512	512	220	118	218	97	23.4853
5	maps/rooms/8room_071.map	512	512	323	431	340	420	22.7279
5	maps/rooms/8room_071.map	512	512	261	367	245	354	23.1421
5	maps/rooms/8room_071.map	512	512	82	90	79	96	23
5	maps/rooms/8room_071.map	512	512	379	75	382	91	23.3848
5	maps/rooms/8room_071.map	512	512	271	325	250	330	23.0711
4	maps/rooms/8room_071.map	512	512	326	60	314	58	18.7279
4	maps/rooms/8room_071.map	512	512	42	373	55	363	19.4853
4	maps/rooms/8room_071.map	512	512	82	213	100	217	19.6569
4	maps/rooms/8room_071.map	512	512	350	264	343	281	19.8995
4	maps/rooms/8room_071.map	512	512	229	126	222	112	19.2426
4	maps/rooms/8room_071.map	512	512	217	109	216	91	19.2426
4	maps/rooms/8room_071.map	512	512	313	134	296	129	19.0711
4	maps/rooms/8room_071.map	512	512	429	296	412	290	19.4853
4	maps/rooms/8room_071.map	512	512	174	280	188	278	19.8995
4	maps/rooms/8room_071.map	512	512	52	181	58	196	19.1421
3	maps/rooms/8room_071.map	512	512	218	191	210	200	15.2426
3	maps/rooms/8room_071.map	512	512	280	23	277	37	15.2426
3	maps/rooms/8room_071.map	512	512	282	439	286	425	15.6569
3	maps/rooms/8room_071.map	512	512	301	116	290	126	15.1421
3	maps/rooms/8room_071.map	512	512	500	250	488	241	15.7279
3	maps/rooms/8room_071.map	512	512	118	312	132	310	14.8284
3	maps/rooms/8room_071.map	512	512	409	166	395	162	15.6569
3	maps/rooms/8room_071.map	512	512	29	9	43	12	15.8284
3	maps/rooms/8room_071.map	512	512	470	111	460	109	15.8995
3	maps/rooms/8room_071.map	512	512	350	72	362	65	15.4853
2	maps/rooms/8room_071.map	512	512	51	24	62	24	11
2	maps/rooms/8room_071.map	512	512	100	345	102	334	11.8284
2	maps/rooms/8room_071.map	512	512	502	317	493	317	10.6569
2	maps/rooms/8room_071.map	512	512	479	27	468	25	11.8284
2	maps/rooms/8room_071.map	512	512	253	264	261	264	11.0711
2	maps/rooms/8room_071.map	512	512	347	21	350	31	11.2426
2	maps/rooms/8room_071.map	512	512	502	500	498	510	11.6569
2	maps/rooms/8room_071.map	512	512	511	383	504	390	11.0711
2	maps/rooms/8room_071.map	512	512	391	198	389	189	11.4853
1	maps/rooms/8room_071.map	512	512	283	279	278	274	7.07107
1	maps/rooms/8room_071.map	512	512	22	233	18	238	6.65685
1	maps/rooms/8room_071.map	512	512	236	8	243	10	7.82843
1	maps/rooms/8room_071.map	512	512	125	362	120	357	7.07107
1	maps/rooms/8room_071.map	512	512	477	375	472	380	7.07107
1	maps/rooms/8room_071.map	512	512	503	341	503	348	7
1	maps/rooms/8room_071.map	512	512	405	126	399	123	7.24264
1	maps/rooms/8room_071.map	512	512	415	347	418	343	7
1	maps/rooms/8room_071.map	512	512	82	47	89	46	7.41421
1	maps/rooms/8room_071.map	512	512	100	83	98	90	7.82843
0	maps/rooms/8room_071.map	512	512	431	85	429	87	2.82843
0	maps/rooms/8room_071.map	512	512	482	475	480	476	3
0	maps/rooms/8room_071.map	512	512	249	172	246	171	3.41421
0	maps/rooms/8room_071.map	512	512	398	78	395	79	3.41421
0	maps/rooms/8room_071.map	512	512	499	157	496	157	3
0	maps/rooms/8room_071.map	512	512	431	382	431	379	3
0	maps/rooms/8room_071.map	512	512	474	39	471	38	3.41421
0	maps/rooms/8room_071.map	512	512	137	285	134	285	3
0	maps/rooms/8room_071.map	512	512	40	154	42	156	2.82843
0	maps/rooms/8room_071.map	512	512	197	300	199	302	2.82843
