version 1
16	maps/rooms/8room_030.map	512	512	209	454	153	440	64.6274
77	maps/rooms/8room_030.map	512	512	114	287	334	376	308.865
100	maps/rooms/8room_030.map	512	512	170	83	262	400	400.806
43	maps/rooms/8room_030.map	512	512	362	375	375	492	173.397
115	maps/rooms/8room_030.map	512	512	78	419	184	105	462.777
112	maps/rooms/8room_030.map	512	512	446	341	136	123	450.132
100	maps/rooms/8room_030.map	512	512	236	86	205	419	403.966
117	maps/rooms/8room_030.map	512	512	139	387	332	46	470.919
127	maps/rooms/8room_030.map	512	512	473	45	188	327	511.96
80	maps/rooms/8room_030.map	512	512	184	26	420	63	320.966
103	maps/rooms/8room_030.map	512	512	468	74	191	210	415.35
127	maps/rooms/8room_030.map	512	512	408	308	43	132	511.534
127	maps/rooms/8room_030.map	512	512	420	54	53	230	511.836
114	maps/rooms/8room_030.map	512	512	353	246	9	71	456.505
120	maps/rooms/8room_030.map	512	512	2	434	116	151	480.907
14	maps/rooms/8room_030.map	512	512	312	77	339	101	59.8701
66	maps/rooms/8room_030.map	512	512	162	476	318	374	265.238
76	maps/rooms/8room_030.map	512	512	244	262	436	364	304.794
107	maps/rooms/8room_030.map	512	512	292	345	431	45	429.149
25	maps/rooms/8room_030.map	512	512	77	151	105	124	100.841
63	maps/rooms/8room_030.map	512	512	234	247	394	250	252.095
123	maps/rooms/8room_030.map	512	512	141	156	43	491	495.375
127	maps/rooms/8room_030.map	512	512	362	25	149	330	511.061
123	maps/rooms/8room_030.map	512	512	94	228	317	29	492.333
28	maps/rooms/8room_030.map	512	512	191	93	285	71	113.841
89	maps/rooms/8room_030.map	512	512	89	280	371	252	358.936
93	maps/rooms/8room_030.map	512	512	430	375	203	168	374.635
127	maps/rooms/8room_030.map	512	512	200	462	455	119	511.688
127	maps/rooms/8room_030.map	512	512	5	146	337	393	511.233
127	maps/rooms/8room_030.map	512	512	415	67	29	187	510.617
127	maps/rooms/8room_030.map	512	512	472	296	88	88	511.931
94	maps/rooms/8room_030.map	512	512	446	438	348	143	376.664
105	maps/rooms/8room_030.map	512	512	198	508	74	261	422.421
106	maps/rooms/8room_030.map	512	512	31	307	287	187	424.551
43	maps/rooms/8room_030.map	512	512	376	311	455	341	172.095
127	maps/rooms/8room_030.map	512	512	355	78	164	449	511.404
126	maps/rooms/8room_030.map	512	512	172	435	116	45	505.99
104	maps/rooms/8room_030.map	512	512	201	377	505	234	416.061
82	maps/rooms/8room_030.map	512	512	268	264	111	459	330.936
38	maps/rooms/8room_030.map	512	512	383	18	298	91	153.782
102	maps/rooms/8room_030.map	512	512	167	344	490	357	409.563
89	maps/rooms/8room_030.map	512	512	165	12	98	297	356.108
71	maps/rooms/8room_030.map	512	512	73	372	88	206	285.409
114	maps/rooms/8room_030.map	512	512	397	122	318	474	458.019
119	maps/rooms/8room_030.map	512	512	446	157	94	4	479.96
88	maps/rooms/8room_030.map	512	512	251	68	472	188	353.735
40	maps/rooms/8room_030.map	512	512	276	332	334	454	161.497
117	maps/rooms/8room_030.map	512	512	489	201	263	505	469.446
127	maps/rooms/8room_030.map	512	512	36	181	406	328	511.09
106	maps/rooms/8room_030.map	512	512	434	156	499	506	426.362
80	maps/rooms/8room_030.map	512	512	107	451	372	490	320.551
108	maps/rooms/8room_030.map	512	512	485	23	284	235	433.291
77	maps/rooms/8room_030.map	512	512	178	470	402	372	309.622
71	maps/rooms/8room_030.map	512	512	91	318	249	399	285.936
126	maps/rooms/8room_030.map	512	512	471	490	147	268	507.889
126	maps/rooms/8room_030.map	512	512	394	66	131	312	507.191
97	maps/rooms/8room_030.map	512	512	19	120	119	323	388.179
25	maps/rooms/8room_030.map	512	512	207	15	150	77	103.184
126	maps/rooms/8room_030.map	512	512	468	39	226	375	507.789
126	maps/rooms/8room_030.map	512	512	323	492	75	171	507.375
126	maps/rooms/8room_030.map	512	512	15	327	375	227	506.86
44	maps/rooms/8room_030.map	512	512	252	138	186	47	176.882
97	maps/rooms/8room_030.map	512	512	435	40	181	147	388.179
45	maps/rooms/8room_030.map	512	512	173	474	234	340	182.095
113	maps/rooms/8room_030.map	512	512	323	333	20	220	455.563
106	maps/rooms/8room_030.map	512	512	395	198	60	119	425.706
57	maps/rooms/8room_030.map	512	512	350	354	483	270	229.125
72	maps/rooms/8room_030.map	512	512	253	131	458	220	288.309
97	maps/rooms/8room_030.map	512	512	126	108	124	311	390.563
126	maps/rooms/8room_030.map	512	512	59	20	284	346	507.718
106	maps/rooms/8room_030.map	512	512	386	270	70	87	427.676
116	maps/rooms/8room_030.map	512	512	264	408	68	85	464.019
98	maps/rooms/8room_030.map	512	512	132	367	457	423	393.735
64	maps/rooms/8room_030.map	512	512	154	49	299	200	256.208
56	maps/rooms/8room_030.map	512	512	257	396	441	347	224.296
9	maps/rooms/8room_030.map	512	512	69	395	77	375	38.6274
63	maps/rooms/8room_030.map	512	512	281	8	469	22	254.51
78	maps/rooms/8room_030.map	512	512	306	361	493	435	315.108
126	maps/rooms/8room_030.map	512	512	52	142	361	413	507.161
33	maps/rooms/8room_030.map	512	512	91	88	43	183	133.326
49	maps/rooms/8room_030.map	512	512	460	453	457	340	197.823
126	maps/rooms/8room_030.map	512	512	438	47	205	317	507.049
60	maps/rooms/8room_030.map	512	512	164	238	266	71	243.853
60	maps/rooms/8room_030.map	512	512	133	7	40	156	241.238
81	maps/rooms/8room_030.map	512	512	95	243	198	258	325.078
52	maps/rooms/8room_030.map	512	512	380	341	509	277	208.74
126	maps/rooms/8room_030.map	512	512	398	47	210	412	507.09
125	maps/rooms/8room_030.map	512	512	42	189	397	19	503.718
76	maps/rooms/8room_030.map	512	512	423	357	439	95	307.966
125	maps/rooms/8room_030.map	512	512	443	470	212	127	503.404
85	maps/rooms/8room_030.map	512	512	235	94	9	239	343.208
104	maps/rooms/8room_030.map	512	512	470	162	306	477	419.576
48	maps/rooms/8room_030.map	512	512	374	446	499	455	192.61
37	maps/rooms/8room_030.map	512	512	450	131	435	22	148.77
125	maps/rooms/8room_030.map	512	512	3	462	309	213	503.919
50	maps/rooms/8room_030.map	512	512	311	136	430	179	203.882
125	maps/rooms/8room_030.map	512	512	404	444	88	180	503.404
125	maps/rooms/8room_030.map	512	512	47	420	126	74	503.877
65	maps/rooms/8room_030.map	512	512	45	201	212	274	260.167
125	maps/rooms/8room_030.map	512	512	434	262	93	92	503.375
59	maps/rooms/8room_030.map	512	512	502	70	416	248	236.125
43	maps/rooms/8room_030.map	512	512	379	344	398	451	174.024
125	maps/rooms/8room_030.map	512	512	166	11	411	337	503.375
45	maps/rooms/8room_030.map	512	512	442	153	406	301	182.368
92	maps/rooms/8room_030.map	512	512	163	267	404	105	370.764
102	maps/rooms/8room_030.map	512	512	446	47	493	314	409.421
125	maps/rooms/8room_030.map	512	512	502	105	120	198	503.877
125	maps/rooms/8room_030.map	512	512	9	223	420	200	503.664
8	maps/rooms/8room_030.map	512	512	27	238	60	236	33.8284
94	maps/rooms/8room_030.map	512	512	15	414	6	173	376.35
76	maps/rooms/8room_030.map	512	512	116	361	361	374	304.894
89	maps/rooms/8room_030.map	512	512	318	4	488	235	358.22
125	maps/rooms/8room_030.map	512	512	191	54	425	382	503.789
124	maps/rooms/8room_030.map	512	512	447	483	54	498	498.718
89	maps/rooms/8room_030.map	512	512	85	235	236	315	357.593
81	maps/rooms/8room_030.map	512	512	170	253	42	41	324.995
124	maps/rooms/8room_030.map	512	512	488	467	324	93	499.706
41	maps/rooms/8room_030.map	512	512	344	367	303	264	164.711
124	maps/rooms/8room_030.map	512	512	198	370	506	107	497.659
90	maps/rooms/8room_030.map	512	512	438	422	414	122	362.35
113	maps/rooms/8room_030.map	512	512	414	324	90	418	455.262
119	maps/rooms/8room_030.map	512	512	92	77	467	14	478.635
95	maps/rooms/8room_030.map	512	512	500	250	311	35	382.291
86	maps/rooms/8room_030.map	512	512	414	206	147	315	344.836
76	maps/rooms/8room_030.map	512	512	206	176	451	152	306.137
78	maps/rooms/8room_030.map	512	512	472	347	335	180	314.936
82	maps/rooms/8room_030.map	512	512	297	89	52	174	331.321
99	maps/rooms/8room_030.map	512	512	98	162	102	402	397.563
48	maps/rooms/8room_030.map	512	512	370	203	335	59	194.154
104	maps/rooms/8room_030.map	512	512	393	100	230	395	417.563
109	maps/rooms/8room_030.map	512	512	139	461	477	456	436.948
58	maps/rooms/8room_030.map	512	512	356	207	467	54	232.995
47	maps/rooms/8room_030.map	512	512	456	162	462	316	190.267
117	maps/rooms/8room_030.map	512	512	302	439	343	64	469.262
124	maps/rooms/8room_030.map	512	512	76	482	275	135	499.505
68	maps/rooms/8room_030.map	512	512	335	86	245	250	272.409
84	maps/rooms/8room_030.map	512	512	159	284	294	45	336.693
12	maps/rooms/8room_030.map	512	512	423	360	451	335	49.8701
88	maps/rooms/8room_030.map	512	512	293	488	487	490	354.635
59	maps/rooms/8room_030.map	512	512	200	203	293	363	236.681
124	maps/rooms/8room_030.map	512	512	223	25	411	338	498.588
124	maps/rooms/8room_030.map	512	512	59	269	430	213	499.593
51	maps/rooms/8room_030.map	512	512	415	350	434	185	207.924
124	maps/rooms/8room_030.map	512	512	26	69	263	400	499.061
81	maps/rooms/8room_030.map	512	512	440	415	235	451	324.865
124	maps/rooms/8room_030.map	512	512	238	504	189	92	499.333
67	maps/rooms/8room_030.map	512	512	188	333	201	111	270.924
6	maps/rooms/8room_030.map	512	512	283	175	275	153	25.3137
56	maps/rooms/8room_030.map	512	512	258	223	427	260	227.581
124	maps/rooms/8room_030.map	512	512	206	509	424	162	499.617
56	maps/rooms/8room_030.map	512	512	235	189	109	310	225.51
63	maps/rooms/8room_030.map	512	512	403	133	349	281	254.208
115	maps/rooms/8room_030.map	512	512	315	260	3	38	460.333
44	maps/rooms/8room_030.map	512	512	403	60	314	108	176.64
113	maps/rooms/8room_030.map	512	512	15	472	330	293	452.676
55	maps/rooms/8room_030.map	512	512	163	162	68	264	220.296
124	maps/rooms/8room_030.map	512	512	62	43	285	356	499.304
79	maps/rooms/8room_030.map	512	512	237	169	276	429	317.409
99	maps/rooms/8room_030.map	512	512	136	390	455	393	397.865
39	maps/rooms/8room_030.map	512	512	272	331	365	236	158.953
61	maps/rooms/8room_030.map	512	512	103	253	21	294	247.024
71	maps/rooms/8room_030.map	512	512	169	405	9	324	285.007
123	maps/rooms/8room_030.map	512	512	286	475	180	76	495.049
87	maps/rooms/8room_030.map	512	512	233	333	324	68	351.522
69	maps/rooms/8room_030.map	512	512	251	212	63	187	278.48
103	maps/rooms/8room_030.map	512	512	141	495	427	330	415.492
100	maps/rooms/8room_030.map	512	512	191	100	333	400	401.421
109	maps/rooms/8room_030.map	512	512	12	438	30	117	439.593
114	maps/rooms/8room_030.map	512	512	463	223	116	359	458.019
123	maps/rooms/8room_030.map	512	512	22	249	407	201	495.693
89	maps/rooms/8room_030.map	512	512	114	172	70	335	359.208
95	maps/rooms/8room_030.map	512	512	322	59	6	93	383.321
86	maps/rooms/8room_030.map	512	512	506	386	265	503	346.978
20	maps/rooms/8room_030.map	512	512	386	313	442	312	83.8701
66	maps/rooms/8room_030.map	512	512	104	387	191	278	264.593
38	maps/rooms/8room_030.map	512	512	167	345	121	277	152.125
93	maps/rooms/8room_030.map	512	512	213	462	365	206	374.635
85	maps/rooms/8room_030.map	512	512	183	25	422	43	340.38
26	maps/rooms/8room_030.map	512	512	444	443	348	445	106.77
39	maps/rooms/8room_030.map	512	512	359	50	458	123	157.296
57	maps/rooms/8room_030.map	512	512	472	482	350	368	231.782
41	maps/rooms/8room_030.map	512	512	399	354	291	274	164.853
114	maps/rooms/8room_030.map	512	512	304	456	487	107	458.718
123	maps/rooms/8room_030.map	512	512	90	407	415	167	495.86
100	maps/rooms/8room_030.map	512	512	130	380	119	110	403.777
123	maps/rooms/8room_030.map	512	512	135	445	437	176	495.475
67	maps/rooms/8room_030.map	512	512	7	203	119	40	271.167
123	maps/rooms/8room_030.map	512	512	6	30	278	335	495.617
75	maps/rooms/8room_030.map	512	512	450	303	507	75	301.409
48	maps/rooms/8room_030.map	512	512	229	354	358	343	192.853
45	maps/rooms/8room_030.map	512	512	508	106	487	178	182.823
64	maps/rooms/8room_030.map	512	512	397	383	426	185	258.137
70	maps/rooms/8room_030.map	512	512	311	229	177	57	281.522
123	maps/rooms/8room_030.map	512	512	461	502	72	426	495.676
71	maps/rooms/8room_030.map	512	512	439	20	299	159	286.137
53	maps/rooms/8room_030.map	512	512	234	15	399	39	215.61
81	maps/rooms/8room_030.map	512	512	312	312	492	501	327.794
122	maps/rooms/8room_030.map	512	512	363	96	105	370	490.919
80	maps/rooms/8room_030.map	512	512	77	458	149	255	321.492
81	maps/rooms/8room_030.map	512	512	278	365	78	503	327.522
85	maps/rooms/8room_030.map	512	512	77	101	188	326	341.279
22	maps/rooms/8room_030.map	512	512	413	364	372	298	90.0122
26	maps/rooms/8room_030.map	512	512	268	291	183	302	105.941
50	maps/rooms/8room_030.map	512	512	183	378	363	394	203.154
57	maps/rooms/8room_030.map	512	512	134	226	79	83	229.196
95	maps/rooms/8room_030.map	512	512	105	260	408	218	382.321
24	maps/rooms/8room_030.map	512	512	268	404	226	331	99.1838
123	maps/rooms/8room_030.map	512	512	511	26	113	122	495.019
37	maps/rooms/8room_030.map	512	512	371	279	451	377	148.711
123	maps/rooms/8room_030.map	512	512	420	415	162	123	495.203
51	maps/rooms/8room_030.map	512	512	213	151	111	216	205.953
122	maps/rooms/8room_030.map	512	512	210	471	18	139	491.99
42	maps/rooms/8room_030.map	512	512	223	121	351	95	168.368
122	maps/rooms/8room_030.map	512	512	10	422	384	309	491.576
46	maps/rooms/8room_030.map	512	512	319	109	392	220	186.468
92	maps/rooms/8room_030.map	512	512	488	10	338	274	369.078
89	maps/rooms/8room_030.map	512	512	237	155	151	399	357.522
28	maps/rooms/8room_030.map	512	512	151	482	135	389	114.113
122	maps/rooms/8room_030.map	512	512	47	94	383	309	491.475
88	maps/rooms/8room_030.map	512	512	100	199	380	228	352.581
73	maps/rooms/8room_030.map	512	512	405	358	260	498	293.25
19	maps/rooms/8room_030.map	512	512	485	104	482	73	76.9706
43	maps/rooms/8room_030.map	512	512	377	451	483	383	174.267
18	maps/rooms/8room_030.map	512	512	456	429	452	382	74.4558
88	maps/rooms/8room_030.map	512	512	486	165	274	355	355.262
122	maps/rooms/8room_030.map	512	512	422	57	220	398	491.877
104	maps/rooms/8room_030.map	512	512	43	84	282	315	417.463
122	maps/rooms/8room_030.map	512	512	104	411	191	58	491.061
84	maps/rooms/8room_030.map	512	512	145	340	377	203	337.492
37	maps/rooms/8room_030.map	512	512	230	424	198	319	151.912
122	maps/rooms/8room_030.map	512	512	102	80	61	435	491.563
33	maps/rooms/8room_030.map	512	512	140	335	164	435	134.669
46	maps/rooms/8room_030.map	512	512	386	310	264	235	186.196
97	maps/rooms/8room_030.map	512	512	143	103	408	303	391.919
122	maps/rooms/8room_030.map	512	512	164	20	374	365	491.191
35	maps/rooms/8room_030.map	512	512	274	389	350	300	141.225
57	maps/rooms/8room_030.map	512	512	326	374	148	377	229.953
122	maps/rooms/8room_030.map	512	512	7	249	228	477	491.333
28	maps/rooms/8room_030.map	512	512	190	363	264	312	115.912
122	maps/rooms/8room_030.map	512	512	25	154	422	198	491.593
95	maps/rooms/8room_030.map	512	512	396	118	155	15	382.09
40	maps/rooms/8room_030.map	512	512	408	330	414	211	162.296
27	maps/rooms/8room_030.map	512	512	111	227	46	201	110.213
66	maps/rooms/8room_030.map	512	512	381	404	437	229	265.652
74	maps/rooms/8room_030.map	512	512	500	36	287	53	297.48
55	maps/rooms/8room_030.map	512	512	236	501	182	315	223.823
46	maps/rooms/8room_030.map	512	512	396	236	503	116	186.581
7	maps/rooms/8room_030.map	512	512	365	350	376	324	31.7279
27	maps/rooms/8room_030.map	512	512	136	116	131	35	110.669
121	maps/rooms/8room_030.map	512	512	117	438	475	453	487.576
76	maps/rooms/8room_030.map	512	512	207	242	383	134	307.037
121	maps/rooms/8room_030.map	512	512	63	510	391	338	487.262
81	maps/rooms/8room_030.map	512	512	210	294	55	103	326.309
121	maps/rooms/8room_030.map	512	512	376	413	90	207	487.747
121	maps/rooms/8room_030.map	512	512	72	412	390	176	487.446
99	maps/rooms/8room_030.map	512	512	21	159	334	55	399.877
84	maps/rooms/8room_030.map	512	512	322	265	407	18	339.22
121	maps/rooms/8room_030.map	512	512	28	218	314	431	487.718
96	maps/rooms/8room_030.map	512	512	357	205	461	490	384.907
94	maps/rooms/8room_030.map	512	512	86	424	319	242	376.421
121	maps/rooms/8room_030.map	512	512	462	357	158	121	487.688
121	maps/rooms/8room_030.map	512	512	5	343	343	235	486.617
12	maps/rooms/8room_030.map	512	512	178	182	220	196	50.6274
95	maps/rooms/8room_030.map	512	512	187	136	200	457	380.492
49	maps/rooms/8room_030.map	512	512	163	78	324	106	199.752
71	maps/rooms/8room_030.map	512	512	216	420	28	377	286.865
121	maps/rooms/8room_030.map	512	512	82	478	195	120	487.576
59	maps/rooms/8room_030.map	512	512	295	323	440	200	239.037
51	maps/rooms/8room_030.map	512	512	313	344	466	379	207.095
88	maps/rooms/8room_030.map	512	512	222	435	386	221	352.978
103	maps/rooms/8room_030.map	512	512	390	238	217	503	413.747
91	maps/rooms/8room_030.map	512	512	138	479	142	187	365.279
121	maps/rooms/8room_030.map	512	512	76	166	349	454	487.576
81	maps/rooms/8room_030.map	512	512	295	53	499	172	326.463
67	maps/rooms/8room_030.map	512	512	381	413	370	196	268.894
81	maps/rooms/8room_030.map	512	512	491	214	407	475	326.238
82	maps/rooms/8room_030.map	512	512	393	110	231	259	328.137
121	maps/rooms/8room_030.map	512	512	9	454	23	90	486.735
84	maps/rooms/8room_030.map	512	512	174	501	41	293	339.409
115	maps/rooms/8room_030.map	512	512	244	453	316	67	461.404
52	maps/rooms/8room_030.map	512	512	143	142	108	306	211.225
80	maps/rooms/8room_030.map	512	512	327	285	495	463	321.907
59	maps/rooms/8room_030.map	512	512	364	173	426	335	237.238
59	maps/rooms/8room_030.map	512	512	131	327	108	207	239.167
10	maps/rooms/8room_030.map	512	512	173	394	195	412	43.0711
78	maps/rooms/8room_030.map	512	512	38	357	276	294	314.522
120	maps/rooms/8room_030.map	512	512	122	467	260	90	483.534
120	maps/rooms/8room_030.map	512	512	95	243	322	393	483.09
63	maps/rooms/8room_030.map	512	512	294	372	109	367	252.066
99	maps/rooms/8room_030.map	512	512	239	114	167	456	399.622
29	maps/rooms/8room_030.map	512	512	127	500	79	483	116.113
78	maps/rooms/8room_030.map	512	512	187	262	330	54	313.208
120	maps/rooms/8room_030.map	512	512	40	131	333	393	483.676
107	maps/rooms/8room_030.map	512	512	343	41	15	148	428.747
120	maps/rooms/8room_030.map	512	512	163	452	335	90	483.12
119	maps/rooms/8room_030.map	512	512	236	488	30	184	476.333
101	maps/rooms/8room_030.map	512	512	436	135	294	443	407.22
68	maps/rooms/8room_030.map	512	512	124	267	26	262	272.681
95	maps/rooms/8room_030.map	512	512	56	469	307	309	383.635
118	maps/rooms/8room_030.map	512	512	510	207	166	82	474.505
116	maps/rooms/8room_030.map	512	512	11	375	351	349	464.09
120	maps/rooms/8room_030.map	512	512	74	396	348	158	483.262
58	maps/rooms/8room_030.map	512	512	373	459	230	328	235.338
25	maps/rooms/8room_030.map	512	512	266	183	212	125	101.456
81	maps/rooms/8room_030.map	512	512	323	69	245	318	325.108
99	maps/rooms/8room_030.map	512	512	405	287	99	296	397.149
120	maps/rooms/8room_030.map	512	512	501	348	165	126	483.789
120	maps/rooms/8room_030.map	512	512	95	30	466	35	483.505
109	maps/rooms/8room_030.map	512	512	168	184	74	478	436.676
14	maps/rooms/8room_030.map	512	512	428	36	404	71	57.3848
120	maps/rooms/8room_030.map	512	512	15	254	360	118	483.451
68	maps/rooms/8room_030.map	512	512	93	54	279	11	272.037
43	maps/rooms/8room_030.map	512	512	387	271	468	389	175.953
46	maps/rooms/8room_030.map	512	512	283	185	356	319	186.054
120	maps/rooms/8room_030.map	512	512	87	401	455	228	483.919
100	maps/rooms/8room_030.map	512	512	172	66	211	393	403.522
112	maps/rooms/8room_030.map	512	512	219	444	489	262	448.007
119	maps/rooms/8room_030.map	512	512	213	77	305	391	479.505
106	maps/rooms/8room_030.map	512	512	9	74	62	392	426.522
85	maps/rooms/8room_030.map	512	512	200	198	441	260	341.208
119	maps/rooms/8room_030.map	512	512	29	43	419	116	478.647
99	maps/rooms/8room_030.map	512	512	38	198	8	486	397.078
74	maps/rooms/8room_030.map	512	512	99	358	111	228	297.179
42	maps/rooms/8room_030.map	512	512	195	315	92	393	171.024
119	maps/rooms/8room_030.map	512	512	343	404	107	104	478.919
100	maps/rooms/8room_030.map	512	512	64	428	366	367	402.522
27	maps/rooms/8room_030.map	512	512	110	175	190	164	108.941
91	maps/rooms/8room_030.map	512	512	205	391	271	101	364.794
119	maps/rooms/8room_030.map	512	512	9	493	59	133	479.019
119	maps/rooms/8room_030.map	512	512	63	326	430	430	478.747
37	maps/rooms/8room_030.map	512	512	299	404	218	425	151.882
47	maps/rooms/8room_030.map	512	512	357	303	254	403	190.196
118	maps/rooms/8room_030.map	512	512	234	150	379	476	474.019
119	maps/rooms/8room_030.map	512	512	346	106	425	502	479.09
119	maps/rooms/8room_030.map	512	512	43	474	356	244	478.789
105	maps/rooms/8room_030.map	512	512	280	71	492	302	423.392
118	maps/rooms/8room_030.map	512	512	492	18	250	328	474.96
86	maps/rooms/8room_030.map	512	512	474	164	452	427	347.451
64	maps/rooms/8room_030.map	512	512	24	309	220	315	259.137
50	maps/rooms/8room_030.map	512	512	253	355	133	478	200.238
57	maps/rooms/8room_030.map	512	512	488	333	377	199	228.823
64	maps/rooms/8room_030.map	512	512	152	362	351	269	256.894
118	maps/rooms/8room_030.map	512	512	109	371	458	508	475.948
117	maps/rooms/8room_030.map	512	512	19	60	375	239	469.475
66	maps/rooms/8room_030.map	512	512	326	183	205	350	267.782
99	maps/rooms/8room_030.map	512	512	349	263	62	386	396.877
99	maps/rooms/8room_030.map	512	512	357	275	99	74	399.877
118	maps/rooms/8room_030.map	512	512	484	38	111	68	475.676
118	maps/rooms/8room_030.map	512	512	123	43	167	409	475.161
33	maps/rooms/8room_030.map	512	512	493	103	404	143	133.811
118	maps/rooms/8room_030.map	512	512	328	446	152	86	475.605
97	maps/rooms/8room_030.map	512	512	391	487	397	173	388.593
118	maps/rooms/8room_030.map	512	512	248	89	379	456	475.546
118	maps/rooms/8room_030.map	512	512	41	267	374	105	475.593
118	maps/rooms/8room_030.map	512	512	47	105	299	391	475.848
58	maps/rooms/8room_030.map	512	512	134	84	315	108	233.208
95	maps/rooms/8room_030.map	512	512	165	378	477	438	380.25
25	maps/rooms/8room_030.map	512	512	428	435	339	444	101.012
44	maps/rooms/8room_030.map	512	512	173	172	290	235	177.841
117	maps/rooms/8room_030.map	512	512	375	73	166	352	471.505
80	maps/rooms/8room_030.map	512	512	180	366	443	355	322.066
92	maps/rooms/8room_030.map	512	512	103	428	353	335	370.22
93	maps/rooms/8room_030.map	512	512	427	390	265	128	373.019
117	maps/rooms/8room_030.map	512	512	138	40	39	366	471.978
117	maps/rooms/8room_030.map	512	512	436	98	161	359	471.546
100	maps/rooms/8room_030.map	512	512	270	437	199	142	400.451
117	maps/rooms/8room_030.map	512	512	85	316	293	108	471.99
45	maps/rooms/8room_030.map	512	512	174	495	275	411	181.61
117	maps/rooms/8room_030.map	512	512	105	38	273	391	471.919
43	maps/rooms/8room_030.map	512	512	76	290	206	250	172.853
117	maps/rooms/8room_030.map	512	512	27	359	218	131	471.291
116	maps/rooms/8room_030.map	512	512	134	68	326	383	466.747
48	maps/rooms/8room_030.map	512	512	200	303	184	223	194.468
87	maps/rooms/8room_030.map	512	512	407	458	134	502	350.421
32	maps/rooms/8room_030.map	512	512	132	484	239	475	128.184
94	maps/rooms/8room_030.map	512	512	279	317	261	20	379.049
69	maps/rooms/8room_030.map	512	512	95	356	292	338	276.38
70	maps/rooms/8room_030.map	512	512	255	466	312	233	280.208
116	maps/rooms/8room_030.map	512	512	474	186	85	207	467.865
116	maps/rooms/8room_030.map	512	512	85	153	394	317	466.789
99	maps/rooms/8room_030.map	512	512	168	135	450	283	396.777
88	maps/rooms/8room_030.map	512	512	278	315	391	76	352.108
47	maps/rooms/8room_030.map	512	512	95	488	206	451	189.882
116	maps/rooms/8room_030.map	512	512	86	343	437	298	465.404
99	maps/rooms/8room_030.map	512	512	25	37	318	12	399.948
36	maps/rooms/8room_030.map	512	512	43	154	152	119	144.468
116	maps/rooms/8room_030.map	512	512	486	489	154	376	467.919
38	maps/rooms/8room_030.map	512	512	251	105	291	220	152.255
90	maps/rooms/8room_030.map	512	512	414	210	135	281	363.522
94	maps/rooms/8room_030.map	512	512	361	244	122	52	379.392
87	maps/rooms/8room_030.map	512	512	440	70	180	181	349.652
116	maps/rooms/8room_030.map	512	512	447	5	70	72	466.635
116	maps/rooms/8room_030.map	512	512	431	281	129	426	467.676
116	maps/rooms/8room_030.map	512	512	47	146	308	431	467.061
43	maps/rooms/8room_030.map	512	512	411	461	279	468	174.539
29	maps/rooms/8room_030.map	512	512	330	238	260	297	119.083
104	maps/rooms/8room_030.map	512	512	146	374	57	85	416.978
15	maps/rooms/8room_030.map	512	512	391	340	333	348	62.9706
52	maps/rooms/8room_030.map	512	512	126	361	7	364	209.338
37	maps/rooms/8room_030.map	512	512	78	483	29	376	151.154
75	maps/rooms/8room_030.map	512	512	60	258	53	3	301.823
109	maps/rooms/8room_030.map	512	512	453	221	185	459	438.132
56	maps/rooms/8room_030.map	512	512	302	228	436	361	225.652
113	maps/rooms/8room_030.map	512	512	109	412	438	430	454.262
115	maps/rooms/8room_030.map	512	512	27	100	191	435	463.534
115	maps/rooms/8room_030.map	512	512	312	7	425	381	463.149
103	maps/rooms/8room_030.map	512	512	186	394	80	104	413.907
75	maps/rooms/8room_030.map	512	512	461	60	351	287	300.38
115	maps/rooms/8room_030.map	512	512	87	244	294	26	460.848
115	maps/rooms/8room_030.map	512	512	477	93	340	464	463.262
90	maps/rooms/8room_030.map	512	512	434	10	199	184	362.622
45	maps/rooms/8room_030.map	512	512	409	20	291	116	180.024
50	maps/rooms/8room_030.map	512	512	332	478	404	349	203.409
87	maps/rooms/8room_030.map	512	512	324	213	105	380	348.007
30	maps/rooms/8room_030.map	512	512	265	381	333	448	123.083
75	maps/rooms/8room_030.map	512	512	204	395	434	469	303.38
115	maps/rooms/8room_030.map	512	512	466	317	135	114	463.889
34	maps/rooms/8room_030.map	512	512	3	10	26	110	137.326
98	maps/rooms/8room_030.map	512	512	183	69	453	217	395.321
38	maps/rooms/8room_030.map	512	512	74	187	117	108	152.468
63	maps/rooms/8room_030.map	512	512	165	212	91	75	252.137
115	maps/rooms/8room_030.map	512	512	459	362	171	132	462.718
82	maps/rooms/8room_030.map	512	512	25	94	213	271	329.451
67	maps/rooms/8room_030.map	512	512	33	282	54	93	270.853
115	maps/rooms/8room_030.map	512	512	500	61	229	311	463.576
114	maps/rooms/8room_030.map	512	512	218	88	37	359	459.321
114	maps/rooms/8room_030.map	512	512	341	490	410	107	458.777
97	maps/rooms/8room_030.map	512	512	265	422	229	107	389.551
23	maps/rooms/8room_030.map	512	512	242	487	179	457	94.3553
98	maps/rooms/8room_030.map	512	512	203	393	121	121	395.664
114	maps/rooms/8room_030.map	512	512	134	78	437	295	459.889
79	maps/rooms/8room_030.map	512	512	158	446	351	276	316.38
108	maps/rooms/8room_030.map	512	512	380	386	38	396	432.735
114	maps/rooms/8room_030.map	512	512	456	101	220	402	459.818
114	maps/rooms/8room_030.map	512	512	231	52	162	445	459.321
114	maps/rooms/8room_030.map	512	512	319	15	68	255	459.09
86	maps/rooms/8room_030.map	512	512	238	356	479	262	346.078
112	maps/rooms/8room_030.map	512	512	126	22	252	378	449.362
11	maps/rooms/8room_030.map	512	512	233	471	202	450	46.8701
43	maps/rooms/8room_030.map	512	512	329	354	282	302	175.125
50	maps/rooms/8room_030.map	512	512	215	166	210	21	203.681
113	maps/rooms/8room_030.map	512	512	191	92	111	444	455.463
71	maps/rooms/8room_030.map	512	512	261	36	102	143	285.179
55	maps/rooms/8room_030.map	512	512	248	88	386	2	223.681
105	maps/rooms/8room_030.map	512	512	192	365	507	479	420.948
32	maps/rooms/8room_030.map	512	512	327	244	250	201	131.154
74	maps/rooms/8room_030.map	512	512	214	85	315	299	298.522
63	maps/rooms/8room_030.map	512	512	381	243	220	117	253.995
71	maps/rooms/8room_030.map	512	512	443	57	283	185	285.137
52	maps/rooms/8room_030.map	512	512	247	472	233	294	211.439
11	maps/rooms/8room_030.map	512	512	194	43	215	73	45.8701
113	maps/rooms/8room_030.map	512	512	434	451	82	337	455.262
72	maps/rooms/8room_030.map	512	512	314	251	427	63	291.551
30	maps/rooms/8room_030.map	512	512	179	366	271	409	123.811
113	maps/rooms/8room_030.map	512	512	46	429	171	147	454.664
29	maps/rooms/8room_030.map	512	512	205	21	275	20	118.64
98	maps/rooms/8room_030.map	512	512	404	163	195	9	394.806
33	maps/rooms/8room_030.map	512	512	180	10	83	56	132.397
63	maps/rooms/8room_030.map	512	512	123	66	220	250	255.894
38	maps/rooms/8room_030.map	512	512	202	218	236	133	155.184
101	maps/rooms/8room_030.map	512	512	99	333	405	429	404.735
94	maps/rooms/8room_030.map	512	512	121	217	90	461	378.706
103	maps/rooms/8room_030.map	512	512	258	66	280	418	414.877
113	maps/rooms/8room_030.map	512	512	59	90	57	448	455.421
43	maps/rooms/8room_030.map	512	512	348	239	312	122	173.225
96	maps/rooms/8room_030.map	512	512	43	196	297	50	386.149
113	maps/rooms/8room_030.map	512	512	437	363	88	323	455.576
86	maps/rooms/8room_030.map	512	512	457	346	501	133	345.978
90	maps/rooms/8room_030.map	512	512	308	195	21	201	361.409
72	maps/rooms/8room_030.map	512	512	376	219	355	458	291.037
91	maps/rooms/8room_030.map	512	512	0	468	66	215	367.007
59	maps/rooms/8room_030.map	512	512	239	269	360	381	236.581
113	maps/rooms/8room_030.map	512	512	487	119	300	470	455.688
87	maps/rooms/8room_030.map	512	512	3	98	3	334	349.279
55	maps/rooms/8room_030.map	512	512	343	251	185	338	222.681
70	maps/rooms/8room_030.map	512	512	350	285	172	429	282.066
56	maps/rooms/8room_030.map	512	512	93	414	232	350	226.238
112	maps/rooms/8room_030.map	512	512	470	472	138	449	451.291
101	maps/rooms/8room_030.map	512	512	403	472	349	141	404.563
112	maps/rooms/8room_030.map	512	512	366	424	151	123	451.848
44	maps/rooms/8room_030.map	512	512	213	287	316	324	177.012
87	maps/rooms/8room_030.map	512	512	19	426	222	259	348.836
107	maps/rooms/8room_030.map	512	512	297	458	39	317	428.99
55	maps/rooms/8room_030.map	512	512	328	263	371	107	223.167
100	maps/rooms/8room_030.map	512	512	458	322	163	166	402.362
57	maps/rooms/8room_030.map	512	512	391	35	421	217	231.823
34	maps/rooms/8room_030.map	512	512	214	182	188	78	139.74
112	maps/rooms/8room_030.map	512	512	181	412	478	188	451.375
67	maps/rooms/8room_030.map	512	512	188	490	269	278	271.894
14	maps/rooms/8room_030.map	512	512	422	195	444	151	57.2132
112	maps/rooms/8room_030.map	512	512	443	106	90	207	451.865
105	maps/rooms/8room_030.map	512	512	173	102	457	15	420.22
112	maps/rooms/8room_030.map	512	512	493	439	460	110	451.848
56	maps/rooms/8room_030.map	512	512	300	150	210	61	224.823
91	maps/rooms/8room_030.map	512	512	266	216	494	398	366.291
52	maps/rooms/8room_030.map	512	512	199	211	202	61	211.61
112	maps/rooms/8room_030.map	512	512	57	319	361	491	451.889
81	maps/rooms/8room_030.map	512	512	445	308	270	123	327.848
61	maps/rooms/8room_030.map	512	512	130	231	276	265	247.439
112	maps/rooms/8room_030.map	512	512	489	429	280	127	451.718
83	maps/rooms/8room_030.map	512	512	163	276	66	40	332.48
111	maps/rooms/8room_030.map	512	512	250	118	452	423	446.848
103	maps/rooms/8room_030.map	512	512	418	105	405	456	415.321
78	maps/rooms/8room_030.map	512	512	243	221	372	18	312.208
111	maps/rooms/8room_030.map	512	512	442	168	89	88	447.333
28	maps/rooms/8room_030.map	512	512	213	346	228	415	114.77
72	maps/rooms/8room_030.map	512	512	143	431	320	275	290.48
53	maps/rooms/8room_030.map	512	512	367	282	418	446	212.095
55	maps/rooms/8room_030.map	512	512	77	508	125	359	221.51
111	maps/rooms/8room_030.map	512	512	508	245	211	416	447.179
85	maps/rooms/8room_030.map	512	512	394	492	341	212	343.551
83	maps/rooms/8room_030.map	512	512	350	202	291	455	332.936
74	maps/rooms/8room_030.map	512	512	490	66	424	299	298.037
111	maps/rooms/8room_030.map	512	512	108	53	255	396	446.978
102	maps/rooms/8room_030.map	512	512	26	56	254	296	409.948
111	maps/rooms/8room_030.map	512	512	418	334	89	460	447.978
86	maps/rooms/8room_030.map	512	512	493	434	293	330	344.693
74	maps/rooms/8room_030.map	512	512	123	275	121	453	299.522
111	maps/rooms/8room_030.map	512	512	43	470	331	256	447.889
111	maps/rooms/8room_030.map	512	512	118	109	340	395	447.362
105	maps/rooms/8room_030.map	512	512	109	398	26	125	421.321
64	maps/rooms/8room_030.map	512	512	458	398	275	455	259.095
34	maps/rooms/8room_030.map	512	512	174	390	243	317	138.912
5	maps/rooms/8room_030.map	512	512	260	164	280	169	22.8995
110	maps/rooms/8room_030.map	512	512	424	88	229	386	440.404
111	maps/rooms/8room_030.map	512	512	89	85	303	387	447.161
86	maps/rooms/8room_030.map	512	512	194	350	277	69	346.208
111	maps/rooms/8room_030.map	512	512	307	367	31	297	447.22
41	maps/rooms/8room_030.map	512	512	276	283	280	415	164.569
74	maps/rooms/8room_030.map	512	512	442	199	359	420	297.037
73	maps/rooms/8room_030.map	512	512	505	389	284	339	293.794
91	maps/rooms/8room_030.map	512	512	78	156	259	22	367.735
111	maps/rooms/8room_030.map	512	512	441	473	100	347	447.434
41	maps/rooms/8room_030.map	512	512	189	337	277	429	165.196
37	maps/rooms/8room_030.map	512	512	184	412	108	430	148.569
110	maps/rooms/8room_030.map	512	512	90	43	162	358	443.676
110	maps/rooms/8room_030.map	512	512	379	103	155	371	443.22
77	maps/rooms/8room_030.map	512	512	213	99	78	265	311.409
72	maps/rooms/8room_030.map	512	512	322	137	179	266	290.267
64	maps/rooms/8room_030.map	512	512	478	162	267	186	257.853
43	maps/rooms/8room_030.map	512	512	120	254	21	221	175.397
97	maps/rooms/8room_030.map	512	512	435	414	323	109	389.593
88	maps/rooms/8room_030.map	512	512	107	18	226	278	354.664
78	maps/rooms/8room_030.map	512	512	51	104	308	102	315.167
94	maps/rooms/8room_030.map	512	512	131	123	180	406	378.593
110	maps/rooms/8room_030.map	512	512	475	175	118	109	443.291
110	maps/rooms/8room_030.map	512	512	340	472	100	197	443.676
97	maps/rooms/8room_030.map	512	512	269	374	303	44	390.635
62	maps/rooms/8room_030.map	512	512	277	486	338	347	249.622
110	maps/rooms/8room_030.map	512	512	332	100	162	421	443.392
89	maps/rooms/8room_030.map	512	512	314	230	50	72	358.877
12	maps/rooms/8room_030.map	512	512	282	258	270	236	50.5269
56	maps/rooms/8room_030.map	512	512	230	457	350	391	224.368
48	maps/rooms/8room_030.map	512	512	509	390	435	510	193.296
104	maps/rooms/8room_030.map	512	512	240	108	198	452	416.007
40	maps/rooms/8room_030.map	512	512	488	216	390	293	163.024
105	maps/rooms/8room_030.map	512	512	220	394	438	124	421.262
98	maps/rooms/8room_030.map	512	512	47	19	164	319	394.179
65	maps/rooms/8room_030.map	512	512	117	67	284	5	260.179
42	maps/rooms/8room_030.map	512	512	439	88	393	220	169.539
12	maps/rooms/8room_030.map	512	512	94	248	54	243	48.2132
73	maps/rooms/8room_030.map	512	512	222	317	140	90	292.137
110	maps/rooms/8room_030.map	512	512	418	134	90	207	443.35
78	maps/rooms/8room_030.map	512	512	253	42	408	179	313.622
71	maps/rooms/8room_030.map	512	512	70	142	313	107	287.924
84	maps/rooms/8room_030.map	512	512	406	179	155	141	339.25
14	maps/rooms/8room_030.map	512	512	440	377	407	372	57.9411
61	maps/rooms/8room_030.map	512	512	259	250	212	436	245.066
42	maps/rooms/8room_030.map	512	512	121	435	126	323	170.882
50	maps/rooms/8room_030.map	512	512	360	261	275	127	200.48
110	maps/rooms/8room_030.map	512	512	108	421	347	167	443.049
35	maps/rooms/8room_030.map	512	512	499	283	410	301	141.184
73	maps/rooms/8room_030.map	512	512	203	307	20	172	294.066
42	maps/rooms/8room_030.map	512	512	367	392	247	349	171.811
105	maps/rooms/8room_030.map	512	512	324	78	180	394	420.593
110	maps/rooms/8room_030.map	512	512	265	484	454	156	443.032
47	maps/rooms/8room_030.map	512	512	405	61	301	105	191.539
90	maps/rooms/8room_030.map	512	512	71	213	293	376	360.865
77	maps/rooms/8room_030.map	512	512	357	5	494	203	309.108
110	maps/rooms/8room_030.map	512	512	393	62	190	324	443.049
27	maps/rooms/8room_030.map	512	512	325	313	389	381	111.497
57	maps/rooms/8room_030.map	512	512	41	191	157	313	228.61
78	maps/rooms/8room_030.map	512	512	386	440	501	234	313.108
57	maps/rooms/8room_030.map	512	512	386	264	328	452	231.924
86	maps/rooms/8room_030.map	512	512	325	415	68	348	344.451
96	maps/rooms/8room_030.map	512	512	335	137	209	419	386.936
42	maps/rooms/8room_030.map	512	512	233	77	291	186	170.924
109	maps/rooms/8room_030.map	512	512	415	24	204	306	439.877
80	maps/rooms/8room_030.map	512	512	245	325	39	470	323.635
64	maps/rooms/8room_030.map	512	512	28	85	243	103	257.652
109	maps/rooms/8room_030.map	512	512	474	399	134	456	438.806
90	maps/rooms/8room_030.map	512	512	333	281	155	47	360.492
109	maps/rooms/8room_030.map	512	512	113	251	445	125	439.706
107	maps/rooms/8room_030.map	512	512	22	490	298	285	430.161
79	maps/rooms/8room_030.map	512	512	87	155	10	314	318.451
109	maps/rooms/8room_030.map	512	512	25	115	320	298	439.563
109	maps/rooms/8room_030.map	512	512	338	12	175	328	439.877
74	maps/rooms/8room_030.map	512	512	463	284	470	41	296.309
89	maps/rooms/8room_030.map	512	512	21	390	186	277	358.149
69	maps/rooms/8room_030.map	512	512	493	182	253	188	279.439
109	maps/rooms/8room_030.map	512	512	471	375	450	18	439.463
108	maps/rooms/8room_030.map	512	512	461	456	218	265	435.563
69	maps/rooms/8room_030.map	512	512	303	216	446	398	276.037
90	maps/rooms/8room_030.map	512	512	83	502	239	268	362.836
104	maps/rooms/8room_030.map	512	512	266	52	472	299	418.99
108	maps/rooms/8room_030.map	512	512	15	205	259	398	435.534
108	maps/rooms/8room_030.map	512	512	489	22	280	319	435.404
108	maps/rooms/8room_030.map	512	512	188	39	252	391	435.664
17	maps/rooms/8room_030.map	512	512	30	260	74	274	68.7279
86	maps/rooms/8room_030.map	512	512	73	74	323	15	346.421
41	maps/rooms/8room_030.map	512	512	158	307	216	413	167.054
28	maps/rooms/8room_030.map	512	512	203	247	279	187	113.74
78	maps/rooms/8room_030.map	512	512	204	229	62	318	315.25
26	maps/rooms/8room_030.map	512	512	153	83	93	20	107.912
64	maps/rooms/8room_030.map	512	512	412	206	243	105	259.865
62	maps/rooms/8room_030.map	512	512	101	119	187	264	248.723
66	maps/rooms/8room_030.map	512	512	422	10	239	70	264.581
108	maps/rooms/8room_030.map	512	512	126	469	185	138	434.777
69	maps/rooms/8room_030.map	512	512	386	330	216	227	277.024
108	maps/rooms/8room_030.map	512	512	184	13	283	351	435.392
26	maps/rooms/8room_030.map	512	512	287	431	218	381	105.225
106	maps/rooms/8room_030.map	512	512	483	319	168	218	424.978
106	maps/rooms/8room_030.map	512	512	67	191	252	454	424.635
82	maps/rooms/8room_030.map	512	512	377	214	143	359	330.421
108	maps/rooms/8room_030.map	512	512	448	374	123	456	435.049
80	maps/rooms/8room_030.map	512	512	315	350	84	287	322.894
106	maps/rooms/8room_030.map	512	512	234	474	101	168	427.735
108	maps/rooms/8room_030.map	512	512	25	486	307	281	434.99
47	maps/rooms/8room_030.map	512	512	138	104	50	190	189.681
68	maps/rooms/8room_030.map	512	512	279	295	281	55	273.823
13	maps/rooms/8room_030.map	512	512	84	318	35	311	55.3137
24	maps/rooms/8room_030.map	512	512	379	379	453	412	96.3553
107	maps/rooms/8room_030.map	512	512	4	475	340	390	431.978
107	maps/rooms/8room_030.map	512	512	169	42	124	310	430.948
15	maps/rooms/8room_030.map	512	512	380	280	396	293	61.8701
107	maps/rooms/8room_030.map	512	512	6	163	347	55	431.676
107	maps/rooms/8room_030.map	512	512	440	273	136	199	431.463
107	maps/rooms/8room_030.map	512	512	408	140	344	447	431.291
42	maps/rooms/8room_030.map	512	512	75	328	79	463	169.326
87	maps/rooms/8room_030.map	512	512	87	402	313	355	348.279
76	maps/rooms/8room_030.map	512	512	262	130	42	189	307.953
107	maps/rooms/8room_030.map	512	512	85	357	419	247	431.706
106	maps/rooms/8room_030.map	512	512	382	324	121	94	427.777
33	maps/rooms/8room_030.map	512	512	110	281	195	329	133.912
14	maps/rooms/8room_030.map	512	512	40	383	57	427	59.3848
106	maps/rooms/8room_030.map	512	512	10	226	324	98	427.38
105	maps/rooms/8room_030.map	512	512	259	475	82	209	423.191
29	maps/rooms/8room_030.map	512	512	364	5	407	91	119.225
51	maps/rooms/8room_030.map	512	512	458	426	291	438	205.711
51	maps/rooms/8room_030.map	512	512	197	218	149	46	207.196
67	maps/rooms/8room_030.map	512	512	493	101	294	195	268.48
59	maps/rooms/8room_030.map	512	512	474	393	292	379	236.368
56	maps/rooms/8room_030.map	512	512	234	348	85	374	226.48
105	maps/rooms/8room_030.map	512	512	127	325	297	91	423.948
61	maps/rooms/8room_030.map	512	512	229	376	219	164	244.953
60	maps/rooms/8room_030.map	512	512	309	351	237	213	242.652
62	maps/rooms/8room_030.map	512	512	121	84	292	196	251.167
105	maps/rooms/8room_030.map	512	512	501	11	210	171	423.149
104	maps/rooms/8room_030.map	512	512	90	178	347	381	419.463
100	maps/rooms/8room_030.map	512	512	181	426	494	394	402.279
104	maps/rooms/8room_030.map	512	512	411	71	202	319	419.936
104	maps/rooms/8room_030.map	512	512	85	492	389	443	419.593
86	maps/rooms/8room_030.map	512	512	324	314	378	75	346.907
40	maps/rooms/8room_030.map	512	512	347	88	425	20	161.397
88	maps/rooms/8room_030.map	512	512	284	398	88	222	353.563
103	maps/rooms/8room_030.map	512	512	76	84	246	376	415.22
103	maps/rooms/8room_030.map	512	512	169	503	402	262	415.605
24	maps/rooms/8room_030.map	512	512	205	397	273	407	99.7401
103	maps/rooms/8room_030.map	512	512	57	107	363	258	414.605
103	maps/rooms/8room_030.map	512	512	2	359	295	295	414.605
102	maps/rooms/8room_030.map	512	512	281	431	282	70	411.664
64	maps/rooms/8room_030.map	512	512	327	308	173	441	259.995
102	maps/rooms/8room_030.map	512	512	484	292	261	431	411.279
66	maps/rooms/8room_030.map	512	512	213	326	367	484	266.309
70	maps/rooms/8room_030.map	512	512	126	373	194	205	280.208
102	maps/rooms/8room_030.map	512	512	50	83	181	386	410.836
102	maps/rooms/8room_030.map	512	512	37	472	310	344	411.09
85	maps/rooms/8room_030.map	512	512	250	246	431	393	343.723
102	maps/rooms/8room_030.map	512	512	446	414	212	170	411.605
11	maps/rooms/8room_030.map	512	512	243	302	215	333	47.2843
36	maps/rooms/8room_030.map	512	512	75	302	183	301	144.882
102	maps/rooms/8room_030.map	512	512	5	24	185	306	411.078
90	maps/rooms/8room_030.map	512	512	78	280	248	293	360.179
102	maps/rooms/8room_030.map	512	512	92	147	193	393	411.635
95	maps/rooms/8room_030.map	512	512	51	146	135	387	383.735
101	maps/rooms/8room_030.map	512	512	446	430	108	501	407.392
101	maps/rooms/8room_030.map	512	512	378	431	362	98	407.191
101	maps/rooms/8room_030.map	512	512	86	507	177	230	407.362
47	maps/rooms/8room_030.map	512	512	129	198	263	212	190.426
64	maps/rooms/8room_030.map	512	512	241	416	418	319	259.095
101	maps/rooms/8room_030.map	512	512	14	204	280	72	406.777
101	maps/rooms/8room_030.map	512	512	31	409	347	485	407.22
74	maps/rooms/8room_030.map	512	512	47	381	42	164	296.752
79	maps/rooms/8room_030.map	512	512	143	244	322	141	319.238
61	maps/rooms/8room_030.map	512	512	469	474	410	283	246.61
60	maps/rooms/8room_030.map	512	512	475	72	275	34	243.681
101	maps/rooms/8room_030.map	512	512	151	419	425	235	407.321
63	maps/rooms/8room_030.map	512	512	238	44	70	95	255.451
79	maps/rooms/8room_030.map	512	512	212	4	325	185	316.995
51	maps/rooms/8room_030.map	512	512	452	58	483	189	207.64
93	maps/rooms/8room_030.map	512	512	247	212	333	489	373.593
90	maps/rooms/8room_030.map	512	512	107	203	382	101	363.995
65	maps/rooms/8room_030.map	512	512	249	312	447	205	261.894
101	maps/rooms/8room_030.map	512	512	231	13	287	313	407.706
100	maps/rooms/8room_030.map	512	512	26	457	166	228	403.534
45	maps/rooms/8room_030.map	512	512	300	201	206	217	180.811
93	maps/rooms/8room_030.map	512	512	346	379	44	354	375.35
98	maps/rooms/8room_030.map	512	512	413	493	287	184	394.907
98	maps/rooms/8room_030.map	512	512	157	354	22	110	395.291
98	maps/rooms/8room_030.map	512	512	455	207	211	418	394.848
49	maps/rooms/8room_030.map	512	512	236	8	383	49	197.296
72	maps/rooms/8room_030.map	512	512	379	233	166	252	291.966
98	maps/rooms/8room_030.map	512	512	75	442	67	150	394.593
98	maps/rooms/8room_030.map	512	512	12	158	280	299	395.492
54	maps/rooms/8room_030.map	512	512	217	268	167	110	219.238
97	maps/rooms/8room_030.map	512	512	11	212	245	368	391.563
97	maps/rooms/8room_030.map	512	512	198	62	246	378	391.522
96	maps/rooms/8room_030.map	512	512	66	359	243	159	387.492
48	maps/rooms/8room_030.map	512	512	455	226	394	75	192.125
90	maps/rooms/8room_030.map	512	512	186	142	299	426	360.764
96	maps/rooms/8room_030.map	512	512	101	495	331	263	387.019
96	maps/rooms/8room_030.map	512	512	474	268	179	136	387.978
83	maps/rooms/8room_030.map	512	512	389	68	357	335	332.279
63	maps/rooms/8room_030.map	512	512	484	248	362	411	253.309
60	maps/rooms/8room_030.map	512	512	404	459	332	276	242.48
96	maps/rooms/8room_030.map	512	512	27	15	291	199	387.806
33	maps/rooms/8room_030.map	512	512	334	266	266	181	132.74
6	maps/rooms/8room_030.map	512	512	62	472	68	457	24.5563
96	maps/rooms/8room_030.map	512	512	214	55	284	335	387.664
73	maps/rooms/8room_030.map	512	512	98	281	277	228	292.652
67	maps/rooms/8room_030.map	512	512	134	186	311	265	268.711
96	maps/rooms/8room_030.map	512	512	70	276	283	335	387.078
96	maps/rooms/8room_030.map	512	512	171	419	200	96	387.764
78	maps/rooms/8room_030.map	512	512	459	413	334	198	314.451
49	maps/rooms/8room_030.map	512	512	313	357	421	475	196.51
95	maps/rooms/8room_030.map	512	512	482	87	252	309	383.948
52	maps/rooms/8room_030.map	512	512	301	220	163	114	211.338
95	maps/rooms/8room_030.map	512	512	74	12	374	105	383.291
60	maps/rooms/8room_030.map	512	512	393	429	206	469	242.882
80	maps/rooms/8room_030.map	512	512	504	212	438	468	323.723
94	maps/rooms/8room_030.map	512	512	226	139	392	394	379.593
47	maps/rooms/8room_030.map	512	512	475	389	377	477	188.024
93	maps/rooms/8room_030.map	512	512	204	390	287	99	373.806
41	maps/rooms/8room_030.map	512	512	154	326	231	443	167.882
57	maps/rooms/8room_030.map	512	512	503	196	345	157	231.024
94	maps/rooms/8room_030.map	512	512	439	29	280	271	379.35
25	maps/rooms/8room_030.map	512	512	251	458	318	406	100.74
92	maps/rooms/8room_030.map	512	512	178	91	215	363	369.693
33	maps/rooms/8room_030.map	512	512	119	327	201	360	135.953
94	maps/rooms/8room_030.map	512	512	127	245	26	440	378.777
93	maps/rooms/8room_030.map	512	512	269	47	195	315	375.179
93	maps/rooms/8room_030.map	512	512	103	56	331	258	375.563
93	maps/rooms/8room_030.map	512	512	218	421	290	120	374.907
93	maps/rooms/8room_030.map	512	512	220	19	322	267	374.735
92	maps/rooms/8room_030.map	512	512	319	418	248	124	371.007
30	maps/rooms/8room_030.map	512	512	115	86	59	157	121.627
26	maps/rooms/8room_030.map	512	512	440	254	358	294	107.598
73	maps/rooms/8room_030.map	512	512	393	225	348	474	293.38
92	maps/rooms/8room_030.map	512	512	151	120	455	64	371.137
92	maps/rooms/8room_030.map	512	512	206	67	182	344	371.492
85	maps/rooms/8room_030.map	512	512	262	378	309	107	340.836
70	maps/rooms/8room_030.map	512	512	34	2	230	95	282.622
65	maps/rooms/8room_030.map	512	512	394	458	486	324	260.794
46	maps/rooms/8room_030.map	512	512	195	171	319	91	187.255
92	maps/rooms/8room_030.map	512	512	301	26	440	272	370.605
92	maps/rooms/8room_030.map	512	512	186	173	390	383	371.279
92	maps/rooms/8room_030.map	512	512	371	366	178	136	371.593
53	maps/rooms/8room_030.map	512	512	319	133	239	229	214.225
79	maps/rooms/8room_030.map	512	512	258	201	504	275	318.794
91	maps/rooms/8room_030.map	512	512	341	394	161	154	367.563
74	maps/rooms/8room_030.map	512	512	245	308	111	106	297.966
91	maps/rooms/8room_030.map	512	512	7	399	293	476	367.007
91	maps/rooms/8room_030.map	512	512	379	441	214	191	367.25
34	maps/rooms/8room_030.map	512	512	116	118	21	111	136.225
48	maps/rooms/8room_030.map	512	512	372	155	507	183	192.196
79	maps/rooms/8room_030.map	512	512	188	279	348	396	318.279
91	maps/rooms/8room_030.map	512	512	362	207	66	174	367.409
88	maps/rooms/8room_030.map	512	512	298	247	52	226	352.924
69	maps/rooms/8room_030.map	512	512	310	281	83	274	277.581
63	maps/rooms/8room_030.map	512	512	250	346	295	157	253.137
91	maps/rooms/8room_030.map	512	512	509	386	232	284	367.149
29	maps/rooms/8room_030.map	512	512	166	410	99	478	118.598
16	maps/rooms/8room_030.map	512	512	235	117	250	74	66.6274
50	maps/rooms/8room_030.map	512	512	407	180	484	292	202.782
89	maps/rooms/8room_030.map	512	512	427	259	154	388	359.037
89	maps/rooms/8room_030.map	512	512	138	473	237	181	359.208
21	maps/rooms/8room_030.map	512	512	356	178	398	187	87.2843
69	maps/rooms/8room_030.map	512	512	441	235	346	77	277.652
53	maps/rooms/8room_030.map	512	512	301	261	440	196	214.853
88	maps/rooms/8room_030.map	512	512	300	79	277	359	354.907
48	maps/rooms/8room_030.map	512	512	179	35	35	27	195.296
11	maps/rooms/8room_030.map	512	512	172	251	153	287	47.3848
45	maps/rooms/8room_030.map	512	512	67	154	86	281	180.083
75	maps/rooms/8room_030.map	512	512	199	41	317	235	301.764
87	maps/rooms/8room_030.map	512	512	57	393	312	431	351.049
87	maps/rooms/8room_030.map	512	512	478	57	442	349	351.38
87	maps/rooms/8room_030.map	512	512	363	340	119	458	351.037
85	maps/rooms/8room_030.map	512	512	85	247	143	456	343.451
85	maps/rooms/8room_030.map	512	512	451	379	328	132	343.179
85	maps/rooms/8room_030.map	512	512	439	180	184	328	343.978
84	maps/rooms/8room_030.map	512	512	380	418	143	268	339.25
80	maps/rooms/8room_030.map	512	512	404	191	298	12	320.421
15	maps/rooms/8room_030.map	512	512	441	299	413	327	60.2843
84	maps/rooms/8room_030.map	512	512	502	94	500	333	339.108
84	maps/rooms/8room_030.map	512	512	267	166	435	402	339.22
84	maps/rooms/8room_030.map	512	512	366	375	204	167	339.622
57	maps/rooms/8room_030.map	512	512	170	10	340	45	229.024
42	maps/rooms/8room_030.map	512	512	447	311	382	430	171.095
56	maps/rooms/8room_030.map	512	512	463	387	291	362	225.267
62	maps/rooms/8room_030.map	512	512	195	318	278	138	248.782
24	maps/rooms/8room_030.map	512	512	9	146	69	121	96.4975
37	maps/rooms/8room_030.map	512	512	102	114	49	186	150.782
84	maps/rooms/8room_030.map	512	512	450	195	190	324	339.451
83	maps/rooms/8room_030.map	512	512	234	84	359	330	335.735
50	maps/rooms/8room_030.map	512	512	115	411	50	488	201.48
72	maps/rooms/8room_030.map	512	512	50	302	66	276	289.238
83	maps/rooms/8room_030.map	512	512	124	205	402	201	335.924
83	maps/rooms/8room_030.map	512	512	422	138	216	315	335.836
83	maps/rooms/8room_030.map	512	512	157	21	307	247	335.622
83	maps/rooms/8room_030.map	512	512	253	415	191	124	335.652
83	maps/rooms/8room_030.map	512	512	56	434	278	285	335.794
73	maps/rooms/8room_030.map	512	512	167	392	79	215	294.137
83	maps/rooms/8room_030.map	512	512	501	351	237	308	335.794
72	maps/rooms/8room_030.map	512	512	207	427	250	198	289.924
50	maps/rooms/8room_030.map	512	512	367	382	249	496	203.723
67	maps/rooms/8room_030.map	512	512	281	201	393	27	268.451
82	maps/rooms/8room_030.map	512	512	109	319	324	333	330.622
82	maps/rooms/8room_030.map	512	512	468	313	218	257	331.966
36	maps/rooms/8room_030.map	512	512	325	41	422	2	145.74
73	maps/rooms/8room_030.map	512	512	63	489	249	396	294.037
82	maps/rooms/8room_030.map	512	512	373	158	387	400	331.179
82	maps/rooms/8room_030.map	512	512	51	164	277	300	331.622
18	maps/rooms/8room_030.map	512	512	326	221	335	276	72.0416
70	maps/rooms/8room_030.map	512	512	119	277	318	183	282.279
82	maps/rooms/8room_030.map	512	512	166	213	416	162	331.693
77	maps/rooms/8room_030.map	512	512	98	340	251	197	308.836
80	maps/rooms/8room_030.map	512	512	333	503	362	227	323.108
79	maps/rooms/8room_030.map	512	512	38	164	56	399	319.167
79	maps/rooms/8room_030.map	512	512	510	444	496	204	319.907
79	maps/rooms/8room_030.map	512	512	329	42	380	309	319.924
77	maps/rooms/8room_030.map	512	512	356	6	225	172	311.208
77	maps/rooms/8room_030.map	512	512	40	253	203	314	311.279
77	maps/rooms/8room_030.map	512	512	49	239	253	97	311.622
77	maps/rooms/8room_030.map	512	512	134	499	129	264	311.865
71	maps/rooms/8room_030.map	512	512	207	507	388	397	284.865
53	maps/rooms/8room_030.map	512	512	270	249	147	123	214.681
77	maps/rooms/8room_030.map	512	512	71	398	278	275	311.865
47	maps/rooms/8room_030.map	512	512	99	341	18	471	190.196
60	maps/rooms/8room_030.map	512	512	7	84	152	163	243.823
76	maps/rooms/8room_030.map	512	512	500	358	415	114	307.836
76	maps/rooms/8room_030.map	512	512	119	132	204	303	307.622
76	maps/rooms/8room_030.map	512	512	202	88	357	274	307.208
76	maps/rooms/8room_030.map	512	512	498	253	331	420	304.794
75	maps/rooms/8room_030.map	512	512	215	67	315	218	303.836
75	maps/rooms/8room_030.map	512	512	136	102	378	199	303.35
75	maps/rooms/8room_030.map	512	512	423	438	232	283	303.764
75	maps/rooms/8room_030.map	512	512	492	462	351	264	303.492
75	maps/rooms/8room_030.map	512	512	77	408	34	199	303.238
69	maps/rooms/8room_030.map	512	512	293	75	69	139	279.037
44	maps/rooms/8room_030.map	512	512	220	262	270	403	177.569
74	maps/rooms/8room_030.map	512	512	137	47	62	251	299.309
62	maps/rooms/8room_030.map	512	512	171	282	213	146	250.752
73	maps/rooms/8room_030.map	512	512	490	309	253	383	295.167
73	maps/rooms/8room_030.map	512	512	75	427	282	364	295.38
42	maps/rooms/8room_030.map	512	512	383	274	458	154	168.924
72	maps/rooms/8room_030.map	512	512	258	503	299	270	290.794
71	maps/rooms/8room_030.map	512	512	36	466	214	361	285.108
72	maps/rooms/8room_030.map	512	512	447	99	248	202	291.238
70	maps/rooms/8room_030.map	512	512	229	430	300	218	283.752
35	maps/rooms/8room_030.map	512	512	121	126	155	200	141.154
38	maps/rooms/8room_030.map	512	512	258	307	140	357	153.397
20	maps/rooms/8room_030.map	512	512	50	23	67	77	83.9117
70	maps/rooms/8room_030.map	512	512	58	267	71	440	283.196
70	maps/rooms/8room_030.map	512	512	166	86	227	306	283.551
70	maps/rooms/8room_030.map	512	512	72	319	294	300	283.894
69	maps/rooms/8room_030.map	512	512	479	153	290	299	279.836
48	maps/rooms/8room_030.map	512	512	262	493	174	366	193.995
69	maps/rooms/8room_030.map	512	512	286	242	138	413	279.995
68	maps/rooms/8room_030.map	512	512	443	286	228	308	275.309
68	maps/rooms/8room_030.map	512	512	206	444	332	254	275.622
68	maps/rooms/8room_030.map	512	512	189	201	346	50	275.723
31	maps/rooms/8room_030.map	512	512	511	408	457	435	126.64
68	maps/rooms/8room_030.map	512	512	132	195	331	102	275.64
68	maps/rooms/8room_030.map	512	512	100	441	270	299	275.823
58	maps/rooms/8room_030.map	512	512	495	374	355	500	235.196
42	maps/rooms/8room_030.map	512	512	78	446	223	462	169.811
68	maps/rooms/8room_030.map	512	512	429	379	442	139	275.409
67	maps/rooms/8room_030.map	512	512	364	470	232	283	271.794
67	maps/rooms/8room_030.map	512	512	311	365	424	187	270.865
29	maps/rooms/8room_030.map	512	512	452	40	414	110	118.184
66	maps/rooms/8room_030.map	512	512	446	34	337	189	267.924
62	maps/rooms/8room_030.map	512	512	235	124	345	281	251.995
62	maps/rooms/8room_030.map	512	512	220	437	75	322	251.037
66	maps/rooms/8room_030.map	512	512	326	367	412	166	266.723
66	maps/rooms/8room_030.map	512	512	399	490	453	267	267.024
3	maps/rooms/8room_030.map	512	512	235	278	234	264	15.2426
66	maps/rooms/8room_030.map	512	512	197	259	110	128	267.037
65	maps/rooms/8room_030.map	512	512	127	230	162	432	263.309
65	maps/rooms/8room_030.map	512	512	442	233	361	413	263.794
65	maps/rooms/8room_030.map	512	512	340	439	294	236	263.652
29	maps/rooms/8room_030.map	512	512	465	107	413	94	116.456
50	maps/rooms/8room_030.map	512	512	488	222	420	373	202.296
53	maps/rooms/8room_030.map	512	512	193	392	293	487	214.238
55	maps/rooms/8room_030.map	512	512	178	162	364	181	222.439
51	maps/rooms/8room_030.map	512	512	250	292	395	245	205.196
65	maps/rooms/8room_030.map	512	512	457	78	256	137	263.338
65	maps/rooms/8room_030.map	512	512	466	482	332	345	263.024
35	maps/rooms/8room_030.map	512	512	142	133	205	203	143.326
65	maps/rooms/8room_030.map	512	512	59	260	189	310	263.581
62	maps/rooms/8room_030.map	512	512	174	19	219	227	251.267
62	maps/rooms/8room_030.map	512	512	283	381	94	347	251.208
62	maps/rooms/8room_030.map	512	512	52	232	197	324	251.995
61	maps/rooms/8room_030.map	512	512	433	447	360	253	247.853
61	maps/rooms/8room_030.map	512	512	424	46	313	207	247.924
51	maps/rooms/8room_030.map	512	512	182	235	133	363	206.924
24	maps/rooms/8room_030.map	512	512	406	338	380	269	97.1838
61	maps/rooms/8room_030.map	512	512	151	451	218	251	247.61
61	maps/rooms/8room_030.map	512	512	309	359	183	437	247.782
20	maps/rooms/8room_030.map	512	512	411	186	450	229	80.4264
61	maps/rooms/8room_030.map	512	512	223	41	217	227	246.995
10	maps/rooms/8room_030.map	512	512	439	127	428	155	41.7279
52	maps/rooms/8room_030.map	512	512	149	50	25	173	211.853
60	maps/rooms/8room_030.map	512	512	26	160	34	327	243.368
60	maps/rooms/8room_030.map	512	512	79	111	270	84	243.095
59	maps/rooms/8room_030.map	512	512	35	362	206	411	239.723
58	maps/rooms/8room_030.map	512	512	143	408	284	492	232.823
40	maps/rooms/8room_030.map	512	512	174	78	306	81	161.368
60	maps/rooms/8room_030.map	512	512	81	33	53	240	243.368
45	maps/rooms/8room_030.map	512	512	329	205	363	333	182.125
36	maps/rooms/8room_030.map	512	512	427	184	477	78	145.255
41	maps/rooms/8room_030.map	512	512	362	348	450	440	167.054
18	maps/rooms/8room_030.map	512	512	264	42	314	9	72.4558
59	maps/rooms/8room_030.map	512	512	479	506	326	392	239.51
59	maps/rooms/8room_030.map	512	512	418	3	274	136	239.167
53	maps/rooms/8room_030.map	512	512	316	326	366	181	213.51
58	maps/rooms/8room_030.map	512	512	359	335	278	154	235.924
58	maps/rooms/8room_030.map	512	512	217	216	187	418	235.196
25	maps/rooms/8room_030.map	512	512	271	328	220	385	101.598
58	maps/rooms/8room_030.map	512	512	444	451	246	382	235.953
52	maps/rooms/8room_030.map	512	512	335	275	300	439	208.439
45	maps/rooms/8room_030.map	512	512	73	420	40	300	183.125
58	maps/rooms/8room_030.map	512	512	104	380	69	254	235.125
58	maps/rooms/8room_030.map	512	512	220	1	211	188	235.581
33	maps/rooms/8room_030.map	512	512	173	318	165	412	135.497
56	maps/rooms/8room_030.map	512	512	61	491	174	348	227.238
55	maps/rooms/8room_030.map	512	512	236	134	327	294	223.711
55	maps/rooms/8room_030.map	512	512	348	510	428	352	223.539
55	maps/rooms/8room_030.map	512	512	396	101	230	172	223.953
54	maps/rooms/8room_030.map	512	512	196	63	219	230	219.196
54	maps/rooms/8room_030.map	512	512	250	173	401	106	219.439
54	maps/rooms/8room_030.map	512	512	106	147	234	172	219.309
54	maps/rooms/8room_030.map	512	512	246	330	389	431	219.581
54	maps/rooms/8room_030.map	512	512	46	381	208	382	219.51
54	maps/rooms/8room_030.map	512	512	232	72	215	250	219.225
54	maps/rooms/8room_030.map	512	512	492	106	456	271	219.167
54	maps/rooms/8room_030.map	512	512	52	156	169	288	219.267
54	maps/rooms/8room_030.map	512	512	158	475	325	476	218.853
53	maps/rooms/8room_030.map	512	512	151	387	141	232	215.167
53	maps/rooms/8room_030.map	512	512	511	361	359	297	214.752
41	maps/rooms/8room_030.map	512	512	314	270	329	364	167.953
53	maps/rooms/8room_030.map	512	512	163	180	233	324	214.995
52	maps/rooms/8room_030.map	512	512	410	157	273	137	211.995
52	maps/rooms/8room_030.map	512	512	442	262	297	287	211.581
51	maps/rooms/8room_030.map	512	512	90	382	78	255	206.64
51	maps/rooms/8room_030.map	512	512	479	98	363	237	207.551
49	maps/rooms/8room_030.map	512	512	198	431	214	266	199.368
31	maps/rooms/8room_030.map	512	512	180	377	268	427	127.397
49	maps/rooms/8room_030.map	512	512	216	60	214	193	199.61
35	maps/rooms/8room_030.map	512	512	153	107	260	89	142.539
49	maps/rooms/8room_030.map	512	512	279	75	430	131	199.752
49	maps/rooms/8room_030.map	512	512	419	109	257	137	199.539
33	maps/rooms/8room_030.map	512	512	248	187	344	231	132.912
49	maps/rooms/8room_030.map	512	512	455	387	338	264	199.581
49	maps/rooms/8room_030.map	512	512	345	354	393	207	199.953
48	maps/rooms/8room_030.map	512	512	158	425	248	306	195.368
41	maps/rooms/8room_030.map	512	512	215	218	167	110	167.581
47	maps/rooms/8room_030.map	512	512	326	380	357	238	191.61
47	maps/rooms/8room_030.map	512	512	430	371	265	386	191.64
22	maps/rooms/8room_030.map	512	512	88	85	149	131	88.2548
46	maps/rooms/8room_030.map	512	512	374	53	244	143	187.196
24	maps/rooms/8room_030.map	512	512	234	255	199	182	99.8406
46	maps/rooms/8room_030.map	512	512	470	95	461	247	186.882
46	maps/rooms/8room_030.map	512	512	268	271	294	111	187.296
45	maps/rooms/8room_030.map	512	512	51	210	190	156	183.912
46	maps/rooms/8room_030.map	512	512	247	287	397	322	187.267
46	maps/rooms/8room_030.map	512	512	43	79	189	143	187.338
44	maps/rooms/8room_030.map	512	512	205	3	194	151	179.811
44	maps/rooms/8room_030.map	512	512	110	470	190	348	179.397
41	maps/rooms/8room_030.map	512	512	134	327	260	386	167.368
44	maps/rooms/8room_030.map	512	512	226	111	129	198	179.983
44	maps/rooms/8room_030.map	512	512	182	422	278	314	179.882
44	maps/rooms/8room_030.map	512	512	143	330	302	298	179.569
40	maps/rooms/8room_030.map	512	512	276	193	391	270	163.296
40	maps/rooms/8room_030.map	512	512	182	420	166	285	163.225
40	maps/rooms/8room_030.map	512	512	39	428	154	379	163.397
40	maps/rooms/8room_030.map	512	512	348	457	215	468	163.154
40	maps/rooms/8room_030.map	512	512	219	443	227	305	163.74
39	maps/rooms/8room_030.map	512	512	43	292	87	206	159.983
5	maps/rooms/8room_030.map	512	512	473	197	456	202	20.7279
39	maps/rooms/8room_030.map	512	512	252	69	228	217	159.941
39	maps/rooms/8room_030.map	512	512	157	270	172	394	158.882
39	maps/rooms/8room_030.map	512	512	155	413	232	308	159.154
39	maps/rooms/8room_030.map	512	512	124	149	251	171	159.284
39	maps/rooms/8room_030.map	512	512	500	123	386	188	159.711
39	maps/rooms/8room_030.map	512	512	440	466	404	330	159.74
39	maps/rooms/8room_030.map	512	512	287	76	158	67	159.296
30	maps/rooms/8room_030.map	512	512	150	323	142	283	122.77
38	maps/rooms/8room_030.map	512	512	138	471	226	374	154.782
38	maps/rooms/8room_030.map	512	512	80	32	191	93	155.296
38	maps/rooms/8room_030.map	512	512	61	188	129	265	155.912
38	maps/rooms/8room_030.map	512	512	439	44	452	120	155.426
37	maps/rooms/8room_030.map	512	512	93	19	160	122	151.882
32	maps/rooms/8room_030.map	512	512	130	322	62	335	128.497
37	maps/rooms/8room_030.map	512	512	169	323	140	223	150.983
37	maps/rooms/8room_030.map	512	512	405	186	426	307	151.296
14	maps/rooms/8room_030.map	512	512	322	24	331	79	58.7279
36	maps/rooms/8room_030.map	512	512	302	351	218	264	147.569
36	maps/rooms/8room_030.map	512	512	56	370	163	360	146.983
36	maps/rooms/8room_030.map	512	512	181	152	223	267	147.083
36	maps/rooms/8room_030.map	512	512	276	247	196	319	147.154
36	maps/rooms/8room_030.map	512	512	292	12	242	108	147.196
36	maps/rooms/8room_030.map	512	512	354	388	238	381	146.698
35	maps/rooms/8room_030.map	512	512	450	78	407	181	143.74
35	maps/rooms/8room_030.map	512	512	284	51	242	167	143.255
35	maps/rooms/8room_030.map	512	512	279	219	386	188	143.154
35	maps/rooms/8room_030.map	512	512	250	88	338	159	143.125
35	maps/rooms/8room_030.map	512	512	72	357	171	348	143.782
34	maps/rooms/8room_030.map	512	512	165	87	260	92	139.74
34	maps/rooms/8room_030.map	512	512	233	319	214	200	139.841
34	maps/rooms/8room_030.map	512	512	173	488	282	476	139.225
25	maps/rooms/8room_030.map	512	512	68	37	141	65	100.497
34	maps/rooms/8room_030.map	512	512	471	501	490	395	139.669
34	maps/rooms/8room_030.map	512	512	421	314	343	387	139.225
34	maps/rooms/8room_030.map	512	512	397	383	324	290	139.64
33	maps/rooms/8room_030.map	512	512	429	245	335	204	135.669
32	maps/rooms/8room_030.map	512	512	282	372	170	368	131.497
32	maps/rooms/8room_030.map	512	512	57	218	159	176	131.355
32	maps/rooms/8room_030.map	512	512	300	466	204	455	131.326
32	maps/rooms/8room_030.map	512	512	76	50	129	115	131.397
32	maps/rooms/8room_030.map	512	512	227	505	179	399	131.882
32	maps/rooms/8room_030.map	512	512	332	436	380	332	131.296
32	maps/rooms/8room_030.map	512	512	357	242	392	348	130.841
31	maps/rooms/8room_030.map	512	512	220	1	126	55	127.64
31	maps/rooms/8room_030.map	512	512	28	42	119	57	127.74
31	maps/rooms/8room_030.map	512	512	335	105	322	201	127.326
31	maps/rooms/8room_030.map	512	512	212	207	200	97	127.598
31	maps/rooms/8room_030.map	512	512	355	482	344	386	127.77
31	maps/rooms/8room_030.map	512	512	134	234	75	163	127.355
31	maps/rooms/8room_030.map	512	512	196	58	199	153	127.497
31	maps/rooms/8room_030.map	512	512	415	236	313	281	127.669
30	maps/rooms/8room_030.map	512	512	379	86	338	173	123.397
30	maps/rooms/8room_030.map	512	512	302	366	372	427	123.912
30	maps/rooms/8room_030.map	512	512	292	210	275	107	123.397
30	maps/rooms/8room_030.map	512	512	420	211	420	303	123.054
30	maps/rooms/8room_030.map	512	512	290	39	226	101	123.782
30	maps/rooms/8room_030.map	512	512	418	38	358	110	123.598
29	maps/rooms/8room_030.map	512	512	442	142	372	213	119.326
29	maps/rooms/8room_030.map	512	512	346	328	395	239	119.296
29	maps/rooms/8room_030.map	512	512	319	78	397	29	119.426
28	maps/rooms/8room_030.map	512	512	119	441	162	359	115.426
28	maps/rooms/8room_030.map	512	512	123	446	159	363	115.083
28	maps/rooms/8room_030.map	512	512	509	277	437	220	115.669
28	maps/rooms/8room_030.map	512	512	248	146	215	243	115.355
28	maps/rooms/8room_030.map	512	512	363	255	284	316	115.983
27	maps/rooms/8room_030.map	512	512	245	476	179	407	111.569
27	maps/rooms/8room_030.map	512	512	79	435	37	353	111.255
27	maps/rooms/8room_030.map	512	512	472	88	435	179	111.012
27	maps/rooms/8room_030.map	512	512	166	389	223	315	111.912
27	maps/rooms/8room_030.map	512	512	155	332	84	323	111.154
27	maps/rooms/8room_030.map	512	512	358	431	276	472	111.669
26	maps/rooms/8room_030.map	512	512	239	195	201	276	107.426
26	maps/rooms/8room_030.map	512	512	131	408	189	337	107.326
26	maps/rooms/8room_030.map	512	512	166	110	114	43	107.912
26	maps/rooms/8room_030.map	512	512	24	379	90	427	107.598
26	maps/rooms/8room_030.map	512	512	130	157	188	130	107.669
25	maps/rooms/8room_030.map	512	512	109	174	141	226	103.213
25	maps/rooms/8room_030.map	512	512	98	216	159	277	103.255
25	maps/rooms/8room_030.map	512	512	362	431	417	380	103.941
24	maps/rooms/8room_030.map	512	512	407	9	399	80	99.0833
24	maps/rooms/8room_030.map	512	512	88	452	68	393	99.4264
24	maps/rooms/8room_030.map	512	512	295	445	343	387	99.799
24	maps/rooms/8room_030.map	512	512	230	102	259	173	99.9411
23	maps/rooms/8room_030.map	512	512	223	503	201	433	95.6985
23	maps/rooms/8room_030.map	512	512	330	319	383	373	95.4264
23	maps/rooms/8room_030.map	512	512	426	404	410	336	95.1127
23	maps/rooms/8room_030.map	512	512	505	180	429	191	94.6985
23	maps/rooms/8room_030.map	512	512	355	301	306	242	95.9411
23	maps/rooms/8room_030.map	512	512	329	94	250	87	95.1543
23	maps/rooms/8room_030.map	512	512	2	50	78	89	95.669
23	maps/rooms/8room_030.map	512	512	160	451	240	474	95.0416
23	maps/rooms/8room_030.map	512	512	357	274	308	216	95.5269
20	maps/rooms/8room_030.map	512	512	361	126	307	111	81.5269
22	maps/rooms/8room_030.map	512	512	199	430	254	466	90.598
22	maps/rooms/8room_030.map	512	512	18	447	47	383	91.0833
22	maps/rooms/8room_030.map	512	512	259	442	210	461	91.8406
22	maps/rooms/8room_030.map	512	512	51	56	59	143	91.1421
22	maps/rooms/8room_030.map	512	512	379	246	310	283	91.0122
22	maps/rooms/8room_030.map	512	512	199	134	214	181	90.7696
22	maps/rooms/8room_030.map	512	512	108	46	56	98	91.1127
22	maps/rooms/8room_030.map	512	512	82	443	145	404	91.9828
21	maps/rooms/8room_030.map	512	512	467	109	419	163	87.8406
21	maps/rooms/8room_030.map	512	512	295	300	344	245	87.0122
21	maps/rooms/8room_030.map	512	512	230	132	281	178	87.6274
21	maps/rooms/8room_030.map	512	512	83	166	131	198	87.2132
21	maps/rooms/8room_030.map	512	512	498	41	463	70	87.598
21	maps/rooms/8room_030.map	512	512	315	181	332	251	87.8701
21	maps/rooms/8room_030.map	512	512	91	414	137	373	87.1838
21	maps/rooms/8room_030.map	512	512	511	214	440	185	87.3553
21	maps/rooms/8room_030.map	512	512	54	26	43	91	87.6985
20	maps/rooms/8room_030.map	512	512	200	222	214	171	83.1838
20	maps/rooms/8room_030.map	512	512	249	7	176	23	83.6274
20	maps/rooms/8room_030.map	512	512	22	237	76	272	83.6274
20	maps/rooms/8room_030.map	512	512	358	191	306	215	83.0122
20	maps/rooms/8room_030.map	512	512	99	94	166	127	83.0122
20	maps/rooms/8room_030.map	512	512	500	394	434	362	83.3553
19	maps/rooms/8room_030.map	512	512	509	462	475	402	79.598
19	maps/rooms/8room_030.map	512	512	181	257	178	303	79.1838
19	maps/rooms/8room_030.map	512	512	173	197	182	235	79.669
19	maps/rooms/8room_030.map	512	512	3	88	43	140	79.1127
19	maps/rooms/8room_030.map	512	512	368	456	345	393	79.598
19	maps/rooms/8room_030.map	512	512	361	286	324	236	79.6274
19	maps/rooms/8room_030.map	512	512	487	296	469	258	79.2132
19	maps/rooms/8room_030.map	512	512	213	222	266	188	79.5269
19	maps/rooms/8room_030.map	512	512	371	25	399	87	79.598
18	maps/rooms/8room_030.map	512	512	292	141	258	179	75.6985
18	maps/rooms/8room_030.map	512	512	453	328	393	316	75.4558
18	maps/rooms/8room_030.map	512	512	168	203	101	194	75.6985
18	maps/rooms/8room_030.map	512	512	125	39	174	77	75.2843
18	maps/rooms/8room_030.map	512	512	172	423	221	395	75.7696
18	maps/rooms/8room_030.map	512	512	269	120	206	126	75.4264
18	maps/rooms/8room_030.map	512	512	482	156	445	165	75.598
17	maps/rooms/8room_030.map	512	512	490	322	431	325	71.6985
17	maps/rooms/8room_030.map	512	512	410	287	413	331	71.7696
17	maps/rooms/8room_030.map	512	512	91	342	58	383	71.799
17	maps/rooms/8room_030.map	512	512	103	25	143	73	71.598
17	maps/rooms/8room_030.map	512	512	429	356	387	310	71.598
17	maps/rooms/8room_030.map	512	512	348	303	283	300	71.2132
17	maps/rooms/8room_030.map	512	512	170	318	228	308	71.4558
17	maps/rooms/8room_030.map	512	512	409	313	347	302	71.8701
17	maps/rooms/8room_030.map	512	512	250	63	265	126	71.799
16	maps/rooms/8room_030.map	512	512	492	94	434	102	67.3137
16	maps/rooms/8room_030.map	512	512	221	182	279	195	67.0416
16	maps/rooms/8room_030.map	512	512	261	149	211	126	67.7279
16	maps/rooms/8room_030.map	512	512	445	265	450	211	67.1838
16	maps/rooms/8room_030.map	512	512	75	396	104	378	67.8701
16	maps/rooms/8room_030.map	512	512	371	339	394	384	67.6985
16	maps/rooms/8room_030.map	512	512	387	323	347	298	67.5269
16	maps/rooms/8room_030.map	512	512	507	159	465	156	67.669
15	maps/rooms/8room_030.map	512	512	442	43	402	11	63.799
15	maps/rooms/8room_030.map	512	512	509	329	485	379	63.4558
15	maps/rooms/8room_030.map	512	512	458	104	420	119	62.6985
15	maps/rooms/8room_030.map	512	512	183	389	231	370	63.0416
15	maps/rooms/8room_030.map	512	512	39	238	83	210	63.2132
15	maps/rooms/8room_030.map	512	512	450	223	399	201	63.6274
15	maps/rooms/8room_030.map	512	512	166	141	201	96	63.0122
14	maps/rooms/8room_030.map	512	512	190	168	218	205	59.1421
14	maps/rooms/8room_030.map	512	512	487	41	450	58	59.0122
14	maps/rooms/8room_030.map	512	512	292	370	337	392	59.3848
14	maps/rooms/8room_030.map	512	512	288	440	302	387	59.9706
13	maps/rooms/8room_030.map	512	512	426	457	396	423	55.799
13	maps/rooms/8room_030.map	512	512	196	31	182	78	55.6274
13	maps/rooms/8room_030.map	512	512	457	503	418	489	55.2843
13	maps/rooms/8room_030.map	512	512	266	430	237	390	55.5269
13	maps/rooms/8room_030.map	512	512	279	452	303	409	55.2843
13	maps/rooms/8room_030.map	512	512	504	139	462	158	55.0416
13	maps/rooms/8room_030.map	512	512	302	29	285	75	54.799
13	maps/rooms/8room_030.map	512	512	197	441	221	397	55.1127
13	maps/rooms/8room_030.map	512	512	198	139	243	137	55.0416
12	maps/rooms/8room_030.map	512	512	215	100	191	133	51.1421
12	maps/rooms/8room_030.map	512	512	108	205	111	249	51.6274
12	maps/rooms/8room_030.map	512	512	223	138	243	157	51.2426
12	maps/rooms/8room_030.map	512	512	71	476	102	456	51.0416
12	maps/rooms/8room_030.map	512	512	79	210	120	197	51.5563
12	maps/rooms/8room_030.map	512	512	62	370	92	356	51.5563
11	maps/rooms/8room_030.map	512	512	158	455	191	431	47.0416
11	maps/rooms/8room_030.map	512	512	309	459	303	430	47.1421
11	maps/rooms/8room_030.map	512	512	314	85	291	117	47.9706
11	maps/rooms/8room_030.map	512	512	450	327	410	331	47.5563
11	maps/rooms/8room_030.map	512	512	237	89	195	93	46.9706
11	maps/rooms/8room_030.map	512	512	283	476	275	444	46.9706
10	maps/rooms/8room_030.map	512	512	505	22	470	31	43.4558
10	maps/rooms/8room_030.map	512	512	87	411	103	381	43.6569
10	maps/rooms/8room_030.map	512	512	380	117	411	114	43.2132
10	maps/rooms/8room_030.map	512	512	105	461	141	459	43.3137
10	maps/rooms/8room_030.map	512	512	303	237	334	243	43.1421
10	maps/rooms/8room_030.map	512	512	286	182	286	148	43.6985
10	maps/rooms/8room_030.map	512	512	115	266	151	250	43.799
10	maps/rooms/8room_030.map	512	512	214	22	197	53	43.2132
9	maps/rooms/8room_030.map	512	512	403	13	389	41	39.5563
9	maps/rooms/8room_030.map	512	512	212	436	214	467	39.9706
9	maps/rooms/8room_030.map	512	512	222	450	185	456	39.4853
9	maps/rooms/8room_030.map	512	512	28	411	53	396	39.5563
9	maps/rooms/8room_030.map	512	512	218	10	198	38	39.4558
9	maps/rooms/8room_030.map	512	512	391	18	382	48	39.0416
9	maps/rooms/8room_030.map	512	512	14	216	35	197	39.799
9	maps/rooms/8room_030.map	512	512	120	479	134	456	39.9706
9	maps/rooms/8room_030.map	512	512	193	502	223	481	39.8701
8	maps/rooms/8room_030.map	512	512	242	274	270	280	35.4558
8	maps/rooms/8room_030.map	512	512	25	376	44	386	35.1421
8	maps/rooms/8room_030.map	512	512	229	427	217	409	34.9706
8	maps/rooms/8room_030.map	512	512	255	309	232	289	35.9706
8	maps/rooms/8room_030.map	512	512	183	301	162	280	35.799
8	maps/rooms/8room_030.map	512	512	391	486	402	457	35.8995
8	maps/rooms/8room_030.map	512	512	99	184	124	198	35.4853
8	maps/rooms/8room_030.map	512	512	379	285	377	316	34.6569
8	maps/rooms/8room_030.map	512	512	26	460	37	434	35.9706
7	maps/rooms/8room_030.map	512	512	394	114	378	105	31.1421
7	maps/rooms/8room_030.map	512	512	298	486	286	509	31.7279
7	maps/rooms/8room_030.map	512	512	345	345	341	315	31.6569
7	maps/rooms/8room_030.map	512	512	159	98	159	122	30.6274
7	maps/rooms/8room_030.map	512	512	360	29	373	33	31.1421
7	maps/rooms/8room_030.map	512	512	214	222	225	196	31.1421
7	maps/rooms/8room_030.map	512	512	43	442	51	419	30.799
7	maps/rooms/8room_030.map	512	512	296	124	287	142	31.4853
7	maps/rooms/8room_030.map	512	512	409	204	385	213	31.3848
6	maps/rooms/8room_030.map	512	512	297	405	313	391	27.6569
6	maps/rooms/8room_030.map	512	512	482	135	463	123	27.7279
6	maps/rooms/8room_030.map	512	512	506	61	494	74	27.1421
6	maps/rooms/8room_030.map	512	512	260	4	281	18	27.9706
6	maps/rooms/8room_030.map	512	512	301	95	290	113	27.2426
6	maps/rooms/8room_030.map	512	512	311	402	319	426	27.3137
6	maps/rooms/8room_030.map	512	512	74	75	57	88	27.6569
6	maps/rooms/8room_030.map	512	512	459	474	468	458	27.7279
5	maps/rooms/8room_030.map	512	512	31	282	52	278	22.6569
5	maps/rooms/8room_030.map	512	512	236	235	215	240	23.6569
5	maps/rooms/8room_030.map	512	512	414	10	396	18	23.6569
5	maps/rooms/8room_030.map	512	512	145	487	149	469	23.0711
5	maps/rooms/8room_030.map	512	512	232	469	214	466	23.3848
5	maps/rooms/8room_030.map	512	512	185	180	202	192	23.7279
5	maps/rooms/8room_030.map	512	512	27	42	31	62	23.3137
5	maps/rooms/8room_030.map	512	512	182	418	179	401	23.8995
4	maps/rooms/8room_030.map	512	512	218	486	229	474	19.4853
4	maps/rooms/8room_030.map	512	512	117	333	121	315	19.6569
4	maps/rooms/8room_030.map	512	512	331	43	321	57	19.3137
4	maps/rooms/8room_030.map	512	512	59	277	43	285	19.3137
4	maps/rooms/8room_030.map	512	512	106	303	110	286	18.6569
4	maps/rooms/8room_030.map	512	512	376	166	381	149	19.0711
4	maps/rooms/8room_030.map	512	512	41	10	35	27	19.4853
4	maps/rooms/8room_030.map	512	512	282	258	292	271	19.4853
4	maps/rooms/8room_030.map	512	512	102	439	115	439	19.4853
4	maps/rooms/8room_030.map	512	512	36	409	53	402	19.8995
3	maps/rooms/8room_030.map	512	512	447	402	434	399	15.4142
3	maps/rooms/8room_030.map	512	512	408	78	399	77	15.0711
3	maps/rooms/8room_030.map	512	512	421	213	415	202	14.6569
3	maps/rooms/8room_030.map	512	512	499	371	489	373	15.6569
3	maps/rooms/8room_030.map	512	512	199	499	186	498	15.8995
3	maps/rooms/8room_030.map	512	512	472	298	465	310	15.4853
3	maps/rooms/8room_030.map	512	512	228	276	232	290	15.6569
3	maps/rooms/8room_030.map	512	512	282	283	278	270	15.4853
3	maps/rooms/8room_030.map	512	512	332	451	322	444	15.2426
2	maps/rooms/8room_030.map	512	512	340	250	350	246	11.6569
2	maps/rooms/8room_030.map	512	512	111	397	103	389	11.3137
2	maps/rooms/8room_030.map	512	512	420	506	418	495	11.8284
2	maps/rooms/8room_030.map	512	512	171	350	164	356	10.6569
2	maps/rooms/8room_030.map	512	512	409	138	412	128	11.2426
2	maps/rooms/8room_030.map	512	512	490	6	480	10	11.6569
2	maps/rooms/8room_030.map	512	512	34	178	38	171	11
2	maps/rooms/8room_030.map	512	512	356	398	352	402	11.4142
2	maps/rooms/8room_030.map	512	512	207	470	203	460	11.6569
2	maps/rooms/8room_030.map	512	512	194	1	200	10	11.4853
1	maps/rooms/8room_030.map	512	512	262	354	268	357	7.24264
1	maps/rooms/8room_030.map	512	512	505	90	498	92	7.82843
1	maps/rooms/8room_030.map	512	512	408	457	404	451	7.65685
1	maps/rooms/8room_030.map	512	512	167	259	166	266	7.41421
1	maps/rooms/8room_030.map	512	512	441	171	436	176	7.07107
1	maps/rooms/8room_030.map	512	512	12	276	17	280	7.24264
1	maps/rooms/8room_030.map	512	512	508	437	504	431	7.65685
1	maps/rooms/8room_030.map	512	512	446	325	439	324	7.41421
1	maps/rooms/8room_030.map	512	512	252	54	249	60	7.24264
1	maps/rooms/8room_030.map	512	512	280	170	273	170	7
0	maps/rooms/8room_030.map	512	512	292	439	294	437	2.82843
0	maps/rooms/8room_030.map	512	512	142	227	141	224	3.41421
0	maps/rooms/8room_030.map	512	512	275	71	277	73	2.82843
0	maps/rooms/8room_030.map	512	512	359	358	361	356	2.82843
0	maps/rooms/8room_030.map	512	512	202	212	199	212	3
0	maps/rooms/8room_030.map	512	512	380	356	381	359	3.41421
0	maps/rooms/8room_030.map	512	512	291	344	293	342	2.82843
0	maps/rooms/8room_030.map	512	512	326	190	329	190	3
0	maps/rooms/8room_030.map	512	512	217	299	214	297	3.82843
0	maps/rooms/8room_030.map	512	512	308	5	308	8	3
