version 1.0
40 maps/bgmaps/AR0012SR.map 512 512 322 410 314 266 160.53
46 maps/bgmaps/AR0012SR.map 512 512 175 386 275 392 184.01
76 maps/bgmaps/AR0012SR.map 512 512 228 446 198 199 305.09
57 maps/bgmaps/AR0012SR.map 512 512 247 249 401 380 230.81
42 maps/bgmaps/AR0012SR.map 512 512 247 230 380 316 168.62
33 maps/bgmaps/AR0012SR.map 512 512 163 291 277 338 134.30
57 maps/bgmaps/AR0012SR.map 512 512 374 257 441 301 228.66
5 maps/bgmaps/AR0012SR.map 512 512 337 471 338 448 23.41
8 maps/bgmaps/AR0012SR.map 512 512 264 340 289 364 34.94
50 maps/bgmaps/AR0012SR.map 512 512 271 178 278 332 201.39
34 maps/bgmaps/AR0012SR.map 512 512 238 94 216 218 137.25
62 maps/bgmaps/AR0012SR.map 512 512 324 176 364 394 249.48
44 maps/bgmaps/AR0012SR.map 512 512 266 184 395 268 178.56
37 maps/bgmaps/AR0012SR.map 512 512 274 173 184 163 149.97
123 maps/bgmaps/AR0012SR.map 512 512 318 510 88 208 494.86
59 maps/bgmaps/AR0012SR.map 512 512 376 301 185 410 236.15
127 maps/bgmaps/AR0012SR.map 512 512 456 333 66 237 511.13
8 maps/bgmaps/AR0012SR.map 512 512 448 340 446 305 35.83
52 maps/bgmaps/AR0012SR.map 512 512 351 295 352 487 211.47
61 maps/bgmaps/AR0012SR.map 512 512 338 235 439 381 245.39
40 maps/bgmaps/AR0012SR.map 512 512 437 306 309 381 162.58
49 maps/bgmaps/AR0012SR.map 512 512 273 268 346 434 196.24
12 maps/bgmaps/AR0012SR.map 512 512 237 232 198 254 48.11
44 maps/bgmaps/AR0012SR.map 512 512 215 396 248 450 177.69
106 maps/bgmaps/AR0012SR.map 512 512 276 137 317 469 427.07
60 maps/bgmaps/AR0012SR.map 512 512 340 306 254 149 242.61
49 maps/bgmaps/AR0012SR.map 512 512 211 197 290 348 198.37
72 maps/bgmaps/AR0012SR.map 512 512 400 433 204 253 290.48
11 maps/bgmaps/AR0012SR.map 512 512 205 134 180 100 44.36
75 maps/bgmaps/AR0012SR.map 512 512 249 285 253 133 302.05
78 maps/bgmaps/AR0012SR.map 512 512 265 216 291 486 315.56
57 maps/bgmaps/AR0012SR.map 512 512 354 440 201 415 230.74
39 maps/bgmaps/AR0012SR.map 512 512 278 226 388 311 156.48
74 maps/bgmaps/AR0012SR.map 512 512 410 260 165 378 298.36
32 maps/bgmaps/AR0012SR.map 512 512 331 301 413 349 129.78
79 maps/bgmaps/AR0012SR.map 512 512 381 308 240 118 316.50
52 maps/bgmaps/AR0012SR.map 512 512 399 279 337 457 211.14
31 maps/bgmaps/AR0012SR.map 512 512 229 457 313 365 126.79
64 maps/bgmaps/AR0012SR.map 512 512 342 232 450 370 256.49
27 maps/bgmaps/AR0012SR.map 512 512 328 341 357 254 109.64
97 maps/bgmaps/AR0012SR.map 512 512 423 355 130 188 391.20
48 maps/bgmaps/AR0012SR.map 512 512 273 280 375 428 193.18
90 maps/bgmaps/AR0012SR.map 512 512 345 405 111 248 360.65
61 maps/bgmaps/AR0012SR.map 512 512 335 212 350 435 247.44
34 maps/bgmaps/AR0012SR.map 512 512 354 253 305 355 136.58
48 maps/bgmaps/AR0012SR.map 512 512 236 475 225 327 193.94
23 maps/bgmaps/AR0012SR.map 512 512 345 346 294 418 93.12
55 maps/bgmaps/AR0012SR.map 512 512 223 280 222 453 222.63
97 maps/bgmaps/AR0012SR.map 512 512 52 268 225 399 389.40
28 maps/bgmaps/AR0012SR.map 512 512 407 354 362 445 113.15
73 maps/bgmaps/AR0012SR.map 512 512 313 292 72 207 294.35
29 maps/bgmaps/AR0012SR.map 512 512 286 470 380 450 118.85
89 maps/bgmaps/AR0012SR.map 512 512 137 181 240 429 359.58
80 maps/bgmaps/AR0012SR.map 512 512 453 341 183 278 320.08
60 maps/bgmaps/AR0012SR.map 512 512 428 335 283 231 240.46
59 maps/bgmaps/AR0012SR.map 512 512 221 387 392 240 237.16
47 maps/bgmaps/AR0012SR.map 512 512 246 282 235 211 191.38
17 maps/bgmaps/AR0012SR.map 512 512 327 195 381 229 68.08
11 maps/bgmaps/AR0012SR.map 512 512 333 317 338 273 46.07
84 maps/bgmaps/AR0012SR.map 512 512 210 189 296 443 339.02
49 maps/bgmaps/AR0012SR.map 512 512 180 160 319 171 196.35
24 maps/bgmaps/AR0012SR.map 512 512 204 296 182 378 97.74
21 maps/bgmaps/AR0012SR.map 512 512 267 497 336 459 84.74
93 maps/bgmaps/AR0012SR.map 512 512 424 354 151 263 372.17
110 maps/bgmaps/AR0012SR.map 512 512 339 374 29 259 441.62
17 maps/bgmaps/AR0012SR.map 512 512 181 236 138 214 68.90
71 maps/bgmaps/AR0012SR.map 512 512 134 326 367 218 284.36
112 maps/bgmaps/AR0012SR.map 512 512 100 183 447 368 448.66
65 maps/bgmaps/AR0012SR.map 512 512 244 171 217 390 260.01
55 maps/bgmaps/AR0012SR.map 512 512 207 187 149 373 223.54
109 maps/bgmaps/AR0012SR.map 512 512 164 141 274 470 439.26
84 maps/bgmaps/AR0012SR.map 512 512 179 127 407 304 338.89
38 maps/bgmaps/AR0012SR.map 512 512 329 191 191 217 152.91
81 maps/bgmaps/AR0012SR.map 512 512 445 391 171 369 327.02
42 maps/bgmaps/AR0012SR.map 512 512 287 346 356 483 169.72
43 maps/bgmaps/AR0012SR.map 512 512 287 341 439 377 173.54
50 maps/bgmaps/AR0012SR.map 512 512 249 154 323 175 202.62
72 maps/bgmaps/AR0012SR.map 512 512 265 304 250 143 290.29
44 maps/bgmaps/AR0012SR.map 512 512 288 137 137 202 177.92
34 maps/bgmaps/AR0012SR.map 512 512 270 286 284 401 137.28
19 maps/bgmaps/AR0012SR.map 512 512 383 322 326 376 79.37
46 maps/bgmaps/AR0012SR.map 512 512 272 126 118 185 187.55
119 maps/bgmaps/AR0012SR.map 512 512 332 511 102 202 476.89
89 maps/bgmaps/AR0012SR.map 512 512 378 433 243 171 358.35
118 maps/bgmaps/AR0012SR.map 512 512 299 509 174 128 474.42
85 maps/bgmaps/AR0012SR.map 512 512 193 424 223 139 340.02
114 maps/bgmaps/AR0012SR.map 512 512 217 74 322 452 458.99
61 maps/bgmaps/AR0012SR.map 512 512 368 328 177 193 246.92
82 maps/bgmaps/AR0012SR.map 512 512 121 187 400 265 331.19
32 maps/bgmaps/AR0012SR.map 512 512 380 446 285 401 131.34
50 maps/bgmaps/AR0012SR.map 512 512 125 256 234 316 202.10
27 maps/bgmaps/AR0012SR.map 512 512 332 324 425 283 109.98
72 maps/bgmaps/AR0012SR.map 512 512 362 355 188 158 288.40
44 maps/bgmaps/AR0012SR.map 512 512 308 308 162 377 177.89
72 maps/bgmaps/AR0012SR.map 512 512 385 239 327 503 288.02
36 maps/bgmaps/AR0012SR.map 512 512 433 323 334 427 145.01
45 maps/bgmaps/AR0012SR.map 512 512 441 373 280 338 182.12
106 maps/bgmaps/AR0012SR.map 512 512 237 115 440 373 425.90
34 maps/bgmaps/AR0012SR.map 512 512 287 407 379 453 136.65
5 maps/bgmaps/AR0012SR.map 512 512 286 425 290 406 20.66
33 maps/bgmaps/AR0012SR.map 512 512 341 492 351 372 134.91
59 maps/bgmaps/AR0012SR.map 512 512 262 441 272 496 237.25
22 maps/bgmaps/AR0012SR.map 512 512 319 349 389 296 91.95
84 maps/bgmaps/AR0012SR.map 512 512 197 187 423 405 338.56
88 maps/bgmaps/AR0012SR.map 512 512 247 433 263 142 353.13
48 maps/bgmaps/AR0012SR.map 512 512 284 344 179 220 195.61
36 maps/bgmaps/AR0012SR.map 512 512 324 338 348 212 144.23
36 maps/bgmaps/AR0012SR.map 512 512 318 359 394 243 147.48
16 maps/bgmaps/AR0012SR.map 512 512 296 247 348 213 66.08
70 maps/bgmaps/AR0012SR.map 512 512 263 140 329 339 283.78
76 maps/bgmaps/AR0012SR.map 512 512 208 210 423 344 305.48
35 maps/bgmaps/AR0012SR.map 512 512 185 231 99 314 142.64
97 maps/bgmaps/AR0012SR.map 512 512 457 364 248 165 388.76
26 maps/bgmaps/AR0012SR.map 512 512 250 289 261 328 106.18
58 maps/bgmaps/AR0012SR.map 512 512 353 465 265 283 232.55
46 maps/bgmaps/AR0012SR.map 512 512 378 249 371 413 185.71
76 maps/bgmaps/AR0012SR.map 512 512 45 279 217 72 306.85
52 maps/bgmaps/AR0012SR.map 512 512 160 252 127 330 210.22
54 maps/bgmaps/AR0012SR.map 512 512 287 407 352 214 219.92
69 maps/bgmaps/AR0012SR.map 512 512 143 352 349 292 278.15
74 maps/bgmaps/AR0012SR.map 512 512 259 292 122 240 298.42
101 maps/bgmaps/AR0012SR.map 512 512 429 362 118 194 405.62
71 maps/bgmaps/AR0012SR.map 512 512 292 336 244 119 284.58
83 maps/bgmaps/AR0012SR.map 512 512 48 273 184 358 335.84
29 maps/bgmaps/AR0012SR.map 512 512 358 351 455 340 117.84
22 maps/bgmaps/AR0012SR.map 512 512 386 252 322 194 88.02
4 maps/bgmaps/AR0012SR.map 512 512 474 332 457 337 19.07
43 maps/bgmaps/AR0012SR.map 512 512 317 368 246 247 174.81
75 maps/bgmaps/AR0012SR.map 512 512 334 371 147 201 301.63
49 maps/bgmaps/AR0012SR.map 512 512 290 451 449 354 199.18
42 maps/bgmaps/AR0012SR.map 512 512 285 345 233 223 169.44
65 maps/bgmaps/AR0012SR.map 512 512 91 309 272 150 261.50
62 maps/bgmaps/AR0012SR.map 512 512 250 224 316 427 249.69
62 maps/bgmaps/AR0012SR.map 512 512 263 355 270 154 249.18
70 maps/bgmaps/AR0012SR.map 512 512 246 164 401 256 283.05
17 maps/bgmaps/AR0012SR.map 512 512 382 323 314 328 70.07
42 maps/bgmaps/AR0012SR.map 512 512 293 349 226 234 168.51
64 maps/bgmaps/AR0012SR.map 512 512 319 383 174 234 256.74
43 maps/bgmaps/AR0012SR.map 512 512 389 247 260 196 172.49
125 maps/bgmaps/AR0012SR.map 512 512 332 496 209 73 502.33
66 maps/bgmaps/AR0012SR.map 512 512 393 404 221 248 267.71
74 maps/bgmaps/AR0012SR.map 512 512 110 196 271 279 299.66
54 maps/bgmaps/AR0012SR.map 512 512 344 476 240 450 218.79
78 maps/bgmaps/AR0012SR.map 512 512 366 379 134 359 312.09
50 maps/bgmaps/AR0012SR.map 512 512 233 169 195 355 203.98
73 maps/bgmaps/AR0012SR.map 512 512 240 263 443 382 293.06
53 maps/bgmaps/AR0012SR.map 512 512 227 465 357 448 212.42
68 maps/bgmaps/AR0012SR.map 512 512 395 419 321 201 272.49
31 maps/bgmaps/AR0012SR.map 512 512 280 390 374 314 125.48
62 maps/bgmaps/AR0012SR.map 512 512 229 237 253 442 250.56
6 maps/bgmaps/AR0012SR.map 512 512 395 444 375 425 27.87
85 maps/bgmaps/AR0012SR.map 512 512 96 297 344 323 340.48
18 maps/bgmaps/AR0012SR.map 512 512 91 187 128 229 75.87
52 maps/bgmaps/AR0012SR.map 512 512 207 421 251 295 211.91
82 maps/bgmaps/AR0012SR.map 512 512 139 287 263 414 328.20
62 maps/bgmaps/AR0012SR.map 512 512 267 296 168 235 248.11
79 maps/bgmaps/AR0012SR.map 512 512 181 193 404 354 316.37
65 maps/bgmaps/AR0012SR.map 512 512 322 367 241 177 262.76
26 maps/bgmaps/AR0012SR.map 512 512 261 331 253 295 106.91
13 maps/bgmaps/AR0012SR.map 512 512 341 409 318 366 52.53
24 maps/bgmaps/AR0012SR.map 512 512 231 192 276 209 96.67
39 maps/bgmaps/AR0012SR.map 512 512 168 297 242 169 158.65
62 maps/bgmaps/AR0012SR.map 512 512 177 177 275 256 251.09
71 maps/bgmaps/AR0012SR.map 512 512 224 246 342 457 285.78
32 maps/bgmaps/AR0012SR.map 512 512 258 444 314 336 131.20
53 maps/bgmaps/AR0012SR.map 512 512 186 409 362 400 215.35
43 maps/bgmaps/AR0012SR.map 512 512 275 296 227 249 175.02
59 maps/bgmaps/AR0012SR.map 512 512 309 266 128 347 237.71
65 maps/bgmaps/AR0012SR.map 512 512 456 332 376 223 261.55
13 maps/bgmaps/AR0012SR.map 512 512 224 182 254 139 55.43
53 maps/bgmaps/AR0012SR.map 512 512 310 162 355 343 214.55
22 maps/bgmaps/AR0012SR.map 512 512 228 257 166 234 89.91
40 maps/bgmaps/AR0012SR.map 512 512 214 248 146 153 160.88
59 maps/bgmaps/AR0012SR.map 512 512 428 276 296 459 237.68
63 maps/bgmaps/AR0012SR.map 512 512 383 325 173 226 255.15
73 maps/bgmaps/AR0012SR.map 512 512 121 347 353 378 292.06
78 maps/bgmaps/AR0012SR.map 512 512 60 294 326 184 312.39
33 maps/bgmaps/AR0012SR.map 512 512 233 430 310 337 133.10
43 maps/bgmaps/AR0012SR.map 512 512 289 303 214 203 175.89
56 maps/bgmaps/AR0012SR.map 512 512 449 317 285 276 226.02
46 maps/bgmaps/AR0012SR.map 512 512 417 405 314 266 185.76
7 maps/bgmaps/AR0012SR.map 512 512 360 218 366 246 30.49
45 maps/bgmaps/AR0012SR.map 512 512 164 368 158 341 183.55
83 maps/bgmaps/AR0012SR.map 512 512 274 497 215 250 334.62
91 maps/bgmaps/AR0012SR.map 512 512 398 437 194 176 364.83
78 maps/bgmaps/AR0012SR.map 512 512 41 272 233 76 315.55
66 maps/bgmaps/AR0012SR.map 512 512 214 386 452 382 266.99
22 maps/bgmaps/AR0012SR.map 512 512 132 236 177 166 88.64
16 maps/bgmaps/AR0012SR.map 512 512 345 421 318 365 67.18
56 maps/bgmaps/AR0012SR.map 512 512 163 125 58 283 224.28
39 maps/bgmaps/AR0012SR.map 512 512 309 498 355 361 156.05
71 maps/bgmaps/AR0012SR.map 512 512 338 204 118 290 287.38
74 maps/bgmaps/AR0012SR.map 512 512 289 421 308 154 298.07
31 maps/bgmaps/AR0012SR.map 512 512 181 158 128 263 126.95
93 maps/bgmaps/AR0012SR.map 512 512 70 239 330 346 372.06
77 maps/bgmaps/AR0012SR.map 512 512 375 396 220 174 308.02
6 maps/bgmaps/AR0012SR.map 512 512 238 126 263 127 25.41
34 maps/bgmaps/AR0012SR.map 512 512 250 285 287 385 139.63
24 maps/bgmaps/AR0012SR.map 512 512 121 357 173 281 97.54
56 maps/bgmaps/AR0012SR.map 512 512 232 168 306 327 226.38
77 maps/bgmaps/AR0012SR.map 512 512 269 324 96 308 311.25
86 maps/bgmaps/AR0012SR.map 512 512 133 329 35 257 344.96
72 maps/bgmaps/AR0012SR.map 512 512 385 239 203 433 288.13
70 maps/bgmaps/AR0012SR.map 512 512 418 290 227 189 282.09
54 maps/bgmaps/AR0012SR.map 512 512 160 333 321 306 219.14
19 maps/bgmaps/AR0012SR.map 512 512 348 335 272 329 78.49
60 maps/bgmaps/AR0012SR.map 512 512 333 214 407 405 241.63
54 maps/bgmaps/AR0012SR.map 512 512 168 138 308 157 218.12
87 maps/bgmaps/AR0012SR.map 512 512 387 452 213 189 350.89
75 maps/bgmaps/AR0012SR.map 512 512 243 292 144 211 301.95
76 maps/bgmaps/AR0012SR.map 512 512 305 404 134 235 305.36
51 maps/bgmaps/AR0012SR.map 512 512 309 255 393 427 206.79
90 maps/bgmaps/AR0012SR.map 512 512 84 252 267 399 363.65
65 maps/bgmaps/AR0012SR.map 512 512 153 347 205 116 263.31
49 maps/bgmaps/AR0012SR.map 512 512 249 223 294 384 199.82
20 maps/bgmaps/AR0012SR.map 512 512 333 337 357 408 80.94
9 maps/bgmaps/AR0012SR.map 512 512 128 241 145 209 39.04
76 maps/bgmaps/AR0012SR.map 512 512 260 199 446 333 307.45
79 maps/bgmaps/AR0012SR.map 512 512 302 163 438 351 318.88
25 maps/bgmaps/AR0012SR.map 512 512 400 385 472 364 103.04
63 maps/bgmaps/AR0012SR.map 512 512 216 200 414 268 253.42
47 maps/bgmaps/AR0012SR.map 512 512 247 243 394 278 189.58
52 maps/bgmaps/AR0012SR.map 512 512 273 213 87 264 209.61
45 maps/bgmaps/AR0012SR.map 512 512 209 309 330 183 182.56
62 maps/bgmaps/AR0012SR.map 512 512 234 317 248 91 248.37
59 maps/bgmaps/AR0012SR.map 512 512 197 262 46 263 239.76
72 maps/bgmaps/AR0012SR.map 512 512 158 240 344 370 291.32
40 maps/bgmaps/AR0012SR.map 512 512 246 224 280 344 163.44
51 maps/bgmaps/AR0012SR.map 512 512 220 316 324 450 205.62
36 maps/bgmaps/AR0012SR.map 512 512 252 355 166 397 146.65
74 maps/bgmaps/AR0012SR.map 512 512 389 358 180 242 299.58
74 maps/bgmaps/AR0012SR.map 512 512 251 343 194 78 297.72
33 maps/bgmaps/AR0012SR.map 512 512 218 309 203 412 135.72
10 maps/bgmaps/AR0012SR.map 512 512 310 335 269 342 43.90
19 maps/bgmaps/AR0012SR.map 512 512 373 303 335 268 78.60
119 maps/bgmaps/AR0012SR.map 512 512 60 257 426 364 478.77
19 maps/bgmaps/AR0012SR.map 512 512 371 393 430 352 77.74
33 maps/bgmaps/AR0012SR.map 512 512 139 183 206 113 135.75
66 maps/bgmaps/AR0012SR.map 512 512 289 133 190 355 266.52
40 maps/bgmaps/AR0012SR.map 512 512 334 195 350 335 161.54
25 maps/bgmaps/AR0012SR.map 512 512 293 359 208 321 100.74
3 maps/bgmaps/AR0012SR.map 512 512 221 66 215 77 13.49
59 maps/bgmaps/AR0012SR.map 512 512 145 240 349 224 236.07
92 maps/bgmaps/AR0012SR.map 512 512 121 346 414 417 368.80
30 maps/bgmaps/AR0012SR.map 512 512 260 193 165 251 120.44
36 maps/bgmaps/AR0012SR.map 512 512 355 349 242 428 145.72
30 maps/bgmaps/AR0012SR.map 512 512 298 345 340 242 120.98
74 maps/bgmaps/AR0012SR.map 512 512 236 431 193 195 296.95
34 maps/bgmaps/AR0012SR.map 512 512 316 184 333 298 139.27
42 maps/bgmaps/AR0012SR.map 512 512 301 405 181 352 170.42
101 maps/bgmaps/AR0012SR.map 512 512 376 441 118 197 405.24
62 maps/bgmaps/AR0012SR.map 512 512 369 266 166 361 249.18
34 maps/bgmaps/AR0012SR.map 512 512 252 423 324 314 139.99
63 maps/bgmaps/AR0012SR.map 512 512 171 371 236 458 252.23
71 maps/bgmaps/AR0012SR.map 512 512 246 214 311 454 286.91
48 maps/bgmaps/AR0012SR.map 512 512 443 315 336 458 193.95
80 maps/bgmaps/AR0012SR.map 512 512 67 296 267 316 322.53
28 maps/bgmaps/AR0012SR.map 512 512 296 462 380 392 112.99
25 maps/bgmaps/AR0012SR.map 512 512 416 398 443 328 102.78
40 maps/bgmaps/AR0012SR.map 512 512 337 346 328 506 163.73
77 maps/bgmaps/AR0012SR.map 512 512 278 460 203 246 309.96
43 maps/bgmaps/AR0012SR.map 512 512 401 425 268 327 173.59
23 maps/bgmaps/AR0012SR.map 512 512 465 340 390 377 93.84
23 maps/bgmaps/AR0012SR.map 512 512 291 383 383 390 94.90
55 maps/bgmaps/AR0012SR.map 512 512 188 225 361 331 223.15
42 maps/bgmaps/AR0012SR.map 512 512 124 289 218 188 170.87
55 maps/bgmaps/AR0012SR.map 512 512 155 391 281 421 223.22
46 maps/bgmaps/AR0012SR.map 512 512 256 425 412 348 187.89
66 maps/bgmaps/AR0012SR.map 512 512 241 272 410 333 266.48
56 maps/bgmaps/AR0012SR.map 512 512 327 329 157 343 226.85
52 maps/bgmaps/AR0012SR.map 512 512 283 311 201 181 210.27
72 maps/bgmaps/AR0012SR.map 512 512 300 324 222 113 290.81
15 maps/bgmaps/AR0012SR.map 512 512 341 359 330 303 60.56
47 maps/bgmaps/AR0012SR.map 512 512 209 407 274 302 189.52
52 maps/bgmaps/AR0012SR.map 512 512 174 165 326 294 211.29
85 maps/bgmaps/AR0012SR.map 512 512 410 300 242 124 341.99
70 maps/bgmaps/AR0012SR.map 512 512 164 399 368 263 282.39
48 maps/bgmaps/AR0012SR.map 512 512 456 340 390 283 195.37
30 maps/bgmaps/AR0012SR.map 512 512 268 179 308 272 122.82
17 maps/bgmaps/AR0012SR.map 512 512 352 219 306 270 70.64
85 maps/bgmaps/AR0012SR.map 512 512 233 96 313 364 342.01
45 maps/bgmaps/AR0012SR.map 512 512 443 322 292 398 182.48
31 maps/bgmaps/AR0012SR.map 512 512 313 325 216 282 127.25
125 maps/bgmaps/AR0012SR.map 512 512 119 291 317 506 501.07
31 maps/bgmaps/AR0012SR.map 512 512 152 131 270 140 125.87
24 maps/bgmaps/AR0012SR.map 512 512 418 341 357 329 99.33
64 maps/bgmaps/AR0012SR.map 512 512 80 210 312 208 256.95
32 maps/bgmaps/AR0012SR.map 512 512 411 338 371 452 130.57
30 maps/bgmaps/AR0012SR.map 512 512 386 370 414 286 121.10
110 maps/bgmaps/AR0012SR.map 512 512 105 280 417 414 443.33
8 maps/bgmaps/AR0012SR.map 512 512 257 472 284 469 32.73
24 maps/bgmaps/AR0012SR.map 512 512 376 438 306 380 98.12
89 maps/bgmaps/AR0012SR.map 512 512 76 249 368 310 357.86
26 maps/bgmaps/AR0012SR.map 512 512 198 208 175 291 104.12
56 maps/bgmaps/AR0012SR.map 512 512 356 469 403 287 224.66
30 maps/bgmaps/AR0012SR.map 512 512 382 430 346 483 120.15
47 maps/bgmaps/AR0012SR.map 512 512 220 194 283 285 191.72
7 maps/bgmaps/AR0012SR.map 512 512 162 385 188 380 28.07
67 maps/bgmaps/AR0012SR.map 512 512 241 442 258 223 270.78
27 maps/bgmaps/AR0012SR.map 512 512 340 378 339 480 111.53
32 maps/bgmaps/AR0012SR.map 512 512 250 248 153 269 128.65
1 maps/bgmaps/AR0012SR.map 512 512 453 318 449 316 4.83
74 maps/bgmaps/AR0012SR.map 512 512 320 336 111 197 298.11
11 maps/bgmaps/AR0012SR.map 512 512 214 291 239 256 45.94
29 maps/bgmaps/AR0012SR.map 512 512 344 345 377 448 116.67
44 maps/bgmaps/AR0012SR.map 512 512 312 204 244 332 179.18
72 maps/bgmaps/AR0012SR.map 512 512 337 421 306 163 289.07
44 maps/bgmaps/AR0012SR.map 512 512 200 260 87 200 177.71
8 maps/bgmaps/AR0012SR.map 512 512 301 343 273 328 34.21
7 maps/bgmaps/AR0012SR.map 512 512 304 352 283 329 31.70
112 maps/bgmaps/AR0012SR.map 512 512 163 131 460 318 448.54
82 maps/bgmaps/AR0012SR.map 512 512 427 319 195 218 331.27
76 maps/bgmaps/AR0012SR.map 512 512 237 98 34 252 307.27
116 maps/bgmaps/AR0012SR.map 512 512 243 82 385 452 467.49
21 maps/bgmaps/AR0012SR.map 512 512 434 330 369 381 86.12
42 maps/bgmaps/AR0012SR.map 512 512 259 432 325 458 169.54
32 maps/bgmaps/AR0012SR.map 512 512 299 190 330 282 129.37
115 maps/bgmaps/AR0012SR.map 512 512 83 294 415 390 460.60
48 maps/bgmaps/AR0012SR.map 512 512 252 341 325 482 194.85
73 maps/bgmaps/AR0012SR.map 512 512 128 184 378 235 294.52
101 maps/bgmaps/AR0012SR.map 512 512 379 429 115 258 404.73
29 maps/bgmaps/AR0012SR.map 512 512 403 438 427 373 117.67
23 maps/bgmaps/AR0012SR.map 512 512 342 290 346 228 92.77
107 maps/bgmaps/AR0012SR.map 512 512 314 467 126 170 431.86
28 maps/bgmaps/AR0012SR.map 512 512 356 421 427 336 115.58
34 maps/bgmaps/AR0012SR.map 512 512 400 364 299 453 137.87
42 maps/bgmaps/AR0012SR.map 512 512 265 194 117 232 171.20
5 maps/bgmaps/AR0012SR.map 512 512 235 188 220 201 20.38
42 maps/bgmaps/AR0012SR.map 512 512 346 337 331 191 169.61
11 maps/bgmaps/AR0012SR.map 512 512 137 172 126 212 45.14
114 maps/bgmaps/AR0012SR.map 512 512 336 467 244 90 457.58
17 maps/bgmaps/AR0012SR.map 512 512 158 186 104 169 69.33
65 maps/bgmaps/AR0012SR.map 512 512 321 286 120 344 260.02
100 maps/bgmaps/AR0012SR.map 512 512 231 448 129 159 400.45
58 maps/bgmaps/AR0012SR.map 512 512 268 334 204 138 235.78
28 maps/bgmaps/AR0012SR.map 512 512 243 266 310 296 112.44
89 maps/bgmaps/AR0012SR.map 512 512 278 279 64 236 358.55
63 maps/bgmaps/AR0012SR.map 512 512 340 218 317 446 253.27
79 maps/bgmaps/AR0012SR.map 512 512 350 320 86 197 319.53
54 maps/bgmaps/AR0012SR.map 512 512 275 114 143 278 218.68
6 maps/bgmaps/AR0012SR.map 512 512 395 398 385 375 27.14
81 maps/bgmaps/AR0012SR.map 512 512 214 255 313 509 325.05
69 maps/bgmaps/AR0012SR.map 512 512 256 115 343 305 279.43
81 maps/bgmaps/AR0012SR.map 512 512 319 200 479 347 326.18
52 maps/bgmaps/AR0012SR.map 512 512 246 359 166 247 208.07
26 maps/bgmaps/AR0012SR.map 512 512 316 433 316 343 104.08
38 maps/bgmaps/AR0012SR.map 512 512 196 251 253 125 152.54
4 maps/bgmaps/AR0012SR.map 512 512 281 380 287 394 16.49
100 maps/bgmaps/AR0012SR.map 512 512 461 358 133 354 400.43
59 maps/bgmaps/AR0012SR.map 512 512 377 441 279 242 239.59
38 maps/bgmaps/AR0012SR.map 512 512 314 375 279 237 152.50
78 maps/bgmaps/AR0012SR.map 512 512 396 396 185 196 314.93
109 maps/bgmaps/AR0012SR.map 512 512 450 327 265 127 436.33
48 maps/bgmaps/AR0012SR.map 512 512 190 159 327 184 195.82
49 maps/bgmaps/AR0012SR.map 512 512 346 218 201 176 197.51
61 maps/bgmaps/AR0012SR.map 512 512 265 327 245 130 244.10
12 maps/bgmaps/AR0012SR.map 512 512 340 433 335 466 51.56
103 maps/bgmaps/AR0012SR.map 512 512 218 129 367 453 414.10
40 maps/bgmaps/AR0012SR.map 512 512 347 288 210 223 163.92
71 maps/bgmaps/AR0012SR.map 512 512 377 326 149 189 284.75
76 maps/bgmaps/AR0012SR.map 512 512 142 326 400 290 304.39
34 maps/bgmaps/AR0012SR.map 512 512 338 399 243 454 137.92
29 maps/bgmaps/AR0012SR.map 512 512 392 306 280 325 119.87
71 maps/bgmaps/AR0012SR.map 512 512 167 368 107 211 287.45
36 maps/bgmaps/AR0012SR.map 512 512 321 225 369 339 145.48
58 maps/bgmaps/AR0012SR.map 512 512 218 311 206 95 232.91
122 maps/bgmaps/AR0012SR.map 512 512 312 457 52 253 490.70
30 maps/bgmaps/AR0012SR.map 512 512 259 202 214 305 121.64
10 maps/bgmaps/AR0012SR.map 512 512 399 268 369 240 41.60
58 maps/bgmaps/AR0012SR.map 512 512 307 353 120 343 235.05
14 maps/bgmaps/AR0012SR.map 512 512 234 281 238 227 56.49
47 maps/bgmaps/AR0012SR.map 512 512 241 360 375 248 190.94
69 maps/bgmaps/AR0012SR.map 512 512 193 206 381 377 276.99
38 maps/bgmaps/AR0012SR.map 512 512 300 223 332 354 155.02
100 maps/bgmaps/AR0012SR.map 512 512 217 94 350 412 401.48
24 maps/bgmaps/AR0012SR.map 512 512 377 415 354 330 97.46
73 maps/bgmaps/AR0012SR.map 512 512 212 245 432 349 295.56
32 maps/bgmaps/AR0012SR.map 512 512 444 306 396 413 131.85
21 maps/bgmaps/AR0012SR.map 512 512 84 221 120 223 85.15
48 maps/bgmaps/AR0012SR.map 512 512 173 140 175 302 193.48
27 maps/bgmaps/AR0012SR.map 512 512 360 433 337 333 109.53
40 maps/bgmaps/AR0012SR.map 512 512 326 308 203 402 161.94
44 maps/bgmaps/AR0012SR.map 512 512 254 477 292 370 177.21
53 maps/bgmaps/AR0012SR.map 512 512 58 252 216 256 212.65
5 maps/bgmaps/AR0012SR.map 512 512 242 121 233 104 20.73
124 maps/bgmaps/AR0012SR.map 512 512 207 76 441 293 496.23
41 maps/bgmaps/AR0012SR.map 512 512 377 235 386 361 167.95
37 maps/bgmaps/AR0012SR.map 512 512 341 401 444 299 148.76
42 maps/bgmaps/AR0012SR.map 512 512 191 288 252 143 170.27
92 maps/bgmaps/AR0012SR.map 512 512 107 197 418 292 370.23
104 maps/bgmaps/AR0012SR.map 512 512 360 452 191 121 417.06
27 maps/bgmaps/AR0012SR.map 512 512 203 148 122 219 110.41
11 maps/bgmaps/AR0012SR.map 512 512 358 362 324 333 46.01
108 maps/bgmaps/AR0012SR.map 512 512 173 154 266 479 434.26
83 maps/bgmaps/AR0012SR.map 512 512 335 422 151 188 335.99
58 maps/bgmaps/AR0012SR.map 512 512 354 290 161 377 232.35
85 maps/bgmaps/AR0012SR.map 512 512 161 384 221 79 340.62
11 maps/bgmaps/AR0012SR.map 512 512 268 324 270 370 46.83
34 maps/bgmaps/AR0012SR.map 512 512 345 372 251 452 139.44
87 maps/bgmaps/AR0012SR.map 512 512 193 156 409 387 349.76
98 maps/bgmaps/AR0012SR.map 512 512 298 467 192 159 394.37
46 maps/bgmaps/AR0012SR.map 512 512 244 229 83 217 184.20
68 maps/bgmaps/AR0012SR.map 512 512 163 397 244 155 275.55
64 maps/bgmaps/AR0012SR.map 512 512 338 373 185 230 258.94
77 maps/bgmaps/AR0012SR.map 512 512 317 190 303 461 310.62
65 maps/bgmaps/AR0012SR.map 512 512 281 378 243 156 261.76
31 maps/bgmaps/AR0012SR.map 512 512 268 494 362 412 127.97
31 maps/bgmaps/AR0012SR.map 512 512 200 251 180 357 124.81
99 maps/bgmaps/AR0012SR.map 512 512 107 285 424 278 396.13
73 maps/bgmaps/AR0012SR.map 512 512 355 345 138 246 293.36
51 maps/bgmaps/AR0012SR.map 512 512 333 330 288 173 205.72
71 maps/bgmaps/AR0012SR.map 512 512 164 146 367 261 286.68
51 maps/bgmaps/AR0012SR.map 512 512 302 176 286 347 204.14
92 maps/bgmaps/AR0012SR.map 512 512 147 166 191 429 368.65
43 maps/bgmaps/AR0012SR.map 512 512 474 349 372 307 175.25
68 maps/bgmaps/AR0012SR.map 512 512 232 242 240 465 272.71
99 maps/bgmaps/AR0012SR.map 512 512 399 380 107 170 397.39
81 maps/bgmaps/AR0012SR.map 512 512 275 117 265 302 324.65
26 maps/bgmaps/AR0012SR.map 512 512 152 268 105 205 105.84
44 maps/bgmaps/AR0012SR.map 512 512 54 284 95 186 176.68
65 maps/bgmaps/AR0012SR.map 512 512 135 241 360 278 263.62
82 maps/bgmaps/AR0012SR.map 512 512 235 76 290 344 331.79
68 maps/bgmaps/AR0012SR.map 512 512 102 172 329 286 275.05
66 maps/bgmaps/AR0012SR.map 512 512 186 148 164 385 267.65
61 maps/bgmaps/AR0012SR.map 512 512 216 387 443 354 247.30
13 maps/bgmaps/AR0012SR.map 512 512 257 445 285 422 54.21
12 maps/bgmaps/AR0012SR.map 512 512 213 133 259 123 50.14
36 maps/bgmaps/AR0012SR.map 512 512 79 307 147 192 146.68
89 maps/bgmaps/AR0012SR.map 512 512 283 455 286 163 358.95
32 maps/bgmaps/AR0012SR.map 512 512 368 264 271 329 129.20
53 maps/bgmaps/AR0012SR.map 512 512 138 341 296 359 214.15
24 maps/bgmaps/AR0012SR.map 512 512 361 311 284 270 99.40
65 maps/bgmaps/AR0012SR.map 512 512 341 402 142 324 260.06
71 maps/bgmaps/AR0012SR.map 512 512 340 451 243 209 286.91
36 maps/bgmaps/AR0012SR.map 512 512 331 388 293 260 144.33
92 maps/bgmaps/AR0012SR.map 512 512 415 262 132 157 368.05
41 maps/bgmaps/AR0012SR.map 512 512 233 396 252 264 167.89
46 maps/bgmaps/AR0012SR.map 512 512 381 373 244 459 184.92
19 maps/bgmaps/AR0012SR.map 512 512 289 414 344 406 76.05
60 maps/bgmaps/AR0012SR.map 512 512 332 363 158 340 242.52
52 maps/bgmaps/AR0012SR.map 512 512 391 302 199 337 209.81
19 maps/bgmaps/AR0012SR.map 512 512 221 298 283 324 79.60
74 maps/bgmaps/AR0012SR.map 512 512 118 351 175 110 299.50
25 maps/bgmaps/AR0012SR.map 512 512 354 376 271 330 102.05
1 maps/bgmaps/AR0012SR.map 512 512 237 177 243 179 6.83
65 maps/bgmaps/AR0012SR.map 512 512 325 198 154 384 263.27
52 maps/bgmaps/AR0012SR.map 512 512 263 412 444 369 208.75
46 maps/bgmaps/AR0012SR.map 512 512 261 194 305 349 186.48
36 maps/bgmaps/AR0012SR.map 512 512 283 242 251 161 145.27
82 maps/bgmaps/AR0012SR.map 512 512 408 432 303 159 331.40
19 maps/bgmaps/AR0012SR.map 512 512 395 291 361 227 78.08
15 maps/bgmaps/AR0012SR.map 512 512 154 200 107 234 61.08
38 maps/bgmaps/AR0012SR.map 512 512 398 346 342 467 155.79
24 maps/bgmaps/AR0012SR.map 512 512 311 384 317 460 99.36
28 maps/bgmaps/AR0012SR.map 512 512 329 178 240 236 113.02
127 maps/bgmaps/AR0012SR.map 512 512 89 317 452 342 511.77
69 maps/bgmaps/AR0012SR.map 512 512 324 425 215 214 277.91
13 maps/bgmaps/AR0012SR.map 512 512 363 351 315 338 53.38
33 maps/bgmaps/AR0012SR.map 512 512 205 407 295 398 132.97
91 maps/bgmaps/AR0012SR.map 512 512 350 382 180 109 364.50
32 maps/bgmaps/AR0012SR.map 512 512 367 327 242 335 128.31
49 maps/bgmaps/AR0012SR.map 512 512 279 379 456 382 196.47
58 maps/bgmaps/AR0012SR.map 512 512 342 232 244 142 233.72
72 maps/bgmaps/AR0012SR.map 512 512 363 428 258 190 288.81
37 maps/bgmaps/AR0012SR.map 512 512 327 192 204 256 149.51
103 maps/bgmaps/AR0012SR.map 512 512 407 343 116 159 414.97
48 maps/bgmaps/AR0012SR.map 512 512 329 246 328 423 193.15
49 maps/bgmaps/AR0012SR.map 512 512 327 332 311 160 196.85
15 maps/bgmaps/AR0012SR.map 512 512 283 395 335 374 60.70
43 maps/bgmaps/AR0012SR.map 512 512 100 268 193 258 172.82
13 maps/bgmaps/AR0012SR.map 512 512 302 266 262 228 55.74
64 maps/bgmaps/AR0012SR.map 512 512 266 330 282 136 256.01
51 maps/bgmaps/AR0012SR.map 512 512 251 440 202 278 207.15
60 maps/bgmaps/AR0012SR.map 512 512 254 429 464 351 242.89
9 maps/bgmaps/AR0012SR.map 512 512 311 235 337 210 36.94
44 maps/bgmaps/AR0012SR.map 512 512 252 219 385 323 176.08
21 maps/bgmaps/AR0012SR.map 512 512 363 238 319 171 85.23
43 maps/bgmaps/AR0012SR.map 512 512 313 374 445 291 173.99
35 maps/bgmaps/AR0012SR.map 512 512 294 293 254 197 140.17
81 maps/bgmaps/AR0012SR.map 512 512 336 418 165 175 327.30
74 maps/bgmaps/AR0012SR.map 512 512 64 236 319 194 298.08
116 maps/bgmaps/AR0012SR.map 512 512 220 71 373 439 464.00
57 maps/bgmaps/AR0012SR.map 512 512 224 234 337 396 231.15
16 maps/bgmaps/AR0012SR.map 512 512 345 344 397 355 64.84
25 maps/bgmaps/AR0012SR.map 512 512 232 191 175 122 101.40
75 maps/bgmaps/AR0012SR.map 512 512 332 477 190 383 302.49
81 maps/bgmaps/AR0012SR.map 512 512 199 165 344 419 327.53
107 maps/bgmaps/AR0012SR.map 512 512 147 203 317 505 429.20
35 maps/bgmaps/AR0012SR.map 512 512 315 310 427 349 141.41
39 maps/bgmaps/AR0012SR.map 512 512 363 287 269 405 157.52
24 maps/bgmaps/AR0012SR.map 512 512 416 434 414 362 99.84
29 maps/bgmaps/AR0012SR.map 512 512 133 270 84 198 118.07
62 maps/bgmaps/AR0012SR.map 512 512 329 409 329 183 248.12
75 maps/bgmaps/AR0012SR.map 512 512 336 351 128 246 301.49
95 maps/bgmaps/AR0012SR.map 512 512 392 252 97 309 381.50
44 maps/bgmaps/AR0012SR.map 512 512 206 285 358 341 177.54
76 maps/bgmaps/AR0012SR.map 512 512 273 364 114 286 307.05
77 maps/bgmaps/AR0012SR.map 512 512 269 312 226 77 311.87
17 maps/bgmaps/AR0012SR.map 512 512 212 227 158 197 68.08
21 maps/bgmaps/AR0012SR.map 512 512 292 357 311 281 84.70
39 maps/bgmaps/AR0012SR.map 512 512 349 215 281 345 158.17
15 maps/bgmaps/AR0012SR.map 512 512 199 208 238 253 61.15
80 maps/bgmaps/AR0012SR.map 512 512 390 251 277 125 321.82
102 maps/bgmaps/AR0012SR.map 512 512 142 155 395 396 410.07
55 maps/bgmaps/AR0012SR.map 512 512 242 428 323 498 220.44
28 maps/bgmaps/AR0012SR.map 512 512 383 304 341 232 114.95
18 maps/bgmaps/AR0012SR.map 512 512 159 193 137 256 72.11
46 maps/bgmaps/AR0012SR.map 512 512 178 280 278 416 184.01
9 maps/bgmaps/AR0012SR.map 512 512 295 354 284 387 37.56
22 maps/bgmaps/AR0012SR.map 512 512 134 264 141 178 88.90
45 maps/bgmaps/AR0012SR.map 512 512 326 330 268 484 183.82
76 maps/bgmaps/AR0012SR.map 512 512 242 163 265 423 305.98
63 maps/bgmaps/AR0012SR.map 512 512 269 185 156 394 255.81
67 maps/bgmaps/AR0012SR.map 512 512 336 242 102 267 269.21
102 maps/bgmaps/AR0012SR.map 512 512 395 284 83 309 409.36
58 maps/bgmaps/AR0012SR.map 512 512 463 372 355 485 235.88
102 maps/bgmaps/AR0012SR.map 512 512 353 476 206 151 408.48
7 maps/bgmaps/AR0012SR.map 512 512 246 100 236 127 31.14
55 maps/bgmaps/AR0012SR.map 512 512 230 438 410 438 223.08
79 maps/bgmaps/AR0012SR.map 512 512 275 118 260 274 318.06
33 maps/bgmaps/AR0012SR.map 512 512 223 194 317 208 132.18
20 maps/bgmaps/AR0012SR.map 512 512 305 384 369 336 83.88
63 maps/bgmaps/AR0012SR.map 512 512 204 140 282 286 253.76
48 maps/bgmaps/AR0012SR.map 512 512 199 271 104 286 194.99
51 maps/bgmaps/AR0012SR.map 512 512 466 330 291 408 207.31
70 maps/bgmaps/AR0012SR.map 512 512 376 319 149 201 280.85
14 maps/bgmaps/AR0012SR.map 512 512 279 394 250 351 59.01
119 maps/bgmaps/AR0012SR.map 512 512 278 138 250 480 476.20
20 maps/bgmaps/AR0012SR.map 512 512 271 290 314 263 82.28
69 maps/bgmaps/AR0012SR.map 512 512 415 255 233 457 277.39
99 maps/bgmaps/AR0012SR.map 512 512 403 448 186 160 397.22
13 maps/bgmaps/AR0012SR.map 512 512 383 439 336 426 52.38
84 maps/bgmaps/AR0012SR.map 512 512 176 197 329 451 337.92
98 maps/bgmaps/AR0012SR.map 512 512 361 455 172 152 394.76
37 maps/bgmaps/AR0012SR.map 512 512 413 401 330 484 149.50
90 maps/bgmaps/AR0012SR.map 512 512 256 300 220 75 360.50
71 maps/bgmaps/AR0012SR.map 512 512 113 196 362 233 284.21
77 maps/bgmaps/AR0012SR.map 512 512 115 338 373 224 311.85
70 maps/bgmaps/AR0012SR.map 512 512 194 374 229 116 283.27
35 maps/bgmaps/AR0012SR.map 512 512 382 365 365 253 140.98
99 maps/bgmaps/AR0012SR.map 512 512 382 424 119 233 397.10
51 maps/bgmaps/AR0012SR.map 512 512 280 316 126 352 206.25
98 maps/bgmaps/AR0012SR.map 512 512 253 476 128 337 394.40
62 maps/bgmaps/AR0012SR.map 512 512 468 340 266 278 248.39
127 maps/bgmaps/AR0012SR.map 512 512 195 86 310 507 511.10
76 maps/bgmaps/AR0012SR.map 512 512 143 158 364 225 304.45
50 maps/bgmaps/AR0012SR.map 512 512 174 195 191 368 200.37
86 maps/bgmaps/AR0012SR.map 512 512 267 262 219 79 346.75
29 maps/bgmaps/AR0012SR.map 512 512 413 358 330 433 116.07
112 maps/bgmaps/AR0012SR.map 512 512 217 87 393 431 451.14
90 maps/bgmaps/AR0012SR.map 512 512 192 181 379 453 362.93
26 maps/bgmaps/AR0012SR.map 512 512 350 229 349 314 105.01
80 maps/bgmaps/AR0012SR.map 512 512 118 184 275 405 321.12
21 maps/bgmaps/AR0012SR.map 512 512 127 210 195 165 86.64
101 maps/bgmaps/AR0012SR.map 512 512 57 284 279 419 404.40
63 maps/bgmaps/AR0012SR.map 512 512 455 313 256 286 255.75
10 maps/bgmaps/AR0012SR.map 512 512 357 417 385 444 41.53
73 maps/bgmaps/AR0012SR.map 512 512 180 264 343 474 295.72
60 maps/bgmaps/AR0012SR.map 512 512 121 191 340 195 243.85
35 maps/bgmaps/AR0012SR.map 512 512 362 219 243 256 140.95
83 maps/bgmaps/AR0012SR.map 512 512 294 449 144 338 334.83
43 maps/bgmaps/AR0012SR.map 512 512 239 258 368 334 173.49
69 maps/bgmaps/AR0012SR.map 512 512 215 303 43 262 278.38
54 maps/bgmaps/AR0012SR.map 512 512 163 298 349 357 217.07
79 maps/bgmaps/AR0012SR.map 512 512 213 97 312 344 318.94
29 maps/bgmaps/AR0012SR.map 512 512 418 335 317 357 116.74
50 maps/bgmaps/AR0012SR.map 512 512 223 304 364 436 203.88
73 maps/bgmaps/AR0012SR.map 512 512 352 217 131 352 292.92
29 maps/bgmaps/AR0012SR.map 512 512 296 366 224 287 116.44
75 maps/bgmaps/AR0012SR.map 512 512 172 388 102 192 302.31
35 maps/bgmaps/AR0012SR.map 512 512 253 246 131 249 143.95
78 maps/bgmaps/AR0012SR.map 512 512 476 340 340 193 315.69
47 maps/bgmaps/AR0012SR.map 512 512 273 218 220 105 188.12
66 maps/bgmaps/AR0012SR.map 512 512 198 205 420 263 265.08
64 maps/bgmaps/AR0012SR.map 512 512 212 384 243 173 258.94
39 maps/bgmaps/AR0012SR.map 512 512 155 373 281 308 156.24
28 maps/bgmaps/AR0012SR.map 512 512 372 305 348 219 115.58
30 maps/bgmaps/AR0012SR.map 512 512 355 210 323 312 122.71
54 maps/bgmaps/AR0012SR.map 512 512 356 437 219 412 218.11
85 maps/bgmaps/AR0012SR.map 512 512 231 371 72 291 341.43
36 maps/bgmaps/AR0012SR.map 512 512 127 154 108 287 145.01
67 maps/bgmaps/AR0012SR.map 512 512 344 463 194 429 270.63
37 maps/bgmaps/AR0012SR.map 512 512 337 341 259 226 148.48
16 maps/bgmaps/AR0012SR.map 512 512 210 206 266 230 67.11
25 maps/bgmaps/AR0012SR.map 512 512 385 282 312 285 100.61
57 maps/bgmaps/AR0012SR.map 512 512 174 239 339 326 228.84
53 maps/bgmaps/AR0012SR.map 512 512 369 426 258 302 212.66
41 maps/bgmaps/AR0012SR.map 512 512 277 487 334 345 165.61
61 maps/bgmaps/AR0012SR.map 512 512 451 342 285 497 247.19
73 maps/bgmaps/AR0012SR.map 512 512 296 392 137 265 294.92
16 maps/bgmaps/AR0012SR.map 512 512 330 302 306 245 66.94
10 maps/bgmaps/AR0012SR.map 512 512 339 340 314 371 41.36
35 maps/bgmaps/AR0012SR.map 512 512 408 420 332 309 142.48
104 maps/bgmaps/AR0012SR.map 512 512 468 325 187 158 416.70
103 maps/bgmaps/AR0012SR.map 512 512 335 470 120 246 415.82
75 maps/bgmaps/AR0012SR.map 512 512 366 323 190 121 302.09
28 maps/bgmaps/AR0012SR.map 512 512 367 387 290 303 115.89
67 maps/bgmaps/AR0012SR.map 512 512 233 453 426 276 268.66
69 maps/bgmaps/AR0012SR.map 512 512 331 386 225 177 278.42
81 maps/bgmaps/AR0012SR.map 512 512 435 360 192 214 327.68
84 maps/bgmaps/AR0012SR.map 512 512 344 329 194 81 338.58
61 maps/bgmaps/AR0012SR.map 512 512 207 401 407 289 246.39
27 maps/bgmaps/AR0012SR.map 512 512 222 305 214 389 111.68
46 maps/bgmaps/AR0012SR.map 512 512 148 172 261 188 185.41
23 maps/bgmaps/AR0012SR.map 512 512 329 383 390 453 95.27
45 maps/bgmaps/AR0012SR.map 512 512 369 317 219 235 183.97
28 maps/bgmaps/AR0012SR.map 512 512 173 220 89 198 112.97
35 maps/bgmaps/AR0012SR.map 512 512 168 112 126 165 140.50
105 maps/bgmaps/AR0012SR.map 512 512 139 205 464 352 422.52
75 maps/bgmaps/AR0012SR.map 512 512 337 462 174 388 301.19
23 maps/bgmaps/AR0012SR.map 512 512 360 365 267 367 93.83
29 maps/bgmaps/AR0012SR.map 512 512 224 240 191 343 116.67
11 maps/bgmaps/AR0012SR.map 512 512 358 386 382 418 46.04
11 maps/bgmaps/AR0012SR.map 512 512 355 245 393 262 45.04
70 maps/bgmaps/AR0012SR.map 512 512 323 422 304 178 280.04
10 maps/bgmaps/AR0012SR.map 512 512 281 458 295 494 41.80
11 maps/bgmaps/AR0012SR.map 512 512 427 317 424 361 45.24
103 maps/bgmaps/AR0012SR.map 512 512 309 443 126 166 413.93
55 maps/bgmaps/AR0012SR.map 512 512 221 59 96 184 222.45
40 maps/bgmaps/AR0012SR.map 512 512 97 241 172 112 161.82
63 maps/bgmaps/AR0012SR.map 512 512 332 226 194 115 252.87
80 maps/bgmaps/AR0012SR.map 512 512 336 226 63 279 322.88
79 maps/bgmaps/AR0012SR.map 512 512 99 243 368 322 319.95
69 maps/bgmaps/AR0012SR.map 512 512 195 145 258 288 276.49
21 maps/bgmaps/AR0012SR.map 512 512 292 348 258 421 87.08
105 maps/bgmaps/AR0012SR.map 512 512 166 247 268 498 420.19
23 maps/bgmaps/AR0012SR.map 512 512 284 219 205 198 93.11
55 maps/bgmaps/AR0012SR.map 512 512 278 172 150 159 222.28
54 maps/bgmaps/AR0012SR.map 512 512 209 326 156 132 218.44
27 maps/bgmaps/AR0012SR.map 512 512 167 147 103 179 109.64
87 maps/bgmaps/AR0012SR.map 512 512 170 381 283 501 349.76
54 maps/bgmaps/AR0012SR.map 512 512 168 223 173 381 216.88
77 maps/bgmaps/AR0012SR.map 512 512 323 179 93 320 311.49
73 maps/bgmaps/AR0012SR.map 512 512 231 393 133 272 294.71
35 maps/bgmaps/AR0012SR.map 512 512 240 330 364 282 143.88
70 maps/bgmaps/AR0012SR.map 512 512 415 433 244 242 281.16
45 maps/bgmaps/AR0012SR.map 512 512 244 115 99 185 183.11
49 maps/bgmaps/AR0012SR.map 512 512 377 373 257 253 196.15
28 maps/bgmaps/AR0012SR.map 512 512 313 368 411 404 112.91
37 maps/bgmaps/AR0012SR.map 512 512 311 400 268 266 151.81
51 maps/bgmaps/AR0012SR.map 512 512 182 356 165 180 207.89
99 maps/bgmaps/AR0012SR.map 512 512 153 262 283 462 398.94
14 maps/bgmaps/AR0012SR.map 512 512 58 251 76 300 56.46
107 maps/bgmaps/AR0012SR.map 512 512 173 119 374 453 430.73
41 maps/bgmaps/AR0012SR.map 512 512 226 313 167 170 167.44
41 maps/bgmaps/AR0012SR.map 512 512 225 136 108 250 164.81
22 maps/bgmaps/AR0012SR.map 512 512 129 165 147 246 88.46
27 maps/bgmaps/AR0012SR.map 512 512 120 162 183 223 109.60
24 maps/bgmaps/AR0012SR.map 512 512 401 432 315 443 98.01
127 maps/bgmaps/AR0012SR.map 512 512 466 349 77 294 510.70
55 maps/bgmaps/AR0012SR.map 512 512 110 255 240 318 223.51
57 maps/bgmaps/AR0012SR.map 512 512 442 392 281 265 230.78
64 maps/bgmaps/AR0012SR.map 512 512 135 364 321 314 256.35
40 maps/bgmaps/AR0012SR.map 512 512 335 371 226 282 163.34
72 maps/bgmaps/AR0012SR.map 512 512 389 261 157 318 291.19
92 maps/bgmaps/AR0012SR.map 512 512 370 410 214 136 371.30
70 maps/bgmaps/AR0012SR.map 512 512 274 356 102 209 283.74
12 maps/bgmaps/AR0012SR.map 512 512 227 78 240 121 48.38
86 maps/bgmaps/AR0012SR.map 512 512 381 367 195 123 347.06
111 maps/bgmaps/AR0012SR.map 512 512 283 485 120 237 445.32
27 maps/bgmaps/AR0012SR.map 512 512 176 189 254 116 111.17
33 maps/bgmaps/AR0012SR.map 512 512 364 337 336 231 135.82
32 maps/bgmaps/AR0012SR.map 512 512 323 256 284 371 131.15
39 maps/bgmaps/AR0012SR.map 512 512 159 308 282 220 159.45
38 maps/bgmaps/AR0012SR.map 512 512 326 343 337 202 155.50
90 maps/bgmaps/AR0012SR.map 512 512 304 370 206 70 361.32
20 maps/bgmaps/AR0012SR.map 512 512 370 379 391 310 83.50
39 maps/bgmaps/AR0012SR.map 512 512 154 266 175 292 158.87
9 maps/bgmaps/AR0012SR.map 512 512 202 148 177 175 37.36
54 maps/bgmaps/AR0012SR.map 512 512 293 455 412 285 219.29
88 maps/bgmaps/AR0012SR.map 512 512 458 356 148 381 354.32
127 maps/bgmaps/AR0012SR.map 512 512 435 314 52 267 511.17
57 maps/bgmaps/AR0012SR.map 512 512 279 501 296 309 229.69
41 maps/bgmaps/AR0012SR.map 512 512 195 280 327 364 166.79
70 maps/bgmaps/AR0012SR.map 512 512 355 321 134 271 283.72
80 maps/bgmaps/AR0012SR.map 512 512 214 91 274 374 320.28
41 maps/bgmaps/AR0012SR.map 512 512 419 282 419 343 167.21
86 maps/bgmaps/AR0012SR.map 512 512 266 110 311 395 346.72
22 maps/bgmaps/AR0012SR.map 512 512 274 264 261 321 91.70
23 maps/bgmaps/AR0012SR.map 512 512 156 129 242 114 95.53
66 maps/bgmaps/AR0012SR.map 512 512 159 383 375 389 267.95
78 maps/bgmaps/AR0012SR.map 512 512 230 116 374 311 314.40
30 maps/bgmaps/AR0012SR.map 512 512 365 247 290 277 123.33
93 maps/bgmaps/AR0012SR.map 512 512 261 100 416 272 374.89
50 maps/bgmaps/AR0012SR.map 512 512 363 319 237 469 202.19
58 maps/bgmaps/AR0012SR.map 512 512 262 425 285 222 234.89
37 maps/bgmaps/AR0012SR.map 512 512 306 364 239 268 150.82
12 maps/bgmaps/AR0012SR.map 512 512 324 344 283 361 48.04
109 maps/bgmaps/AR0012SR.map 512 512 317 458 136 152 437.13
77 maps/bgmaps/AR0012SR.map 512 512 132 276 377 301 311.69
63 maps/bgmaps/AR0012SR.map 512 512 72 297 173 280 253.08
75 maps/bgmaps/AR0012SR.map 512 512 373 224 229 465 300.65
51 maps/bgmaps/AR0012SR.map 512 512 137 153 280 235 207.23
39 maps/bgmaps/AR0012SR.map 512 512 296 374 173 290 157.79
41 maps/bgmaps/AR0012SR.map 512 512 261 419 408 394 166.47
13 maps/bgmaps/AR0012SR.map 512 512 176 300 162 340 52.97
8 maps/bgmaps/AR0012SR.map 512 512 331 329 357 313 33.21
89 maps/bgmaps/AR0012SR.map 512 512 187 191 289 454 358.10
85 maps/bgmaps/AR0012SR.map 512 512 268 489 287 198 342.78
98 maps/bgmaps/AR0012SR.map 512 512 398 250 83 311 394.48
8 maps/bgmaps/AR0012SR.map 512 512 305 179 321 205 32.63
10 maps/bgmaps/AR0012SR.map 512 512 402 389 383 419 43.28
20 maps/bgmaps/AR0012SR.map 512 512 130 334 191 281 82.95
41 maps/bgmaps/AR0012SR.map 512 512 288 321 149 314 167.58
13 maps/bgmaps/AR0012SR.map 512 512 201 131 246 110 53.70
30 maps/bgmaps/AR0012SR.map 512 512 222 278 157 245 121.98
64 maps/bgmaps/AR0012SR.map 512 512 271 488 446 303 257.49
89 maps/bgmaps/AR0012SR.map 512 512 147 334 443 365 359.53
124 maps/bgmaps/AR0012SR.map 512 512 312 504 114 290 498.07
5 maps/bgmaps/AR0012SR.map 512 512 74 307 93 298 22.73
45 maps/bgmaps/AR0012SR.map 512 512 230 163 318 170 182.82
45 maps/bgmaps/AR0012SR.map 512 512 183 123 284 232 180.12
23 maps/bgmaps/AR0012SR.map 512 512 258 125 177 101 95.43
45 maps/bgmaps/AR0012SR.map 512 512 355 291 203 265 180.99
67 maps/bgmaps/AR0012SR.map 512 512 230 318 470 336 271.48
92 maps/bgmaps/AR0012SR.map 512 512 285 331 30 254 370.05
69 maps/bgmaps/AR0012SR.map 512 512 267 287 139 207 279.22
75 maps/bgmaps/AR0012SR.map 512 512 296 386 186 128 303.56
55 maps/bgmaps/AR0012SR.map 512 512 441 378 372 246 220.24
81 maps/bgmaps/AR0012SR.map 512 512 172 124 270 402 327.71
86 maps/bgmaps/AR0012SR.map 512 512 197 255 448 291 347.72
64 maps/bgmaps/AR0012SR.map 512 512 161 179 363 247 256.84
41 maps/bgmaps/AR0012SR.map 512 512 279 505 370 376 166.69
115 maps/bgmaps/AR0012SR.map 512 512 252 126 336 503 460.89
60 maps/bgmaps/AR0012SR.map 512 512 137 213 275 324 241.45
31 maps/bgmaps/AR0012SR.map 512 512 385 295 298 250 127.82
84 maps/bgmaps/AR0012SR.map 512 512 165 360 450 311 339.26
19 maps/bgmaps/AR0012SR.map 512 512 411 336 350 375 78.33
39 maps/bgmaps/AR0012SR.map 512 512 98 296 109 160 159.61
35 maps/bgmaps/AR0012SR.map 512 512 189 181 290 168 143.87
50 maps/bgmaps/AR0012SR.map 512 512 167 367 330 373 201.11
49 maps/bgmaps/AR0012SR.map 512 512 175 289 108 205 198.14
69 maps/bgmaps/AR0012SR.map 512 512 295 471 358 225 279.55
81 maps/bgmaps/AR0012SR.map 512 512 212 226 455 366 325.19
23 maps/bgmaps/AR0012SR.map 512 512 386 327 380 242 94.94
38 maps/bgmaps/AR0012SR.map 512 512 339 316 327 467 155.97
15 maps/bgmaps/AR0012SR.map 512 512 288 390 337 356 63.08
77 maps/bgmaps/AR0012SR.map 512 512 372 229 152 390 308.40
9 maps/bgmaps/AR0012SR.map 512 512 208 282 202 247 37.49
38 maps/bgmaps/AR0012SR.map 512 512 445 386 310 352 155.71
112 maps/bgmaps/AR0012SR.map 512 512 241 443 58 231 450.19
122 maps/bgmaps/AR0012SR.map 512 512 239 93 480 332 490.80
53 maps/bgmaps/AR0012SR.map 512 512 228 397 160 341 215.18
53 maps/bgmaps/AR0012SR.map 512 512 61 254 214 262 215.65
61 maps/bgmaps/AR0012SR.map 512 512 385 370 175 299 247.45
38 maps/bgmaps/AR0012SR.map 512 512 306 306 176 288 155.68
68 maps/bgmaps/AR0012SR.map 512 512 285 246 296 486 275.21
47 maps/bgmaps/AR0012SR.map 512 512 151 353 253 206 189.25
87 maps/bgmaps/AR0012SR.map 512 512 206 215 272 466 348.20
59 maps/bgmaps/AR0012SR.map 512 512 312 463 209 404 239.42
38 maps/bgmaps/AR0012SR.map 512 512 317 228 196 294 155.55
80 maps/bgmaps/AR0012SR.map 512 512 303 382 277 126 321.30
58 maps/bgmaps/AR0012SR.map 512 512 325 192 268 124 235.45
22 maps/bgmaps/AR0012SR.map 512 512 341 412 304 337 90.33
90 maps/bgmaps/AR0012SR.map 512 512 163 261 420 338 363.73
25 maps/bgmaps/AR0012SR.map 512 512 135 239 223 232 100.84
91 maps/bgmaps/AR0012SR.map 512 512 386 444 162 244 366.90
33 maps/bgmaps/AR0012SR.map 512 512 415 434 446 367 133.50
80 maps/bgmaps/AR0012SR.map 512 512 272 475 247 222 320.33
68 maps/bgmaps/AR0012SR.map 512 512 244 174 364 358 275.99
93 maps/bgmaps/AR0012SR.map 512 512 442 377 130 333 372.48
64 maps/bgmaps/AR0012SR.map 512 512 314 187 222 87 259.38
53 maps/bgmaps/AR0012SR.map 512 512 378 324 201 412 215.79
51 maps/bgmaps/AR0012SR.map 512 512 345 211 297 399 207.88
63 maps/bgmaps/AR0012SR.map 512 512 228 385 307 188 255.16
110 maps/bgmaps/AR0012SR.map 512 512 462 341 232 123 441.97
50 maps/bgmaps/AR0012SR.map 512 512 255 346 428 272 203.65
68 maps/bgmaps/AR0012SR.map 512 512 299 185 225 408 275.19
53 maps/bgmaps/AR0012SR.map 512 512 404 286 317 465 215.04
37 maps/bgmaps/AR0012SR.map 512 512 204 297 204 410 151.11
94 maps/bgmaps/AR0012SR.map 512 512 136 323 456 378 376.75
116 maps/bgmaps/AR0012SR.map 512 512 139 170 446 292 465.16
16 maps/bgmaps/AR0012SR.map 512 512 248 145 214 92 67.08
37 maps/bgmaps/AR0012SR.map 512 512 244 205 194 117 148.23
4 maps/bgmaps/AR0012SR.map 512 512 255 227 252 245 19.24
105 maps/bgmaps/AR0012SR.map 512 512 431 369 249 109 421.24
5 maps/bgmaps/AR0012SR.map 512 512 298 457 312 439 23.80
50 maps/bgmaps/AR0012SR.map 512 512 235 119 198 301 203.95
37 maps/bgmaps/AR0012SR.map 512 512 366 361 370 226 150.74
19 maps/bgmaps/AR0012SR.map 512 512 72 247 107 309 76.50
120 maps/bgmaps/AR0012SR.map 512 512 115 279 281 484 482.09
61 maps/bgmaps/AR0012SR.map 512 512 335 316 177 153 247.78
59 maps/bgmaps/AR0012SR.map 512 512 405 262 479 352 237.68
33 maps/bgmaps/AR0012SR.map 512 512 301 447 279 412 134.92
31 maps/bgmaps/AR0012SR.map 512 512 292 330 207 264 127.57
88 maps/bgmaps/AR0012SR.map 512 512 352 354 86 199 355.19
91 maps/bgmaps/AR0012SR.map 512 512 107 182 343 395 364.30
31 maps/bgmaps/AR0012SR.map 512 512 315 298 234 213 126.75
61 maps/bgmaps/AR0012SR.map 512 512 168 397 257 435 247.78
30 maps/bgmaps/AR0012SR.map 512 512 153 204 255 152 123.54
27 maps/bgmaps/AR0012SR.map 512 512 201 175 217 72 111.28
8 maps/bgmaps/AR0012SR.map 512 512 253 168 225 180 32.97
96 maps/bgmaps/AR0012SR.map 512 512 264 441 93 186 385.85
16 maps/bgmaps/AR0012SR.map 512 512 362 346 401 343 65.36
127 maps/bgmaps/AR0012SR.map 512 512 70 277 320 496 508.14
68 maps/bgmaps/AR0012SR.map 512 512 175 200 266 420 275.39
26 maps/bgmaps/AR0012SR.map 512 512 352 410 428 377 107.41
109 maps/bgmaps/AR0012SR.map 512 512 287 473 116 249 438.14
47 maps/bgmaps/AR0012SR.map 512 512 420 283 416 428 191.15
26 maps/bgmaps/AR0012SR.map 512 512 217 213 279 131 107.68
57 maps/bgmaps/AR0012SR.map 512 512 373 226 413 419 229.45
26 maps/bgmaps/AR0012SR.map 512 512 149 244 59 274 107.40
56 maps/bgmaps/AR0012SR.map 512 512 485 349 348 460 227.08
47 maps/bgmaps/AR0012SR.map 512 512 457 344 310 294 191.55
15 maps/bgmaps/AR0012SR.map 512 512 388 405 356 448 61.53
80 maps/bgmaps/AR0012SR.map 512 512 374 324 277 121 321.00
66 maps/bgmaps/AR0012SR.map 512 512 316 450 176 359 264.12
60 maps/bgmaps/AR0012SR.map 512 512 343 196 390 402 240.38
3 maps/bgmaps/AR0012SR.map 512 512 385 418 398 413 15.07
79 maps/bgmaps/AR0012SR.map 512 512 106 289 361 233 319.49
25 maps/bgmaps/AR0012SR.map 512 512 418 406 340 344 103.68
86 maps/bgmaps/AR0012SR.map 512 512 124 182 343 386 345.92
60 maps/bgmaps/AR0012SR.map 512 512 304 265 112 161 243.52
104 maps/bgmaps/AR0012SR.map 512 512 117 168 392 413 416.56
113 maps/bgmaps/AR0012SR.map 512 512 281 497 126 237 452.14
68 maps/bgmaps/AR0012SR.map 512 512 229 444 342 221 272.15
26 maps/bgmaps/AR0012SR.map 512 512 197 192 275 187 106.68
17 maps/bgmaps/AR0012SR.map 512 512 311 350 353 404 71.40
22 maps/bgmaps/AR0012SR.map 512 512 194 166 204 244 91.11
67 maps/bgmaps/AR0012SR.map 512 512 377 243 245 457 268.68
105 maps/bgmaps/AR0012SR.map 512 512 94 215 307 437 423.32
95 maps/bgmaps/AR0012SR.map 512 512 337 489 232 183 382.02
57 maps/bgmaps/AR0012SR.map 512 512 254 329 123 188 229.48
56 maps/bgmaps/AR0012SR.map 512 512 341 490 362 284 225.47
84 maps/bgmaps/AR0012SR.map 512 512 247 90 253 282 338.15
15 maps/bgmaps/AR0012SR.map 512 512 231 372 190 413 60.33
95 maps/bgmaps/AR0012SR.map 512 512 136 157 250 435 380.33
120 maps/bgmaps/AR0012SR.map 512 512 426 338 71 300 483.74
82 maps/bgmaps/AR0012SR.map 512 512 314 508 184 374 331.12
110 maps/bgmaps/AR0012SR.map 512 512 121 255 337 494 443.37
25 maps/bgmaps/AR0012SR.map 512 512 200 169 263 225 103.18
60 maps/bgmaps/AR0012SR.map 512 512 106 209 324 201 243.68
103 maps/bgmaps/AR0012SR.map 512 512 146 277 405 441 413.74
58 maps/bgmaps/AR0012SR.map 512 512 186 114 85 308 235.84
89 maps/bgmaps/AR0012SR.map 512 512 90 210 399 252 357.88
2 maps/bgmaps/AR0012SR.map 512 512 211 286 201 285 10.41
25 maps/bgmaps/AR0012SR.map 512 512 311 234 233 279 103.85
22 maps/bgmaps/AR0012SR.map 512 512 312 333 276 410 91.91
1 maps/bgmaps/AR0012SR.map 512 512 129 331 125 327 5.66
57 maps/bgmaps/AR0012SR.map 512 512 310 236 431 334 230.18
17 maps/bgmaps/AR0012SR.map 512 512 192 115 248 117 68.53
21 maps/bgmaps/AR0012SR.map 512 512 326 251 320 174 87.77
105 maps/bgmaps/AR0012SR.map 512 512 217 457 126 154 423.24
21 maps/bgmaps/AR0012SR.map 512 512 293 389 242 455 87.12
21 maps/bgmaps/AR0012SR.map 512 512 324 439 277 507 87.47
10 maps/bgmaps/AR0012SR.map 512 512 399 444 361 431 43.38
47 maps/bgmaps/AR0012SR.map 512 512 138 237 302 179 191.92
87 maps/bgmaps/AR0012SR.map 512 512 168 152 398 355 348.14
20 maps/bgmaps/AR0012SR.map 512 512 174 167 124 169 83.15
15 maps/bgmaps/AR0012SR.map 512 512 247 207 196 228 62.28
68 maps/bgmaps/AR0012SR.map 512 512 214 301 457 352 274.89
17 maps/bgmaps/AR0012SR.map 512 512 426 367 364 362 70.70
79 maps/bgmaps/AR0012SR.map 512 512 128 166 375 250 318.08
81 maps/bgmaps/AR0012SR.map 512 512 432 315 163 364 324.43
13 maps/bgmaps/AR0012SR.map 512 512 236 455 263 413 53.18
67 maps/bgmaps/AR0012SR.map 512 512 295 262 257 480 271.66
20 maps/bgmaps/AR0012SR.map 512 512 397 430 330 390 83.57
67 maps/bgmaps/AR0012SR.map 512 512 246 172 289 399 271.32
67 maps/bgmaps/AR0012SR.map 512 512 217 410 444 369 271.10
15 maps/bgmaps/AR0012SR.map 512 512 280 372 340 367 62.07
20 maps/bgmaps/AR0012SR.map 512 512 261 353 201 345 83.64
67 maps/bgmaps/AR0012SR.map 512 512 211 334 332 501 268.79
20 maps/bgmaps/AR0012SR.map 512 512 337 390 266 360 83.43
20 maps/bgmaps/AR0012SR.map 512 512 422 352 389 412 81.28
19 maps/bgmaps/AR0012SR.map 512 512 304 386 323 436 79.04
18 maps/bgmaps/AR0012SR.map 512 512 221 177 179 235 75.40
18 maps/bgmaps/AR0012SR.map 512 512 363 351 397 412 75.08
94 maps/bgmaps/AR0012SR.map 512 512 204 71 354 355 376.23
78 maps/bgmaps/AR0012SR.map 512 512 115 195 377 316 312.95
56 maps/bgmaps/AR0012SR.map 512 512 289 276 201 165 227.59
18 maps/bgmaps/AR0012SR.map 512 512 221 324 165 370 75.05
18 maps/bgmaps/AR0012SR.map 512 512 172 190 114 233 75.81
66 maps/bgmaps/AR0012SR.map 512 512 110 271 339 189 267.31
18 maps/bgmaps/AR0012SR.map 512 512 344 211 375 273 74.84
9 maps/bgmaps/AR0012SR.map 512 512 398 442 384 411 36.80
18 maps/bgmaps/AR0012SR.map 512 512 367 281 370 340 75.15
18 maps/bgmaps/AR0012SR.map 512 512 295 308 309 377 74.80
66 maps/bgmaps/AR0012SR.map 512 512 461 338 341 235 267.74
56 maps/bgmaps/AR0012SR.map 512 512 311 282 120 240 227.65
17 maps/bgmaps/AR0012SR.map 512 512 165 177 136 233 68.01
18 maps/bgmaps/AR0012SR.map 512 512 223 222 298 222 75.00
16 maps/bgmaps/AR0012SR.map 512 512 365 330 327 382 67.74
56 maps/bgmaps/AR0012SR.map 512 512 165 195 312 324 227.97
16 maps/bgmaps/AR0012SR.map 512 512 182 280 230 233 67.47
100 maps/bgmaps/AR0012SR.map 512 512 131 175 381 420 402.10
16 maps/bgmaps/AR0012SR.map 512 512 290 256 326 309 67.91
15 maps/bgmaps/AR0012SR.map 512 512 260 330 223 290 62.94
85 maps/bgmaps/AR0012SR.map 512 512 418 400 233 173 343.83
14 maps/bgmaps/AR0012SR.map 512 512 269 400 245 450 59.94
92 maps/bgmaps/AR0012SR.map 512 512 151 314 458 315 368.72
9 maps/bgmaps/AR0012SR.map 512 512 384 378 355 356 38.11
14 maps/bgmaps/AR0012SR.map 512 512 227 223 286 223 59.00
113 maps/bgmaps/AR0012SR.map 512 512 52 283 366 399 452.66
14 maps/bgmaps/AR0012SR.map 512 512 333 388 328 445 59.07
101 maps/bgmaps/AR0012SR.map 512 512 185 169 479 355 405.10
14 maps/bgmaps/AR0012SR.map 512 512 186 222 136 245 59.53
14 maps/bgmaps/AR0012SR.map 512 512 328 411 298 382 59.63
14 maps/bgmaps/AR0012SR.map 512 512 241 165 277 121 58.91
79 maps/bgmaps/AR0012SR.map 512 512 126 254 390 316 317.02
14 maps/bgmaps/AR0012SR.map 512 512 212 239 199 293 59.38
13 maps/bgmaps/AR0012SR.map 512 512 205 325 175 368 55.43
12 maps/bgmaps/AR0012SR.map 512 512 195 86 238 96 51.28
86 maps/bgmaps/AR0012SR.map 512 512 90 202 221 409 347.32
99 maps/bgmaps/AR0012SR.map 512 512 90 181 346 414 397.27
12 maps/bgmaps/AR0012SR.map 512 512 334 368 287 357 51.56
12 maps/bgmaps/AR0012SR.map 512 512 407 275 367 303 51.60
12 maps/bgmaps/AR0012SR.map 512 512 302 294 336 327 50.60
12 maps/bgmaps/AR0012SR.map 512 512 315 385 273 407 51.11
11 maps/bgmaps/AR0012SR.map 512 512 154 246 107 247 47.41
10 maps/bgmaps/AR0012SR.map 512 512 409 337 438 306 43.01
114 maps/bgmaps/AR0012SR.map 512 512 208 93 369 462 459.93
10 maps/bgmaps/AR0012SR.map 512 512 297 449 265 477 43.60
10 maps/bgmaps/AR0012SR.map 512 512 332 430 350 463 43.77
9 maps/bgmaps/AR0012SR.map 512 512 229 99 219 134 39.14
9 maps/bgmaps/AR0012SR.map 512 512 159 245 121 249 39.66
9 maps/bgmaps/AR0012SR.map 512 512 251 421 223 447 38.77
8 maps/bgmaps/AR0012SR.map 512 512 212 288 207 321 35.66
8 maps/bgmaps/AR0012SR.map 512 512 367 260 371 226 35.66
8 maps/bgmaps/AR0012SR.map 512 512 184 168 209 143 35.36
7 maps/bgmaps/AR0012SR.map 512 512 228 179 199 186 31.90
7 maps/bgmaps/AR0012SR.map 512 512 366 329 379 303 31.38
7 maps/bgmaps/AR0012SR.map 512 512 149 195 124 184 31.56
7 maps/bgmaps/AR0012SR.map 512 512 84 273 58 285 30.97
7 maps/bgmaps/AR0012SR.map 512 512 231 321 207 302 31.87
83 maps/bgmaps/AR0012SR.map 512 512 170 386 446 368 335.32
80 maps/bgmaps/AR0012SR.map 512 512 276 123 278 392 323.68
7 maps/bgmaps/AR0012SR.map 512 512 260 416 236 433 31.63
6 maps/bgmaps/AR0012SR.map 512 512 312 288 317 263 27.07
6 maps/bgmaps/AR0012SR.map 512 512 272 364 294 378 27.80
6 maps/bgmaps/AR0012SR.map 512 512 311 251 287 246 27.24
107 maps/bgmaps/AR0012SR.map 512 512 207 155 326 509 428.36
6 maps/bgmaps/AR0012SR.map 512 512 187 204 168 185 26.87
6 maps/bgmaps/AR0012SR.map 512 512 217 214 221 189 26.66
6 maps/bgmaps/AR0012SR.map 512 512 330 459 330 486 27.00
6 maps/bgmaps/AR0012SR.map 512 512 99 293 82 313 27.04
5 maps/bgmaps/AR0012SR.map 512 512 240 121 239 98 23.41
82 maps/bgmaps/AR0012SR.map 512 512 273 132 201 398 330.33
5 maps/bgmaps/AR0012SR.map 512 512 284 198 304 189 23.73
5 maps/bgmaps/AR0012SR.map 512 512 307 186 330 186 23.00
108 maps/bgmaps/AR0012SR.map 512 512 460 354 228 126 434.42
5 maps/bgmaps/AR0012SR.map 512 512 185 351 169 367 22.63
4 maps/bgmaps/AR0012SR.map 512 512 380 331 394 320 19.14
3 maps/bgmaps/AR0012SR.map 512 512 327 334 314 332 13.83
4 maps/bgmaps/AR0012SR.map 512 512 394 294 408 281 19.38
4 maps/bgmaps/AR0012SR.map 512 512 281 280 267 268 18.97
98 maps/bgmaps/AR0012SR.map 512 512 362 381 103 287 393.03
77 maps/bgmaps/AR0012SR.map 512 512 41 268 226 83 308.13
4 maps/bgmaps/AR0012SR.map 512 512 170 139 160 124 19.14
4 maps/bgmaps/AR0012SR.map 512 512 381 290 395 276 19.80
97 maps/bgmaps/AR0012SR.map 512 512 422 327 239 136 391.87
4 maps/bgmaps/AR0012SR.map 512 512 202 328 195 345 19.90
78 maps/bgmaps/AR0012SR.map 512 512 387 397 193 181 315.69
122 maps/bgmaps/AR0012SR.map 512 512 446 385 89 300 491.81
86 maps/bgmaps/AR0012SR.map 512 512 145 200 393 352 345.79
4 maps/bgmaps/AR0012SR.map 512 512 191 140 188 125 19.07
3 maps/bgmaps/AR0012SR.map 512 512 268 401 261 414 15.90
3 maps/bgmaps/AR0012SR.map 512 512 252 211 257 198 15.07
3 maps/bgmaps/AR0012SR.map 512 512 182 120 182 106 15.66
3 maps/bgmaps/AR0012SR.map 512 512 244 149 245 134 15.41
3 maps/bgmaps/AR0012SR.map 512 512 136 175 146 164 15.14
110 maps/bgmaps/AR0012SR.map 512 512 277 476 125 222 441.19
94 maps/bgmaps/AR0012SR.map 512 512 135 185 346 435 379.48
3 maps/bgmaps/AR0012SR.map 512 512 237 367 225 374 14.90
84 maps/bgmaps/AR0012SR.map 512 512 337 478 314 171 338.89
3 maps/bgmaps/AR0012SR.map 512 512 381 397 385 410 14.66
2 maps/bgmaps/AR0012SR.map 512 512 278 221 276 210 11.83
2 maps/bgmaps/AR0012SR.map 512 512 347 318 348 307 11.41
93 maps/bgmaps/AR0012SR.map 512 512 430 368 153 196 373.27
78 maps/bgmaps/AR0012SR.map 512 512 316 205 340 482 315.11
2 maps/bgmaps/AR0012SR.map 512 512 200 274 195 283 11.07
2 maps/bgmaps/AR0012SR.map 512 512 343 426 346 436 11.24
2 maps/bgmaps/AR0012SR.map 512 512 185 174 183 163 11.83
2 maps/bgmaps/AR0012SR.map 512 512 284 226 277 217 11.90
2 maps/bgmaps/AR0012SR.map 512 512 216 263 217 271 10.66
2 maps/bgmaps/AR0012SR.map 512 512 94 212 86 220 11.31
2 maps/bgmaps/AR0012SR.map 512 512 278 204 287 197 11.90
1 maps/bgmaps/AR0012SR.map 512 512 411 352 418 352 7.00
1 maps/bgmaps/AR0012SR.map 512 512 220 186 218 193 7.83
1 maps/bgmaps/AR0012SR.map 512 512 246 129 250 123 7.66
1 maps/bgmaps/AR0012SR.map 512 512 413 399 418 404 7.07
99 maps/bgmaps/AR0012SR.map 512 512 364 432 228 127 398.59
90 maps/bgmaps/AR0012SR.map 512 512 266 126 257 427 360.23
1 maps/bgmaps/AR0012SR.map 512 512 299 382 305 386 7.66
94 maps/bgmaps/AR0012SR.map 512 512 212 135 416 387 379.83
1 maps/bgmaps/AR0012SR.map 512 512 367 246 368 239 7.41
1 maps/bgmaps/AR0012SR.map 512 512 154 313 153 320 7.41
91 maps/bgmaps/AR0012SR.map 512 512 102 200 253 430 367.92
0 maps/bgmaps/AR0012SR.map 512 512 300 170 298 168 2.83
86 maps/bgmaps/AR0012SR.map 512 512 111 171 265 413 346.82
0 maps/bgmaps/AR0012SR.map 512 512 116 254 114 256 2.83
0 maps/bgmaps/AR0012SR.map 512 512 242 124 245 124 3.00
0 maps/bgmaps/AR0012SR.map 512 512 465 325 465 328 3.00
84 maps/bgmaps/AR0012SR.map 512 512 170 367 462 340 337.15
0 maps/bgmaps/AR0012SR.map 512 512 120 185 118 183 2.83
102 maps/bgmaps/AR0012SR.map 512 512 452 354 166 147 408.39
0 maps/bgmaps/AR0012SR.map 512 512 338 325 340 322 3.83
0 maps/bgmaps/AR0012SR.map 512 512 243 112 246 112 3.00
0 maps/bgmaps/AR0012SR.map 512 512 282 362 284 364 2.83
0 maps/bgmaps/AR0012SR.map 512 512 346 304 344 302 2.83
0 maps/bgmaps/AR0012SR.map 512 512 275 373 272 372 3.41
89 maps/bgmaps/AR0012SR.map 512 512 126 364 400 347 357.23
83 maps/bgmaps/AR0012SR.map 512 512 311 332 203 78 333.18
105 maps/bgmaps/AR0012SR.map 512 512 56 244 204 430 423.45
86 maps/bgmaps/AR0012SR.map 512 512 221 88 225 393 345.59
89 maps/bgmaps/AR0012SR.map 512 512 385 240 96 297 357.95
98 maps/bgmaps/AR0012SR.map 512 512 323 442 156 138 394.93
121 maps/bgmaps/AR0012SR.map 512 512 446 294 95 278 486.51
84 maps/bgmaps/AR0012SR.map 512 512 195 429 137 267 336.48
110 maps/bgmaps/AR0012SR.map 512 512 305 467 236 113 443.27
90 maps/bgmaps/AR0012SR.map 512 512 360 370 126 164 360.58
99 maps/bgmaps/AR0012SR.map 512 512 409 339 121 178 398.14
95 maps/bgmaps/AR0012SR.map 512 512 182 186 467 364 382.93
96 maps/bgmaps/AR0012SR.map 512 512 325 429 105 238 386.50
85 maps/bgmaps/AR0012SR.map 512 512 383 317 211 93 343.50
93 maps/bgmaps/AR0012SR.map 512 512 61 244 213 390 375.89
91 maps/bgmaps/AR0012SR.map 512 512 269 187 304 499 364.61
102 maps/bgmaps/AR0012SR.map 512 512 119 285 397 372 409.66
91 maps/bgmaps/AR0012SR.map 512 512 55 247 318 334 366.19
101 maps/bgmaps/AR0012SR.map 512 512 382 417 232 113 407.00
83 maps/bgmaps/AR0012SR.map 512 512 312 377 110 276 335.09
91 maps/bgmaps/AR0012SR.map 512 512 336 469 167 245 367.82
88 maps/bgmaps/AR0012SR.map 512 512 194 160 408 406 355.73
99 maps/bgmaps/AR0012SR.map 512 512 404 436 208 144 399.14
106 maps/bgmaps/AR0012SR.map 512 512 142 165 341 455 424.45
120 maps/bgmaps/AR0012SR.map 512 512 114 292 465 355 483.24
83 maps/bgmaps/AR0012SR.map 512 512 246 105 366 344 332.06
100 maps/bgmaps/AR0012SR.map 512 512 215 63 401 279 400.33
104 maps/bgmaps/AR0012SR.map 512 512 57 262 400 274 418.93
108 maps/bgmaps/AR0012SR.map 512 512 296 462 149 172 435.22
103 maps/bgmaps/AR0012SR.map 512 512 451 373 132 240 414.03
123 maps/bgmaps/AR0012SR.map 512 512 61 290 330 474 494.97
91 maps/bgmaps/AR0012SR.map 512 512 408 265 107 277 366.75
110 maps/bgmaps/AR0012SR.map 512 512 204 159 248 491 442.70
111 maps/bgmaps/AR0012SR.map 512 512 264 115 322 472 445.03
96 maps/bgmaps/AR0012SR.map 512 512 429 339 142 245 384.93
95 maps/bgmaps/AR0012SR.map 512 512 325 377 107 308 381.33
97 maps/bgmaps/AR0012SR.map 512 512 282 134 414 354 389.19
97 maps/bgmaps/AR0012SR.map 512 512 252 129 368 424 390.93
101 maps/bgmaps/AR0012SR.map 512 512 112 160 390 394 406.80
98 maps/bgmaps/AR0012SR.map 512 512 260 151 441 372 395.04
83 maps/bgmaps/AR0012SR.map 512 512 349 340 133 154 333.12
108 maps/bgmaps/AR0012SR.map 512 512 300 507 247 165 432.10
88 maps/bgmaps/AR0012SR.map 512 512 374 371 151 127 355.70
104 maps/bgmaps/AR0012SR.map 512 512 243 122 447 362 418.86
92 maps/bgmaps/AR0012SR.map 512 512 345 489 290 170 370.01
83 maps/bgmaps/AR0012SR.map 512 512 348 210 285 504 335.84
98 maps/bgmaps/AR0012SR.map 512 512 256 159 333 468 393.30
88 maps/bgmaps/AR0012SR.map 512 512 337 347 231 77 354.78
114 maps/bgmaps/AR0012SR.map 512 512 405 384 59 286 458.01
87 maps/bgmaps/AR0012SR.map 512 512 107 267 405 256 350.61
88 maps/bgmaps/AR0012SR.map 512 512 325 476 178 213 355.12
95 maps/bgmaps/AR0012SR.map 512 512 227 82 277 416 381.22
88 maps/bgmaps/AR0012SR.map 512 512 291 476 304 168 355.63
94 maps/bgmaps/AR0012SR.map 512 512 127 188 369 418 377.93
90 maps/bgmaps/AR0012SR.map 512 512 180 181 436 377 361.39
87 maps/bgmaps/AR0012SR.map 512 512 282 425 154 129 349.02
90 maps/bgmaps/AR0012SR.map 512 512 176 238 307 471 363.30
96 maps/bgmaps/AR0012SR.map 512 512 266 506 214 209 387.52
108 maps/bgmaps/AR0012SR.map 512 512 271 115 312 454 434.07
98 maps/bgmaps/AR0012SR.map 512 512 372 311 45 274 393.69
94 maps/bgmaps/AR0012SR.map 512 512 276 408 237 75 377.32
93 maps/bgmaps/AR0012SR.map 512 512 318 429 271 154 372.86
85 maps/bgmaps/AR0012SR.map 512 512 209 191 292 449 343.92
118 maps/bgmaps/AR0012SR.map 512 512 85 254 323 479 472.83
82 maps/bgmaps/AR0012SR.map 512 512 424 334 154 322 331.85
108 maps/bgmaps/AR0012SR.map 512 512 81 316 370 379 432.46
92 maps/bgmaps/AR0012SR.map 512 512 304 381 66 243 371.69
113 maps/bgmaps/AR0012SR.map 512 512 110 292 322 462 452.27
118 maps/bgmaps/AR0012SR.map 512 512 260 489 192 121 472.11
96 maps/bgmaps/AR0012SR.map 512 512 379 322 62 245 386.17
95 maps/bgmaps/AR0012SR.map 512 512 396 371 181 110 382.86
105 maps/bgmaps/AR0012SR.map 512 512 352 364 48 262 421.00
91 maps/bgmaps/AR0012SR.map 512 512 311 493 200 203 367.68
88 maps/bgmaps/AR0012SR.map 512 512 392 370 126 243 354.40
102 maps/bgmaps/AR0012SR.map 512 512 306 405 50 266 411.07
110 maps/bgmaps/AR0012SR.map 512 512 111 290 309 447 441.07
102 maps/bgmaps/AR0012SR.map 512 512 354 421 260 103 408.52
88 maps/bgmaps/AR0012SR.map 512 512 463 340 158 311 355.71
119 maps/bgmaps/AR0012SR.map 512 512 303 511 126 173 477.42
106 maps/bgmaps/AR0012SR.map 512 512 403 405 239 87 426.80
82 maps/bgmaps/AR0012SR.map 512 512 183 110 382 327 331.06
107 maps/bgmaps/AR0012SR.map 512 512 214 65 396 350 430.35
101 maps/bgmaps/AR0012SR.map 512 512 439 360 218 128 407.76
87 maps/bgmaps/AR0012SR.map 512 512 374 446 183 187 351.59
87 maps/bgmaps/AR0012SR.map 512 512 298 399 114 151 351.99
108 maps/bgmaps/AR0012SR.map 512 512 473 352 141 264 432.42
127 maps/bgmaps/AR0012SR.map 512 512 440 305 64 235 511.90
105 maps/bgmaps/AR0012SR.map 512 512 169 127 442 376 423.77
99 maps/bgmaps/AR0012SR.map 512 512 425 397 224 138 396.11
82 maps/bgmaps/AR0012SR.map 512 512 120 222 354 358 328.92
107 maps/bgmaps/AR0012SR.map 512 512 87 270 401 402 430.36
96 maps/bgmaps/AR0012SR.map 512 512 226 131 347 432 386.13
109 maps/bgmaps/AR0012SR.map 512 512 401 418 87 190 439.73
112 maps/bgmaps/AR0012SR.map 512 512 139 247 293 511 449.83
94 maps/bgmaps/AR0012SR.map 512 512 410 297 150 157 378.37
87 maps/bgmaps/AR0012SR.map 512 512 366 234 64 282 351.71
113 maps/bgmaps/AR0012SR.map 512 512 136 174 471 360 452.79
122 maps/bgmaps/AR0012SR.map 512 512 83 295 355 466 488.53
100 maps/bgmaps/AR0012SR.map 512 512 456 338 193 157 400.32
106 maps/bgmaps/AR0012SR.map 512 512 384 397 82 253 427.04
127 maps/bgmaps/AR0012SR.map 512 512 90 209 244 489 511.71
116 maps/bgmaps/AR0012SR.map 512 512 333 497 234 112 467.65
97 maps/bgmaps/AR0012SR.map 512 512 108 301 337 384 388.82
94 maps/bgmaps/AR0012SR.map 512 512 113 345 341 480 379.90
106 maps/bgmaps/AR0012SR.map 512 512 343 471 158 141 424.24
100 maps/bgmaps/AR0012SR.map 512 512 265 150 318 461 401.10
96 maps/bgmaps/AR0012SR.map 512 512 160 175 399 434 386.11
98 maps/bgmaps/AR0012SR.map 512 512 173 189 289 486 394.97
96 maps/bgmaps/AR0012SR.map 512 512 398 407 134 217 386.70
94 maps/bgmaps/AR0012SR.map 512 512 157 253 441 362 379.86
109 maps/bgmaps/AR0012SR.map 512 512 178 99 426 328 436.19
121 maps/bgmaps/AR0012SR.map 512 512 117 178 246 492 486.61
100 maps/bgmaps/AR0012SR.map 512 512 117 242 366 445 400.86
108 maps/bgmaps/AR0012SR.map 512 512 168 139 470 351 434.80
106 maps/bgmaps/AR0012SR.map 512 512 132 225 299 476 426.17
115 maps/bgmaps/AR0012SR.map 512 512 449 372 214 89 460.90
119 maps/bgmaps/AR0012SR.map 512 512 163 113 268 479 477.40
102 maps/bgmaps/AR0012SR.map 512 512 212 143 308 468 408.89
94 maps/bgmaps/AR0012SR.map 512 512 444 379 202 165 378.17
107 maps/bgmaps/AR0012SR.map 512 512 58 232 414 279 431.80
97 maps/bgmaps/AR0012SR.map 512 512 318 337 37 264 391.75
108 maps/bgmaps/AR0012SR.map 512 512 283 416 29 255 433.13
110 maps/bgmaps/AR0012SR.map 512 512 83 289 397 386 441.94
110 maps/bgmaps/AR0012SR.map 512 512 309 503 136 232 440.37
112 maps/bgmaps/AR0012SR.map 512 512 475 342 172 130 450.87
124 maps/bgmaps/AR0012SR.map 512 512 334 496 109 303 497.69
97 maps/bgmaps/AR0012SR.map 512 512 376 302 93 322 391.76
96 maps/bgmaps/AR0012SR.map 512 512 81 200 371 373 387.48
112 maps/bgmaps/AR0012SR.map 512 512 440 383 140 158 448.97
97 maps/bgmaps/AR0012SR.map 512 512 178 241 322 506 391.33
114 maps/bgmaps/AR0012SR.map 512 512 49 267 359 414 459.01
111 maps/bgmaps/AR0012SR.map 512 512 119 234 278 483 447.63
126 maps/bgmaps/AR0012SR.map 512 512 219 70 477 353 505.42
106 maps/bgmaps/AR0012SR.map 512 512 110 279 419 342 427.97
93 maps/bgmaps/AR0012SR.map 512 512 114 251 394 353 375.79
109 maps/bgmaps/AR0012SR.map 512 512 232 95 376 434 439.07
117 maps/bgmaps/AR0012SR.map 512 512 276 506 182 137 468.63
96 maps/bgmaps/AR0012SR.map 512 512 70 243 288 411 387.55
95 maps/bgmaps/AR0012SR.map 512 512 325 420 273 127 383.52
102 maps/bgmaps/AR0012SR.map 512 512 245 159 474 351 410.10
93 maps/bgmaps/AR0012SR.map 512 512 242 178 334 473 375.09
93 maps/bgmaps/AR0012SR.map 512 512 231 442 131 180 374.96
112 maps/bgmaps/AR0012SR.map 512 512 362 392 51 263 450.56
95 maps/bgmaps/AR0012SR.map 512 512 332 332 44 270 383.06
92 maps/bgmaps/AR0012SR.map 512 512 456 318 218 182 371.59
95 maps/bgmaps/AR0012SR.map 512 512 229 186 297 486 383.89
102 maps/bgmaps/AR0012SR.map 512 512 415 333 259 112 411.94
108 maps/bgmaps/AR0012SR.map 512 512 371 461 108 261 435.80
109 maps/bgmaps/AR0012SR.map 512 512 225 65 234 432 437.65
100 maps/bgmaps/AR0012SR.map 512 512 250 455 97 210 403.30
100 maps/bgmaps/AR0012SR.map 512 512 151 169 351 432 401.17
127 maps/bgmaps/AR0012SR.map 512 512 65 244 351 487 511.84
115 maps/bgmaps/AR0012SR.map 512 512 193 142 256 499 460.36
106 maps/bgmaps/AR0012SR.map 512 512 173 150 345 486 424.86
106 maps/bgmaps/AR0012SR.map 512 512 444 385 170 131 425.09
101 maps/bgmaps/AR0012SR.map 512 512 251 484 175 231 405.22
116 maps/bgmaps/AR0012SR.map 512 512 306 494 277 130 464.04
111 maps/bgmaps/AR0012SR.map 512 512 104 283 388 438 445.84
107 maps/bgmaps/AR0012SR.map 512 512 64 244 243 435 429.97
107 maps/bgmaps/AR0012SR.map 512 512 129 261 443 316 428.09
109 maps/bgmaps/AR0012SR.map 512 512 167 112 381 449 439.70
115 maps/bgmaps/AR0012SR.map 512 512 216 63 320 444 462.40
123 maps/bgmaps/AR0012SR.map 512 512 280 125 270 502 493.20
103 maps/bgmaps/AR0012SR.map 512 512 235 168 270 483 412.56
109 maps/bgmaps/AR0012SR.map 512 512 430 372 143 157 436.66
113 maps/bgmaps/AR0012SR.map 512 512 216 455 202 81 453.79
103 maps/bgmaps/AR0012SR.map 512 512 366 436 275 125 412.70
114 maps/bgmaps/AR0012SR.map 512 512 298 500 121 191 457.24
112 maps/bgmaps/AR0012SR.map 512 512 142 178 456 320 450.36
107 maps/bgmaps/AR0012SR.map 512 512 221 464 256 104 430.00
101 maps/bgmaps/AR0012SR.map 512 512 86 295 406 280 406.45
115 maps/bgmaps/AR0012SR.map 512 512 441 331 240 81 463.80
113 maps/bgmaps/AR0012SR.map 512 512 240 436 47 264 453.11
119 maps/bgmaps/AR0012SR.map 512 512 59 232 354 447 479.91
113 maps/bgmaps/AR0012SR.map 512 512 70 249 401 401 452.33
118 maps/bgmaps/AR0012SR.map 512 512 472 358 101 273 473.49
112 maps/bgmaps/AR0012SR.map 512 512 258 112 447 319 448.74
105 maps/bgmaps/AR0012SR.map 512 512 194 147 461 317 421.11
119 maps/bgmaps/AR0012SR.map 512 512 491 344 114 186 478.24
127 maps/bgmaps/AR0012SR.map 512 512 90 300 468 337 509.50
122 maps/bgmaps/AR0012SR.map 512 512 389 405 37 266 488.33
105 maps/bgmaps/AR0012SR.map 512 512 137 253 465 360 423.03
118 maps/bgmaps/AR0012SR.map 512 512 236 79 448 330 474.87
116 maps/bgmaps/AR0012SR.map 512 512 232 112 342 492 467.20
104 maps/bgmaps/AR0012SR.map 512 512 120 182 374 455 419.46
122 maps/bgmaps/AR0012SR.map 512 512 90 264 466 319 491.74
121 maps/bgmaps/AR0012SR.map 512 512 79 205 458 328 486.46
123 maps/bgmaps/AR0012SR.map 512 512 442 305 77 283 495.10
104 maps/bgmaps/AR0012SR.map 512 512 394 368 222 70 419.93
111 maps/bgmaps/AR0012SR.map 512 512 82 222 420 370 447.04
104 maps/bgmaps/AR0012SR.map 512 512 327 488 140 265 419.20
116 maps/bgmaps/AR0012SR.map 512 512 308 434 91 321 467.53
104 maps/bgmaps/AR0012SR.map 512 512 139 180 292 457 419.73
104 maps/bgmaps/AR0012SR.map 512 512 346 393 81 302 419.00
126 maps/bgmaps/AR0012SR.map 512 512 70 279 451 312 505.03
113 maps/bgmaps/AR0012SR.map 512 512 401 418 83 224 452.84
116 maps/bgmaps/AR0012SR.map 512 512 111 258 474 339 466.32
103 maps/bgmaps/AR0012SR.map 512 512 142 240 457 329 415.00
103 maps/bgmaps/AR0012SR.map 512 512 416 356 149 161 415.35
113 maps/bgmaps/AR0012SR.map 512 512 290 495 209 132 453.10
115 maps/bgmaps/AR0012SR.map 512 512 244 116 302 489 462.69
113 maps/bgmaps/AR0012SR.map 512 512 143 176 342 496 455.27
126 maps/bgmaps/AR0012SR.map 512 512 270 475 218 73 506.70
111 maps/bgmaps/AR0012SR.map 512 512 148 209 269 502 447.57
114 maps/bgmaps/AR0012SR.map 512 512 346 482 97 201 458.27
117 maps/bgmaps/AR0012SR.map 512 512 34 260 354 413 468.19
126 maps/bgmaps/AR0012SR.map 512 512 281 465 57 252 507.30
117 maps/bgmaps/AR0012SR.map 512 512 337 489 86 198 471.30
111 maps/bgmaps/AR0012SR.map 512 512 230 440 67 236 445.36
119 maps/bgmaps/AR0012SR.map 512 512 330 476 108 303 476.45
120 maps/bgmaps/AR0012SR.map 512 512 294 505 235 116 483.24
111 maps/bgmaps/AR0012SR.map 512 512 208 148 294 507 447.03
122 maps/bgmaps/AR0012SR.map 512 512 230 101 268 485 491.09
123 maps/bgmaps/AR0012SR.map 512 512 109 149 313 500 493.32
123 maps/bgmaps/AR0012SR.map 512 512 86 216 268 485 495.88
115 maps/bgmaps/AR0012SR.map 512 512 127 213 487 348 462.49
115 maps/bgmaps/AR0012SR.map 512 512 81 257 427 402 460.91
124 maps/bgmaps/AR0012SR.map 512 512 264 500 248 106 499.43
122 maps/bgmaps/AR0012SR.map 512 512 78 312 433 336 491.88
111 maps/bgmaps/AR0012SR.map 512 512 455 330 127 175 447.80
115 maps/bgmaps/AR0012SR.map 512 512 392 394 90 324 460.84
114 maps/bgmaps/AR0012SR.map 512 512 404 392 62 240 459.81
118 maps/bgmaps/AR0012SR.map 512 512 355 479 120 283 475.46
116 maps/bgmaps/AR0012SR.map 512 512 86 255 340 469 464.32
126 maps/bgmaps/AR0012SR.map 512 512 79 292 310 489 507.04
121 maps/bgmaps/AR0012SR.map 512 512 255 492 145 167 486.13
114 maps/bgmaps/AR0012SR.map 512 512 466 370 143 170 458.83
114 maps/bgmaps/AR0012SR.map 512 512 262 128 340 497 458.69
111 maps/bgmaps/AR0012SR.map 512 512 279 461 220 117 447.90
125 maps/bgmaps/AR0012SR.map 512 512 263 505 259 112 503.40
120 maps/bgmaps/AR0012SR.map 512 512 82 214 444 305 482.71
118 maps/bgmaps/AR0012SR.map 512 512 276 487 163 120 474.50
126 maps/bgmaps/AR0012SR.map 512 512 101 309 454 315 507.88
118 maps/bgmaps/AR0012SR.map 512 512 80 258 448 365 473.80
126 maps/bgmaps/AR0012SR.map 512 512 83 253 277 493 507.71
117 maps/bgmaps/AR0012SR.map 512 512 470 354 102 171 471.32
126 maps/bgmaps/AR0012SR.map 512 512 316 482 64 295 506.77
117 maps/bgmaps/AR0012SR.map 512 512 438 320 101 291 471.81
126 maps/bgmaps/AR0012SR.map 512 512 269 479 212 72 507.87
117 maps/bgmaps/AR0012SR.map 512 512 303 507 226 128 470.76
122 maps/bgmaps/AR0012SR.map 512 512 92 311 348 469 491.53
123 maps/bgmaps/AR0012SR.map 512 512 460 318 85 261 492.40
125 maps/bgmaps/AR0012SR.map 512 512 67 276 451 325 503.88
121 maps/bgmaps/AR0012SR.map 512 512 309 511 100 188 485.93
124 maps/bgmaps/AR0012SR.map 512 512 448 289 196 84 499.68
116 maps/bgmaps/AR0012SR.map 512 512 452 308 101 184 467.98
124 maps/bgmaps/AR0012SR.map 512 512 100 212 255 499 499.61
126 maps/bgmaps/AR0012SR.map 512 512 44 262 344 462 507.43
119 maps/bgmaps/AR0012SR.map 512 512 467 329 259 99 478.01
117 maps/bgmaps/AR0012SR.map 512 512 429 310 121 284 468.98
125 maps/bgmaps/AR0012SR.map 512 512 90 302 457 327 503.47
119 maps/bgmaps/AR0012SR.map 512 512 226 102 276 476 476.94
125 maps/bgmaps/AR0012SR.map 512 512 256 97 272 494 502.43
121 maps/bgmaps/AR0012SR.map 512 512 214 66 447 379 484.80
120 maps/bgmaps/AR0012SR.map 512 512 121 161 476 339 481.56
125 maps/bgmaps/AR0012SR.map 512 512 278 467 65 275 503.54
118 maps/bgmaps/AR0012SR.map 512 512 57 258 320 448 475.46
124 maps/bgmaps/AR0012SR.map 512 512 297 471 68 288 496.16
121 maps/bgmaps/AR0012SR.map 512 512 231 84 463 332 486.11
125 maps/bgmaps/AR0012SR.map 512 512 83 312 451 348 502.84
125 maps/bgmaps/AR0012SR.map 512 512 98 294 279 488 503.06
120 maps/bgmaps/AR0012SR.map 512 512 208 99 279 482 483.73
122 maps/bgmaps/AR0012SR.map 512 512 143 169 271 505 489.09
125 maps/bgmaps/AR0012SR.map 512 512 79 254 459 312 502.78
124 maps/bgmaps/AR0012SR.map 512 512 278 468 84 295 499.06
121 maps/bgmaps/AR0012SR.map 512 512 111 282 474 340 487.22
123 maps/bgmaps/AR0012SR.map 512 512 209 109 266 503 494.87
121 maps/bgmaps/AR0012SR.map 512 512 282 504 266 122 487.43
120 maps/bgmaps/AR0012SR.map 512 512 442 320 232 73 480.67
117 maps/bgmaps/AR0012SR.map 512 512 113 161 456 326 470.26
118 maps/bgmaps/AR0012SR.map 512 512 306 440 75 308 472.67
124 maps/bgmaps/AR0012SR.map 512 512 396 448 57 254 499.20
117 maps/bgmaps/AR0012SR.map 512 512 63 283 424 367 471.36
123 maps/bgmaps/AR0012SR.map 512 512 197 80 326 489 493.30
121 maps/bgmaps/AR0012SR.map 512 512 320 505 114 155 487.35
124 maps/bgmaps/AR0012SR.map 512 512 54 255 335 471 499.80
120 maps/bgmaps/AR0012SR.map 512 512 479 353 262 100 480.32
123 maps/bgmaps/AR0012SR.map 512 512 109 269 281 510 494.67
120 maps/bgmaps/AR0012SR.map 512 512 222 116 254 481 483.01
117 maps/bgmaps/AR0012SR.map 512 512 201 130 264 504 471.56
