version 1.0
73 maps/bgmaps/AR0017SR.map 512 512 287 405 132 270 293.45
9 maps/bgmaps/AR0017SR.map 512 512 169 385 204 390 37.07
70 maps/bgmaps/AR0017SR.map 512 512 285 437 186 215 281.43
40 maps/bgmaps/AR0017SR.map 512 512 304 254 219 380 161.21
23 maps/bgmaps/AR0017SR.map 512 512 194 240 180 319 93.08
41 maps/bgmaps/AR0017SR.map 512 512 403 293 268 343 166.98
13 maps/bgmaps/AR0017SR.map 512 512 244 262 219 305 53.36
9 maps/bgmaps/AR0017SR.map 512 512 268 467 243 440 37.36
6 maps/bgmaps/AR0017SR.map 512 512 161 345 178 365 27.04
40 maps/bgmaps/AR0017SR.map 512 512 284 189 253 337 160.84
55 maps/bgmaps/AR0017SR.map 512 512 242 106 262 230 221.82
62 maps/bgmaps/AR0017SR.map 512 512 302 187 191 392 250.98
42 maps/bgmaps/AR0017SR.map 512 512 184 196 47 272 168.48
24 maps/bgmaps/AR0017SR.map 512 512 197 184 101 175 99.73
78 maps/bgmaps/AR0017SR.map 512 512 324 505 306 222 315.31
89 maps/bgmaps/AR0017SR.map 512 512 180 305 431 404 359.92
56 maps/bgmaps/AR0017SR.map 512 512 200 339 387 244 226.35
36 maps/bgmaps/AR0017SR.map 512 512 314 345 431 308 146.67
111 maps/bgmaps/AR0017SR.map 512 512 77 299 323 482 447.26
71 maps/bgmaps/AR0017SR.map 512 512 60 244 217 381 285.74
34 maps/bgmaps/AR0017SR.map 512 512 309 309 400 380 139.98
46 maps/bgmaps/AR0017SR.map 512 512 326 271 258 427 184.17
62 maps/bgmaps/AR0017SR.map 512 512 341 241 120 259 248.34
29 maps/bgmaps/AR0017SR.map 512 512 288 393 385 441 116.88
99 maps/bgmaps/AR0017SR.map 512 512 159 153 248 465 397.94
44 maps/bgmaps/AR0017SR.map 512 512 247 309 174 163 176.24
50 maps/bgmaps/AR0017SR.map 512 512 134 213 252 351 203.28
77 maps/bgmaps/AR0017SR.map 512 512 337 426 137 258 311.93
23 maps/bgmaps/AR0017SR.map 512 512 158 149 236 110 94.15
57 maps/bgmaps/AR0017SR.map 512 512 316 287 185 148 231.34
101 maps/bgmaps/AR0017SR.map 512 512 118 229 256 481 404.76
8 maps/bgmaps/AR0017SR.map 512 512 293 432 316 409 32.53
25 maps/bgmaps/AR0017SR.map 512 512 228 237 171 314 100.61
84 maps/bgmaps/AR0017SR.map 512 512 119 265 382 377 337.03
67 maps/bgmaps/AR0017SR.map 512 512 89 305 259 352 269.58
54 maps/bgmaps/AR0017SR.map 512 512 221 311 261 126 216.48
64 maps/bgmaps/AR0017SR.map 512 512 400 281 227 451 256.30
60 maps/bgmaps/AR0017SR.map 512 512 251 450 185 366 241.24
72 maps/bgmaps/AR0017SR.map 512 512 50 242 186 371 288.64
36 maps/bgmaps/AR0017SR.map 512 512 184 346 293 259 145.62
48 maps/bgmaps/AR0017SR.map 512 512 244 357 333 200 193.87
45 maps/bgmaps/AR0017SR.map 512 512 279 282 384 421 182.49
38 maps/bgmaps/AR0017SR.map 512 512 210 401 223 253 153.38
57 maps/bgmaps/AR0017SR.map 512 512 164 226 195 428 228.74
49 maps/bgmaps/AR0017SR.map 512 512 301 258 145 357 197.01
37 maps/bgmaps/AR0017SR.map 512 512 287 470 289 331 151.43
60 maps/bgmaps/AR0017SR.map 512 512 133 350 337 412 241.98
53 maps/bgmaps/AR0017SR.map 512 512 234 282 262 445 212.08
92 maps/bgmaps/AR0017SR.map 512 512 177 271 430 395 368.42
29 maps/bgmaps/AR0017SR.map 512 512 279 356 200 437 116.65
31 maps/bgmaps/AR0017SR.map 512 512 263 295 355 221 126.17
29 maps/bgmaps/AR0017SR.map 512 512 325 465 355 442 116.74
74 maps/bgmaps/AR0017SR.map 512 512 182 192 273 422 296.06
27 maps/bgmaps/AR0017SR.map 512 512 276 346 195 280 108.34
46 maps/bgmaps/AR0017SR.map 512 512 173 341 124 241 187.12
58 maps/bgmaps/AR0017SR.map 512 512 155 386 327 247 234.26
27 maps/bgmaps/AR0017SR.map 512 512 261 284 177 225 108.44
28 maps/bgmaps/AR0017SR.map 512 512 140 211 54 240 112.11
11 maps/bgmaps/AR0017SR.map 512 512 96 320 99 276 45.24
65 maps/bgmaps/AR0017SR.map 512 512 298 202 343 434 261.41
54 maps/bgmaps/AR0017SR.map 512 512 169 172 305 182 216.63
38 maps/bgmaps/AR0017SR.map 512 512 301 299 401 377 152.23
9 maps/bgmaps/AR0017SR.map 512 512 263 492 264 453 39.41
57 maps/bgmaps/AR0017SR.map 512 512 309 356 145 267 230.16
35 maps/bgmaps/AR0017SR.map 512 512 319 374 248 263 140.41
13 maps/bgmaps/AR0017SR.map 512 512 209 244 164 227 52.04
56 maps/bgmaps/AR0017SR.map 512 512 199 330 69 231 227.81
46 maps/bgmaps/AR0017SR.map 512 512 202 194 225 369 184.53
65 maps/bgmaps/AR0017SR.map 512 512 208 182 321 388 260.46
58 maps/bgmaps/AR0017SR.map 512 512 126 200 172 373 232.04
94 maps/bgmaps/AR0017SR.map 512 512 184 156 313 465 378.19
54 maps/bgmaps/AR0017SR.map 512 512 188 138 75 308 216.81
7 maps/bgmaps/AR0017SR.map 512 512 337 205 318 229 31.87
60 maps/bgmaps/AR0017SR.map 512 512 453 389 267 369 241.36
62 maps/bgmaps/AR0017SR.map 512 512 455 349 321 478 250.12
52 maps/bgmaps/AR0017SR.map 512 512 141 346 339 377 210.84
49 maps/bgmaps/AR0017SR.map 512 512 203 167 299 186 199.89
50 maps/bgmaps/AR0017SR.map 512 512 276 307 241 158 202.59
68 maps/bgmaps/AR0017SR.map 512 512 171 153 358 217 273.31
31 maps/bgmaps/AR0017SR.map 512 512 394 288 358 397 125.08
15 maps/bgmaps/AR0017SR.map 512 512 241 326 215 376 60.77
69 maps/bgmaps/AR0017SR.map 512 512 255 137 330 196 278.29
80 maps/bgmaps/AR0017SR.map 512 512 337 506 331 217 320.48
72 maps/bgmaps/AR0017SR.map 512 512 303 426 208 182 291.01
109 maps/bgmaps/AR0017SR.map 512 512 306 504 257 139 439.35
87 maps/bgmaps/AR0017SR.map 512 512 343 417 135 155 351.67
110 maps/bgmaps/AR0017SR.map 512 512 173 90 356 444 441.52
44 maps/bgmaps/AR0017SR.map 512 512 213 333 127 208 178.20
24 maps/bgmaps/AR0017SR.map 512 512 214 199 246 269 99.98
29 maps/bgmaps/AR0017SR.map 512 512 260 438 360 397 116.98
72 maps/bgmaps/AR0017SR.map 512 512 44 261 288 318 290.76
65 maps/bgmaps/AR0017SR.map 512 512 291 328 93 286 260.43
47 maps/bgmaps/AR0017SR.map 512 512 205 357 211 170 191.14
98 maps/bgmaps/AR0017SR.map 512 512 97 311 398 376 394.26
122 maps/bgmaps/AR0017SR.map 512 512 29 247 329 498 489.86
24 maps/bgmaps/AR0017SR.map 512 512 382 327 367 420 99.21
53 maps/bgmaps/AR0017SR.map 512 512 453 373 272 343 212.07
116 maps/bgmaps/AR0017SR.map 512 512 253 123 452 373 466.55
31 maps/bgmaps/AR0017SR.map 512 512 366 402 257 446 127.23
44 maps/bgmaps/AR0017SR.map 512 512 382 418 422 401 179.11
44 maps/bgmaps/AR0017SR.map 512 512 332 487 381 372 176.25
41 maps/bgmaps/AR0017SR.map 512 512 395 432 266 491 165.54
55 maps/bgmaps/AR0017SR.map 512 512 189 352 120 300 221.69
54 maps/bgmaps/AR0017SR.map 512 512 336 199 319 401 218.15
100 maps/bgmaps/AR0017SR.map 512 512 406 425 121 158 400.87
46 maps/bgmaps/AR0017SR.map 512 512 247 348 137 232 187.34
52 maps/bgmaps/AR0017SR.map 512 512 330 343 178 226 208.22
90 maps/bgmaps/AR0017SR.map 512 512 366 360 63 250 363.78
6 maps/bgmaps/AR0017SR.map 512 512 65 253 61 227 27.66
60 maps/bgmaps/AR0017SR.map 512 512 153 156 280 344 240.61
50 maps/bgmaps/AR0017SR.map 512 512 253 224 366 348 200.10
54 maps/bgmaps/AR0017SR.map 512 512 249 304 326 481 219.97
62 maps/bgmaps/AR0017SR.map 512 512 34 241 219 316 248.81
85 maps/bgmaps/AR0017SR.map 512 512 371 365 111 177 343.14
114 maps/bgmaps/AR0017SR.map 512 512 69 292 450 332 459.17
54 maps/bgmaps/AR0017SR.map 512 512 223 461 287 285 216.94
84 maps/bgmaps/AR0017SR.map 512 512 42 255 221 408 336.12
65 maps/bgmaps/AR0017SR.map 512 512 70 281 188 87 261.12
92 maps/bgmaps/AR0017SR.map 512 512 123 257 426 334 368.78
53 maps/bgmaps/AR0017SR.map 512 512 367 402 341 227 213.11
24 maps/bgmaps/AR0017SR.map 512 512 228 354 301 295 97.44
43 maps/bgmaps/AR0017SR.map 512 512 200 295 84 247 172.43
96 maps/bgmaps/AR0017SR.map 512 512 375 363 69 209 384.37
82 maps/bgmaps/AR0017SR.map 512 512 369 341 196 128 331.56
25 maps/bgmaps/AR0017SR.map 512 512 228 275 273 359 102.64
34 maps/bgmaps/AR0017SR.map 512 512 466 353 333 345 137.14
12 maps/bgmaps/AR0017SR.map 512 512 350 257 357 209 50.90
11 maps/bgmaps/AR0017SR.map 512 512 169 338 126 343 45.07
125 maps/bgmaps/AR0017SR.map 512 512 451 368 31 253 503.88
99 maps/bgmaps/AR0017SR.map 512 512 380 371 56 217 398.86
30 maps/bgmaps/AR0017SR.map 512 512 252 443 335 356 121.38
62 maps/bgmaps/AR0017SR.map 512 512 159 349 363 234 251.63
52 maps/bgmaps/AR0017SR.map 512 512 291 311 160 164 210.63
53 maps/bgmaps/AR0017SR.map 512 512 336 235 348 420 213.17
99 maps/bgmaps/AR0017SR.map 512 512 466 356 224 167 398.26
50 maps/bgmaps/AR0017SR.map 512 512 126 176 293 261 202.21
38 maps/bgmaps/AR0017SR.map 512 512 307 327 157 333 152.49
60 maps/bgmaps/AR0017SR.map 512 512 162 352 86 243 243.17
96 maps/bgmaps/AR0017SR.map 512 512 369 382 53 243 384.65
13 maps/bgmaps/AR0017SR.map 512 512 137 253 127 212 54.07
118 maps/bgmaps/AR0017SR.map 512 512 330 491 188 88 472.30
40 maps/bgmaps/AR0017SR.map 512 512 322 400 335 253 163.98
30 maps/bgmaps/AR0017SR.map 512 512 196 211 276 281 121.30
37 maps/bgmaps/AR0017SR.map 512 512 252 472 378 441 149.61
6 maps/bgmaps/AR0017SR.map 512 512 202 379 215 360 24.38
84 maps/bgmaps/AR0017SR.map 512 512 218 180 421 356 336.95
31 maps/bgmaps/AR0017SR.map 512 512 233 267 203 382 127.43
35 maps/bgmaps/AR0017SR.map 512 512 373 459 250 440 140.81
92 maps/bgmaps/AR0017SR.map 512 512 425 413 266 217 369.31
86 maps/bgmaps/AR0017SR.map 512 512 336 388 90 317 346.13
84 maps/bgmaps/AR0017SR.map 512 512 120 245 356 433 338.42
55 maps/bgmaps/AR0017SR.map 512 512 258 436 208 419 223.29
7 maps/bgmaps/AR0017SR.map 512 512 263 300 266 327 28.24
13 maps/bgmaps/AR0017SR.map 512 512 183 199 210 239 55.28
41 maps/bgmaps/AR0017SR.map 512 512 192 415 311 298 167.46
38 maps/bgmaps/AR0017SR.map 512 512 278 289 367 408 155.87
52 maps/bgmaps/AR0017SR.map 512 512 380 299 293 243 210.05
55 maps/bgmaps/AR0017SR.map 512 512 131 208 276 356 223.29
53 maps/bgmaps/AR0017SR.map 512 512 140 368 216 188 212.31
33 maps/bgmaps/AR0017SR.map 512 512 194 336 313 298 134.74
52 maps/bgmaps/AR0017SR.map 512 512 331 404 162 367 208.71
10 maps/bgmaps/AR0017SR.map 512 512 335 206 364 223 40.14
46 maps/bgmaps/AR0017SR.map 512 512 294 300 228 180 185.62
19 maps/bgmaps/AR0017SR.map 512 512 148 188 156 261 76.31
107 maps/bgmaps/AR0017SR.map 512 512 60 252 232 451 428.53
39 maps/bgmaps/AR0017SR.map 512 512 302 435 421 341 159.69
2 maps/bgmaps/AR0017SR.map 512 512 182 404 188 397 9.49
52 maps/bgmaps/AR0017SR.map 512 512 389 299 283 254 208.10
53 maps/bgmaps/AR0017SR.map 512 512 127 270 260 350 215.49
40 maps/bgmaps/AR0017SR.map 512 512 150 338 157 235 160.65
16 maps/bgmaps/AR0017SR.map 512 512 105 194 153 155 64.15
81 maps/bgmaps/AR0017SR.map 512 512 202 174 412 347 324.42
18 maps/bgmaps/AR0017SR.map 512 512 110 262 44 243 73.87
57 maps/bgmaps/AR0017SR.map 512 512 328 253 160 166 229.65
109 maps/bgmaps/AR0017SR.map 512 512 72 279 222 453 438.54
62 maps/bgmaps/AR0017SR.map 512 512 123 330 93 237 248.62
14 maps/bgmaps/AR0017SR.map 512 512 253 350 206 378 58.60
63 maps/bgmaps/AR0017SR.map 512 512 85 297 286 196 254.19
43 maps/bgmaps/AR0017SR.map 512 512 215 423 351 342 174.24
73 maps/bgmaps/AR0017SR.map 512 512 323 306 70 219 294.84
21 maps/bgmaps/AR0017SR.map 512 512 248 320 317 278 86.40
71 maps/bgmaps/AR0017SR.map 512 512 313 401 132 270 286.96
27 maps/bgmaps/AR0017SR.map 512 512 61 231 161 252 108.70
34 maps/bgmaps/AR0017SR.map 512 512 319 368 446 345 136.53
70 maps/bgmaps/AR0017SR.map 512 512 271 492 229 255 282.66
65 maps/bgmaps/AR0017SR.map 512 512 203 430 159 187 262.05
58 maps/bgmaps/AR0017SR.map 512 512 271 274 194 92 233.23
7 maps/bgmaps/AR0017SR.map 512 512 185 385 213 382 29.24
23 maps/bgmaps/AR0017SR.map 512 512 163 244 227 177 93.51
45 maps/bgmaps/AR0017SR.map 512 512 313 415 190 366 183.84
48 maps/bgmaps/AR0017SR.map 512 512 200 135 95 285 193.49
38 maps/bgmaps/AR0017SR.map 512 512 307 493 342 362 154.61
50 maps/bgmaps/AR0017SR.map 512 512 160 220 334 292 203.82
66 maps/bgmaps/AR0017SR.map 512 512 284 415 286 167 267.88
32 maps/bgmaps/AR0017SR.map 512 512 204 170 120 267 131.79
49 maps/bgmaps/AR0017SR.map 512 512 155 246 118 350 197.01
106 maps/bgmaps/AR0017SR.map 512 512 420 393 177 185 427.86
3 maps/bgmaps/AR0017SR.map 512 512 190 137 175 139 15.83
32 maps/bgmaps/AR0017SR.map 512 512 318 287 240 384 129.31
27 maps/bgmaps/AR0017SR.map 512 512 263 358 186 283 108.07
97 maps/bgmaps/AR0017SR.map 512 512 234 179 464 331 390.82
26 maps/bgmaps/AR0017SR.map 512 512 225 328 323 310 105.46
37 maps/bgmaps/AR0017SR.map 512 512 361 333 325 261 151.01
111 maps/bgmaps/AR0017SR.map 512 512 28 247 387 425 445.46
26 maps/bgmaps/AR0017SR.map 512 512 296 293 315 202 107.98
7 maps/bgmaps/AR0017SR.map 512 512 220 338 226 309 31.49
7 maps/bgmaps/AR0017SR.map 512 512 117 341 143 334 28.90
46 maps/bgmaps/AR0017SR.map 512 512 321 227 302 401 186.01
12 maps/bgmaps/AR0017SR.map 512 512 186 153 144 170 49.04
70 maps/bgmaps/AR0017SR.map 512 512 241 445 301 202 282.76
49 maps/bgmaps/AR0017SR.map 512 512 183 295 74 225 196.92
44 maps/bgmaps/AR0017SR.map 512 512 229 400 275 243 176.05
45 maps/bgmaps/AR0017SR.map 512 512 241 260 190 421 182.12
125 maps/bgmaps/AR0017SR.map 512 512 65 257 442 395 502.26
67 maps/bgmaps/AR0017SR.map 512 512 286 350 219 124 268.76
45 maps/bgmaps/AR0017SR.map 512 512 380 234 320 383 183.79
15 maps/bgmaps/AR0017SR.map 512 512 376 342 383 403 63.90
27 maps/bgmaps/AR0017SR.map 512 512 385 247 284 223 110.94
38 maps/bgmaps/AR0017SR.map 512 512 260 215 184 339 155.48
52 maps/bgmaps/AR0017SR.map 512 512 178 175 156 354 209.65
5 maps/bgmaps/AR0017SR.map 512 512 397 384 387 365 23.14
37 maps/bgmaps/AR0017SR.map 512 512 192 216 67 272 148.20
58 maps/bgmaps/AR0017SR.map 512 512 335 249 395 280 235.41
86 maps/bgmaps/AR0017SR.map 512 512 362 226 43 268 347.17
49 maps/bgmaps/AR0017SR.map 512 512 325 311 209 195 198.31
76 maps/bgmaps/AR0017SR.map 512 512 299 319 164 105 304.87
53 maps/bgmaps/AR0017SR.map 512 512 251 266 60 267 214.61
87 maps/bgmaps/AR0017SR.map 512 512 121 247 407 370 349.68
37 maps/bgmaps/AR0017SR.map 512 512 332 235 243 348 149.87
38 maps/bgmaps/AR0017SR.map 512 512 274 318 263 442 152.58
74 maps/bgmaps/AR0017SR.map 512 512 454 356 188 394 297.30
70 maps/bgmaps/AR0017SR.map 512 512 468 359 363 248 283.48
75 maps/bgmaps/AR0017SR.map 512 512 303 347 203 93 303.04
23 maps/bgmaps/AR0017SR.map 512 512 381 311 381 406 95.00
11 maps/bgmaps/AR0017SR.map 512 512 455 340 410 346 47.49
82 maps/bgmaps/AR0017SR.map 512 512 77 307 366 271 331.25
33 maps/bgmaps/AR0017SR.map 512 512 344 261 338 365 134.27
51 maps/bgmaps/AR0017SR.map 512 512 247 391 433 354 204.98
65 maps/bgmaps/AR0017SR.map 512 512 294 194 263 121 262.43
95 maps/bgmaps/AR0017SR.map 512 512 258 148 415 356 381.27
51 maps/bgmaps/AR0017SR.map 512 512 147 211 120 341 207.15
34 maps/bgmaps/AR0017SR.map 512 512 340 360 215 324 139.91
4 maps/bgmaps/AR0017SR.map 512 512 191 79 178 93 19.38
11 maps/bgmaps/AR0017SR.map 512 512 107 247 65 236 46.56
42 maps/bgmaps/AR0017SR.map 512 512 345 349 202 412 169.10
18 maps/bgmaps/AR0017SR.map 512 512 192 208 139 256 72.88
36 maps/bgmaps/AR0017SR.map 512 512 228 352 291 421 146.87
56 maps/bgmaps/AR0017SR.map 512 512 173 349 98 249 224.44
61 maps/bgmaps/AR0017SR.map 512 512 204 424 279 210 245.07
56 maps/bgmaps/AR0017SR.map 512 512 275 196 110 302 226.71
18 maps/bgmaps/AR0017SR.map 512 512 190 401 243 354 72.47
58 maps/bgmaps/AR0017SR.map 512 512 287 433 286 212 235.50
51 maps/bgmaps/AR0017SR.map 512 512 143 270 166 362 204.04
27 maps/bgmaps/AR0017SR.map 512 512 397 416 374 316 109.53
48 maps/bgmaps/AR0017SR.map 512 512 222 371 281 451 194.88
69 maps/bgmaps/AR0017SR.map 512 512 253 227 229 447 277.22
58 maps/bgmaps/AR0017SR.map 512 512 201 318 249 452 235.52
26 maps/bgmaps/AR0017SR.map 512 512 198 299 295 318 104.87
22 maps/bgmaps/AR0017SR.map 512 512 295 456 344 390 88.64
30 maps/bgmaps/AR0017SR.map 512 512 360 395 264 333 121.68
85 maps/bgmaps/AR0017SR.map 512 512 124 350 327 501 341.64
113 maps/bgmaps/AR0017SR.map 512 512 231 454 38 252 452.77
47 maps/bgmaps/AR0017SR.map 512 512 276 419 425 331 190.72
12 maps/bgmaps/AR0017SR.map 512 512 343 345 305 377 51.25
53 maps/bgmaps/AR0017SR.map 512 512 340 382 156 389 212.58
40 maps/bgmaps/AR0017SR.map 512 512 183 236 299 336 162.69
44 maps/bgmaps/AR0017SR.map 512 512 318 291 194 201 178.27
46 maps/bgmaps/AR0017SR.map 512 512 204 389 276 415 186.41
17 maps/bgmaps/AR0017SR.map 512 512 362 418 351 351 71.56
65 maps/bgmaps/AR0017SR.map 512 512 74 275 146 339 260.39
20 maps/bgmaps/AR0017SR.map 512 512 201 334 279 347 83.38
33 maps/bgmaps/AR0017SR.map 512 512 313 313 291 192 135.08
79 maps/bgmaps/AR0017SR.map 512 512 257 328 141 122 317.14
19 maps/bgmaps/AR0017SR.map 512 512 390 360 430 306 79.36
43 maps/bgmaps/AR0017SR.map 512 512 314 402 428 305 172.92
62 maps/bgmaps/AR0017SR.map 512 512 240 176 348 297 250.28
50 maps/bgmaps/AR0017SR.map 512 512 221 304 262 134 201.89
41 maps/bgmaps/AR0017SR.map 512 512 377 395 302 267 167.27
87 maps/bgmaps/AR0017SR.map 512 512 334 345 55 286 349.30
53 maps/bgmaps/AR0017SR.map 512 512 290 190 123 275 214.74
34 maps/bgmaps/AR0017SR.map 512 512 361 231 239 273 139.40
74 maps/bgmaps/AR0017SR.map 512 512 169 108 203 365 298.80
22 maps/bgmaps/AR0017SR.map 512 512 275 326 220 395 91.78
21 maps/bgmaps/AR0017SR.map 512 512 305 329 237 284 87.23
65 maps/bgmaps/AR0017SR.map 512 512 400 293 315 501 263.05
3 maps/bgmaps/AR0017SR.map 512 512 169 144 161 156 15.31
5 maps/bgmaps/AR0017SR.map 512 512 250 346 233 334 21.97
17 maps/bgmaps/AR0017SR.map 512 512 120 224 154 223 69.77
28 maps/bgmaps/AR0017SR.map 512 512 422 343 393 444 113.01
26 maps/bgmaps/AR0017SR.map 512 512 137 371 194 289 105.61
81 maps/bgmaps/AR0017SR.map 512 512 110 282 288 409 324.00
1 maps/bgmaps/AR0017SR.map 512 512 304 467 308 464 5.24
41 maps/bgmaps/AR0017SR.map 512 512 377 430 438 379 164.55
39 maps/bgmaps/AR0017SR.map 512 512 137 254 163 313 157.41
115 maps/bgmaps/AR0017SR.map 512 512 48 223 416 293 460.76
60 maps/bgmaps/AR0017SR.map 512 512 289 465 202 290 242.55
31 maps/bgmaps/AR0017SR.map 512 512 373 423 310 478 124.33
28 maps/bgmaps/AR0017SR.map 512 512 269 209 344 287 115.51
53 maps/bgmaps/AR0017SR.map 512 512 186 384 374 379 213.27
106 maps/bgmaps/AR0017SR.map 512 512 344 433 30 235 427.59
65 maps/bgmaps/AR0017SR.map 512 512 192 378 323 475 263.20
45 maps/bgmaps/AR0017SR.map 512 512 366 253 190 272 183.87
16 maps/bgmaps/AR0017SR.map 512 512 285 321 220 319 65.83
65 maps/bgmaps/AR0017SR.map 512 512 427 341 279 212 263.57
14 maps/bgmaps/AR0017SR.map 512 512 84 294 128 261 57.67
45 maps/bgmaps/AR0017SR.map 512 512 221 349 270 440 181.98
40 maps/bgmaps/AR0017SR.map 512 512 144 220 217 337 161.88
73 maps/bgmaps/AR0017SR.map 512 512 305 415 182 175 294.46
12 maps/bgmaps/AR0017SR.map 512 512 336 264 342 215 51.49
28 maps/bgmaps/AR0017SR.map 512 512 355 347 463 332 114.21
45 maps/bgmaps/AR0017SR.map 512 512 329 354 155 334 182.28
57 maps/bgmaps/AR0017SR.map 512 512 181 144 292 321 230.59
28 maps/bgmaps/AR0017SR.map 512 512 295 322 240 230 114.78
68 maps/bgmaps/AR0017SR.map 512 512 225 109 31 257 275.22
105 maps/bgmaps/AR0017SR.map 512 512 199 98 239 445 421.27
56 maps/bgmaps/AR0017SR.map 512 512 368 335 161 381 226.05
63 maps/bgmaps/AR0017SR.map 512 512 209 425 236 452 252.23
48 maps/bgmaps/AR0017SR.map 512 512 191 204 340 284 195.61
67 maps/bgmaps/AR0017SR.map 512 512 110 297 182 389 268.59
63 maps/bgmaps/AR0017SR.map 512 512 312 195 91 244 252.89
50 maps/bgmaps/AR0017SR.map 512 512 373 422 347 262 203.08
39 maps/bgmaps/AR0017SR.map 512 512 406 430 438 373 156.82
31 maps/bgmaps/AR0017SR.map 512 512 214 293 127 239 126.60
96 maps/bgmaps/AR0017SR.map 512 512 375 462 131 181 385.58
60 maps/bgmaps/AR0017SR.map 512 512 325 415 134 342 242.33
23 maps/bgmaps/AR0017SR.map 512 512 321 365 356 445 94.50
17 maps/bgmaps/AR0017SR.map 512 512 294 209 238 241 69.25
8 maps/bgmaps/AR0017SR.map 512 512 211 201 184 217 33.63
99 maps/bgmaps/AR0017SR.map 512 512 389 342 60 206 399.72
60 maps/bgmaps/AR0017SR.map 512 512 123 183 326 225 241.94
113 maps/bgmaps/AR0017SR.map 512 512 242 463 181 104 452.52
19 maps/bgmaps/AR0017SR.map 512 512 191 198 122 180 76.46
71 maps/bgmaps/AR0017SR.map 512 512 63 289 150 348 284.53
84 maps/bgmaps/AR0017SR.map 512 512 302 439 144 171 337.79
95 maps/bgmaps/AR0017SR.map 512 512 425 339 254 153 382.20
107 maps/bgmaps/AR0017SR.map 512 512 79 270 418 299 430.52
47 maps/bgmaps/AR0017SR.map 512 512 283 281 115 244 189.12
109 maps/bgmaps/AR0017SR.map 512 512 40 231 382 437 438.98
39 maps/bgmaps/AR0017SR.map 512 512 291 323 206 212 156.31
42 maps/bgmaps/AR0017SR.map 512 512 195 123 186 280 171.70
5 maps/bgmaps/AR0017SR.map 512 512 340 395 340 375 20.00
98 maps/bgmaps/AR0017SR.map 512 512 132 260 321 504 394.93
81 maps/bgmaps/AR0017SR.map 512 512 146 124 298 308 325.18
49 maps/bgmaps/AR0017SR.map 512 512 277 216 133 351 199.92
33 maps/bgmaps/AR0017SR.map 512 512 274 360 340 252 135.34
49 maps/bgmaps/AR0017SR.map 512 512 212 426 371 347 196.41
33 maps/bgmaps/AR0017SR.map 512 512 149 256 184 136 134.50
32 maps/bgmaps/AR0017SR.map 512 512 395 379 423 391 131.92
71 maps/bgmaps/AR0017SR.map 512 512 185 360 454 355 285.21
92 maps/bgmaps/AR0017SR.map 512 512 288 433 74 249 370.33
42 maps/bgmaps/AR0017SR.map 512 512 230 375 174 245 171.30
85 maps/bgmaps/AR0017SR.map 512 512 443 393 314 211 342.88
54 maps/bgmaps/AR0017SR.map 512 512 238 332 177 139 218.27
45 maps/bgmaps/AR0017SR.map 512 512 194 171 286 196 183.07
39 maps/bgmaps/AR0017SR.map 512 512 47 231 167 187 158.02
82 maps/bgmaps/AR0017SR.map 512 512 380 331 200 143 330.05
15 maps/bgmaps/AR0017SR.map 512 512 269 426 222 462 61.91
98 maps/bgmaps/AR0017SR.map 512 512 246 141 244 446 392.19
63 maps/bgmaps/AR0017SR.map 512 512 128 291 339 234 253.18
39 maps/bgmaps/AR0017SR.map 512 512 153 331 182 202 159.24
21 maps/bgmaps/AR0017SR.map 512 512 207 330 277 293 85.33
58 maps/bgmaps/AR0017SR.map 512 512 205 396 361 446 232.15
7 maps/bgmaps/AR0017SR.map 512 512 291 309 269 329 30.28
84 maps/bgmaps/AR0017SR.map 512 512 322 368 53 225 339.30
37 maps/bgmaps/AR0017SR.map 512 512 346 236 333 344 148.05
68 maps/bgmaps/AR0017SR.map 512 512 282 313 184 107 273.24
115 maps/bgmaps/AR0017SR.map 512 512 368 450 25 258 460.77
26 maps/bgmaps/AR0017SR.map 512 512 184 218 222 308 105.74
64 maps/bgmaps/AR0017SR.map 512 512 51 272 286 247 256.12
5 maps/bgmaps/AR0017SR.map 512 512 258 355 240 347 21.31
45 maps/bgmaps/AR0017SR.map 512 512 251 283 93 238 182.44
64 maps/bgmaps/AR0017SR.map 512 512 242 361 81 254 258.41
40 maps/bgmaps/AR0017SR.map 512 512 247 221 255 377 161.80
63 maps/bgmaps/AR0017SR.map 512 512 74 235 226 356 254.20
80 maps/bgmaps/AR0017SR.map 512 512 232 106 224 407 321.71
27 maps/bgmaps/AR0017SR.map 512 512 183 410 261 335 109.07
58 maps/bgmaps/AR0017SR.map 512 512 110 251 279 352 234.49
27 maps/bgmaps/AR0017SR.map 512 512 316 309 289 408 110.18
28 maps/bgmaps/AR0017SR.map 512 512 358 232 248 234 115.80
49 maps/bgmaps/AR0017SR.map 512 512 291 426 453 338 198.45
26 maps/bgmaps/AR0017SR.map 512 512 174 311 224 398 107.71
33 maps/bgmaps/AR0017SR.map 512 512 278 472 352 370 132.65
18 maps/bgmaps/AR0017SR.map 512 512 41 257 114 261 74.66
22 maps/bgmaps/AR0017SR.map 512 512 147 131 221 114 91.81
85 maps/bgmaps/AR0017SR.map 512 512 91 244 372 362 340.95
78 maps/bgmaps/AR0017SR.map 512 512 415 397 227 303 313.97
60 maps/bgmaps/AR0017SR.map 512 512 328 290 243 158 243.69
66 maps/bgmaps/AR0017SR.map 512 512 275 212 399 295 265.07
102 maps/bgmaps/AR0017SR.map 512 512 382 444 231 130 411.06
21 maps/bgmaps/AR0017SR.map 512 512 183 162 140 231 86.81
33 maps/bgmaps/AR0017SR.map 512 512 314 363 439 338 135.36
96 maps/bgmaps/AR0017SR.map 512 512 151 167 273 474 385.90
61 maps/bgmaps/AR0017SR.map 512 512 276 416 343 200 246.10
51 maps/bgmaps/AR0017SR.map 512 512 226 293 397 376 205.38
73 maps/bgmaps/AR0017SR.map 512 512 216 383 202 95 293.80
30 maps/bgmaps/AR0017SR.map 512 512 223 328 328 370 122.40
34 maps/bgmaps/AR0017SR.map 512 512 374 372 267 444 136.82
79 maps/bgmaps/AR0017SR.map 512 512 110 169 332 386 317.16
85 maps/bgmaps/AR0017SR.map 512 512 300 462 196 171 343.98
17 maps/bgmaps/AR0017SR.map 512 512 298 239 233 229 69.14
62 maps/bgmaps/AR0017SR.map 512 512 184 394 165 168 250.44
66 maps/bgmaps/AR0017SR.map 512 512 345 373 141 240 266.02
76 maps/bgmaps/AR0017SR.map 512 512 211 204 282 455 307.95
108 maps/bgmaps/AR0017SR.map 512 512 450 377 133 169 433.66
22 maps/bgmaps/AR0017SR.map 512 512 257 489 278 407 90.70
56 maps/bgmaps/AR0017SR.map 512 512 154 256 318 358 226.43
50 maps/bgmaps/AR0017SR.map 512 512 201 287 60 281 202.10
42 maps/bgmaps/AR0017SR.map 512 512 233 349 364 251 171.59
42 maps/bgmaps/AR0017SR.map 512 512 238 335 213 184 169.64
54 maps/bgmaps/AR0017SR.map 512 512 208 160 32 266 219.91
62 maps/bgmaps/AR0017SR.map 512 512 209 177 202 422 248.73
44 maps/bgmaps/AR0017SR.map 512 512 286 329 159 220 177.42
24 maps/bgmaps/AR0017SR.map 512 512 320 352 238 310 99.40
117 maps/bgmaps/AR0017SR.map 512 512 24 249 231 460 470.94
63 maps/bgmaps/AR0017SR.map 512 512 217 380 112 181 253.04
123 maps/bgmaps/AR0017SR.map 512 512 148 126 418 305 492.45
13 maps/bgmaps/AR0017SR.map 512 512 248 271 252 220 52.66
26 maps/bgmaps/AR0017SR.map 512 512 99 286 136 198 106.64
86 maps/bgmaps/AR0017SR.map 512 512 20 248 345 280 346.54
70 maps/bgmaps/AR0017SR.map 512 512 196 92 254 348 280.02
75 maps/bgmaps/AR0017SR.map 512 512 317 182 72 289 300.09
61 maps/bgmaps/AR0017SR.map 512 512 165 162 188 384 244.78
48 maps/bgmaps/AR0017SR.map 512 512 149 386 328 356 195.57
50 maps/bgmaps/AR0017SR.map 512 512 307 436 212 416 201.07
34 maps/bgmaps/AR0017SR.map 512 512 127 148 252 133 138.67
81 maps/bgmaps/AR0017SR.map 512 512 408 309 193 206 324.33
93 maps/bgmaps/AR0017SR.map 512 512 227 448 161 175 373.26
34 maps/bgmaps/AR0017SR.map 512 512 253 268 143 334 137.34
22 maps/bgmaps/AR0017SR.map 512 512 426 345 343 360 89.21
47 maps/bgmaps/AR0017SR.map 512 512 84 314 227 273 188.98
59 maps/bgmaps/AR0017SR.map 512 512 356 398 145 328 239.99
63 maps/bgmaps/AR0017SR.map 512 512 351 443 344 223 252.72
82 maps/bgmaps/AR0017SR.map 512 512 174 387 35 265 331.65
51 maps/bgmaps/AR0017SR.map 512 512 36 267 200 169 204.59
45 maps/bgmaps/AR0017SR.map 512 512 308 393 197 268 180.94
21 maps/bgmaps/AR0017SR.map 512 512 390 373 370 452 87.28
31 maps/bgmaps/AR0017SR.map 512 512 237 364 119 345 125.87
19 maps/bgmaps/AR0017SR.map 512 512 192 306 256 342 78.91
46 maps/bgmaps/AR0017SR.map 512 512 389 301 239 328 184.88
22 maps/bgmaps/AR0017SR.map 512 512 245 376 173 335 88.98
43 maps/bgmaps/AR0017SR.map 512 512 211 188 287 190 172.07
50 maps/bgmaps/AR0017SR.map 512 512 288 214 208 383 202.14
85 maps/bgmaps/AR0017SR.map 512 512 422 406 197 370 341.61
47 maps/bgmaps/AR0017SR.map 512 512 291 209 175 352 191.05
37 maps/bgmaps/AR0017SR.map 512 512 78 249 195 173 148.48
72 maps/bgmaps/AR0017SR.map 512 512 363 425 312 171 290.04
21 maps/bgmaps/AR0017SR.map 512 512 299 294 236 238 86.20
64 maps/bgmaps/AR0017SR.map 512 512 140 216 372 242 259.34
68 maps/bgmaps/AR0017SR.map 512 512 161 350 248 463 273.68
51 maps/bgmaps/AR0017SR.map 512 512 360 223 186 303 207.14
24 maps/bgmaps/AR0017SR.map 512 512 337 383 272 454 97.92
24 maps/bgmaps/AR0017SR.map 512 512 327 189 251 244 98.78
31 maps/bgmaps/AR0017SR.map 512 512 304 321 189 347 125.77
41 maps/bgmaps/AR0017SR.map 512 512 471 353 309 343 166.97
36 maps/bgmaps/AR0017SR.map 512 512 309 402 224 395 147.20
116 maps/bgmaps/AR0017SR.map 512 512 437 381 207 118 466.71
54 maps/bgmaps/AR0017SR.map 512 512 412 378 217 382 219.02
59 maps/bgmaps/AR0017SR.map 512 512 50 242 252 157 239.69
79 maps/bgmaps/AR0017SR.map 512 512 379 421 163 204 317.01
25 maps/bgmaps/AR0017SR.map 512 512 180 207 101 261 101.37
42 maps/bgmaps/AR0017SR.map 512 512 226 283 91 266 168.75
96 maps/bgmaps/AR0017SR.map 512 512 438 347 130 171 386.17
61 maps/bgmaps/AR0017SR.map 512 512 136 252 207 417 244.08
14 maps/bgmaps/AR0017SR.map 512 512 365 392 314 374 58.46
19 maps/bgmaps/AR0017SR.map 512 512 120 270 55 239 77.84
55 maps/bgmaps/AR0017SR.map 512 512 168 335 148 152 221.11
39 maps/bgmaps/AR0017SR.map 512 512 197 432 215 280 159.46
64 maps/bgmaps/AR0017SR.map 512 512 295 288 82 292 256.08
70 maps/bgmaps/AR0017SR.map 512 512 53 244 317 224 283.88
29 maps/bgmaps/AR0017SR.map 512 512 259 231 309 327 116.71
59 maps/bgmaps/AR0017SR.map 512 512 106 246 306 182 237.28
27 maps/bgmaps/AR0017SR.map 512 512 256 374 331 294 111.07
40 maps/bgmaps/AR0017SR.map 512 512 282 296 156 213 160.38
82 maps/bgmaps/AR0017SR.map 512 512 352 412 126 186 328.40
62 maps/bgmaps/AR0017SR.map 512 512 115 244 337 209 248.10
104 maps/bgmaps/AR0017SR.map 512 512 184 86 348 431 416.45
87 maps/bgmaps/AR0017SR.map 512 512 84 243 362 393 351.20
24 maps/bgmaps/AR0017SR.map 512 512 312 348 216 357 99.73
21 maps/bgmaps/AR0017SR.map 512 512 218 205 248 131 86.43
33 maps/bgmaps/AR0017SR.map 512 512 341 472 310 382 133.18
67 maps/bgmaps/AR0017SR.map 512 512 312 176 354 413 269.31
78 maps/bgmaps/AR0017SR.map 512 512 348 218 317 500 312.24
46 maps/bgmaps/AR0017SR.map 512 512 430 312 275 352 185.04
115 maps/bgmaps/AR0017SR.map 512 512 128 290 436 400 461.00
18 maps/bgmaps/AR0017SR.map 512 512 335 427 360 363 74.36
57 maps/bgmaps/AR0017SR.map 512 512 92 273 286 213 229.62
57 maps/bgmaps/AR0017SR.map 512 512 425 353 353 251 230.02
20 maps/bgmaps/AR0017SR.map 512 512 356 257 297 311 81.37
21 maps/bgmaps/AR0017SR.map 512 512 278 287 216 346 87.02
26 maps/bgmaps/AR0017SR.map 512 512 161 365 229 288 105.17
67 maps/bgmaps/AR0017SR.map 512 512 285 314 189 93 268.97
72 maps/bgmaps/AR0017SR.map 512 512 65 238 329 212 291.34
37 maps/bgmaps/AR0017SR.map 512 512 393 358 314 283 151.94
40 maps/bgmaps/AR0017SR.map 512 512 255 228 155 349 162.42
46 maps/bgmaps/AR0017SR.map 512 512 49 223 214 258 185.30
11 maps/bgmaps/AR0017SR.map 512 512 299 305 334 278 46.18
69 maps/bgmaps/AR0017SR.map 512 512 365 256 208 136 279.08
120 maps/bgmaps/AR0017SR.map 512 512 104 168 442 393 482.39
21 maps/bgmaps/AR0017SR.map 512 512 291 421 322 493 84.84
116 maps/bgmaps/AR0017SR.map 512 512 434 307 49 242 467.40
75 maps/bgmaps/AR0017SR.map 512 512 327 207 57 261 303.14
9 maps/bgmaps/AR0017SR.map 512 512 186 356 170 386 36.63
27 maps/bgmaps/AR0017SR.map 512 512 89 268 131 189 110.30
58 maps/bgmaps/AR0017SR.map 512 512 346 278 187 172 232.78
60 maps/bgmaps/AR0017SR.map 512 512 231 335 345 478 242.88
118 maps/bgmaps/AR0017SR.map 512 512 137 175 428 416 475.29
54 maps/bgmaps/AR0017SR.map 512 512 287 197 345 391 219.68
70 maps/bgmaps/AR0017SR.map 512 512 167 373 318 480 283.20
84 maps/bgmaps/AR0017SR.map 512 512 261 472 286 164 337.41
26 maps/bgmaps/AR0017SR.map 512 512 177 111 262 138 105.05
56 maps/bgmaps/AR0017SR.map 512 512 271 430 197 431 227.88
69 maps/bgmaps/AR0017SR.map 512 512 193 127 348 276 276.47
35 maps/bgmaps/AR0017SR.map 512 512 272 209 159 223 141.99
43 maps/bgmaps/AR0017SR.map 512 512 331 383 485 341 172.23
101 maps/bgmaps/AR0017SR.map 512 512 109 156 399 288 407.37
43 maps/bgmaps/AR0017SR.map 512 512 91 274 218 288 173.75
33 maps/bgmaps/AR0017SR.map 512 512 442 335 336 403 134.17
66 maps/bgmaps/AR0017SR.map 512 512 270 322 58 217 266.56
19 maps/bgmaps/AR0017SR.map 512 512 397 391 335 353 77.74
100 maps/bgmaps/AR0017SR.map 512 512 173 154 244 475 402.80
52 maps/bgmaps/AR0017SR.map 512 512 114 293 289 267 209.79
55 maps/bgmaps/AR0017SR.map 512 512 332 260 255 450 221.89
81 maps/bgmaps/AR0017SR.map 512 512 298 440 175 172 326.61
8 maps/bgmaps/AR0017SR.map 512 512 359 431 388 419 33.97
64 maps/bgmaps/AR0017SR.map 512 512 358 212 292 443 258.34
85 maps/bgmaps/AR0017SR.map 512 512 294 448 181 165 340.78
107 maps/bgmaps/AR0017SR.map 512 512 395 303 179 91 431.40
43 maps/bgmaps/AR0017SR.map 512 512 200 211 326 242 174.20
58 maps/bgmaps/AR0017SR.map 512 512 156 343 92 236 233.55
68 maps/bgmaps/AR0017SR.map 512 512 193 374 233 124 272.37
32 maps/bgmaps/AR0017SR.map 512 512 257 366 313 258 131.20
76 maps/bgmaps/AR0017SR.map 512 512 274 418 127 242 305.23
28 maps/bgmaps/AR0017SR.map 512 512 309 318 210 354 113.91
56 maps/bgmaps/AR0017SR.map 512 512 285 471 206 342 224.67
28 maps/bgmaps/AR0017SR.map 512 512 346 345 272 280 115.81
118 maps/bgmaps/AR0017SR.map 512 512 239 97 312 502 474.37
88 maps/bgmaps/AR0017SR.map 512 512 121 262 260 446 353.32
69 maps/bgmaps/AR0017SR.map 512 512 181 170 383 236 277.58
49 maps/bgmaps/AR0017SR.map 512 512 174 391 294 243 198.29
59 maps/bgmaps/AR0017SR.map 512 512 213 210 348 368 236.85
61 maps/bgmaps/AR0017SR.map 512 512 293 266 200 95 246.43
102 maps/bgmaps/AR0017SR.map 512 512 238 101 366 424 408.53
70 maps/bgmaps/AR0017SR.map 512 512 282 192 257 446 281.75
30 maps/bgmaps/AR0017SR.map 512 512 246 354 298 417 122.80
121 maps/bgmaps/AR0017SR.map 512 512 25 240 436 316 486.02
92 maps/bgmaps/AR0017SR.map 512 512 301 195 442 400 370.02
84 maps/bgmaps/AR0017SR.map 512 512 102 286 314 413 336.00
40 maps/bgmaps/AR0017SR.map 512 512 193 316 344 288 162.60
36 maps/bgmaps/AR0017SR.map 512 512 381 411 247 436 144.36
95 maps/bgmaps/AR0017SR.map 512 512 120 268 258 470 381.63
28 maps/bgmaps/AR0017SR.map 512 512 30 232 133 261 115.01
59 maps/bgmaps/AR0017SR.map 512 512 378 440 186 343 236.87
59 maps/bgmaps/AR0017SR.map 512 512 84 263 170 340 236.48
59 maps/bgmaps/AR0017SR.map 512 512 296 306 99 266 236.76
52 maps/bgmaps/AR0017SR.map 512 512 307 301 470 358 209.70
70 maps/bgmaps/AR0017SR.map 512 512 231 108 277 348 282.25
66 maps/bgmaps/AR0017SR.map 512 512 162 341 420 358 265.04
48 maps/bgmaps/AR0017SR.map 512 512 268 307 411 428 193.12
59 maps/bgmaps/AR0017SR.map 512 512 87 230 215 354 238.47
76 maps/bgmaps/AR0017SR.map 512 512 381 386 154 206 306.83
31 maps/bgmaps/AR0017SR.map 512 512 91 252 203 254 124.43
48 maps/bgmaps/AR0017SR.map 512 512 355 345 314 208 194.33
82 maps/bgmaps/AR0017SR.map 512 512 338 230 164 115 331.85
31 maps/bgmaps/AR0017SR.map 512 512 137 188 225 276 124.45
16 maps/bgmaps/AR0017SR.map 512 512 310 220 354 267 65.23
55 maps/bgmaps/AR0017SR.map 512 512 243 383 187 184 222.20
28 maps/bgmaps/AR0017SR.map 512 512 209 103 144 191 114.92
73 maps/bgmaps/AR0017SR.map 512 512 179 373 76 311 293.63
23 maps/bgmaps/AR0017SR.map 512 512 315 308 358 231 94.81
55 maps/bgmaps/AR0017SR.map 512 512 336 224 382 314 220.27
7 maps/bgmaps/AR0017SR.map 512 512 377 429 397 406 31.28
22 maps/bgmaps/AR0017SR.map 512 512 160 228 184 276 91.50
25 maps/bgmaps/AR0017SR.map 512 512 264 371 318 293 100.37
43 maps/bgmaps/AR0017SR.map 512 512 121 167 243 289 172.53
61 maps/bgmaps/AR0017SR.map 512 512 263 458 205 422 247.46
29 maps/bgmaps/AR0017SR.map 512 512 194 346 190 237 118.94
18 maps/bgmaps/AR0017SR.map 512 512 265 221 213 240 74.25
2 maps/bgmaps/AR0017SR.map 512 512 406 284 398 287 9.24
71 maps/bgmaps/AR0017SR.map 512 512 241 246 463 330 285.87
71 maps/bgmaps/AR0017SR.map 512 512 183 420 411 305 286.08
61 maps/bgmaps/AR0017SR.map 512 512 244 482 211 349 244.75
78 maps/bgmaps/AR0017SR.map 512 512 226 390 54 269 313.99
42 maps/bgmaps/AR0017SR.map 512 512 84 306 220 251 169.55
32 maps/bgmaps/AR0017SR.map 512 512 240 345 358 371 128.77
103 maps/bgmaps/AR0017SR.map 512 512 399 414 96 312 412.41
43 maps/bgmaps/AR0017SR.map 512 512 183 330 210 170 172.01
61 maps/bgmaps/AR0017SR.map 512 512 267 466 345 251 247.31
101 maps/bgmaps/AR0017SR.map 512 512 273 445 70 279 404.97
84 maps/bgmaps/AR0017SR.map 512 512 457 361 189 227 337.22
69 maps/bgmaps/AR0017SR.map 512 512 219 334 165 97 276.36
39 maps/bgmaps/AR0017SR.map 512 512 230 308 354 387 156.72
22 maps/bgmaps/AR0017SR.map 512 512 134 183 218 201 91.46
34 maps/bgmaps/AR0017SR.map 512 512 380 382 268 446 138.51
44 maps/bgmaps/AR0017SR.map 512 512 194 320 342 243 179.89
25 maps/bgmaps/AR0017SR.map 512 512 266 120 199 176 101.91
69 maps/bgmaps/AR0017SR.map 512 512 461 367 203 340 278.80
78 maps/bgmaps/AR0017SR.map 512 512 270 220 479 354 313.37
44 maps/bgmaps/AR0017SR.map 512 512 235 457 384 386 178.41
42 maps/bgmaps/AR0017SR.map 512 512 169 247 282 347 170.08
18 maps/bgmaps/AR0017SR.map 512 512 160 195 221 165 73.43
21 maps/bgmaps/AR0017SR.map 512 512 326 385 400 412 85.18
33 maps/bgmaps/AR0017SR.map 512 512 240 251 367 266 133.21
64 maps/bgmaps/AR0017SR.map 512 512 223 416 300 189 258.89
127 maps/bgmaps/AR0017SR.map 512 512 421 410 86 269 509.93
48 maps/bgmaps/AR0017SR.map 512 512 226 320 401 362 192.40
82 maps/bgmaps/AR0017SR.map 512 512 356 434 188 177 330.10
70 maps/bgmaps/AR0017SR.map 512 512 184 72 278 195 283.89
92 maps/bgmaps/AR0017SR.map 512 512 352 247 142 121 369.10
49 maps/bgmaps/AR0017SR.map 512 512 263 237 221 123 196.57
63 maps/bgmaps/AR0017SR.map 512 512 441 347 207 294 255.95
12 maps/bgmaps/AR0017SR.map 512 512 134 364 169 331 48.67
51 maps/bgmaps/AR0017SR.map 512 512 267 237 89 281 206.99
32 maps/bgmaps/AR0017SR.map 512 512 165 249 225 326 130.30
44 maps/bgmaps/AR0017SR.map 512 512 134 161 56 291 179.58
19 maps/bgmaps/AR0017SR.map 512 512 254 351 217 415 79.33
68 maps/bgmaps/AR0017SR.map 512 512 341 252 264 493 272.89
43 maps/bgmaps/AR0017SR.map 512 512 312 229 163 214 175.92
12 maps/bgmaps/AR0017SR.map 512 512 212 183 166 171 50.97
56 maps/bgmaps/AR0017SR.map 512 512 242 330 261 145 226.94
20 maps/bgmaps/AR0017SR.map 512 512 174 161 103 190 83.01
32 maps/bgmaps/AR0017SR.map 512 512 327 383 282 496 131.64
42 maps/bgmaps/AR0017SR.map 512 512 270 235 334 380 171.51
76 maps/bgmaps/AR0017SR.map 512 512 331 190 440 322 305.71
57 maps/bgmaps/AR0017SR.map 512 512 153 391 334 274 229.46
75 maps/bgmaps/AR0017SR.map 512 512 138 335 397 284 302.12
103 maps/bgmaps/AR0017SR.map 512 512 353 426 36 249 415.83
68 maps/bgmaps/AR0017SR.map 512 512 261 123 309 196 273.78
51 maps/bgmaps/AR0017SR.map 512 512 386 373 234 258 204.91
39 maps/bgmaps/AR0017SR.map 512 512 447 365 340 400 159.68
119 maps/bgmaps/AR0017SR.map 512 512 447 396 94 270 477.58
57 maps/bgmaps/AR0017SR.map 512 512 319 356 179 191 230.61
57 maps/bgmaps/AR0017SR.map 512 512 224 269 282 456 231.94
56 maps/bgmaps/AR0017SR.map 512 512 56 256 244 303 227.07
100 maps/bgmaps/AR0017SR.map 512 512 235 127 252 446 401.63
41 maps/bgmaps/AR0017SR.map 512 512 234 317 160 181 166.65
41 maps/bgmaps/AR0017SR.map 512 512 239 166 109 255 167.45
61 maps/bgmaps/AR0017SR.map 512 512 203 176 373 251 247.08
16 maps/bgmaps/AR0017SR.map 512 512 298 173 285 234 66.38
2 maps/bgmaps/AR0017SR.map 512 512 356 425 363 434 11.90
71 maps/bgmaps/AR0017SR.map 512 512 312 352 103 297 285.93
115 maps/bgmaps/AR0017SR.map 512 512 48 260 420 320 463.02
64 maps/bgmaps/AR0017SR.map 512 512 385 390 179 269 256.12
37 maps/bgmaps/AR0017SR.map 512 512 413 364 324 316 148.50
41 maps/bgmaps/AR0017SR.map 512 512 375 369 248 284 167.48
61 maps/bgmaps/AR0017SR.map 512 512 100 265 301 320 246.15
78 maps/bgmaps/AR0017SR.map 512 512 338 405 200 151 314.68
36 maps/bgmaps/AR0017SR.map 512 512 274 361 257 223 145.04
26 maps/bgmaps/AR0017SR.map 512 512 198 101 133 131 107.57
59 maps/bgmaps/AR0017SR.map 512 512 202 362 180 133 239.77
115 maps/bgmaps/AR0017SR.map 512 512 249 480 44 245 461.83
24 maps/bgmaps/AR0017SR.map 512 512 210 202 259 124 98.30
55 maps/bgmaps/AR0017SR.map 512 512 323 346 151 241 223.25
37 maps/bgmaps/AR0017SR.map 512 512 236 261 326 371 148.45
20 maps/bgmaps/AR0017SR.map 512 512 272 309 256 232 83.63
52 maps/bgmaps/AR0017SR.map 512 512 378 346 266 218 211.88
95 maps/bgmaps/AR0017SR.map 512 512 364 370 190 84 380.92
18 maps/bgmaps/AR0017SR.map 512 512 206 379 187 313 73.87
78 maps/bgmaps/AR0017SR.map 512 512 363 269 85 295 314.45
12 maps/bgmaps/AR0017SR.map 512 512 182 162 140 186 51.94
93 maps/bgmaps/AR0017SR.map 512 512 238 448 124 288 372.20
24 maps/bgmaps/AR0017SR.map 512 512 235 358 308 380 98.46
25 maps/bgmaps/AR0017SR.map 512 512 316 309 232 270 100.15
64 maps/bgmaps/AR0017SR.map 512 512 277 492 435 311 259.92
22 maps/bgmaps/AR0017SR.map 512 512 204 282 218 365 88.80
99 maps/bgmaps/AR0017SR.map 512 512 371 328 45 274 399.55
69 maps/bgmaps/AR0017SR.map 512 512 215 104 215 374 279.94
115 maps/bgmaps/AR0017SR.map 512 512 71 284 462 347 461.30
116 maps/bgmaps/AR0017SR.map 512 512 141 120 395 392 465.59
19 maps/bgmaps/AR0017SR.map 512 512 209 268 261 324 77.54
39 maps/bgmaps/AR0017SR.map 512 512 138 141 143 123 159.61
13 maps/bgmaps/AR0017SR.map 512 512 235 382 184 388 53.49
59 maps/bgmaps/AR0017SR.map 512 512 237 134 98 314 239.23
48 maps/bgmaps/AR0017SR.map 512 512 119 253 291 279 195.20
41 maps/bgmaps/AR0017SR.map 512 512 210 112 207 275 167.56
38 maps/bgmaps/AR0017SR.map 512 512 269 334 291 464 155.50
87 maps/bgmaps/AR0017SR.map 512 512 368 418 109 234 348.63
35 maps/bgmaps/AR0017SR.map 512 512 196 365 300 271 142.94
13 maps/bgmaps/AR0017SR.map 512 512 290 348 243 362 52.80
95 maps/bgmaps/AR0017SR.map 512 512 228 452 163 165 383.09
8 maps/bgmaps/AR0017SR.map 512 512 198 278 181 305 34.04
11 maps/bgmaps/AR0017SR.map 512 512 221 300 181 282 47.46
101 maps/bgmaps/AR0017SR.map 512 512 92 236 376 459 404.43
51 maps/bgmaps/AR0017SR.map 512 512 210 170 34 244 207.48
35 maps/bgmaps/AR0017SR.map 512 512 239 374 348 292 142.97
36 maps/bgmaps/AR0017SR.map 512 512 297 410 230 392 147.95
51 maps/bgmaps/AR0017SR.map 512 512 313 307 122 345 206.74
63 maps/bgmaps/AR0017SR.map 512 512 206 334 431 315 253.94
82 maps/bgmaps/AR0017SR.map 512 512 170 205 380 446 331.50
85 maps/bgmaps/AR0017SR.map 512 512 252 484 212 214 341.55
64 maps/bgmaps/AR0017SR.map 512 512 31 256 239 313 259.99
76 maps/bgmaps/AR0017SR.map 512 512 312 190 49 221 306.49
55 maps/bgmaps/AR0017SR.map 512 512 213 388 395 413 223.01
17 maps/bgmaps/AR0017SR.map 512 512 234 339 205 283 68.01
16 maps/bgmaps/AR0017SR.map 512 512 292 324 229 316 66.31
48 maps/bgmaps/AR0017SR.map 512 512 278 332 261 500 195.75
6 maps/bgmaps/AR0017SR.map 512 512 241 144 242 119 25.41
38 maps/bgmaps/AR0017SR.map 512 512 215 261 74 251 155.91
73 maps/bgmaps/AR0017SR.map 512 512 249 483 179 307 293.08
23 maps/bgmaps/AR0017SR.map 512 512 252 339 333 366 92.18
47 maps/bgmaps/AR0017SR.map 512 512 303 466 330 292 190.98
36 maps/bgmaps/AR0017SR.map 512 512 379 310 277 301 147.27
47 maps/bgmaps/AR0017SR.map 512 512 171 207 315 181 191.22
85 maps/bgmaps/AR0017SR.map 512 512 150 133 19 242 341.56
10 maps/bgmaps/AR0017SR.map 512 512 192 136 224 111 42.36
47 maps/bgmaps/AR0017SR.map 512 512 264 287 106 269 191.14
47 maps/bgmaps/AR0017SR.map 512 512 361 338 176 342 191.14
38 maps/bgmaps/AR0017SR.map 512 512 239 326 366 258 155.17
47 maps/bgmaps/AR0017SR.map 512 512 225 290 76 222 191.17
87 maps/bgmaps/AR0017SR.map 512 512 355 388 125 140 350.88
36 maps/bgmaps/AR0017SR.map 512 512 268 324 168 252 147.87
79 maps/bgmaps/AR0017SR.map 512 512 182 134 307 398 319.29
63 maps/bgmaps/AR0017SR.map 512 512 114 260 334 294 252.31
20 maps/bgmaps/AR0017SR.map 512 512 152 191 109 253 83.33
35 maps/bgmaps/AR0017SR.map 512 512 274 506 303 376 142.01
107 maps/bgmaps/AR0017SR.map 512 512 205 137 339 498 429.82
30 maps/bgmaps/AR0017SR.map 512 512 278 226 230 328 121.88
36 maps/bgmaps/AR0017SR.map 512 512 164 254 298 255 147.67
12 maps/bgmaps/AR0017SR.map 512 512 199 361 207 314 50.31
35 maps/bgmaps/AR0017SR.map 512 512 182 347 303 375 143.14
35 maps/bgmaps/AR0017SR.map 512 512 217 256 108 172 143.79
23 maps/bgmaps/AR0017SR.map 512 512 179 190 88 180 95.14
3 maps/bgmaps/AR0017SR.map 512 512 349 367 337 373 14.49
25 maps/bgmaps/AR0017SR.map 512 512 327 291 255 220 101.41
68 maps/bgmaps/AR0017SR.map 512 512 289 475 377 236 275.45
35 maps/bgmaps/AR0017SR.map 512 512 220 271 318 367 143.04
35 maps/bgmaps/AR0017SR.map 512 512 200 306 125 249 143.25
67 maps/bgmaps/AR0017SR.map 512 512 427 316 232 463 268.78
34 maps/bgmaps/AR0017SR.map 512 512 269 351 132 358 139.90
80 maps/bgmaps/AR0017SR.map 512 512 44 240 241 388 320.34
32 maps/bgmaps/AR0017SR.map 512 512 238 284 356 252 131.25
18 maps/bgmaps/AR0017SR.map 512 512 397 385 335 354 74.84
32 maps/bgmaps/AR0017SR.map 512 512 308 361 334 240 131.77
67 maps/bgmaps/AR0017SR.map 512 512 181 106 175 338 270.57
32 maps/bgmaps/AR0017SR.map 512 512 338 394 449 345 131.30
18 maps/bgmaps/AR0017SR.map 512 512 341 261 270 266 73.07
30 maps/bgmaps/AR0017SR.map 512 512 378 346 335 302 123.43
67 maps/bgmaps/AR0017SR.map 512 512 87 301 311 290 271.63
82 maps/bgmaps/AR0017SR.map 512 512 172 233 261 481 329.03
30 maps/bgmaps/AR0017SR.map 512 512 214 311 292 221 123.48
85 maps/bgmaps/AR0017SR.map 512 512 144 228 254 461 342.00
83 maps/bgmaps/AR0017SR.map 512 512 229 458 436 399 333.26
30 maps/bgmaps/AR0017SR.map 512 512 138 245 217 297 123.33
89 maps/bgmaps/AR0017SR.map 512 512 370 381 261 137 357.11
30 maps/bgmaps/AR0017SR.map 512 512 177 157 155 135 123.54
29 maps/bgmaps/AR0017SR.map 512 512 244 385 345 342 118.81
29 maps/bgmaps/AR0017SR.map 512 512 313 345 431 343 119.66
29 maps/bgmaps/AR0017SR.map 512 512 223 250 326 241 119.15
78 maps/bgmaps/AR0017SR.map 512 512 249 436 151 250 313.49
29 maps/bgmaps/AR0017SR.map 512 512 317 410 252 368 119.33
104 maps/bgmaps/AR0017SR.map 512 512 299 470 64 234 418.16
101 maps/bgmaps/AR0017SR.map 512 512 145 175 459 359 405.10
25 maps/bgmaps/AR0017SR.map 512 512 287 351 189 338 103.38
25 maps/bgmaps/AR0017SR.map 512 512 203 185 243 101 102.91
25 maps/bgmaps/AR0017SR.map 512 512 435 328 379 406 101.20
23 maps/bgmaps/AR0017SR.map 512 512 227 318 184 396 95.81
89 maps/bgmaps/AR0017SR.map 512 512 428 386 304 201 356.24
23 maps/bgmaps/AR0017SR.map 512 512 203 227 207 133 95.66
22 maps/bgmaps/AR0017SR.map 512 512 282 337 220 275 90.61
76 maps/bgmaps/AR0017SR.map 512 512 146 170 296 403 304.45
20 maps/bgmaps/AR0017SR.map 512 512 301 384 284 460 83.04
20 maps/bgmaps/AR0017SR.map 512 512 235 346 176 405 83.44
16 maps/bgmaps/AR0017SR.map 512 512 368 326 338 378 64.43
91 maps/bgmaps/AR0017SR.map 512 512 145 181 407 295 365.53
20 maps/bgmaps/AR0017SR.map 512 512 170 155 183 105 82.84
68 maps/bgmaps/AR0017SR.map 512 512 342 220 198 125 272.88
7 maps/bgmaps/AR0017SR.map 512 512 128 238 152 251 29.38
69 maps/bgmaps/AR0017SR.map 512 512 184 368 253 118 279.41
5 maps/bgmaps/AR0017SR.map 512 512 295 450 292 431 20.24
20 maps/bgmaps/AR0017SR.map 512 512 238 268 307 304 83.91
20 maps/bgmaps/AR0017SR.map 512 512 313 313 332 237 83.87
19 maps/bgmaps/AR0017SR.map 512 512 252 256 308 311 78.78
98 maps/bgmaps/AR0017SR.map 512 512 128 281 248 479 392.16
19 maps/bgmaps/AR0017SR.map 512 512 202 233 173 166 79.01
71 maps/bgmaps/AR0017SR.map 512 512 380 266 129 355 287.87
69 maps/bgmaps/AR0017SR.map 512 512 385 445 171 407 279.65
86 maps/bgmaps/AR0017SR.map 512 512 431 341 148 268 347.50
17 maps/bgmaps/AR0017SR.map 512 512 314 278 332 214 71.46
103 maps/bgmaps/AR0017SR.map 512 512 180 193 427 392 414.72
17 maps/bgmaps/AR0017SR.map 512 512 318 290 335 226 71.04
17 maps/bgmaps/AR0017SR.map 512 512 326 377 376 427 70.71
17 maps/bgmaps/AR0017SR.map 512 512 345 215 305 165 71.25
17 maps/bgmaps/AR0017SR.map 512 512 198 154 188 87 71.14
3 maps/bgmaps/AR0017SR.map 512 512 303 179 295 191 15.31
91 maps/bgmaps/AR0017SR.map 512 512 397 432 134 198 365.20
68 maps/bgmaps/AR0017SR.map 512 512 157 349 432 347 275.83
104 maps/bgmaps/AR0017SR.map 512 512 103 279 317 491 417.14
16 maps/bgmaps/AR0017SR.map 512 512 307 352 293 414 67.80
16 maps/bgmaps/AR0017SR.map 512 512 289 428 327 377 66.74
84 maps/bgmaps/AR0017SR.map 512 512 322 467 159 254 339.40
83 maps/bgmaps/AR0017SR.map 512 512 64 282 195 422 335.99
16 maps/bgmaps/AR0017SR.map 512 512 151 187 201 145 67.40
16 maps/bgmaps/AR0017SR.map 512 512 234 366 188 414 67.05
15 maps/bgmaps/AR0017SR.map 512 512 261 245 210 276 63.84
15 maps/bgmaps/AR0017SR.map 512 512 351 398 370 454 63.87
15 maps/bgmaps/AR0017SR.map 512 512 273 312 330 297 63.21
13 maps/bgmaps/AR0017SR.map 512 512 282 401 248 440 53.08
99 maps/bgmaps/AR0017SR.map 512 512 428 328 201 131 396.15
15 maps/bgmaps/AR0017SR.map 512 512 297 351 237 360 63.73
73 maps/bgmaps/AR0017SR.map 512 512 189 212 393 398 293.93
15 maps/bgmaps/AR0017SR.map 512 512 354 410 291 408 63.83
15 maps/bgmaps/AR0017SR.map 512 512 298 291 325 242 61.01
15 maps/bgmaps/AR0017SR.map 512 512 283 401 306 348 63.11
14 maps/bgmaps/AR0017SR.map 512 512 281 341 310 385 59.53
14 maps/bgmaps/AR0017SR.map 512 512 137 205 91 173 59.25
75 maps/bgmaps/AR0017SR.map 512 512 152 179 285 408 302.52
114 maps/bgmaps/AR0017SR.map 512 512 278 492 49 245 456.82
14 maps/bgmaps/AR0017SR.map 512 512 272 278 237 233 59.50
0 maps/bgmaps/AR0017SR.map 512 512 174 197 175 200 3.41
14 maps/bgmaps/AR0017SR.map 512 512 344 378 294 400 59.11
14 maps/bgmaps/AR0017SR.map 512 512 191 198 173 250 59.46
106 maps/bgmaps/AR0017SR.map 512 512 45 250 268 450 425.03
103 maps/bgmaps/AR0017SR.map 512 512 43 228 341 429 412.24
94 maps/bgmaps/AR0017SR.map 512 512 325 484 142 195 377.63
14 maps/bgmaps/AR0017SR.map 512 512 279 230 326 200 59.43
116 maps/bgmaps/AR0017SR.map 512 512 333 485 64 287 466.53
14 maps/bgmaps/AR0017SR.map 512 512 221 257 269 284 59.18
13 maps/bgmaps/AR0017SR.map 512 512 310 368 349 407 55.15
82 maps/bgmaps/AR0017SR.map 512 512 205 169 368 427 330.69
13 maps/bgmaps/AR0017SR.map 512 512 283 331 239 303 55.60
72 maps/bgmaps/AR0017SR.map 512 512 320 503 182 374 291.85
114 maps/bgmaps/AR0017SR.map 512 512 60 260 330 489 458.00
12 maps/bgmaps/AR0017SR.map 512 512 225 248 271 236 50.97
12 maps/bgmaps/AR0017SR.map 512 512 229 244 269 217 51.18
11 maps/bgmaps/AR0017SR.map 512 512 313 389 318 433 47.73
78 maps/bgmaps/AR0017SR.map 512 512 167 120 310 310 315.35
11 maps/bgmaps/AR0017SR.map 512 512 319 262 364 257 47.07
8 maps/bgmaps/AR0017SR.map 512 512 304 288 272 287 32.41
11 maps/bgmaps/AR0017SR.map 512 512 294 280 247 281 47.41
11 maps/bgmaps/AR0017SR.map 512 512 252 372 219 405 46.67
10 maps/bgmaps/AR0017SR.map 512 512 268 335 226 331 43.66
10 maps/bgmaps/AR0017SR.map 512 512 239 312 207 340 43.60
5 maps/bgmaps/AR0017SR.map 512 512 219 123 242 125 23.83
67 maps/bgmaps/AR0017SR.map 512 512 81 289 295 185 269.61
97 maps/bgmaps/AR0017SR.map 512 512 238 450 120 167 389.24
10 maps/bgmaps/AR0017SR.map 512 512 350 416 381 447 43.84
10 maps/bgmaps/AR0017SR.map 512 512 292 465 277 502 43.21
10 maps/bgmaps/AR0017SR.map 512 512 300 434 339 424 43.14
10 maps/bgmaps/AR0017SR.map 512 512 273 209 309 190 43.87
10 maps/bgmaps/AR0017SR.map 512 512 214 315 218 357 43.66
10 maps/bgmaps/AR0017SR.map 512 512 167 146 143 180 43.94
9 maps/bgmaps/AR0017SR.map 512 512 329 254 361 238 38.63
9 maps/bgmaps/AR0017SR.map 512 512 437 346 472 354 39.14
9 maps/bgmaps/AR0017SR.map 512 512 286 351 321 363 39.97
9 maps/bgmaps/AR0017SR.map 512 512 333 261 370 255 39.49
9 maps/bgmaps/AR0017SR.map 512 512 381 355 417 364 39.73
9 maps/bgmaps/AR0017SR.map 512 512 375 441 389 407 39.80
120 maps/bgmaps/AR0017SR.map 512 512 22 254 251 475 481.73
8 maps/bgmaps/AR0017SR.map 512 512 392 421 385 388 35.90
8 maps/bgmaps/AR0017SR.map 512 512 198 370 176 396 35.11
8 maps/bgmaps/AR0017SR.map 512 512 227 356 197 370 35.80
92 maps/bgmaps/AR0017SR.map 512 512 468 368 114 349 370.46
8 maps/bgmaps/AR0017SR.map 512 512 309 471 334 496 35.36
8 maps/bgmaps/AR0017SR.map 512 512 292 351 261 361 35.14
7 maps/bgmaps/AR0017SR.map 512 512 321 385 299 407 31.11
7 maps/bgmaps/AR0017SR.map 512 512 359 408 382 428 31.28
6 maps/bgmaps/AR0017SR.map 512 512 304 226 322 243 27.38
6 maps/bgmaps/AR0017SR.map 512 512 305 381 308 407 27.24
67 maps/bgmaps/AR0017SR.map 512 512 196 92 197 357 271.21
6 maps/bgmaps/AR0017SR.map 512 512 190 297 177 319 27.38
6 maps/bgmaps/AR0017SR.map 512 512 297 196 314 176 27.04
6 maps/bgmaps/AR0017SR.map 512 512 254 358 231 370 27.97
6 maps/bgmaps/AR0017SR.map 512 512 135 232 116 242 27.97
5 maps/bgmaps/AR0017SR.map 512 512 188 219 172 203 22.63
5 maps/bgmaps/AR0017SR.map 512 512 122 255 116 276 23.49
5 maps/bgmaps/AR0017SR.map 512 512 302 419 320 406 23.38
5 maps/bgmaps/AR0017SR.map 512 512 261 326 273 345 23.97
4 maps/bgmaps/AR0017SR.map 512 512 196 374 178 377 19.24
66 maps/bgmaps/AR0017SR.map 512 512 135 339 63 244 267.45
105 maps/bgmaps/AR0017SR.map 512 512 417 288 81 247 422.55
4 maps/bgmaps/AR0017SR.map 512 512 140 225 145 242 19.07
4 maps/bgmaps/AR0017SR.map 512 512 149 222 134 234 19.97
4 maps/bgmaps/AR0017SR.map 512 512 379 375 396 381 19.49
4 maps/bgmaps/AR0017SR.map 512 512 255 314 269 328 19.80
4 maps/bgmaps/AR0017SR.map 512 512 222 254 210 242 19.31
91 maps/bgmaps/AR0017SR.map 512 512 103 186 371 414 367.71
4 maps/bgmaps/AR0017SR.map 512 512 103 298 89 312 19.80
4 maps/bgmaps/AR0017SR.map 512 512 88 279 74 293 19.80
4 maps/bgmaps/AR0017SR.map 512 512 189 199 177 184 19.97
3 maps/bgmaps/AR0017SR.map 512 512 373 430 383 441 15.14
3 maps/bgmaps/AR0017SR.map 512 512 231 316 217 318 14.83
3 maps/bgmaps/AR0017SR.map 512 512 164 363 151 358 15.07
74 maps/bgmaps/AR0017SR.map 512 512 88 285 235 396 296.35
3 maps/bgmaps/AR0017SR.map 512 512 304 346 315 357 15.56
66 maps/bgmaps/AR0017SR.map 512 512 294 219 51 251 267.02
3 maps/bgmaps/AR0017SR.map 512 512 350 382 365 381 15.41
3 maps/bgmaps/AR0017SR.map 512 512 202 146 201 131 15.41
2 maps/bgmaps/AR0017SR.map 512 512 191 308 191 319 11.00
2 maps/bgmaps/AR0017SR.map 512 512 194 288 186 296 11.31
2 maps/bgmaps/AR0017SR.map 512 512 323 360 331 368 11.31
1 maps/bgmaps/AR0017SR.map 512 512 179 109 174 108 5.41
2 maps/bgmaps/AR0017SR.map 512 512 219 393 219 404 11.00
66 maps/bgmaps/AR0017SR.map 512 512 133 192 172 409 264.35
2 maps/bgmaps/AR0017SR.map 512 512 377 359 388 358 11.41
2 maps/bgmaps/AR0017SR.map 512 512 72 296 70 307 11.83
2 maps/bgmaps/AR0017SR.map 512 512 156 328 147 332 10.66
1 maps/bgmaps/AR0017SR.map 512 512 356 397 351 402 7.07
1 maps/bgmaps/AR0017SR.map 512 512 308 316 310 309 7.83
115 maps/bgmaps/AR0017SR.map 512 512 160 106 254 457 463.37
1 maps/bgmaps/AR0017SR.map 512 512 274 453 269 458 7.07
1 maps/bgmaps/AR0017SR.map 512 512 174 143 172 149 6.83
1 maps/bgmaps/AR0017SR.map 512 512 169 249 164 254 7.07
1 maps/bgmaps/AR0017SR.map 512 512 209 319 214 324 7.07
1 maps/bgmaps/AR0017SR.map 512 512 328 242 333 237 7.07
1 maps/bgmaps/AR0017SR.map 512 512 194 163 199 158 7.07
0 maps/bgmaps/AR0017SR.map 512 512 289 196 287 198 2.83
71 maps/bgmaps/AR0017SR.map 512 512 208 381 83 307 284.28
0 maps/bgmaps/AR0017SR.map 512 512 306 197 308 195 2.83
0 maps/bgmaps/AR0017SR.map 512 512 126 285 124 287 2.83
0 maps/bgmaps/AR0017SR.map 512 512 221 369 224 369 3.00
66 maps/bgmaps/AR0017SR.map 512 512 239 139 207 390 267.57
0 maps/bgmaps/AR0017SR.map 512 512 392 423 394 425 2.83
66 maps/bgmaps/AR0017SR.map 512 512 438 376 292 267 266.15
0 maps/bgmaps/AR0017SR.map 512 512 146 376 144 378 2.83
0 maps/bgmaps/AR0017SR.map 512 512 118 254 120 252 2.83
104 maps/bgmaps/AR0017SR.map 512 512 155 168 335 504 419.87
0 maps/bgmaps/AR0017SR.map 512 512 154 199 152 197 2.83
0 maps/bgmaps/AR0017SR.map 512 512 307 204 309 202 2.83
117 maps/bgmaps/AR0017SR.map 512 512 138 147 447 394 471.83
77 maps/bgmaps/AR0017SR.map 512 512 346 356 180 137 308.26
71 maps/bgmaps/AR0017SR.map 512 512 186 409 431 323 287.07
107 maps/bgmaps/AR0017SR.map 512 512 299 466 58 284 431.76
110 maps/bgmaps/AR0017SR.map 512 512 121 284 491 348 440.72
98 maps/bgmaps/AR0017SR.map 512 512 67 216 394 354 395.23
102 maps/bgmaps/AR0017SR.map 512 512 40 231 365 408 409.39
89 maps/bgmaps/AR0017SR.map 512 512 483 349 195 214 359.98
96 maps/bgmaps/AR0017SR.map 512 512 439 333 193 149 385.12
83 maps/bgmaps/AR0017SR.map 512 512 334 469 300 182 335.71
90 maps/bgmaps/AR0017SR.map 512 512 75 272 346 405 362.46
72 maps/bgmaps/AR0017SR.map 512 512 247 218 305 477 288.82
109 maps/bgmaps/AR0017SR.map 512 512 384 442 48 230 437.23
90 maps/bgmaps/AR0017SR.map 512 512 324 425 254 138 361.76
89 maps/bgmaps/AR0017SR.map 512 512 249 137 325 420 356.10
77 maps/bgmaps/AR0017SR.map 512 512 182 150 339 386 308.65
93 maps/bgmaps/AR0017SR.map 512 512 394 353 96 180 374.93
96 maps/bgmaps/AR0017SR.map 512 512 105 182 392 407 385.47
83 maps/bgmaps/AR0017SR.map 512 512 285 396 99 306 335.53
89 maps/bgmaps/AR0017SR.map 512 512 141 175 409 372 356.04
113 maps/bgmaps/AR0017SR.map 512 512 453 319 65 254 455.82
77 maps/bgmaps/AR0017SR.map 512 512 288 337 172 94 308.62
81 maps/bgmaps/AR0017SR.map 512 512 147 136 53 278 324.23
89 maps/bgmaps/AR0017SR.map 512 512 330 495 161 256 359.00
75 maps/bgmaps/AR0017SR.map 512 512 482 353 193 326 301.01
79 maps/bgmaps/AR0017SR.map 512 512 65 250 206 423 319.84
73 maps/bgmaps/AR0017SR.map 512 512 94 252 320 372 292.58
122 maps/bgmaps/AR0017SR.map 512 512 214 102 450 390 489.22
94 maps/bgmaps/AR0017SR.map 512 512 391 433 174 153 377.50
117 maps/bgmaps/AR0017SR.map 512 512 308 462 156 122 471.85
76 maps/bgmaps/AR0017SR.map 512 512 450 334 155 329 307.01
100 maps/bgmaps/AR0017SR.map 512 512 441 370 216 175 401.95
81 maps/bgmaps/AR0017SR.map 512 512 44 274 324 310 324.74
72 maps/bgmaps/AR0017SR.map 512 512 94 245 359 211 289.85
76 maps/bgmaps/AR0017SR.map 512 512 346 344 110 189 307.13
103 maps/bgmaps/AR0017SR.map 512 512 381 323 163 106 414.26
89 maps/bgmaps/AR0017SR.map 512 512 382 306 101 241 359.75
72 maps/bgmaps/AR0017SR.map 512 512 173 396 442 349 288.47
81 maps/bgmaps/AR0017SR.map 512 512 71 250 316 388 327.92
89 maps/bgmaps/AR0017SR.map 512 512 169 200 298 494 356.75
106 maps/bgmaps/AR0017SR.map 512 512 287 502 101 278 424.76
72 maps/bgmaps/AR0017SR.map 512 512 110 193 329 343 288.89
89 maps/bgmaps/AR0017SR.map 512 512 282 414 77 264 357.03
73 maps/bgmaps/AR0017SR.map 512 512 214 287 447 372 294.75
119 maps/bgmaps/AR0017SR.map 512 512 407 411 151 122 476.29
100 maps/bgmaps/AR0017SR.map 512 512 269 465 84 251 401.03
83 maps/bgmaps/AR0017SR.map 512 512 269 425 177 159 335.79
83 maps/bgmaps/AR0017SR.map 512 512 53 224 306 375 335.40
81 maps/bgmaps/AR0017SR.map 512 512 217 177 288 448 327.95
73 maps/bgmaps/AR0017SR.map 512 512 160 337 440 324 293.43
83 maps/bgmaps/AR0017SR.map 512 512 375 235 98 316 332.88
78 maps/bgmaps/AR0017SR.map 512 512 65 295 300 357 314.93
81 maps/bgmaps/AR0017SR.map 512 512 262 251 435 407 326.82
80 maps/bgmaps/AR0017SR.map 512 512 61 244 181 415 322.88
117 maps/bgmaps/AR0017SR.map 512 512 270 503 55 255 469.27
108 maps/bgmaps/AR0017SR.map 512 512 53 265 397 293 435.93
76 maps/bgmaps/AR0017SR.map 512 512 208 115 334 348 307.49
102 maps/bgmaps/AR0017SR.map 512 512 76 315 359 431 410.65
80 maps/bgmaps/AR0017SR.map 512 512 128 270 280 428 323.35
115 maps/bgmaps/AR0017SR.map 512 512 181 75 402 281 460.35
74 maps/bgmaps/AR0017SR.map 512 512 86 278 352 276 298.31
77 maps/bgmaps/AR0017SR.map 512 512 334 272 53 277 311.24
109 maps/bgmaps/AR0017SR.map 512 512 90 301 261 485 439.06
83 maps/bgmaps/AR0017SR.map 512 512 321 388 70 259 334.72
87 maps/bgmaps/AR0017SR.map 512 512 295 456 135 183 349.42
111 maps/bgmaps/AR0017SR.map 512 512 464 373 94 247 446.29
75 maps/bgmaps/AR0017SR.map 512 512 270 229 479 351 303.12
105 maps/bgmaps/AR0017SR.map 512 512 56 263 269 454 423.00
95 maps/bgmaps/AR0017SR.map 512 512 123 203 231 462 383.88
99 maps/bgmaps/AR0017SR.map 512 512 208 171 344 485 396.68
91 maps/bgmaps/AR0017SR.map 512 512 281 401 58 266 366.03
122 maps/bgmaps/AR0017SR.map 512 512 154 124 244 468 491.97
91 maps/bgmaps/AR0017SR.map 512 512 367 344 58 251 365.22
80 maps/bgmaps/AR0017SR.map 512 512 460 345 206 224 323.84
83 maps/bgmaps/AR0017SR.map 512 512 183 207 407 276 334.59
110 maps/bgmaps/AR0017SR.map 512 512 275 482 76 294 441.36
93 maps/bgmaps/AR0017SR.map 512 512 339 409 55 242 373.62
92 maps/bgmaps/AR0017SR.map 512 512 138 142 259 418 370.77
99 maps/bgmaps/AR0017SR.map 512 512 422 318 107 253 399.95
105 maps/bgmaps/AR0017SR.map 512 512 302 502 111 177 422.22
74 maps/bgmaps/AR0017SR.map 512 512 326 501 204 433 298.88
86 maps/bgmaps/AR0017SR.map 512 512 357 374 129 138 346.84
79 maps/bgmaps/AR0017SR.map 512 512 337 486 162 393 317.97
88 maps/bgmaps/AR0017SR.map 512 512 394 390 122 267 352.24
86 maps/bgmaps/AR0017SR.map 512 512 223 408 33 237 345.12
75 maps/bgmaps/AR0017SR.map 512 512 66 217 247 381 303.35
88 maps/bgmaps/AR0017SR.map 512 512 193 135 394 363 355.78
83 maps/bgmaps/AR0017SR.map 512 512 331 481 292 181 335.37
80 maps/bgmaps/AR0017SR.map 512 512 394 422 153 241 323.73
75 maps/bgmaps/AR0017SR.map 512 512 340 221 286 499 300.37
94 maps/bgmaps/AR0017SR.map 512 512 241 171 249 464 376.63
99 maps/bgmaps/AR0017SR.map 512 512 401 350 195 93 398.56
80 maps/bgmaps/AR0017SR.map 512 512 450 381 193 288 323.10
80 maps/bgmaps/AR0017SR.map 512 512 194 311 438 387 323.54
75 maps/bgmaps/AR0017SR.map 512 512 382 341 148 196 303.48
80 maps/bgmaps/AR0017SR.map 512 512 355 382 111 274 323.83
96 maps/bgmaps/AR0017SR.map 512 512 183 98 337 410 386.33
101 maps/bgmaps/AR0017SR.map 512 512 310 473 102 180 404.29
96 maps/bgmaps/AR0017SR.map 512 512 379 418 136 141 385.27
86 maps/bgmaps/AR0017SR.map 512 512 383 367 172 145 345.13
79 maps/bgmaps/AR0017SR.map 512 512 71 275 324 348 319.16
121 maps/bgmaps/AR0017SR.map 512 512 69 241 445 388 486.71
118 maps/bgmaps/AR0017SR.map 512 512 348 479 52 242 474.89
102 maps/bgmaps/AR0017SR.map 512 512 67 289 376 422 411.61
112 maps/bgmaps/AR0017SR.map 512 512 50 240 282 484 448.23
77 maps/bgmaps/AR0017SR.map 512 512 340 497 332 223 310.65
118 maps/bgmaps/AR0017SR.map 512 512 161 124 230 447 475.04
91 maps/bgmaps/AR0017SR.map 512 512 320 403 196 91 366.88
77 maps/bgmaps/AR0017SR.map 512 512 311 421 226 167 311.78
113 maps/bgmaps/AR0017SR.map 512 512 45 259 319 474 455.37
77 maps/bgmaps/AR0017SR.map 512 512 395 380 152 249 311.65
115 maps/bgmaps/AR0017SR.map 512 512 353 483 233 130 461.17
90 maps/bgmaps/AR0017SR.map 512 512 131 191 397 299 363.73
110 maps/bgmaps/AR0017SR.map 512 512 97 303 453 322 442.87
77 maps/bgmaps/AR0017SR.map 512 512 177 176 390 349 311.61
77 maps/bgmaps/AR0017SR.map 512 512 269 225 347 478 309.85
112 maps/bgmaps/AR0017SR.map 512 512 463 371 200 119 451.98
74 maps/bgmaps/AR0017SR.map 512 512 291 173 61 289 299.95
112 maps/bgmaps/AR0017SR.map 512 512 301 488 56 219 451.20
112 maps/bgmaps/AR0017SR.map 512 512 81 315 448 339 451.80
102 maps/bgmaps/AR0017SR.map 512 512 430 341 249 126 410.72
103 maps/bgmaps/AR0017SR.map 512 512 323 415 159 114 413.68
108 maps/bgmaps/AR0017SR.map 512 512 266 123 440 331 434.90
79 maps/bgmaps/AR0017SR.map 512 512 192 145 370 356 319.29
109 maps/bgmaps/AR0017SR.map 512 512 307 506 100 184 436.39
93 maps/bgmaps/AR0017SR.map 512 512 297 401 175 102 372.91
74 maps/bgmaps/AR0017SR.map 512 512 130 342 370 450 299.97
74 maps/bgmaps/AR0017SR.map 512 512 183 78 174 353 296.12
107 maps/bgmaps/AR0017SR.map 512 512 461 361 173 140 431.33
87 maps/bgmaps/AR0017SR.map 512 512 213 190 442 330 348.36
79 maps/bgmaps/AR0017SR.map 512 512 303 373 64 228 319.50
79 maps/bgmaps/AR0017SR.map 512 512 182 148 361 376 319.72
118 maps/bgmaps/AR0017SR.map 512 512 431 394 130 154 474.77
95 maps/bgmaps/AR0017SR.map 512 512 355 412 58 250 381.07
74 maps/bgmaps/AR0017SR.map 512 512 257 435 193 204 299.13
88 maps/bgmaps/AR0017SR.map 512 512 317 364 26 254 355.09
90 maps/bgmaps/AR0017SR.map 512 512 123 145 295 425 361.39
109 maps/bgmaps/AR0017SR.map 512 512 443 330 199 100 436.88
103 maps/bgmaps/AR0017SR.map 512 512 95 235 323 483 412.03
103 maps/bgmaps/AR0017SR.map 512 512 63 278 384 412 414.91
95 maps/bgmaps/AR0017SR.map 512 512 433 378 198 201 383.95
118 maps/bgmaps/AR0017SR.map 512 512 49 243 445 307 473.50
101 maps/bgmaps/AR0017SR.map 512 512 378 394 52 258 404.17
92 maps/bgmaps/AR0017SR.map 512 512 328 398 63 295 369.53
110 maps/bgmaps/AR0017SR.map 512 512 333 492 192 121 441.06
94 maps/bgmaps/AR0017SR.map 512 512 274 467 178 156 378.30
95 maps/bgmaps/AR0017SR.map 512 512 154 164 361 455 380.26
114 maps/bgmaps/AR0017SR.map 512 512 426 382 204 134 457.95
99 maps/bgmaps/AR0017SR.map 512 512 300 485 108 276 397.86
108 maps/bgmaps/AR0017SR.map 512 512 320 474 91 317 434.98
117 maps/bgmaps/AR0017SR.map 512 512 446 366 90 313 469.80
87 maps/bgmaps/AR0017SR.map 512 512 204 198 254 481 348.65
88 maps/bgmaps/AR0017SR.map 512 512 314 389 50 224 355.72
86 maps/bgmaps/AR0017SR.map 512 512 109 258 388 363 344.33
102 maps/bgmaps/AR0017SR.map 512 512 480 346 181 166 409.53
108 maps/bgmaps/AR0017SR.map 512 512 106 189 342 486 433.94
96 maps/bgmaps/AR0017SR.map 512 512 400 356 99 161 387.04
90 maps/bgmaps/AR0017SR.map 512 512 205 426 28 237 360.67
88 maps/bgmaps/AR0017SR.map 512 512 150 237 334 471 355.85
92 maps/bgmaps/AR0017SR.map 512 512 131 143 325 429 369.87
107 maps/bgmaps/AR0017SR.map 512 512 296 474 71 293 429.24
98 maps/bgmaps/AR0017SR.map 512 512 392 382 250 119 392.97
93 maps/bgmaps/AR0017SR.map 512 512 142 229 291 505 372.26
102 maps/bgmaps/AR0017SR.map 512 512 152 124 332 398 411.55
106 maps/bgmaps/AR0017SR.map 512 512 241 121 276 474 424.86
95 maps/bgmaps/AR0017SR.map 512 512 202 159 223 464 383.49
94 maps/bgmaps/AR0017SR.map 512 512 245 438 110 178 379.20
113 maps/bgmaps/AR0017SR.map 512 512 432 376 185 138 452.50
94 maps/bgmaps/AR0017SR.map 512 512 435 330 123 263 378.99
94 maps/bgmaps/AR0017SR.map 512 512 218 110 364 409 379.52
124 maps/bgmaps/AR0017SR.map 512 512 103 175 435 407 497.39
119 maps/bgmaps/AR0017SR.map 512 512 192 87 460 364 479.05
103 maps/bgmaps/AR0017SR.map 512 512 120 186 443 311 415.49
91 maps/bgmaps/AR0017SR.map 512 512 326 403 67 282 364.32
94 maps/bgmaps/AR0017SR.map 512 512 425 328 148 168 379.86
113 maps/bgmaps/AR0017SR.map 512 512 64 248 320 501 454.55
104 maps/bgmaps/AR0017SR.map 512 512 203 84 412 355 417.32
117 maps/bgmaps/AR0017SR.map 512 512 468 353 68 276 469.48
88 maps/bgmaps/AR0017SR.map 512 512 98 267 371 393 354.49
91 maps/bgmaps/AR0017SR.map 512 512 373 371 79 270 367.62
97 maps/bgmaps/AR0017SR.map 512 512 235 106 282 427 388.48
97 maps/bgmaps/AR0017SR.map 512 512 447 331 128 205 388.89
98 maps/bgmaps/AR0017SR.map 512 512 49 253 321 430 395.23
103 maps/bgmaps/AR0017SR.map 512 512 271 501 189 152 412.99
115 maps/bgmaps/AR0017SR.map 512 512 453 325 197 87 462.78
86 maps/bgmaps/AR0017SR.map 512 512 382 387 116 273 347.49
88 maps/bgmaps/AR0017SR.map 512 512 358 420 186 139 355.76
94 maps/bgmaps/AR0017SR.map 512 512 115 250 429 330 379.12
88 maps/bgmaps/AR0017SR.map 512 512 217 188 252 469 352.86
91 maps/bgmaps/AR0017SR.map 512 512 183 196 241 482 364.90
121 maps/bgmaps/AR0017SR.map 512 512 418 400 138 152 484.84
86 maps/bgmaps/AR0017SR.map 512 512 325 390 65 267 346.69
111 maps/bgmaps/AR0017SR.map 512 512 278 487 80 305 445.67
91 maps/bgmaps/AR0017SR.map 512 512 173 187 263 481 367.93
105 maps/bgmaps/AR0017SR.map 512 512 200 188 415 393 420.33
117 maps/bgmaps/AR0017SR.map 512 512 457 336 48 253 469.36
90 maps/bgmaps/AR0017SR.map 512 512 203 236 420 387 363.61
90 maps/bgmaps/AR0017SR.map 512 512 133 172 414 357 362.90
107 maps/bgmaps/AR0017SR.map 512 512 213 119 454 333 430.12
110 maps/bgmaps/AR0017SR.map 512 512 59 219 434 340 441.16
113 maps/bgmaps/AR0017SR.map 512 512 194 78 411 424 454.63
90 maps/bgmaps/AR0017SR.map 512 512 409 294 176 175 361.10
102 maps/bgmaps/AR0017SR.map 512 512 104 288 405 279 410.60
107 maps/bgmaps/AR0017SR.map 512 512 74 250 322 482 428.96
102 maps/bgmaps/AR0017SR.map 512 512 198 161 346 493 411.99
97 maps/bgmaps/AR0017SR.map 512 512 249 163 306 481 390.20
111 maps/bgmaps/AR0017SR.map 512 512 442 384 189 144 445.78
120 maps/bgmaps/AR0017SR.map 512 512 327 478 23 241 482.89
93 maps/bgmaps/AR0017SR.map 512 512 114 273 308 461 375.79
106 maps/bgmaps/AR0017SR.map 512 512 298 489 124 144 426.39
90 maps/bgmaps/AR0017SR.map 512 512 131 285 390 430 363.27
93 maps/bgmaps/AR0017SR.map 512 512 81 250 361 427 375.56
88 maps/bgmaps/AR0017SR.map 512 512 200 189 446 320 354.61
98 maps/bgmaps/AR0017SR.map 512 512 371 346 31 248 394.15
93 maps/bgmaps/AR0017SR.map 512 512 342 426 73 252 375.52
111 maps/bgmaps/AR0017SR.map 512 512 156 120 282 441 445.58
110 maps/bgmaps/AR0017SR.map 512 512 182 75 368 435 440.56
106 maps/bgmaps/AR0017SR.map 512 512 211 136 269 497 424.50
101 maps/bgmaps/AR0017SR.map 512 512 237 179 348 477 404.30
101 maps/bgmaps/AR0017SR.map 512 512 465 372 212 169 406.29
87 maps/bgmaps/AR0017SR.map 512 512 205 162 401 410 351.93
110 maps/bgmaps/AR0017SR.map 512 512 71 255 292 499 440.16
105 maps/bgmaps/AR0017SR.map 512 512 295 447 173 97 422.98
98 maps/bgmaps/AR0017SR.map 512 512 411 426 206 136 394.97
111 maps/bgmaps/AR0017SR.map 512 512 230 464 52 241 447.36
105 maps/bgmaps/AR0017SR.map 512 512 75 301 407 381 422.60
101 maps/bgmaps/AR0017SR.map 512 512 287 453 245 114 407.96
98 maps/bgmaps/AR0017SR.map 512 512 391 386 208 100 395.23
111 maps/bgmaps/AR0017SR.map 512 512 447 336 214 97 444.29
120 maps/bgmaps/AR0017SR.map 512 512 257 134 430 390 483.32
107 maps/bgmaps/AR0017SR.map 512 512 278 460 64 298 431.77
121 maps/bgmaps/AR0017SR.map 512 512 79 290 455 384 486.37
104 maps/bgmaps/AR0017SR.map 512 512 183 86 392 388 417.27
111 maps/bgmaps/AR0017SR.map 512 512 57 276 395 445 444.75
93 maps/bgmaps/AR0017SR.map 512 512 369 332 239 100 375.30
100 maps/bgmaps/AR0017SR.map 512 512 410 305 110 299 402.70
119 maps/bgmaps/AR0017SR.map 512 512 450 332 49 285 476.27
119 maps/bgmaps/AR0017SR.map 512 512 423 315 162 108 478.88
106 maps/bgmaps/AR0017SR.map 512 512 82 287 310 480 427.56
100 maps/bgmaps/AR0017SR.map 512 512 321 473 110 191 402.73
100 maps/bgmaps/AR0017SR.map 512 512 171 96 382 335 402.29
110 maps/bgmaps/AR0017SR.map 512 512 189 121 334 487 441.23
97 maps/bgmaps/AR0017SR.map 512 512 371 392 55 236 391.69
114 maps/bgmaps/AR0017SR.map 512 512 442 342 55 283 457.30
114 maps/bgmaps/AR0017SR.map 512 512 50 268 429 322 459.58
117 maps/bgmaps/AR0017SR.map 512 512 74 288 338 500 468.16
100 maps/bgmaps/AR0017SR.map 512 512 421 306 115 285 403.32
100 maps/bgmaps/AR0017SR.map 512 512 171 116 378 333 403.26
114 maps/bgmaps/AR0017SR.map 512 512 152 131 390 401 457.87
113 maps/bgmaps/AR0017SR.map 512 512 94 320 314 499 453.98
104 maps/bgmaps/AR0017SR.map 512 512 268 136 433 329 418.90
124 maps/bgmaps/AR0017SR.map 512 512 449 372 178 85 496.78
97 maps/bgmaps/AR0017SR.map 512 512 163 156 415 293 391.90
112 maps/bgmaps/AR0017SR.map 512 512 315 484 57 269 451.17
97 maps/bgmaps/AR0017SR.map 512 512 205 119 388 425 391.07
97 maps/bgmaps/AR0017SR.map 512 512 425 400 142 375 391.44
106 maps/bgmaps/AR0017SR.map 512 512 441 315 90 239 424.50
121 maps/bgmaps/AR0017SR.map 512 512 421 320 162 127 485.50
123 maps/bgmaps/AR0017SR.map 512 512 429 396 104 161 493.67
97 maps/bgmaps/AR0017SR.map 512 512 167 120 354 375 391.55
105 maps/bgmaps/AR0017SR.map 512 512 100 251 463 349 420.46
119 maps/bgmaps/AR0017SR.map 512 512 447 388 98 298 477.17
114 maps/bgmaps/AR0017SR.map 512 512 321 495 69 211 459.14
112 maps/bgmaps/AR0017SR.map 512 512 429 333 174 97 448.46
106 maps/bgmaps/AR0017SR.map 512 512 425 326 129 131 426.73
105 maps/bgmaps/AR0017SR.map 512 512 249 131 288 484 423.20
105 maps/bgmaps/AR0017SR.map 512 512 163 124 272 420 423.37
104 maps/bgmaps/AR0017SR.map 512 512 120 191 340 491 419.19
108 maps/bgmaps/AR0017SR.map 512 512 303 471 198 88 435.81
104 maps/bgmaps/AR0017SR.map 512 512 82 265 404 288 416.00
104 maps/bgmaps/AR0017SR.map 512 512 346 480 149 168 419.90
110 maps/bgmaps/AR0017SR.map 512 512 62 287 407 415 443.88
112 maps/bgmaps/AR0017SR.map 512 512 245 460 41 257 451.46
113 maps/bgmaps/AR0017SR.map 512 512 267 494 81 302 454.98
126 maps/bgmaps/AR0017SR.map 512 512 433 397 66 236 505.75
116 maps/bgmaps/AR0017SR.map 512 512 56 241 273 504 465.55
109 maps/bgmaps/AR0017SR.map 512 512 293 500 239 124 439.99
117 maps/bgmaps/AR0017SR.map 512 512 250 111 344 479 471.59
109 maps/bgmaps/AR0017SR.map 512 512 400 407 184 79 439.73
123 maps/bgmaps/AR0017SR.map 512 512 258 495 168 116 495.86
114 maps/bgmaps/AR0017SR.map 512 512 448 374 218 118 459.71
111 maps/bgmaps/AR0017SR.map 512 512 41 260 273 465 446.10
112 maps/bgmaps/AR0017SR.map 512 512 294 487 47 256 451.75
109 maps/bgmaps/AR0017SR.map 512 512 55 224 405 301 439.03
113 maps/bgmaps/AR0017SR.map 512 512 59 204 277 482 454.80
114 maps/bgmaps/AR0017SR.map 512 512 461 368 105 157 458.87
118 maps/bgmaps/AR0017SR.map 512 512 34 236 249 479 474.56
127 maps/bgmaps/AR0017SR.map 512 512 43 239 440 383 510.61
112 maps/bgmaps/AR0017SR.map 512 512 162 125 351 440 451.83
108 maps/bgmaps/AR0017SR.map 512 512 33 248 394 393 434.62
108 maps/bgmaps/AR0017SR.map 512 512 248 149 341 492 435.14
122 maps/bgmaps/AR0017SR.map 512 512 452 371 49 254 488.88
112 maps/bgmaps/AR0017SR.map 512 512 259 500 219 121 448.79
108 maps/bgmaps/AR0017SR.map 512 512 169 183 437 402 435.13
108 maps/bgmaps/AR0017SR.map 512 512 88 279 456 346 435.82
127 maps/bgmaps/AR0017SR.map 512 512 152 128 336 474 511.30
118 maps/bgmaps/AR0017SR.map 512 512 445 329 187 72 472.26
123 maps/bgmaps/AR0017SR.map 512 512 443 306 33 258 494.23
119 maps/bgmaps/AR0017SR.map 512 512 455 337 42 266 478.33
118 maps/bgmaps/AR0017SR.map 512 512 246 485 184 87 474.42
124 maps/bgmaps/AR0017SR.map 512 512 169 105 463 366 496.46
117 maps/bgmaps/AR0017SR.map 512 512 50 220 328 492 471.97
119 maps/bgmaps/AR0017SR.map 512 512 462 349 44 257 477.95
120 maps/bgmaps/AR0017SR.map 512 512 170 109 262 489 483.30
126 maps/bgmaps/AR0017SR.map 512 512 120 144 420 408 507.47
127 maps/bgmaps/AR0017SR.map 512 512 52 246 430 391 511.68
124 maps/bgmaps/AR0017SR.map 512 512 442 390 208 96 496.05
120 maps/bgmaps/AR0017SR.map 512 512 161 110 255 477 483.62
122 maps/bgmaps/AR0017SR.map 512 512 431 400 258 139 488.32
116 maps/bgmaps/AR0017SR.map 512 512 451 323 183 89 467.16
122 maps/bgmaps/AR0017SR.map 512 512 486 342 73 299 490.76
116 maps/bgmaps/AR0017SR.map 512 512 409 309 29 248 466.16
116 maps/bgmaps/AR0017SR.map 512 512 131 142 449 383 467.90
119 maps/bgmaps/AR0017SR.map 512 512 321 472 168 121 477.75
116 maps/bgmaps/AR0017SR.map 512 512 444 331 170 108 467.78
126 maps/bgmaps/AR0017SR.map 512 512 161 114 337 495 506.20
123 maps/bgmaps/AR0017SR.map 512 512 436 405 102 300 495.56
127 maps/bgmaps/AR0017SR.map 512 512 427 393 63 233 508.48
120 maps/bgmaps/AR0017SR.map 512 512 197 96 349 493 480.40
121 maps/bgmaps/AR0017SR.map 512 512 262 504 52 282 487.77
121 maps/bgmaps/AR0017SR.map 512 512 254 115 491 348 484.37
119 maps/bgmaps/AR0017SR.map 512 512 234 467 22 239 479.53
121 maps/bgmaps/AR0017SR.map 512 512 30 256 256 490 487.49
125 maps/bgmaps/AR0017SR.map 512 512 148 117 306 491 500.68
122 maps/bgmaps/AR0017SR.map 512 512 476 362 183 89 490.09
127 maps/bgmaps/AR0017SR.map 512 512 166 106 464 374 508.29
125 maps/bgmaps/AR0017SR.map 512 512 448 372 35 249 503.46
126 maps/bgmaps/AR0017SR.map 512 512 458 340 148 120 505.02
121 maps/bgmaps/AR0017SR.map 512 512 443 380 230 106 484.75
120 maps/bgmaps/AR0017SR.map 512 512 275 463 147 127 482.37
123 maps/bgmaps/AR0017SR.map 512 512 154 134 419 298 492.59
121 maps/bgmaps/AR0017SR.map 512 512 464 366 56 272 487.65
127 maps/bgmaps/AR0017SR.map 512 512 164 122 478 354 511.50
127 maps/bgmaps/AR0017SR.map 512 512 461 357 150 120 511.85
120 maps/bgmaps/AR0017SR.map 512 512 31 256 445 324 480.58
124 maps/bgmaps/AR0017SR.map 512 512 455 350 152 117 499.12
123 maps/bgmaps/AR0017SR.map 512 512 266 496 167 115 494.13
124 maps/bgmaps/AR0017SR.map 512 512 444 309 24 247 496.09
120 maps/bgmaps/AR0017SR.map 512 512 454 340 27 247 483.22
122 maps/bgmaps/AR0017SR.map 512 512 42 230 466 360 491.50
122 maps/bgmaps/AR0017SR.map 512 512 448 359 52 211 488.82
122 maps/bgmaps/AR0017SR.map 512 512 317 499 30 255 488.20
125 maps/bgmaps/AR0017SR.map 512 512 41 221 458 371 503.92
126 maps/bgmaps/AR0017SR.map 512 512 442 403 91 306 504.56
126 maps/bgmaps/AR0017SR.map 512 512 31 238 458 369 504.88
124 maps/bgmaps/AR0017SR.map 512 512 55 264 439 377 498.40
125 maps/bgmaps/AR0017SR.map 512 512 459 372 36 246 500.81
124 maps/bgmaps/AR0017SR.map 512 512 149 135 435 324 497.37
126 maps/bgmaps/AR0017SR.map 512 512 30 243 482 349 507.81
123 maps/bgmaps/AR0017SR.map 512 512 334 499 169 94 495.55
126 maps/bgmaps/AR0017SR.map 512 512 466 368 38 263 504.75
125 maps/bgmaps/AR0017SR.map 512 512 117 144 417 401 502.96
126 maps/bgmaps/AR0017SR.map 512 512 270 498 152 108 506.58
127 maps/bgmaps/AR0017SR.map 512 512 494 348 187 78 509.88
123 maps/bgmaps/AR0017SR.map 512 512 62 263 492 350 492.85
127 maps/bgmaps/AR0017SR.map 512 512 33 241 448 377 510.46
126 maps/bgmaps/AR0017SR.map 512 512 458 358 157 126 507.09
124 maps/bgmaps/AR0017SR.map 512 512 24 238 282 505 496.06
124 maps/bgmaps/AR0017SR.map 512 512 152 134 419 293 496.07
123 maps/bgmaps/AR0017SR.map 512 512 468 351 31 240 494.88
125 maps/bgmaps/AR0017SR.map 512 512 60 270 439 385 503.89
125 maps/bgmaps/AR0017SR.map 512 512 429 395 66 240 503.75
125 maps/bgmaps/AR0017SR.map 512 512 245 472 150 130 502.04
