version 1.0
69 maps/bgmaps/AR0400SR.map 512 512 465 410 377 418 278.25
123 maps/bgmaps/AR0400SR.map 512 512 427 206 66 316 492.75
13 maps/bgmaps/AR0400SR.map 512 512 269 293 266 344 54.49
102 maps/bgmaps/AR0400SR.map 512 512 424 488 75 471 408.23
20 maps/bgmaps/AR0400SR.map 512 512 132 347 174 382 82.84
108 maps/bgmaps/AR0400SR.map 512 512 278 147 4 336 435.72
45 maps/bgmaps/AR0400SR.map 512 512 197 55 309 191 183.56
92 maps/bgmaps/AR0400SR.map 512 512 257 145 364 421 370.85
2 maps/bgmaps/AR0400SR.map 512 512 143 142 144 133 9.41
95 maps/bgmaps/AR0400SR.map 512 512 393 507 336 179 383.92
53 maps/bgmaps/AR0400SR.map 512 512 26 263 68 459 213.40
89 maps/bgmaps/AR0400SR.map 512 512 75 209 375 240 357.58
26 maps/bgmaps/AR0400SR.map 512 512 329 423 243 472 106.30
63 maps/bgmaps/AR0400SR.map 512 512 449 307 292 122 254.96
102 maps/bgmaps/AR0400SR.map 512 512 307 167 41 359 409.95
81 maps/bgmaps/AR0400SR.map 512 512 275 458 465 238 324.90
52 maps/bgmaps/AR0400SR.map 512 512 97 110 239 61 208.91
63 maps/bgmaps/AR0400SR.map 512 512 26 287 203 109 254.24
6 maps/bgmaps/AR0400SR.map 512 512 78 464 88 443 25.14
105 maps/bgmaps/AR0400SR.map 512 512 86 202 424 311 422.09
60 maps/bgmaps/AR0400SR.map 512 512 409 279 431 478 243.94
35 maps/bgmaps/AR0400SR.map 512 512 238 478 339 383 140.94
127 maps/bgmaps/AR0400SR.map 512 512 356 209 30 390 511.90
65 maps/bgmaps/AR0400SR.map 512 512 392 280 283 454 260.55
123 maps/bgmaps/AR0400SR.map 512 512 285 433 37 230 492.14
126 maps/bgmaps/AR0400SR.map 512 512 363 184 473 459 507.32
29 maps/bgmaps/AR0400SR.map 512 512 52 356 99 446 118.84
127 maps/bgmaps/AR0400SR.map 512 512 263 287 442 474 510.70
112 maps/bgmaps/AR0400SR.map 512 512 475 369 244 468 449.36
85 maps/bgmaps/AR0400SR.map 512 512 55 295 306 178 343.71
108 maps/bgmaps/AR0400SR.map 512 512 440 487 67 473 432.65
25 maps/bgmaps/AR0400SR.map 512 512 194 349 257 277 103.37
114 maps/bgmaps/AR0400SR.map 512 512 440 340 86 208 459.61
72 maps/bgmaps/AR0400SR.map 512 512 319 412 335 219 291.76
66 maps/bgmaps/AR0400SR.map 512 512 321 165 80 206 266.27
28 maps/bgmaps/AR0400SR.map 512 512 494 316 418 270 113.30
114 maps/bgmaps/AR0400SR.map 512 512 380 158 228 466 459.09
22 maps/bgmaps/AR0400SR.map 512 512 306 130 219 140 91.14
26 maps/bgmaps/AR0400SR.map 512 512 7 299 8 399 106.21
20 maps/bgmaps/AR0400SR.map 512 512 187 502 258 480 80.11
32 maps/bgmaps/AR0400SR.map 512 512 14 370 46 254 129.25
86 maps/bgmaps/AR0400SR.map 512 512 251 394 152 247 344.63
82 maps/bgmaps/AR0400SR.map 512 512 417 213 123 186 330.87
127 maps/bgmaps/AR0400SR.map 512 512 420 326 76 192 509.96
89 maps/bgmaps/AR0400SR.map 512 512 220 152 392 387 359.36
80 maps/bgmaps/AR0400SR.map 512 512 155 140 50 416 320.32
82 maps/bgmaps/AR0400SR.map 512 512 344 156 330 392 331.75
34 maps/bgmaps/AR0400SR.map 512 512 193 161 67 190 138.01
90 maps/bgmaps/AR0400SR.map 512 512 309 418 465 387 362.22
60 maps/bgmaps/AR0400SR.map 512 512 432 355 248 495 241.99
13 maps/bgmaps/AR0400SR.map 512 512 348 348 362 398 55.80
6 maps/bgmaps/AR0400SR.map 512 512 215 126 235 144 27.46
27 maps/bgmaps/AR0400SR.map 512 512 231 113 145 173 110.85
103 maps/bgmaps/AR0400SR.map 512 512 298 322 395 396 414.00
17 maps/bgmaps/AR0400SR.map 512 512 200 100 242 154 71.40
125 maps/bgmaps/AR0400SR.map 512 512 147 507 181 102 502.03
104 maps/bgmaps/AR0400SR.map 512 512 409 450 306 114 418.24
46 maps/bgmaps/AR0400SR.map 512 512 240 156 383 258 185.25
66 maps/bgmaps/AR0400SR.map 512 512 244 469 26 429 265.22
65 maps/bgmaps/AR0400SR.map 512 512 163 243 298 315 261.85
73 maps/bgmaps/AR0400SR.map 512 512 51 371 173 129 294.19
123 maps/bgmaps/AR0400SR.map 512 512 157 309 337 397 492.60
81 maps/bgmaps/AR0400SR.map 512 512 70 218 124 505 326.76
55 maps/bgmaps/AR0400SR.map 512 512 473 323 303 453 223.85
98 maps/bgmaps/AR0400SR.map 512 512 351 393 271 344 393.46
103 maps/bgmaps/AR0400SR.map 512 512 283 83 351 393 412.74
10 maps/bgmaps/AR0400SR.map 512 512 274 435 282 475 43.31
89 maps/bgmaps/AR0400SR.map 512 512 466 451 252 434 356.97
125 maps/bgmaps/AR0400SR.map 512 512 198 500 488 391 503.13
54 maps/bgmaps/AR0400SR.map 512 512 287 464 472 501 217.72
84 maps/bgmaps/AR0400SR.map 512 512 329 156 371 433 339.13
118 maps/bgmaps/AR0400SR.map 512 512 45 458 261 117 472.06
41 maps/bgmaps/AR0400SR.map 512 512 425 352 404 193 167.70
126 maps/bgmaps/AR0400SR.map 512 512 42 376 365 223 507.73
17 maps/bgmaps/AR0400SR.map 512 512 86 229 34 186 69.81
73 maps/bgmaps/AR0400SR.map 512 512 247 303 167 497 294.23
87 maps/bgmaps/AR0400SR.map 512 512 114 485 304 284 349.82
51 maps/bgmaps/AR0400SR.map 512 512 480 294 318 218 205.91
110 maps/bgmaps/AR0400SR.map 512 512 363 341 260 89 443.30
71 maps/bgmaps/AR0400SR.map 512 512 38 238 284 164 284.11
5 maps/bgmaps/AR0400SR.map 512 512 437 336 417 343 22.90
40 maps/bgmaps/AR0400SR.map 512 512 50 387 43 229 160.90
118 maps/bgmaps/AR0400SR.map 512 512 409 390 108 172 473.11
68 maps/bgmaps/AR0400SR.map 512 512 229 473 48 370 275.02
91 maps/bgmaps/AR0400SR.map 512 512 342 199 278 453 366.84
82 maps/bgmaps/AR0400SR.map 512 512 402 370 243 126 328.91
24 maps/bgmaps/AR0400SR.map 512 512 372 229 299 166 99.10
72 maps/bgmaps/AR0400SR.map 512 512 313 432 352 230 288.00
48 maps/bgmaps/AR0400SR.map 512 512 395 491 232 472 194.89
94 maps/bgmaps/AR0400SR.map 512 512 46 401 301 375 376.19
49 maps/bgmaps/AR0400SR.map 512 512 258 484 84 471 197.61
69 maps/bgmaps/AR0400SR.map 512 512 235 416 143 314 276.45
113 maps/bgmaps/AR0400SR.map 512 512 66 215 242 465 452.96
92 maps/bgmaps/AR0400SR.map 512 512 384 467 72 452 370.40
127 maps/bgmaps/AR0400SR.map 512 512 410 299 301 323 511.48
30 maps/bgmaps/AR0400SR.map 512 512 192 156 91 205 121.30
109 maps/bgmaps/AR0400SR.map 512 512 305 448 36 298 438.35
106 maps/bgmaps/AR0400SR.map 512 512 37 289 283 442 427.42
95 maps/bgmaps/AR0400SR.map 512 512 63 299 331 212 383.48
17 maps/bgmaps/AR0400SR.map 512 512 362 437 404 384 70.40
10 maps/bgmaps/AR0400SR.map 512 512 109 162 142 181 40.87
84 maps/bgmaps/AR0400SR.map 512 512 458 299 195 138 337.14
114 maps/bgmaps/AR0400SR.map 512 512 142 146 492 243 459.40
101 maps/bgmaps/AR0400SR.map 512 512 113 467 434 341 406.67
57 maps/bgmaps/AR0400SR.map 512 512 69 437 221 428 231.63
20 maps/bgmaps/AR0400SR.map 512 512 74 299 97 232 83.15
47 maps/bgmaps/AR0400SR.map 512 512 395 336 411 198 189.40
69 maps/bgmaps/AR0400SR.map 512 512 307 132 407 351 277.09
11 maps/bgmaps/AR0400SR.map 512 512 67 245 96 211 46.01
48 maps/bgmaps/AR0400SR.map 512 512 342 230 191 125 194.49
66 maps/bgmaps/AR0400SR.map 512 512 266 275 204 480 266.71
25 maps/bgmaps/AR0400SR.map 512 512 442 356 357 399 102.81
113 maps/bgmaps/AR0400SR.map 512 512 373 386 233 348 455.09
104 maps/bgmaps/AR0400SR.map 512 512 197 502 454 233 419.23
81 maps/bgmaps/AR0400SR.map 512 512 29 268 225 23 326.19
33 maps/bgmaps/AR0400SR.map 512 512 366 213 263 135 135.31
72 maps/bgmaps/AR0400SR.map 512 512 470 448 345 383 289.85
81 maps/bgmaps/AR0400SR.map 512 512 271 97 22 284 326.46
52 maps/bgmaps/AR0400SR.map 512 512 492 502 428 378 210.49
101 maps/bgmaps/AR0400SR.map 512 512 390 448 262 126 407.33
50 maps/bgmaps/AR0400SR.map 512 512 164 129 15 254 200.78
36 maps/bgmaps/AR0400SR.map 512 512 47 217 33 356 144.80
78 maps/bgmaps/AR0400SR.map 512 512 59 424 119 143 314.14
10 maps/bgmaps/AR0400SR.map 512 512 277 99 236 101 41.83
75 maps/bgmaps/AR0400SR.map 512 512 224 137 447 328 302.11
127 maps/bgmaps/AR0400SR.map 512 512 291 332 24 309 511.65
119 maps/bgmaps/AR0400SR.map 512 512 29 331 366 244 477.81
110 maps/bgmaps/AR0400SR.map 512 512 327 340 302 331 440.74
19 maps/bgmaps/AR0400SR.map 512 512 250 113 323 128 79.21
118 maps/bgmaps/AR0400SR.map 512 512 457 294 66 183 475.29
104 maps/bgmaps/AR0400SR.map 512 512 208 432 132 212 418.72
63 maps/bgmaps/AR0400SR.map 512 512 392 242 407 453 253.04
116 maps/bgmaps/AR0400SR.map 512 512 382 236 480 426 467.69
103 maps/bgmaps/AR0400SR.map 512 512 28 357 283 84 413.77
127 maps/bgmaps/AR0400SR.map 512 512 81 204 241 408 511.53
121 maps/bgmaps/AR0400SR.map 512 512 191 343 364 436 485.97
101 maps/bgmaps/AR0400SR.map 512 512 409 219 40 181 406.28
49 maps/bgmaps/AR0400SR.map 512 512 114 170 38 338 199.48
101 maps/bgmaps/AR0400SR.map 512 512 327 410 12 383 405.71
18 maps/bgmaps/AR0400SR.map 512 512 355 185 360 255 72.07
71 maps/bgmaps/AR0400SR.map 512 512 414 309 198 153 284.72
2 maps/bgmaps/AR0400SR.map 512 512 404 252 394 253 10.41
53 maps/bgmaps/AR0400SR.map 512 512 366 218 379 389 214.49
47 maps/bgmaps/AR0400SR.map 512 512 336 199 420 352 191.94
102 maps/bgmaps/AR0400SR.map 512 512 272 315 378 472 409.07
21 maps/bgmaps/AR0400SR.map 512 512 387 370 324 424 85.37
117 maps/bgmaps/AR0400SR.map 512 512 34 375 325 221 469.22
56 maps/bgmaps/AR0400SR.map 512 512 426 309 269 440 226.49
38 maps/bgmaps/AR0400SR.map 512 512 392 244 429 382 153.33
102 maps/bgmaps/AR0400SR.map 512 512 325 420 13 367 410.47
18 maps/bgmaps/AR0400SR.map 512 512 272 152 281 80 75.73
86 maps/bgmaps/AR0400SR.map 512 512 330 165 331 340 344.90
113 maps/bgmaps/AR0400SR.map 512 512 499 375 378 320 453.00
4 maps/bgmaps/AR0400SR.map 512 512 225 8 225 24 16.00
88 maps/bgmaps/AR0400SR.map 512 512 348 218 40 200 352.74
110 maps/bgmaps/AR0400SR.map 512 512 233 361 61 454 440.91
115 maps/bgmaps/AR0400SR.map 512 512 250 433 504 365 461.36
83 maps/bgmaps/AR0400SR.map 512 512 75 465 109 167 333.62
31 maps/bgmaps/AR0400SR.map 512 512 34 260 49 378 124.21
38 maps/bgmaps/AR0400SR.map 512 512 84 450 44 314 152.57
94 maps/bgmaps/AR0400SR.map 512 512 176 390 199 479 378.03
110 maps/bgmaps/AR0400SR.map 512 512 389 186 206 476 441.90
4 maps/bgmaps/AR0400SR.map 512 512 310 298 307 315 18.24
35 maps/bgmaps/AR0400SR.map 512 512 278 482 235 419 143.40
42 maps/bgmaps/AR0400SR.map 512 512 323 426 455 330 171.76
54 maps/bgmaps/AR0400SR.map 512 512 41 356 169 506 218.25
99 maps/bgmaps/AR0400SR.map 512 512 107 452 358 328 397.42
105 maps/bgmaps/AR0400SR.map 512 512 16 348 287 398 423.30
65 maps/bgmaps/AR0400SR.map 512 512 387 406 490 416 261.21
47 maps/bgmaps/AR0400SR.map 512 512 346 200 471 334 188.71
97 maps/bgmaps/AR0400SR.map 512 512 54 417 379 448 390.03
28 maps/bgmaps/AR0400SR.map 512 512 398 451 425 359 113.12
19 maps/bgmaps/AR0400SR.map 512 512 467 268 467 337 79.77
114 maps/bgmaps/AR0400SR.map 512 512 372 324 203 81 457.70
55 maps/bgmaps/AR0400SR.map 512 512 156 376 338 305 223.07
123 maps/bgmaps/AR0400SR.map 512 512 53 435 400 304 495.17
58 maps/bgmaps/AR0400SR.map 512 512 346 426 492 254 234.96
77 maps/bgmaps/AR0400SR.map 512 512 303 148 49 269 310.56
127 maps/bgmaps/AR0400SR.map 512 512 425 327 26 426 511.55
17 maps/bgmaps/AR0400SR.map 512 512 11 326 63 283 69.81
76 maps/bgmaps/AR0400SR.map 512 512 265 293 155 506 306.30
55 maps/bgmaps/AR0400SR.map 512 512 338 181 139 180 220.12
122 maps/bgmaps/AR0400SR.map 512 512 4 345 376 474 491.68
111 maps/bgmaps/AR0400SR.map 512 512 453 389 425 288 446.65
42 maps/bgmaps/AR0400SR.map 512 512 40 280 53 443 168.38
31 maps/bgmaps/AR0400SR.map 512 512 95 489 208 487 127.91
111 maps/bgmaps/AR0400SR.map 512 512 268 462 172 402 446.07
114 maps/bgmaps/AR0400SR.map 512 512 362 231 6 311 457.96
60 maps/bgmaps/AR0400SR.map 512 512 394 487 477 289 241.35
43 maps/bgmaps/AR0400SR.map 512 512 84 456 234 495 175.27
37 maps/bgmaps/AR0400SR.map 512 512 129 164 62 287 150.75
86 maps/bgmaps/AR0400SR.map 512 512 251 409 7 402 345.42
116 maps/bgmaps/AR0400SR.map 512 512 226 465 94 198 465.56
34 maps/bgmaps/AR0400SR.map 512 512 339 399 431 493 137.38
107 maps/bgmaps/AR0400SR.map 512 512 391 230 36 264 431.22
4 maps/bgmaps/AR0400SR.map 512 512 165 318 149 316 16.83
107 maps/bgmaps/AR0400SR.map 512 512 442 341 100 167 430.46
31 maps/bgmaps/AR0400SR.map 512 512 402 293 454 243 127.74
88 maps/bgmaps/AR0400SR.map 512 512 348 354 110 471 354.93
107 maps/bgmaps/AR0400SR.map 512 512 100 176 442 335 428.19
24 maps/bgmaps/AR0400SR.map 512 512 368 249 323 170 97.64
126 maps/bgmaps/AR0400SR.map 512 512 239 366 354 331 505.96
55 maps/bgmaps/AR0400SR.map 512 512 235 59 339 236 220.08
120 maps/bgmaps/AR0400SR.map 512 512 409 333 60 404 481.65
24 maps/bgmaps/AR0400SR.map 512 512 194 457 283 479 98.11
114 maps/bgmaps/AR0400SR.map 512 512 317 296 27 417 458.37
116 maps/bgmaps/AR0400SR.map 512 512 274 348 419 494 464.63
48 maps/bgmaps/AR0400SR.map 512 512 263 153 92 213 195.85
105 maps/bgmaps/AR0400SR.map 512 512 237 455 66 246 421.10
20 maps/bgmaps/AR0400SR.map 512 512 304 462 333 393 81.01
121 maps/bgmaps/AR0400SR.map 512 512 33 293 431 204 486.59
88 maps/bgmaps/AR0400SR.map 512 512 408 382 121 475 352.37
66 maps/bgmaps/AR0400SR.map 512 512 161 164 402 208 266.68
70 maps/bgmaps/AR0400SR.map 512 512 34 158 298 172 280.57
59 maps/bgmaps/AR0400SR.map 512 512 282 140 64 184 236.23
12 maps/bgmaps/AR0400SR.map 512 512 276 155 317 137 48.46
18 maps/bgmaps/AR0400SR.map 512 512 216 288 195 352 72.70
118 maps/bgmaps/AR0400SR.map 512 512 263 470 302 129 475.45
69 maps/bgmaps/AR0400SR.map 512 512 424 338 300 113 277.19
75 maps/bgmaps/AR0400SR.map 512 512 39 192 99 469 301.85
38 maps/bgmaps/AR0400SR.map 512 512 63 320 66 167 154.24
31 maps/bgmaps/AR0400SR.map 512 512 298 426 410 395 124.84
119 maps/bgmaps/AR0400SR.map 512 512 138 242 165 507 479.29
42 maps/bgmaps/AR0400SR.map 512 512 425 375 371 228 169.37
79 maps/bgmaps/AR0400SR.map 512 512 87 458 297 351 318.10
6 maps/bgmaps/AR0400SR.map 512 512 34 402 54 421 27.87
69 maps/bgmaps/AR0400SR.map 512 512 76 465 8 222 277.61
34 maps/bgmaps/AR0400SR.map 512 512 84 130 185 154 136.84
28 maps/bgmaps/AR0400SR.map 512 512 48 192 144 145 115.47
86 maps/bgmaps/AR0400SR.map 512 512 109 458 382 485 344.58
127 maps/bgmaps/AR0400SR.map 512 512 269 106 266 475 511.19
56 maps/bgmaps/AR0400SR.map 512 512 426 327 292 158 224.50
12 maps/bgmaps/AR0400SR.map 512 512 62 427 58 476 50.66
34 maps/bgmaps/AR0400SR.map 512 512 18 174 11 307 139.21
61 maps/bgmaps/AR0400SR.map 512 512 237 263 193 219 246.59
122 maps/bgmaps/AR0400SR.map 512 512 471 281 80 203 488.37
43 maps/bgmaps/AR0400SR.map 512 512 33 377 96 231 172.10
55 maps/bgmaps/AR0400SR.map 512 512 327 198 401 369 221.53
100 maps/bgmaps/AR0400SR.map 512 512 383 443 268 333 400.26
39 maps/bgmaps/AR0400SR.map 512 512 374 225 420 361 159.20
14 maps/bgmaps/AR0400SR.map 512 512 410 194 354 197 58.07
54 maps/bgmaps/AR0400SR.map 512 512 231 458 363 337 217.79
120 maps/bgmaps/AR0400SR.map 512 512 181 309 364 429 482.35
94 maps/bgmaps/AR0400SR.map 512 512 429 491 280 389 379.58
16 maps/bgmaps/AR0400SR.map 512 512 351 236 415 243 66.90
7 maps/bgmaps/AR0400SR.map 512 512 262 92 248 68 29.80
103 maps/bgmaps/AR0400SR.map 512 512 74 429 257 302 413.85
123 maps/bgmaps/AR0400SR.map 512 512 36 380 345 337 496.00
103 maps/bgmaps/AR0400SR.map 512 512 115 126 88 493 414.63
96 maps/bgmaps/AR0400SR.map 512 512 355 449 270 157 385.20
122 maps/bgmaps/AR0400SR.map 512 512 48 293 335 397 489.50
116 maps/bgmaps/AR0400SR.map 512 512 410 407 232 28 465.16
41 maps/bgmaps/AR0400SR.map 512 512 279 324 194 389 164.61
122 maps/bgmaps/AR0400SR.map 512 512 479 391 193 474 491.68
115 maps/bgmaps/AR0400SR.map 512 512 298 127 61 413 463.23
114 maps/bgmaps/AR0400SR.map 512 512 115 486 87 130 458.37
5 maps/bgmaps/AR0400SR.map 512 512 378 205 389 189 20.56
127 maps/bgmaps/AR0400SR.map 512 512 49 388 367 206 511.79
17 maps/bgmaps/AR0400SR.map 512 512 493 500 497 440 68.63
10 maps/bgmaps/AR0400SR.map 512 512 293 286 254 278 42.31
41 maps/bgmaps/AR0400SR.map 512 512 400 354 462 226 165.24
84 maps/bgmaps/AR0400SR.map 512 512 118 120 386 251 336.91
103 maps/bgmaps/AR0400SR.map 512 512 241 135 386 454 414.88
108 maps/bgmaps/AR0400SR.map 512 512 475 325 119 176 435.11
87 maps/bgmaps/AR0400SR.map 512 512 367 221 276 484 349.33
81 maps/bgmaps/AR0400SR.map 512 512 420 402 283 138 324.89
110 maps/bgmaps/AR0400SR.map 512 512 189 87 388 304 443.21
29 maps/bgmaps/AR0400SR.map 512 512 388 262 310 176 118.31
113 maps/bgmaps/AR0400SR.map 512 512 419 219 67 278 453.13
103 maps/bgmaps/AR0400SR.map 512 512 228 23 433 352 413.91
103 maps/bgmaps/AR0400SR.map 512 512 295 121 312 409 412.09
96 maps/bgmaps/AR0400SR.map 512 512 311 412 39 370 386.01
64 maps/bgmaps/AR0400SR.map 512 512 88 468 305 449 256.35
4 maps/bgmaps/AR0400SR.map 512 512 54 109 62 96 16.31
115 maps/bgmaps/AR0400SR.map 512 512 422 476 231 133 463.21
35 maps/bgmaps/AR0400SR.map 512 512 81 430 67 324 142.18
58 maps/bgmaps/AR0400SR.map 512 512 364 253 180 128 235.78
59 maps/bgmaps/AR0400SR.map 512 512 262 393 101 480 236.74
4 maps/bgmaps/AR0400SR.map 512 512 318 442 302 434 19.31
127 maps/bgmaps/AR0400SR.map 512 512 48 305 300 324 510.81
19 maps/bgmaps/AR0400SR.map 512 512 223 146 299 148 76.83
119 maps/bgmaps/AR0400SR.map 512 512 122 169 400 407 478.60
88 maps/bgmaps/AR0400SR.map 512 512 309 440 459 388 354.59
65 maps/bgmaps/AR0400SR.map 512 512 157 164 19 361 262.36
84 maps/bgmaps/AR0400SR.map 512 512 14 222 315 131 338.69
115 maps/bgmaps/AR0400SR.map 512 512 406 457 206 130 463.83
13 maps/bgmaps/AR0400SR.map 512 512 71 171 39 211 53.25
73 maps/bgmaps/AR0400SR.map 512 512 222 356 229 486 295.58
61 maps/bgmaps/AR0400SR.map 512 512 320 408 125 481 245.95
105 maps/bgmaps/AR0400SR.map 512 512 382 147 29 214 422.63
126 maps/bgmaps/AR0400SR.map 512 512 481 451 339 186 507.74
5 maps/bgmaps/AR0400SR.map 512 512 48 435 31 426 20.73
108 maps/bgmaps/AR0400SR.map 512 512 361 405 238 75 433.97
5 maps/bgmaps/AR0400SR.map 512 512 43 329 25 340 22.56
98 maps/bgmaps/AR0400SR.map 512 512 357 400 58 406 393.11
41 maps/bgmaps/AR0400SR.map 512 512 364 209 235 117 167.11
61 maps/bgmaps/AR0400SR.map 512 512 192 162 398 243 245.35
29 maps/bgmaps/AR0400SR.map 512 512 426 281 500 251 118.17
71 maps/bgmaps/AR0400SR.map 512 512 440 351 284 129 286.62
84 maps/bgmaps/AR0400SR.map 512 512 383 227 262 450 336.62
126 maps/bgmaps/AR0400SR.map 512 512 321 422 193 394 507.23
55 maps/bgmaps/AR0400SR.map 512 512 501 259 346 204 222.48
86 maps/bgmaps/AR0400SR.map 512 512 488 332 234 112 345.13
108 maps/bgmaps/AR0400SR.map 512 512 370 463 283 277 432.35
69 maps/bgmaps/AR0400SR.map 512 512 493 454 356 365 276.15
124 maps/bgmaps/AR0400SR.map 512 512 27 288 407 291 496.11
76 maps/bgmaps/AR0400SR.map 512 512 43 213 313 182 305.21
56 maps/bgmaps/AR0400SR.map 512 512 412 216 219 140 224.48
28 maps/bgmaps/AR0400SR.map 512 512 163 394 199 294 114.91
91 maps/bgmaps/AR0400SR.map 512 512 66 296 336 167 365.59
114 maps/bgmaps/AR0400SR.map 512 512 258 446 300 143 457.34
15 maps/bgmaps/AR0400SR.map 512 512 312 213 279 164 62.67
124 maps/bgmaps/AR0400SR.map 512 512 335 211 501 423 497.67
39 maps/bgmaps/AR0400SR.map 512 512 108 161 239 93 159.17
65 maps/bgmaps/AR0400SR.map 512 512 133 492 348 406 262.22
109 maps/bgmaps/AR0400SR.map 512 512 310 174 466 505 436.13
18 maps/bgmaps/AR0400SR.map 512 512 391 310 415 361 75.28
126 maps/bgmaps/AR0400SR.map 512 512 425 297 57 433 507.65
99 maps/bgmaps/AR0400SR.map 512 512 247 459 183 380 399.76
112 maps/bgmaps/AR0400SR.map 512 512 347 437 196 153 451.58
33 maps/bgmaps/AR0400SR.map 512 512 44 203 164 167 134.91
37 maps/bgmaps/AR0400SR.map 512 512 211 373 104 282 151.28
16 maps/bgmaps/AR0400SR.map 512 512 72 180 53 239 66.87
112 maps/bgmaps/AR0400SR.map 512 512 305 126 272 424 450.81
16 maps/bgmaps/AR0400SR.map 512 512 62 454 95 503 65.60
112 maps/bgmaps/AR0400SR.map 512 512 122 280 266 444 449.73
103 maps/bgmaps/AR0400SR.map 512 512 241 369 338 412 414.11
79 maps/bgmaps/AR0400SR.map 512 512 419 255 144 147 319.74
115 maps/bgmaps/AR0400SR.map 512 512 58 275 372 130 463.37
106 maps/bgmaps/AR0400SR.map 512 512 200 133 102 450 425.52
122 maps/bgmaps/AR0400SR.map 512 512 116 155 400 420 491.80
111 maps/bgmaps/AR0400SR.map 512 512 35 222 411 260 447.24
51 maps/bgmaps/AR0400SR.map 512 512 149 286 337 309 205.57
32 maps/bgmaps/AR0400SR.map 512 512 323 392 386 496 130.10
13 maps/bgmaps/AR0400SR.map 512 512 235 62 199 101 53.91
92 maps/bgmaps/AR0400SR.map 512 512 52 462 371 462 371.19
89 maps/bgmaps/AR0400SR.map 512 512 240 88 477 271 358.68
39 maps/bgmaps/AR0400SR.map 512 512 133 164 274 180 157.43
105 maps/bgmaps/AR0400SR.map 512 512 313 408 35 342 420.50
118 maps/bgmaps/AR0400SR.map 512 512 63 267 423 287 474.54
49 maps/bgmaps/AR0400SR.map 512 512 461 333 304 436 199.66
21 maps/bgmaps/AR0400SR.map 512 512 446 292 452 254 87.60
105 maps/bgmaps/AR0400SR.map 512 512 25 243 242 478 422.48
41 maps/bgmaps/AR0400SR.map 512 512 243 463 397 452 166.01
112 maps/bgmaps/AR0400SR.map 512 512 260 167 281 473 449.22
52 maps/bgmaps/AR0400SR.map 512 512 321 429 498 495 209.65
91 maps/bgmaps/AR0400SR.map 512 512 16 303 216 21 364.84
99 maps/bgmaps/AR0400SR.map 512 512 52 166 420 210 396.99
119 maps/bgmaps/AR0400SR.map 512 512 455 343 73 200 478.51
126 maps/bgmaps/AR0400SR.map 512 512 455 394 383 239 507.22
122 maps/bgmaps/AR0400SR.map 512 512 262 451 15 210 490.80
26 maps/bgmaps/AR0400SR.map 512 512 374 315 427 365 107.43
68 maps/bgmaps/AR0400SR.map 512 512 194 491 326 342 275.43
117 maps/bgmaps/AR0400SR.map 512 512 81 245 287 475 470.03
125 maps/bgmaps/AR0400SR.map 512 512 507 419 332 212 501.91
119 maps/bgmaps/AR0400SR.map 512 512 97 165 409 386 477.22
112 maps/bgmaps/AR0400SR.map 512 512 495 252 230 28 449.28
28 maps/bgmaps/AR0400SR.map 512 512 60 375 105 458 113.40
111 maps/bgmaps/AR0400SR.map 512 512 283 150 283 475 444.39
110 maps/bgmaps/AR0400SR.map 512 512 3 366 357 450 442.74
106 maps/bgmaps/AR0400SR.map 512 512 248 153 65 433 424.12
83 maps/bgmaps/AR0400SR.map 512 512 21 182 335 134 333.88
41 maps/bgmaps/AR0400SR.map 512 512 267 313 112 288 165.36
16 maps/bgmaps/AR0400SR.map 512 512 314 445 370 467 67.36
84 maps/bgmaps/AR0400SR.map 512 512 501 255 263 490 338.27
12 maps/bgmaps/AR0400SR.map 512 512 289 160 338 165 51.07
68 maps/bgmaps/AR0400SR.map 512 512 305 193 463 243 275.65
91 maps/bgmaps/AR0400SR.map 512 512 282 471 23 344 365.20
24 maps/bgmaps/AR0400SR.map 512 512 456 300 399 373 96.61
95 maps/bgmaps/AR0400SR.map 512 512 254 57 463 352 381.57
104 maps/bgmaps/AR0400SR.map 512 512 427 340 290 373 416.98
126 maps/bgmaps/AR0400SR.map 512 512 166 306 372 460 507.83
48 maps/bgmaps/AR0400SR.map 512 512 386 190 434 365 194.88
86 maps/bgmaps/AR0400SR.map 512 512 351 413 273 161 345.61
20 maps/bgmaps/AR0400SR.map 512 512 327 227 409 231 83.66
93 maps/bgmaps/AR0400SR.map 512 512 30 348 281 163 375.85
48 maps/bgmaps/AR0400SR.map 512 512 385 191 260 69 194.81
23 maps/bgmaps/AR0400SR.map 512 512 30 177 64 255 92.08
77 maps/bgmaps/AR0400SR.map 512 512 24 408 130 142 309.91
31 maps/bgmaps/AR0400SR.map 512 512 239 48 174 149 127.92
6 maps/bgmaps/AR0400SR.map 512 512 276 461 291 440 27.21
20 maps/bgmaps/AR0400SR.map 512 512 23 188 23 271 83.00
54 maps/bgmaps/AR0400SR.map 512 512 285 390 161 293 219.02
123 maps/bgmaps/AR0400SR.map 512 512 385 125 13 289 492.94
124 maps/bgmaps/AR0400SR.map 512 512 456 348 60 202 497.75
15 maps/bgmaps/AR0400SR.map 512 512 67 178 17 207 62.01
69 maps/bgmaps/AR0400SR.map 512 512 205 497 316 354 277.75
60 maps/bgmaps/AR0400SR.map 512 512 350 350 211 502 240.95
116 maps/bgmaps/AR0400SR.map 512 512 468 418 373 257 465.73
121 maps/bgmaps/AR0400SR.map 512 512 462 304 69 226 487.44
20 maps/bgmaps/AR0400SR.map 512 512 320 347 381 390 82.91
95 maps/bgmaps/AR0400SR.map 512 512 264 448 48 310 380.37
116 maps/bgmaps/AR0400SR.map 512 512 369 326 172 129 466.78
108 maps/bgmaps/AR0400SR.map 512 512 180 488 396 226 432.22
97 maps/bgmaps/AR0400SR.map 512 512 414 323 205 92 391.65
116 maps/bgmaps/AR0400SR.map 512 512 14 413 275 305 466.51
108 maps/bgmaps/AR0400SR.map 512 512 62 475 263 275 433.46
110 maps/bgmaps/AR0400SR.map 512 512 324 411 207 146 442.24
103 maps/bgmaps/AR0400SR.map 512 512 481 331 232 31 413.68
67 maps/bgmaps/AR0400SR.map 512 512 297 140 42 158 271.91
110 maps/bgmaps/AR0400SR.map 512 512 17 407 374 475 440.29
111 maps/bgmaps/AR0400SR.map 512 512 48 317 371 212 447.69
77 maps/bgmaps/AR0400SR.map 512 512 396 193 110 168 311.27
16 maps/bgmaps/AR0400SR.map 512 512 231 79 255 134 64.94
124 maps/bgmaps/AR0400SR.map 512 512 435 385 248 339 498.77
111 maps/bgmaps/AR0400SR.map 512 512 334 176 50 367 445.78
24 maps/bgmaps/AR0400SR.map 512 512 416 482 355 413 98.37
5 maps/bgmaps/AR0400SR.map 512 512 413 383 390 385 23.83
44 maps/bgmaps/AR0400SR.map 512 512 136 153 303 124 179.01
14 maps/bgmaps/AR0400SR.map 512 512 361 411 319 446 56.50
99 maps/bgmaps/AR0400SR.map 512 512 318 449 299 147 398.51
54 maps/bgmaps/AR0400SR.map 512 512 365 444 414 257 216.41
31 maps/bgmaps/AR0400SR.map 512 512 223 479 112 501 124.25
37 maps/bgmaps/AR0400SR.map 512 512 222 4 219 153 150.24
48 maps/bgmaps/AR0400SR.map 512 512 367 219 236 79 194.26
36 maps/bgmaps/AR0400SR.map 512 512 309 202 242 83 146.75
16 maps/bgmaps/AR0400SR.map 512 512 417 380 446 327 65.01
69 maps/bgmaps/AR0400SR.map 512 512 192 222 277 322 278.14
107 maps/bgmaps/AR0400SR.map 512 512 44 359 357 448 430.17
83 maps/bgmaps/AR0400SR.map 512 512 372 228 437 502 333.82
89 maps/bgmaps/AR0400SR.map 512 512 62 193 373 168 356.21
75 maps/bgmaps/AR0400SR.map 512 512 153 141 378 129 303.65
85 maps/bgmaps/AR0400SR.map 512 512 479 326 228 107 341.71
85 maps/bgmaps/AR0400SR.map 512 512 375 120 121 148 340.65
49 maps/bgmaps/AR0400SR.map 512 512 256 403 121 504 196.65
72 maps/bgmaps/AR0400SR.map 512 512 389 197 318 403 288.66
17 maps/bgmaps/AR0400SR.map 512 512 451 332 404 283 68.47
78 maps/bgmaps/AR0400SR.map 512 512 295 458 383 221 312.93
19 maps/bgmaps/AR0400SR.map 512 512 197 84 215 154 77.46
124 maps/bgmaps/AR0400SR.map 512 512 257 393 79 239 497.33
96 maps/bgmaps/AR0400SR.map 512 512 44 387 337 432 384.66
84 maps/bgmaps/AR0400SR.map 512 512 33 373 220 149 337.78
83 maps/bgmaps/AR0400SR.map 512 512 368 252 260 482 333.09
126 maps/bgmaps/AR0400SR.map 512 512 279 96 276 475 507.05
117 maps/bgmaps/AR0400SR.map 512 512 432 320 70 139 470.33
68 maps/bgmaps/AR0400SR.map 512 512 260 134 24 227 274.52
92 maps/bgmaps/AR0400SR.map 512 512 101 132 409 197 369.17
37 maps/bgmaps/AR0400SR.map 512 512 390 457 254 466 151.33
126 maps/bgmaps/AR0400SR.map 512 512 445 361 308 296 507.81
93 maps/bgmaps/AR0400SR.map 512 512 39 439 97 112 373.21
18 maps/bgmaps/AR0400SR.map 512 512 237 26 259 92 75.11
108 maps/bgmaps/AR0400SR.map 512 512 189 496 401 214 434.22
29 maps/bgmaps/AR0400SR.map 512 512 329 158 241 85 118.24
24 maps/bgmaps/AR0400SR.map 512 512 52 401 37 311 96.21
74 maps/bgmaps/AR0400SR.map 512 512 132 259 369 294 297.58
121 maps/bgmaps/AR0400SR.map 512 512 436 372 59 403 486.30
106 maps/bgmaps/AR0400SR.map 512 512 114 504 457 309 425.43
39 maps/bgmaps/AR0400SR.map 512 512 215 280 281 382 158.89
26 maps/bgmaps/AR0400SR.map 512 512 485 324 493 266 105.64
106 maps/bgmaps/AR0400SR.map 512 512 213 51 10 394 427.09
108 maps/bgmaps/AR0400SR.map 512 512 268 77 365 422 434.88
14 maps/bgmaps/AR0400SR.map 512 512 204 103 255 82 59.70
66 maps/bgmaps/AR0400SR.map 512 512 248 406 364 415 267.25
105 maps/bgmaps/AR0400SR.map 512 512 209 85 396 311 421.83
54 maps/bgmaps/AR0400SR.map 512 512 66 319 133 487 218.04
104 maps/bgmaps/AR0400SR.map 512 512 19 353 285 378 417.54
125 maps/bgmaps/AR0400SR.map 512 512 277 474 228 124 503.45
34 maps/bgmaps/AR0400SR.map 512 512 237 274 115 304 136.91
56 maps/bgmaps/AR0400SR.map 512 512 323 299 115 280 226.64
120 maps/bgmaps/AR0400SR.map 512 512 73 200 261 484 481.99
47 maps/bgmaps/AR0400SR.map 512 512 91 123 19 213 188.89
122 maps/bgmaps/AR0400SR.map 512 512 41 394 244 292 491.04
9 maps/bgmaps/AR0400SR.map 512 512 499 446 484 421 39.46
118 maps/bgmaps/AR0400SR.map 512 512 225 498 84 169 475.75
56 maps/bgmaps/AR0400SR.map 512 512 343 148 128 177 227.60
29 maps/bgmaps/AR0400SR.map 512 512 391 415 288 447 116.25
114 maps/bgmaps/AR0400SR.map 512 512 324 309 395 505 458.97
8 maps/bgmaps/AR0400SR.map 512 512 228 106 241 77 34.38
21 maps/bgmaps/AR0400SR.map 512 512 391 277 328 225 84.54
121 maps/bgmaps/AR0400SR.map 512 512 247 338 21 384 485.80
80 maps/bgmaps/AR0400SR.map 512 512 222 505 214 292 321.96
14 maps/bgmaps/AR0400SR.map 512 512 184 133 240 139 58.49
44 maps/bgmaps/AR0400SR.map 512 512 195 95 325 209 177.22
16 maps/bgmaps/AR0400SR.map 512 512 267 98 217 63 64.50
7 maps/bgmaps/AR0400SR.map 512 512 275 317 267 342 28.31
29 maps/bgmaps/AR0400SR.map 512 512 23 296 16 179 119.90
119 maps/bgmaps/AR0400SR.map 512 512 318 416 198 102 477.54
45 maps/bgmaps/AR0400SR.map 512 512 187 148 336 229 182.55
125 maps/bgmaps/AR0400SR.map 512 512 420 500 11 397 503.85
13 maps/bgmaps/AR0400SR.map 512 512 223 148 274 137 55.56
90 maps/bgmaps/AR0400SR.map 512 512 279 385 34 393 362.43
78 maps/bgmaps/AR0400SR.map 512 512 67 314 208 486 312.26
117 maps/bgmaps/AR0400SR.map 512 512 305 416 186 372 469.98
109 maps/bgmaps/AR0400SR.map 512 512 53 283 391 228 438.24
122 maps/bgmaps/AR0400SR.map 512 512 22 412 247 366 490.65
96 maps/bgmaps/AR0400SR.map 512 512 197 54 445 336 385.31
40 maps/bgmaps/AR0400SR.map 512 512 387 244 445 252 162.45
23 maps/bgmaps/AR0400SR.map 512 512 13 391 7 302 93.14
10 maps/bgmaps/AR0400SR.map 512 512 166 300 129 290 41.14
94 maps/bgmaps/AR0400SR.map 512 512 362 195 456 496 379.86
125 maps/bgmaps/AR0400SR.map 512 512 363 379 102 178 503.27
108 maps/bgmaps/AR0400SR.map 512 512 405 187 211 485 433.00
40 maps/bgmaps/AR0400SR.map 512 512 245 483 386 431 162.54
43 maps/bgmaps/AR0400SR.map 512 512 342 198 457 296 173.15
21 maps/bgmaps/AR0400SR.map 512 512 188 162 235 97 84.47
10 maps/bgmaps/AR0400SR.map 512 512 96 217 56 209 43.31
45 maps/bgmaps/AR0400SR.map 512 512 246 459 289 386 180.89
83 maps/bgmaps/AR0400SR.map 512 512 418 490 402 196 333.52
85 maps/bgmaps/AR0400SR.map 512 512 211 133 22 375 341.96
30 maps/bgmaps/AR0400SR.map 512 512 366 398 464 336 123.68
35 maps/bgmaps/AR0400SR.map 512 512 147 157 221 44 143.65
95 maps/bgmaps/AR0400SR.map 512 512 24 325 267 440 381.63
116 maps/bgmaps/AR0400SR.map 512 512 389 413 139 158 467.60
50 maps/bgmaps/AR0400SR.map 512 512 347 355 378 269 201.15
59 maps/bgmaps/AR0400SR.map 512 512 411 288 430 484 236.76
102 maps/bgmaps/AR0400SR.map 512 512 28 289 262 438 411.80
26 maps/bgmaps/AR0400SR.map 512 512 303 119 228 52 104.51
41 maps/bgmaps/AR0400SR.map 512 512 77 177 200 86 165.97
99 maps/bgmaps/AR0400SR.map 512 512 425 388 216 76 398.57
90 maps/bgmaps/AR0400SR.map 512 512 378 478 77 463 361.75
102 maps/bgmaps/AR0400SR.map 512 512 250 92 384 303 411.50
125 maps/bgmaps/AR0400SR.map 512 512 39 383 361 202 503.27
60 maps/bgmaps/AR0400SR.map 512 512 420 278 403 495 242.27
81 maps/bgmaps/AR0400SR.map 512 512 454 324 209 125 327.43
35 maps/bgmaps/AR0400SR.map 512 512 247 253 175 367 143.82
64 maps/bgmaps/AR0400SR.map 512 512 111 476 330 440 258.76
67 maps/bgmaps/AR0400SR.map 512 512 428 369 273 169 268.89
101 maps/bgmaps/AR0400SR.map 512 512 214 151 383 422 404.50
109 maps/bgmaps/AR0400SR.map 512 512 47 368 321 185 437.92
14 maps/bgmaps/AR0400SR.map 512 512 343 429 299 459 56.43
33 maps/bgmaps/AR0400SR.map 512 512 416 202 379 124 135.18
64 maps/bgmaps/AR0400SR.map 512 512 73 178 241 15 258.36
13 maps/bgmaps/AR0400SR.map 512 512 252 137 301 149 53.97
124 maps/bgmaps/AR0400SR.map 512 512 290 464 202 155 499.47
112 maps/bgmaps/AR0400SR.map 512 512 400 275 120 502 448.43
28 maps/bgmaps/AR0400SR.map 512 512 407 488 347 398 114.85
74 maps/bgmaps/AR0400SR.map 512 512 404 489 390 231 296.11
50 maps/bgmaps/AR0400SR.map 512 512 441 279 377 454 201.51
24 maps/bgmaps/AR0400SR.map 512 512 120 162 196 107 98.78
75 maps/bgmaps/AR0400SR.map 512 512 365 202 345 447 302.99
105 maps/bgmaps/AR0400SR.map 512 512 399 197 57 271 420.58
75 maps/bgmaps/AR0400SR.map 512 512 16 362 237 481 300.96
71 maps/bgmaps/AR0400SR.map 512 512 324 433 81 471 287.74
77 maps/bgmaps/AR0400SR.map 512 512 15 325 201 93 309.04
33 maps/bgmaps/AR0400SR.map 512 512 291 472 378 375 133.04
81 maps/bgmaps/AR0400SR.map 512 512 323 446 49 442 325.36
116 maps/bgmaps/AR0400SR.map 512 512 384 434 40 353 466.49
98 maps/bgmaps/AR0400SR.map 512 512 237 151 340 411 394.17
71 maps/bgmaps/AR0400SR.map 512 512 413 267 182 131 287.33
99 maps/bgmaps/AR0400SR.map 512 512 83 137 41 442 398.42
104 maps/bgmaps/AR0400SR.map 512 512 206 502 408 214 416.80
73 maps/bgmaps/AR0400SR.map 512 512 73 467 19 196 293.37
53 maps/bgmaps/AR0400SR.map 512 512 325 154 112 157 214.24
51 maps/bgmaps/AR0400SR.map 512 512 454 362 277 432 205.99
39 maps/bgmaps/AR0400SR.map 512 512 83 130 83 224 158.95
93 maps/bgmaps/AR0400SR.map 512 512 342 223 259 478 372.20
113 maps/bgmaps/AR0400SR.map 512 512 292 187 229 461 455.97
101 maps/bgmaps/AR0400SR.map 512 512 195 499 123 286 405.72
51 maps/bgmaps/AR0400SR.map 512 512 347 391 204 441 204.62
125 maps/bgmaps/AR0400SR.map 512 512 35 352 281 302 503.21
47 maps/bgmaps/AR0400SR.map 512 512 482 506 430 393 190.32
109 maps/bgmaps/AR0400SR.map 512 512 505 241 183 501 438.48
75 maps/bgmaps/AR0400SR.map 512 512 267 93 9 201 302.74
78 maps/bgmaps/AR0400SR.map 512 512 300 187 13 173 313.51
121 maps/bgmaps/AR0400SR.map 512 512 483 275 114 465 486.35
78 maps/bgmaps/AR0400SR.map 512 512 214 78 9 309 315.91
85 maps/bgmaps/AR0400SR.map 512 512 351 181 56 238 340.15
125 maps/bgmaps/AR0400SR.map 512 512 54 274 442 286 503.85
24 maps/bgmaps/AR0400SR.map 512 512 22 192 53 279 99.84
33 maps/bgmaps/AR0400SR.map 512 512 330 337 317 438 132.07
4 maps/bgmaps/AR0400SR.map 512 512 240 83 256 86 17.24
125 maps/bgmaps/AR0400SR.map 512 512 223 476 385 125 503.30
42 maps/bgmaps/AR0400SR.map 512 512 458 348 405 476 168.62
41 maps/bgmaps/AR0400SR.map 512 512 64 439 203 506 166.75
50 maps/bgmaps/AR0400SR.map 512 512 389 467 465 456 202.30
79 maps/bgmaps/AR0400SR.map 512 512 30 199 327 148 318.12
59 maps/bgmaps/AR0400SR.map 512 512 226 97 384 137 236.05
8 maps/bgmaps/AR0400SR.map 512 512 111 179 87 204 34.94
44 maps/bgmaps/AR0400SR.map 512 512 215 135 353 234 179.01
29 maps/bgmaps/AR0400SR.map 512 512 396 476 294 441 116.50
97 maps/bgmaps/AR0400SR.map 512 512 470 230 234 493 388.71
77 maps/bgmaps/AR0400SR.map 512 512 108 456 357 416 311.68
90 maps/bgmaps/AR0400SR.map 512 512 170 127 24 427 360.48
115 maps/bgmaps/AR0400SR.map 512 512 377 391 14 386 460.34
69 maps/bgmaps/AR0400SR.map 512 512 337 338 191 504 279.16
26 maps/bgmaps/AR0400SR.map 512 512 375 430 281 460 106.43
31 maps/bgmaps/AR0400SR.map 512 512 253 136 346 212 124.48
101 maps/bgmaps/AR0400SR.map 512 512 272 322 55 441 404.01
109 maps/bgmaps/AR0400SR.map 512 512 237 13 41 371 439.19
102 maps/bgmaps/AR0400SR.map 512 512 361 164 61 316 411.42
41 maps/bgmaps/AR0400SR.map 512 512 402 264 375 134 165.61
35 maps/bgmaps/AR0400SR.map 512 512 59 263 17 389 143.40
81 maps/bgmaps/AR0400SR.map 512 512 295 116 8 210 325.94
61 maps/bgmaps/AR0400SR.map 512 512 32 309 194 159 244.05
82 maps/bgmaps/AR0400SR.map 512 512 241 129 455 270 329.26
8 maps/bgmaps/AR0400SR.map 512 512 74 466 57 440 33.04
106 maps/bgmaps/AR0400SR.map 512 512 123 149 400 347 425.56
122 maps/bgmaps/AR0400SR.map 512 512 424 343 56 213 488.88
53 maps/bgmaps/AR0400SR.map 512 512 201 288 204 218 212.82
29 maps/bgmaps/AR0400SR.map 512 512 126 146 38 210 116.85
11 maps/bgmaps/AR0400SR.map 512 512 94 171 58 197 46.77
34 maps/bgmaps/AR0400SR.map 512 512 427 323 331 405 136.41
80 maps/bgmaps/AR0400SR.map 512 512 287 129 416 324 320.52
121 maps/bgmaps/AR0400SR.map 512 512 269 143 98 448 485.55
37 maps/bgmaps/AR0400SR.map 512 512 481 332 391 292 151.40
78 maps/bgmaps/AR0400SR.map 512 512 29 351 239 472 312.30
44 maps/bgmaps/AR0400SR.map 512 512 350 313 182 315 177.94
121 maps/bgmaps/AR0400SR.map 512 512 399 399 236 372 485.57
56 maps/bgmaps/AR0400SR.map 512 512 105 166 308 198 225.37
109 maps/bgmaps/AR0400SR.map 512 512 13 284 270 427 436.74
82 maps/bgmaps/AR0400SR.map 512 512 31 315 218 468 329.30
105 maps/bgmaps/AR0400SR.map 512 512 150 138 386 371 423.98
15 maps/bgmaps/AR0400SR.map 512 512 248 126 200 93 61.67
22 maps/bgmaps/AR0400SR.map 512 512 142 240 111 316 88.84
121 maps/bgmaps/AR0400SR.map 512 512 47 230 442 295 484.06
124 maps/bgmaps/AR0400SR.map 512 512 236 271 388 386 496.61
13 maps/bgmaps/AR0400SR.map 512 512 255 58 203 57 52.41
122 maps/bgmaps/AR0400SR.map 512 512 158 150 362 442 489.61
44 maps/bgmaps/AR0400SR.map 512 512 385 263 391 305 176.75
33 maps/bgmaps/AR0400SR.map 512 512 384 254 487 328 133.65
113 maps/bgmaps/AR0400SR.map 512 512 171 407 251 435 452.70
105 maps/bgmaps/AR0400SR.map 512 512 431 265 97 228 420.35
38 maps/bgmaps/AR0400SR.map 512 512 455 441 444 491 153.57
91 maps/bgmaps/AR0400SR.map 512 512 312 380 378 483 366.26
59 maps/bgmaps/AR0400SR.map 512 512 235 16 115 110 236.59
37 maps/bgmaps/AR0400SR.map 512 512 487 298 396 231 148.75
68 maps/bgmaps/AR0400SR.map 512 512 298 314 279 469 275.76
102 maps/bgmaps/AR0400SR.map 512 512 235 109 376 320 410.78
99 maps/bgmaps/AR0400SR.map 512 512 244 478 362 202 399.91
14 maps/bgmaps/AR0400SR.map 512 512 282 136 332 155 57.87
36 maps/bgmaps/AR0400SR.map 512 512 343 404 412 305 147.72
95 maps/bgmaps/AR0400SR.map 512 512 7 368 258 153 383.40
115 maps/bgmaps/AR0400SR.map 512 512 408 503 321 304 462.01
7 maps/bgmaps/AR0400SR.map 512 512 408 410 391 387 30.04
110 maps/bgmaps/AR0400SR.map 512 512 197 90 381 418 443.60
46 maps/bgmaps/AR0400SR.map 512 512 366 397 456 254 186.08
40 maps/bgmaps/AR0400SR.map 512 512 479 283 363 227 160.49
124 maps/bgmaps/AR0400SR.map 512 512 111 117 184 507 499.17
11 maps/bgmaps/AR0400SR.map 512 512 327 189 296 154 47.84
43 maps/bgmaps/AR0400SR.map 512 512 42 320 22 159 172.36
119 maps/bgmaps/AR0400SR.map 512 512 465 274 98 497 479.71
36 maps/bgmaps/AR0400SR.map 512 512 360 193 422 312 144.68
25 maps/bgmaps/AR0400SR.map 512 512 195 143 237 59 101.40
107 maps/bgmaps/AR0400SR.map 512 512 219 110 356 425 430.67
38 maps/bgmaps/AR0400SR.map 512 512 298 160 146 159 155.73
75 maps/bgmaps/AR0400SR.map 512 512 452 202 173 156 300.54
44 maps/bgmaps/AR0400SR.map 512 512 249 460 282 385 176.31
124 maps/bgmaps/AR0400SR.map 512 512 362 442 159 320 499.86
70 maps/bgmaps/AR0400SR.map 512 512 227 488 272 282 280.89
16 maps/bgmaps/AR0400SR.map 512 512 76 247 18 263 64.63
75 maps/bgmaps/AR0400SR.map 512 512 39 262 225 37 302.04
83 maps/bgmaps/AR0400SR.map 512 512 350 341 133 494 334.58
21 maps/bgmaps/AR0400SR.map 512 512 263 162 217 96 85.05
89 maps/bgmaps/AR0400SR.map 512 512 262 454 17 341 357.73
104 maps/bgmaps/AR0400SR.map 512 512 292 430 283 150 416.75
102 maps/bgmaps/AR0400SR.map 512 512 366 410 322 302 410.66
123 maps/bgmaps/AR0400SR.map 512 512 60 171 437 366 495.04
35 maps/bgmaps/AR0400SR.map 512 512 85 187 183 98 143.07
124 maps/bgmaps/AR0400SR.map 512 512 48 209 279 442 498.86
58 maps/bgmaps/AR0400SR.map 512 512 5 356 62 169 234.71
61 maps/bgmaps/AR0400SR.map 512 512 399 213 212 71 245.82
4 maps/bgmaps/AR0400SR.map 512 512 323 115 327 133 19.66
114 maps/bgmaps/AR0400SR.map 512 512 227 491 98 196 459.45
121 maps/bgmaps/AR0400SR.map 512 512 407 492 213 140 487.51
120 maps/bgmaps/AR0400SR.map 512 512 369 387 112 166 483.13
28 maps/bgmaps/AR0400SR.map 512 512 393 426 293 460 114.08
65 maps/bgmaps/AR0400SR.map 512 512 23 351 125 133 261.08
3 maps/bgmaps/AR0400SR.map 512 512 321 187 333 193 14.49
109 maps/bgmaps/AR0400SR.map 512 512 70 306 373 167 439.75
48 maps/bgmaps/AR0400SR.map 512 512 292 122 115 163 193.98
76 maps/bgmaps/AR0400SR.map 512 512 44 275 270 95 307.59
123 maps/bgmaps/AR0400SR.map 512 512 320 441 189 101 495.31
101 maps/bgmaps/AR0400SR.map 512 512 313 325 59 411 406.40
84 maps/bgmaps/AR0400SR.map 512 512 344 170 393 455 337.61
72 maps/bgmaps/AR0400SR.map 512 512 415 364 284 137 289.55
107 maps/bgmaps/AR0400SR.map 512 512 268 141 297 441 431.52
74 maps/bgmaps/AR0400SR.map 512 512 352 308 142 243 296.10
21 maps/bgmaps/AR0400SR.map 512 512 278 126 204 97 86.01
104 maps/bgmaps/AR0400SR.map 512 512 282 385 11 348 419.96
86 maps/bgmaps/AR0400SR.map 512 512 413 406 244 152 345.66
31 maps/bgmaps/AR0400SR.map 512 512 304 144 205 80 125.51
29 maps/bgmaps/AR0400SR.map 512 512 131 284 167 382 117.88
104 maps/bgmaps/AR0400SR.map 512 512 279 427 24 305 419.01
102 maps/bgmaps/AR0400SR.map 512 512 36 429 367 391 410.53
26 maps/bgmaps/AR0400SR.map 512 512 183 142 243 59 107.85
49 maps/bgmaps/AR0400SR.map 512 512 233 343 223 421 196.79
107 maps/bgmaps/AR0400SR.map 512 512 188 146 348 394 430.20
115 maps/bgmaps/AR0400SR.map 512 512 464 352 297 361 460.98
86 maps/bgmaps/AR0400SR.map 512 512 205 133 40 392 345.50
8 maps/bgmaps/AR0400SR.map 512 512 432 381 458 357 35.94
44 maps/bgmaps/AR0400SR.map 512 512 400 215 255 135 178.14
115 maps/bgmaps/AR0400SR.map 512 512 440 316 76 231 462.17
67 maps/bgmaps/AR0400SR.map 512 512 232 98 429 273 269.49
43 maps/bgmaps/AR0400SR.map 512 512 359 306 196 316 172.94
82 maps/bgmaps/AR0400SR.map 512 512 208 474 62 300 328.58
123 maps/bgmaps/AR0400SR.map 512 512 335 157 17 411 495.75
75 maps/bgmaps/AR0400SR.map 512 512 367 223 314 455 302.00
44 maps/bgmaps/AR0400SR.map 512 512 134 282 265 355 177.64
55 maps/bgmaps/AR0400SR.map 512 512 330 227 396 391 220.63
20 maps/bgmaps/AR0400SR.map 512 512 30 404 63 473 82.67
37 maps/bgmaps/AR0400SR.map 512 512 361 385 265 495 149.76
28 maps/bgmaps/AR0400SR.map 512 512 317 216 254 130 112.10
7 maps/bgmaps/AR0400SR.map 512 512 357 211 351 239 30.49
64 maps/bgmaps/AR0400SR.map 512 512 259 465 412 304 257.40
15 maps/bgmaps/AR0400SR.map 512 512 223 152 278 172 63.28
82 maps/bgmaps/AR0400SR.map 512 512 273 140 58 317 328.15
31 maps/bgmaps/AR0400SR.map 512 512 138 142 255 162 125.28
8 maps/bgmaps/AR0400SR.map 512 512 249 108 243 75 35.49
54 maps/bgmaps/AR0400SR.map 512 512 227 130 71 256 219.91
11 maps/bgmaps/AR0400SR.map 512 512 378 404 379 451 47.41
29 maps/bgmaps/AR0400SR.map 512 512 325 219 411 299 119.14
63 maps/bgmaps/AR0400SR.map 512 512 375 438 471 420 254.21
104 maps/bgmaps/AR0400SR.map 512 512 390 405 181 147 419.26
123 maps/bgmaps/AR0400SR.map 512 512 286 465 235 113 494.13
47 maps/bgmaps/AR0400SR.map 512 512 290 297 118 277 189.40
57 maps/bgmaps/AR0400SR.map 512 512 392 454 460 260 229.62
120 maps/bgmaps/AR0400SR.map 512 512 106 467 223 81 482.85
120 maps/bgmaps/AR0400SR.map 512 512 342 313 47 385 483.44
37 maps/bgmaps/AR0400SR.map 512 512 456 307 366 202 151.31
79 maps/bgmaps/AR0400SR.map 512 512 401 389 301 133 317.30
78 maps/bgmaps/AR0400SR.map 512 512 49 381 238 419 313.13
112 maps/bgmaps/AR0400SR.map 512 512 190 146 351 427 448.83
120 maps/bgmaps/AR0400SR.map 512 512 258 165 92 468 483.62
64 maps/bgmaps/AR0400SR.map 512 512 33 215 262 166 258.41
55 maps/bgmaps/AR0400SR.map 512 512 54 363 120 172 222.48
80 maps/bgmaps/AR0400SR.map 512 512 42 199 347 155 323.23
38 maps/bgmaps/AR0400SR.map 512 512 161 160 15 154 155.11
112 maps/bgmaps/AR0400SR.map 512 512 309 155 5 383 448.82
20 maps/bgmaps/AR0400SR.map 512 512 438 206 391 266 82.98
120 maps/bgmaps/AR0400SR.map 512 512 42 427 430 355 483.27
35 maps/bgmaps/AR0400SR.map 512 512 183 128 242 11 141.44
116 maps/bgmaps/AR0400SR.map 512 512 104 157 199 503 467.96
88 maps/bgmaps/AR0400SR.map 512 512 216 506 25 274 353.88
120 maps/bgmaps/AR0400SR.map 512 512 152 153 353 344 483.71
15 maps/bgmaps/AR0400SR.map 512 512 194 319 183 378 63.56
68 maps/bgmaps/AR0400SR.map 512 512 346 175 365 389 275.68
51 maps/bgmaps/AR0400SR.map 512 512 309 286 167 392 204.65
21 maps/bgmaps/AR0400SR.map 512 512 438 362 361 388 87.77
32 maps/bgmaps/AR0400SR.map 512 512 185 152 300 188 129.91
101 maps/bgmaps/AR0400SR.map 512 512 281 391 443 362 407.42
31 maps/bgmaps/AR0400SR.map 512 512 54 228 15 339 127.15
110 maps/bgmaps/AR0400SR.map 512 512 263 320 407 459 440.20
81 maps/bgmaps/AR0400SR.map 512 512 462 263 271 109 327.46
65 maps/bgmaps/AR0400SR.map 512 512 505 449 426 382 262.98
119 maps/bgmaps/AR0400SR.map 512 512 355 445 217 81 479.15
91 maps/bgmaps/AR0400SR.map 512 512 429 286 501 444 366.05
78 maps/bgmaps/AR0400SR.map 512 512 40 295 241 63 315.26
109 maps/bgmaps/AR0400SR.map 512 512 377 321 483 372 439.76
28 maps/bgmaps/AR0400SR.map 512 512 185 111 98 178 114.75
89 maps/bgmaps/AR0400SR.map 512 512 279 487 341 225 357.27
64 maps/bgmaps/AR0400SR.map 512 512 199 496 405 375 256.12
85 maps/bgmaps/AR0400SR.map 512 512 311 201 15 224 343.63
72 maps/bgmaps/AR0400SR.map 512 512 298 181 367 395 290.63
101 maps/bgmaps/AR0400SR.map 512 512 311 411 305 123 407.77
65 maps/bgmaps/AR0400SR.map 512 512 315 409 464 238 263.61
9 maps/bgmaps/AR0400SR.map 512 512 59 404 63 440 37.66
26 maps/bgmaps/AR0400SR.map 512 512 285 323 188 304 104.87
70 maps/bgmaps/AR0400SR.map 512 512 125 177 379 195 282.17
100 maps/bgmaps/AR0400SR.map 512 512 274 89 390 293 402.70
67 maps/bgmaps/AR0400SR.map 512 512 358 220 328 409 270.99
19 maps/bgmaps/AR0400SR.map 512 512 360 446 286 446 76.49
55 maps/bgmaps/AR0400SR.map 512 512 410 491 230 497 222.25
30 maps/bgmaps/AR0400SR.map 512 512 243 410 285 319 122.92
63 maps/bgmaps/AR0400SR.map 512 512 50 354 152 143 254.08
58 maps/bgmaps/AR0400SR.map 512 512 389 471 479 277 233.76
34 maps/bgmaps/AR0400SR.map 512 512 301 294 310 371 137.15
50 maps/bgmaps/AR0400SR.map 512 512 92 206 247 93 201.81
100 maps/bgmaps/AR0400SR.map 512 512 256 317 67 458 403.04
48 maps/bgmaps/AR0400SR.map 512 512 449 261 357 404 192.71
97 maps/bgmaps/AR0400SR.map 512 512 243 106 360 384 390.27
58 maps/bgmaps/AR0400SR.map 512 512 424 271 377 483 232.30
67 maps/bgmaps/AR0400SR.map 512 512 256 312 243 463 271.02
25 maps/bgmaps/AR0400SR.map 512 512 316 443 388 369 103.82
73 maps/bgmaps/AR0400SR.map 512 512 70 230 323 129 294.84
30 maps/bgmaps/AR0400SR.map 512 512 351 360 305 456 123.34
48 maps/bgmaps/AR0400SR.map 512 512 279 126 394 274 195.63
91 maps/bgmaps/AR0400SR.map 512 512 142 151 438 317 364.76
87 maps/bgmaps/AR0400SR.map 512 512 233 5 412 279 348.14
1 maps/bgmaps/AR0400SR.map 512 512 489 273 485 271 4.83
0 maps/bgmaps/AR0400SR.map 512 512 407 396 410 395 3.41
16 maps/bgmaps/AR0400SR.map 512 512 382 461 348 409 66.08
106 maps/bgmaps/AR0400SR.map 512 512 60 278 279 466 424.06
75 maps/bgmaps/AR0400SR.map 512 512 54 357 205 146 303.46
64 maps/bgmaps/AR0400SR.map 512 512 264 80 70 135 259.25
113 maps/bgmaps/AR0400SR.map 512 512 279 480 297 140 454.67
45 maps/bgmaps/AR0400SR.map 512 512 151 140 327 154 181.80
119 maps/bgmaps/AR0400SR.map 512 512 425 375 315 301 479.91
47 maps/bgmaps/AR0400SR.map 512 512 302 324 127 286 190.74
28 maps/bgmaps/AR0400SR.map 512 512 144 198 109 293 113.64
107 maps/bgmaps/AR0400SR.map 512 512 75 461 426 362 429.29
27 maps/bgmaps/AR0400SR.map 512 512 49 349 81 251 111.84
59 maps/bgmaps/AR0400SR.map 512 512 366 393 331 218 239.55
2 maps/bgmaps/AR0400SR.map 512 512 193 222 200 215 9.90
100 maps/bgmaps/AR0400SR.map 512 512 135 297 245 490 403.96
37 maps/bgmaps/AR0400SR.map 512 512 30 312 66 175 151.91
74 maps/bgmaps/AR0400SR.map 512 512 306 191 353 360 299.73
120 maps/bgmaps/AR0400SR.map 512 512 372 260 121 481 482.72
11 maps/bgmaps/AR0400SR.map 512 512 393 258 431 275 45.04
21 maps/bgmaps/AR0400SR.map 512 512 55 273 21 344 85.08
64 maps/bgmaps/AR0400SR.map 512 512 280 124 63 224 258.42
43 maps/bgmaps/AR0400SR.map 512 512 101 215 25 357 173.48
43 maps/bgmaps/AR0400SR.map 512 512 246 465 397 407 175.02
57 maps/bgmaps/AR0400SR.map 512 512 323 433 420 251 229.25
63 maps/bgmaps/AR0400SR.map 512 512 286 327 257 496 255.02
77 maps/bgmaps/AR0400SR.map 512 512 78 466 60 174 308.57
99 maps/bgmaps/AR0400SR.map 512 512 246 462 321 215 398.78
72 maps/bgmaps/AR0400SR.map 512 512 283 346 188 225 289.42
27 maps/bgmaps/AR0400SR.map 512 512 406 475 367 384 111.25
88 maps/bgmaps/AR0400SR.map 512 512 340 157 34 272 355.29
68 maps/bgmaps/AR0400SR.map 512 512 244 497 388 293 275.30
15 maps/bgmaps/AR0400SR.map 512 512 255 65 284 115 62.01
100 maps/bgmaps/AR0400SR.map 512 512 37 293 277 476 403.33
91 maps/bgmaps/AR0400SR.map 512 512 254 443 371 209 364.69
30 maps/bgmaps/AR0400SR.map 512 512 383 221 428 326 123.64
72 maps/bgmaps/AR0400SR.map 512 512 428 354 192 459 290.26
20 maps/bgmaps/AR0400SR.map 512 512 78 461 46 392 82.25
24 maps/bgmaps/AR0400SR.map 512 512 20 398 40 309 97.28
34 maps/bgmaps/AR0400SR.map 512 512 395 466 352 347 136.81
16 maps/bgmaps/AR0400SR.map 512 512 238 104 176 116 66.97
118 maps/bgmaps/AR0400SR.map 512 512 95 239 453 303 474.64
96 maps/bgmaps/AR0400SR.map 512 512 232 130 399 421 387.57
85 maps/bgmaps/AR0400SR.map 512 512 211 280 251 489 340.59
119 maps/bgmaps/AR0400SR.map 512 512 239 313 405 391 479.43
4 maps/bgmaps/AR0400SR.map 512 512 11 278 14 295 18.24
32 maps/bgmaps/AR0400SR.map 512 512 428 315 334 229 129.62
78 maps/bgmaps/AR0400SR.map 512 512 307 446 366 212 312.00
61 maps/bgmaps/AR0400SR.map 512 512 169 506 381 464 246.79
107 maps/bgmaps/AR0400SR.map 512 512 337 394 224 100 431.28
30 maps/bgmaps/AR0400SR.map 512 512 455 499 500 422 123.80
118 maps/bgmaps/AR0400SR.map 512 512 245 449 72 205 475.07
61 maps/bgmaps/AR0400SR.map 512 512 232 500 437 481 244.35
90 maps/bgmaps/AR0400SR.map 512 512 214 118 454 271 360.23
80 maps/bgmaps/AR0400SR.map 512 512 66 459 23 158 322.71
84 maps/bgmaps/AR0400SR.map 512 512 93 468 379 419 337.78
49 maps/bgmaps/AR0400SR.map 512 512 430 208 271 116 197.11
19 maps/bgmaps/AR0400SR.map 512 512 18 355 59 417 78.98
17 maps/bgmaps/AR0400SR.map 512 512 355 210 403 260 69.88
118 maps/bgmaps/AR0400SR.map 512 512 504 470 306 201 475.54
118 maps/bgmaps/AR0400SR.map 512 512 126 172 393 404 475.74
117 maps/bgmaps/AR0400SR.map 512 512 416 469 211 139 471.24
107 maps/bgmaps/AR0400SR.map 512 512 298 146 283 449 431.41
86 maps/bgmaps/AR0400SR.map 512 512 4 215 318 171 345.48
115 maps/bgmaps/AR0400SR.map 512 512 185 127 354 428 461.45
89 maps/bgmaps/AR0400SR.map 512 512 125 460 116 179 356.63
74 maps/bgmaps/AR0400SR.map 512 512 59 295 181 488 299.53
106 maps/bgmaps/AR0400SR.map 512 512 411 357 214 25 425.20
86 maps/bgmaps/AR0400SR.map 512 512 103 123 381 158 347.89
100 maps/bgmaps/AR0400SR.map 512 512 51 382 282 163 403.81
88 maps/bgmaps/AR0400SR.map 512 512 435 503 343 219 355.00
117 maps/bgmaps/AR0400SR.map 512 512 44 325 361 455 471.07
81 maps/bgmaps/AR0400SR.map 512 512 22 157 318 205 326.65
117 maps/bgmaps/AR0400SR.map 512 512 288 155 76 433 471.36
117 maps/bgmaps/AR0400SR.map 512 512 24 409 312 287 471.61
100 maps/bgmaps/AR0400SR.map 512 512 115 169 429 334 403.90
83 maps/bgmaps/AR0400SR.map 512 512 271 75 48 295 335.22
79 maps/bgmaps/AR0400SR.map 512 512 395 272 129 161 316.95
96 maps/bgmaps/AR0400SR.map 512 512 21 426 205 132 387.79
109 maps/bgmaps/AR0400SR.map 512 512 199 462 386 199 439.63
117 maps/bgmaps/AR0400SR.map 512 512 411 302 13 154 471.83
117 maps/bgmaps/AR0400SR.map 512 512 271 487 292 137 470.64
106 maps/bgmaps/AR0400SR.map 512 512 254 158 302 446 426.77
100 maps/bgmaps/AR0400SR.map 512 512 491 252 229 77 402.35
91 maps/bgmaps/AR0400SR.map 512 512 357 445 41 449 366.53
64 maps/bgmaps/AR0400SR.map 512 512 48 242 248 101 258.40
113 maps/bgmaps/AR0400SR.map 512 512 40 266 412 245 455.26
113 maps/bgmaps/AR0400SR.map 512 512 206 161 409 449 455.64
87 maps/bgmaps/AR0400SR.map 512 512 97 123 380 240 351.56
94 maps/bgmaps/AR0400SR.map 512 512 256 109 477 241 377.14
100 maps/bgmaps/AR0400SR.map 512 512 375 405 219 109 403.21
74 maps/bgmaps/AR0400SR.map 512 512 17 234 282 159 299.38
113 maps/bgmaps/AR0400SR.map 512 512 332 154 26 377 454.61
106 maps/bgmaps/AR0400SR.map 512 512 104 221 433 302 427.77
85 maps/bgmaps/AR0400SR.map 512 512 266 151 358 398 343.54
112 maps/bgmaps/AR0400SR.map 512 512 188 490 367 209 451.81
73 maps/bgmaps/AR0400SR.map 512 512 242 40 420 259 292.73
83 maps/bgmaps/AR0400SR.map 512 512 134 140 406 293 335.37
111 maps/bgmaps/AR0400SR.map 512 512 359 238 481 451 447.46
111 maps/bgmaps/AR0400SR.map 512 512 317 406 28 322 447.06
99 maps/bgmaps/AR0400SR.map 512 512 443 361 115 480 398.83
85 maps/bgmaps/AR0400SR.map 512 512 296 132 23 292 343.96
111 maps/bgmaps/AR0400SR.map 512 512 76 233 264 498 447.43
111 maps/bgmaps/AR0400SR.map 512 512 307 203 24 374 446.90
67 maps/bgmaps/AR0400SR.map 512 512 359 198 108 157 269.64
99 maps/bgmaps/AR0400SR.map 512 512 384 128 58 181 399.79
94 maps/bgmaps/AR0400SR.map 512 512 213 37 26 337 377.46
100 maps/bgmaps/AR0400SR.map 512 512 56 408 245 126 403.58
98 maps/bgmaps/AR0400SR.map 512 512 376 171 279 471 395.50
89 maps/bgmaps/AR0400SR.map 512 512 73 240 179 493 356.26
98 maps/bgmaps/AR0400SR.map 512 512 427 477 365 160 395.27
98 maps/bgmaps/AR0400SR.map 512 512 371 232 24 188 392.56
98 maps/bgmaps/AR0400SR.map 512 512 261 167 370 461 395.26
95 maps/bgmaps/AR0400SR.map 512 512 124 503 452 504 380.61
89 maps/bgmaps/AR0400SR.map 512 512 352 183 388 495 359.22
98 maps/bgmaps/AR0400SR.map 512 512 273 426 34 319 395.29
98 maps/bgmaps/AR0400SR.map 512 512 403 352 93 453 395.74
98 maps/bgmaps/AR0400SR.map 512 512 49 330 305 462 395.16
88 maps/bgmaps/AR0400SR.map 512 512 66 181 379 225 352.76
97 maps/bgmaps/AR0400SR.map 512 512 32 342 274 76 391.43
71 maps/bgmaps/AR0400SR.map 512 512 91 228 243 6 284.96
97 maps/bgmaps/AR0400SR.map 512 512 240 145 58 408 391.53
84 maps/bgmaps/AR0400SR.map 512 512 401 291 215 31 337.04
95 maps/bgmaps/AR0400SR.map 512 512 415 500 354 174 383.58
85 maps/bgmaps/AR0400SR.map 512 512 174 159 449 306 341.45
83 maps/bgmaps/AR0400SR.map 512 512 110 181 390 264 335.92
74 maps/bgmaps/AR0400SR.map 512 512 265 433 452 258 298.48
97 maps/bgmaps/AR0400SR.map 512 512 397 367 79 468 391.32
97 maps/bgmaps/AR0400SR.map 512 512 168 167 423 376 391.24
97 maps/bgmaps/AR0400SR.map 512 512 106 211 422 266 391.03
97 maps/bgmaps/AR0400SR.map 512 512 205 86 410 328 391.00
96 maps/bgmaps/AR0400SR.map 512 512 385 369 87 436 387.84
96 maps/bgmaps/AR0400SR.map 512 512 386 435 247 141 387.40
95 maps/bgmaps/AR0400SR.map 512 512 257 101 27 359 383.14
96 maps/bgmaps/AR0400SR.map 512 512 134 183 435 328 387.19
71 maps/bgmaps/AR0400SR.map 512 512 400 293 260 64 286.99
96 maps/bgmaps/AR0400SR.map 512 512 419 342 213 45 387.30
95 maps/bgmaps/AR0400SR.map 512 512 83 440 399 478 383.93
88 maps/bgmaps/AR0400SR.map 512 512 391 231 81 190 355.98
94 maps/bgmaps/AR0400SR.map 512 512 62 318 318 187 379.53
94 maps/bgmaps/AR0400SR.map 512 512 460 496 388 189 379.09
94 maps/bgmaps/AR0400SR.map 512 512 410 462 311 156 379.90
94 maps/bgmaps/AR0400SR.map 512 512 343 390 275 123 379.50
74 maps/bgmaps/AR0400SR.map 512 512 449 492 191 488 296.94
93 maps/bgmaps/AR0400SR.map 512 512 257 479 487 412 375.29
93 maps/bgmaps/AR0400SR.map 512 512 107 463 404 360 375.29
87 maps/bgmaps/AR0400SR.map 512 512 261 446 358 223 350.32
93 maps/bgmaps/AR0400SR.map 512 512 207 443 16 291 375.86
93 maps/bgmaps/AR0400SR.map 512 512 272 100 402 306 375.14
93 maps/bgmaps/AR0400SR.map 512 512 408 351 122 466 374.63
93 maps/bgmaps/AR0400SR.map 512 512 313 201 281 457 375.51
93 maps/bgmaps/AR0400SR.map 512 512 124 503 445 507 374.85
80 maps/bgmaps/AR0400SR.map 512 512 266 109 73 307 323.58
88 maps/bgmaps/AR0400SR.map 512 512 432 355 226 85 355.33
92 maps/bgmaps/AR0400SR.map 512 512 380 381 207 159 371.74
90 maps/bgmaps/AR0400SR.map 512 512 336 228 454 507 363.11
92 maps/bgmaps/AR0400SR.map 512 512 414 308 114 143 371.86
79 maps/bgmaps/AR0400SR.map 512 512 446 486 169 503 319.66
91 maps/bgmaps/AR0400SR.map 512 512 59 303 321 183 367.12
92 maps/bgmaps/AR0400SR.map 512 512 101 206 399 282 371.73
92 maps/bgmaps/AR0400SR.map 512 512 417 313 125 176 370.83
92 maps/bgmaps/AR0400SR.map 512 512 230 85 465 261 370.85
80 maps/bgmaps/AR0400SR.map 512 512 203 474 9 315 323.27
87 maps/bgmaps/AR0400SR.map 512 512 205 443 412 295 350.20
92 maps/bgmaps/AR0400SR.map 512 512 234 155 478 243 371.23
90 maps/bgmaps/AR0400SR.map 512 512 237 155 17 378 363.92
83 maps/bgmaps/AR0400SR.map 512 512 403 412 262 165 332.42
90 maps/bgmaps/AR0400SR.map 512 512 66 275 340 204 363.92
90 maps/bgmaps/AR0400SR.map 512 512 406 297 176 498 362.97
82 maps/bgmaps/AR0400SR.map 512 512 83 445 344 399 330.59
82 maps/bgmaps/AR0400SR.map 512 512 209 159 9 372 331.58
90 maps/bgmaps/AR0400SR.map 512 512 103 459 299 294 362.83
87 maps/bgmaps/AR0400SR.map 512 512 114 470 405 398 350.65
87 maps/bgmaps/AR0400SR.map 512 512 183 505 53 236 351.01
87 maps/bgmaps/AR0400SR.map 512 512 114 194 121 488 351.33
87 maps/bgmaps/AR0400SR.map 512 512 402 293 193 498 351.63
82 maps/bgmaps/AR0400SR.map 512 512 416 345 277 79 331.03
80 maps/bgmaps/AR0400SR.map 512 512 251 164 408 394 323.76
79 maps/bgmaps/AR0400SR.map 512 512 63 299 268 108 316.33
80 maps/bgmaps/AR0400SR.map 512 512 351 239 445 481 323.20
80 maps/bgmaps/AR0400SR.map 512 512 82 436 107 156 322.97
79 maps/bgmaps/AR0400SR.map 512 512 334 225 69 216 319.26
65 maps/bgmaps/AR0400SR.map 512 512 462 295 260 435 262.33
79 maps/bgmaps/AR0400SR.map 512 512 167 168 429 280 319.16
79 maps/bgmaps/AR0400SR.map 512 512 57 301 261 96 318.79
78 maps/bgmaps/AR0400SR.map 512 512 112 468 369 403 315.40
77 maps/bgmaps/AR0400SR.map 512 512 85 441 293 366 311.07
77 maps/bgmaps/AR0400SR.map 512 512 386 400 315 150 311.72
77 maps/bgmaps/AR0400SR.map 512 512 233 462 429 270 311.85
77 maps/bgmaps/AR0400SR.map 512 512 289 463 474 456 311.52
76 maps/bgmaps/AR0400SR.map 512 512 340 408 86 477 306.61
72 maps/bgmaps/AR0400SR.map 512 512 386 393 329 158 290.92
76 maps/bgmaps/AR0400SR.map 512 512 368 256 447 496 307.37
76 maps/bgmaps/AR0400SR.map 512 512 135 183 52 447 307.31
76 maps/bgmaps/AR0400SR.map 512 512 300 192 345 406 307.11
65 maps/bgmaps/AR0400SR.map 512 512 81 202 288 71 261.85
76 maps/bgmaps/AR0400SR.map 512 512 431 311 206 482 306.96
76 maps/bgmaps/AR0400SR.map 512 512 66 275 293 181 307.39
76 maps/bgmaps/AR0400SR.map 512 512 358 216 108 111 307.55
74 maps/bgmaps/AR0400SR.map 512 512 33 382 156 133 299.95
74 maps/bgmaps/AR0400SR.map 512 512 253 105 431 330 298.73
73 maps/bgmaps/AR0400SR.map 512 512 60 301 242 103 295.65
73 maps/bgmaps/AR0400SR.map 512 512 404 269 461 499 294.71
73 maps/bgmaps/AR0400SR.map 512 512 106 207 352 215 295.91
73 maps/bgmaps/AR0400SR.map 512 512 281 183 37 252 295.78
72 maps/bgmaps/AR0400SR.map 512 512 114 470 350 407 291.92
71 maps/bgmaps/AR0400SR.map 512 512 55 379 251 468 287.19
71 maps/bgmaps/AR0400SR.map 512 512 273 157 392 365 286.97
71 maps/bgmaps/AR0400SR.map 512 512 139 495 12 264 287.71
70 maps/bgmaps/AR0400SR.map 512 512 404 295 256 491 282.90
70 maps/bgmaps/AR0400SR.map 512 512 31 299 213 91 283.39
70 maps/bgmaps/AR0400SR.map 512 512 421 368 374 137 283.04
70 maps/bgmaps/AR0400SR.map 512 512 148 503 52 267 282.94
70 maps/bgmaps/AR0400SR.map 512 512 89 242 125 461 282.87
70 maps/bgmaps/AR0400SR.map 512 512 276 141 480 285 282.70
70 maps/bgmaps/AR0400SR.map 512 512 310 424 84 449 283.58
69 maps/bgmaps/AR0400SR.map 512 512 277 331 284 472 279.42
68 maps/bgmaps/AR0400SR.map 512 512 229 460 387 292 275.56
68 maps/bgmaps/AR0400SR.map 512 512 69 264 252 77 275.69
68 maps/bgmaps/AR0400SR.map 512 512 55 350 225 507 274.87
67 maps/bgmaps/AR0400SR.map 512 512 102 198 334 208 271.76
67 maps/bgmaps/AR0400SR.map 512 512 118 188 50 430 270.99
67 maps/bgmaps/AR0400SR.map 512 512 36 204 286 158 271.54
67 maps/bgmaps/AR0400SR.map 512 512 230 157 14 286 271.09
66 maps/bgmaps/AR0400SR.map 512 512 378 398 312 197 267.27
66 maps/bgmaps/AR0400SR.map 512 512 179 503 395 498 267.74
66 maps/bgmaps/AR0400SR.map 512 512 378 267 413 486 266.98
66 maps/bgmaps/AR0400SR.map 512 512 420 300 258 100 267.10
66 maps/bgmaps/AR0400SR.map 512 512 329 225 346 414 266.76
64 maps/bgmaps/AR0400SR.map 512 512 415 345 376 134 259.87
63 maps/bgmaps/AR0400SR.map 512 512 304 200 80 186 255.48
63 maps/bgmaps/AR0400SR.map 512 512 63 420 81 184 255.05
63 maps/bgmaps/AR0400SR.map 512 512 384 271 207 89 255.32
63 maps/bgmaps/AR0400SR.map 512 512 358 254 338 441 255.48
62 maps/bgmaps/AR0400SR.map 512 512 81 444 34 212 251.47
62 maps/bgmaps/AR0400SR.map 512 512 79 435 268 429 251.48
62 maps/bgmaps/AR0400SR.map 512 512 280 377 108 306 251.37
62 maps/bgmaps/AR0400SR.map 512 512 279 181 67 224 251.35
62 maps/bgmaps/AR0400SR.map 512 512 393 362 194 488 251.19
62 maps/bgmaps/AR0400SR.map 512 512 127 483 342 443 250.62
62 maps/bgmaps/AR0400SR.map 512 512 333 419 466 243 251.33
62 maps/bgmaps/AR0400SR.map 512 512 207 161 404 280 251.26
62 maps/bgmaps/AR0400SR.map 512 512 400 361 203 493 251.68
62 maps/bgmaps/AR0400SR.map 512 512 149 504 372 438 251.99
61 maps/bgmaps/AR0400SR.map 512 512 199 484 344 350 247.98
61 maps/bgmaps/AR0400SR.map 512 512 322 218 393 405 247.61
61 maps/bgmaps/AR0400SR.map 512 512 215 155 44 295 247.74
60 maps/bgmaps/AR0400SR.map 512 512 126 482 51 275 243.82
60 maps/bgmaps/AR0400SR.map 512 512 60 181 276 115 243.34
60 maps/bgmaps/AR0400SR.map 512 512 273 175 88 243 243.79
60 maps/bgmaps/AR0400SR.map 512 512 181 154 9 310 243.65
60 maps/bgmaps/AR0400SR.map 512 512 192 163 42 316 243.25
59 maps/bgmaps/AR0400SR.map 512 512 234 155 419 286 239.26
59 maps/bgmaps/AR0400SR.map 512 512 194 163 404 218 239.41
59 maps/bgmaps/AR0400SR.map 512 512 198 481 50 370 239.88
59 maps/bgmaps/AR0400SR.map 512 512 350 246 337 396 238.61
58 maps/bgmaps/AR0400SR.map 512 512 51 328 161 506 235.76
58 maps/bgmaps/AR0400SR.map 512 512 56 293 124 495 235.97
58 maps/bgmaps/AR0400SR.map 512 512 287 165 459 298 235.37
58 maps/bgmaps/AR0400SR.map 512 512 301 189 437 368 235.33
58 maps/bgmaps/AR0400SR.map 512 512 341 237 352 394 235.50
57 maps/bgmaps/AR0400SR.map 512 512 203 455 301 270 231.94
57 maps/bgmaps/AR0400SR.map 512 512 121 179 316 215 231.55
57 maps/bgmaps/AR0400SR.map 512 512 297 184 88 180 231.37
57 maps/bgmaps/AR0400SR.map 512 512 287 441 457 300 230.75
57 maps/bgmaps/AR0400SR.map 512 512 268 170 82 137 231.95
57 maps/bgmaps/AR0400SR.map 512 512 425 360 496 503 231.66
57 maps/bgmaps/AR0400SR.map 512 512 74 260 99 459 231.82
56 maps/bgmaps/AR0400SR.map 512 512 85 246 87 432 227.20
56 maps/bgmaps/AR0400SR.map 512 512 343 170 458 274 227.29
56 maps/bgmaps/AR0400SR.map 512 512 211 157 392 264 226.98
56 maps/bgmaps/AR0400SR.map 512 512 26 323 132 507 227.91
55 maps/bgmaps/AR0400SR.map 512 512 182 165 373 169 223.61
54 maps/bgmaps/AR0400SR.map 512 512 390 262 250 101 218.99
54 maps/bgmaps/AR0400SR.map 512 512 234 457 62 442 218.81
54 maps/bgmaps/AR0400SR.map 512 512 312 208 398 365 219.68
53 maps/bgmaps/AR0400SR.map 512 512 193 147 10 225 215.31
53 maps/bgmaps/AR0400SR.map 512 512 69 259 62 461 215.67
53 maps/bgmaps/AR0400SR.map 512 512 241 159 47 202 215.12
53 maps/bgmaps/AR0400SR.map 512 512 55 389 201 497 215.18
53 maps/bgmaps/AR0400SR.map 512 512 325 401 494 289 215.39
53 maps/bgmaps/AR0400SR.map 512 512 402 359 310 205 215.26
52 maps/bgmaps/AR0400SR.map 512 512 81 250 221 112 211.22
52 maps/bgmaps/AR0400SR.map 512 512 341 232 185 97 211.92
52 maps/bgmaps/AR0400SR.map 512 512 291 435 457 327 210.74
52 maps/bgmaps/AR0400SR.map 512 512 389 279 326 341 211.05
52 maps/bgmaps/AR0400SR.map 512 512 306 198 465 324 211.19
52 maps/bgmaps/AR0400SR.map 512 512 362 232 242 71 210.71
52 maps/bgmaps/AR0400SR.map 512 512 209 472 63 408 211.22
51 maps/bgmaps/AR0400SR.map 512 512 425 343 458 496 207.76
51 maps/bgmaps/AR0400SR.map 512 512 169 156 360 195 207.98
51 maps/bgmaps/AR0400SR.map 512 512 88 235 53 424 206.81
51 maps/bgmaps/AR0400SR.map 512 512 148 177 13 318 207.46
51 maps/bgmaps/AR0400SR.map 512 512 167 168 355 188 207.05
50 maps/bgmaps/AR0400SR.map 512 512 367 224 223 80 203.65
50 maps/bgmaps/AR0400SR.map 512 512 108 200 31 372 203.89
50 maps/bgmaps/AR0400SR.map 512 512 358 189 216 44 203.82
50 maps/bgmaps/AR0400SR.map 512 512 422 339 277 479 202.99
50 maps/bgmaps/AR0400SR.map 512 512 187 490 355 404 203.62
49 maps/bgmaps/AR0400SR.map 512 512 327 223 420 375 199.35
49 maps/bgmaps/AR0400SR.map 512 512 261 440 421 345 199.35
49 maps/bgmaps/AR0400SR.map 512 512 196 483 32 444 199.21
49 maps/bgmaps/AR0400SR.map 512 512 269 460 94 495 198.61
48 maps/bgmaps/AR0400SR.map 512 512 352 390 391 250 195.45
47 maps/bgmaps/AR0400SR.map 512 512 210 158 359 254 191.25
47 maps/bgmaps/AR0400SR.map 512 512 418 343 370 181 190.99
47 maps/bgmaps/AR0400SR.map 512 512 257 475 90 478 191.44
46 maps/bgmaps/AR0400SR.map 512 512 211 499 374 447 187.85
46 maps/bgmaps/AR0400SR.map 512 512 292 181 433 294 187.81
46 maps/bgmaps/AR0400SR.map 512 512 418 343 366 183 187.34
46 maps/bgmaps/AR0400SR.map 512 512 275 330 102 295 187.50
46 maps/bgmaps/AR0400SR.map 512 512 424 336 413 497 187.92
46 maps/bgmaps/AR0400SR.map 512 512 49 348 127 503 187.31
46 maps/bgmaps/AR0400SR.map 512 512 255 453 104 470 187.87
46 maps/bgmaps/AR0400SR.map 512 512 364 239 220 135 187.08
45 maps/bgmaps/AR0400SR.map 512 512 297 182 432 299 183.46
45 maps/bgmaps/AR0400SR.map 512 512 49 342 118 497 183.58
45 maps/bgmaps/AR0400SR.map 512 512 337 233 207 106 182.61
45 maps/bgmaps/AR0400SR.map 512 512 187 157 18 191 183.08
45 maps/bgmaps/AR0400SR.map 512 512 265 166 402 279 183.81
45 maps/bgmaps/AR0400SR.map 512 512 289 437 436 350 183.04
44 maps/bgmaps/AR0400SR.map 512 512 394 361 403 207 179.47
44 maps/bgmaps/AR0400SR.map 512 512 405 357 280 485 179.78
43 maps/bgmaps/AR0400SR.map 512 512 134 490 284 462 174.85
43 maps/bgmaps/AR0400SR.map 512 512 411 348 281 459 175.98
43 maps/bgmaps/AR0400SR.map 512 512 284 370 177 299 175.78
42 maps/bgmaps/AR0400SR.map 512 512 64 297 43 459 170.70
42 maps/bgmaps/AR0400SR.map 512 512 278 165 413 254 171.87
42 maps/bgmaps/AR0400SR.map 512 512 351 243 221 144 171.01
42 maps/bgmaps/AR0400SR.map 512 512 124 183 259 96 171.04
42 maps/bgmaps/AR0400SR.map 512 512 424 324 388 478 171.40
42 maps/bgmaps/AR0400SR.map 512 512 221 304 144 227 170.81
41 maps/bgmaps/AR0400SR.map 512 512 373 261 395 394 166.97
40 maps/bgmaps/AR0400SR.map 512 512 49 327 112 190 163.10
40 maps/bgmaps/AR0400SR.map 512 512 280 476 134 494 163.40
40 maps/bgmaps/AR0400SR.map 512 512 348 447 211 502 163.10
40 maps/bgmaps/AR0400SR.map 512 512 78 434 28 296 162.81
40 maps/bgmaps/AR0400SR.map 512 512 410 301 335 414 163.52
40 maps/bgmaps/AR0400SR.map 512 512 51 330 98 472 163.12
39 maps/bgmaps/AR0400SR.map 512 512 352 451 210 477 159.40
39 maps/bgmaps/AR0400SR.map 512 512 320 207 437 309 159.25
39 maps/bgmaps/AR0400SR.map 512 512 376 258 264 145 159.39
39 maps/bgmaps/AR0400SR.map 512 512 161 170 306 176 159.91
39 maps/bgmaps/AR0400SR.map 512 512 50 362 113 495 159.10
38 maps/bgmaps/AR0400SR.map 512 512 398 283 366 163 154.95
38 maps/bgmaps/AR0400SR.map 512 512 180 159 74 252 155.65
38 maps/bgmaps/AR0400SR.map 512 512 31 356 11 209 155.28
38 maps/bgmaps/AR0400SR.map 512 512 368 255 428 385 154.85
37 maps/bgmaps/AR0400SR.map 512 512 400 255 503 258 151.52
36 maps/bgmaps/AR0400SR.map 512 512 388 369 269 436 146.75
36 maps/bgmaps/AR0400SR.map 512 512 245 405 313 291 146.85
36 maps/bgmaps/AR0400SR.map 512 512 336 390 438 305 147.75
36 maps/bgmaps/AR0400SR.map 512 512 75 438 194 505 147.58
36 maps/bgmaps/AR0400SR.map 512 512 414 295 327 184 147.04
36 maps/bgmaps/AR0400SR.map 512 512 284 175 398 256 147.55
35 maps/bgmaps/AR0400SR.map 512 512 52 328 77 459 143.84
35 maps/bgmaps/AR0400SR.map 512 512 128 179 57 293 143.41
34 maps/bgmaps/AR0400SR.map 512 512 366 249 464 347 138.59
34 maps/bgmaps/AR0400SR.map 512 512 184 160 64 207 139.47
33 maps/bgmaps/AR0400SR.map 512 512 97 211 40 323 135.61
33 maps/bgmaps/AR0400SR.map 512 512 390 280 390 386 134.99
33 maps/bgmaps/AR0400SR.map 512 512 51 376 86 491 135.05
33 maps/bgmaps/AR0400SR.map 512 512 293 172 396 251 135.72
32 maps/bgmaps/AR0400SR.map 512 512 332 391 383 303 131.33
32 maps/bgmaps/AR0400SR.map 512 512 298 340 205 259 131.82
32 maps/bgmaps/AR0400SR.map 512 512 425 314 440 207 131.74
32 maps/bgmaps/AR0400SR.map 512 512 382 253 289 160 131.52
32 maps/bgmaps/AR0400SR.map 512 512 218 155 330 203 131.88
32 maps/bgmaps/AR0400SR.map 512 512 60 320 74 436 131.50
30 maps/bgmaps/AR0400SR.map 512 512 301 156 214 69 123.04
30 maps/bgmaps/AR0400SR.map 512 512 157 140 216 41 123.44
30 maps/bgmaps/AR0400SR.map 512 512 419 315 383 419 123.88
30 maps/bgmaps/AR0400SR.map 512 512 92 215 50 321 123.40
27 maps/bgmaps/AR0400SR.map 512 512 95 451 48 363 111.57
27 maps/bgmaps/AR0400SR.map 512 512 97 458 186 500 111.37
27 maps/bgmaps/AR0400SR.map 512 512 399 237 367 160 111.61
27 maps/bgmaps/AR0400SR.map 512 512 319 146 399 215 111.51
27 maps/bgmaps/AR0400SR.map 512 512 186 152 106 119 111.63
27 maps/bgmaps/AR0400SR.map 512 512 79 435 48 341 110.94
27 maps/bgmaps/AR0400SR.map 512 512 256 158 353 194 111.91
26 maps/bgmaps/AR0400SR.map 512 512 353 447 437 504 107.61
26 maps/bgmaps/AR0400SR.map 512 512 274 101 239 8 107.50
25 maps/bgmaps/AR0400SR.map 512 512 51 368 76 461 103.36
25 maps/bgmaps/AR0400SR.map 512 512 224 155 128 173 103.46
25 maps/bgmaps/AR0400SR.map 512 512 275 485 359 437 103.88
25 maps/bgmaps/AR0400SR.map 512 512 425 337 366 416 103.44
25 maps/bgmaps/AR0400SR.map 512 512 159 164 76 212 102.88
25 maps/bgmaps/AR0400SR.map 512 512 35 326 33 223 103.83
24 maps/bgmaps/AR0400SR.map 512 512 287 185 203 149 98.91
23 maps/bgmaps/AR0400SR.map 512 512 246 451 322 405 95.05
23 maps/bgmaps/AR0400SR.map 512 512 290 330 233 266 95.23
23 maps/bgmaps/AR0400SR.map 512 512 158 137 220 67 95.68
23 maps/bgmaps/AR0400SR.map 512 512 151 506 71 469 95.33
23 maps/bgmaps/AR0400SR.map 512 512 306 202 230 155 95.47
23 maps/bgmaps/AR0400SR.map 512 512 175 163 94 197 95.08
23 maps/bgmaps/AR0400SR.map 512 512 137 170 44 176 95.49
23 maps/bgmaps/AR0400SR.map 512 512 87 230 40 306 95.47
22 maps/bgmaps/AR0400SR.map 512 512 330 162 401 211 91.30
22 maps/bgmaps/AR0400SR.map 512 512 301 444 226 485 91.98
22 maps/bgmaps/AR0400SR.map 512 512 204 451 267 496 91.01
22 maps/bgmaps/AR0400SR.map 512 512 285 112 239 40 91.05
22 maps/bgmaps/AR0400SR.map 512 512 78 219 131 149 91.95
22 maps/bgmaps/AR0400SR.map 512 512 60 404 59 321 91.70
22 maps/bgmaps/AR0400SR.map 512 512 295 354 279 277 91.43
22 maps/bgmaps/AR0400SR.map 512 512 205 476 126 506 91.43
21 maps/bgmaps/AR0400SR.map 512 512 383 268 436 333 86.95
21 maps/bgmaps/AR0400SR.map 512 512 302 423 237 477 87.37
19 maps/bgmaps/AR0400SR.map 512 512 354 186 390 131 79.67
19 maps/bgmaps/AR0400SR.map 512 512 371 203 391 136 79.43
19 maps/bgmaps/AR0400SR.map 512 512 112 195 176 159 78.91
19 maps/bgmaps/AR0400SR.map 512 512 181 102 236 46 78.78
18 maps/bgmaps/AR0400SR.map 512 512 316 208 260 160 75.88
18 maps/bgmaps/AR0400SR.map 512 512 409 349 383 315 74.63
18 maps/bgmaps/AR0400SR.map 512 512 179 124 235 76 75.88
18 maps/bgmaps/AR0400SR.map 512 512 92 215 39 269 75.95
18 maps/bgmaps/AR0400SR.map 512 512 326 179 393 197 75.28
17 maps/bgmaps/AR0400SR.map 512 512 420 288 474 330 71.40
17 maps/bgmaps/AR0400SR.map 512 512 147 506 91 469 71.33
17 maps/bgmaps/AR0400SR.map 512 512 402 290 426 352 71.94
15 maps/bgmaps/AR0400SR.map 512 512 233 458 287 435 63.53
15 maps/bgmaps/AR0400SR.map 512 512 152 168 94 182 63.80
15 maps/bgmaps/AR0400SR.map 512 512 41 343 9 393 63.25
15 maps/bgmaps/AR0400SR.map 512 512 502 470 459 438 63.18
14 maps/bgmaps/AR0400SR.map 512 512 104 473 62 432 58.98
14 maps/bgmaps/AR0400SR.map 512 512 62 276 50 331 59.97
14 maps/bgmaps/AR0400SR.map 512 512 440 305 477 271 58.84
14 maps/bgmaps/AR0400SR.map 512 512 107 183 145 139 59.74
13 maps/bgmaps/AR0400SR.map 512 512 211 99 252 63 55.91
13 maps/bgmaps/AR0400SR.map 512 512 404 268 443 307 55.15
13 maps/bgmaps/AR0400SR.map 512 512 240 411 287 392 55.70
12 maps/bgmaps/AR0400SR.map 512 512 320 187 284 151 50.91
12 maps/bgmaps/AR0400SR.map 512 512 149 504 113 468 51.50
12 maps/bgmaps/AR0400SR.map 512 512 55 403 85 434 51.63
12 maps/bgmaps/AR0400SR.map 512 512 293 121 282 77 51.04
12 maps/bgmaps/AR0400SR.map 512 512 257 469 221 505 50.91
12 maps/bgmaps/AR0400SR.map 512 512 64 278 56 326 51.31
12 maps/bgmaps/AR0400SR.map 512 512 413 294 377 257 51.91
11 maps/bgmaps/AR0400SR.map 512 512 45 428 12 395 46.67
11 maps/bgmaps/AR0400SR.map 512 512 146 169 103 179 47.14
11 maps/bgmaps/AR0400SR.map 512 512 71 250 70 294 47.73
11 maps/bgmaps/AR0400SR.map 512 512 318 444 286 478 47.25
11 maps/bgmaps/AR0400SR.map 512 512 51 359 56 404 47.07
10 maps/bgmaps/AR0400SR.map 512 512 231 460 267 443 43.04
10 maps/bgmaps/AR0400SR.map 512 512 193 486 230 471 43.21
10 maps/bgmaps/AR0400SR.map 512 512 243 43 227 6 43.63
10 maps/bgmaps/AR0400SR.map 512 512 429 322 443 360 43.80
9 maps/bgmaps/AR0400SR.map 512 512 163 155 124 156 39.41
9 maps/bgmaps/AR0400SR.map 512 512 159 160 121 163 39.24
9 maps/bgmaps/AR0400SR.map 512 512 347 412 319 440 39.60
9 maps/bgmaps/AR0400SR.map 512 512 212 472 204 438 39.07
9 maps/bgmaps/AR0400SR.map 512 512 209 501 244 490 39.56
9 maps/bgmaps/AR0400SR.map 512 512 358 189 359 159 39.04
9 maps/bgmaps/AR0400SR.map 512 512 48 340 24 311 38.94
9 maps/bgmaps/AR0400SR.map 512 512 474 498 503 486 39.14
8 maps/bgmaps/AR0400SR.map 512 512 298 163 333 164 35.41
8 maps/bgmaps/AR0400SR.map 512 512 200 140 170 127 35.38
8 maps/bgmaps/AR0400SR.map 512 512 26 382 22 416 35.66
8 maps/bgmaps/AR0400SR.map 512 512 63 244 82 217 34.87
8 maps/bgmaps/AR0400SR.map 512 512 191 141 218 120 35.70
7 maps/bgmaps/AR0400SR.map 512 512 78 443 96 467 31.46
7 maps/bgmaps/AR0400SR.map 512 512 269 148 298 142 31.49
7 maps/bgmaps/AR0400SR.map 512 512 71 199 93 177 31.11
7 maps/bgmaps/AR0400SR.map 512 512 441 322 463 300 31.11
7 maps/bgmaps/AR0400SR.map 512 512 362 389 332 389 30.83
7 maps/bgmaps/AR0400SR.map 512 512 194 157 166 165 31.31
6 maps/bgmaps/AR0400SR.map 512 512 15 343 12 369 27.24
6 maps/bgmaps/AR0400SR.map 512 512 454 303 470 282 27.63
6 maps/bgmaps/AR0400SR.map 512 512 334 427 356 413 27.80
6 maps/bgmaps/AR0400SR.map 512 512 218 110 245 110 27.00
6 maps/bgmaps/AR0400SR.map 512 512 380 147 381 122 27.90
6 maps/bgmaps/AR0400SR.map 512 512 295 426 270 433 27.90
5 maps/bgmaps/AR0400SR.map 512 512 426 212 442 198 22.97
5 maps/bgmaps/AR0400SR.map 512 512 458 295 464 274 23.49
5 maps/bgmaps/AR0400SR.map 512 512 392 375 415 373 23.83
5 maps/bgmaps/AR0400SR.map 512 512 246 85 230 69 22.63
5 maps/bgmaps/AR0400SR.map 512 512 314 181 298 165 22.63
4 maps/bgmaps/AR0400SR.map 512 512 303 197 317 210 19.38
4 maps/bgmaps/AR0400SR.map 512 512 374 412 391 408 18.66
3 maps/bgmaps/AR0400SR.map 512 512 353 207 342 196 15.56
3 maps/bgmaps/AR0400SR.map 512 512 242 142 231 131 15.56
3 maps/bgmaps/AR0400SR.map 512 512 61 168 46 170 15.83
3 maps/bgmaps/AR0400SR.map 512 512 31 274 28 260 15.24
3 maps/bgmaps/AR0400SR.map 512 512 430 481 443 487 15.49
3 maps/bgmaps/AR0400SR.map 512 512 38 254 27 265 15.56
3 maps/bgmaps/AR0400SR.map 512 512 227 151 216 140 15.56
3 maps/bgmaps/AR0400SR.map 512 512 372 450 383 461 15.56
3 maps/bgmaps/AR0400SR.map 512 512 455 257 452 243 15.24
2 maps/bgmaps/AR0400SR.map 512 512 310 210 302 202 11.31
2 maps/bgmaps/AR0400SR.map 512 512 354 353 356 342 11.83
2 maps/bgmaps/AR0400SR.map 512 512 374 262 382 269 10.90
2 maps/bgmaps/AR0400SR.map 512 512 260 467 271 466 11.41
2 maps/bgmaps/AR0400SR.map 512 512 110 159 99 160 11.41
2 maps/bgmaps/AR0400SR.map 512 512 243 92 254 92 11.00
2 maps/bgmaps/AR0400SR.map 512 512 497 254 505 246 11.31
1 maps/bgmaps/AR0400SR.map 512 512 365 215 363 208 7.83
1 maps/bgmaps/AR0400SR.map 512 512 64 448 69 453 7.07
1 maps/bgmaps/AR0400SR.map 512 512 376 382 371 387 7.07
1 maps/bgmaps/AR0400SR.map 512 512 394 306 389 301 7.07
1 maps/bgmaps/AR0400SR.map 512 512 247 453 253 451 6.83
1 maps/bgmaps/AR0400SR.map 512 512 193 136 188 131 7.07
1 maps/bgmaps/AR0400SR.map 512 512 57 456 52 451 7.07
1 maps/bgmaps/AR0400SR.map 512 512 52 380 55 386 7.24
1 maps/bgmaps/AR0400SR.map 512 512 192 92 187 87 7.07
0 maps/bgmaps/AR0400SR.map 512 512 366 195 364 192 3.83
0 maps/bgmaps/AR0400SR.map 512 512 279 476 277 478 2.83
0 maps/bgmaps/AR0400SR.map 512 512 216 504 219 504 3.00
0 maps/bgmaps/AR0400SR.map 512 512 139 175 137 177 2.83
0 maps/bgmaps/AR0400SR.map 512 512 232 93 230 91 2.83
0 maps/bgmaps/AR0400SR.map 512 512 236 498 238 496 2.83
0 maps/bgmaps/AR0400SR.map 512 512 365 195 364 192 3.41
0 maps/bgmaps/AR0400SR.map 512 512 287 135 285 133 2.83
0 maps/bgmaps/AR0400SR.map 512 512 63 410 61 407 3.83
