version 1
127	maps/mazes/maze_007.map	512	512	440	241	460	363	510.61
127	maps/mazes/maze_007.map	512	512	461	124	478	196	511.125
127	maps/mazes/maze_007.map	512	512	316	407	444	392	511.61
3	maps/mazes/maze_007.map	512	512	501	172	496	181	12.8284
127	maps/mazes/maze_007.map	512	512	28	434	17	344	511.125
127	maps/mazes/maze_007.map	512	512	209	86	252	196	511.368
127	maps/mazes/maze_007.map	512	512	116	73	141	77	511.711
127	maps/mazes/maze_007.map	512	512	348	133	227	157	511.853
127	maps/mazes/maze_007.map	512	512	5	280	33	184	511.539
127	maps/mazes/maze_007.map	512	512	45	335	90	284	511.681
127	maps/mazes/maze_007.map	512	512	219	261	231	109	511.439
126	maps/mazes/maze_007.map	512	512	420	125	380	165	507.64
126	maps/mazes/maze_007.map	512	512	275	392	377	329	507.61
29	maps/mazes/maze_007.map	512	512	452	368	436	309	117.385
126	maps/mazes/maze_007.map	512	512	302	424	429	382	507.953
121	maps/mazes/maze_007.map	512	512	21	365	24	288	487.782
126	maps/mazes/maze_007.map	512	512	89	344	12	321	507.196
126	maps/mazes/maze_007.map	512	512	332	466	379	353	507.539
126	maps/mazes/maze_007.map	512	512	476	161	508	181	507.054
126	maps/mazes/maze_007.map	512	512	18	504	9	370	507.225
126	maps/mazes/maze_007.map	512	512	228	384	305	315	507.196
126	maps/mazes/maze_007.map	512	512	97	500	45	435	507.225
126	maps/mazes/maze_007.map	512	512	349	229	293	206	507.953
125	maps/mazes/maze_007.map	512	512	189	453	288	443	503.024
125	maps/mazes/maze_007.map	512	512	322	136	253	183	503.196
125	maps/mazes/maze_007.map	512	512	509	308	463	241	503.61
125	maps/mazes/maze_007.map	512	512	330	477	365	344	502.711
125	maps/mazes/maze_007.map	512	512	165	348	170	337	503.054
125	maps/mazes/maze_007.map	512	512	500	235	405	244	502.61
125	maps/mazes/maze_007.map	512	512	320	274	313	256	503.61
125	maps/mazes/maze_007.map	512	512	471	493	443	392	503.811
125	maps/mazes/maze_007.map	512	512	147	305	42	172	503.054
125	maps/mazes/maze_007.map	512	512	466	108	473	169	503.64
124	maps/mazes/maze_007.map	512	512	272	56	387	109	499.882
124	maps/mazes/maze_007.map	512	512	133	391	240	488	499.095
124	maps/mazes/maze_007.map	512	512	273	359	321	242	499.953
124	maps/mazes/maze_007.map	512	512	28	129	57	46	499.983
124	maps/mazes/maze_007.map	512	512	156	212	51	237	499.296
124	maps/mazes/maze_007.map	512	512	141	472	30	392	499.024
124	maps/mazes/maze_007.map	512	512	36	360	2	280	499.681
124	maps/mazes/maze_007.map	512	512	89	433	120	491	499.125
124	maps/mazes/maze_007.map	512	512	140	497	64	415	499.296
124	maps/mazes/maze_007.map	512	512	336	82	353	153	499.439
123	maps/mazes/maze_007.map	512	512	416	248	334	165	495.811
123	maps/mazes/maze_007.map	512	512	84	29	167	144	495.983
123	maps/mazes/maze_007.map	512	512	71	469	6	324	495.882
123	maps/mazes/maze_007.map	512	512	17	142	73	32	495.397
123	maps/mazes/maze_007.map	512	512	432	340	370	332	495.539
123	maps/mazes/maze_007.map	512	512	345	13	422	101	495.368
123	maps/mazes/maze_007.map	512	512	236	13	171	37	495.811
123	maps/mazes/maze_007.map	512	512	143	448	113	462	495.296
123	maps/mazes/maze_007.map	512	512	18	160	40	157	495.468
123	maps/mazes/maze_007.map	512	512	229	211	331	160	495.953
122	maps/mazes/maze_007.map	512	512	96	427	116	501	491.296
122	maps/mazes/maze_007.map	512	512	224	16	211	53	491.397
122	maps/mazes/maze_007.map	512	512	469	269	425	268	491.024
66	maps/mazes/maze_007.map	512	512	498	433	464	449	264.527
122	maps/mazes/maze_007.map	512	512	69	340	9	306	491.439
122	maps/mazes/maze_007.map	512	512	298	80	418	77	491.468
122	maps/mazes/maze_007.map	512	512	356	326	315	292	491.853
122	maps/mazes/maze_007.map	512	512	340	90	377	27	491.296
122	maps/mazes/maze_007.map	512	512	261	124	166	49	491.539
122	maps/mazes/maze_007.map	512	512	287	37	417	77	491.782
122	maps/mazes/maze_007.map	512	512	77	488	41	407	490.74
121	maps/mazes/maze_007.map	512	512	508	352	476	248	487.054
121	maps/mazes/maze_007.map	512	512	271	460	240	482	487.368
121	maps/mazes/maze_007.map	512	512	148	365	53	247	487.125
121	maps/mazes/maze_007.map	512	512	476	356	377	318	487.711
121	maps/mazes/maze_007.map	512	512	422	481	410	357	487.154
121	maps/mazes/maze_007.map	512	512	409	238	364	183	487.397
121	maps/mazes/maze_007.map	512	512	264	37	391	77	487.61
121	maps/mazes/maze_007.map	512	512	413	438	372	347	487.296
121	maps/mazes/maze_007.map	512	512	324	256	256	152	487.882
120	maps/mazes/maze_007.map	512	512	446	480	448	411	483.225
120	maps/mazes/maze_007.map	512	512	325	345	373	321	483.782
120	maps/mazes/maze_007.map	512	512	131	449	131	488	483.711
120	maps/mazes/maze_007.map	512	512	277	70	363	176	483.095
120	maps/mazes/maze_007.map	512	512	49	161	24	40	483.882
120	maps/mazes/maze_007.map	512	512	216	17	212	53	483.983
120	maps/mazes/maze_007.map	512	512	93	164	38	133	483.64
120	maps/mazes/maze_007.map	512	512	88	129	64	305	483.983
120	maps/mazes/maze_007.map	512	512	137	150	33	145	483.953
120	maps/mazes/maze_007.map	512	512	213	222	200	61	483.296
119	maps/mazes/maze_007.map	512	512	477	49	427	41	479.054
119	maps/mazes/maze_007.map	512	512	472	269	413	264	479.196
119	maps/mazes/maze_007.map	512	512	69	182	25	158	479.882
119	maps/mazes/maze_007.map	512	512	248	289	225	116	478.711
119	maps/mazes/maze_007.map	512	512	86	272	43	180	479.711
119	maps/mazes/maze_007.map	512	512	101	379	218	488	479.095
119	maps/mazes/maze_007.map	512	512	294	373	380	288	479.953
119	maps/mazes/maze_007.map	512	512	281	27	378	57	479.953
119	maps/mazes/maze_007.map	512	512	12	141	73	35	479.569
119	maps/mazes/maze_007.map	512	512	168	376	199	448	479.024
118	maps/mazes/maze_007.map	512	512	296	209	236	247	475.054
118	maps/mazes/maze_007.map	512	512	352	441	437	417	475.125
118	maps/mazes/maze_007.map	512	512	412	255	488	374	475.125
118	maps/mazes/maze_007.map	512	512	352	488	372	348	475.64
118	maps/mazes/maze_007.map	512	512	12	45	17	174	475.054
118	maps/mazes/maze_007.map	512	512	337	404	360	314	475.468
118	maps/mazes/maze_007.map	512	512	217	395	236	452	475.196
118	maps/mazes/maze_007.map	512	512	126	388	240	503	475.853
118	maps/mazes/maze_007.map	512	512	424	473	417	360	475.74
118	maps/mazes/maze_007.map	512	512	470	177	411	248	475.054
117	maps/mazes/maze_007.map	512	512	316	202	420	233	471.912
117	maps/mazes/maze_007.map	512	512	165	477	41	367	471.882
117	maps/mazes/maze_007.map	512	512	204	261	105	292	471.296
117	maps/mazes/maze_007.map	512	512	197	379	225	498	471.853
117	maps/mazes/maze_007.map	512	512	333	93	355	153	471.196
117	maps/mazes/maze_007.map	512	512	137	196	54	108	471.468
117	maps/mazes/maze_007.map	512	512	132	128	161	42	471.711
117	maps/mazes/maze_007.map	512	512	308	168	320	112	471.539
117	maps/mazes/maze_007.map	512	512	235	188	304	303	471.397
117	maps/mazes/maze_007.map	512	512	233	280	289	145	470.296
116	maps/mazes/maze_007.map	512	512	152	347	53	239	467.468
116	maps/mazes/maze_007.map	512	512	84	332	68	88	466.669
116	maps/mazes/maze_007.map	512	512	92	338	72	97	467.083
116	maps/mazes/maze_007.map	512	512	413	299	436	392	467.296
116	maps/mazes/maze_007.map	512	512	299	376	380	296	467.953
116	maps/mazes/maze_007.map	512	512	306	25	426	88	467.711
116	maps/mazes/maze_007.map	512	512	398	13	372	25	467.64
116	maps/mazes/maze_007.map	512	512	213	135	290	233	467.368
116	maps/mazes/maze_007.map	512	512	256	499	330	360	467.711
116	maps/mazes/maze_007.map	512	512	160	169	221	140	467.296
115	maps/mazes/maze_007.map	512	512	400	248	364	176	463.983
115	maps/mazes/maze_007.map	512	512	129	388	234	508	463.853
115	maps/mazes/maze_007.map	512	512	501	493	436	392	463.74
115	maps/mazes/maze_007.map	512	512	36	250	45	170	463.468
115	maps/mazes/maze_007.map	512	512	209	192	189	41	463.711
115	maps/mazes/maze_007.map	512	512	45	407	11	268	463.125
115	maps/mazes/maze_007.map	512	512	413	193	348	244	463.74
115	maps/mazes/maze_007.map	512	512	436	260	487	400	463.711
115	maps/mazes/maze_007.map	512	512	149	437	231	448	463.853
115	maps/mazes/maze_007.map	512	512	440	324	396	368	463.64
114	maps/mazes/maze_007.map	512	512	477	16	383	49	459.711
114	maps/mazes/maze_007.map	512	512	165	372	92	294	459.125
114	maps/mazes/maze_007.map	512	512	88	345	43	320	459.882
114	maps/mazes/maze_007.map	512	512	338	309	333	253	459.125
114	maps/mazes/maze_007.map	512	512	478	0	380	59	459.711
85	maps/mazes/maze_007.map	512	512	391	416	370	480	343.083
114	maps/mazes/maze_007.map	512	512	190	336	135	316	459.811
114	maps/mazes/maze_007.map	512	512	412	116	309	109	459.782
114	maps/mazes/maze_007.map	512	512	124	340	9	316	459.953
114	maps/mazes/maze_007.map	512	512	259	492	348	397	458.953
114	maps/mazes/maze_007.map	512	512	2	389	2	301	459.054
113	maps/mazes/maze_007.map	512	512	449	49	431	37	455.64
113	maps/mazes/maze_007.map	512	512	505	104	452	5	455.539
113	maps/mazes/maze_007.map	512	512	401	95	276	82	455.054
113	maps/mazes/maze_007.map	512	512	465	361	456	256	455.539
113	maps/mazes/maze_007.map	512	512	284	335	285	267	455.468
113	maps/mazes/maze_007.map	512	512	361	261	292	168	455.296
113	maps/mazes/maze_007.map	512	512	128	413	234	476	455.024
113	maps/mazes/maze_007.map	512	512	187	193	232	157	455.711
113	maps/mazes/maze_007.map	512	512	400	430	415	472	455.711
78	maps/mazes/maze_007.map	512	512	337	181	273	195	313.497
113	maps/mazes/maze_007.map	512	512	482	445	386	348	455.083
112	maps/mazes/maze_007.map	512	512	305	119	177	33	451.64
112	maps/mazes/maze_007.map	512	512	37	328	90	292	451.61
112	maps/mazes/maze_007.map	512	512	133	421	233	470	451.024
112	maps/mazes/maze_007.map	512	512	371	481	393	389	451.983
112	maps/mazes/maze_007.map	512	512	315	185	221	86	451.368
112	maps/mazes/maze_007.map	512	512	446	372	367	332	451.811
112	maps/mazes/maze_007.map	512	512	196	334	135	316	451.811
112	maps/mazes/maze_007.map	512	512	315	324	284	184	451.225
112	maps/mazes/maze_007.map	512	512	1	380	45	263	451.953
112	maps/mazes/maze_007.map	512	512	417	55	392	93	451.711
111	maps/mazes/maze_007.map	512	512	408	345	348	279	447.397
111	maps/mazes/maze_007.map	512	512	174	228	150	301	447.711
111	maps/mazes/maze_007.map	512	512	505	170	466	228	446.64
111	maps/mazes/maze_007.map	512	512	65	225	80	268	447.983
111	maps/mazes/maze_007.map	512	512	187	485	279	460	447.711
111	maps/mazes/maze_007.map	512	512	356	361	353	257	447.711
111	maps/mazes/maze_007.map	512	512	266	213	344	182	447.125
111	maps/mazes/maze_007.map	512	512	508	42	458	25	447.953
111	maps/mazes/maze_007.map	512	512	314	488	343	396	447.711
111	maps/mazes/maze_007.map	512	512	472	424	372	288	447.154
110	maps/mazes/maze_007.map	512	512	418	36	416	100	443.882
110	maps/mazes/maze_007.map	512	512	352	456	371	357	443.64
110	maps/mazes/maze_007.map	512	512	498	244	432	236	443.196
110	maps/mazes/maze_007.map	512	512	15	48	113	67	443.083
110	maps/mazes/maze_007.map	512	512	141	420	235	476	443.196
110	maps/mazes/maze_007.map	512	512	25	245	52	160	443.397
110	maps/mazes/maze_007.map	512	512	88	62	5	86	443.326
110	maps/mazes/maze_007.map	512	512	45	285	30	241	443.468
110	maps/mazes/maze_007.map	512	512	141	111	116	74	443.154
110	maps/mazes/maze_007.map	512	512	208	77	168	143	443.296
109	maps/mazes/maze_007.map	512	512	469	160	500	138	439.912
109	maps/mazes/maze_007.map	512	512	381	180	349	173	439.225
109	maps/mazes/maze_007.map	512	512	258	108	305	225	439.054
109	maps/mazes/maze_007.map	512	512	28	501	22	384	439.326
109	maps/mazes/maze_007.map	512	512	40	240	36	168	439.154
109	maps/mazes/maze_007.map	512	512	387	249	337	179	439.154
109	maps/mazes/maze_007.map	512	512	21	190	103	288	439.397
109	maps/mazes/maze_007.map	512	512	165	138	92	45	439.74
109	maps/mazes/maze_007.map	512	512	229	466	237	478	439.882
109	maps/mazes/maze_007.map	512	512	284	39	391	77	439.953
108	maps/mazes/maze_007.map	512	512	225	292	258	113	435.296
108	maps/mazes/maze_007.map	512	512	136	120	73	29	435.497
108	maps/mazes/maze_007.map	512	512	380	248	338	184	435.983
108	maps/mazes/maze_007.map	512	512	384	79	304	69	435.983
108	maps/mazes/maze_007.map	512	512	404	405	379	488	435.882
108	maps/mazes/maze_007.map	512	512	461	447	349	330	435.326
108	maps/mazes/maze_007.map	512	512	105	88	141	106	435.983
108	maps/mazes/maze_007.map	512	512	442	432	359	305	435.74
108	maps/mazes/maze_007.map	512	512	469	341	492	247	435.468
108	maps/mazes/maze_007.map	512	512	116	284	89	306	435.368
107	maps/mazes/maze_007.map	512	512	357	326	306	272	431.125
107	maps/mazes/maze_007.map	512	512	120	349	186	461	431.196
107	maps/mazes/maze_007.map	512	512	56	220	45	149	431.74
107	maps/mazes/maze_007.map	512	512	304	444	384	362	431.054
107	maps/mazes/maze_007.map	512	512	188	165	198	109	431.296
107	maps/mazes/maze_007.map	512	512	196	40	281	51	431.054
107	maps/mazes/maze_007.map	512	512	489	258	420	279	431.054
107	maps/mazes/maze_007.map	512	512	41	304	72	106	431.083
107	maps/mazes/maze_007.map	512	512	92	56	165	140	431.569
107	maps/mazes/maze_007.map	512	512	378	357	333	273	431.468
106	maps/mazes/maze_007.map	512	512	105	31	205	59	427.882
106	maps/mazes/maze_007.map	512	512	153	8	225	62	427.397
106	maps/mazes/maze_007.map	512	512	301	412	380	335	427.054
106	maps/mazes/maze_007.map	512	512	241	317	221	170	427.811
106	maps/mazes/maze_007.map	512	512	184	353	136	316	427.326
106	maps/mazes/maze_007.map	512	512	125	316	69	276	427.882
106	maps/mazes/maze_007.map	512	512	453	113	493	212	427.225
106	maps/mazes/maze_007.map	512	512	50	177	33	158	427.74
106	maps/mazes/maze_007.map	512	512	354	132	305	179	427.054
106	maps/mazes/maze_007.map	512	512	109	0	89	52	427.497
105	maps/mazes/maze_007.map	512	512	148	84	120	117	423.811
105	maps/mazes/maze_007.map	512	512	365	246	364	146	423.125
105	maps/mazes/maze_007.map	512	512	395	201	364	249	423.426
105	maps/mazes/maze_007.map	512	512	132	341	36	202	423.669
105	maps/mazes/maze_007.map	512	512	376	424	425	437	423.054
105	maps/mazes/maze_007.map	512	512	277	210	343	204	423.882
105	maps/mazes/maze_007.map	512	512	177	484	257	466	423.054
105	maps/mazes/maze_007.map	512	512	101	65	10	69	423.912
105	maps/mazes/maze_007.map	512	512	435	149	484	15	422.64
105	maps/mazes/maze_007.map	512	512	417	117	400	183	423.225
104	maps/mazes/maze_007.map	512	512	63	476	29	403	419.083
104	maps/mazes/maze_007.map	512	512	11	164	49	127	419.326
104	maps/mazes/maze_007.map	512	512	496	77	487	16	419.882
104	maps/mazes/maze_007.map	512	512	56	415	42	321	419.154
104	maps/mazes/maze_007.map	512	512	4	453	25	341	419.811
104	maps/mazes/maze_007.map	512	512	360	0	413	85	419.64
104	maps/mazes/maze_007.map	512	512	464	456	357	332	419.912
104	maps/mazes/maze_007.map	512	512	501	370	474	252	418.64
104	maps/mazes/maze_007.map	512	512	387	288	492	375	419.154
104	maps/mazes/maze_007.map	512	512	202	408	224	498	419.296
103	maps/mazes/maze_007.map	512	512	1	391	21	323	415.397
103	maps/mazes/maze_007.map	512	512	129	148	18	176	415.225
103	maps/mazes/maze_007.map	512	512	366	328	338	292	415.64
103	maps/mazes/maze_007.map	512	512	40	238	34	157	415.912
103	maps/mazes/maze_007.map	512	512	480	87	441	59	415.468
103	maps/mazes/maze_007.map	512	512	280	473	261	357	414.154
103	maps/mazes/maze_007.map	512	512	320	281	320	242	415.225
103	maps/mazes/maze_007.map	512	512	232	132	365	186	415.711
103	maps/mazes/maze_007.map	512	512	493	468	393	357	415.083
103	maps/mazes/maze_007.map	512	512	33	62	101	52	415.841
102	maps/mazes/maze_007.map	512	512	428	452	429	378	411.912
102	maps/mazes/maze_007.map	512	512	343	437	405	414	411.711
102	maps/mazes/maze_007.map	512	512	449	312	448	261	411.296
102	maps/mazes/maze_007.map	512	512	122	36	239	109	411.983
102	maps/mazes/maze_007.map	512	512	373	500	332	341	411.74
102	maps/mazes/maze_007.map	512	512	252	293	237	196	411.397
102	maps/mazes/maze_007.map	512	512	257	41	355	65	411.054
102	maps/mazes/maze_007.map	512	512	205	233	221	92	411.225
102	maps/mazes/maze_007.map	512	512	269	145	289	239	411.983
102	maps/mazes/maze_007.map	512	512	226	340	282	361	411.811
101	maps/mazes/maze_007.map	512	512	180	320	78	276	407.64
101	maps/mazes/maze_007.map	512	512	353	287	324	263	407.225
101	maps/mazes/maze_007.map	512	512	428	429	369	322	407.74
101	maps/mazes/maze_007.map	512	512	117	453	53	378	407.326
101	maps/mazes/maze_007.map	512	512	263	457	222	488	407.054
101	maps/mazes/maze_007.map	512	512	289	288	251	196	407.74
101	maps/mazes/maze_007.map	512	512	199	69	171	133	407.054
101	maps/mazes/maze_007.map	512	512	325	287	329	252	407.225
101	maps/mazes/maze_007.map	512	512	112	2	5	76	407.669
101	maps/mazes/maze_007.map	512	512	37	475	2	376	407.983
100	maps/mazes/maze_007.map	512	512	321	257	241	177	403.74
100	maps/mazes/maze_007.map	512	512	224	373	300	317	403.64
100	maps/mazes/maze_007.map	512	512	126	189	72	100	403.912
100	maps/mazes/maze_007.map	512	512	473	160	504	165	403.154
100	maps/mazes/maze_007.map	512	512	73	58	104	133	403.497
100	maps/mazes/maze_007.map	512	512	26	60	107	52	403.77
100	maps/mazes/maze_007.map	512	512	390	293	488	371	403.74
100	maps/mazes/maze_007.map	512	512	45	472	19	345	403.912
100	maps/mazes/maze_007.map	512	512	175	257	140	308	403.397
100	maps/mazes/maze_007.map	512	512	484	90	441	8	403.468
99	maps/mazes/maze_007.map	512	512	148	420	81	431	399.983
99	maps/mazes/maze_007.map	512	512	497	92	459	1	399.468
99	maps/mazes/maze_007.map	512	512	424	84	305	75	399.74
8	maps/mazes/maze_007.map	512	512	44	363	55	381	34.8995
99	maps/mazes/maze_007.map	512	512	373	193	318	112	399.64
99	maps/mazes/maze_007.map	512	512	190	81	165	124	399.054
99	maps/mazes/maze_007.map	512	512	337	73	373	109	399.983
99	maps/mazes/maze_007.map	512	512	180	242	172	320	399.397
99	maps/mazes/maze_007.map	512	512	288	41	378	69	399.882
99	maps/mazes/maze_007.map	512	512	307	89	359	173	399.296
99	maps/mazes/maze_007.map	512	512	69	396	165	456	399.64
98	maps/mazes/maze_007.map	512	512	361	481	329	346	395.083
98	maps/mazes/maze_007.map	512	512	413	499	416	424	395.841
98	maps/mazes/maze_007.map	512	512	168	393	165	415	395.225
98	maps/mazes/maze_007.map	512	512	232	345	272	342	395.225
98	maps/mazes/maze_007.map	512	512	73	451	53	372	395.811
98	maps/mazes/maze_007.map	512	512	340	354	364	288	395.397
98	maps/mazes/maze_007.map	512	512	392	233	373	279	395.426
98	maps/mazes/maze_007.map	512	512	93	415	127	504	395.569
98	maps/mazes/maze_007.map	512	512	411	17	393	36	395.326
98	maps/mazes/maze_007.map	512	512	505	413	357	324	395.326
97	maps/mazes/maze_007.map	512	512	342	40	419	45	391.054
97	maps/mazes/maze_007.map	512	512	391	45	395	84	391.468
97	maps/mazes/maze_007.map	512	512	104	243	65	276	391.054
97	maps/mazes/maze_007.map	512	512	321	177	230	116	391.64
97	maps/mazes/maze_007.map	512	512	453	191	421	249	391.983
97	maps/mazes/maze_007.map	512	512	135	485	41	380	391.569
97	maps/mazes/maze_007.map	512	512	144	242	108	297	391.811
97	maps/mazes/maze_007.map	512	512	509	93	485	9	391.054
97	maps/mazes/maze_007.map	512	512	389	208	346	232	391.426
97	maps/mazes/maze_007.map	512	512	125	100	120	120	391.569
96	maps/mazes/maze_007.map	512	512	400	184	299	105	387.598
96	maps/mazes/maze_007.map	512	512	193	182	264	117	387.983
83	maps/mazes/maze_007.map	512	512	165	385	181	420	332.154
96	maps/mazes/maze_007.map	512	512	301	507	368	462	387.983
96	maps/mazes/maze_007.map	512	512	369	185	341	159	387.74
96	maps/mazes/maze_007.map	512	512	501	505	448	409	387.669
96	maps/mazes/maze_007.map	512	512	124	389	224	479	387.882
96	maps/mazes/maze_007.map	512	512	59	1	89	29	387.255
96	maps/mazes/maze_007.map	512	512	93	132	25	167	387.811
96	maps/mazes/maze_007.map	512	512	317	456	336	363	387.983
96	maps/mazes/maze_007.map	512	512	41	244	55	152	387.255
95	maps/mazes/maze_007.map	512	512	153	488	105	475	383.326
95	maps/mazes/maze_007.map	512	512	205	393	221	471	383.054
51	maps/mazes/maze_007.map	512	512	164	101	225	71	205.527
95	maps/mazes/maze_007.map	512	512	213	1	154	61	383.083
43	maps/mazes/maze_007.map	512	512	505	240	457	201	172.941
95	maps/mazes/maze_007.map	512	512	296	147	223	113	383.225
95	maps/mazes/maze_007.map	512	512	243	96	278	192	383.811
95	maps/mazes/maze_007.map	512	512	465	0	371	32	383.154
95	maps/mazes/maze_007.map	512	512	485	427	438	384	383.841
95	maps/mazes/maze_007.map	512	512	302	504	368	464	383.397
95	maps/mazes/maze_007.map	512	512	320	416	384	359	383.225
95	maps/mazes/maze_007.map	512	512	274	465	249	359	383.326
94	maps/mazes/maze_007.map	512	512	64	505	67	465	379.77
94	maps/mazes/maze_007.map	512	512	285	87	346	144	379.054
94	maps/mazes/maze_007.map	512	512	128	412	215	496	379.711
94	maps/mazes/maze_007.map	512	512	49	370	42	321	379.054
94	maps/mazes/maze_007.map	512	512	208	308	227	221	379.154
94	maps/mazes/maze_007.map	512	512	40	461	13	378	378.912
94	maps/mazes/maze_007.map	512	512	164	345	69	290	379.882
94	maps/mazes/maze_007.map	512	512	333	101	308	109	379.468
94	maps/mazes/maze_007.map	512	512	52	140	5	79	379.154
94	maps/mazes/maze_007.map	512	512	89	501	49	472	379.426
93	maps/mazes/maze_007.map	512	512	35	273	42	244	375.397
93	maps/mazes/maze_007.map	512	512	5	330	74	301	375.882
63	maps/mazes/maze_007.map	512	512	72	180	149	189	253.941
93	maps/mazes/maze_007.map	512	512	190	101	133	107	375.811
93	maps/mazes/maze_007.map	512	512	74	196	36	162	375.255
93	maps/mazes/maze_007.map	512	512	355	504	424	410	375.083
93	maps/mazes/maze_007.map	512	512	184	144	247	189	375.397
93	maps/mazes/maze_007.map	512	512	199	129	254	180	375.983
93	maps/mazes/maze_007.map	512	512	211	413	235	508	375.225
93	maps/mazes/maze_007.map	512	512	113	434	113	463	375.811
93	maps/mazes/maze_007.map	512	512	276	243	243	101	375.569
92	maps/mazes/maze_007.map	512	512	441	109	450	5	371.225
92	maps/mazes/maze_007.map	512	512	77	337	61	156	371.426
92	maps/mazes/maze_007.map	512	512	438	153	464	29	371.154
92	maps/mazes/maze_007.map	512	512	460	464	371	357	371.497
92	maps/mazes/maze_007.map	512	512	140	204	68	95	371.912
92	maps/mazes/maze_007.map	512	512	366	136	373	195	371.983
92	maps/mazes/maze_007.map	512	512	155	417	240	506	371.882
92	maps/mazes/maze_007.map	512	512	333	348	380	312	371.225
92	maps/mazes/maze_007.map	512	512	297	403	388	353	370.983
92	maps/mazes/maze_007.map	512	512	184	65	139	116	371.983
91	maps/mazes/maze_007.map	512	512	209	224	282	192	367.912
91	maps/mazes/maze_007.map	512	512	196	478	260	464	367.983
91	maps/mazes/maze_007.map	512	512	401	256	452	364	367.225
91	maps/mazes/maze_007.map	512	512	389	344	349	265	367.083
91	maps/mazes/maze_007.map	512	512	28	81	92	31	367.598
91	maps/mazes/maze_007.map	512	512	334	53	396	72	367.326
91	maps/mazes/maze_007.map	512	512	108	156	49	137	367.255
91	maps/mazes/maze_007.map	512	512	144	407	118	309	367.74
91	maps/mazes/maze_007.map	512	512	168	359	155	352	367.841
73	maps/mazes/maze_007.map	512	512	456	456	477	360	294.012
91	maps/mazes/maze_007.map	512	512	456	76	446	60	367.397
90	maps/mazes/maze_007.map	512	512	428	76	417	49	363.64
90	maps/mazes/maze_007.map	512	512	357	400	404	373	363.64
90	maps/mazes/maze_007.map	512	512	332	504	368	462	363.154
90	maps/mazes/maze_007.map	512	512	349	460	336	361	363.154
90	maps/mazes/maze_007.map	512	512	413	178	356	145	363.012
90	maps/mazes/maze_007.map	512	512	273	270	236	132	363.225
90	maps/mazes/maze_007.map	512	512	81	17	5	87	363.598
90	maps/mazes/maze_007.map	512	512	4	17	125	50	363.598
90	maps/mazes/maze_007.map	512	512	225	197	314	240	363.497
90	maps/mazes/maze_007.map	512	512	477	440	360	306	363.426
84	maps/mazes/maze_007.map	512	512	389	292	406	252	339.326
89	maps/mazes/maze_007.map	512	512	346	133	300	169	359.983
89	maps/mazes/maze_007.map	512	512	283	397	379	344	359.811
89	maps/mazes/maze_007.map	512	512	225	38	298	61	359.74
89	maps/mazes/maze_007.map	512	512	68	36	5	69	359.012
89	maps/mazes/maze_007.map	512	512	93	427	113	457	359.154
89	maps/mazes/maze_007.map	512	512	486	100	452	32	359.983
89	maps/mazes/maze_007.map	512	512	408	28	426	88	359.983
89	maps/mazes/maze_007.map	512	512	141	98	112	121	358.912
89	maps/mazes/maze_007.map	512	512	60	154	27	157	359.497
89	maps/mazes/maze_007.map	512	512	388	152	360	174	359.983
88	maps/mazes/maze_007.map	512	512	407	425	380	476	355.74
88	maps/mazes/maze_007.map	512	512	140	444	79	428	355.083
88	maps/mazes/maze_007.map	512	512	321	22	428	77	355.74
88	maps/mazes/maze_007.map	512	512	305	32	384	17	355.497
88	maps/mazes/maze_007.map	512	512	258	384	361	342	355.912
88	maps/mazes/maze_007.map	512	512	501	39	488	53	355.811
88	maps/mazes/maze_007.map	512	512	113	4	73	33	355.426
88	maps/mazes/maze_007.map	512	512	69	502	45	461	355.527
88	maps/mazes/maze_007.map	512	512	509	270	451	212	355.296
88	maps/mazes/maze_007.map	512	512	46	161	19	65	355.326
87	maps/mazes/maze_007.map	512	512	249	141	164	37	351.326
87	maps/mazes/maze_007.map	512	512	441	504	427	424	351.841
87	maps/mazes/maze_007.map	512	512	92	358	14	364	351.983
87	maps/mazes/maze_007.map	512	512	469	149	464	126	351.598
87	maps/mazes/maze_007.map	512	512	138	372	177	464	351.468
87	maps/mazes/maze_007.map	512	512	173	429	240	503	351.225
87	maps/mazes/maze_007.map	512	512	150	476	130	504	351.255
87	maps/mazes/maze_007.map	512	512	304	220	240	157	351.083
87	maps/mazes/maze_007.map	512	512	357	493	421	405	351.255
87	maps/mazes/maze_007.map	512	512	156	453	255	460	351.983
86	maps/mazes/maze_007.map	512	512	403	68	373	55	347.811
86	maps/mazes/maze_007.map	512	512	55	376	52	317	347.397
86	maps/mazes/maze_007.map	512	512	68	421	120	492	347.326
86	maps/mazes/maze_007.map	512	512	349	117	321	169	347.154
86	maps/mazes/maze_007.map	512	512	1	396	45	327	347.083
86	maps/mazes/maze_007.map	512	512	133	369	185	461	347.054
86	maps/mazes/maze_007.map	512	512	324	32	432	44	347.154
86	maps/mazes/maze_007.map	512	512	64	198	39	157	347.598
86	maps/mazes/maze_007.map	512	512	389	456	420	471	347.74
86	maps/mazes/maze_007.map	512	512	129	395	213	465	347.64
85	maps/mazes/maze_007.map	512	512	232	143	260	259	343.983
85	maps/mazes/maze_007.map	512	512	334	93	325	129	343.811
85	maps/mazes/maze_007.map	512	512	117	165	56	141	343.426
85	maps/mazes/maze_007.map	512	512	482	96	468	34	343.397
85	maps/mazes/maze_007.map	512	512	309	57	365	26	343.326
85	maps/mazes/maze_007.map	512	512	386	4	436	38	343.74
85	maps/mazes/maze_007.map	512	512	461	21	415	40	343.669
85	maps/mazes/maze_007.map	512	512	377	201	270	173	343.569
85	maps/mazes/maze_007.map	512	512	203	237	245	173	343.74
84	maps/mazes/maze_007.map	512	512	409	114	281	93	339.569
84	maps/mazes/maze_007.map	512	512	492	89	471	13	339.569
84	maps/mazes/maze_007.map	512	512	166	149	184	145	339.74
84	maps/mazes/maze_007.map	512	512	158	337	79	276	339.74
84	maps/mazes/maze_007.map	512	512	454	4	377	32	339.083
84	maps/mazes/maze_007.map	512	512	217	188	266	129	339.497
84	maps/mazes/maze_007.map	512	512	294	89	339	140	339.64
84	maps/mazes/maze_007.map	512	512	144	204	72	94	339.497
84	maps/mazes/maze_007.map	512	512	169	441	220	488	339.64
83	maps/mazes/maze_007.map	512	512	509	500	474	424	335.184
54	maps/mazes/maze_007.map	512	512	96	8	13	28	217.042
13	maps/mazes/maze_007.map	512	512	145	68	163	48	53.3137
83	maps/mazes/maze_007.map	512	512	408	176	345	139	335.355
83	maps/mazes/maze_007.map	512	512	8	396	40	340	335.497
83	maps/mazes/maze_007.map	512	512	2	25	114	48	335.527
83	maps/mazes/maze_007.map	512	512	324	189	341	138	335.74
83	maps/mazes/maze_007.map	512	512	130	245	112	308	335.083
83	maps/mazes/maze_007.map	512	512	253	115	188	48	335.255
83	maps/mazes/maze_007.map	512	512	4	406	33	342	335.912
83	maps/mazes/maze_007.map	512	512	351	233	304	175	335.083
82	maps/mazes/maze_007.map	512	512	284	225	308	257	331.497
82	maps/mazes/maze_007.map	512	512	421	301	464	411	331.326
82	maps/mazes/maze_007.map	512	512	409	244	339	248	331.355
82	maps/mazes/maze_007.map	512	512	464	501	415	421	331.184
82	maps/mazes/maze_007.map	512	512	204	366	165	331	331.841
82	maps/mazes/maze_007.map	512	512	52	204	45	124	331.184
82	maps/mazes/maze_007.map	512	512	173	29	218	53	331.184
82	maps/mazes/maze_007.map	512	512	245	389	342	356	331.255
82	maps/mazes/maze_007.map	512	512	472	364	436	392	331.841
82	maps/mazes/maze_007.map	512	512	180	76	221	84	331.184
81	maps/mazes/maze_007.map	512	512	186	397	208	452	326.74
81	maps/mazes/maze_007.map	512	512	453	20	479	9	327.326
81	maps/mazes/maze_007.map	512	512	232	37	256	55	327.497
81	maps/mazes/maze_007.map	512	512	16	17	24	141	326.77
81	maps/mazes/maze_007.map	512	512	109	80	41	46	327.012
81	maps/mazes/maze_007.map	512	512	465	345	488	306	327.841
81	maps/mazes/maze_007.map	512	512	332	164	266	129	327.811
81	maps/mazes/maze_007.map	512	512	345	112	326	168	327.912
81	maps/mazes/maze_007.map	512	512	372	133	379	192	327.255
81	maps/mazes/maze_007.map	512	512	458	73	440	35	327.74
80	maps/mazes/maze_007.map	512	512	117	85	169	140	323.77
80	maps/mazes/maze_007.map	512	512	388	365	342	272	323.083
80	maps/mazes/maze_007.map	512	512	443	40	373	51	323.912
80	maps/mazes/maze_007.map	512	512	178	324	89	316	323.912
80	maps/mazes/maze_007.map	512	512	288	8	345	18	323.912
80	maps/mazes/maze_007.map	512	512	261	286	257	254	323.154
80	maps/mazes/maze_007.map	512	512	102	157	44	117	323.941
80	maps/mazes/maze_007.map	512	512	168	28	214	53	323.77
80	maps/mazes/maze_007.map	512	512	136	446	88	410	323.012
80	maps/mazes/maze_007.map	512	512	396	129	379	176	323.598
79	maps/mazes/maze_007.map	512	512	152	299	64	266	319.669
79	maps/mazes/maze_007.map	512	512	201	323	103	324	319.083
79	maps/mazes/maze_007.map	512	512	278	104	364	176	319.154
79	maps/mazes/maze_007.map	512	512	43	364	51	317	319.326
79	maps/mazes/maze_007.map	512	512	208	29	258	76	319.912
79	maps/mazes/maze_007.map	512	512	385	229	347	233	319.113
79	maps/mazes/maze_007.map	512	512	369	207	228	175	319.326
79	maps/mazes/maze_007.map	512	512	465	232	410	248	319.184
79	maps/mazes/maze_007.map	512	512	280	331	320	327	319.841
79	maps/mazes/maze_007.map	512	512	470	144	474	113	319.184
78	maps/mazes/maze_007.map	512	512	250	448	211	436	315.083
78	maps/mazes/maze_007.map	512	512	324	236	268	168	315.497
78	maps/mazes/maze_007.map	512	512	381	229	352	235	315.527
78	maps/mazes/maze_007.map	512	512	449	291	496	396	315.841
78	maps/mazes/maze_007.map	512	512	277	312	241	245	315.326
78	maps/mazes/maze_007.map	512	512	486	181	492	112	314.598
78	maps/mazes/maze_007.map	512	512	53	389	22	341	315.569
78	maps/mazes/maze_007.map	512	512	324	53	373	17	315.669
78	maps/mazes/maze_007.map	512	512	269	432	197	452	315.497
77	maps/mazes/maze_007.map	512	512	412	222	383	277	311.355
77	maps/mazes/maze_007.map	512	512	485	346	490	249	311.497
77	maps/mazes/maze_007.map	512	512	146	68	223	93	311.841
62	maps/mazes/maze_007.map	512	512	353	28	377	43	248.012
77	maps/mazes/maze_007.map	512	512	120	293	49	233	311.669
77	maps/mazes/maze_007.map	512	512	476	348	487	245	311.497
77	maps/mazes/maze_007.map	512	512	431	189	382	277	311.184
77	maps/mazes/maze_007.map	512	512	472	360	415	285	311.841
77	maps/mazes/maze_007.map	512	512	201	381	216	435	311.326
77	maps/mazes/maze_007.map	512	512	449	181	432	235	311.326
77	maps/mazes/maze_007.map	512	512	9	247	72	99	311.77
76	maps/mazes/maze_007.map	512	512	230	73	182	41	307.012
76	maps/mazes/maze_007.map	512	512	11	85	42	60	307.355
76	maps/mazes/maze_007.map	512	512	377	425	408	475	307.669
76	maps/mazes/maze_007.map	512	512	477	447	440	402	307.113
76	maps/mazes/maze_007.map	512	512	134	48	222	73	307.426
76	maps/mazes/maze_007.map	512	512	361	299	308	292	307.74
76	maps/mazes/maze_007.map	512	512	421	101	292	69	307.426
76	maps/mazes/maze_007.map	512	512	217	440	241	458	307.497
76	maps/mazes/maze_007.map	512	512	60	159	40	167	307.012
76	maps/mazes/maze_007.map	512	512	249	493	308	444	307.497
75	maps/mazes/maze_007.map	512	512	416	150	478	37	303.083
75	maps/mazes/maze_007.map	512	512	251	284	217	154	303.841
75	maps/mazes/maze_007.map	512	512	352	89	321	112	303.154
75	maps/mazes/maze_007.map	512	512	323	81	324	122	303.154
75	maps/mazes/maze_007.map	512	512	253	317	217	226	303.669
75	maps/mazes/maze_007.map	512	512	342	257	313	286	303.012
75	maps/mazes/maze_007.map	512	512	151	249	91	277	303.255
24	maps/mazes/maze_007.map	512	512	146	345	167	344	96.7279
75	maps/mazes/maze_007.map	512	512	57	485	42	401	303.527
75	maps/mazes/maze_007.map	512	512	65	1	54	57	303.184
75	maps/mazes/maze_007.map	512	512	377	441	420	470	303.497
74	maps/mazes/maze_007.map	512	512	489	418	463	420	299.355
74	maps/mazes/maze_007.map	512	512	494	157	499	120	299.012
74	maps/mazes/maze_007.map	512	512	468	165	468	118	298.598
74	maps/mazes/maze_007.map	512	512	68	60	113	101	299.941
74	maps/mazes/maze_007.map	512	512	353	316	303	304	299.497
74	maps/mazes/maze_007.map	512	512	257	323	217	240	299.083
74	maps/mazes/maze_007.map	512	512	140	213	72	122	299.669
74	maps/mazes/maze_007.map	512	512	123	245	97	295	299.841
74	maps/mazes/maze_007.map	512	512	383	176	350	153	299.355
74	maps/mazes/maze_007.map	512	512	36	116	24	142	299.497
73	maps/mazes/maze_007.map	512	512	271	445	199	452	295.426
73	maps/mazes/maze_007.map	512	512	357	268	373	376	295.012
73	maps/mazes/maze_007.map	512	512	3	20	90	52	295.527
73	maps/mazes/maze_007.map	512	512	269	51	321	66	295.669
73	maps/mazes/maze_007.map	512	512	300	265	276	179	295.598
73	maps/mazes/maze_007.map	512	512	72	324	42	177	295.284
73	maps/mazes/maze_007.map	512	512	464	16	434	41	295.184
73	maps/mazes/maze_007.map	512	512	9	11	96	48	295.941
54	maps/mazes/maze_007.map	512	512	252	290	226	184	217.941
73	maps/mazes/maze_007.map	512	512	439	333	452	412	295.255
72	maps/mazes/maze_007.map	512	512	307	284	333	260	291.598
72	maps/mazes/maze_007.map	512	512	489	186	447	177	291.77
72	maps/mazes/maze_007.map	512	512	300	49	384	21	291.255
72	maps/mazes/maze_007.map	512	512	283	284	225	149	291.426
72	maps/mazes/maze_007.map	512	512	240	486	256	419	291.184
72	maps/mazes/maze_007.map	512	512	217	152	294	209	291.598
72	maps/mazes/maze_007.map	512	512	104	256	103	309	291.74
72	maps/mazes/maze_007.map	512	512	224	190	281	192	291.426
72	maps/mazes/maze_007.map	512	512	192	153	237	157	291.083
72	maps/mazes/maze_007.map	512	512	269	298	256	263	291.255
71	maps/mazes/maze_007.map	512	512	456	225	413	249	287.77
71	maps/mazes/maze_007.map	512	512	361	83	352	109	287.184
71	maps/mazes/maze_007.map	512	512	48	84	121	59	287.941
71	maps/mazes/maze_007.map	512	512	123	429	200	461	287.912
71	maps/mazes/maze_007.map	512	512	244	168	242	109	287.083
71	maps/mazes/maze_007.map	512	512	457	472	460	473	287.012
71	maps/mazes/maze_007.map	512	512	345	400	372	367	287.012
71	maps/mazes/maze_007.map	512	512	73	441	16	366	287.941
71	maps/mazes/maze_007.map	512	512	405	71	369	25	287.497
71	maps/mazes/maze_007.map	512	512	220	168	340	168	287.841
70	maps/mazes/maze_007.map	512	512	233	104	262	172	283.669
70	maps/mazes/maze_007.map	512	512	247	469	354	456	283.497
70	maps/mazes/maze_007.map	512	512	160	232	98	237	283.184
70	maps/mazes/maze_007.map	512	512	396	125	387	192	283.598
70	maps/mazes/maze_007.map	512	512	217	393	212	452	283.841
70	maps/mazes/maze_007.map	512	512	237	296	230	217	283.012
70	maps/mazes/maze_007.map	512	512	449	25	468	14	282.669
65	maps/mazes/maze_007.map	512	512	408	353	401	380	261.012
70	maps/mazes/maze_007.map	512	512	45	477	35	425	283.941
70	maps/mazes/maze_007.map	512	512	57	488	46	416	283.527
70	maps/mazes/maze_007.map	512	512	93	14	166	37	283.598
69	maps/mazes/maze_007.map	512	512	430	76	344	99	279.77
69	maps/mazes/maze_007.map	512	512	9	88	41	47	278.698
69	maps/mazes/maze_007.map	512	512	435	356	433	396	279.841
69	maps/mazes/maze_007.map	512	512	489	221	465	219	279.941
69	maps/mazes/maze_007.map	512	512	232	208	292	166	279.598
69	maps/mazes/maze_007.map	512	512	209	336	267	361	279.083
69	maps/mazes/maze_007.map	512	512	204	177	222	141	279.355
69	maps/mazes/maze_007.map	512	512	168	317	88	305	279.255
69	maps/mazes/maze_007.map	512	512	451	444	484	373	279.012
69	maps/mazes/maze_007.map	512	512	65	220	68	95	279.941
68	maps/mazes/maze_007.map	512	512	472	309	477	298	275.598
68	maps/mazes/maze_007.map	512	512	80	100	17	175	275.841
68	maps/mazes/maze_007.map	512	512	29	359	6	268	275.841
68	maps/mazes/maze_007.map	512	512	485	427	469	420	275.527
68	maps/mazes/maze_007.map	512	512	48	201	65	250	275.698
68	maps/mazes/maze_007.map	512	512	428	273	477	360	275.598
68	maps/mazes/maze_007.map	512	512	316	348	373	368	275.083
68	maps/mazes/maze_007.map	512	512	24	287	63	281	275.083
68	maps/mazes/maze_007.map	512	512	52	12	44	57	275.77
68	maps/mazes/maze_007.map	512	512	30	209	40	117	275.698
67	maps/mazes/maze_007.map	512	512	237	327	256	376	271.598
67	maps/mazes/maze_007.map	512	512	349	388	378	336	271.083
67	maps/mazes/maze_007.map	512	512	318	92	298	105	271.912
67	maps/mazes/maze_007.map	512	512	19	300	63	304	270.669
67	maps/mazes/maze_007.map	512	512	316	396	328	370	271.497
67	maps/mazes/maze_007.map	512	512	112	257	102	304	271.083
67	maps/mazes/maze_007.map	512	512	261	256	250	164	271.184
67	maps/mazes/maze_007.map	512	512	8	350	9	290	271.669
67	maps/mazes/maze_007.map	512	512	475	424	380	329	271.941
67	maps/mazes/maze_007.map	512	512	6	441	25	379	271.184
66	maps/mazes/maze_007.map	512	512	288	199	253	161	267.426
66	maps/mazes/maze_007.map	512	512	413	394	353	328	267.355
66	maps/mazes/maze_007.map	512	512	172	56	221	82	267.527
66	maps/mazes/maze_007.map	512	512	138	232	97	250	267.77
66	maps/mazes/maze_007.map	512	512	476	169	453	233	267.184
66	maps/mazes/maze_007.map	512	512	396	289	426	329	267.941
66	maps/mazes/maze_007.map	512	512	78	477	29	402	267.841
66	maps/mazes/maze_007.map	512	512	208	493	286	452	267.77
66	maps/mazes/maze_007.map	512	512	132	364	172	454	267.497
65	maps/mazes/maze_007.map	512	512	273	85	345	143	263.255
65	maps/mazes/maze_007.map	512	512	248	291	217	156	263.598
65	maps/mazes/maze_007.map	512	512	444	445	397	395	263.284
65	maps/mazes/maze_007.map	512	512	473	190	421	185	263.669
65	maps/mazes/maze_007.map	512	512	282	141	235	196	263.012
65	maps/mazes/maze_007.map	512	512	392	41	427	88	263.012
65	maps/mazes/maze_007.map	512	512	509	220	456	224	263.669
65	maps/mazes/maze_007.map	512	512	30	277	52	269	262.669
65	maps/mazes/maze_007.map	512	512	274	280	217	157	263.598
64	maps/mazes/maze_007.map	512	512	30	277	49	268	259.255
64	maps/mazes/maze_007.map	512	512	28	404	33	317	259.598
64	maps/mazes/maze_007.map	512	512	273	444	215	437	259.184
64	maps/mazes/maze_007.map	512	512	335	436	412	472	259.083
64	maps/mazes/maze_007.map	512	512	64	352	13	384	259.669
64	maps/mazes/maze_007.map	512	512	353	469	328	411	259.527
7	maps/mazes/maze_007.map	512	512	368	189	371	204	30.2426
64	maps/mazes/maze_007.map	512	512	224	455	208	451	259.941
64	maps/mazes/maze_007.map	512	512	364	389	386	349	259.255
64	maps/mazes/maze_007.map	512	512	192	8	161	55	259.941
64	maps/mazes/maze_007.map	512	512	205	165	248	137	259.184
34	maps/mazes/maze_007.map	512	512	227	176	245	150	138.042
63	maps/mazes/maze_007.map	512	512	44	224	72	87	255.042
63	maps/mazes/maze_007.map	512	512	268	452	181	431	255.012
3	maps/mazes/maze_007.map	512	512	229	504	216	501	15.4142
63	maps/mazes/maze_007.map	512	512	390	324	353	257	255.941
63	maps/mazes/maze_007.map	512	512	93	224	72	106	255.527
63	maps/mazes/maze_007.map	512	512	191	208	159	280	255.113
63	maps/mazes/maze_007.map	512	512	54	401	42	340	255.184
63	maps/mazes/maze_007.map	512	512	318	56	348	20	255.012
63	maps/mazes/maze_007.map	512	512	207	41	257	39	255.941
63	maps/mazes/maze_007.map	512	512	48	448	21	421	255.355
62	maps/mazes/maze_007.map	512	512	200	61	266	129	251.941
62	maps/mazes/maze_007.map	512	512	269	204	239	157	251.184
62	maps/mazes/maze_007.map	512	512	469	271	480	250	251.841
62	maps/mazes/maze_007.map	512	512	151	12	144	97	251.012
62	maps/mazes/maze_007.map	512	512	11	365	10	301	250.598
62	maps/mazes/maze_007.map	512	512	123	136	135	105	250.941
42	maps/mazes/maze_007.map	512	512	218	76	228	77	171.042
62	maps/mazes/maze_007.map	512	512	305	68	312	115	251.255
62	maps/mazes/maze_007.map	512	512	49	300	66	300	251.669
32	maps/mazes/maze_007.map	512	512	373	340	352	393	130.627
62	maps/mazes/maze_007.map	512	512	329	100	336	79	251.841
61	maps/mazes/maze_007.map	512	512	392	169	382	176	247.284
61	maps/mazes/maze_007.map	512	512	201	172	188	149	247.841
61	maps/mazes/maze_007.map	512	512	180	233	203	296	247.598
61	maps/mazes/maze_007.map	512	512	281	244	292	206	247.77
61	maps/mazes/maze_007.map	512	512	341	448	328	370	247.77
61	maps/mazes/maze_007.map	512	512	468	50	463	1	247.598
61	maps/mazes/maze_007.map	512	512	382	248	345	245	247.113
61	maps/mazes/maze_007.map	512	512	235	356	257	358	247.255
61	maps/mazes/maze_007.map	512	512	439	249	434	284	247.598
61	maps/mazes/maze_007.map	512	512	445	451	413	398	247.284
60	maps/mazes/maze_007.map	512	512	489	288	467	193	243.669
60	maps/mazes/maze_007.map	512	512	88	465	105	472	243.355
60	maps/mazes/maze_007.map	512	512	384	86	351	105	243.698
60	maps/mazes/maze_007.map	512	512	167	241	202	304	243.355
60	maps/mazes/maze_007.map	512	512	213	267	225	185	243.598
60	maps/mazes/maze_007.map	512	512	137	467	85	478	243.184
60	maps/mazes/maze_007.map	512	512	185	334	154	373	243.698
60	maps/mazes/maze_007.map	512	512	325	155	292	167	243.184
60	maps/mazes/maze_007.map	512	512	91	344	33	381	243.184
60	maps/mazes/maze_007.map	512	512	355	228	305	178	243.941
59	maps/mazes/maze_007.map	512	512	314	196	253	161	239.598
59	maps/mazes/maze_007.map	512	512	250	424	251	360	239.527
59	maps/mazes/maze_007.map	512	512	485	92	478	37	239.012
59	maps/mazes/maze_007.map	512	512	293	196	228	169	239.355
59	maps/mazes/maze_007.map	512	512	377	480	416	421	239.355
59	maps/mazes/maze_007.map	512	512	307	220	241	190	239.113
59	maps/mazes/maze_007.map	512	512	453	153	465	113	239.113
59	maps/mazes/maze_007.map	512	512	308	105	331	149	239.77
59	maps/mazes/maze_007.map	512	512	153	429	105	410	239.87
59	maps/mazes/maze_007.map	512	512	101	160	67	93	239.042
58	maps/mazes/maze_007.map	512	512	371	180	348	135	235.698
58	maps/mazes/maze_007.map	512	512	140	113	170	37	235.355
58	maps/mazes/maze_007.map	512	512	29	245	61	92	235.042
58	maps/mazes/maze_007.map	512	512	165	62	224	62	234.698
58	maps/mazes/maze_007.map	512	512	272	159	340	184	235.77
58	maps/mazes/maze_007.map	512	512	250	360	296	347	234.698
58	maps/mazes/maze_007.map	512	512	250	61	315	76	235.355
58	maps/mazes/maze_007.map	512	512	58	292	72	293	235.426
58	maps/mazes/maze_007.map	512	512	144	32	160	115	234.598
58	maps/mazes/maze_007.map	512	512	440	500	420	440	235.941
57	maps/mazes/maze_007.map	512	512	505	114	460	56	231.184
57	maps/mazes/maze_007.map	512	512	507	260	450	189	231.255
57	maps/mazes/maze_007.map	512	512	263	385	301	384	231.284
57	maps/mazes/maze_007.map	512	512	302	1	334	21	231.941
57	maps/mazes/maze_007.map	512	512	132	205	63	153	231.77
57	maps/mazes/maze_007.map	512	512	305	491	339	468	231.77
57	maps/mazes/maze_007.map	512	512	37	280	69	311	231.669
57	maps/mazes/maze_007.map	512	512	248	392	299	384	231.284
57	maps/mazes/maze_007.map	512	512	271	364	320	331	231.355
57	maps/mazes/maze_007.map	512	512	423	92	452	26	231.426
56	maps/mazes/maze_007.map	512	512	40	237	64	92	227.627
56	maps/mazes/maze_007.map	512	512	5	370	5	304	227.355
56	maps/mazes/maze_007.map	512	512	304	216	244	175	227.284
56	maps/mazes/maze_007.map	512	512	309	456	313	444	227.355
56	maps/mazes/maze_007.map	512	512	139	129	110	85	227.042
56	maps/mazes/maze_007.map	512	512	43	252	81	279	227.184
56	maps/mazes/maze_007.map	512	512	115	145	44	236	227.456
56	maps/mazes/maze_007.map	512	512	439	4	415	40	227.113
56	maps/mazes/maze_007.map	512	512	221	370	157	332	227.941
56	maps/mazes/maze_007.map	512	512	187	325	104	304	227.355
55	maps/mazes/maze_007.map	512	512	88	171	37	113	223.627
55	maps/mazes/maze_007.map	512	512	40	453	42	401	223.698
55	maps/mazes/maze_007.map	512	512	388	400	355	445	223.113
55	maps/mazes/maze_007.map	512	512	461	465	484	373	223.527
55	maps/mazes/maze_007.map	512	512	476	279	455	253	223.184
55	maps/mazes/maze_007.map	512	512	84	268	97	282	223.426
55	maps/mazes/maze_007.map	512	512	33	503	74	460	223.698
55	maps/mazes/maze_007.map	512	512	426	305	488	373	223.698
55	maps/mazes/maze_007.map	512	512	21	280	64	300	223.77
55	maps/mazes/maze_007.map	512	512	229	458	209	437	223.527
54	maps/mazes/maze_007.map	512	512	296	186	274	185	219.77
54	maps/mazes/maze_007.map	512	512	252	144	305	175	219.012
54	maps/mazes/maze_007.map	512	512	375	201	270	165	219.527
54	maps/mazes/maze_007.map	512	512	471	353	435	392	219.527
54	maps/mazes/maze_007.map	512	512	93	158	39	112	219.213
54	maps/mazes/maze_007.map	512	512	201	128	244	133	219.698
54	maps/mazes/maze_007.map	512	512	220	476	240	455	219.527
54	maps/mazes/maze_007.map	512	512	4	272	76	284	219.598
53	maps/mazes/maze_007.map	512	512	255	405	313	376	215.87
53	maps/mazes/maze_007.map	512	512	480	108	502	161	215.042
53	maps/mazes/maze_007.map	512	512	117	276	99	296	215.355
53	maps/mazes/maze_007.map	512	512	397	180	356	132	215.385
53	maps/mazes/maze_007.map	512	512	331	505	281	486	215.87
53	maps/mazes/maze_007.map	512	512	128	477	141	489	215.284
53	maps/mazes/maze_007.map	512	512	396	228	426	245	215.284
53	maps/mazes/maze_007.map	512	512	137	173	41	176	214.941
53	maps/mazes/maze_007.map	512	512	224	113	229	175	215.527
53	maps/mazes/maze_007.map	512	512	396	238	377	280	215.971
52	maps/mazes/maze_007.map	512	512	246	469	340	468	211.77
52	maps/mazes/maze_007.map	512	512	75	380	156	414	211.184
52	maps/mazes/maze_007.map	512	512	357	252	373	196	211.941
52	maps/mazes/maze_007.map	512	512	43	449	33	413	211.698
52	maps/mazes/maze_007.map	512	512	172	68	197	60	211.627
52	maps/mazes/maze_007.map	512	512	377	72	393	109	211.284
52	maps/mazes/maze_007.map	512	512	119	437	69	413	211.456
52	maps/mazes/maze_007.map	512	512	232	137	192	163	210.87
52	maps/mazes/maze_007.map	512	512	136	49	202	64	211.87
52	maps/mazes/maze_007.map	512	512	52	471	48	416	211.042
51	maps/mazes/maze_007.map	512	512	265	296	222	273	207.355
51	maps/mazes/maze_007.map	512	512	213	320	120	293	207.698
51	maps/mazes/maze_007.map	512	512	89	352	32	405	207.941
51	maps/mazes/maze_007.map	512	512	40	432	33	508	207.042
51	maps/mazes/maze_007.map	512	512	389	301	426	325	207.87
51	maps/mazes/maze_007.map	512	512	307	272	302	288	207.527
51	maps/mazes/maze_007.map	512	512	353	242	368	205	207.113
51	maps/mazes/maze_007.map	512	512	449	379	381	333	206.87
51	maps/mazes/maze_007.map	512	512	193	138	249	143	207.527
50	maps/mazes/maze_007.map	512	512	220	203	280	199	203.941
50	maps/mazes/maze_007.map	512	512	240	16	133	13	203.799
50	maps/mazes/maze_007.map	512	512	24	172	2	141	203.042
50	maps/mazes/maze_007.map	512	512	403	460	421	424	203.113
50	maps/mazes/maze_007.map	512	512	237	145	239	192	203.77
50	maps/mazes/maze_007.map	512	512	92	118	52	134	203.941
50	maps/mazes/maze_007.map	512	512	382	44	418	85	203.87
50	maps/mazes/maze_007.map	512	512	337	32	365	26	203.698
50	maps/mazes/maze_007.map	512	512	372	430	370	488	203.698
25	maps/mazes/maze_007.map	512	512	70	349	40	385	102.385
50	maps/mazes/maze_007.map	512	512	381	340	372	288	203.87
49	maps/mazes/maze_007.map	512	512	294	0	331	33	199.941
49	maps/mazes/maze_007.map	512	512	64	402	27	373	199.598
49	maps/mazes/maze_007.map	512	512	188	244	180	277	198.698
49	maps/mazes/maze_007.map	512	512	107	229	152	259	199.042
49	maps/mazes/maze_007.map	512	512	226	77	238	157	199.355
49	maps/mazes/maze_007.map	512	512	383	80	391	109	199.042
49	maps/mazes/maze_007.map	512	512	29	200	68	98	199.627
49	maps/mazes/maze_007.map	512	512	463	37	451	29	199.941
49	maps/mazes/maze_007.map	512	512	324	52	321	15	199.698
49	maps/mazes/maze_007.map	512	512	104	149	42	105	199.799
48	maps/mazes/maze_007.map	512	512	165	292	200	320	195.87
48	maps/mazes/maze_007.map	512	512	12	77	18	25	195.456
48	maps/mazes/maze_007.map	512	512	182	49	154	113	195.355
48	maps/mazes/maze_007.map	512	512	41	200	68	88	195.385
48	maps/mazes/maze_007.map	512	512	154	349	118	297	195.113
34	maps/mazes/maze_007.map	512	512	141	29	105	29	137.698
48	maps/mazes/maze_007.map	512	512	244	132	234	196	195.355
48	maps/mazes/maze_007.map	512	512	268	83	326	65	195.698
48	maps/mazes/maze_007.map	512	512	507	192	457	169	195.87
48	maps/mazes/maze_007.map	512	512	351	249	368	211	195.527
48	maps/mazes/maze_007.map	512	512	299	236	337	174	195.698
47	maps/mazes/maze_007.map	512	512	57	368	15	384	191.355
47	maps/mazes/maze_007.map	512	512	289	73	296	105	191.184
47	maps/mazes/maze_007.map	512	512	237	75	231	157	191.941
47	maps/mazes/maze_007.map	512	512	73	81	45	123	191.213
47	maps/mazes/maze_007.map	512	512	314	300	289	252	191.042
47	maps/mazes/maze_007.map	512	512	141	421	157	449	191.113
47	maps/mazes/maze_007.map	512	512	421	188	429	249	191.627
47	maps/mazes/maze_007.map	512	512	345	376	373	360	191.113
47	maps/mazes/maze_007.map	512	512	485	360	433	393	191.87
47	maps/mazes/maze_007.map	512	512	98	420	80	429	191.527
46	maps/mazes/maze_007.map	512	512	9	54	46	60	187.385
46	maps/mazes/maze_007.map	512	512	118	313	64	260	187.284
46	maps/mazes/maze_007.map	512	512	268	419	236	384	187.971
46	maps/mazes/maze_007.map	512	512	202	453	235	469	186.941
46	maps/mazes/maze_007.map	512	512	239	268	242	245	187.841
46	maps/mazes/maze_007.map	512	512	477	490	490	469	187.799
46	maps/mazes/maze_007.map	512	512	20	105	21	43	187.284
46	maps/mazes/maze_007.map	512	512	504	20	491	96	187.527
46	maps/mazes/maze_007.map	512	512	444	181	444	191	187.355
46	maps/mazes/maze_007.map	512	512	163	408	216	396	187.527
45	maps/mazes/maze_007.map	512	512	44	478	84	504	183.799
45	maps/mazes/maze_007.map	512	512	221	351	269	335	183.941
45	maps/mazes/maze_007.map	512	512	47	280	72	293	183.355
45	maps/mazes/maze_007.map	512	512	441	34	405	31	183.042
45	maps/mazes/maze_007.map	512	512	455	432	435	384	183.213
45	maps/mazes/maze_007.map	512	512	325	9	380	59	183.527
45	maps/mazes/maze_007.map	512	512	196	497	232	485	183.355
45	maps/mazes/maze_007.map	512	512	305	116	248	89	183.456
45	maps/mazes/maze_007.map	512	512	466	320	468	288	183.456
45	maps/mazes/maze_007.map	512	512	57	53	128	53	182.799
44	maps/mazes/maze_007.map	512	512	64	239	153	251	179.627
44	maps/mazes/maze_007.map	512	512	172	204	201	164	179.87
44	maps/mazes/maze_007.map	512	512	237	88	216	72	179.042
44	maps/mazes/maze_007.map	512	512	33	16	76	29	179.799
44	maps/mazes/maze_007.map	512	512	448	329	477	277	178.698
44	maps/mazes/maze_007.map	512	512	224	244	228	156	179.799
44	maps/mazes/maze_007.map	512	512	141	232	124	272	179.87
44	maps/mazes/maze_007.map	512	512	461	455	443	408	179.042
44	maps/mazes/maze_007.map	512	512	352	301	317	289	179.527
44	maps/mazes/maze_007.map	512	512	129	131	169	121	179.213
43	maps/mazes/maze_007.map	512	512	157	436	160	452	175.87
43	maps/mazes/maze_007.map	512	512	137	201	143	168	175.284
43	maps/mazes/maze_007.map	512	512	3	468	54	488	175.627
43	maps/mazes/maze_007.map	512	512	122	317	130	313	175.456
43	maps/mazes/maze_007.map	512	512	297	378	379	352	175.456
43	maps/mazes/maze_007.map	512	512	303	356	349	344	175.698
43	maps/mazes/maze_007.map	512	512	292	405	320	372	175.042
43	maps/mazes/maze_007.map	512	512	19	453	13	407	175.456
43	maps/mazes/maze_007.map	512	512	345	276	377	303	175.627
42	maps/mazes/maze_007.map	512	512	341	255	304	303	171.042
42	maps/mazes/maze_007.map	512	512	200	383	205	428	171.113
42	maps/mazes/maze_007.map	512	512	237	394	261	336	171.113
32	maps/mazes/maze_007.map	512	512	233	73	220	104	128.971
42	maps/mazes/maze_007.map	512	512	209	105	224	95	171.385
42	maps/mazes/maze_007.map	512	512	36	320	10	269	171.87
42	maps/mazes/maze_007.map	512	512	330	89	292	97	171.113
42	maps/mazes/maze_007.map	512	512	460	380	476	407	171.87
42	maps/mazes/maze_007.map	512	512	200	156	214	124	171.213
42	maps/mazes/maze_007.map	512	512	241	100	212	53	171.456
41	maps/mazes/maze_007.map	512	512	12	104	17	42	167.627
41	maps/mazes/maze_007.map	512	512	68	335	53	243	167.385
41	maps/mazes/maze_007.map	512	512	155	76	173	41	167.627
41	maps/mazes/maze_007.map	512	512	92	0	29	25	167.213
41	maps/mazes/maze_007.map	512	512	243	213	225	158	167.385
41	maps/mazes/maze_007.map	512	512	421	488	405	415	167.385
41	maps/mazes/maze_007.map	512	512	208	373	145	333	167.627
41	maps/mazes/maze_007.map	512	512	12	460	41	488	167.042
41	maps/mazes/maze_007.map	512	512	359	465	317	412	167.971
41	maps/mazes/maze_007.map	512	512	266	85	329	76	167.456
40	maps/mazes/maze_007.map	512	512	181	400	216	406	163.284
40	maps/mazes/maze_007.map	512	512	26	300	9	286	163.284
40	maps/mazes/maze_007.map	512	512	104	140	174	133	163.971
40	maps/mazes/maze_007.map	512	512	354	272	301	280	162.941
40	maps/mazes/maze_007.map	512	512	29	508	54	464	163.385
40	maps/mazes/maze_007.map	512	512	299	260	304	228	163.627
40	maps/mazes/maze_007.map	512	512	213	342	175	372	163.213
40	maps/mazes/maze_007.map	512	512	310	49	321	15	163.87
40	maps/mazes/maze_007.map	512	512	369	315	294	281	163.527
40	maps/mazes/maze_007.map	512	512	244	438	222	425	163.87
39	maps/mazes/maze_007.map	512	512	243	328	221	351	159.627
39	maps/mazes/maze_007.map	512	512	57	489	74	444	159.799
39	maps/mazes/maze_007.map	512	512	477	265	453	244	159.042
39	maps/mazes/maze_007.map	512	512	151	449	105	427	159.799
39	maps/mazes/maze_007.map	512	512	466	460	443	392	159.971
39	maps/mazes/maze_007.map	512	512	360	283	356	287	159.698
39	maps/mazes/maze_007.map	512	512	81	432	132	480	159.042
39	maps/mazes/maze_007.map	512	512	311	329	292	255	159.042
39	maps/mazes/maze_007.map	512	512	407	241	387	276	159.142
39	maps/mazes/maze_007.map	512	512	495	357	464	286	159.799
38	maps/mazes/maze_007.map	512	512	351	465	321	435	155.799
38	maps/mazes/maze_007.map	512	512	165	340	101	305	155.042
38	maps/mazes/maze_007.map	512	512	109	193	74	184	155.556
38	maps/mazes/maze_007.map	512	512	442	205	430	240	155.627
38	maps/mazes/maze_007.map	512	512	445	441	440	404	155.213
38	maps/mazes/maze_007.map	512	512	507	16	500	80	155.87
38	maps/mazes/maze_007.map	512	512	97	40	113	77	155.627
38	maps/mazes/maze_007.map	512	512	420	451	417	416	154.627
38	maps/mazes/maze_007.map	512	512	253	433	197	425	155.799
38	maps/mazes/maze_007.map	512	512	242	17	148	10	155.142
37	maps/mazes/maze_007.map	512	512	109	415	178	436	151.456
37	maps/mazes/maze_007.map	512	512	490	221	463	173	151.728
37	maps/mazes/maze_007.map	512	512	305	374	360	343	151.213
37	maps/mazes/maze_007.map	512	512	125	397	196	439	151.87
37	maps/mazes/maze_007.map	512	512	266	133	252	173	151.698
37	maps/mazes/maze_007.map	512	512	289	345	261	380	151.971
37	maps/mazes/maze_007.map	512	512	242	353	221	356	151.556
37	maps/mazes/maze_007.map	512	512	23	388	45	327	151.042
37	maps/mazes/maze_007.map	512	512	457	54	473	16	151.456
37	maps/mazes/maze_007.map	512	512	56	35	28	25	151.213
36	maps/mazes/maze_007.map	512	512	404	217	373	213	147.971
36	maps/mazes/maze_007.map	512	512	164	246	181	300	147.87
36	maps/mazes/maze_007.map	512	512	46	49	22	25	147.213
36	maps/mazes/maze_007.map	512	512	300	55	336	24	147.627
36	maps/mazes/maze_007.map	512	512	324	65	380	73	147.799
36	maps/mazes/maze_007.map	512	512	386	356	368	323	147.385
36	maps/mazes/maze_007.map	512	512	475	376	495	377	147.385
36	maps/mazes/maze_007.map	512	512	76	307	41	229	147.385
36	maps/mazes/maze_007.map	512	512	476	109	484	118	147.971
36	maps/mazes/maze_007.map	512	512	97	348	45	382	147.213
35	maps/mazes/maze_007.map	512	512	441	439	444	406	143.213
35	maps/mazes/maze_007.map	512	512	229	335	252	381	143.042
35	maps/mazes/maze_007.map	512	512	65	358	54	392	143.87
35	maps/mazes/maze_007.map	512	512	8	320	15	264	143.042
35	maps/mazes/maze_007.map	512	512	138	296	101	308	143.971
35	maps/mazes/maze_007.map	512	512	259	401	284	371	143.385
35	maps/mazes/maze_007.map	512	512	138	409	143	332	143.213
35	maps/mazes/maze_007.map	512	512	289	263	316	239	143.627
35	maps/mazes/maze_007.map	512	512	207	325	153	304	143.042
35	maps/mazes/maze_007.map	512	512	380	432	376	456	143.799
34	maps/mazes/maze_007.map	512	512	434	393	395	400	139.556
34	maps/mazes/maze_007.map	512	512	121	364	124	401	139.456
34	maps/mazes/maze_007.map	512	512	425	347	365	332	139.042
34	maps/mazes/maze_007.map	512	512	315	501	301	484	139.728
34	maps/mazes/maze_007.map	512	512	487	353	460	293	139.142
34	maps/mazes/maze_007.map	512	512	69	193	61	149	139.799
34	maps/mazes/maze_007.map	512	512	492	9	500	67	139.456
34	maps/mazes/maze_007.map	512	512	408	53	404	28	139.042
33	maps/mazes/maze_007.map	512	512	445	229	420	197	135.385
33	maps/mazes/maze_007.map	512	512	220	273	240	245	135.213
33	maps/mazes/maze_007.map	512	512	248	219	221	173	135.142
33	maps/mazes/maze_007.map	512	512	32	20	57	52	135.728
33	maps/mazes/maze_007.map	512	512	444	302	456	360	135.213
33	maps/mazes/maze_007.map	512	512	407	65	396	23	135.042
33	maps/mazes/maze_007.map	512	512	308	92	318	117	135.627
33	maps/mazes/maze_007.map	512	512	148	0	125	35	135.799
33	maps/mazes/maze_007.map	512	512	96	267	97	241	135.627
33	maps/mazes/maze_007.map	512	512	16	237	47	169	135.385
32	maps/mazes/maze_007.map	512	512	177	13	227	37	131.213
32	maps/mazes/maze_007.map	512	512	485	51	484	9	131.385
32	maps/mazes/maze_007.map	512	512	132	56	87	29	131.556
32	maps/mazes/maze_007.map	512	512	48	141	25	166	131.799
32	maps/mazes/maze_007.map	512	512	229	264	257	264	131.941
32	maps/mazes/maze_007.map	512	512	454	437	456	413	130.971
32	maps/mazes/maze_007.map	512	512	221	60	180	33	131.799
32	maps/mazes/maze_007.map	512	512	294	0	300	30	131.213
31	maps/mazes/maze_007.map	512	512	463	365	486	400	127.799
31	maps/mazes/maze_007.map	512	512	400	398	395	368	127.971
31	maps/mazes/maze_007.map	512	512	147	305	118	312	127.556
31	maps/mazes/maze_007.map	512	512	27	277	37	281	127.799
31	maps/mazes/maze_007.map	512	512	129	455	104	425	127.971
31	maps/mazes/maze_007.map	512	512	42	376	25	382	127.042
31	maps/mazes/maze_007.map	512	512	69	131	43	109	127.314
31	maps/mazes/maze_007.map	512	512	80	316	53	240	127.142
31	maps/mazes/maze_007.map	512	512	164	330	117	308	127.971
31	maps/mazes/maze_007.map	512	512	82	4	38	1	127.142
30	maps/mazes/maze_007.map	512	512	256	102	234	157	123.87
30	maps/mazes/maze_007.map	512	512	137	456	93	421	123.142
30	maps/mazes/maze_007.map	512	512	217	343	241	361	123.456
30	maps/mazes/maze_007.map	512	512	395	352	359	305	123.142
30	maps/mazes/maze_007.map	512	512	53	73	68	108	123.556
30	maps/mazes/maze_007.map	512	512	211	173	185	116	123.142
30	maps/mazes/maze_007.map	512	512	328	375	361	337	123.971
30	maps/mazes/maze_007.map	512	512	190	88	164	49	123.971
30	maps/mazes/maze_007.map	512	512	475	16	427	25	123.971
30	maps/mazes/maze_007.map	512	512	191	57	175	33	123.899
29	maps/mazes/maze_007.map	512	512	390	132	416	161	119.385
29	maps/mazes/maze_007.map	512	512	87	173	72	101	119.728
29	maps/mazes/maze_007.map	512	512	472	24	493	77	119.799
29	maps/mazes/maze_007.map	512	512	357	411	356	433	119.971
29	maps/mazes/maze_007.map	512	512	293	347	317	335	119.213
29	maps/mazes/maze_007.map	512	512	5	233	17	232	119.142
29	maps/mazes/maze_007.map	512	512	344	50	321	21	119.799
29	maps/mazes/maze_007.map	512	512	234	308	235	288	119.728
29	maps/mazes/maze_007.map	512	512	369	49	325	23	119.799
28	maps/mazes/maze_007.map	512	512	290	288	332	259	115.142
28	maps/mazes/maze_007.map	512	512	359	504	377	494	115.314
28	maps/mazes/maze_007.map	512	512	320	53	320	31	115.799
28	maps/mazes/maze_007.map	512	512	233	13	199	20	115.385
28	maps/mazes/maze_007.map	512	512	74	28	37	50	115.142
28	maps/mazes/maze_007.map	512	512	229	509	164	474	115.556
28	maps/mazes/maze_007.map	512	512	187	505	136	468	115.556
28	maps/mazes/maze_007.map	512	512	166	9	225	37	115.385
28	maps/mazes/maze_007.map	512	512	123	397	168	430	115.213
28	maps/mazes/maze_007.map	512	512	500	146	502	196	115.213
27	maps/mazes/maze_007.map	512	512	444	392	395	352	111.728
27	maps/mazes/maze_007.map	512	512	160	202	133	200	111.385
27	maps/mazes/maze_007.map	512	512	352	435	388	480	111.627
27	maps/mazes/maze_007.map	512	512	306	293	321	300	111.556
27	maps/mazes/maze_007.map	512	512	497	137	491	196	111.385
27	maps/mazes/maze_007.map	512	512	388	383	360	332	111.385
27	maps/mazes/maze_007.map	512	512	475	469	448	440	111.314
27	maps/mazes/maze_007.map	512	512	196	380	213	410	111.627
27	maps/mazes/maze_007.map	512	512	252	234	209	195	111.899
27	maps/mazes/maze_007.map	512	512	182	157	183	180	111.213
26	maps/mazes/maze_007.map	512	512	393	427	361	418	107.142
26	maps/mazes/maze_007.map	512	512	100	350	108	388	106.627
26	maps/mazes/maze_007.map	512	512	88	289	49	236	107.899
26	maps/mazes/maze_007.map	512	512	385	78	404	100	107.142
26	maps/mazes/maze_007.map	512	512	152	397	190	388	107.971
26	maps/mazes/maze_007.map	512	512	472	473	456	437	107.314
26	maps/mazes/maze_007.map	512	512	80	211	61	157	107.485
26	maps/mazes/maze_007.map	512	512	288	395	306	384	107.728
26	maps/mazes/maze_007.map	512	512	220	421	173	424	107.799
26	maps/mazes/maze_007.map	512	512	479	368	484	370	107.728
25	maps/mazes/maze_007.map	512	512	333	12	365	27	103.971
25	maps/mazes/maze_007.map	512	512	448	477	504	497	103.556
25	maps/mazes/maze_007.map	512	512	160	107	168	133	103.556
25	maps/mazes/maze_007.map	512	512	479	497	504	478	103.899
25	maps/mazes/maze_007.map	512	512	165	231	162	273	103.971
25	maps/mazes/maze_007.map	512	512	488	95	471	85	103.142
25	maps/mazes/maze_007.map	512	512	505	301	505	244	103.971
25	maps/mazes/maze_007.map	512	512	68	58	96	40	103.899
25	maps/mazes/maze_007.map	512	512	106	297	95	313	103.385
24	maps/mazes/maze_007.map	512	512	244	257	223	220	99.5563
24	maps/mazes/maze_007.map	512	512	489	365	473	404	99.1421
24	maps/mazes/maze_007.map	512	512	251	464	279	500	98.9706
24	maps/mazes/maze_007.map	512	512	258	388	265	404	99.7279
24	maps/mazes/maze_007.map	512	512	420	202	420	237	99.1421
24	maps/mazes/maze_007.map	512	512	174	16	243	33	99.5563
24	maps/mazes/maze_007.map	512	512	108	349	109	387	99.6274
24	maps/mazes/maze_007.map	512	512	104	303	89	314	99.5563
24	maps/mazes/maze_007.map	512	512	501	1	493	20	99.1421
23	maps/mazes/maze_007.map	512	512	48	153	25	163	95.9706
23	maps/mazes/maze_007.map	512	512	372	243	360	211	95.3137
23	maps/mazes/maze_007.map	512	512	172	136	153	112	95.7279
23	maps/mazes/maze_007.map	512	512	351	21	372	37	95.9706
23	maps/mazes/maze_007.map	512	512	154	276	117	260	95.7279
23	maps/mazes/maze_007.map	512	512	179	9	133	11	95.3137
23	maps/mazes/maze_007.map	512	512	95	221	83	180	95.7279
20	maps/mazes/maze_007.map	512	512	192	247	203	268	81.3137
23	maps/mazes/maze_007.map	512	512	392	489	431	464	95.799
23	maps/mazes/maze_007.map	512	512	273	144	232	177	95.5563
23	maps/mazes/maze_007.map	512	512	332	37	327	9	95.7279
22	maps/mazes/maze_007.map	512	512	43	156	25	151	91.9706
22	maps/mazes/maze_007.map	512	512	348	409	367	425	91.7279
22	maps/mazes/maze_007.map	512	512	130	85	105	77	91.7279
22	maps/mazes/maze_007.map	512	512	81	312	65	255	91.4853
22	maps/mazes/maze_007.map	512	512	477	101	473	113	91.0711
22	maps/mazes/maze_007.map	512	512	100	80	106	121	91.7279
22	maps/mazes/maze_007.map	512	512	281	340	276	349	91.8995
22	maps/mazes/maze_007.map	512	512	69	176	73	165	91.3848
22	maps/mazes/maze_007.map	512	512	113	145	69	130	91.7279
22	maps/mazes/maze_007.map	512	512	353	445	376	434	91.8995
21	maps/mazes/maze_007.map	512	512	157	4	141	28	86.7279
21	maps/mazes/maze_007.map	512	512	25	425	29	403	87.8995
21	maps/mazes/maze_007.map	512	512	360	233	332	248	87.9706
21	maps/mazes/maze_007.map	512	512	148	453	112	432	87.4853
21	maps/mazes/maze_007.map	512	512	454	260	401	262	87.7279
21	maps/mazes/maze_007.map	512	512	397	216	409	197	86.8995
21	maps/mazes/maze_007.map	512	512	365	36	352	35	87.5563
21	maps/mazes/maze_007.map	512	512	328	412	336	357	87.1421
21	maps/mazes/maze_007.map	512	512	116	319	80	318	87.1421
21	maps/mazes/maze_007.map	512	512	455	212	420	197	87.3137
20	maps/mazes/maze_007.map	512	512	232	168	246	173	83.7279
20	maps/mazes/maze_007.map	512	512	69	258	82	237	83.8995
20	maps/mazes/maze_007.map	512	512	143	0	137	20	83.3137
20	maps/mazes/maze_007.map	512	512	295	361	302	384	83.5563
20	maps/mazes/maze_007.map	512	512	461	376	488	375	83.8995
20	maps/mazes/maze_007.map	512	512	112	302	105	324	83.7279
20	maps/mazes/maze_007.map	512	512	420	453	416	428	83.1421
20	maps/mazes/maze_007.map	512	512	400	122	382	129	83.4853
20	maps/mazes/maze_007.map	512	512	308	109	327	129	83.7279
19	maps/mazes/maze_007.map	512	512	319	45	293	20	79.7279
19	maps/mazes/maze_007.map	512	512	393	46	418	45	79.8995
19	maps/mazes/maze_007.map	512	512	444	277	425	292	79.8995
19	maps/mazes/maze_007.map	512	512	364	380	360	366	79.8995
19	maps/mazes/maze_007.map	512	512	340	208	332	216	79.8995
19	maps/mazes/maze_007.map	512	512	311	393	317	420	79.1421
19	maps/mazes/maze_007.map	512	512	282	100	324	129	79.1421
19	maps/mazes/maze_007.map	512	512	494	204	491	220	79.1421
19	maps/mazes/maze_007.map	512	512	183	49	140	66	79.3137
19	maps/mazes/maze_007.map	512	512	239	284	253	248	79.5563
18	maps/mazes/maze_007.map	512	512	288	352	274	344	75.0711
18	maps/mazes/maze_007.map	512	512	467	197	456	195	75.1421
18	maps/mazes/maze_007.map	512	512	411	20	421	12	75.3137
18	maps/mazes/maze_007.map	512	512	269	361	281	360	75.4853
18	maps/mazes/maze_007.map	512	512	270	320	276	341	75.4853
18	maps/mazes/maze_007.map	512	512	493	210	480	184	75.4853
18	maps/mazes/maze_007.map	512	512	196	333	208	349	75.8995
18	maps/mazes/maze_007.map	512	512	162	120	144	105	75.9706
18	maps/mazes/maze_007.map	512	512	274	344	264	375	75.4853
18	maps/mazes/maze_007.map	512	512	265	281	251	245	75.5563
17	maps/mazes/maze_007.map	512	512	192	179	209	158	71.3137
17	maps/mazes/maze_007.map	512	512	67	465	50	436	71.3137
17	maps/mazes/maze_007.map	512	512	460	216	425	188	70.8995
17	maps/mazes/maze_007.map	512	512	133	129	137	116	71.4853
17	maps/mazes/maze_007.map	512	512	257	365	273	344	70.6569
17	maps/mazes/maze_007.map	512	512	509	168	505	116	71.3137
17	maps/mazes/maze_007.map	512	512	129	53	89	51	71.8995
17	maps/mazes/maze_007.map	512	512	250	352	232	328	71.6569
17	maps/mazes/maze_007.map	512	512	73	0	82	24	71.2426
17	maps/mazes/maze_007.map	512	512	437	220	469	228	71.3137
16	maps/mazes/maze_007.map	512	512	464	164	453	125	67.3137
16	maps/mazes/maze_007.map	512	512	421	176	405	181	67.7279
16	maps/mazes/maze_007.map	512	512	433	180	464	207	67.3137
16	maps/mazes/maze_007.map	512	512	180	89	184	57	67.3137
16	maps/mazes/maze_007.map	512	512	181	288	201	296	67.3137
16	maps/mazes/maze_007.map	512	512	499	56	504	84	67.4853
16	maps/mazes/maze_007.map	512	512	355	25	321	14	67.7279
16	maps/mazes/maze_007.map	512	512	243	237	225	238	66.6569
16	maps/mazes/maze_007.map	512	512	17	172	40	152	66.8995
16	maps/mazes/maze_007.map	512	512	472	0	433	12	67.4853
15	maps/mazes/maze_007.map	512	512	41	272	60	253	63.3137
15	maps/mazes/maze_007.map	512	512	483	233	469	195	63.3137
15	maps/mazes/maze_007.map	512	512	225	28	196	12	63.2426
15	maps/mazes/maze_007.map	512	512	360	401	360	367	63.3137
15	maps/mazes/maze_007.map	512	512	141	280	145	262	63.3137
15	maps/mazes/maze_007.map	512	512	261	349	269	346	63.2426
15	maps/mazes/maze_007.map	512	512	243	33	257	33	63.8995
15	maps/mazes/maze_007.map	512	512	393	433	375	405	63.0711
15	maps/mazes/maze_007.map	512	512	369	313	341	285	63.8995
15	maps/mazes/maze_007.map	512	512	472	229	451	212	63.0711
14	maps/mazes/maze_007.map	512	512	314	385	306	404	59.4853
14	maps/mazes/maze_007.map	512	512	317	48	297	26	59.8995
14	maps/mazes/maze_007.map	512	512	375	300	364	279	59.6569
14	maps/mazes/maze_007.map	512	512	384	145	355	132	59.0711
14	maps/mazes/maze_007.map	512	512	261	144	254	116	59.4853
14	maps/mazes/maze_007.map	512	512	338	500	356	483	59.4853
14	maps/mazes/maze_007.map	512	512	453	319	448	346	59.3137
14	maps/mazes/maze_007.map	512	512	81	232	120	232	59.2426
14	maps/mazes/maze_007.map	512	512	428	300	444	332	59.0711
14	maps/mazes/maze_007.map	512	512	276	377	299	348	59.8995
13	maps/mazes/maze_007.map	512	512	84	236	117	232	55.8284
13	maps/mazes/maze_007.map	512	512	293	4	272	29	55.0711
13	maps/mazes/maze_007.map	512	512	69	233	103	229	55.3137
13	maps/mazes/maze_007.map	512	512	333	486	294	480	55.4853
13	maps/mazes/maze_007.map	512	512	97	453	117	456	55.2426
13	maps/mazes/maze_007.map	512	512	430	128	428	142	55.6569
13	maps/mazes/maze_007.map	512	512	100	496	81	497	55.0711
13	maps/mazes/maze_007.map	512	512	476	229	475	204	55.8995
13	maps/mazes/maze_007.map	512	512	477	465	472	440	55.6569
12	maps/mazes/maze_007.map	512	512	60	248	81	281	51.6569
12	maps/mazes/maze_007.map	512	512	461	13	478	9	51.2426
12	maps/mazes/maze_007.map	512	512	181	5	220	5	51.2426
12	maps/mazes/maze_007.map	512	512	360	461	348	455	51.6569
12	maps/mazes/maze_007.map	512	512	275	172	285	182	51.0711
12	maps/mazes/maze_007.map	512	512	426	361	393	362	51.0711
12	maps/mazes/maze_007.map	512	512	497	321	500	349	51.2426
12	maps/mazes/maze_007.map	512	512	480	256	485	244	51.4853
12	maps/mazes/maze_007.map	512	512	493	357	450	352	51.6569
12	maps/mazes/maze_007.map	512	512	364	256	337	230	51.4853
11	maps/mazes/maze_007.map	512	512	378	16	369	30	47.4853
11	maps/mazes/maze_007.map	512	512	213	29	205	18	47.2426
11	maps/mazes/maze_007.map	512	512	245	16	208	17	47.6569
11	maps/mazes/maze_007.map	512	512	147	325	161	344	47.4853
11	maps/mazes/maze_007.map	512	512	428	300	443	320	46.6569
11	maps/mazes/maze_007.map	512	512	435	113	441	94	47.4853
11	maps/mazes/maze_007.map	512	512	235	381	244	378	47.6569
11	maps/mazes/maze_007.map	512	512	440	275	416	284	47.8284
11	maps/mazes/maze_007.map	512	512	182	465	208	476	46.8995
11	maps/mazes/maze_007.map	512	512	79	116	85	109	47.4853
10	maps/mazes/maze_007.map	512	512	397	479	420	470	43.0711
10	maps/mazes/maze_007.map	512	512	41	167	23	169	43.0711
10	maps/mazes/maze_007.map	512	512	452	54	484	57	43.4853
10	maps/mazes/maze_007.map	512	512	92	108	76	93	43.2426
10	maps/mazes/maze_007.map	512	512	5	405	16	389	43.4853
10	maps/mazes/maze_007.map	512	512	233	237	217	226	43.8284
10	maps/mazes/maze_007.map	512	512	24	53	10	53	43.0711
10	maps/mazes/maze_007.map	512	512	276	57	285	58	43.6569
10	maps/mazes/maze_007.map	512	512	98	284	97	296	43.4853
10	maps/mazes/maze_007.map	512	512	448	318	460	306	43.6569
9	maps/mazes/maze_007.map	512	512	451	153	456	128	39.0711
9	maps/mazes/maze_007.map	512	512	153	112	139	101	39.4853
9	maps/mazes/maze_007.map	512	512	28	53	5	57	39.2426
9	maps/mazes/maze_007.map	512	512	472	413	493	420	39.0711
9	maps/mazes/maze_007.map	512	512	92	104	78	92	39.6569
9	maps/mazes/maze_007.map	512	512	36	136	28	133	39.2426
9	maps/mazes/maze_007.map	512	512	360	498	386	504	39.6569
9	maps/mazes/maze_007.map	512	512	105	364	116	347	39.6569
9	maps/mazes/maze_007.map	512	512	116	217	121	210	39.0711
9	maps/mazes/maze_007.map	512	512	375	457	349	445	39.3137
8	maps/mazes/maze_007.map	512	512	353	326	361	309	35.8284
8	maps/mazes/maze_007.map	512	512	489	22	497	44	35.0711
8	maps/mazes/maze_007.map	512	512	373	453	373	471	35.6569
8	maps/mazes/maze_007.map	512	512	249	452	276	456	35.4853
8	maps/mazes/maze_007.map	512	512	293	467	317	463	35.0711
8	maps/mazes/maze_007.map	512	512	80	301	90	284	35.2426
8	maps/mazes/maze_007.map	512	512	393	183	378	181	35.2426
8	maps/mazes/maze_007.map	512	512	433	136	427	141	35.8284
8	maps/mazes/maze_007.map	512	512	380	291	362	280	35.8284
7	maps/mazes/maze_007.map	512	512	377	245	368	221	31.8284
7	maps/mazes/maze_007.map	512	512	245	60	260	74	31.8284
7	maps/mazes/maze_007.map	512	512	64	469	76	453	31.6569
7	maps/mazes/maze_007.map	512	512	281	175	279	192	31.2426
7	maps/mazes/maze_007.map	512	512	167	92	169	102	31.6569
7	maps/mazes/maze_007.map	512	512	147	284	154	269	30.8284
7	maps/mazes/maze_007.map	512	512	328	505	332	488	31.8284
7	maps/mazes/maze_007.map	512	512	20	225	4	236	31.2426
7	maps/mazes/maze_007.map	512	512	208	481	196	479	31.6569
6	maps/mazes/maze_007.map	512	512	432	100	440	95	27.8284
6	maps/mazes/maze_007.map	512	512	180	396	178	385	27.2426
6	maps/mazes/maze_007.map	512	512	204	172	185	177	27.6569
6	maps/mazes/maze_007.map	512	512	426	168	450	173	27.2426
6	maps/mazes/maze_007.map	512	512	213	89	208	65	27.2426
6	maps/mazes/maze_007.map	512	512	92	83	96	89	27.6569
6	maps/mazes/maze_007.map	512	512	78	348	57	341	27.4142
6	maps/mazes/maze_007.map	512	512	153	267	145	268	27.2426
6	maps/mazes/maze_007.map	512	512	374	201	365	184	27.6569
6	maps/mazes/maze_007.map	512	512	317	457	301	460	27
5	maps/mazes/maze_007.map	512	512	376	36	370	25	23.8284
5	maps/mazes/maze_007.map	512	512	45	261	56	276	23.6569
5	maps/mazes/maze_007.map	512	512	97	79	93	94	23.8284
5	maps/mazes/maze_007.map	512	512	342	421	363	417	23.8284
5	maps/mazes/maze_007.map	512	512	221	275	226	285	23.8284
5	maps/mazes/maze_007.map	512	512	470	473	477	477	23.2426
5	maps/mazes/maze_007.map	512	512	393	304	402	312	23.2426
5	maps/mazes/maze_007.map	512	512	140	435	150	444	23.2426
5	maps/mazes/maze_007.map	512	512	41	35	40	53	23.2426
5	maps/mazes/maze_007.map	512	512	304	323	316	333	23.0711
4	maps/mazes/maze_007.map	512	512	292	400	288	402	19.4142
4	maps/mazes/maze_007.map	512	512	323	508	328	493	19.4142
4	maps/mazes/maze_007.map	512	512	372	226	360	225	19.8284
4	maps/mazes/maze_007.map	512	512	113	135	101	144	19.8284
4	maps/mazes/maze_007.map	512	512	248	491	261	500	19.0711
4	maps/mazes/maze_007.map	512	512	178	297	192	297	19.4142
4	maps/mazes/maze_007.map	512	512	344	121	341	137	19
4	maps/mazes/maze_007.map	512	512	248	339	241	335	19.8284
4	maps/mazes/maze_007.map	512	512	478	304	488	304	19.4142
4	maps/mazes/maze_007.map	512	512	240	508	239	492	19.8284
3	maps/mazes/maze_007.map	512	512	204	132	195	133	15.4142
3	maps/mazes/maze_007.map	512	512	244	447	256	453	15.6569
3	maps/mazes/maze_007.map	512	512	309	320	301	328	14.8284
3	maps/mazes/maze_007.map	512	512	345	404	342	396	15.8284
3	maps/mazes/maze_007.map	512	512	61	465	69	468	15.8284
3	maps/mazes/maze_007.map	512	512	469	482	457	484	15.4142
3	maps/mazes/maze_007.map	512	512	113	113	105	116	15.8284
3	maps/mazes/maze_007.map	512	512	415	80	424	78	15.8284
2	maps/mazes/maze_007.map	512	512	458	233	463	225	11.8284
2	maps/mazes/maze_007.map	512	512	258	260	257	253	11.4142
2	maps/mazes/maze_007.map	512	512	110	300	102	304	10.8284
2	maps/mazes/maze_007.map	512	512	325	232	328	224	11
2	maps/mazes/maze_007.map	512	512	12	96	17	89	11.4142
2	maps/mazes/maze_007.map	512	512	337	113	340	122	11.4142
2	maps/mazes/maze_007.map	512	512	181	312	176	320	11.2426
2	maps/mazes/maze_007.map	512	512	51	472	45	467	11
2	maps/mazes/maze_007.map	512	512	221	72	228	66	11.8284
2	maps/mazes/maze_007.map	512	512	113	372	119	377	11.8284
1	maps/mazes/maze_007.map	512	512	203	268	210	268	7
1	maps/mazes/maze_007.map	512	512	496	238	491	240	7
1	maps/mazes/maze_007.map	512	512	325	483	319	480	7.82843
1	maps/mazes/maze_007.map	512	512	312	65	316	68	7
1	maps/mazes/maze_007.map	512	512	400	180	400	187	7
1	maps/mazes/maze_007.map	512	512	105	428	112	428	7
1	maps/mazes/maze_007.map	512	512	155	365	155	361	7.41421
1	maps/mazes/maze_007.map	512	512	113	120	106	120	7
1	maps/mazes/maze_007.map	512	512	1	225	4	221	7
1	maps/mazes/maze_007.map	512	512	395	65	392	59	7.82843
0	maps/mazes/maze_007.map	512	512	496	414	499	412	3.82843
0	maps/mazes/maze_007.map	512	512	176	212	179	212	3
0	maps/mazes/maze_007.map	512	512	205	293	204	296	3.41421
0	maps/mazes/maze_007.map	512	512	405	149	408	148	3.41421
0	maps/mazes/maze_007.map	512	512	132	69	132	66	3
0	maps/mazes/maze_007.map	512	512	148	249	151	249	3
0	maps/mazes/maze_007.map	512	512	215	277	218	277	3
0	maps/mazes/maze_007.map	512	512	300	49	297	49	3
0	maps/mazes/maze_007.map	512	512	108	189	109	192	3.41421
0	maps/mazes/maze_007.map	512	512	362	336	365	338	3.82843
