version 1
127	maps/mazes/maze_065.map	512	512	351	72	112	17	511.539
127	maps/mazes/maze_065.map	512	512	218	328	197	202	511.368
127	maps/mazes/maze_065.map	512	512	350	205	360	117	511.296
127	maps/mazes/maze_065.map	512	512	341	416	254	501	511.882
127	maps/mazes/maze_065.map	512	512	232	125	209	91	511.468
127	maps/mazes/maze_065.map	512	512	350	305	161	219	511.368
127	maps/mazes/maze_065.map	512	512	329	199	255	69	511.782
127	maps/mazes/maze_065.map	512	512	52	49	219	41	511.953
127	maps/mazes/maze_065.map	512	512	92	159	81	16	511.64
127	maps/mazes/maze_065.map	512	512	1	340	44	132	511.811
107	maps/mazes/maze_065.map	512	512	127	37	88	3	429.125
126	maps/mazes/maze_065.map	512	512	356	195	362	176	507.368
126	maps/mazes/maze_065.map	512	512	1	325	37	144	507.225
126	maps/mazes/maze_065.map	512	512	51	373	16	189	507.811
126	maps/mazes/maze_065.map	512	512	116	349	220	343	507.439
126	maps/mazes/maze_065.map	512	512	0	461	69	347	507.225
126	maps/mazes/maze_065.map	512	512	221	137	189	186	507.711
126	maps/mazes/maze_065.map	512	512	141	124	125	17	507.125
126	maps/mazes/maze_065.map	512	512	173	320	261	363	507.125
126	maps/mazes/maze_065.map	512	512	417	1	200	35	507.125
126	maps/mazes/maze_065.map	512	512	349	120	229	17	507.125
125	maps/mazes/maze_065.map	512	512	285	289	256	302	503.095
125	maps/mazes/maze_065.map	512	512	480	86	361	56	503.125
125	maps/mazes/maze_065.map	512	512	360	85	232	84	503.711
125	maps/mazes/maze_065.map	512	512	102	65	44	133	503.983
125	maps/mazes/maze_065.map	512	512	5	251	105	161	503.64
125	maps/mazes/maze_065.map	512	512	445	501	312	488	503.782
81	maps/mazes/maze_065.map	512	512	481	384	485	447	326.012
125	maps/mazes/maze_065.map	512	512	29	352	154	372	503.368
125	maps/mazes/maze_065.map	512	512	146	484	133	394	503.811
125	maps/mazes/maze_065.map	512	512	492	226	340	239	503.225
125	maps/mazes/maze_065.map	512	512	265	101	253	71	503.782
124	maps/mazes/maze_065.map	512	512	42	201	112	85	499.882
124	maps/mazes/maze_065.map	512	512	289	199	270	64	499.924
124	maps/mazes/maze_065.map	512	512	153	257	29	136	499.811
124	maps/mazes/maze_065.map	512	512	395	457	323	456	499.811
124	maps/mazes/maze_065.map	512	512	32	1	215	77	499.368
42	maps/mazes/maze_065.map	512	512	8	189	26	237	169.113
32	maps/mazes/maze_065.map	512	512	396	65	444	88	128.556
124	maps/mazes/maze_065.map	512	512	449	336	392	405	499.882
124	maps/mazes/maze_065.map	512	512	44	192	115	81	499.539
124	maps/mazes/maze_065.map	512	512	53	237	133	148	499.225
124	maps/mazes/maze_065.map	512	512	140	13	361	37	499.368
124	maps/mazes/maze_065.map	512	512	341	500	268	456	499.711
90	maps/mazes/maze_065.map	512	512	273	359	349	365	363.012
123	maps/mazes/maze_065.map	512	512	472	44	260	13	495.368
123	maps/mazes/maze_065.map	512	512	390	396	272	494	495.64
123	maps/mazes/maze_065.map	512	512	303	441	253	424	495.125
123	maps/mazes/maze_065.map	512	512	50	376	14	188	495.397
15	maps/mazes/maze_065.map	512	512	416	97	400	129	62.7279
123	maps/mazes/maze_065.map	512	512	315	333	192	183	495.368
123	maps/mazes/maze_065.map	512	512	413	501	323	508	495.61
123	maps/mazes/maze_065.map	512	512	480	283	349	288	495.397
123	maps/mazes/maze_065.map	512	512	193	425	240	308	495.296
123	maps/mazes/maze_065.map	512	512	136	457	200	503	495.439
123	maps/mazes/maze_065.map	512	512	113	484	203	497	495.953
122	maps/mazes/maze_065.map	512	512	131	329	243	332	491.267
122	maps/mazes/maze_065.map	512	512	339	321	165	210	491.711
122	maps/mazes/maze_065.map	512	512	363	321	230	341	491.953
122	maps/mazes/maze_065.map	512	512	201	198	201	64	491.054
122	maps/mazes/maze_065.map	512	512	401	273	401	336	491.024
122	maps/mazes/maze_065.map	512	512	204	246	264	352	491.296
122	maps/mazes/maze_065.map	512	512	169	393	212	325	491.853
122	maps/mazes/maze_065.map	512	512	87	248	95	164	491.154
122	maps/mazes/maze_065.map	512	512	471	308	368	281	491.64
122	maps/mazes/maze_065.map	512	512	161	381	309	343	491.196
121	maps/mazes/maze_065.map	512	512	89	393	188	459	487.853
121	maps/mazes/maze_065.map	512	512	411	468	461	501	487.912
121	maps/mazes/maze_065.map	512	512	350	41	195	85	487.711
121	maps/mazes/maze_065.map	512	512	89	5	185	98	487.368
121	maps/mazes/maze_065.map	512	512	55	124	101	28	487.64
121	maps/mazes/maze_065.map	512	512	36	128	105	91	487.983
121	maps/mazes/maze_065.map	512	512	104	189	74	52	487.912
121	maps/mazes/maze_065.map	512	512	477	286	368	282	487.225
121	maps/mazes/maze_065.map	512	512	340	251	365	148	487.154
121	maps/mazes/maze_065.map	512	512	199	172	264	326	487.368
120	maps/mazes/maze_065.map	512	512	349	220	375	92	483.397
120	maps/mazes/maze_065.map	512	512	408	175	286	41	482.811
120	maps/mazes/maze_065.map	512	512	16	86	133	20	483.953
120	maps/mazes/maze_065.map	512	512	494	361	381	336	483.882
120	maps/mazes/maze_065.map	512	512	173	260	42	129	483.983
120	maps/mazes/maze_065.map	512	512	98	17	301	53	483.953
120	maps/mazes/maze_065.map	512	512	100	94	107	1	483.882
120	maps/mazes/maze_065.map	512	512	480	308	392	351	483.468
120	maps/mazes/maze_065.map	512	512	272	359	201	210	483.296
120	maps/mazes/maze_065.map	512	512	333	127	231	17	483.882
119	maps/mazes/maze_065.map	512	512	472	293	368	285	479.64
119	maps/mazes/maze_065.map	512	512	233	427	264	331	479.468
119	maps/mazes/maze_065.map	512	512	106	196	105	95	479.74
119	maps/mazes/maze_065.map	512	512	441	485	428	487	479.669
119	maps/mazes/maze_065.map	512	512	12	179	148	114	479.811
119	maps/mazes/maze_065.map	512	512	114	464	205	506	479.024
119	maps/mazes/maze_065.map	512	512	258	56	190	108	479.296
119	maps/mazes/maze_065.map	512	512	420	504	336	508	479.196
61	maps/mazes/maze_065.map	512	512	73	41	112	144	245.698
119	maps/mazes/maze_065.map	512	512	68	29	204	77	479.539
119	maps/mazes/maze_065.map	512	512	264	77	233	100	479.054
118	maps/mazes/maze_065.map	512	512	178	445	264	307	475.539
118	maps/mazes/maze_065.map	512	512	20	24	201	59	475.539
118	maps/mazes/maze_065.map	512	512	267	312	165	185	475.711
118	maps/mazes/maze_065.map	512	512	73	48	203	73	475.368
118	maps/mazes/maze_065.map	512	512	490	356	437	249	475.397
118	maps/mazes/maze_065.map	512	512	210	185	213	288	474.953
62	maps/mazes/maze_065.map	512	512	54	317	87	273	249.426
118	maps/mazes/maze_065.map	512	512	174	477	311	460	475.882
118	maps/mazes/maze_065.map	512	512	61	320	32	152	474.64
118	maps/mazes/maze_065.map	512	512	38	441	136	347	475.64
118	maps/mazes/maze_065.map	512	512	172	35	350	72	475.468
117	maps/mazes/maze_065.map	512	512	230	401	233	469	471.468
117	maps/mazes/maze_065.map	512	512	180	131	294	44	471.711
117	maps/mazes/maze_065.map	512	512	260	385	272	451	471.054
117	maps/mazes/maze_065.map	512	512	361	235	376	131	471.811
117	maps/mazes/maze_065.map	512	512	385	209	369	75	471.983
117	maps/mazes/maze_065.map	512	512	253	127	280	46	471.196
117	maps/mazes/maze_065.map	512	512	430	413	484	471	470.711
117	maps/mazes/maze_065.map	512	512	73	108	78	16	471.811
117	maps/mazes/maze_065.map	512	512	412	369	339	413	471.468
117	maps/mazes/maze_065.map	512	512	9	296	43	149	470.74
116	maps/mazes/maze_065.map	512	512	180	228	201	93	467.296
116	maps/mazes/maze_065.map	512	512	334	428	263	508	467.225
116	maps/mazes/maze_065.map	512	512	224	395	253	329	467.711
116	maps/mazes/maze_065.map	512	512	25	341	154	372	467.539
116	maps/mazes/maze_065.map	512	512	436	509	312	488	467.368
116	maps/mazes/maze_065.map	512	512	448	312	395	229	467.296
116	maps/mazes/maze_065.map	512	512	97	407	140	388	467.497
116	maps/mazes/maze_065.map	512	512	462	333	388	366	467.225
116	maps/mazes/maze_065.map	512	512	116	96	151	17	467.882
116	maps/mazes/maze_065.map	512	512	126	236	118	92	467.154
115	maps/mazes/maze_065.map	512	512	145	229	138	105	463.912
115	maps/mazes/maze_065.map	512	512	169	30	159	145	463.125
115	maps/mazes/maze_065.map	512	512	211	293	237	343	463.539
115	maps/mazes/maze_065.map	512	512	475	84	369	50	463.64
115	maps/mazes/maze_065.map	512	512	373	93	477	215	463.054
115	maps/mazes/maze_065.map	512	512	453	198	348	72	463.569
115	maps/mazes/maze_065.map	512	512	108	484	178	505	463.125
115	maps/mazes/maze_065.map	512	512	496	5	269	32	463.64
115	maps/mazes/maze_065.map	512	512	24	354	166	368	463.782
115	maps/mazes/maze_065.map	512	512	509	181	442	169	463.711
114	maps/mazes/maze_065.map	512	512	257	214	278	93	458.711
114	maps/mazes/maze_065.map	512	512	441	244	368	276	459.569
114	maps/mazes/maze_065.map	512	512	489	429	425	362	459.225
114	maps/mazes/maze_065.map	512	512	293	393	264	311	459.468
114	maps/mazes/maze_065.map	512	512	113	128	115	5	459.225
114	maps/mazes/maze_065.map	512	512	205	323	256	318	459.296
114	maps/mazes/maze_065.map	512	512	50	484	121	405	459.054
114	maps/mazes/maze_065.map	512	512	204	492	304	450	459.397
114	maps/mazes/maze_065.map	512	512	509	495	459	493	459.841
114	maps/mazes/maze_065.map	512	512	282	420	265	332	459.468
113	maps/mazes/maze_065.map	512	512	320	448	245	480	455.811
113	maps/mazes/maze_065.map	512	512	180	402	265	320	455.125
113	maps/mazes/maze_065.map	512	512	304	225	262	85	455.296
113	maps/mazes/maze_065.map	512	512	490	277	361	288	455.74
113	maps/mazes/maze_065.map	512	512	119	248	117	90	455.74
113	maps/mazes/maze_065.map	512	512	37	425	153	346	455.711
113	maps/mazes/maze_065.map	512	512	13	448	52	385	455.64
113	maps/mazes/maze_065.map	512	512	43	64	64	51	455.296
113	maps/mazes/maze_065.map	512	512	292	228	316	303	455.267
113	maps/mazes/maze_065.map	512	512	385	383	320	460	455.154
112	maps/mazes/maze_065.map	512	512	441	65	352	47	451.125
112	maps/mazes/maze_065.map	512	512	322	204	261	89	451.054
112	maps/mazes/maze_065.map	512	512	25	40	197	32	451.054
112	maps/mazes/maze_065.map	512	512	488	305	388	229	451.154
112	maps/mazes/maze_065.map	512	512	416	252	439	292	451.953
112	maps/mazes/maze_065.map	512	512	16	104	93	46	451.811
112	maps/mazes/maze_065.map	512	512	115	325	53	317	451.397
112	maps/mazes/maze_065.map	512	512	316	100	251	77	451.054
112	maps/mazes/maze_065.map	512	512	500	405	436	359	451.983
112	maps/mazes/maze_065.map	512	512	8	111	100	61	451.397
111	maps/mazes/maze_065.map	512	512	117	331	218	321	447.61
111	maps/mazes/maze_065.map	512	512	169	96	62	25	447.154
111	maps/mazes/maze_065.map	512	512	74	185	39	292	447.397
111	maps/mazes/maze_065.map	512	512	24	124	116	97	447.811
111	maps/mazes/maze_065.map	512	512	194	108	188	249	447.811
111	maps/mazes/maze_065.map	512	512	434	260	341	217	447.841
111	maps/mazes/maze_065.map	512	512	352	192	387	176	447.711
111	maps/mazes/maze_065.map	512	512	308	215	264	88	447.468
111	maps/mazes/maze_065.map	512	512	1	141	97	125	447.054
111	maps/mazes/maze_065.map	512	512	386	257	421	292	447.539
110	maps/mazes/maze_065.map	512	512	132	228	137	110	443.083
110	maps/mazes/maze_065.map	512	512	333	73	277	13	443.054
110	maps/mazes/maze_065.map	512	512	12	359	168	338	443.811
110	maps/mazes/maze_065.map	512	512	16	84	109	4	443.468
110	maps/mazes/maze_065.map	512	512	326	44	104	11	443.468
110	maps/mazes/maze_065.map	512	512	344	398	272	313	443.569
110	maps/mazes/maze_065.map	512	512	324	221	373	129	443.569
110	maps/mazes/maze_065.map	512	512	52	133	120	81	443.154
110	maps/mazes/maze_065.map	512	512	81	145	110	29	443.569
110	maps/mazes/maze_065.map	512	512	114	312	61	311	443.983
0	maps/mazes/maze_065.map	512	512	413	254	413	253	1
109	maps/mazes/maze_065.map	512	512	487	429	436	358	439.397
109	maps/mazes/maze_065.map	512	512	507	16	371	60	439.397
109	maps/mazes/maze_065.map	512	512	212	170	233	87	439.74
109	maps/mazes/maze_065.map	512	512	184	146	175	25	439.882
109	maps/mazes/maze_065.map	512	512	344	42	216	98	439.397
109	maps/mazes/maze_065.map	512	512	273	281	301	347	438.61
109	maps/mazes/maze_065.map	512	512	121	418	124	381	439.255
109	maps/mazes/maze_065.map	512	512	394	293	394	300	439.024
109	maps/mazes/maze_065.map	512	512	112	385	191	468	439.539
109	maps/mazes/maze_065.map	512	512	171	188	264	301	439.296
108	maps/mazes/maze_065.map	512	512	112	205	39	141	435.811
108	maps/mazes/maze_065.map	512	512	325	257	365	169	435.74
108	maps/mazes/maze_065.map	512	512	211	308	229	341	435.711
108	maps/mazes/maze_065.map	512	512	80	86	76	24	435.983
108	maps/mazes/maze_065.map	512	512	437	147	377	37	435.882
108	maps/mazes/maze_065.map	512	512	60	172	104	69	435.083
108	maps/mazes/maze_065.map	512	512	203	280	220	323	435.296
108	maps/mazes/maze_065.map	512	512	268	202	288	93	435.468
108	maps/mazes/maze_065.map	512	512	216	349	253	332	435.74
108	maps/mazes/maze_065.map	512	512	240	370	189	229	435.397
107	maps/mazes/maze_065.map	512	512	457	214	374	93	431.397
107	maps/mazes/maze_065.map	512	512	401	0	220	52	431.811
107	maps/mazes/maze_065.map	512	512	331	272	220	257	431.539
107	maps/mazes/maze_065.map	512	512	209	114	99	5	431.468
107	maps/mazes/maze_065.map	512	512	277	124	285	30	431.054
107	maps/mazes/maze_065.map	512	512	12	421	144	350	431.569
107	maps/mazes/maze_065.map	512	512	44	204	137	105	431.983
107	maps/mazes/maze_065.map	512	512	9	160	140	108	431.912
66	maps/mazes/maze_065.map	512	512	119	61	41	1	266.77
107	maps/mazes/maze_065.map	512	512	365	110	232	32	431.569
106	maps/mazes/maze_065.map	512	512	504	77	493	199	427.711
106	maps/mazes/maze_065.map	512	512	288	277	264	310	427.61
106	maps/mazes/maze_065.map	512	512	419	473	461	506	427.669
106	maps/mazes/maze_065.map	512	512	344	300	241	374	427.811
106	maps/mazes/maze_065.map	512	512	92	321	64	316	426.74
106	maps/mazes/maze_065.map	512	512	425	195	344	54	427.497
106	maps/mazes/maze_065.map	512	512	377	302	440	316	427.468
106	maps/mazes/maze_065.map	512	512	485	148	449	224	427.64
106	maps/mazes/maze_065.map	512	512	140	493	120	388	427.083
106	maps/mazes/maze_065.map	512	512	217	212	220	89	427.154
105	maps/mazes/maze_065.map	512	512	197	57	368	82	423.397
105	maps/mazes/maze_065.map	512	512	280	438	265	364	423.225
105	maps/mazes/maze_065.map	512	512	39	292	69	175	423.569
105	maps/mazes/maze_065.map	512	512	281	264	298	332	423.468
105	maps/mazes/maze_065.map	512	512	408	335	381	333	423.326
105	maps/mazes/maze_065.map	512	512	403	52	337	44	423.054
105	maps/mazes/maze_065.map	512	512	455	148	472	214	423.225
48	maps/mazes/maze_065.map	512	512	56	264	85	332	194.799
105	maps/mazes/maze_065.map	512	512	508	301	386	229	423.74
105	maps/mazes/maze_065.map	512	512	310	425	289	508	423.397
105	maps/mazes/maze_065.map	512	512	500	213	371	128	423.983
104	maps/mazes/maze_065.map	512	512	133	139	104	17	419.569
104	maps/mazes/maze_065.map	512	512	206	308	223	341	419.882
104	maps/mazes/maze_065.map	512	512	130	72	45	145	419.497
104	maps/mazes/maze_065.map	512	512	441	42	278	13	419.64
104	maps/mazes/maze_065.map	512	512	53	398	175	348	419.782
104	maps/mazes/maze_065.map	512	512	312	408	239	300	419.811
104	maps/mazes/maze_065.map	512	512	40	365	9	229	419.083
104	maps/mazes/maze_065.map	512	512	81	414	157	326	419.296
104	maps/mazes/maze_065.map	512	512	108	32	293	44	419.225
104	maps/mazes/maze_065.map	512	512	116	496	161	499	419.054
103	maps/mazes/maze_065.map	512	512	52	143	65	18	415.74
103	maps/mazes/maze_065.map	512	512	461	417	421	329	415.397
103	maps/mazes/maze_065.map	512	512	204	246	264	327	415.225
103	maps/mazes/maze_065.map	512	512	342	461	274	505	415.397
103	maps/mazes/maze_065.map	512	512	69	324	40	142	415.569
103	maps/mazes/maze_065.map	512	512	32	273	84	173	415.154
103	maps/mazes/maze_065.map	512	512	46	173	112	100	415.912
103	maps/mazes/maze_065.map	512	512	361	241	362	176	415.154
103	maps/mazes/maze_065.map	512	512	320	361	349	296	415.882
103	maps/mazes/maze_065.map	512	512	188	20	376	76	415.983
102	maps/mazes/maze_065.map	512	512	390	388	301	464	411.083
102	maps/mazes/maze_065.map	512	512	453	64	370	60	411.468
102	maps/mazes/maze_065.map	512	512	445	107	357	35	411.054
102	maps/mazes/maze_065.map	512	512	476	361	404	346	411.569
102	maps/mazes/maze_065.map	512	512	370	208	368	183	411.225
102	maps/mazes/maze_065.map	512	512	24	227	132	160	411.083
102	maps/mazes/maze_065.map	512	512	260	481	256	432	411.811
102	maps/mazes/maze_065.map	512	512	160	249	44	227	411.74
102	maps/mazes/maze_065.map	512	512	102	345	173	335	411.468
102	maps/mazes/maze_065.map	512	512	259	380	214	268	411.569
101	maps/mazes/maze_065.map	512	512	276	367	249	308	407.74
13	maps/mazes/maze_065.map	512	512	436	110	426	141	54.3137
101	maps/mazes/maze_065.map	512	512	171	213	193	85	407.983
100	maps/mazes/maze_065.map	512	512	295	276	315	353	401.953
101	maps/mazes/maze_065.map	512	512	19	129	120	105	407.225
101	maps/mazes/maze_065.map	512	512	377	314	440	311	407.397
101	maps/mazes/maze_065.map	512	512	116	216	110	157	407.326
101	maps/mazes/maze_065.map	512	512	112	250	142	112	407.255
97	maps/mazes/maze_065.map	512	512	375	349	236	324	388.569
101	maps/mazes/maze_065.map	512	512	186	465	245	472	407.64
101	maps/mazes/maze_065.map	512	512	395	449	302	436	407.74
101	maps/mazes/maze_065.map	512	512	149	401	191	437	407.539
101	maps/mazes/maze_065.map	512	512	505	316	442	249	407.154
100	maps/mazes/maze_065.map	512	512	448	127	371	41	403.811
100	maps/mazes/maze_065.map	512	512	184	341	189	268	403.397
100	maps/mazes/maze_065.map	512	512	453	309	437	249	403.054
100	maps/mazes/maze_065.map	512	512	214	140	256	13	403.225
100	maps/mazes/maze_065.map	512	512	253	228	188	221	403.983
100	maps/mazes/maze_065.map	512	512	185	265	154	333	403.711
100	maps/mazes/maze_065.map	512	512	180	420	167	369	403.64
100	maps/mazes/maze_065.map	512	512	143	292	168	361	403.882
100	maps/mazes/maze_065.map	512	512	39	404	154	368	403.711
99	maps/mazes/maze_065.map	512	512	245	93	252	76	399.983
99	maps/mazes/maze_065.map	512	512	284	321	201	199	399.468
99	maps/mazes/maze_065.map	512	512	402	245	438	289	399.64
99	maps/mazes/maze_065.map	512	512	196	493	247	424	399.74
99	maps/mazes/maze_065.map	512	512	72	459	140	449	399.154
99	maps/mazes/maze_065.map	512	512	392	95	257	13	399.468
99	maps/mazes/maze_065.map	512	512	41	13	144	132	399.255
99	maps/mazes/maze_065.map	512	512	146	417	185	456	399.539
99	maps/mazes/maze_065.map	512	512	188	221	237	337	399.569
99	maps/mazes/maze_065.map	512	512	464	41	356	69	399.397
98	maps/mazes/maze_065.map	512	512	293	128	277	92	395.497
98	maps/mazes/maze_065.map	512	512	449	205	376	70	395.497
98	maps/mazes/maze_065.map	512	512	380	265	409	313	395.225
98	maps/mazes/maze_065.map	512	512	68	280	45	292	395.468
98	maps/mazes/maze_065.map	512	512	398	340	336	439	395.912
98	maps/mazes/maze_065.map	512	512	389	44	273	63	394.74
98	maps/mazes/maze_065.map	512	512	352	316	280	340	395.054
98	maps/mazes/maze_065.map	512	512	80	369	178	348	395.711
98	maps/mazes/maze_065.map	512	512	27	133	111	120	395.225
98	maps/mazes/maze_065.map	512	512	404	237	424	290	395.811
97	maps/mazes/maze_065.map	512	512	17	225	74	173	391.326
97	maps/mazes/maze_065.map	512	512	384	347	332	452	391.326
97	maps/mazes/maze_065.map	512	512	232	47	209	100	391.74
97	maps/mazes/maze_065.map	512	512	104	84	123	9	391.983
97	maps/mazes/maze_065.map	512	512	164	472	237	497	391.983
97	maps/mazes/maze_065.map	512	512	190	121	229	130	391.497
97	maps/mazes/maze_065.map	512	512	124	400	201	465	390.953
97	maps/mazes/maze_065.map	512	512	47	485	145	398	391.326
97	maps/mazes/maze_065.map	512	512	197	445	245	460	391.569
69	maps/mazes/maze_065.map	512	512	388	202	325	253	277.941
96	maps/mazes/maze_065.map	512	512	273	427	265	364	387.569
96	maps/mazes/maze_065.map	512	512	21	200	133	147	387.669
96	maps/mazes/maze_065.map	512	512	65	105	74	40	387.497
96	maps/mazes/maze_065.map	512	512	241	285	308	313	387.711
96	maps/mazes/maze_065.map	512	512	412	410	450	452	387.054
96	maps/mazes/maze_065.map	512	512	230	321	192	247	387.154
96	maps/mazes/maze_065.map	512	512	323	348	188	228	387.569
96	maps/mazes/maze_065.map	512	512	70	365	178	348	387.125
96	maps/mazes/maze_065.map	512	512	37	413	125	335	387.497
96	maps/mazes/maze_065.map	512	512	63	156	74	16	387.083
95	maps/mazes/maze_065.map	512	512	463	65	315	41	383.983
95	maps/mazes/maze_065.map	512	512	277	464	369	417	383.426
95	maps/mazes/maze_065.map	512	512	318	96	276	91	383.083
95	maps/mazes/maze_065.map	512	512	120	111	109	9	383.912
95	maps/mazes/maze_065.map	512	512	177	181	226	73	383.083
95	maps/mazes/maze_065.map	512	512	140	307	89	245	383.225
95	maps/mazes/maze_065.map	512	512	437	52	292	41	383.397
95	maps/mazes/maze_065.map	512	512	97	332	168	361	383.054
95	maps/mazes/maze_065.map	512	512	217	54	165	151	383.569
95	maps/mazes/maze_065.map	512	512	63	400	154	317	383.64
94	maps/mazes/maze_065.map	512	512	307	120	278	93	378.669
94	maps/mazes/maze_065.map	512	512	438	80	367	60	379.225
94	maps/mazes/maze_065.map	512	512	219	369	233	343	379.154
94	maps/mazes/maze_065.map	512	512	103	356	32	462	379.912
94	maps/mazes/maze_065.map	512	512	321	385	264	308	379.497
94	maps/mazes/maze_065.map	512	512	344	134	281	50	379.569
94	maps/mazes/maze_065.map	512	512	103	280	42	225	379.983
94	maps/mazes/maze_065.map	512	512	188	409	275	316	379.154
94	maps/mazes/maze_065.map	512	512	86	16	148	114	379.255
94	maps/mazes/maze_065.map	512	512	9	409	135	344	379.083
93	maps/mazes/maze_065.map	512	512	328	325	161	215	375.912
93	maps/mazes/maze_065.map	512	512	49	297	28	194	375.983
93	maps/mazes/maze_065.map	512	512	368	201	412	179	375.983
93	maps/mazes/maze_065.map	512	512	216	28	274	85	375.912
93	maps/mazes/maze_065.map	512	512	112	225	78	157	375.497
93	maps/mazes/maze_065.map	512	512	250	213	320	111	375.64
93	maps/mazes/maze_065.map	512	512	295	128	295	93	375.083
93	maps/mazes/maze_065.map	512	512	220	305	192	268	375.569
93	maps/mazes/maze_065.map	512	512	93	232	82	165	375.497
93	maps/mazes/maze_065.map	512	512	176	260	21	210	375.326
33	maps/mazes/maze_065.map	512	512	154	152	128	106	135.556
92	maps/mazes/maze_065.map	512	512	5	49	109	31	371.154
92	maps/mazes/maze_065.map	512	512	457	484	373	487	371.426
92	maps/mazes/maze_065.map	512	512	393	298	448	321	371.154
92	maps/mazes/maze_065.map	512	512	509	469	474	508	371.012
92	maps/mazes/maze_065.map	512	512	465	188	385	90	371.497
92	maps/mazes/maze_065.map	512	512	372	403	236	344	371.083
92	maps/mazes/maze_065.map	512	512	24	154	145	126	371.669
92	maps/mazes/maze_065.map	512	512	296	93	353	47	371.569
92	maps/mazes/maze_065.map	512	512	135	353	217	334	371.468
92	maps/mazes/maze_065.map	512	512	211	101	201	224	371.912
91	maps/mazes/maze_065.map	512	512	168	156	201	58	367.326
91	maps/mazes/maze_065.map	512	512	493	352	479	241	367.184
91	maps/mazes/maze_065.map	512	512	289	219	351	309	367.64
91	maps/mazes/maze_065.map	512	512	376	101	272	62	367.669
91	maps/mazes/maze_065.map	512	512	135	181	123	168	367.184
91	maps/mazes/maze_065.map	512	512	49	365	9	271	367.841
91	maps/mazes/maze_065.map	512	512	481	176	437	222	367.74
91	maps/mazes/maze_065.map	512	512	255	180	256	67	367.882
91	maps/mazes/maze_065.map	512	512	241	329	284	384	366.669
91	maps/mazes/maze_065.map	512	512	361	162	350	209	367.74
90	maps/mazes/maze_065.map	512	512	476	425	446	329	363.154
90	maps/mazes/maze_065.map	512	512	73	496	140	387	363.012
90	maps/mazes/maze_065.map	512	512	288	150	272	45	363.811
90	maps/mazes/maze_065.map	512	512	317	254	353	303	363.811
90	maps/mazes/maze_065.map	512	512	107	400	121	507	363.669
90	maps/mazes/maze_065.map	512	512	148	50	218	89	363.811
90	maps/mazes/maze_065.map	512	512	214	77	362	56	363.912
90	maps/mazes/maze_065.map	512	512	352	508	413	489	363.296
90	maps/mazes/maze_065.map	512	512	4	480	37	386	363.083
89	maps/mazes/maze_065.map	512	512	357	267	399	216	359.426
89	maps/mazes/maze_065.map	512	512	185	356	216	273	359.497
89	maps/mazes/maze_065.map	512	512	494	381	441	338	359.497
89	maps/mazes/maze_065.map	512	512	184	461	243	488	359.154
89	maps/mazes/maze_065.map	512	512	136	500	92	416	359.598
89	maps/mazes/maze_065.map	512	512	353	192	421	211	359.225
89	maps/mazes/maze_065.map	512	512	500	288	432	248	359.154
78	maps/mazes/maze_065.map	512	512	210	208	203	108	313.77
89	maps/mazes/maze_065.map	512	512	64	179	105	99	359.426
86	maps/mazes/maze_065.map	512	512	28	353	146	360	344.497
89	maps/mazes/maze_065.map	512	512	372	353	261	330	359.154
89	maps/mazes/maze_065.map	512	512	197	281	180	345	359.326
88	maps/mazes/maze_065.map	512	512	133	288	25	166	355.598
88	maps/mazes/maze_065.map	512	512	105	300	45	257	355.426
88	maps/mazes/maze_065.map	512	512	313	147	272	32	355.154
88	maps/mazes/maze_065.map	512	512	403	385	314	452	355.841
88	maps/mazes/maze_065.map	512	512	257	419	260	344	355.154
88	maps/mazes/maze_065.map	512	512	346	25	373	88	355.74
88	maps/mazes/maze_065.map	512	512	408	253	428	290	352.154
88	maps/mazes/maze_065.map	512	512	49	344	28	137	355.255
88	maps/mazes/maze_065.map	512	512	334	257	395	177	355.669
88	maps/mazes/maze_065.map	512	512	152	396	158	460	355.64
87	maps/mazes/maze_065.map	512	512	428	133	380	65	351.74
87	maps/mazes/maze_065.map	512	512	509	309	437	248	351.912
87	maps/mazes/maze_065.map	512	512	313	453	247	480	351.912
87	maps/mazes/maze_065.map	512	512	473	237	361	267	351.841
87	maps/mazes/maze_065.map	512	512	126	396	113	464	351.711
87	maps/mazes/maze_065.map	512	512	248	192	256	89	351.225
87	maps/mazes/maze_065.map	512	512	416	369	395	396	351.497
87	maps/mazes/maze_065.map	512	512	260	459	173	477	351.083
87	maps/mazes/maze_065.map	512	512	480	249	360	285	351.598
87	maps/mazes/maze_065.map	512	512	284	423	256	362	350.74
86	maps/mazes/maze_065.map	512	512	244	54	365	42	347.083
86	maps/mazes/maze_065.map	512	512	253	450	312	490	347.326
86	maps/mazes/maze_065.map	512	512	229	428	245	357	347.912
86	maps/mazes/maze_065.map	512	512	385	41	225	17	347.154
86	maps/mazes/maze_065.map	512	512	177	309	224	343	346.74
86	maps/mazes/maze_065.map	512	512	213	212	256	302	347.326
86	maps/mazes/maze_065.map	512	512	65	21	216	37	346.74
86	maps/mazes/maze_065.map	512	512	313	248	320	283	347.497
86	maps/mazes/maze_065.map	512	512	201	165	161	219	347.74
85	maps/mazes/maze_065.map	512	512	448	261	354	233	343.941
85	maps/mazes/maze_065.map	512	512	276	497	232	432	343.083
85	maps/mazes/maze_065.map	512	512	259	224	320	131	343.983
85	maps/mazes/maze_065.map	512	512	257	437	273	393	343.841
85	maps/mazes/maze_065.map	512	512	446	364	416	378	343.255
85	maps/mazes/maze_065.map	512	512	199	508	225	434	343.497
26	maps/mazes/maze_065.map	512	512	47	337	39	277	105.556
85	maps/mazes/maze_065.map	512	512	365	216	333	244	343.598
85	maps/mazes/maze_065.map	512	512	80	363	155	372	343.983
85	maps/mazes/maze_065.map	512	512	34	49	127	13	343.326
85	maps/mazes/maze_065.map	512	512	299	309	257	329	343.154
84	maps/mazes/maze_065.map	512	512	496	333	468	250	339.912
84	maps/mazes/maze_065.map	512	512	220	293	185	181	339.912
84	maps/mazes/maze_065.map	512	512	153	24	209	99	339.912
84	maps/mazes/maze_065.map	512	512	236	321	163	209	339.426
84	maps/mazes/maze_065.map	512	512	151	8	62	49	339.74
84	maps/mazes/maze_065.map	512	512	388	241	396	302	339.569
84	maps/mazes/maze_065.map	512	512	262	17	226	89	339.497
84	maps/mazes/maze_065.map	512	512	464	352	405	376	339.669
84	maps/mazes/maze_065.map	512	512	442	128	380	70	339.497
84	maps/mazes/maze_065.map	512	512	349	122	282	56	339.569
83	maps/mazes/maze_065.map	512	512	440	484	504	508	335.012
83	maps/mazes/maze_065.map	512	512	328	178	268	78	335.497
83	maps/mazes/maze_065.map	512	512	349	226	360	181	335.841
83	maps/mazes/maze_065.map	512	512	65	325	25	165	335.497
83	maps/mazes/maze_065.map	512	512	444	437	422	480	335.912
83	maps/mazes/maze_065.map	512	512	238	125	176	133	335.598
83	maps/mazes/maze_065.map	512	512	320	136	275	36	335.912
83	maps/mazes/maze_065.map	512	512	484	107	384	25	335.255
83	maps/mazes/maze_065.map	512	512	417	452	484	471	335.012
83	maps/mazes/maze_065.map	512	512	1	353	3	204	335.426
82	maps/mazes/maze_065.map	512	512	349	504	247	481	331.669
82	maps/mazes/maze_065.map	512	512	133	457	188	480	331.64
69	maps/mazes/maze_065.map	512	512	374	40	384	11	278.355
82	maps/mazes/maze_065.map	512	512	469	468	428	488	331.87
82	maps/mazes/maze_065.map	512	512	220	507	225	446	331.497
82	maps/mazes/maze_065.map	512	512	159	297	121	265	331.983
82	maps/mazes/maze_065.map	512	512	221	30	173	97	331.326
82	maps/mazes/maze_065.map	512	512	365	160	309	43	331.184
82	maps/mazes/maze_065.map	512	512	47	509	89	395	331.255
82	maps/mazes/maze_065.map	512	512	396	24	232	1	331.083
82	maps/mazes/maze_065.map	512	512	177	100	161	215	331.083
49	maps/mazes/maze_065.map	512	512	15	188	44	152	199.627
81	maps/mazes/maze_065.map	512	512	69	61	117	168	327.77
81	maps/mazes/maze_065.map	512	512	148	400	169	472	327.225
81	maps/mazes/maze_065.map	512	512	188	215	188	105	327.355
81	maps/mazes/maze_065.map	512	512	188	465	212	508	327.912
81	maps/mazes/maze_065.map	512	512	353	327	213	287	327.74
81	maps/mazes/maze_065.map	512	512	481	220	375	237	327.426
81	maps/mazes/maze_065.map	512	512	274	200	293	106	327.569
81	maps/mazes/maze_065.map	512	512	323	28	255	13	327.326
57	maps/mazes/maze_065.map	512	512	350	260	377	196	229.426
81	maps/mazes/maze_065.map	512	512	157	166	123	168	327.355
80	maps/mazes/maze_065.map	512	512	87	293	52	328	323.497
80	maps/mazes/maze_065.map	512	512	174	40	212	89	323.326
80	maps/mazes/maze_065.map	512	512	233	304	216	260	323.669
80	maps/mazes/maze_065.map	512	512	115	217	84	168	323.841
80	maps/mazes/maze_065.map	512	512	475	217	365	145	323.497
80	maps/mazes/maze_065.map	512	512	52	132	145	143	323.841
80	maps/mazes/maze_065.map	512	512	205	190	233	299	323.569
80	maps/mazes/maze_065.map	512	512	384	284	373	277	323.054
80	maps/mazes/maze_065.map	512	512	93	264	39	144	323.941
80	maps/mazes/maze_065.map	512	512	369	104	245	12	323.841
79	maps/mazes/maze_065.map	512	512	237	140	176	119	319.598
79	maps/mazes/maze_065.map	512	512	394	449	335	440	319.841
79	maps/mazes/maze_065.map	512	512	440	505	310	472	319.569
79	maps/mazes/maze_065.map	512	512	160	27	194	85	319.154
79	maps/mazes/maze_065.map	512	512	51	296	44	248	319.083
79	maps/mazes/maze_065.map	512	512	56	37	148	20	319.083
39	maps/mazes/maze_065.map	512	512	283	12	253	77	159.971
79	maps/mazes/maze_065.map	512	512	486	369	421	384	319.841
79	maps/mazes/maze_065.map	512	512	33	145	147	109	319.012
79	maps/mazes/maze_065.map	512	512	49	212	133	159	319.912
79	maps/mazes/maze_065.map	512	512	41	484	100	385	319.255
78	maps/mazes/maze_065.map	512	512	388	133	444	76	315.669
78	maps/mazes/maze_065.map	512	512	453	365	429	348	315.184
78	maps/mazes/maze_065.map	512	512	45	60	101	29	315.669
66	maps/mazes/maze_065.map	512	512	138	148	105	119	266.284
78	maps/mazes/maze_065.map	512	512	224	200	176	136	315.355
78	maps/mazes/maze_065.map	512	512	436	492	331	480	315.811
78	maps/mazes/maze_065.map	512	512	111	120	96	17	315.012
78	maps/mazes/maze_065.map	512	512	177	108	163	209	315.083
78	maps/mazes/maze_065.map	512	512	39	233	74	164	315.598
78	maps/mazes/maze_065.map	512	512	187	344	304	341	315.255
77	maps/mazes/maze_065.map	512	512	269	483	245	464	311.083
77	maps/mazes/maze_065.map	512	512	44	350	136	348	311.255
77	maps/mazes/maze_065.map	512	512	107	164	137	112	311.355
77	maps/mazes/maze_065.map	512	512	412	420	451	445	311.497
77	maps/mazes/maze_065.map	512	512	393	349	317	433	311.841
77	maps/mazes/maze_065.map	512	512	352	209	364	167	311.012
77	maps/mazes/maze_065.map	512	512	340	45	204	77	311.841
77	maps/mazes/maze_065.map	512	512	384	393	256	307	311.012
77	maps/mazes/maze_065.map	512	512	149	185	81	156	311.284
77	maps/mazes/maze_065.map	512	512	491	272	380	229	311.012
76	maps/mazes/maze_065.map	512	512	121	321	81	242	307.912
76	maps/mazes/maze_065.map	512	512	292	15	229	92	307.255
76	maps/mazes/maze_065.map	512	512	182	232	69	161	307.698
76	maps/mazes/maze_065.map	512	512	352	79	250	13	307.012
76	maps/mazes/maze_065.map	512	512	222	17	196	108	307.912
76	maps/mazes/maze_065.map	512	512	436	225	357	128	307.012
76	maps/mazes/maze_065.map	512	512	208	270	169	356	307.912
76	maps/mazes/maze_065.map	512	512	348	333	265	305	307.912
76	maps/mazes/maze_065.map	512	512	34	52	97	2	307.426
76	maps/mazes/maze_065.map	512	512	25	301	25	190	307.426
75	maps/mazes/maze_065.map	512	512	432	125	382	97	303.255
75	maps/mazes/maze_065.map	512	512	65	377	145	351	303.841
75	maps/mazes/maze_065.map	512	512	145	66	201	63	303.083
75	maps/mazes/maze_065.map	512	512	79	281	52	328	303.497
75	maps/mazes/maze_065.map	512	512	431	292	448	327	303.255
75	maps/mazes/maze_065.map	512	512	470	128	493	212	303.326
75	maps/mazes/maze_065.map	512	512	392	298	416	324	303.497
75	maps/mazes/maze_065.map	512	512	509	33	426	13	303.184
75	maps/mazes/maze_065.map	512	512	424	269	379	312	303.983
75	maps/mazes/maze_065.map	512	512	348	486	312	488	303.012
74	maps/mazes/maze_065.map	512	512	242	28	364	65	299.77
74	maps/mazes/maze_065.map	512	512	193	280	165	331	299.426
44	maps/mazes/maze_065.map	512	512	112	269	162	300	178.941
74	maps/mazes/maze_065.map	512	512	365	224	360	233	299.941
74	maps/mazes/maze_065.map	512	512	133	348	195	332	298.912
74	maps/mazes/maze_065.map	512	512	292	213	317	129	299.326
74	maps/mazes/maze_065.map	512	512	152	16	216	103	299.669
39	maps/mazes/maze_065.map	512	512	308	137	257	80	158.284
74	maps/mazes/maze_065.map	512	512	291	341	170	228	299.012
74	maps/mazes/maze_065.map	512	512	215	337	183	432	299.912
74	maps/mazes/maze_065.map	512	512	302	464	244	464	299.497
74	maps/mazes/maze_065.map	512	512	173	228	242	325	299.598
73	maps/mazes/maze_065.map	512	512	213	101	184	184	295.598
73	maps/mazes/maze_065.map	512	512	73	273	57	324	295.912
73	maps/mazes/maze_065.map	512	512	273	379	225	445	295.012
73	maps/mazes/maze_065.map	512	512	476	150	499	196	295.083
73	maps/mazes/maze_065.map	512	512	345	452	298	476	295.77
73	maps/mazes/maze_065.map	512	512	198	197	220	289	295.255
73	maps/mazes/maze_065.map	512	512	193	24	201	102	295.497
73	maps/mazes/maze_065.map	512	512	289	21	222	89	295.426
73	maps/mazes/maze_065.map	512	512	276	438	240	384	295.255
73	maps/mazes/maze_065.map	512	512	141	337	173	333	295.497
72	maps/mazes/maze_065.map	512	512	357	317	306	325	291.669
72	maps/mazes/maze_065.map	512	512	217	28	213	103	291.426
72	maps/mazes/maze_065.map	512	512	141	385	151	456	291.569
72	maps/mazes/maze_065.map	512	512	209	273	167	368	291.669
72	maps/mazes/maze_065.map	512	512	424	323	397	368	291.355
72	maps/mazes/maze_065.map	512	512	221	80	176	131	291.841
72	maps/mazes/maze_065.map	512	512	413	254	376	309	291.154
72	maps/mazes/maze_065.map	512	512	240	288	345	292	291.083
72	maps/mazes/maze_065.map	512	512	367	92	284	31	291.841
72	maps/mazes/maze_065.map	512	512	451	20	370	29	291.355
71	maps/mazes/maze_065.map	512	512	109	361	169	345	287.74
71	maps/mazes/maze_065.map	512	512	276	245	353	301	287.669
71	maps/mazes/maze_065.map	512	512	397	131	421	85	287.012
71	maps/mazes/maze_065.map	512	512	349	248	422	181	287.355
71	maps/mazes/maze_065.map	512	512	29	506	89	430	287.012
71	maps/mazes/maze_065.map	512	512	196	4	349	41	287.941
71	maps/mazes/maze_065.map	512	512	269	40	229	78	287.355
71	maps/mazes/maze_065.map	512	512	79	464	141	400	287.113
71	maps/mazes/maze_065.map	512	512	20	401	132	330	287.184
71	maps/mazes/maze_065.map	512	512	228	254	191	185	286.669
70	maps/mazes/maze_065.map	512	512	282	217	308	144	283.912
70	maps/mazes/maze_065.map	512	512	401	128	422	81	283.012
70	maps/mazes/maze_065.map	512	512	321	179	312	125	283.77
70	maps/mazes/maze_065.map	512	512	369	85	255	13	283.355
70	maps/mazes/maze_065.map	512	512	149	347	202	340	283.74
70	maps/mazes/maze_065.map	512	512	156	308	127	268	283.326
70	maps/mazes/maze_065.map	512	512	284	328	289	337	283.497
70	maps/mazes/maze_065.map	512	512	469	72	440	41	283.598
70	maps/mazes/maze_065.map	512	512	386	312	392	325	283.083
70	maps/mazes/maze_065.map	512	512	47	9	147	20	283.184
69	maps/mazes/maze_065.map	512	512	422	397	403	412	279.598
69	maps/mazes/maze_065.map	512	512	377	110	365	39	279.426
69	maps/mazes/maze_065.map	512	512	283	48	214	77	279.941
69	maps/mazes/maze_065.map	512	512	24	356	144	346	278.77
69	maps/mazes/maze_065.map	512	512	45	291	33	133	279.355
69	maps/mazes/maze_065.map	512	512	9	153	85	100	279.184
53	maps/mazes/maze_065.map	512	512	208	436	192	509	214.941
69	maps/mazes/maze_065.map	512	512	428	472	457	480	279.184
59	maps/mazes/maze_065.map	512	512	249	189	331	104	238.841
69	maps/mazes/maze_065.map	512	512	453	377	452	355	279.184
68	maps/mazes/maze_065.map	512	512	381	156	415	140	275.012
68	maps/mazes/maze_065.map	512	512	326	224	405	174	275.184
68	maps/mazes/maze_065.map	512	512	329	219	398	173	275.184
68	maps/mazes/maze_065.map	512	512	59	436	53	394	275.941
68	maps/mazes/maze_065.map	512	512	218	109	207	36	275.598
68	maps/mazes/maze_065.map	512	512	409	329	425	380	274.698
68	maps/mazes/maze_065.map	512	512	38	461	63	373	275.77
68	maps/mazes/maze_065.map	512	512	187	437	216	508	275.841
68	maps/mazes/maze_065.map	512	512	297	506	361	498	275.598
68	maps/mazes/maze_065.map	512	512	372	449	396	339	275.598
67	maps/mazes/maze_065.map	512	512	440	381	398	416	271.184
67	maps/mazes/maze_065.map	512	512	235	285	331	273	271.841
67	maps/mazes/maze_065.map	512	512	130	376	156	374	271.255
67	maps/mazes/maze_065.map	512	512	34	413	75	340	271.941
67	maps/mazes/maze_065.map	512	512	242	296	191	224	271.426
67	maps/mazes/maze_065.map	512	512	252	81	232	31	271.698
67	maps/mazes/maze_065.map	512	512	9	457	29	441	271.598
67	maps/mazes/maze_065.map	512	512	417	428	452	454	271.426
67	maps/mazes/maze_065.map	512	512	497	93	482	184	271.841
67	maps/mazes/maze_065.map	512	512	476	187	456	213	271.598
66	maps/mazes/maze_065.map	512	512	326	288	248	308	267.255
66	maps/mazes/maze_065.map	512	512	28	203	69	157	267.87
66	maps/mazes/maze_065.map	512	512	317	449	285	461	267.698
66	maps/mazes/maze_065.map	512	512	375	237	332	219	266.698
66	maps/mazes/maze_065.map	512	512	455	412	444	341	267.355
66	maps/mazes/maze_065.map	512	512	200	221	180	90	267.87
66	maps/mazes/maze_065.map	512	512	432	269	375	284	267.497
66	maps/mazes/maze_065.map	512	512	404	80	448	74	267.841
65	maps/mazes/maze_065.map	512	512	371	244	342	217	263.113
65	maps/mazes/maze_065.map	512	512	485	190	452	194	263.184
65	maps/mazes/maze_065.map	512	512	302	264	320	328	263.74
65	maps/mazes/maze_065.map	512	512	343	484	322	508	263.77
65	maps/mazes/maze_065.map	512	512	357	69	365	171	263.113
65	maps/mazes/maze_065.map	512	512	450	376	441	353	263.598
65	maps/mazes/maze_065.map	512	512	453	244	429	239	263.184
65	maps/mazes/maze_065.map	512	512	108	372	140	447	263.426
65	maps/mazes/maze_065.map	512	512	501	60	462	21	263.598
65	maps/mazes/maze_065.map	512	512	320	261	293	287	263.77
64	maps/mazes/maze_065.map	512	512	137	194	84	174	259.042
64	maps/mazes/maze_065.map	512	512	64	446	90	377	259.527
64	maps/mazes/maze_065.map	512	512	268	167	276	82	259.426
64	maps/mazes/maze_065.map	512	512	221	381	188	350	259.113
64	maps/mazes/maze_065.map	512	512	488	153	493	188	259.841
64	maps/mazes/maze_065.map	512	512	285	62	213	54	258.87
64	maps/mazes/maze_065.map	512	512	256	447	227	452	259.355
64	maps/mazes/maze_065.map	512	512	445	430	491	368	259.598
64	maps/mazes/maze_065.map	512	512	253	17	355	72	259.77
64	maps/mazes/maze_065.map	512	512	256	412	251	424	259.284
63	maps/mazes/maze_065.map	512	512	200	296	170	345	255.426
63	maps/mazes/maze_065.map	512	512	3	256	25	148	255.941
63	maps/mazes/maze_065.map	512	512	328	332	201	263	255.355
63	maps/mazes/maze_065.map	512	512	60	53	101	8	255.355
63	maps/mazes/maze_065.map	512	512	95	181	142	112	255.698
63	maps/mazes/maze_065.map	512	512	273	395	262	364	255.841
63	maps/mazes/maze_065.map	512	512	453	305	494	249	255.184
63	maps/mazes/maze_065.map	512	512	60	474	73	407	255.113
63	maps/mazes/maze_065.map	512	512	20	489	74	409	254.77
63	maps/mazes/maze_065.map	512	512	440	401	421	432	255.355
62	maps/mazes/maze_065.map	512	512	231	297	194	224	251.598
62	maps/mazes/maze_065.map	512	512	261	21	217	53	251.113
62	maps/mazes/maze_065.map	512	512	361	209	412	218	251.012
62	maps/mazes/maze_065.map	512	512	12	436	10	409	251.527
62	maps/mazes/maze_065.map	512	512	369	347	329	323	251.598
62	maps/mazes/maze_065.map	512	512	249	318	241	383	251.284
62	maps/mazes/maze_065.map	512	512	107	104	72	29	251.941
62	maps/mazes/maze_065.map	512	512	320	163	335	96	251.355
62	maps/mazes/maze_065.map	512	512	388	180	331	217	251.598
61	maps/mazes/maze_065.map	512	512	385	320	407	313	247.184
61	maps/mazes/maze_065.map	512	512	384	22	281	17	247.598
61	maps/mazes/maze_065.map	512	512	15	229	33	129	247.698
61	maps/mazes/maze_065.map	512	512	444	24	348	41	247.77
61	maps/mazes/maze_065.map	512	512	297	293	331	328	247.912
61	maps/mazes/maze_065.map	512	512	277	26	195	21	247.527
61	maps/mazes/maze_065.map	512	512	394	136	451	101	247.355
61	maps/mazes/maze_065.map	512	512	317	140	269	64	247.841
61	maps/mazes/maze_065.map	512	512	333	48	370	129	247.698
60	maps/mazes/maze_065.map	512	512	389	101	341	44	243.669
60	maps/mazes/maze_065.map	512	512	168	69	196	24	243.77
60	maps/mazes/maze_065.map	512	512	456	310	498	253	242.941
60	maps/mazes/maze_065.map	512	512	213	72	176	102	243.184
60	maps/mazes/maze_065.map	512	512	221	453	240	451	243.77
60	maps/mazes/maze_065.map	512	512	416	341	428	357	243.456
60	maps/mazes/maze_065.map	512	512	13	455	37	450	243.184
60	maps/mazes/maze_065.map	512	512	312	487	248	481	243.598
60	maps/mazes/maze_065.map	512	512	302	357	261	362	243.698
60	maps/mazes/maze_065.map	512	512	399	297	387	276	243.083
59	maps/mazes/maze_065.map	512	512	24	399	124	341	239.113
59	maps/mazes/maze_065.map	512	512	127	388	113	461	239.426
59	maps/mazes/maze_065.map	512	512	2	268	25	199	239.355
59	maps/mazes/maze_065.map	512	512	181	241	91	188	239.87
59	maps/mazes/maze_065.map	512	512	324	173	312	109	239.113
59	maps/mazes/maze_065.map	512	512	181	249	74	244	239.698
59	maps/mazes/maze_065.map	512	512	96	265	74	237	239.355
59	maps/mazes/maze_065.map	512	512	467	216	429	239	239.184
59	maps/mazes/maze_065.map	512	512	472	197	466	209	239.113
58	maps/mazes/maze_065.map	512	512	401	481	452	453	234.698
58	maps/mazes/maze_065.map	512	512	481	15	369	29	235.698
58	maps/mazes/maze_065.map	512	512	153	265	200	316	235.012
58	maps/mazes/maze_065.map	512	512	453	465	497	508	235.627
58	maps/mazes/maze_065.map	512	512	336	439	276	469	235.113
58	maps/mazes/maze_065.map	512	512	268	448	229	437	235.941
58	maps/mazes/maze_065.map	512	512	389	185	320	221	235.77
58	maps/mazes/maze_065.map	512	512	421	308	421	333	235.527
58	maps/mazes/maze_065.map	512	512	224	252	200	209	235.184
58	maps/mazes/maze_065.map	512	512	212	77	121	8	234.77
57	maps/mazes/maze_065.map	512	512	333	475	357	508	231.184
57	maps/mazes/maze_065.map	512	512	356	274	337	241	231.698
57	maps/mazes/maze_065.map	512	512	432	18	400	10	231.698
57	maps/mazes/maze_065.map	512	512	429	22	384	22	231.284
57	maps/mazes/maze_065.map	512	512	26	96	94	140	231.598
57	maps/mazes/maze_065.map	512	512	117	16	232	7	231.941
57	maps/mazes/maze_065.map	512	512	352	364	278	340	231.698
57	maps/mazes/maze_065.map	512	512	32	381	12	286	231.284
57	maps/mazes/maze_065.map	512	512	391	504	341	461	231.669
56	maps/mazes/maze_065.map	512	512	319	361	310	344	227.698
56	maps/mazes/maze_065.map	512	512	317	138	257	65	227.426
56	maps/mazes/maze_065.map	512	512	319	148	251	85	227.184
56	maps/mazes/maze_065.map	512	512	244	124	197	231	227.941
56	maps/mazes/maze_065.map	512	512	392	389	336	436	227.284
56	maps/mazes/maze_065.map	512	512	392	12	309	41	227.698
56	maps/mazes/maze_065.map	512	512	136	361	72	341	227.355
56	maps/mazes/maze_065.map	512	512	112	210	81	198	227.77
56	maps/mazes/maze_065.map	512	512	81	192	98	160	227.042
56	maps/mazes/maze_065.map	512	512	340	155	334	213	227.355
55	maps/mazes/maze_065.map	512	512	343	468	344	500	223.77
55	maps/mazes/maze_065.map	512	512	104	439	89	431	223.385
55	maps/mazes/maze_065.map	512	512	492	319	504	260	223.627
55	maps/mazes/maze_065.map	512	512	462	5	374	60	223.527
55	maps/mazes/maze_065.map	512	512	400	412	411	476	223.527
55	maps/mazes/maze_065.map	512	512	205	15	327	44	223.284
55	maps/mazes/maze_065.map	512	512	318	433	297	466	222.627
55	maps/mazes/maze_065.map	512	512	12	52	82	16	223.113
55	maps/mazes/maze_065.map	512	512	356	481	322	508	223.527
55	maps/mazes/maze_065.map	512	512	212	18	311	41	223.113
54	maps/mazes/maze_065.map	512	512	40	44	101	21	219.456
54	maps/mazes/maze_065.map	512	512	360	319	329	316	219.598
54	maps/mazes/maze_065.map	512	512	416	9	309	43	219.284
54	maps/mazes/maze_065.map	512	512	232	20	174	24	219.355
54	maps/mazes/maze_065.map	512	512	181	250	81	237	219.284
54	maps/mazes/maze_065.map	512	512	44	420	49	402	219.87
54	maps/mazes/maze_065.map	512	512	110	429	81	461	219.042
54	maps/mazes/maze_065.map	512	512	490	181	508	220	219.527
54	maps/mazes/maze_065.map	512	512	156	129	95	57	219.87
54	maps/mazes/maze_065.map	512	512	337	428	302	436	219.042
53	maps/mazes/maze_065.map	512	512	317	190	333	125	215.87
53	maps/mazes/maze_065.map	512	512	113	296	96	294	215.87
53	maps/mazes/maze_065.map	512	512	378	88	346	41	215.184
53	maps/mazes/maze_065.map	512	512	385	185	318	221	215.527
53	maps/mazes/maze_065.map	512	512	449	13	360	55	215.77
53	maps/mazes/maze_065.map	512	512	338	421	308	443	215.698
53	maps/mazes/maze_065.map	512	512	428	239	350	288	215.385
53	maps/mazes/maze_065.map	512	512	296	465	248	473	214.77
53	maps/mazes/maze_065.map	512	512	504	249	419	229	215.527
52	maps/mazes/maze_065.map	512	512	160	454	181	479	211.598
52	maps/mazes/maze_065.map	512	512	361	152	371	201	211.87
52	maps/mazes/maze_065.map	512	512	481	199	457	209	211.456
52	maps/mazes/maze_065.map	512	512	266	200	272	165	211.527
52	maps/mazes/maze_065.map	512	512	254	309	208	342	211.284
52	maps/mazes/maze_065.map	512	512	314	61	290	93	211.698
52	maps/mazes/maze_065.map	512	512	145	363	168	364	211.841
52	maps/mazes/maze_065.map	512	512	496	160	494	193	211.77
52	maps/mazes/maze_065.map	512	512	401	368	408	383	211.113
52	maps/mazes/maze_065.map	512	512	81	497	81	427	211.799
51	maps/mazes/maze_065.map	512	512	368	311	438	300	206.698
51	maps/mazes/maze_065.map	512	512	357	250	408	214	207.284
51	maps/mazes/maze_065.map	512	512	366	60	376	95	207.284
45	maps/mazes/maze_065.map	512	512	314	453	285	491	183.627
51	maps/mazes/maze_065.map	512	512	0	231	25	145	207.87
51	maps/mazes/maze_065.map	512	512	57	504	90	416	207.284
51	maps/mazes/maze_065.map	512	512	444	184	368	147	207.627
51	maps/mazes/maze_065.map	512	512	156	27	92	13	207.941
51	maps/mazes/maze_065.map	512	512	15	217	33	150	207.971
51	maps/mazes/maze_065.map	512	512	159	257	100	260	207.113
51	maps/mazes/maze_065.map	512	512	340	48	234	1	207.284
50	maps/mazes/maze_065.map	512	512	245	244	223	237	203.627
50	maps/mazes/maze_065.map	512	512	413	63	373	43	203.941
50	maps/mazes/maze_065.map	512	512	184	49	233	92	203.941
50	maps/mazes/maze_065.map	512	512	325	145	297	109	203.456
50	maps/mazes/maze_065.map	512	512	331	477	341	500	203.527
50	maps/mazes/maze_065.map	512	512	143	37	205	77	203.941
50	maps/mazes/maze_065.map	512	512	244	169	168	154	203.627
50	maps/mazes/maze_065.map	512	512	433	197	364	149	203.627
50	maps/mazes/maze_065.map	512	512	488	115	499	176	203.113
50	maps/mazes/maze_065.map	512	512	232	307	253	341	203.042
49	maps/mazes/maze_065.map	512	512	348	93	330	45	199.456
49	maps/mazes/maze_065.map	512	512	365	253	329	244	199.042
49	maps/mazes/maze_065.map	512	512	33	368	11	320	199.213
49	maps/mazes/maze_065.map	512	512	133	352	165	369	199.184
49	maps/mazes/maze_065.map	512	512	15	489	66	448	199.941
49	maps/mazes/maze_065.map	512	512	496	435	457	468	199.113
49	maps/mazes/maze_065.map	512	512	256	303	192	229	198.87
49	maps/mazes/maze_065.map	512	512	203	117	190	108	199.113
49	maps/mazes/maze_065.map	512	512	333	421	322	452	199.456
48	maps/mazes/maze_065.map	512	512	312	390	323	349	195.698
48	maps/mazes/maze_065.map	512	512	123	212	85	208	195.698
48	maps/mazes/maze_065.map	512	512	249	96	298	140	195.385
48	maps/mazes/maze_065.map	512	512	107	17	161	21	195.113
48	maps/mazes/maze_065.map	512	512	338	496	281	464	195.627
48	maps/mazes/maze_065.map	512	512	181	214	161	148	195.456
48	maps/mazes/maze_065.map	512	512	345	242	404	224	195.627
48	maps/mazes/maze_065.map	512	512	384	274	390	297	195.527
48	maps/mazes/maze_065.map	512	512	52	433	57	412	195.213
47	maps/mazes/maze_065.map	512	512	200	459	191	508	191.456
47	maps/mazes/maze_065.map	512	512	500	245	429	246	191.113
47	maps/mazes/maze_065.map	512	512	376	164	397	160	191.284
47	maps/mazes/maze_065.map	512	512	388	148	400	161	191.284
47	maps/mazes/maze_065.map	512	512	212	160	164	225	191.184
47	maps/mazes/maze_065.map	512	512	99	312	69	290	191.799
47	maps/mazes/maze_065.map	512	512	6	21	72	24	191.87
47	maps/mazes/maze_065.map	512	512	108	461	92	406	191.971
47	maps/mazes/maze_065.map	512	512	295	109	328	140	191.456
47	maps/mazes/maze_065.map	512	512	192	105	158	17	191.698
46	maps/mazes/maze_065.map	512	512	417	342	430	348	187.385
46	maps/mazes/maze_065.map	512	512	68	263	72	323	187.113
46	maps/mazes/maze_065.map	512	512	465	384	433	428	187.698
46	maps/mazes/maze_065.map	512	512	160	357	211	333	186.941
46	maps/mazes/maze_065.map	512	512	322	493	320	508	187.627
46	maps/mazes/maze_065.map	512	512	89	281	111	257	187.355
46	maps/mazes/maze_065.map	512	512	180	42	233	85	187.941
46	maps/mazes/maze_065.map	512	512	348	368	301	346	187.627
46	maps/mazes/maze_065.map	512	512	492	188	452	225	187.042
46	maps/mazes/maze_065.map	512	512	405	165	448	73	187.527
45	maps/mazes/maze_065.map	512	512	73	274	58	281	183.113
45	maps/mazes/maze_065.map	512	512	417	421	409	473	183.456
45	maps/mazes/maze_065.map	512	512	37	160	65	170	183.799
45	maps/mazes/maze_065.map	512	512	41	20	109	32	183.456
45	maps/mazes/maze_065.map	512	512	156	420	138	456	183.113
45	maps/mazes/maze_065.map	512	512	73	400	141	400	183.698
45	maps/mazes/maze_065.map	512	512	476	217	421	181	182.941
45	maps/mazes/maze_065.map	512	512	45	300	52	290	183.87
45	maps/mazes/maze_065.map	512	512	101	148	77	47	183.971
44	maps/mazes/maze_065.map	512	512	395	241	373	270	179.527
44	maps/mazes/maze_065.map	512	512	332	426	308	447	179.627
44	maps/mazes/maze_065.map	512	512	366	61	367	24	179.698
44	maps/mazes/maze_065.map	512	512	400	29	317	44	178.87
44	maps/mazes/maze_065.map	512	512	156	168	81	188	179.385
44	maps/mazes/maze_065.map	512	512	393	438	339	413	179.284
44	maps/mazes/maze_065.map	512	512	432	59	375	29	179.627
44	maps/mazes/maze_065.map	512	512	241	303	181	228	179.284
44	maps/mazes/maze_065.map	512	512	224	500	176	486	179.213
43	maps/mazes/maze_065.map	512	512	288	344	247	388	175.042
43	maps/mazes/maze_065.map	512	512	408	223	357	175	175.042
43	maps/mazes/maze_065.map	512	512	169	136	212	103	174.87
43	maps/mazes/maze_065.map	512	512	482	505	424	486	175.485
43	maps/mazes/maze_065.map	512	512	504	264	489	273	175.213
43	maps/mazes/maze_065.map	512	512	445	448	477	485	175.385
43	maps/mazes/maze_065.map	512	512	464	441	481	485	175.971
43	maps/mazes/maze_065.map	512	512	257	33	232	9	175.385
43	maps/mazes/maze_065.map	512	512	114	193	91	157	175.385
43	maps/mazes/maze_065.map	512	512	286	317	320	323	175.941
42	maps/mazes/maze_065.map	512	512	200	17	292	41	171.799
42	maps/mazes/maze_065.map	512	512	308	445	273	466	171.799
42	maps/mazes/maze_065.map	512	512	37	311	39	233	170.627
42	maps/mazes/maze_065.map	512	512	3	149	43	92	171.042
42	maps/mazes/maze_065.map	512	512	311	477	307	508	171.385
42	maps/mazes/maze_065.map	512	512	214	56	285	30	171.627
42	maps/mazes/maze_065.map	512	512	93	148	96	45	171.799
42	maps/mazes/maze_065.map	512	512	237	53	232	9	171.042
42	maps/mazes/maze_065.map	512	512	218	393	245	424	171.799
41	maps/mazes/maze_065.map	512	512	41	129	71	164	167.627
41	maps/mazes/maze_065.map	512	512	133	345	164	357	167.284
9	maps/mazes/maze_065.map	512	512	497	49	509	66	37.4853
41	maps/mazes/maze_065.map	512	512	166	248	89	247	167.799
39	maps/mazes/maze_065.map	512	512	148	124	137	85	156.971
41	maps/mazes/maze_065.map	512	512	265	183	309	126	167.284
41	maps/mazes/maze_065.map	512	512	158	156	117	89	167.799
41	maps/mazes/maze_065.map	512	512	261	418	245	370	167.113
41	maps/mazes/maze_065.map	512	512	315	148	275	85	167.627
41	maps/mazes/maze_065.map	512	512	432	85	404	136	167.87
41	maps/mazes/maze_065.map	512	512	213	323	265	305	167.799
41	maps/mazes/maze_065.map	512	512	236	437	259	396	167.556
40	maps/mazes/maze_065.map	512	512	196	365	221	342	163.799
40	maps/mazes/maze_065.map	512	512	329	149	317	113	163.799
40	maps/mazes/maze_065.map	512	512	327	360	272	321	163.213
40	maps/mazes/maze_065.map	512	512	73	470	85	391	163.142
40	maps/mazes/maze_065.map	512	512	129	181	74	165	163.971
40	maps/mazes/maze_065.map	512	512	500	45	440	40	163.284
40	maps/mazes/maze_065.map	512	512	365	70	292	41	163.213
40	maps/mazes/maze_065.map	512	512	360	319	332	334	163.87
40	maps/mazes/maze_065.map	512	512	392	226	348	286	163.556
40	maps/mazes/maze_065.map	512	512	103	128	82	48	163.971
39	maps/mazes/maze_065.map	512	512	68	194	102	161	159.385
39	maps/mazes/maze_065.map	512	512	147	476	73	500	159.799
39	maps/mazes/maze_065.map	512	512	27	256	28	194	159.87
39	maps/mazes/maze_065.map	512	512	24	132	61	78	159.87
39	maps/mazes/maze_065.map	512	512	65	105	104	124	159.213
39	maps/mazes/maze_065.map	512	512	107	449	86	440	159.556
39	maps/mazes/maze_065.map	512	512	333	133	319	109	159.799
38	maps/mazes/maze_065.map	512	512	70	381	121	348	155.213
38	maps/mazes/maze_065.map	512	512	338	121	293	93	155.627
38	maps/mazes/maze_065.map	512	512	116	475	89	430	155.556
38	maps/mazes/maze_065.map	512	512	412	134	425	77	155.456
38	maps/mazes/maze_065.map	512	512	444	25	364	32	155.385
38	maps/mazes/maze_065.map	512	512	265	307	197	264	155.627
38	maps/mazes/maze_065.map	512	512	84	404	142	400	155.456
38	maps/mazes/maze_065.map	512	512	17	340	1	286	155.213
38	maps/mazes/maze_065.map	512	512	216	408	273	403	155.799
38	maps/mazes/maze_065.map	512	512	51	57	66	24	155.799
37	maps/mazes/maze_065.map	512	512	285	368	249	407	151.87
37	maps/mazes/maze_065.map	512	512	17	425	68	384	150.971
37	maps/mazes/maze_065.map	512	512	196	382	212	323	151.627
37	maps/mazes/maze_065.map	512	512	321	48	336	97	151.213
37	maps/mazes/maze_065.map	512	512	253	492	274	468	151.042
37	maps/mazes/maze_065.map	512	512	401	409	310	413	151.971
37	maps/mazes/maze_065.map	512	512	173	168	200	232	151.627
37	maps/mazes/maze_065.map	512	512	277	192	284	172	151.284
37	maps/mazes/maze_065.map	512	512	193	326	165	351	151.971
37	maps/mazes/maze_065.map	512	512	128	144	105	68	151.142
36	maps/mazes/maze_065.map	512	512	171	24	213	77	147.042
36	maps/mazes/maze_065.map	512	512	335	189	332	213	147.042
36	maps/mazes/maze_065.map	512	512	307	476	377	496	147.113
36	maps/mazes/maze_065.map	512	512	492	449	457	451	147.042
36	maps/mazes/maze_065.map	512	512	268	42	225	18	147.142
36	maps/mazes/maze_065.map	512	512	47	236	25	161	147.971
36	maps/mazes/maze_065.map	512	512	16	312	17	242	147.385
36	maps/mazes/maze_065.map	512	512	419	401	436	413	147.627
36	maps/mazes/maze_065.map	512	512	332	169	332	127	147.799
36	maps/mazes/maze_065.map	512	512	90	505	124	464	147.627
35	maps/mazes/maze_065.map	512	512	233	124	215	192	143.799
35	maps/mazes/maze_065.map	512	512	332	2	376	18	143.213
35	maps/mazes/maze_065.map	512	512	273	426	279	360	143.213
35	maps/mazes/maze_065.map	512	512	493	425	477	368	143.385
35	maps/mazes/maze_065.map	512	512	168	13	148	18	143.87
35	maps/mazes/maze_065.map	512	512	300	85	332	68	143.971
35	maps/mazes/maze_065.map	512	512	453	0	477	21	143.385
35	maps/mazes/maze_065.map	512	512	309	468	326	508	143.385
35	maps/mazes/maze_065.map	512	512	375	296	408	293	143.799
35	maps/mazes/maze_065.map	512	512	328	340	320	325	143.627
34	maps/mazes/maze_065.map	512	512	149	405	140	448	139.456
34	maps/mazes/maze_065.map	512	512	188	241	88	230	139.971
34	maps/mazes/maze_065.map	512	512	33	216	37	138	139.899
34	maps/mazes/maze_065.map	512	512	383	389	308	356	139.556
34	maps/mazes/maze_065.map	512	512	197	73	176	127	139.385
34	maps/mazes/maze_065.map	512	512	301	26	229	17	139.385
34	maps/mazes/maze_065.map	512	512	317	277	335	220	139.728
34	maps/mazes/maze_065.map	512	512	69	493	92	435	139.971
34	maps/mazes/maze_065.map	512	512	202	228	165	184	139.385
34	maps/mazes/maze_065.map	512	512	147	437	110	397	139.042
33	maps/mazes/maze_065.map	512	512	54	469	60	425	135.456
33	maps/mazes/maze_065.map	512	512	373	281	392	304	135.213
33	maps/mazes/maze_065.map	512	512	446	289	472	266	135.627
33	maps/mazes/maze_065.map	512	512	212	437	187	360	135.213
33	maps/mazes/maze_065.map	512	512	236	136	204	188	135.799
33	maps/mazes/maze_065.map	512	512	65	417	81	380	135.042
33	maps/mazes/maze_065.map	512	512	43	333	36	258	135.799
33	maps/mazes/maze_065.map	512	512	198	237	174	192	135.042
33	maps/mazes/maze_065.map	512	512	203	281	185	315	135.556
32	maps/mazes/maze_065.map	512	512	85	425	136	384	131.556
32	maps/mazes/maze_065.map	512	512	437	501	372	478	131.213
32	maps/mazes/maze_065.map	512	512	188	44	201	60	131.042
32	maps/mazes/maze_065.map	512	512	480	484	461	499	131.899
32	maps/mazes/maze_065.map	512	512	245	464	237	421	131.385
32	maps/mazes/maze_065.map	512	512	177	436	206	384	131.627
32	maps/mazes/maze_065.map	512	512	169	445	118	393	131.627
32	maps/mazes/maze_065.map	512	512	169	404	128	417	131.799
32	maps/mazes/maze_065.map	512	512	284	353	276	318	131.385
31	maps/mazes/maze_065.map	512	512	501	456	457	460	127.799
31	maps/mazes/maze_065.map	512	512	211	260	259	301	127.385
31	maps/mazes/maze_065.map	512	512	424	36	378	29	127.971
31	maps/mazes/maze_065.map	512	512	219	113	236	95	127.971
31	maps/mazes/maze_065.map	512	512	109	315	80	309	127.142
31	maps/mazes/maze_065.map	512	512	189	409	192	357	127.042
31	maps/mazes/maze_065.map	512	512	410	469	440	465	126.971
31	maps/mazes/maze_065.map	512	512	372	442	327	413	127.899
31	maps/mazes/maze_065.map	512	512	400	265	397	247	127.971
31	maps/mazes/maze_065.map	512	512	145	220	89	213	127.385
30	maps/mazes/maze_065.map	512	512	261	3	344	5	123.142
30	maps/mazes/maze_065.map	512	512	252	443	268	433	123.213
30	maps/mazes/maze_065.map	512	512	393	52	374	60	123.627
30	maps/mazes/maze_065.map	512	512	13	324	22	320	123.971
30	maps/mazes/maze_065.map	512	512	276	83	288	63	123.456
30	maps/mazes/maze_065.map	512	512	314	129	273	87	123.385
30	maps/mazes/maze_065.map	512	512	282	448	301	372	122.799
30	maps/mazes/maze_065.map	512	512	305	112	249	82	123.456
30	maps/mazes/maze_065.map	512	512	450	45	416	5	123.799
30	maps/mazes/maze_065.map	512	512	330	345	305	321	123.627
29	maps/mazes/maze_065.map	512	512	395	68	386	61	119.213
29	maps/mazes/maze_065.map	512	512	112	449	96	448	119.142
29	maps/mazes/maze_065.map	512	512	147	57	112	5	119.627
29	maps/mazes/maze_065.map	512	512	484	489	469	508	119.899
29	maps/mazes/maze_065.map	512	512	331	357	294	333	119.142
29	maps/mazes/maze_065.map	512	512	274	53	276	89	118.87
29	maps/mazes/maze_065.map	512	512	152	373	197	334	119.213
29	maps/mazes/maze_065.map	512	512	69	292	42	257	119.556
29	maps/mazes/maze_065.map	512	512	467	364	460	361	119.314
29	maps/mazes/maze_065.map	512	512	328	373	274	376	119.728
28	maps/mazes/maze_065.map	512	512	132	272	74	237	115.485
28	maps/mazes/maze_065.map	512	512	20	480	24	436	114.971
28	maps/mazes/maze_065.map	512	512	50	385	87	337	115.142
28	maps/mazes/maze_065.map	512	512	234	184	176	179	115.385
28	maps/mazes/maze_065.map	512	512	109	309	84	332	115.314
28	maps/mazes/maze_065.map	512	512	277	284	300	283	115.556
28	maps/mazes/maze_065.map	512	512	448	264	428	229	115.728
28	maps/mazes/maze_065.map	512	512	173	408	147	376	115.556
28	maps/mazes/maze_065.map	512	512	423	92	409	121	115.627
28	maps/mazes/maze_065.map	512	512	29	137	54	161	115.142
27	maps/mazes/maze_065.map	512	512	143	76	128	99	111.314
27	maps/mazes/maze_065.map	512	512	101	303	86	328	111.314
27	maps/mazes/maze_065.map	512	512	37	179	82	176	111.213
27	maps/mazes/maze_065.map	512	512	392	366	384	343	111.385
27	maps/mazes/maze_065.map	512	512	488	188	503	220	111.728
27	maps/mazes/maze_065.map	512	512	128	483	169	472	111.213
27	maps/mazes/maze_065.map	512	512	194	224	192	243	111.971
27	maps/mazes/maze_065.map	512	512	147	160	113	186	111.899
27	maps/mazes/maze_065.map	512	512	295	21	315	41	111.799
27	maps/mazes/maze_065.map	512	512	166	20	172	28	111.213
26	maps/mazes/maze_065.map	512	512	145	365	160	322	107.799
26	maps/mazes/maze_065.map	512	512	254	200	296	165	107.971
26	maps/mazes/maze_065.map	512	512	457	16	488	1	107.556
26	maps/mazes/maze_065.map	512	512	46	444	65	437	107.799
26	maps/mazes/maze_065.map	512	512	257	485	283	500	107.971
26	maps/mazes/maze_065.map	512	512	261	51	247	13	107.899
26	maps/mazes/maze_065.map	512	512	125	262	76	243	107.314
26	maps/mazes/maze_065.map	512	512	440	501	386	488	107.142
26	maps/mazes/maze_065.map	512	512	232	440	270	444	107.314
25	maps/mazes/maze_065.map	512	512	437	476	456	455	103.556
25	maps/mazes/maze_065.map	512	512	11	77	14	17	103.385
25	maps/mazes/maze_065.map	512	512	489	68	488	127	103.213
25	maps/mazes/maze_065.map	512	512	240	389	269	372	103.556
25	maps/mazes/maze_065.map	512	512	121	401	121	464	103.627
25	maps/mazes/maze_065.map	512	512	225	64	232	75	103.556
25	maps/mazes/maze_065.map	512	512	321	233	329	243	103.899
25	maps/mazes/maze_065.map	512	512	365	216	384	236	103.485
25	maps/mazes/maze_065.map	512	512	117	38	87	45	103.385
25	maps/mazes/maze_065.map	512	512	234	21	269	13	103.142
24	maps/mazes/maze_065.map	512	512	319	345	264	327	99.7279
24	maps/mazes/maze_065.map	512	512	327	41	365	60	99.6274
24	maps/mazes/maze_065.map	512	512	297	48	242	5	98.7279
24	maps/mazes/maze_065.map	512	512	224	242	201	221	99.3137
24	maps/mazes/maze_065.map	512	512	176	237	104	241	99.3137
24	maps/mazes/maze_065.map	512	512	492	398	476	400	99.5563
24	maps/mazes/maze_065.map	512	512	181	291	206	284	99.5563
24	maps/mazes/maze_065.map	512	512	97	141	106	100	99.3137
24	maps/mazes/maze_065.map	512	512	246	268	280	277	99.1421
24	maps/mazes/maze_065.map	512	512	169	80	144	41	99.5563
23	maps/mazes/maze_065.map	512	512	304	433	307	460	95.0711
23	maps/mazes/maze_065.map	512	512	312	69	320	57	95.8995
23	maps/mazes/maze_065.map	512	512	402	64	417	110	95.9706
23	maps/mazes/maze_065.map	512	512	65	81	88	111	95.1421
23	maps/mazes/maze_065.map	512	512	472	10	420	16	95.5563
23	maps/mazes/maze_065.map	512	512	409	76	392	87	95.3137
23	maps/mazes/maze_065.map	512	512	152	101	118	81	95.5563
23	maps/mazes/maze_065.map	512	512	61	245	42	256	95.5563
23	maps/mazes/maze_065.map	512	512	0	426	17	462	95.7279
23	maps/mazes/maze_065.map	512	512	98	192	74	153	95.2426
22	maps/mazes/maze_065.map	512	512	318	149	319	109	91.1421
22	maps/mazes/maze_065.map	512	512	117	357	140	334	91.3137
22	maps/mazes/maze_065.map	512	512	271	45	253	13	91.6569
22	maps/mazes/maze_065.map	512	512	244	292	219	265	91.5563
22	maps/mazes/maze_065.map	512	512	481	8	455	12	91.8995
22	maps/mazes/maze_065.map	512	512	208	474	213	508	91.7279
22	maps/mazes/maze_065.map	512	512	361	7	380	20	91.3137
22	maps/mazes/maze_065.map	512	512	221	89	205	80	91.1421
22	maps/mazes/maze_065.map	512	512	364	321	364	346	91.7279
22	maps/mazes/maze_065.map	512	512	444	177	408	176	91.1421
21	maps/mazes/maze_065.map	512	512	455	276	433	277	87.4853
21	maps/mazes/maze_065.map	512	512	7	181	25	170	87.9706
21	maps/mazes/maze_065.map	512	512	466	376	475	349	87.3137
21	maps/mazes/maze_065.map	512	512	484	19	484	10	87.7279
21	maps/mazes/maze_065.map	512	512	109	405	103	440	87.1421
21	maps/mazes/maze_065.map	512	512	72	446	56	448	87.5563
21	maps/mazes/maze_065.map	512	512	507	292	485	284	87.3137
21	maps/mazes/maze_065.map	512	512	380	487	362	500	87.3848
21	maps/mazes/maze_065.map	512	512	290	281	292	263	87.3137
21	maps/mazes/maze_065.map	512	512	183	144	165	183	87.7279
20	maps/mazes/maze_065.map	512	512	217	130	206	117	83.5563
20	maps/mazes/maze_065.map	512	512	370	224	371	240	82.6569
20	maps/mazes/maze_065.map	512	512	449	141	488	160	83.3137
20	maps/mazes/maze_065.map	512	512	33	213	56	173	83.9706
11	maps/mazes/maze_065.map	512	512	205	488	211	465	46.4142
20	maps/mazes/maze_065.map	512	512	440	288	420	315	83.1421
20	maps/mazes/maze_065.map	512	512	257	137	299	164	83.7279
20	maps/mazes/maze_065.map	512	512	456	121	444	74	83.7279
20	maps/mazes/maze_065.map	512	512	96	387	137	390	83.3137
20	maps/mazes/maze_065.map	512	512	91	297	88	274	83.0711
20	maps/mazes/maze_065.map	512	512	193	356	179	325	83.7279
19	maps/mazes/maze_065.map	512	512	192	326	181	318	79.4853
19	maps/mazes/maze_065.map	512	512	500	14	472	25	79.4853
19	maps/mazes/maze_065.map	512	512	380	478	433	472	79.7279
19	maps/mazes/maze_065.map	512	512	449	60	444	9	79.3137
19	maps/mazes/maze_065.map	512	512	487	77	497	116	79.1421
19	maps/mazes/maze_065.map	512	512	418	220	392	212	79.3137
19	maps/mazes/maze_065.map	512	512	467	332	445	329	79.1421
19	maps/mazes/maze_065.map	512	512	298	108	261	82	79.7279
19	maps/mazes/maze_065.map	512	512	228	318	228	342	79.8995
19	maps/mazes/maze_065.map	512	512	385	428	376	418	79.7279
18	maps/mazes/maze_065.map	512	512	343	340	336	320	75.1421
18	maps/mazes/maze_065.map	512	512	285	56	285	26	75.0711
18	maps/mazes/maze_065.map	512	512	243	60	252	52	75.7279
18	maps/mazes/maze_065.map	512	512	100	96	93	100	75.4853
18	maps/mazes/maze_065.map	512	512	492	214	480	213	75.2426
18	maps/mazes/maze_065.map	512	512	276	80	257	67	75.799
18	maps/mazes/maze_065.map	512	512	66	80	84	100	75.3137
18	maps/mazes/maze_065.map	512	512	501	334	488	306	75.1421
18	maps/mazes/maze_065.map	512	512	64	395	97	361	75.1421
18	maps/mazes/maze_065.map	512	512	364	160	357	119	75.0711
17	maps/mazes/maze_065.map	512	512	465	77	456	52	71.8995
17	maps/mazes/maze_065.map	512	512	80	268	85	263	71.3137
17	maps/mazes/maze_065.map	512	512	36	236	28	197	71.1421
17	maps/mazes/maze_065.map	512	512	331	448	315	436	71.3137
17	maps/mazes/maze_065.map	512	512	59	464	49	436	71.8995
17	maps/mazes/maze_065.map	512	512	441	140	483	161	71.7279
17	maps/mazes/maze_065.map	512	512	492	421	505	384	71.3137
17	maps/mazes/maze_065.map	512	512	325	245	343	208	71.7279
17	maps/mazes/maze_065.map	512	512	63	132	111	149	71.7279
17	maps/mazes/maze_065.map	512	512	160	331	157	376	71.5563
16	maps/mazes/maze_065.map	512	512	319	284	352	303	67.5563
16	maps/mazes/maze_065.map	512	512	60	380	62	349	67.4853
16	maps/mazes/maze_065.map	512	512	177	509	214	508	67.8995
16	maps/mazes/maze_065.map	512	512	260	413	280	389	67.3137
16	maps/mazes/maze_065.map	512	512	155	89	134	105	67.7279
16	maps/mazes/maze_065.map	512	512	153	357	160	348	67.3137
16	maps/mazes/maze_065.map	512	512	168	446	149	418	67.7279
16	maps/mazes/maze_065.map	512	512	431	69	421	44	67.1421
16	maps/mazes/maze_065.map	512	512	270	492	263	508	67.7279
16	maps/mazes/maze_065.map	512	512	477	215	440	225	67.1421
15	maps/mazes/maze_065.map	512	512	216	374	204	384	63.6569
15	maps/mazes/maze_065.map	512	512	108	227	138	209	63.5563
15	maps/mazes/maze_065.map	512	512	344	44	302	56	63.6569
15	maps/mazes/maze_065.map	512	512	97	259	76	242	63.6569
15	maps/mazes/maze_065.map	512	512	286	305	328	294	63.1421
15	maps/mazes/maze_065.map	512	512	407	13	444	20	63.0711
15	maps/mazes/maze_065.map	512	512	411	492	376	481	63.5563
15	maps/mazes/maze_065.map	512	512	132	445	105	463	63.2426
15	maps/mazes/maze_065.map	512	512	21	88	55	81	63.7279
14	maps/mazes/maze_065.map	512	512	448	373	464	355	59.0711
14	maps/mazes/maze_065.map	512	512	371	412	325	408	59.6569
14	maps/mazes/maze_065.map	512	512	151	348	150	317	59.8995
14	maps/mazes/maze_065.map	512	512	229	336	250	325	59.0711
14	maps/mazes/maze_065.map	512	512	314	8	294	9	59.4853
14	maps/mazes/maze_065.map	512	512	186	428	196	403	59.4853
14	maps/mazes/maze_065.map	512	512	449	251	466	240	59.0711
14	maps/mazes/maze_065.map	512	512	160	71	134	57	59.6569
14	maps/mazes/maze_065.map	512	512	225	67	204	74	59.8995
14	maps/mazes/maze_065.map	512	512	237	442	221	438	59.0711
13	maps/mazes/maze_065.map	512	512	120	295	97	270	55.5563
13	maps/mazes/maze_065.map	512	512	41	408	53	391	55.4853
13	maps/mazes/maze_065.map	512	512	291	317	315	293	55.8995
13	maps/mazes/maze_065.map	512	512	380	193	408	189	55.8995
13	maps/mazes/maze_065.map	512	512	279	369	264	374	55.6569
13	maps/mazes/maze_065.map	512	512	167	89	125	75	55.3137
13	maps/mazes/maze_065.map	512	512	272	461	271	492	55.0711
13	maps/mazes/maze_065.map	512	512	224	455	225	438	55.8995
13	maps/mazes/maze_065.map	512	512	287	340	264	309	55.8995
12	maps/mazes/maze_065.map	512	512	97	207	77	180	51.8284
12	maps/mazes/maze_065.map	512	512	16	87	13	69	51.4853
12	maps/mazes/maze_065.map	512	512	61	64	40	41	51.8995
12	maps/mazes/maze_065.map	512	512	6	417	16	432	51.2426
12	maps/mazes/maze_065.map	512	512	192	308	211	312	51.4853
12	maps/mazes/maze_065.map	512	512	157	253	179	257	51.0711
12	maps/mazes/maze_065.map	512	512	235	301	216	270	51.3137
12	maps/mazes/maze_065.map	512	512	464	477	488	485	51.4142
12	maps/mazes/maze_065.map	512	512	484	348	508	336	51.4142
12	maps/mazes/maze_065.map	512	512	369	76	354	69	51.6569
11	maps/mazes/maze_065.map	512	512	28	26	46	13	47.4853
11	maps/mazes/maze_065.map	512	512	179	316	157	325	47.4853
11	maps/mazes/maze_065.map	512	512	276	169	300	157	47.0711
11	maps/mazes/maze_065.map	512	512	86	109	81	121	47.4853
11	maps/mazes/maze_065.map	512	512	64	54	72	32	47.0711
11	maps/mazes/maze_065.map	512	512	48	396	69	382	47.2426
11	maps/mazes/maze_065.map	512	512	140	289	131	268	47.0711
11	maps/mazes/maze_065.map	512	512	145	388	132	395	47.8995
11	maps/mazes/maze_065.map	512	512	209	312	185	316	47.6569
10	maps/mazes/maze_065.map	512	512	296	490	285	461	43.6569
10	maps/mazes/maze_065.map	512	512	296	268	293	289	43.6569
10	maps/mazes/maze_065.map	512	512	348	349	341	356	43.4142
10	maps/mazes/maze_065.map	512	512	186	272	205	279	43.6569
10	maps/mazes/maze_065.map	512	512	440	257	429	245	43.8284
10	maps/mazes/maze_065.map	512	512	140	92	125	99	43.0711
10	maps/mazes/maze_065.map	512	512	200	143	206	137	43.6569
10	maps/mazes/maze_065.map	512	512	364	272	354	285	43.8284
10	maps/mazes/maze_065.map	512	512	245	237	264	241	43.2426
10	maps/mazes/maze_065.map	512	512	216	216	201	224	42.6569
9	maps/mazes/maze_065.map	512	512	479	45	478	21	39.2426
9	maps/mazes/maze_065.map	512	512	47	288	41	279	39.2426
9	maps/mazes/maze_065.map	512	512	14	24	38	36	39.6569
9	maps/mazes/maze_065.map	512	512	97	416	99	424	38.8284
9	maps/mazes/maze_065.map	512	512	507	420	508	386	39.8284
9	maps/mazes/maze_065.map	512	512	37	196	41	172	39.0711
9	maps/mazes/maze_065.map	512	512	169	327	165	345	39.6569
9	maps/mazes/maze_065.map	512	512	272	123	280	139	39.0711
9	maps/mazes/maze_065.map	512	512	17	13	32	32	39.6569
8	maps/mazes/maze_065.map	512	512	403	484	386	484	35.8284
8	maps/mazes/maze_065.map	512	512	509	507	474	508	35.4142
8	maps/mazes/maze_065.map	512	512	142	97	126	100	35.8284
8	maps/mazes/maze_065.map	512	512	384	185	412	189	35.6569
8	maps/mazes/maze_065.map	512	512	464	88	464	65	35.2426
8	maps/mazes/maze_065.map	512	512	268	303	286	304	35.8284
8	maps/mazes/maze_065.map	512	512	336	261	344	254	35.8284
8	maps/mazes/maze_065.map	512	512	249	66	257	62	35.8995
8	maps/mazes/maze_065.map	512	512	60	283	51	304	35.6569
8	maps/mazes/maze_065.map	512	512	205	105	197	88	35.4853
7	maps/mazes/maze_065.map	512	512	502	504	478	508	31.4142
7	maps/mazes/maze_065.map	512	512	263	405	249	406	31.2426
7	maps/mazes/maze_065.map	512	512	260	417	272	409	31.0711
7	maps/mazes/maze_065.map	512	512	6	144	14	149	31.2426
7	maps/mazes/maze_065.map	512	512	46	389	53	384	31.4142
7	maps/mazes/maze_065.map	512	512	19	428	15	405	31.2426
7	maps/mazes/maze_065.map	512	512	356	430	370	444	31.0711
7	maps/mazes/maze_065.map	512	512	212	429	208	400	31.8284
7	maps/mazes/maze_065.map	512	512	329	52	320	63	31.6569
7	maps/mazes/maze_065.map	512	512	28	389	3	381	31.8284
6	maps/mazes/maze_065.map	512	512	405	18	424	28	27.8284
6	maps/mazes/maze_065.map	512	512	152	449	155	428	27.6569
6	maps/mazes/maze_065.map	512	512	101	21	109	38	27.2426
6	maps/mazes/maze_065.map	512	512	189	321	183	320	27.8284
6	maps/mazes/maze_065.map	512	512	213	97	216	93	27.8284
6	maps/mazes/maze_065.map	512	512	361	493	358	472	27.6569
6	maps/mazes/maze_065.map	512	512	81	445	81	451	27.4142
6	maps/mazes/maze_065.map	512	512	364	281	346	277	26.8284
6	maps/mazes/maze_065.map	512	512	104	100	104	73	27
6	maps/mazes/maze_065.map	512	512	261	383	267	369	27.4142
5	maps/mazes/maze_065.map	512	512	39	73	21	71	22.8284
5	maps/mazes/maze_065.map	512	512	369	341	378	352	23.4142
5	maps/mazes/maze_065.map	512	512	376	212	392	210	22.8284
5	maps/mazes/maze_065.map	512	512	428	11	417	7	23.8284
5	maps/mazes/maze_065.map	512	512	237	366	227	356	23.6569
5	maps/mazes/maze_065.map	512	512	223	409	214	393	23.8284
5	maps/mazes/maze_065.map	512	512	164	72	161	60	23
5	maps/mazes/maze_065.map	512	512	197	157	184	145	23.8284
5	maps/mazes/maze_065.map	512	512	390	353	385	363	23.2426
5	maps/mazes/maze_065.map	512	512	355	400	364	408	23.2426
4	maps/mazes/maze_065.map	512	512	213	397	217	414	19.8284
4	maps/mazes/maze_065.map	512	512	125	33	122	41	19.2426
4	maps/mazes/maze_065.map	512	512	201	261	218	257	19.8284
4	maps/mazes/maze_065.map	512	512	482	172	485	177	18.8284
4	maps/mazes/maze_065.map	512	512	203	232	200	220	19.2426
4	maps/mazes/maze_065.map	512	512	178	341	176	328	19.8284
4	maps/mazes/maze_065.map	512	512	292	345	273	344	19.4142
4	maps/mazes/maze_065.map	512	512	216	300	225	304	19.2426
4	maps/mazes/maze_065.map	512	512	480	433	484	417	19.4142
4	maps/mazes/maze_065.map	512	512	381	314	384	324	19.8284
3	maps/mazes/maze_065.map	512	512	324	202	317	192	15.2426
3	maps/mazes/maze_065.map	512	512	229	165	234	153	15.8284
3	maps/mazes/maze_065.map	512	512	124	50	114	45	15
3	maps/mazes/maze_065.map	512	512	93	371	104	377	15.2426
3	maps/mazes/maze_065.map	512	512	157	293	153	281	15.4142
3	maps/mazes/maze_065.map	512	512	153	348	160	345	15.4142
3	maps/mazes/maze_065.map	512	512	81	133	89	143	15.6569
3	maps/mazes/maze_065.map	512	512	73	1	66	9	15.2426
3	maps/mazes/maze_065.map	512	512	144	188	146	181	15
3	maps/mazes/maze_065.map	512	512	0	248	9	248	15.2426
2	maps/mazes/maze_065.map	512	512	25	221	27	213	11.4142
2	maps/mazes/maze_065.map	512	512	181	216	177	207	11.8284
2	maps/mazes/maze_065.map	512	512	9	252	9	241	11
2	maps/mazes/maze_065.map	512	512	337	104	328	108	11.8284
2	maps/mazes/maze_065.map	512	512	53	318	51	328	11.4142
2	maps/mazes/maze_065.map	512	512	343	465	344	472	11.4142
2	maps/mazes/maze_065.map	512	512	508	122	508	111	11
2	maps/mazes/maze_065.map	512	512	392	287	398	280	11.8284
2	maps/mazes/maze_065.map	512	512	356	445	357	440	10.8284
2	maps/mazes/maze_065.map	512	512	295	69	300	61	11.8284
1	maps/mazes/maze_065.map	512	512	37	409	32	412	7.41421
1	maps/mazes/maze_065.map	512	512	245	409	249	404	7.82843
1	maps/mazes/maze_065.map	512	512	457	289	453	284	7.82843
1	maps/mazes/maze_065.map	512	512	311	428	312	435	7.41421
1	maps/mazes/maze_065.map	512	512	82	76	85	71	7.41421
1	maps/mazes/maze_065.map	512	512	8	389	13	392	7.41421
1	maps/mazes/maze_065.map	512	512	89	244	85	248	7.41421
1	maps/mazes/maze_065.map	512	512	133	354	139	352	7.41421
1	maps/mazes/maze_065.map	512	512	253	100	249	104	7.41421
1	maps/mazes/maze_065.map	512	512	288	160	292	164	7.41421
0	maps/mazes/maze_065.map	512	512	269	369	269	372	3
0	maps/mazes/maze_065.map	512	512	488	431	486	432	3
0	maps/mazes/maze_065.map	512	512	75	237	73	238	3
0	maps/mazes/maze_065.map	512	512	252	157	249	157	3
0	maps/mazes/maze_065.map	512	512	315	356	312	356	3
0	maps/mazes/maze_065.map	512	512	304	401	301	401	3
0	maps/mazes/maze_065.map	512	512	360	136	363	136	3
0	maps/mazes/maze_065.map	512	512	25	287	23	285	3.41421
0	maps/mazes/maze_065.map	512	512	138	201	137	203	3
