version 1
127	maps/mazes/maze_085.map	512	512	215	509	278	508	511.054
81	maps/mazes/maze_085.map	512	512	286	33	244	72	326.841
127	maps/mazes/maze_085.map	512	512	421	430	369	457	511.953
127	maps/mazes/maze_085.map	512	512	425	321	310	181	510.64
127	maps/mazes/maze_085.map	512	512	406	73	485	161	511.953
127	maps/mazes/maze_085.map	512	512	420	309	284	164	511.468
127	maps/mazes/maze_085.map	512	512	14	232	121	198	511.61
127	maps/mazes/maze_085.map	512	512	139	413	188	308	511.296
127	maps/mazes/maze_085.map	512	512	149	325	36	294	511.539
127	maps/mazes/maze_085.map	512	512	129	399	9	360	511.125
127	maps/mazes/maze_085.map	512	512	497	317	412	189	511.125
126	maps/mazes/maze_085.map	512	512	190	480	249	354	507.468
115	maps/mazes/maze_085.map	512	512	426	429	321	456	461.054
126	maps/mazes/maze_085.map	512	512	409	440	395	456	507.882
126	maps/mazes/maze_085.map	512	512	29	353	21	168	507.468
126	maps/mazes/maze_085.map	512	512	339	61	203	60	507.711
126	maps/mazes/maze_085.map	512	512	94	152	35	153	507.581
126	maps/mazes/maze_085.map	512	512	328	292	433	170	507.711
126	maps/mazes/maze_085.map	512	512	481	469	405	380	507.953
126	maps/mazes/maze_085.map	512	512	267	476	268	342	507.711
126	maps/mazes/maze_085.map	512	512	287	265	256	142	507.054
126	maps/mazes/maze_085.map	512	512	337	396	227	284	507.882
125	maps/mazes/maze_085.map	512	512	268	349	459	424	503.539
125	maps/mazes/maze_085.map	512	512	305	473	232	282	503.882
125	maps/mazes/maze_085.map	512	512	500	75	456	164	503.225
125	maps/mazes/maze_085.map	512	512	496	101	457	164	503.983
125	maps/mazes/maze_085.map	512	512	211	233	82	245	502.681
125	maps/mazes/maze_085.map	512	512	329	340	342	236	503.711
125	maps/mazes/maze_085.map	512	512	198	356	252	245	502.882
125	maps/mazes/maze_085.map	512	512	0	236	53	39	503.782
125	maps/mazes/maze_085.map	512	512	311	349	336	261	503.711
125	maps/mazes/maze_085.map	512	512	25	40	69	284	503.054
124	maps/mazes/maze_085.map	512	512	323	396	228	443	499.054
124	maps/mazes/maze_085.map	512	512	392	63	449	74	499.196
124	maps/mazes/maze_085.map	512	512	257	437	220	259	499.811
124	maps/mazes/maze_085.map	512	512	212	390	229	411	498.711
124	maps/mazes/maze_085.map	512	512	46	305	60	164	499.711
124	maps/mazes/maze_085.map	512	512	237	180	103	177	499.811
124	maps/mazes/maze_085.map	512	512	224	64	53	42	499.811
124	maps/mazes/maze_085.map	512	512	111	309	141	338	499.125
124	maps/mazes/maze_085.map	512	512	453	505	471	416	499.953
124	maps/mazes/maze_085.map	512	512	452	24	405	48	499.752
123	maps/mazes/maze_085.map	512	512	180	485	265	356	495.882
123	maps/mazes/maze_085.map	512	512	460	382	418	333	495.953
123	maps/mazes/maze_085.map	512	512	205	125	116	205	495.468
123	maps/mazes/maze_085.map	512	512	320	17	133	45	495.225
123	maps/mazes/maze_085.map	512	512	97	407	33	302	495.711
123	maps/mazes/maze_085.map	512	512	269	468	252	348	494.882
123	maps/mazes/maze_085.map	512	512	270	392	274	433	495.953
123	maps/mazes/maze_085.map	512	512	197	137	103	200	495.711
123	maps/mazes/maze_085.map	512	512	453	49	505	133	495.054
48	maps/mazes/maze_085.map	512	512	63	1	97	17	195.799
123	maps/mazes/maze_085.map	512	512	445	293	416	145	495.953
122	maps/mazes/maze_085.map	512	512	215	501	255	497	491.74
122	maps/mazes/maze_085.map	512	512	462	325	374	372	491.468
122	maps/mazes/maze_085.map	512	512	124	501	66	440	491.953
122	maps/mazes/maze_085.map	512	512	295	201	316	164	491.296
122	maps/mazes/maze_085.map	512	512	144	40	179	44	491.669
122	maps/mazes/maze_085.map	512	512	509	381	433	162	491.468
122	maps/mazes/maze_085.map	512	512	178	508	284	495	491.468
122	maps/mazes/maze_085.map	512	512	307	20	128	53	491.64
122	maps/mazes/maze_085.map	512	512	209	474	328	465	491.782
122	maps/mazes/maze_085.map	512	512	417	73	501	150	491.368
121	maps/mazes/maze_085.map	512	512	324	209	220	53	487.054
121	maps/mazes/maze_085.map	512	512	200	453	244	333	487.054
121	maps/mazes/maze_085.map	512	512	134	276	119	165	487.539
121	maps/mazes/maze_085.map	512	512	312	366	258	241	487.468
121	maps/mazes/maze_085.map	512	512	272	350	255	217	487.054
121	maps/mazes/maze_085.map	512	512	63	461	3	276	487.468
121	maps/mazes/maze_085.map	512	512	14	0	37	159	487.296
121	maps/mazes/maze_085.map	512	512	452	129	445	187	487.225
121	maps/mazes/maze_085.map	512	512	489	87	476	166	487.397
121	maps/mazes/maze_085.map	512	512	244	5	226	48	487.711
120	maps/mazes/maze_085.map	512	512	428	509	458	424	483.711
120	maps/mazes/maze_085.map	512	512	43	41	37	231	483.296
120	maps/mazes/maze_085.map	512	512	25	388	123	393	483.125
120	maps/mazes/maze_085.map	512	512	95	12	259	104	483.64
120	maps/mazes/maze_085.map	512	512	158	492	284	422	483.64
120	maps/mazes/maze_085.map	512	512	229	272	253	183	483.61
120	maps/mazes/maze_085.map	512	512	42	44	178	45	483.811
120	maps/mazes/maze_085.map	512	512	366	28	264	41	483.953
120	maps/mazes/maze_085.map	512	512	16	209	104	209	482.61
120	maps/mazes/maze_085.map	512	512	365	87	479	133	483.296
119	maps/mazes/maze_085.map	512	512	100	36	257	137	479.64
119	maps/mazes/maze_085.map	512	512	248	391	284	377	479.64
119	maps/mazes/maze_085.map	512	512	192	315	265	216	479.64
119	maps/mazes/maze_085.map	512	512	440	25	436	45	479.439
119	maps/mazes/maze_085.map	512	512	488	344	401	152	479.225
42	maps/mazes/maze_085.map	512	512	503	20	504	32	171.385
119	maps/mazes/maze_085.map	512	512	245	423	339	381	479.882
119	maps/mazes/maze_085.map	512	512	97	341	40	195	478.64
119	maps/mazes/maze_085.map	512	512	509	125	456	208	479.882
119	maps/mazes/maze_085.map	512	512	186	140	202	60	479.497
119	maps/mazes/maze_085.map	512	512	283	441	268	258	479.64
118	maps/mazes/maze_085.map	512	512	436	299	433	166	475.296
118	maps/mazes/maze_085.map	512	512	69	117	94	177	475.711
118	maps/mazes/maze_085.map	512	512	169	296	252	226	475.811
118	maps/mazes/maze_085.map	512	512	443	213	324	208	475.882
118	maps/mazes/maze_085.map	512	512	18	377	37	201	475.468
118	maps/mazes/maze_085.map	512	512	281	422	225	294	475.64
118	maps/mazes/maze_085.map	512	512	170	288	64	154	475.196
118	maps/mazes/maze_085.map	512	512	505	268	387	221	475.711
118	maps/mazes/maze_085.map	512	512	61	120	188	45	475.154
118	maps/mazes/maze_085.map	512	512	138	349	7	288	475.882
117	maps/mazes/maze_085.map	512	512	353	448	460	439	471.054
117	maps/mazes/maze_085.map	512	512	222	205	248	230	471.853
117	maps/mazes/maze_085.map	512	512	452	49	496	124	471.811
117	maps/mazes/maze_085.map	512	512	323	121	160	52	471.64
117	maps/mazes/maze_085.map	512	512	211	441	236	332	471.64
117	maps/mazes/maze_085.map	512	512	187	93	312	181	470.64
117	maps/mazes/maze_085.map	512	512	298	28	265	145	471.882
117	maps/mazes/maze_085.map	512	512	222	48	49	39	471.397
117	maps/mazes/maze_085.map	512	512	181	28	76	5	471.054
117	maps/mazes/maze_085.map	512	512	0	198	41	253	471.882
116	maps/mazes/maze_085.map	512	512	152	4	52	73	467.811
116	maps/mazes/maze_085.map	512	512	289	152	398	168	467.225
116	maps/mazes/maze_085.map	512	512	406	337	264	333	466.711
116	maps/mazes/maze_085.map	512	512	73	97	114	209	467.225
116	maps/mazes/maze_085.map	512	512	449	13	408	33	467.125
116	maps/mazes/maze_085.map	512	512	144	89	53	84	467.154
116	maps/mazes/maze_085.map	512	512	453	197	351	200	467.811
116	maps/mazes/maze_085.map	512	512	122	232	165	177	467.296
116	maps/mazes/maze_085.map	512	512	465	117	454	185	466.983
116	maps/mazes/maze_085.map	512	512	358	441	449	452	467.64
115	maps/mazes/maze_085.map	512	512	411	408	354	456	463.368
115	maps/mazes/maze_085.map	512	512	242	280	328	220	463.64
115	maps/mazes/maze_085.map	512	512	133	237	153	192	463.711
115	maps/mazes/maze_085.map	512	512	293	252	256	131	463.397
115	maps/mazes/maze_085.map	512	512	333	81	321	112	463.711
115	maps/mazes/maze_085.map	512	512	201	161	240	168	462.912
115	maps/mazes/maze_085.map	512	512	320	51	284	86	463.225
115	maps/mazes/maze_085.map	512	512	364	380	253	269	463.64
115	maps/mazes/maze_085.map	512	512	420	225	285	157	463.811
114	maps/mazes/maze_085.map	512	512	469	337	384	369	459.468
114	maps/mazes/maze_085.map	512	512	60	416	5	267	459.882
114	maps/mazes/maze_085.map	512	512	36	194	94	181	459.024
114	maps/mazes/maze_085.map	512	512	353	213	457	198	459.225
114	maps/mazes/maze_085.map	512	512	241	353	407	405	459.983
59	maps/mazes/maze_085.map	512	512	208	271	201	333	236.113
114	maps/mazes/maze_085.map	512	512	34	384	37	231	459.054
114	maps/mazes/maze_085.map	512	512	197	310	253	225	459.811
114	maps/mazes/maze_085.map	512	512	165	96	271	152	459.64
114	maps/mazes/maze_085.map	512	512	281	483	262	332	459.882
114	maps/mazes/maze_085.map	512	512	368	304	414	309	459.811
113	maps/mazes/maze_085.map	512	512	443	289	500	228	455.64
113	maps/mazes/maze_085.map	512	512	302	141	170	45	455.64
113	maps/mazes/maze_085.map	512	512	209	271	268	205	455.811
113	maps/mazes/maze_085.map	512	512	365	221	252	73	455.569
3	maps/mazes/maze_085.map	512	512	12	492	12	498	12.2426
113	maps/mazes/maze_085.map	512	512	92	229	73	23	455.225
113	maps/mazes/maze_085.map	512	512	95	480	101	424	455.882
113	maps/mazes/maze_085.map	512	512	224	500	229	494	455.083
113	maps/mazes/maze_085.map	512	512	72	341	41	194	455.397
113	maps/mazes/maze_085.map	512	512	166	5	47	61	455.225
113	maps/mazes/maze_085.map	512	512	13	117	157	53	455.74
112	maps/mazes/maze_085.map	512	512	465	271	401	184	451.225
112	maps/mazes/maze_085.map	512	512	168	32	36	28	450.912
112	maps/mazes/maze_085.map	512	512	377	466	432	487	451.539
112	maps/mazes/maze_085.map	512	512	36	207	49	38	451.882
112	maps/mazes/maze_085.map	512	512	361	59	218	56	451.397
112	maps/mazes/maze_085.map	512	512	449	216	325	214	451.296
112	maps/mazes/maze_085.map	512	512	356	329	360	272	451.811
112	maps/mazes/maze_085.map	512	512	292	214	316	162	451.054
112	maps/mazes/maze_085.map	512	512	399	476	373	470	451.983
112	maps/mazes/maze_085.map	512	512	175	92	269	152	451.054
111	maps/mazes/maze_085.map	512	512	365	80	257	43	447.468
72	maps/mazes/maze_085.map	512	512	458	108	411	60	288.74
111	maps/mazes/maze_085.map	512	512	384	244	311	157	447.882
87	maps/mazes/maze_085.map	512	512	259	413	185	451	351.497
111	maps/mazes/maze_085.map	512	512	238	41	55	28	447.497
111	maps/mazes/maze_085.map	512	512	388	129	479	112	447.882
111	maps/mazes/maze_085.map	512	512	142	449	196	324	447.569
111	maps/mazes/maze_085.map	512	512	92	172	193	197	447.054
111	maps/mazes/maze_085.map	512	512	296	168	176	207	447.468
111	maps/mazes/maze_085.map	512	512	417	154	291	157	447.569
111	maps/mazes/maze_085.map	512	512	333	367	325	227	447.64
111	maps/mazes/maze_085.map	512	512	217	432	387	376	447.397
110	maps/mazes/maze_085.map	512	512	244	350	265	223	443.983
110	maps/mazes/maze_085.map	512	512	344	228	250	93	442.983
110	maps/mazes/maze_085.map	512	512	298	332	229	330	443.225
110	maps/mazes/maze_085.map	512	512	397	0	460	95	443.439
110	maps/mazes/maze_085.map	512	512	261	383	241	438	443.468
110	maps/mazes/maze_085.map	512	512	406	484	378	437	443.912
110	maps/mazes/maze_085.map	512	512	467	49	498	128	443.983
97	maps/mazes/maze_085.map	512	512	17	369	20	388	389.983
110	maps/mazes/maze_085.map	512	512	253	408	252	359	443.397
110	maps/mazes/maze_085.map	512	512	325	408	351	397	443.811
110	maps/mazes/maze_085.map	512	512	284	152	193	68	443.811
109	maps/mazes/maze_085.map	512	512	17	241	37	220	439.711
109	maps/mazes/maze_085.map	512	512	374	449	393	508	439.296
109	maps/mazes/maze_085.map	512	512	70	40	93	177	439.054
109	maps/mazes/maze_085.map	512	512	20	258	57	140	439.811
98	maps/mazes/maze_085.map	512	512	242	493	406	472	394.154
109	maps/mazes/maze_085.map	512	512	208	97	300	157	439.64
109	maps/mazes/maze_085.map	512	512	108	416	65	384	439.811
109	maps/mazes/maze_085.map	512	512	305	21	160	52	439.397
109	maps/mazes/maze_085.map	512	512	313	333	361	294	439.225
109	maps/mazes/maze_085.map	512	512	335	16	284	67	439.296
109	maps/mazes/maze_085.map	512	512	269	12	164	42	439.225
108	maps/mazes/maze_085.map	512	512	172	184	57	137	435.397
108	maps/mazes/maze_085.map	512	512	372	161	469	149	435.912
108	maps/mazes/maze_085.map	512	512	384	371	213	269	435.811
108	maps/mazes/maze_085.map	512	512	498	428	409	329	435.154
108	maps/mazes/maze_085.map	512	512	283	129	408	204	435.74
108	maps/mazes/maze_085.map	512	512	45	336	33	190	435.154
108	maps/mazes/maze_085.map	512	512	21	45	161	44	435.912
108	maps/mazes/maze_085.map	512	512	317	376	249	351	435.225
108	maps/mazes/maze_085.map	512	512	276	337	225	287	435.569
108	maps/mazes/maze_085.map	512	512	233	404	284	376	435.569
107	maps/mazes/maze_085.map	512	512	421	59	492	161	431.811
107	maps/mazes/maze_085.map	512	512	355	356	316	215	431.983
107	maps/mazes/maze_085.map	512	512	232	215	122	165	431.74
107	maps/mazes/maze_085.map	512	512	160	489	286	400	431.811
107	maps/mazes/maze_085.map	512	512	185	488	271	444	431.983
107	maps/mazes/maze_085.map	512	512	168	301	253	233	431.326
107	maps/mazes/maze_085.map	512	512	256	373	284	438	431.225
107	maps/mazes/maze_085.map	512	512	301	243	265	151	430.912
107	maps/mazes/maze_085.map	512	512	89	13	254	73	431.326
107	maps/mazes/maze_085.map	512	512	173	248	97	215	431.953
106	maps/mazes/maze_085.map	512	512	172	321	105	368	427.397
106	maps/mazes/maze_085.map	512	512	329	213	460	196	427.983
106	maps/mazes/maze_085.map	512	512	257	449	284	375	427.569
106	maps/mazes/maze_085.map	512	512	133	161	52	70	427.054
106	maps/mazes/maze_085.map	512	512	68	440	1	291	427.397
106	maps/mazes/maze_085.map	512	512	416	201	260	147	427.841
106	maps/mazes/maze_085.map	512	512	365	364	428	433	427.64
105	maps/mazes/maze_085.map	512	512	0	72	124	48	420.326
106	maps/mazes/maze_085.map	512	512	277	228	401	148	427.983
106	maps/mazes/maze_085.map	512	512	475	301	495	176	427.468
106	maps/mazes/maze_085.map	512	512	192	41	65	2	427.74
105	maps/mazes/maze_085.map	512	512	40	368	25	229	423.397
105	maps/mazes/maze_085.map	512	512	500	45	417	65	423.953
85	maps/mazes/maze_085.map	512	512	89	140	102	100	342.74
105	maps/mazes/maze_085.map	512	512	388	261	401	177	422.64
105	maps/mazes/maze_085.map	512	512	288	205	316	171	423.397
105	maps/mazes/maze_085.map	512	512	446	461	453	420	423.983
105	maps/mazes/maze_085.map	512	512	65	441	2	292	423.397
105	maps/mazes/maze_085.map	512	512	149	501	228	443	423.326
105	maps/mazes/maze_085.map	512	512	376	166	300	147	423.912
105	maps/mazes/maze_085.map	512	512	213	147	181	198	423.426
104	maps/mazes/maze_085.map	512	512	237	419	197	257	419.497
104	maps/mazes/maze_085.map	512	512	68	419	4	275	419.397
104	maps/mazes/maze_085.map	512	512	472	69	494	145	419.74
104	maps/mazes/maze_085.map	512	512	148	30	257	124	419.468
104	maps/mazes/maze_085.map	512	512	364	342	328	206	419.983
104	maps/mazes/maze_085.map	512	512	205	468	289	400	419.983
104	maps/mazes/maze_085.map	512	512	109	490	85	421	419.468
104	maps/mazes/maze_085.map	512	512	246	300	265	185	419.397
104	maps/mazes/maze_085.map	512	512	144	65	257	136	419.397
104	maps/mazes/maze_085.map	512	512	479	508	442	420	419.811
103	maps/mazes/maze_085.map	512	512	16	125	100	37	415.397
103	maps/mazes/maze_085.map	512	512	448	181	335	220	415.397
103	maps/mazes/maze_085.map	512	512	201	350	254	268	415.326
103	maps/mazes/maze_085.map	512	512	158	148	197	58	415.426
103	maps/mazes/maze_085.map	512	512	167	92	56	1	415.012
63	maps/mazes/maze_085.map	512	512	293	377	234	296	253.113
103	maps/mazes/maze_085.map	512	512	303	297	357	193	415.74
103	maps/mazes/maze_085.map	512	512	2	493	68	422	415.669
103	maps/mazes/maze_085.map	512	512	461	423	308	367	415.225
103	maps/mazes/maze_085.map	512	512	353	232	409	201	414.983
103	maps/mazes/maze_085.map	512	512	492	86	468	151	415.083
102	maps/mazes/maze_085.map	512	512	77	456	89	387	411.326
102	maps/mazes/maze_085.map	512	512	416	193	280	153	410.669
102	maps/mazes/maze_085.map	512	512	64	187	95	41	411.569
102	maps/mazes/maze_085.map	512	512	115	297	57	131	411.74
102	maps/mazes/maze_085.map	512	512	381	21	236	48	411.841
102	maps/mazes/maze_085.map	512	512	509	133	457	200	410.74
102	maps/mazes/maze_085.map	512	512	83	480	118	393	411.154
102	maps/mazes/maze_085.map	512	512	193	379	59	372	411.569
102	maps/mazes/maze_085.map	512	512	292	493	268	339	411.397
102	maps/mazes/maze_085.map	512	512	228	413	209	262	411.497
101	maps/mazes/maze_085.map	512	512	155	473	88	428	407.397
101	maps/mazes/maze_085.map	512	512	105	136	102	53	407.397
101	maps/mazes/maze_085.map	512	512	96	59	73	156	407.983
101	maps/mazes/maze_085.map	512	512	76	469	101	395	407.912
85	maps/mazes/maze_085.map	512	512	343	304	349	292	343.841
101	maps/mazes/maze_085.map	512	512	280	483	252	360	407.811
101	maps/mazes/maze_085.map	512	512	455	112	501	184	407.983
101	maps/mazes/maze_085.map	512	512	149	495	230	452	407.497
101	maps/mazes/maze_085.map	512	512	249	428	285	376	407.74
101	maps/mazes/maze_085.map	512	512	461	486	460	424	407.811
101	maps/mazes/maze_085.map	512	512	304	193	256	268	407.225
100	maps/mazes/maze_085.map	512	512	278	145	412	196	403.669
100	maps/mazes/maze_085.map	512	512	251	85	100	41	403.326
100	maps/mazes/maze_085.map	512	512	239	280	324	225	403.983
100	maps/mazes/maze_085.map	512	512	289	487	264	356	403.397
100	maps/mazes/maze_085.map	512	512	438	429	331	381	403.811
100	maps/mazes/maze_085.map	512	512	342	384	261	429	403.74
100	maps/mazes/maze_085.map	512	512	415	393	250	332	403.983
100	maps/mazes/maze_085.map	512	512	288	104	164	41	403.569
100	maps/mazes/maze_085.map	512	512	391	225	406	305	403.326
100	maps/mazes/maze_085.map	512	512	212	398	191	413	403.983
99	maps/mazes/maze_085.map	512	512	274	148	412	195	399.083
99	maps/mazes/maze_085.map	512	512	310	365	259	276	399.74
99	maps/mazes/maze_085.map	512	512	490	301	478	168	399.811
99	maps/mazes/maze_085.map	512	512	500	414	406	344	399.497
99	maps/mazes/maze_085.map	512	512	85	224	45	28	399.983
99	maps/mazes/maze_085.map	512	512	341	389	268	337	398.74
99	maps/mazes/maze_085.map	512	512	168	261	97	220	399.882
99	maps/mazes/maze_085.map	512	512	174	385	74	425	399.397
99	maps/mazes/maze_085.map	512	512	433	33	423	60	399.125
99	maps/mazes/maze_085.map	512	512	44	214	113	183	399.397
98	maps/mazes/maze_085.map	512	512	405	300	483	225	395.569
98	maps/mazes/maze_085.map	512	512	283	9	256	99	395.569
98	maps/mazes/maze_085.map	512	512	298	21	178	45	395.74
98	maps/mazes/maze_085.map	512	512	220	25	251	41	395.811
98	maps/mazes/maze_085.map	512	512	420	13	417	57	395.468
98	maps/mazes/maze_085.map	512	512	381	448	390	488	395.225
98	maps/mazes/maze_085.map	512	512	44	427	15	340	395.74
98	maps/mazes/maze_085.map	512	512	493	296	409	173	395.326
98	maps/mazes/maze_085.map	512	512	156	76	257	101	395.74
97	maps/mazes/maze_085.map	512	512	322	497	424	453	391.497
97	maps/mazes/maze_085.map	512	512	106	300	83	145	391.74
97	maps/mazes/maze_085.map	512	512	208	160	106	213	390.74
97	maps/mazes/maze_085.map	512	512	216	342	259	276	391.083
97	maps/mazes/maze_085.map	512	512	383	81	432	44	391.983
97	maps/mazes/maze_085.map	512	512	129	397	58	384	391.154
97	maps/mazes/maze_085.map	512	512	441	332	348	209	391.74
97	maps/mazes/maze_085.map	512	512	0	387	12	256	391.225
97	maps/mazes/maze_085.map	512	512	209	372	190	413	391.154
96	maps/mazes/maze_085.map	512	512	155	460	280	423	387.983
96	maps/mazes/maze_085.map	512	512	161	148	94	41	387.941
96	maps/mazes/maze_085.map	512	512	68	313	66	153	387.74
96	maps/mazes/maze_085.map	512	512	34	128	98	37	387.326
96	maps/mazes/maze_085.map	512	512	442	389	323	376	387.983
96	maps/mazes/maze_085.map	512	512	434	448	420	494	387.397
96	maps/mazes/maze_085.map	512	512	456	115	496	177	387.74
96	maps/mazes/maze_085.map	512	512	408	256	478	272	387.154
96	maps/mazes/maze_085.map	512	512	277	301	331	209	387.497
96	maps/mazes/maze_085.map	512	512	20	468	29	363	387.841
95	maps/mazes/maze_085.map	512	512	124	453	69	440	383.154
95	maps/mazes/maze_085.map	512	512	463	0	416	19	382.811
95	maps/mazes/maze_085.map	512	512	101	337	150	325	383.811
95	maps/mazes/maze_085.map	512	512	209	16	41	7	383.326
95	maps/mazes/maze_085.map	512	512	416	166	309	180	383.083
95	maps/mazes/maze_085.map	512	512	201	112	64	28	383.77
95	maps/mazes/maze_085.map	512	512	24	277	35	156	382.912
95	maps/mazes/maze_085.map	512	512	144	80	249	87	383.74
95	maps/mazes/maze_085.map	512	512	24	348	41	194	383.912
95	maps/mazes/maze_085.map	512	512	181	309	140	364	383.983
94	maps/mazes/maze_085.map	512	512	304	122	236	77	379.083
94	maps/mazes/maze_085.map	512	512	120	183	53	39	379.912
94	maps/mazes/maze_085.map	512	512	225	172	102	189	379.841
94	maps/mazes/maze_085.map	512	512	320	144	257	134	379.912
94	maps/mazes/maze_085.map	512	512	102	348	68	396	379.154
94	maps/mazes/maze_085.map	512	512	197	97	281	159	379.397
94	maps/mazes/maze_085.map	512	512	334	140	349	210	379.083
94	maps/mazes/maze_085.map	512	512	265	119	229	92	378.983
94	maps/mazes/maze_085.map	512	512	53	434	28	273	379.154
94	maps/mazes/maze_085.map	512	512	503	180	411	188	379.74
93	maps/mazes/maze_085.map	512	512	509	13	400	5	375.569
93	maps/mazes/maze_085.map	512	512	25	208	74	149	375.397
93	maps/mazes/maze_085.map	512	512	202	44	92	5	375.083
93	maps/mazes/maze_085.map	512	512	438	372	374	377	375.912
93	maps/mazes/maze_085.map	512	512	260	497	355	468	375.74
93	maps/mazes/maze_085.map	512	512	330	108	505	136	375.326
93	maps/mazes/maze_085.map	512	512	82	420	31	301	375.74
93	maps/mazes/maze_085.map	512	512	287	349	218	277	375.669
93	maps/mazes/maze_085.map	512	512	454	221	338	220	375.912
93	maps/mazes/maze_085.map	512	512	28	45	120	214	375.912
92	maps/mazes/maze_085.map	512	512	12	85	133	48	371.497
92	maps/mazes/maze_085.map	512	512	145	350	25	315	371.326
92	maps/mazes/maze_085.map	512	512	188	244	88	241	370.882
92	maps/mazes/maze_085.map	512	512	407	193	306	125	371.426
92	maps/mazes/maze_085.map	512	512	184	96	85	25	371.255
92	maps/mazes/maze_085.map	512	512	341	259	280	154	371.255
92	maps/mazes/maze_085.map	512	512	404	159	313	184	371.255
92	maps/mazes/maze_085.map	512	512	49	405	13	333	371.983
92	maps/mazes/maze_085.map	512	512	103	245	86	173	371.811
92	maps/mazes/maze_085.map	512	512	378	85	276	49	371.154
91	maps/mazes/maze_085.map	512	512	489	439	416	372	367.012
91	maps/mazes/maze_085.map	512	512	312	342	400	298	367.983
91	maps/mazes/maze_085.map	512	512	54	489	65	440	367.841
91	maps/mazes/maze_085.map	512	512	423	429	328	447	367.569
91	maps/mazes/maze_085.map	512	512	271	165	181	200	367.569
91	maps/mazes/maze_085.map	512	512	6	261	61	157	367.326
91	maps/mazes/maze_085.map	512	512	68	109	113	219	367.326
91	maps/mazes/maze_085.map	512	512	417	479	357	465	367.255
91	maps/mazes/maze_085.map	512	512	332	60	195	65	367.74
91	maps/mazes/maze_085.map	512	512	64	11	95	196	367.497
90	maps/mazes/maze_085.map	512	512	136	28	53	82	363.669
34	maps/mazes/maze_085.map	512	512	393	269	352	271	138.213
14	maps/mazes/maze_085.map	512	512	264	228	270	188	58.7279
90	maps/mazes/maze_085.map	512	512	185	393	93	440	363.569
90	maps/mazes/maze_085.map	512	512	335	432	426	456	363.083
90	maps/mazes/maze_085.map	512	512	125	196	229	199	363.184
90	maps/mazes/maze_085.map	512	512	117	165	247	197	363.598
90	maps/mazes/maze_085.map	512	512	397	197	320	129	363.77
90	maps/mazes/maze_085.map	512	512	404	209	284	164	363.184
90	maps/mazes/maze_085.map	512	512	82	345	93	211	363.326
90	maps/mazes/maze_085.map	512	512	20	83	36	169	363.154
90	maps/mazes/maze_085.map	512	512	352	117	449	120	363.497
69	maps/mazes/maze_085.map	512	512	9	197	90	193	277.912
89	maps/mazes/maze_085.map	512	512	363	36	260	48	359.326
89	maps/mazes/maze_085.map	512	512	299	249	397	168	359.669
89	maps/mazes/maze_085.map	512	512	41	417	25	314	359.912
89	maps/mazes/maze_085.map	512	512	1	321	37	229	359.497
89	maps/mazes/maze_085.map	512	512	226	468	304	491	359.225
89	maps/mazes/maze_085.map	512	512	223	341	252	248	359.497
89	maps/mazes/maze_085.map	512	512	318	1	207	49	359.426
89	maps/mazes/maze_085.map	512	512	372	320	420	314	359.497
89	maps/mazes/maze_085.map	512	512	39	113	119	197	359.497
89	maps/mazes/maze_085.map	512	512	232	227	77	280	359.64
88	maps/mazes/maze_085.map	512	512	24	120	93	36	355.669
88	maps/mazes/maze_085.map	512	512	345	430	387	444	355.255
88	maps/mazes/maze_085.map	512	512	385	304	360	359	355.74
88	maps/mazes/maze_085.map	512	512	353	49	345	2	354.941
88	maps/mazes/maze_085.map	512	512	62	197	37	199	355.811
88	maps/mazes/maze_085.map	512	512	33	0	85	145	355.083
88	maps/mazes/maze_085.map	512	512	72	508	105	441	354.669
88	maps/mazes/maze_085.map	512	512	240	284	317	236	355.326
88	maps/mazes/maze_085.map	512	512	346	17	293	36	355.497
88	maps/mazes/maze_085.map	512	512	76	79	197	65	355.77
87	maps/mazes/maze_085.map	512	512	181	133	140	63	351.426
87	maps/mazes/maze_085.map	512	512	272	326	261	438	351.669
18	maps/mazes/maze_085.map	512	512	329	173	323	136	75.4853
87	maps/mazes/maze_085.map	512	512	226	336	250	236	351.255
87	maps/mazes/maze_085.map	512	512	304	112	193	68	351.083
87	maps/mazes/maze_085.map	512	512	167	89	259	104	350.74
87	maps/mazes/maze_085.map	512	512	198	492	264	505	350.74
87	maps/mazes/maze_085.map	512	512	87	188	45	18	351.598
87	maps/mazes/maze_085.map	512	512	147	13	80	26	351.941
87	maps/mazes/maze_085.map	512	512	484	197	400	171	350.912
86	maps/mazes/maze_085.map	512	512	144	488	218	436	347.012
86	maps/mazes/maze_085.map	512	512	149	447	201	441	347.113
86	maps/mazes/maze_085.map	512	512	204	449	292	386	347.669
86	maps/mazes/maze_085.map	512	512	420	387	405	392	347.74
86	maps/mazes/maze_085.map	512	512	84	316	109	220	347.669
86	maps/mazes/maze_085.map	512	512	403	444	358	465	347.74
86	maps/mazes/maze_085.map	512	512	407	377	408	389	347.083
86	maps/mazes/maze_085.map	512	512	71	76	136	45	347.012
86	maps/mazes/maze_085.map	512	512	324	397	274	349	347.497
86	maps/mazes/maze_085.map	512	512	4	330	37	230	347.083
85	maps/mazes/maze_085.map	512	512	432	465	436	507	343.154
85	maps/mazes/maze_085.map	512	512	97	233	28	189	343.569
85	maps/mazes/maze_085.map	512	512	35	432	25	317	343.083
85	maps/mazes/maze_085.map	512	512	316	221	253	117	343.426
85	maps/mazes/maze_085.map	512	512	274	149	185	61	343.083
85	maps/mazes/maze_085.map	512	512	485	145	458	201	343.083
85	maps/mazes/maze_085.map	512	512	16	109	95	37	343.426
24	maps/mazes/maze_085.map	512	512	246	100	245	82	97.3848
85	maps/mazes/maze_085.map	512	512	205	304	268	255	343.841
84	maps/mazes/maze_085.map	512	512	160	5	72	27	339.841
84	maps/mazes/maze_085.map	512	512	491	444	430	360	339.77
84	maps/mazes/maze_085.map	512	512	241	48	139	45	339.426
84	maps/mazes/maze_085.map	512	512	423	200	273	257	339.527
84	maps/mazes/maze_085.map	512	512	20	354	13	234	339.083
84	maps/mazes/maze_085.map	512	512	273	26	208	49	339.497
84	maps/mazes/maze_085.map	512	512	232	88	300	121	339.083
84	maps/mazes/maze_085.map	512	512	248	84	123	53	339.255
84	maps/mazes/maze_085.map	512	512	443	429	383	377	339.154
84	maps/mazes/maze_085.map	512	512	168	233	104	175	339.497
83	maps/mazes/maze_085.map	512	512	77	452	25	320	335.255
83	maps/mazes/maze_085.map	512	512	154	52	52	60	335.598
83	maps/mazes/maze_085.map	512	512	293	0	213	59	335.426
14	maps/mazes/maze_085.map	512	512	393	170	361	161	58.0711
83	maps/mazes/maze_085.map	512	512	252	210	147	189	335.255
83	maps/mazes/maze_085.map	512	512	400	78	424	71	335.083
83	maps/mazes/maze_085.map	512	512	337	73	349	117	335.74
83	maps/mazes/maze_085.map	512	512	135	157	70	144	335.74
83	maps/mazes/maze_085.map	512	512	372	325	416	321	335.255
83	maps/mazes/maze_085.map	512	512	20	249	1	353	335.326
83	maps/mazes/maze_085.map	512	512	137	448	213	342	335.841
40	maps/mazes/maze_085.map	512	512	479	344	481	276	162.042
82	maps/mazes/maze_085.map	512	512	151	260	57	127	331.669
82	maps/mazes/maze_085.map	512	512	409	348	397	388	331.012
82	maps/mazes/maze_085.map	512	512	172	436	214	293	331.426
82	maps/mazes/maze_085.map	512	512	286	321	249	359	331.669
82	maps/mazes/maze_085.map	512	512	350	456	464	448	331.841
82	maps/mazes/maze_085.map	512	512	2	465	56	380	331.77
82	maps/mazes/maze_085.map	512	512	283	25	187	61	331.012
82	maps/mazes/maze_085.map	512	512	123	48	98	53	331.941
82	maps/mazes/maze_085.map	512	512	334	89	364	103	331.74
82	maps/mazes/maze_085.map	512	512	144	456	212	354	331.012
81	maps/mazes/maze_085.map	512	512	229	141	110	192	327.841
81	maps/mazes/maze_085.map	512	512	78	289	88	151	327.012
52	maps/mazes/maze_085.map	512	512	471	461	476	468	211.698
81	maps/mazes/maze_085.map	512	512	91	128	93	36	327.841
81	maps/mazes/maze_085.map	512	512	76	305	104	225	327.255
81	maps/mazes/maze_085.map	512	512	173	425	216	329	327.426
81	maps/mazes/maze_085.map	512	512	408	392	251	332	327.669
81	maps/mazes/maze_085.map	512	512	105	234	38	37	327.012
81	maps/mazes/maze_085.map	512	512	29	336	32	223	327.841
81	maps/mazes/maze_085.map	512	512	40	184	57	133	327.154
80	maps/mazes/maze_085.map	512	512	61	421	36	303	323.669
80	maps/mazes/maze_085.map	512	512	36	228	85	182	323.912
80	maps/mazes/maze_085.map	512	512	47	264	37	228	323.154
80	maps/mazes/maze_085.map	512	512	104	174	57	96	323.669
80	maps/mazes/maze_085.map	512	512	73	405	54	380	323.012
80	maps/mazes/maze_085.map	512	512	453	8	428	6	323.326
80	maps/mazes/maze_085.map	512	512	289	222	331	208	322.912
80	maps/mazes/maze_085.map	512	512	275	505	364	460	323.255
80	maps/mazes/maze_085.map	512	512	65	328	92	193	323.255
80	maps/mazes/maze_085.map	512	512	221	62	309	173	323.669
79	maps/mazes/maze_085.map	512	512	37	85	110	64	319.012
79	maps/mazes/maze_085.map	512	512	41	177	95	177	318.912
79	maps/mazes/maze_085.map	512	512	240	241	273	178	319.497
79	maps/mazes/maze_085.map	512	512	212	285	225	299	319.426
79	maps/mazes/maze_085.map	512	512	468	459	431	440	319.255
79	maps/mazes/maze_085.map	512	512	298	348	423	397	319.841
79	maps/mazes/maze_085.map	512	512	478	96	504	118	319.012
79	maps/mazes/maze_085.map	512	512	506	305	504	183	319.598
79	maps/mazes/maze_085.map	512	512	481	341	407	337	319.012
79	maps/mazes/maze_085.map	512	512	128	205	198	197	319.841
78	maps/mazes/maze_085.map	512	512	437	90	499	164	315.941
78	maps/mazes/maze_085.map	512	512	200	273	267	248	315.012
78	maps/mazes/maze_085.map	512	512	1	4	81	40	315.497
78	maps/mazes/maze_085.map	512	512	424	489	477	453	315.083
78	maps/mazes/maze_085.map	512	512	161	392	95	400	315.012
78	maps/mazes/maze_085.map	512	512	304	454	380	394	315.255
78	maps/mazes/maze_085.map	512	512	378	20	261	61	315.113
78	maps/mazes/maze_085.map	512	512	325	445	448	441	315.426
78	maps/mazes/maze_085.map	512	512	433	22	408	75	315.74
78	maps/mazes/maze_085.map	512	512	101	330	103	217	315.426
77	maps/mazes/maze_085.map	512	512	181	180	260	180	311.326
77	maps/mazes/maze_085.map	512	512	249	341	262	264	311.598
24	maps/mazes/maze_085.map	512	512	331	233	359	277	99.799
77	maps/mazes/maze_085.map	512	512	436	128	464	156	311.355
77	maps/mazes/maze_085.map	512	512	442	108	467	152	311.527
77	maps/mazes/maze_085.map	512	512	229	303	245	233	311.012
77	maps/mazes/maze_085.map	512	512	1	40	93	26	311.255
77	maps/mazes/maze_085.map	512	512	444	4	444	9	311.083
77	maps/mazes/maze_085.map	512	512	41	336	16	233	311.841
77	maps/mazes/maze_085.map	512	512	384	376	452	421	311.669
77	maps/mazes/maze_085.map	512	512	229	27	262	61	311.083
76	maps/mazes/maze_085.map	512	512	105	184	57	123	307.083
76	maps/mazes/maze_085.map	512	512	504	441	460	422	306.598
76	maps/mazes/maze_085.map	512	512	35	313	42	196	307.598
76	maps/mazes/maze_085.map	512	512	375	340	435	397	307.426
76	maps/mazes/maze_085.map	512	512	221	438	277	351	307.77
76	maps/mazes/maze_085.map	512	512	253	301	327	240	307.426
76	maps/mazes/maze_085.map	512	512	442	288	456	303	307.184
76	maps/mazes/maze_085.map	512	512	197	408	212	293	307.012
76	maps/mazes/maze_085.map	512	512	329	91	380	150	307.255
76	maps/mazes/maze_085.map	512	512	204	242	132	292	307.154
75	maps/mazes/maze_085.map	512	512	101	208	29	188	303.154
75	maps/mazes/maze_085.map	512	512	112	462	96	407	303.083
75	maps/mazes/maze_085.map	512	512	163	328	63	368	303.255
75	maps/mazes/maze_085.map	512	512	505	197	433	171	303.255
75	maps/mazes/maze_085.map	512	512	460	504	458	484	303.841
75	maps/mazes/maze_085.map	512	512	109	3	72	28	303.012
75	maps/mazes/maze_085.map	512	512	344	276	352	199	303.083
75	maps/mazes/maze_085.map	512	512	225	297	248	232	303.012
75	maps/mazes/maze_085.map	512	512	376	401	326	436	303.912
75	maps/mazes/maze_085.map	512	512	300	212	324	220	303.841
74	maps/mazes/maze_085.map	512	512	377	137	438	53	299.426
74	maps/mazes/maze_085.map	512	512	348	88	382	149	299.083
74	maps/mazes/maze_085.map	512	512	506	28	424	23	299.912
74	maps/mazes/maze_085.map	512	512	56	336	13	257	299.255
74	maps/mazes/maze_085.map	512	512	344	504	336	450	299.598
74	maps/mazes/maze_085.map	512	512	346	5	261	68	299.698
74	maps/mazes/maze_085.map	512	512	492	351	477	225	299.77
74	maps/mazes/maze_085.map	512	512	101	416	65	401	299.77
65	maps/mazes/maze_085.map	512	512	316	245	316	168	262.941
74	maps/mazes/maze_085.map	512	512	445	362	431	396	299.012
74	maps/mazes/maze_085.map	512	512	77	331	99	224	299.426
73	maps/mazes/maze_085.map	512	512	112	418	88	435	295.669
73	maps/mazes/maze_085.map	512	512	180	302	262	253	295.184
73	maps/mazes/maze_085.map	512	512	245	176	131	192	295.941
73	maps/mazes/maze_085.map	512	512	225	333	261	245	295.012
73	maps/mazes/maze_085.map	512	512	503	12	444	12	295.669
73	maps/mazes/maze_085.map	512	512	249	393	245	443	295.255
73	maps/mazes/maze_085.map	512	512	254	389	241	439	295.426
73	maps/mazes/maze_085.map	512	512	29	89	37	158	294.598
73	maps/mazes/maze_085.map	512	512	405	33	449	75	295.397
73	maps/mazes/maze_085.map	512	512	217	282	225	264	295.598
72	maps/mazes/maze_085.map	512	512	504	284	408	145	291.77
72	maps/mazes/maze_085.map	512	512	264	0	280	17	291.669
72	maps/mazes/maze_085.map	512	512	396	292	441	280	291.184
22	maps/mazes/maze_085.map	512	512	345	293	332	246	90.1421
72	maps/mazes/maze_085.map	512	512	85	488	107	393	291.77
72	maps/mazes/maze_085.map	512	512	32	1	55	28	291.255
72	maps/mazes/maze_085.map	512	512	112	212	178	216	291.598
72	maps/mazes/maze_085.map	512	512	208	89	260	105	291.497
72	maps/mazes/maze_085.map	512	512	12	500	49	477	291.355
72	maps/mazes/maze_085.map	512	512	137	268	161	228	291.598
71	maps/mazes/maze_085.map	512	512	358	385	225	328	287.841
71	maps/mazes/maze_085.map	512	512	500	104	505	136	286.941
71	maps/mazes/maze_085.map	512	512	7	64	85	40	287.255
71	maps/mazes/maze_085.map	512	512	225	480	239	500	287.598
71	maps/mazes/maze_085.map	512	512	436	278	457	294	287.184
71	maps/mazes/maze_085.map	512	512	29	141	127	225	287.012
71	maps/mazes/maze_085.map	512	512	251	376	253	432	287.841
71	maps/mazes/maze_085.map	512	512	108	244	106	212	287.841
71	maps/mazes/maze_085.map	512	512	299	389	213	272	287.184
71	maps/mazes/maze_085.map	512	512	104	304	185	378	287.083
70	maps/mazes/maze_085.map	512	512	401	141	503	145	283.941
70	maps/mazes/maze_085.map	512	512	508	250	403	152	283.77
70	maps/mazes/maze_085.map	512	512	440	99	492	161	283.698
70	maps/mazes/maze_085.map	512	512	57	233	1	284	283.083
70	maps/mazes/maze_085.map	512	512	437	254	436	294	283.77
70	maps/mazes/maze_085.map	512	512	21	90	104	197	283.941
70	maps/mazes/maze_085.map	512	512	233	141	95	176	283.77
70	maps/mazes/maze_085.map	512	512	115	396	88	426	283.669
70	maps/mazes/maze_085.map	512	512	420	392	285	371	283.598
70	maps/mazes/maze_085.map	512	512	332	305	334	261	282.77
69	maps/mazes/maze_085.map	512	512	288	105	297	157	279.527
69	maps/mazes/maze_085.map	512	512	85	214	129	173	279.426
69	maps/mazes/maze_085.map	512	512	120	79	149	190	279.154
69	maps/mazes/maze_085.map	512	512	404	129	452	68	279.426
69	maps/mazes/maze_085.map	512	512	473	487	421	485	279.255
69	maps/mazes/maze_085.map	512	512	176	325	133	329	279.77
69	maps/mazes/maze_085.map	512	512	278	229	336	200	279.184
69	maps/mazes/maze_085.map	512	512	196	474	260	444	279.598
69	maps/mazes/maze_085.map	512	512	314	408	321	386	279.669
68	maps/mazes/maze_085.map	512	512	368	419	335	440	275.497
68	maps/mazes/maze_085.map	512	512	164	188	102	200	275.841
68	maps/mazes/maze_085.map	512	512	21	284	26	221	275.598
68	maps/mazes/maze_085.map	512	512	417	196	317	199	275.87
68	maps/mazes/maze_085.map	512	512	306	25	219	56	275.355
68	maps/mazes/maze_085.map	512	512	501	21	437	25	275.012
68	maps/mazes/maze_085.map	512	512	249	240	247	157	275.426
68	maps/mazes/maze_085.map	512	512	376	269	332	197	275.598
68	maps/mazes/maze_085.map	512	512	170	101	81	34	275.213
68	maps/mazes/maze_085.map	512	512	312	404	375	372	275.77
67	maps/mazes/maze_085.map	512	512	101	309	200	366	271.841
67	maps/mazes/maze_085.map	512	512	490	156	472	181	271.527
67	maps/mazes/maze_085.map	512	512	340	500	380	464	271.941
67	maps/mazes/maze_085.map	512	512	48	190	21	277	271.598
67	maps/mazes/maze_085.map	512	512	200	207	165	288	271.255
67	maps/mazes/maze_085.map	512	512	427	149	328	220	271.355
67	maps/mazes/maze_085.map	512	512	173	241	128	182	271.841
67	maps/mazes/maze_085.map	512	512	69	116	78	153	271.355
67	maps/mazes/maze_085.map	512	512	180	158	110	208	271.841
67	maps/mazes/maze_085.map	512	512	43	184	87	157	271.326
66	maps/mazes/maze_085.map	512	512	409	392	249	360	267.598
66	maps/mazes/maze_085.map	512	512	90	8	52	81	267.77
66	maps/mazes/maze_085.map	512	512	161	337	77	361	267.941
66	maps/mazes/maze_085.map	512	512	476	66	462	117	267.527
66	maps/mazes/maze_085.map	512	512	411	117	424	62	267.941
66	maps/mazes/maze_085.map	512	512	320	161	301	146	267.941
66	maps/mazes/maze_085.map	512	512	409	341	390	381	267.77
66	maps/mazes/maze_085.map	512	512	156	41	58	28	267.627
66	maps/mazes/maze_085.map	512	512	409	196	335	173	267.284
66	maps/mazes/maze_085.map	512	512	52	285	83	161	267.184
65	maps/mazes/maze_085.map	512	512	404	321	342	229	263.355
65	maps/mazes/maze_085.map	512	512	123	9	71	28	263.527
65	maps/mazes/maze_085.map	512	512	373	264	389	204	263.355
65	maps/mazes/maze_085.map	512	512	118	68	140	45	263.284
65	maps/mazes/maze_085.map	512	512	254	440	321	369	263.698
65	maps/mazes/maze_085.map	512	512	120	99	113	183	263.083
65	maps/mazes/maze_085.map	512	512	403	460	315	461	263.77
65	maps/mazes/maze_085.map	512	512	6	445	23	332	263.598
65	maps/mazes/maze_085.map	512	512	137	388	80	423	263.012
64	maps/mazes/maze_085.map	512	512	284	216	352	207	258.598
64	maps/mazes/maze_085.map	512	512	476	473	445	433	259.77
64	maps/mazes/maze_085.map	512	512	344	424	360	465	259.184
64	maps/mazes/maze_085.map	512	512	188	188	248	188	259.598
64	maps/mazes/maze_085.map	512	512	125	126	93	180	258.669
64	maps/mazes/maze_085.map	512	512	63	189	114	177	259.083
64	maps/mazes/maze_085.map	512	512	477	279	489	221	258.77
64	maps/mazes/maze_085.map	512	512	428	337	337	231	259.527
64	maps/mazes/maze_085.map	512	512	343	53	263	41	259.598
64	maps/mazes/maze_085.map	512	512	459	416	365	377	258.941
63	maps/mazes/maze_085.map	512	512	175	5	75	1	255.941
63	maps/mazes/maze_085.map	512	512	324	376	232	315	255.77
63	maps/mazes/maze_085.map	512	512	51	157	53	46	255.77
63	maps/mazes/maze_085.map	512	512	497	213	459	197	255.113
63	maps/mazes/maze_085.map	512	512	382	101	398	92	255.77
63	maps/mazes/maze_085.map	512	512	93	93	91	41	255.941
63	maps/mazes/maze_085.map	512	512	489	87	505	141	255.355
63	maps/mazes/maze_085.map	512	512	69	188	53	43	255.527
63	maps/mazes/maze_085.map	512	512	32	364	29	275	255.355
62	maps/mazes/maze_085.map	512	512	38	469	49	386	251.213
62	maps/mazes/maze_085.map	512	512	305	251	328	200	251.941
62	maps/mazes/maze_085.map	512	512	16	393	58	388	251.77
62	maps/mazes/maze_085.map	512	512	408	148	325	205	251.355
62	maps/mazes/maze_085.map	512	512	172	310	253	268	251.87
62	maps/mazes/maze_085.map	512	512	167	313	255	264	251.87
62	maps/mazes/maze_085.map	512	512	101	328	85	246	251.355
62	maps/mazes/maze_085.map	512	512	47	52	53	160	251.355
62	maps/mazes/maze_085.map	512	512	117	426	104	436	251.426
62	maps/mazes/maze_085.map	512	512	267	8	276	4	251.184
61	maps/mazes/maze_085.map	512	512	326	301	350	217	247.355
61	maps/mazes/maze_085.map	512	512	505	221	411	156	247.527
61	maps/mazes/maze_085.map	512	512	164	432	224	360	247.941
61	maps/mazes/maze_085.map	512	512	320	453	384	442	247.042
61	maps/mazes/maze_085.map	512	512	69	313	97	223	247.113
61	maps/mazes/maze_085.map	512	512	392	485	330	453	247.698
27	maps/mazes/maze_085.map	512	512	321	286	317	271	109.385
61	maps/mazes/maze_085.map	512	512	29	420	21	372	247.698
61	maps/mazes/maze_085.map	512	512	217	247	157	275	247.941
61	maps/mazes/maze_085.map	512	512	68	390	25	328	247.184
61	maps/mazes/maze_085.map	512	512	342	261	321	200	247.941
60	maps/mazes/maze_085.map	512	512	296	264	336	212	243.941
60	maps/mazes/maze_085.map	512	512	372	1	350	49	243.355
47	maps/mazes/maze_085.map	512	512	451	272	500	316	189.527
60	maps/mazes/maze_085.map	512	512	112	16	53	44	243.284
60	maps/mazes/maze_085.map	512	512	1	49	72	28	243.598
60	maps/mazes/maze_085.map	512	512	497	393	444	352	243.456
60	maps/mazes/maze_085.map	512	512	208	204	174	276	243.355
60	maps/mazes/maze_085.map	512	512	486	72	476	113	243.527
60	maps/mazes/maze_085.map	512	512	13	425	17	375	243.113
60	maps/mazes/maze_085.map	512	512	232	454	245	415	243.355
60	maps/mazes/maze_085.map	512	512	23	148	109	220	243.255
59	maps/mazes/maze_085.map	512	512	111	116	132	154	239.426
59	maps/mazes/maze_085.map	512	512	396	400	283	368	239.527
59	maps/mazes/maze_085.map	512	512	469	113	472	117	239.527
59	maps/mazes/maze_085.map	512	512	130	412	211	409	239.598
59	maps/mazes/maze_085.map	512	512	428	473	431	492	239.355
59	maps/mazes/maze_085.map	512	512	78	457	108	454	239.284
59	maps/mazes/maze_085.map	512	512	364	483	332	453	239.456
59	maps/mazes/maze_085.map	512	512	215	396	137	427	239.527
59	maps/mazes/maze_085.map	512	512	448	501	431	456	239.255
58	maps/mazes/maze_085.map	512	512	127	308	189	357	235.184
58	maps/mazes/maze_085.map	512	512	173	208	248	187	235.698
58	maps/mazes/maze_085.map	512	512	489	189	433	162	235.527
58	maps/mazes/maze_085.map	512	512	37	149	49	80	235.184
58	maps/mazes/maze_085.map	512	512	324	157	307	144	235.941
58	maps/mazes/maze_085.map	512	512	295	505	309	461	235.941
58	maps/mazes/maze_085.map	512	512	348	324	338	368	235.698
58	maps/mazes/maze_085.map	512	512	92	364	50	361	235.284
58	maps/mazes/maze_085.map	512	512	22	476	48	385	235.627
58	maps/mazes/maze_085.map	512	512	4	496	43	461	235.355
57	maps/mazes/maze_085.map	512	512	236	345	277	352	231.113
57	maps/mazes/maze_085.map	512	512	181	30	162	5	231.113
57	maps/mazes/maze_085.map	512	512	64	425	3	348	231.941
57	maps/mazes/maze_085.map	512	512	354	0	280	50	231.213
57	maps/mazes/maze_085.map	512	512	181	504	231	464	230.627
57	maps/mazes/maze_085.map	512	512	221	245	162	281	231.527
38	maps/mazes/maze_085.map	512	512	504	377	497	300	154.385
57	maps/mazes/maze_085.map	512	512	341	302	314	269	231.113
57	maps/mazes/maze_085.map	512	512	173	225	132	192	231.355
57	maps/mazes/maze_085.map	512	512	87	164	177	198	231.941
57	maps/mazes/maze_085.map	512	512	340	34	266	61	231.527
56	maps/mazes/maze_085.map	512	512	216	180	142	189	227.627
56	maps/mazes/maze_085.map	512	512	368	269	373	329	227.042
56	maps/mazes/maze_085.map	512	512	56	64	93	28	227.527
56	maps/mazes/maze_085.map	512	512	104	1	62	1	227.355
56	maps/mazes/maze_085.map	512	512	209	100	217	54	227.255
56	maps/mazes/maze_085.map	512	512	206	508	213	488	227.971
56	maps/mazes/maze_085.map	512	512	503	128	453	164	227.456
56	maps/mazes/maze_085.map	512	512	156	136	153	79	227.456
56	maps/mazes/maze_085.map	512	512	245	221	225	204	227.77
56	maps/mazes/maze_085.map	512	512	232	122	248	76	227.012
55	maps/mazes/maze_085.map	512	512	508	430	458	329	223.042
55	maps/mazes/maze_085.map	512	512	236	412	200	305	223.87
55	maps/mazes/maze_085.map	512	512	97	49	195	61	223.213
55	maps/mazes/maze_085.map	512	512	501	164	457	180	223.698
55	maps/mazes/maze_085.map	512	512	408	0	413	76	223.426
55	maps/mazes/maze_085.map	512	512	157	373	98	412	223.113
55	maps/mazes/maze_085.map	512	512	436	49	505	129	223.77
55	maps/mazes/maze_085.map	512	512	53	216	85	177	222.698
55	maps/mazes/maze_085.map	512	512	337	368	409	304	223.355
55	maps/mazes/maze_085.map	512	512	305	164	259	201	223.426
54	maps/mazes/maze_085.map	512	512	108	54	53	40	219.284
54	maps/mazes/maze_085.map	512	512	470	89	453	108	219.698
54	maps/mazes/maze_085.map	512	512	473	72	463	113	219.284
54	maps/mazes/maze_085.map	512	512	95	316	69	284	219.698
54	maps/mazes/maze_085.map	512	512	127	357	25	370	219.284
54	maps/mazes/maze_085.map	512	512	72	253	76	159	219.698
54	maps/mazes/maze_085.map	512	512	257	430	285	380	218.87
54	maps/mazes/maze_085.map	512	512	124	501	116	393	219.113
54	maps/mazes/maze_085.map	512	512	417	281	452	300	219.698
54	maps/mazes/maze_085.map	512	512	221	184	142	189	219.799
53	maps/mazes/maze_085.map	512	512	76	357	16	280	215.527
53	maps/mazes/maze_085.map	512	512	438	465	383	492	215.941
53	maps/mazes/maze_085.map	512	512	285	180	267	241	215.527
53	maps/mazes/maze_085.map	512	512	453	12	456	17	215.113
53	maps/mazes/maze_085.map	512	512	204	389	122	416	215.627
53	maps/mazes/maze_085.map	512	512	296	508	309	463	215.113
53	maps/mazes/maze_085.map	512	512	339	340	393	336	215.941
53	maps/mazes/maze_085.map	512	512	293	118	262	152	215.87
53	maps/mazes/maze_085.map	512	512	275	316	305	231	215.042
53	maps/mazes/maze_085.map	512	512	148	199	116	209	215.113
52	maps/mazes/maze_085.map	512	512	209	364	125	411	211.87
52	maps/mazes/maze_085.map	512	512	50	441	4	416	211.284
52	maps/mazes/maze_085.map	512	512	445	96	479	145	211.042
52	maps/mazes/maze_085.map	512	512	349	253	331	229	211.355
52	maps/mazes/maze_085.map	512	512	178	76	153	50	211.527
52	maps/mazes/maze_085.map	512	512	436	152	374	213	211.527
52	maps/mazes/maze_085.map	512	512	453	486	429	456	211.598
52	maps/mazes/maze_085.map	512	512	162	332	113	367	211.698
52	maps/mazes/maze_085.map	512	512	178	280	73	271	211.012
51	maps/mazes/maze_085.map	512	512	292	195	249	229	207.527
51	maps/mazes/maze_085.map	512	512	459	12	457	18	207.698
51	maps/mazes/maze_085.map	512	512	436	92	508	140	206.87
51	maps/mazes/maze_085.map	512	512	175	281	73	277	207.598
51	maps/mazes/maze_085.map	512	512	202	257	261	242	207.698
51	maps/mazes/maze_085.map	512	512	65	137	42	28	207.355
51	maps/mazes/maze_085.map	512	512	489	249	437	195	207.113
51	maps/mazes/maze_085.map	512	512	275	400	268	433	207.698
51	maps/mazes/maze_085.map	512	512	212	275	265	244	207.698
51	maps/mazes/maze_085.map	512	512	105	101	48	68	207.113
50	maps/mazes/maze_085.map	512	512	10	368	15	336	203.527
50	maps/mazes/maze_085.map	512	512	488	457	444	419	203.456
50	maps/mazes/maze_085.map	512	512	206	101	216	71	203.841
50	maps/mazes/maze_085.map	512	512	477	117	480	141	203.284
50	maps/mazes/maze_085.map	512	512	137	80	87	41	203.385
50	maps/mazes/maze_085.map	512	512	99	269	153	266	203.87
50	maps/mazes/maze_085.map	512	512	496	46	428	3	203.77
50	maps/mazes/maze_085.map	512	512	240	469	280	502	203.184
35	maps/mazes/maze_085.map	512	512	449	125	480	140	140.142
50	maps/mazes/maze_085.map	512	512	468	353	406	360	203.284
50	maps/mazes/maze_085.map	512	512	236	328	261	268	203.042
49	maps/mazes/maze_085.map	512	512	207	332	199	285	199.042
49	maps/mazes/maze_085.map	512	512	161	484	222	436	199.87
33	maps/mazes/maze_085.map	512	512	118	249	96	221	134.627
49	maps/mazes/maze_085.map	512	512	389	208	345	212	199.799
49	maps/mazes/maze_085.map	512	512	13	268	15	352	199.698
49	maps/mazes/maze_085.map	512	512	304	19	265	42	198.87
49	maps/mazes/maze_085.map	512	512	220	75	281	154	199.941
49	maps/mazes/maze_085.map	512	512	498	137	451	156	199.213
49	maps/mazes/maze_085.map	512	512	165	45	96	43	199.971
49	maps/mazes/maze_085.map	512	512	181	83	252	73	199.284
49	maps/mazes/maze_085.map	512	512	316	496	332	455	199.627
48	maps/mazes/maze_085.map	512	512	124	88	134	160	195.598
48	maps/mazes/maze_085.map	512	512	505	272	437	193	195.284
48	maps/mazes/maze_085.map	512	512	307	184	266	177	195.355
48	maps/mazes/maze_085.map	512	512	108	89	53	28	195.113
48	maps/mazes/maze_085.map	512	512	368	97	338	132	195.284
48	maps/mazes/maze_085.map	512	512	320	69	321	79	195.284
48	maps/mazes/maze_085.map	512	512	473	132	457	97	195.87
48	maps/mazes/maze_085.map	512	512	237	320	259	277	195.385
48	maps/mazes/maze_085.map	512	512	141	161	181	199	195.799
47	maps/mazes/maze_085.map	512	512	341	408	289	428	191.698
47	maps/mazes/maze_085.map	512	512	307	292	273	241	191.627
47	maps/mazes/maze_085.map	512	512	337	304	317	276	191.456
47	maps/mazes/maze_085.map	512	512	334	168	278	133	191.627
47	maps/mazes/maze_085.map	512	512	318	140	284	135	191.527
47	maps/mazes/maze_085.map	512	512	206	156	113	180	191.042
47	maps/mazes/maze_085.map	512	512	452	384	461	400	191.042
47	maps/mazes/maze_085.map	512	512	277	69	221	71	191.213
47	maps/mazes/maze_085.map	512	512	48	461	65	409	191.142
46	maps/mazes/maze_085.map	512	512	321	264	306	229	187.698
46	maps/mazes/maze_085.map	512	512	248	257	276	199	187.456
46	maps/mazes/maze_085.map	512	512	432	462	396	488	187.698
46	maps/mazes/maze_085.map	512	512	57	436	32	353	187.698
46	maps/mazes/maze_085.map	512	512	57	138	47	28	187.698
46	maps/mazes/maze_085.map	512	512	289	428	348	416	187.87
46	maps/mazes/maze_085.map	512	512	474	321	428	364	187.385
46	maps/mazes/maze_085.map	512	512	69	484	112	508	187.284
46	maps/mazes/maze_085.map	512	512	62	300	63	284	187.87
46	maps/mazes/maze_085.map	512	512	486	24	403	5	187.941
45	maps/mazes/maze_085.map	512	512	121	117	113	172	183.77
45	maps/mazes/maze_085.map	512	512	252	210	211	197	183.113
45	maps/mazes/maze_085.map	512	512	4	293	37	221	183.042
45	maps/mazes/maze_085.map	512	512	250	8	269	23	182.87
45	maps/mazes/maze_085.map	512	512	388	232	358	201	183.627
45	maps/mazes/maze_085.map	512	512	346	108	397	146	183.284
45	maps/mazes/maze_085.map	512	512	476	509	377	498	183.698
45	maps/mazes/maze_085.map	512	512	260	350	227	293	183.213
45	maps/mazes/maze_085.map	512	512	153	185	216	197	183.385
45	maps/mazes/maze_085.map	512	512	424	36	421	78	183.77
44	maps/mazes/maze_085.map	512	512	67	9	52	69	179.87
44	maps/mazes/maze_085.map	512	512	152	115	110	64	179.385
44	maps/mazes/maze_085.map	512	512	493	280	472	222	179.042
44	maps/mazes/maze_085.map	512	512	151	437	225	412	179.284
44	maps/mazes/maze_085.map	512	512	284	365	249	354	179.456
44	maps/mazes/maze_085.map	512	512	123	28	57	24	179.799
44	maps/mazes/maze_085.map	512	512	164	118	110	64	179.556
25	maps/mazes/maze_085.map	512	512	21	248	52	240	103.385
44	maps/mazes/maze_085.map	512	512	97	325	69	284	179.627
44	maps/mazes/maze_085.map	512	512	303	265	367	261	179.698
44	maps/mazes/maze_085.map	512	512	241	216	221	184	179.113
43	maps/mazes/maze_085.map	512	512	381	33	348	43	175.627
33	maps/mazes/maze_085.map	512	512	172	232	201	216	133.87
43	maps/mazes/maze_085.map	512	512	113	168	184	207	175.556
43	maps/mazes/maze_085.map	512	512	444	149	412	200	175.042
43	maps/mazes/maze_085.map	512	512	371	232	359	260	175.698
43	maps/mazes/maze_085.map	512	512	437	160	409	201	175.87
43	maps/mazes/maze_085.map	512	512	368	493	320	461	175.213
43	maps/mazes/maze_085.map	512	512	129	437	228	423	175.042
43	maps/mazes/maze_085.map	512	512	169	1	134	17	175.627
43	maps/mazes/maze_085.map	512	512	487	372	442	352	175.627
43	maps/mazes/maze_085.map	512	512	177	265	129	286	175.527
42	maps/mazes/maze_085.map	512	512	332	270	329	207	171.113
42	maps/mazes/maze_085.map	512	512	473	393	437	345	171.213
42	maps/mazes/maze_085.map	512	512	148	260	108	214	171.456
42	maps/mazes/maze_085.map	512	512	102	133	46	40	171.87
42	maps/mazes/maze_085.map	512	512	371	13	348	36	171.456
42	maps/mazes/maze_085.map	512	512	343	181	333	172	171.042
42	maps/mazes/maze_085.map	512	512	381	43	324	54	171.456
42	maps/mazes/maze_085.map	512	512	491	153	452	164	171.556
42	maps/mazes/maze_085.map	512	512	143	45	81	40	171.728
41	maps/mazes/maze_085.map	512	512	224	356	198	324	167.799
19	maps/mazes/maze_085.map	512	512	270	225	280	207	76.4853
41	maps/mazes/maze_085.map	512	512	457	138	501	151	167.971
41	maps/mazes/maze_085.map	512	512	448	248	423	296	167.627
41	maps/mazes/maze_085.map	512	512	183	445	153	462	167.142
41	maps/mazes/maze_085.map	512	512	321	172	253	113	167.385
41	maps/mazes/maze_085.map	512	512	367	92	328	123	167.456
41	maps/mazes/maze_085.map	512	512	1	204	24	183	167.456
41	maps/mazes/maze_085.map	512	512	276	18	262	41	167.87
41	maps/mazes/maze_085.map	512	512	100	126	49	61	167.698
41	maps/mazes/maze_085.map	512	512	463	429	465	422	167.042
40	maps/mazes/maze_085.map	512	512	496	321	506	244	163.042
40	maps/mazes/maze_085.map	512	512	276	389	243	401	163.042
40	maps/mazes/maze_085.map	512	512	90	453	109	489	163.971
40	maps/mazes/maze_085.map	512	512	465	49	496	72	163.799
40	maps/mazes/maze_085.map	512	512	504	421	474	361	162.971
40	maps/mazes/maze_085.map	512	512	211	196	136	190	163.971
40	maps/mazes/maze_085.map	512	512	138	236	157	240	163.284
40	maps/mazes/maze_085.map	512	512	136	290	94	261	163.042
40	maps/mazes/maze_085.map	512	512	433	477	347	492	163.385
39	maps/mazes/maze_085.map	512	512	248	85	203	60	159.456
39	maps/mazes/maze_085.map	512	512	508	425	476	368	159.971
39	maps/mazes/maze_085.map	512	512	86	73	62	53	159.213
39	maps/mazes/maze_085.map	512	512	352	156	441	128	159.627
39	maps/mazes/maze_085.map	512	512	326	72	308	100	159.456
39	maps/mazes/maze_085.map	512	512	361	246	344	254	159.284
39	maps/mazes/maze_085.map	512	512	333	426	372	465	159.213
39	maps/mazes/maze_085.map	512	512	447	93	499	132	159.971
39	maps/mazes/maze_085.map	512	512	351	425	317	445	159.456
39	maps/mazes/maze_085.map	512	512	145	340	68	368	159.042
38	maps/mazes/maze_085.map	512	512	203	25	216	6	155.799
38	maps/mazes/maze_085.map	512	512	377	373	296	368	155.799
38	maps/mazes/maze_085.map	512	512	312	389	303	436	154.627
29	maps/mazes/maze_085.map	512	512	56	48	61	99	116.142
38	maps/mazes/maze_085.map	512	512	322	73	308	100	155.87
38	maps/mazes/maze_085.map	512	512	114	396	97	400	155.87
38	maps/mazes/maze_085.map	512	512	140	156	116	204	155.113
24	maps/mazes/maze_085.map	512	512	496	340	473	311	98.7279
38	maps/mazes/maze_085.map	512	512	509	431	476	381	155.971
38	maps/mazes/maze_085.map	512	512	134	324	198	369	155.284
38	maps/mazes/maze_085.map	512	512	25	272	15	233	155.042
37	maps/mazes/maze_085.map	512	512	243	497	304	492	151.698
37	maps/mazes/maze_085.map	512	512	237	119	216	115	151.142
37	maps/mazes/maze_085.map	512	512	380	493	451	505	151.042
37	maps/mazes/maze_085.map	512	512	392	118	415	96	151.385
37	maps/mazes/maze_085.map	512	512	25	1	13	58	151.385
37	maps/mazes/maze_085.map	512	512	33	64	77	31	151.042
37	maps/mazes/maze_085.map	512	512	46	369	144	364	151.627
37	maps/mazes/maze_085.map	512	512	253	476	280	508	150.698
37	maps/mazes/maze_085.map	512	512	33	113	61	141	151.799
37	maps/mazes/maze_085.map	512	512	228	433	261	439	151.971
36	maps/mazes/maze_085.map	512	512	470	200	453	192	147.627
36	maps/mazes/maze_085.map	512	512	479	309	491	300	147.385
36	maps/mazes/maze_085.map	512	512	155	309	78	280	147.213
36	maps/mazes/maze_085.map	512	512	500	17	487	17	147.142
36	maps/mazes/maze_085.map	512	512	438	224	437	240	147.042
36	maps/mazes/maze_085.map	512	512	245	183	196	197	147.385
36	maps/mazes/maze_085.map	512	512	33	480	48	454	147.042
36	maps/mazes/maze_085.map	512	512	187	293	246	265	147.385
36	maps/mazes/maze_085.map	512	512	117	338	184	333	147.456
36	maps/mazes/maze_085.map	512	512	277	274	316	239	146.971
35	maps/mazes/maze_085.map	512	512	195	48	174	16	143.142
35	maps/mazes/maze_085.map	512	512	232	205	167	177	143.142
35	maps/mazes/maze_085.map	512	512	37	283	5	249	143.456
35	maps/mazes/maze_085.map	512	512	469	324	433	345	143.142
35	maps/mazes/maze_085.map	512	512	61	211	87	241	143.213
35	maps/mazes/maze_085.map	512	512	230	396	269	412	143.385
35	maps/mazes/maze_085.map	512	512	156	327	133	365	143.627
35	maps/mazes/maze_085.map	512	512	457	444	446	480	143.042
35	maps/mazes/maze_085.map	512	512	31	428	7	392	143.799
34	maps/mazes/maze_085.map	512	512	495	248	465	218	139.799
34	maps/mazes/maze_085.map	512	512	294	244	317	213	138.971
34	maps/mazes/maze_085.map	512	512	286	353	276	366	139.971
34	maps/mazes/maze_085.map	512	512	219	225	198	248	139.213
34	maps/mazes/maze_085.map	512	512	390	164	357	186	139.142
34	maps/mazes/maze_085.map	512	512	349	39	286	44	139.213
34	maps/mazes/maze_085.map	512	512	457	394	476	425	139.213
34	maps/mazes/maze_085.map	512	512	8	269	37	221	139.971
34	maps/mazes/maze_085.map	512	512	22	508	16	465	139.385
33	maps/mazes/maze_085.map	512	512	225	261	252	246	135.799
33	maps/mazes/maze_085.map	512	512	309	439	298	400	135.799
33	maps/mazes/maze_085.map	512	512	361	57	327	60	135.971
33	maps/mazes/maze_085.map	512	512	86	376	29	360	135.627
33	maps/mazes/maze_085.map	512	512	65	9	53	51	135.799
33	maps/mazes/maze_085.map	512	512	12	1	21	43	135.385
33	maps/mazes/maze_085.map	512	512	508	262	469	221	135.556
33	maps/mazes/maze_085.map	512	512	210	68	253	115	135.456
32	maps/mazes/maze_085.map	512	512	24	173	58	164	131.042
32	maps/mazes/maze_085.map	512	512	409	209	321	219	131.071
32	maps/mazes/maze_085.map	512	512	429	48	443	128	131.799
32	maps/mazes/maze_085.map	512	512	399	453	359	448	131.042
32	maps/mazes/maze_085.map	512	512	92	305	85	283	131.042
32	maps/mazes/maze_085.map	512	512	398	177	347	217	131.385
32	maps/mazes/maze_085.map	512	512	29	429	1	394	131.971
32	maps/mazes/maze_085.map	512	512	140	105	109	148	131.698
32	maps/mazes/maze_085.map	512	512	37	497	9	487	131.556
32	maps/mazes/maze_085.map	512	512	65	142	55	52	131.799
31	maps/mazes/maze_085.map	512	512	345	359	380	329	127.042
31	maps/mazes/maze_085.map	512	512	493	431	479	404	127.971
31	maps/mazes/maze_085.map	512	512	345	317	345	339	127.556
31	maps/mazes/maze_085.map	512	512	301	296	275	269	127.971
31	maps/mazes/maze_085.map	512	512	17	173	59	164	127.042
31	maps/mazes/maze_085.map	512	512	496	67	457	84	127.556
31	maps/mazes/maze_085.map	512	512	204	277	218	277	127.556
31	maps/mazes/maze_085.map	512	512	212	236	200	248	127.799
31	maps/mazes/maze_085.map	512	512	94	144	113	166	127.87
31	maps/mazes/maze_085.map	512	512	150	417	203	416	127.556
30	maps/mazes/maze_085.map	512	512	321	6	281	41	123.142
30	maps/mazes/maze_085.map	512	512	464	1	492	34	123.971
30	maps/mazes/maze_085.map	512	512	320	260	344	234	123.213
30	maps/mazes/maze_085.map	512	512	237	105	238	101	123.042
30	maps/mazes/maze_085.map	512	512	98	144	120	165	123.87
28	maps/mazes/maze_085.map	512	512	92	292	108	249	115.971
30	maps/mazes/maze_085.map	512	512	212	257	200	247	123.556
30	maps/mazes/maze_085.map	512	512	487	361	500	319	123.971
30	maps/mazes/maze_085.map	512	512	16	134	56	89	123.385
22	maps/mazes/maze_085.map	512	512	181	136	149	148	91.6569
30	maps/mazes/maze_085.map	512	512	452	1	474	13	123.899
30	maps/mazes/maze_085.map	512	512	18	145	49	77	123.627
29	maps/mazes/maze_085.map	512	512	280	484	290	452	119.213
29	maps/mazes/maze_085.map	512	512	109	97	105	141	119.799
29	maps/mazes/maze_085.map	512	512	81	50	113	64	119.899
29	maps/mazes/maze_085.map	512	512	155	56	102	52	119.728
29	maps/mazes/maze_085.map	512	512	159	89	187	68	119.728
29	maps/mazes/maze_085.map	512	512	321	496	335	456	119.556
29	maps/mazes/maze_085.map	512	512	89	169	103	173	119.556
29	maps/mazes/maze_085.map	512	512	216	86	239	100	119.627
29	maps/mazes/maze_085.map	512	512	181	341	193	375	119.799
28	maps/mazes/maze_085.map	512	512	444	306	453	297	115.314
28	maps/mazes/maze_085.map	512	512	468	80	480	112	115.556
28	maps/mazes/maze_085.map	512	512	414	153	438	192	115.728
28	maps/mazes/maze_085.map	512	512	493	307	496	225	115.728
28	maps/mazes/maze_085.map	512	512	395	13	376	49	115.971
28	maps/mazes/maze_085.map	512	512	442	496	394	508	115.314
28	maps/mazes/maze_085.map	512	512	463	80	483	109	115.971
28	maps/mazes/maze_085.map	512	512	332	31	277	43	115.142
28	maps/mazes/maze_085.map	512	512	185	76	181	67	115.385
27	maps/mazes/maze_085.map	512	512	181	184	204	196	111.142
27	maps/mazes/maze_085.map	512	512	493	141	486	160	111.899
27	maps/mazes/maze_085.map	512	512	138	193	95	177	111.142
27	maps/mazes/maze_085.map	512	512	32	114	45	63	111.556
27	maps/mazes/maze_085.map	512	512	237	220	244	174	111.385
27	maps/mazes/maze_085.map	512	512	73	166	57	116	111.899
27	maps/mazes/maze_085.map	512	512	204	70	257	44	111.728
27	maps/mazes/maze_085.map	512	512	287	140	280	158	111.728
27	maps/mazes/maze_085.map	512	512	408	121	416	118	111.142
26	maps/mazes/maze_085.map	512	512	361	369	328	382	107.314
26	maps/mazes/maze_085.map	512	512	165	76	138	45	107.899
26	maps/mazes/maze_085.map	512	512	485	229	420	235	107.971
26	maps/mazes/maze_085.map	512	512	456	33	444	10	107.627
26	maps/mazes/maze_085.map	512	512	491	20	449	17	106.799
26	maps/mazes/maze_085.map	512	512	372	492	321	492	107.485
26	maps/mazes/maze_085.map	512	512	248	150	222	112	107.314
26	maps/mazes/maze_085.map	512	512	159	232	120	204	107.142
26	maps/mazes/maze_085.map	512	512	65	441	54	388	107.314
26	maps/mazes/maze_085.map	512	512	141	423	165	436	107.385
25	maps/mazes/maze_085.map	512	512	73	279	97	234	103.971
25	maps/mazes/maze_085.map	512	512	213	248	200	248	103.728
25	maps/mazes/maze_085.map	512	512	236	184	258	189	103.971
25	maps/mazes/maze_085.map	512	512	485	409	464	335	103.142
25	maps/mazes/maze_085.map	512	512	234	473	208	466	103.728
25	maps/mazes/maze_085.map	512	512	347	109	344	155	103.971
25	maps/mazes/maze_085.map	512	512	103	453	93	503	103.799
25	maps/mazes/maze_085.map	512	512	149	207	101	179	103.799
25	maps/mazes/maze_085.map	512	512	266	249	265	225	103.142
24	maps/mazes/maze_085.map	512	512	431	485	403	508	99.4853
24	maps/mazes/maze_085.map	512	512	416	309	372	276	99.1421
24	maps/mazes/maze_085.map	512	512	209	370	174	405	99.3137
24	maps/mazes/maze_085.map	512	512	500	121	483	152	99.3137
24	maps/mazes/maze_085.map	512	512	45	245	59	272	99.9706
24	maps/mazes/maze_085.map	512	512	117	7	118	21	99.3848
24	maps/mazes/maze_085.map	512	512	37	98	57	130	99.5563
16	maps/mazes/maze_085.map	512	512	132	290	97	287	67.6569
23	maps/mazes/maze_085.map	512	512	289	222	285	217	95.9706
23	maps/mazes/maze_085.map	512	512	460	156	496	179	95.9706
23	maps/mazes/maze_085.map	512	512	431	289	437	298	95.1421
23	maps/mazes/maze_085.map	512	512	43	145	48	86	95.799
23	maps/mazes/maze_085.map	512	512	109	453	121	402	95.7279
23	maps/mazes/maze_085.map	512	512	178	77	193	62	95.2132
23	maps/mazes/maze_085.map	512	512	148	261	150	224	95.1421
23	maps/mazes/maze_085.map	512	512	489	392	476	392	95.4853
23	maps/mazes/maze_085.map	512	512	62	89	39	37	95.9706
23	maps/mazes/maze_085.map	512	512	204	193	221	188	95.5563
22	maps/mazes/maze_085.map	512	512	341	143	396	152	91.3137
22	maps/mazes/maze_085.map	512	512	241	41	195	65	91.5563
22	maps/mazes/maze_085.map	512	512	360	370	345	381	91.3137
22	maps/mazes/maze_085.map	512	512	60	36	67	28	91.7279
22	maps/mazes/maze_085.map	512	512	316	337	345	348	91.5563
22	maps/mazes/maze_085.map	512	512	336	307	308	281	91.0711
22	maps/mazes/maze_085.map	512	512	196	292	212	261	91.1421
22	maps/mazes/maze_085.map	512	512	89	173	60	160	91.5563
21	maps/mazes/maze_085.map	512	512	253	73	216	55	87.7279
21	maps/mazes/maze_085.map	512	512	317	473	342	449	87.4853
21	maps/mazes/maze_085.map	512	512	161	408	138	424	87.3848
21	maps/mazes/maze_085.map	512	512	109	166	101	180	87.3137
21	maps/mazes/maze_085.map	512	512	304	369	266	356	87.7279
21	maps/mazes/maze_085.map	512	512	212	396	194	404	87.8995
21	maps/mazes/maze_085.map	512	512	330	241	335	212	87.5563
21	maps/mazes/maze_085.map	512	512	393	409	396	441	87.9706
21	maps/mazes/maze_085.map	512	512	473	396	461	329	87.7279
21	maps/mazes/maze_085.map	512	512	370	264	337	234	87.7279
20	maps/mazes/maze_085.map	512	512	72	504	83	460	83.1421
20	maps/mazes/maze_085.map	512	512	340	216	349	205	83.8995
20	maps/mazes/maze_085.map	512	512	232	117	213	106	83.3137
20	maps/mazes/maze_085.map	512	512	248	381	265	372	83.3137
20	maps/mazes/maze_085.map	512	512	473	478	446	505	83.3137
20	maps/mazes/maze_085.map	512	512	4	484	32	489	83.7279
20	maps/mazes/maze_085.map	512	512	368	364	360	384	83.3137
20	maps/mazes/maze_085.map	512	512	325	58	286	44	83.1421
20	maps/mazes/maze_085.map	512	512	140	488	127	473	83.8995
20	maps/mazes/maze_085.map	512	512	496	420	473	405	83.0711
19	maps/mazes/maze_085.map	512	512	280	276	280	237	79.2426
19	maps/mazes/maze_085.map	512	512	201	296	185	256	79.0711
19	maps/mazes/maze_085.map	512	512	342	385	350	396	79.4853
19	maps/mazes/maze_085.map	512	512	500	393	477	392	79.0711
19	maps/mazes/maze_085.map	512	512	67	137	82	145	79.4853
19	maps/mazes/maze_085.map	512	512	301	17	272	45	78.8995
19	maps/mazes/maze_085.map	512	512	84	450	100	477	79.4853
19	maps/mazes/maze_085.map	512	512	276	461	266	432	79.4853
19	maps/mazes/maze_085.map	512	512	487	248	505	232	78.7279
18	maps/mazes/maze_085.map	512	512	61	469	77	459	75.5563
18	maps/mazes/maze_085.map	512	512	261	377	269	364	75.1421
18	maps/mazes/maze_085.map	512	512	43	260	56	273	75.5563
18	maps/mazes/maze_085.map	512	512	3	377	25	367	75.3137
18	maps/mazes/maze_085.map	512	512	335	493	309	466	75.7279
18	maps/mazes/maze_085.map	512	512	76	35	33	30	75.3137
18	maps/mazes/maze_085.map	512	512	270	189	260	220	75.7279
18	maps/mazes/maze_085.map	512	512	181	199	169	183	75.8995
18	maps/mazes/maze_085.map	512	512	464	320	448	331	75.4853
17	maps/mazes/maze_085.map	512	512	508	170	454	164	71.3137
17	maps/mazes/maze_085.map	512	512	101	347	65	351	71.8995
17	maps/mazes/maze_085.map	512	512	212	353	220	299	71.6569
17	maps/mazes/maze_085.map	512	512	243	440	270	436	71.4853
17	maps/mazes/maze_085.map	512	512	384	89	400	120	71.1421
17	maps/mazes/maze_085.map	512	512	15	352	7	364	71.8995
17	maps/mazes/maze_085.map	512	512	379	212	333	220	71.6569
17	maps/mazes/maze_085.map	512	512	375	45	352	27	71.4853
17	maps/mazes/maze_085.map	512	512	320	240	321	213	71.0711
17	maps/mazes/maze_085.map	512	512	127	312	128	305	71.8995
16	maps/mazes/maze_085.map	512	512	2	116	34	144	67.3137
16	maps/mazes/maze_085.map	512	512	161	461	173	484	67.4853
16	maps/mazes/maze_085.map	512	512	144	188	113	172	67.2426
16	maps/mazes/maze_085.map	512	512	484	464	467	429	67.8995
16	maps/mazes/maze_085.map	512	512	244	116	244	130	67.0711
16	maps/mazes/maze_085.map	512	512	188	463	184	463	67.3137
16	maps/mazes/maze_085.map	512	512	256	480	247	508	67.7279
16	maps/mazes/maze_085.map	512	512	501	85	462	80	67.0711
16	maps/mazes/maze_085.map	512	512	429	153	444	196	67.6569
15	maps/mazes/maze_085.map	512	512	84	105	68	105	63.6569
15	maps/mazes/maze_085.map	512	512	80	408	85	394	63.4853
15	maps/mazes/maze_085.map	512	512	352	74	360	49	63.4853
15	maps/mazes/maze_085.map	512	512	389	256	380	263	63.3137
15	maps/mazes/maze_085.map	512	512	288	189	266	164	63.1421
15	maps/mazes/maze_085.map	512	512	299	429	301	445	63.3137
15	maps/mazes/maze_085.map	512	512	251	93	231	73	63.3137
15	maps/mazes/maze_085.map	512	512	25	286	1	286	63.3137
15	maps/mazes/maze_085.map	512	512	349	186	340	170	63.4853
15	maps/mazes/maze_085.map	512	512	168	185	183	209	62.6569
14	maps/mazes/maze_085.map	512	512	322	352	352	346	59.3137
14	maps/mazes/maze_085.map	512	512	371	416	392	423	59.8995
14	maps/mazes/maze_085.map	512	512	138	80	142	65	58.6569
14	maps/mazes/maze_085.map	512	512	61	93	59	53	59.8995
14	maps/mazes/maze_085.map	512	512	253	197	234	165	59.4853
14	maps/mazes/maze_085.map	512	512	166	184	137	191	58.8284
14	maps/mazes/maze_085.map	512	512	149	495	128	476	59.6569
14	maps/mazes/maze_085.map	512	512	500	250	495	221	59.6569
13	maps/mazes/maze_085.map	512	512	88	191	88	153	55.6569
13	maps/mazes/maze_085.map	512	512	394	181	381	161	55.8284
13	maps/mazes/maze_085.map	512	512	188	496	193	485	55.6569
13	maps/mazes/maze_085.map	512	512	223	373	209	345	55.6569
13	maps/mazes/maze_085.map	512	512	329	136	304	117	55.0711
13	maps/mazes/maze_085.map	512	512	186	124	162	133	55.4853
13	maps/mazes/maze_085.map	512	512	266	113	284	114	55.7279
13	maps/mazes/maze_085.map	512	512	363	465	372	460	55.6569
13	maps/mazes/maze_085.map	512	512	390	101	388	117	55.8995
13	maps/mazes/maze_085.map	512	512	53	261	57	265	55.3137
12	maps/mazes/maze_085.map	512	512	481	245	452	240	51.0711
12	maps/mazes/maze_085.map	512	512	397	351	396	356	51.8995
12	maps/mazes/maze_085.map	512	512	484	92	486	101	51.4853
12	maps/mazes/maze_085.map	512	512	408	237	385	220	51.0711
12	maps/mazes/maze_085.map	512	512	374	105	365	80	51.0711
12	maps/mazes/maze_085.map	512	512	93	137	65	129	51.3137
12	maps/mazes/maze_085.map	512	512	235	488	253	502	51.3137
12	maps/mazes/maze_085.map	512	512	87	169	125	161	51.6569
12	maps/mazes/maze_085.map	512	512	20	422	29	429	51.0711
12	maps/mazes/maze_085.map	512	512	21	41	21	67	51.6569
11	maps/mazes/maze_085.map	512	512	469	181	492	196	47.3137
11	maps/mazes/maze_085.map	512	512	80	373	57	372	47.8995
11	maps/mazes/maze_085.map	512	512	230	477	213	488	47.0711
11	maps/mazes/maze_085.map	512	512	185	253	214	268	47.0711
11	maps/mazes/maze_085.map	512	512	35	189	25	168	47.4853
11	maps/mazes/maze_085.map	512	512	1	253	14	256	47.8995
11	maps/mazes/maze_085.map	512	512	230	360	223	337	47.6569
11	maps/mazes/maze_085.map	512	512	248	370	237	389	47.8995
11	maps/mazes/maze_085.map	512	512	500	118	508	138	47.0711
11	maps/mazes/maze_085.map	512	512	293	20	284	40	46.6569
10	maps/mazes/maze_085.map	512	512	186	77	208	79	43.8995
10	maps/mazes/maze_085.map	512	512	171	13	151	1	43.6569
10	maps/mazes/maze_085.map	512	512	173	480	186	468	43.2426
10	maps/mazes/maze_085.map	512	512	18	17	19	29	43.2426
10	maps/mazes/maze_085.map	512	512	444	216	453	232	43.4853
10	maps/mazes/maze_085.map	512	512	340	440	326	428	43.6569
10	maps/mazes/maze_085.map	512	512	350	225	386	229	43.4142
10	maps/mazes/maze_085.map	512	512	474	185	456	185	43.6569
10	maps/mazes/maze_085.map	512	512	263	120	285	114	43.3137
10	maps/mazes/maze_085.map	512	512	205	262	226	281	43.0711
9	maps/mazes/maze_085.map	512	512	244	445	264	440	39.8284
9	maps/mazes/maze_085.map	512	512	131	236	133	229	39.4853
9	maps/mazes/maze_085.map	512	512	169	99	161	79	39.6569
9	maps/mazes/maze_085.map	512	512	341	237	328	228	39.6569
9	maps/mazes/maze_085.map	512	512	433	194	412	200	39.2426
9	maps/mazes/maze_085.map	512	512	421	445	423	436	39.2426
9	maps/mazes/maze_085.map	512	512	444	418	473	424	39.4853
9	maps/mazes/maze_085.map	512	512	74	329	77	314	39.6569
9	maps/mazes/maze_085.map	512	512	185	133	187	125	39.0711
9	maps/mazes/maze_085.map	512	512	346	268	336	242	39.0711
8	maps/mazes/maze_085.map	512	512	248	407	253	406	35.6569
8	maps/mazes/maze_085.map	512	512	324	240	319	224	35.2426
8	maps/mazes/maze_085.map	512	512	280	501	301	489	35.4853
8	maps/mazes/maze_085.map	512	512	216	316	215	344	35.2426
8	maps/mazes/maze_085.map	512	512	294	357	284	364	35.8284
8	maps/mazes/maze_085.map	512	512	473	421	476	417	34.6569
8	maps/mazes/maze_085.map	512	512	206	73	211	49	35.2426
8	maps/mazes/maze_085.map	512	512	413	76	412	85	35.6569
8	maps/mazes/maze_085.map	512	512	192	244	178	245	35.8284
8	maps/mazes/maze_085.map	512	512	319	393	340	396	35.6569
7	maps/mazes/maze_085.map	512	512	243	64	224	62	31.2426
7	maps/mazes/maze_085.map	512	512	453	201	440	192	31.0711
7	maps/mazes/maze_085.map	512	512	292	279	290	261	31.6569
7	maps/mazes/maze_085.map	512	512	48	361	33	374	31.6569
7	maps/mazes/maze_085.map	512	512	437	368	440	384	31.8284
7	maps/mazes/maze_085.map	512	512	359	253	365	251	31.4142
7	maps/mazes/maze_085.map	512	512	201	317	213	317	31.6569
7	maps/mazes/maze_085.map	512	512	285	388	276	377	31.6569
7	maps/mazes/maze_085.map	512	512	328	412	309	420	31.2426
7	maps/mazes/maze_085.map	512	512	352	420	356	397	30.6569
6	maps/mazes/maze_085.map	512	512	416	261	432	260	27.8284
6	maps/mazes/maze_085.map	512	512	32	41	24	55	27.4142
6	maps/mazes/maze_085.map	512	512	304	480	301	460	27.2426
6	maps/mazes/maze_085.map	512	512	201	0	184	12	27.8284
6	maps/mazes/maze_085.map	512	512	55	436	65	419	27.4853
6	maps/mazes/maze_085.map	512	512	464	141	479	133	27.8284
6	maps/mazes/maze_085.map	512	512	54	213	46	217	27.0711
6	maps/mazes/maze_085.map	512	512	373	473	377	460	27.2426
6	maps/mazes/maze_085.map	512	512	2	368	5	379	26.8284
6	maps/mazes/maze_085.map	512	512	262	396	280	407	27.2426
5	maps/mazes/maze_085.map	512	512	172	444	162	444	23.4142
5	maps/mazes/maze_085.map	512	512	20	491	13	505	23.8284
5	maps/mazes/maze_085.map	512	512	196	124	177	122	23
5	maps/mazes/maze_085.map	512	512	237	48	217	46	23.4142
5	maps/mazes/maze_085.map	512	512	172	50	161	46	23.8284
5	maps/mazes/maze_085.map	512	512	286	285	284	272	23.2426
5	maps/mazes/maze_085.map	512	512	273	290	277	276	23.6569
5	maps/mazes/maze_085.map	512	512	148	140	152	119	23.8284
5	maps/mazes/maze_085.map	512	512	97	448	89	465	23.2426
5	maps/mazes/maze_085.map	512	512	81	474	74	457	23.6569
4	maps/mazes/maze_085.map	512	512	302	24	292	29	19.8284
4	maps/mazes/maze_085.map	512	512	441	361	453	364	19.2426
4	maps/mazes/maze_085.map	512	512	426	452	433	449	18.8284
4	maps/mazes/maze_085.map	512	512	4	221	1	230	19.4142
4	maps/mazes/maze_085.map	512	512	457	138	464	145	19.4142
4	maps/mazes/maze_085.map	512	512	277	23	284	37	19.2426
4	maps/mazes/maze_085.map	512	512	333	246	344	235	19.0711
4	maps/mazes/maze_085.map	512	512	36	324	49	324	19.2426
4	maps/mazes/maze_085.map	512	512	372	372	388	370	19.4142
4	maps/mazes/maze_085.map	512	512	481	397	484	406	19.4142
3	maps/mazes/maze_085.map	512	512	51	332	41	337	15.8284
3	maps/mazes/maze_085.map	512	512	325	227	311	224	15.8284
3	maps/mazes/maze_085.map	512	512	485	501	470	500	15.4142
3	maps/mazes/maze_085.map	512	512	363	372	371	369	15
3	maps/mazes/maze_085.map	512	512	166	509	154	504	15.2426
3	maps/mazes/maze_085.map	512	512	443	300	437	300	15.4142
3	maps/mazes/maze_085.map	512	512	352	443	364	442	15.8284
3	maps/mazes/maze_085.map	512	512	212	262	221	266	15.8284
3	maps/mazes/maze_085.map	512	512	272	478	268	472	15.4142
2	maps/mazes/maze_085.map	512	512	401	183	409	188	11.8284
2	maps/mazes/maze_085.map	512	512	264	80	272	85	11.8284
2	maps/mazes/maze_085.map	512	512	15	180	17	173	11.8284
2	maps/mazes/maze_085.map	512	512	182	212	184	204	11.4142
2	maps/mazes/maze_085.map	512	512	40	189	31	192	11.4142
2	maps/mazes/maze_085.map	512	512	320	365	312	367	11.4142
2	maps/mazes/maze_085.map	512	512	13	499	15	508	11
2	maps/mazes/maze_085.map	512	512	508	250	500	251	11.8284
2	maps/mazes/maze_085.map	512	512	92	299	100	300	11.8284
2	maps/mazes/maze_085.map	512	512	430	72	433	80	11.2426
1	maps/mazes/maze_085.map	512	512	273	170	276	165	7.41421
1	maps/mazes/maze_085.map	512	512	317	497	312	500	7.41421
1	maps/mazes/maze_085.map	512	512	24	96	25	89	7.41421
1	maps/mazes/maze_085.map	512	512	260	113	260	106	7
1	maps/mazes/maze_085.map	512	512	325	304	321	301	7
1	maps/mazes/maze_085.map	512	512	88	333	85	329	7
1	maps/mazes/maze_085.map	512	512	101	189	97	185	7.41421
1	maps/mazes/maze_085.map	512	512	211	185	213	191	7.41421
1	maps/mazes/maze_085.map	512	512	41	232	44	237	7.41421
1	maps/mazes/maze_085.map	512	512	164	363	160	368	7.82843
0	maps/mazes/maze_085.map	512	512	137	473	134	473	3
0	maps/mazes/maze_085.map	512	512	225	499	223	497	3.41421
0	maps/mazes/maze_085.map	512	512	272	405	269	404	3.41421
0	maps/mazes/maze_085.map	512	512	349	165	346	165	3
0	maps/mazes/maze_085.map	512	512	376	482	375	484	3
0	maps/mazes/maze_085.map	512	512	49	356	52	356	3
0	maps/mazes/maze_085.map	512	512	304	312	304	315	3
0	maps/mazes/maze_085.map	512	512	264	104	261	104	3
0	maps/mazes/maze_085.map	512	512	333	261	333	258	3
0	maps/mazes/maze_085.map	512	512	88	257	88	254	3
