version 1
104	maps/mazes/maze_042.map	512	512	141	60	273	121	416.054
127	maps/mazes/maze_042.map	512	512	157	113	119	21	511.296
127	maps/mazes/maze_042.map	512	512	54	360	79	273	511.196
127	maps/mazes/maze_042.map	512	512	13	397	77	284	511.225
127	maps/mazes/maze_042.map	512	512	420	52	494	61	511.125
127	maps/mazes/maze_042.map	512	512	177	447	125	317	511.397
127	maps/mazes/maze_042.map	512	512	274	52	217	46	511.368
127	maps/mazes/maze_042.map	512	512	77	193	120	320	511.054
127	maps/mazes/maze_042.map	512	512	74	25	198	80	511.711
127	maps/mazes/maze_042.map	512	512	430	264	375	133	511.196
127	maps/mazes/maze_042.map	512	512	172	469	53	335	511.125
126	maps/mazes/maze_042.map	512	512	193	312	91	240	507.296
126	maps/mazes/maze_042.map	512	512	34	408	75	269	507.296
126	maps/mazes/maze_042.map	512	512	463	188	339	125	507.711
126	maps/mazes/maze_042.map	512	512	409	494	368	349	507.64
83	maps/mazes/maze_042.map	512	512	364	479	398	453	332.669
126	maps/mazes/maze_042.map	512	512	462	321	440	165	507.095
126	maps/mazes/maze_042.map	512	512	477	332	423	157	507.853
126	maps/mazes/maze_042.map	512	512	328	289	422	172	507.368
126	maps/mazes/maze_042.map	512	512	461	483	342	432	507.296
126	maps/mazes/maze_042.map	512	512	133	53	37	113	507.539
82	maps/mazes/maze_042.map	512	512	9	416	53	420	329.497
126	maps/mazes/maze_042.map	512	512	441	293	396	165	506.782
125	maps/mazes/maze_042.map	512	512	307	45	149	48	503.61
125	maps/mazes/maze_042.map	512	512	332	148	427	193	503.882
125	maps/mazes/maze_042.map	512	512	297	96	241	129	503.368
125	maps/mazes/maze_042.map	512	512	493	308	409	176	503.782
125	maps/mazes/maze_042.map	512	512	124	4	28	42	503.054
125	maps/mazes/maze_042.map	512	512	109	276	130	248	503.711
125	maps/mazes/maze_042.map	512	512	165	51	41	34	503.225
125	maps/mazes/maze_042.map	512	512	448	136	339	152	503.468
125	maps/mazes/maze_042.map	512	512	456	304	392	200	503.054
125	maps/mazes/maze_042.map	512	512	482	101	395	200	503.64
124	maps/mazes/maze_042.map	512	512	237	120	322	192	499.125
102	maps/mazes/maze_042.map	512	512	17	347	144	393	410.598
124	maps/mazes/maze_042.map	512	512	339	225	415	124	499.61
124	maps/mazes/maze_042.map	512	512	191	1	142	44	499.539
124	maps/mazes/maze_042.map	512	512	500	508	464	338	498.61
124	maps/mazes/maze_042.map	512	512	160	229	117	190	499.054
124	maps/mazes/maze_042.map	512	512	401	105	338	109	499.125
124	maps/mazes/maze_042.map	512	512	1	357	70	281	499.811
124	maps/mazes/maze_042.map	512	512	493	486	451	392	499.782
124	maps/mazes/maze_042.map	512	512	408	101	332	120	499.125
124	maps/mazes/maze_042.map	512	512	226	361	121	317	499.953
123	maps/mazes/maze_042.map	512	512	88	174	90	240	495.296
123	maps/mazes/maze_042.map	512	512	161	128	18	45	495.054
123	maps/mazes/maze_042.map	512	512	503	433	476	345	495.125
123	maps/mazes/maze_042.map	512	512	220	261	125	216	495.296
123	maps/mazes/maze_042.map	512	512	250	49	344	25	495.782
123	maps/mazes/maze_042.map	512	512	298	420	276	301	495.811
123	maps/mazes/maze_042.map	512	512	416	476	489	296	495.853
123	maps/mazes/maze_042.map	512	512	314	288	402	165	495.711
123	maps/mazes/maze_042.map	512	512	145	267	73	270	495.468
123	maps/mazes/maze_042.map	512	512	494	264	381	140	495.125
122	maps/mazes/maze_042.map	512	512	136	332	129	195	491.882
122	maps/mazes/maze_042.map	512	512	167	365	104	282	491.154
122	maps/mazes/maze_042.map	512	512	437	64	463	72	491.296
122	maps/mazes/maze_042.map	512	512	348	333	306	309	491.296
122	maps/mazes/maze_042.map	512	512	137	322	154	200	491.468
122	maps/mazes/maze_042.map	512	512	242	36	161	30	491.953
122	maps/mazes/maze_042.map	512	512	109	88	109	16	491.983
122	maps/mazes/maze_042.map	512	512	71	300	144	196	491.125
122	maps/mazes/maze_042.map	512	512	189	88	309	148	491.539
77	maps/mazes/maze_042.map	512	512	444	37	469	49	310.598
122	maps/mazes/maze_042.map	512	512	487	433	496	328	491.539
121	maps/mazes/maze_042.map	512	512	328	25	144	14	487.61
121	maps/mazes/maze_042.map	512	512	262	84	292	153	487.368
121	maps/mazes/maze_042.map	512	512	289	368	360	348	487.225
121	maps/mazes/maze_042.map	512	512	456	90	400	155	487.225
121	maps/mazes/maze_042.map	512	512	117	339	69	284	487.326
121	maps/mazes/maze_042.map	512	512	228	495	380	371	487.054
121	maps/mazes/maze_042.map	512	512	52	91	125	38	487.64
121	maps/mazes/maze_042.map	512	512	341	24	182	33	487.782
121	maps/mazes/maze_042.map	512	512	388	217	488	293	487.439
121	maps/mazes/maze_042.map	512	512	277	100	133	18	487.054
120	maps/mazes/maze_042.map	512	512	180	335	121	231	483.225
120	maps/mazes/maze_042.map	512	512	215	421	117	281	483.154
120	maps/mazes/maze_042.map	512	512	208	201	104	238	483.811
120	maps/mazes/maze_042.map	512	512	21	176	144	192	483.024
120	maps/mazes/maze_042.map	512	512	177	138	102	233	483.397
120	maps/mazes/maze_042.map	512	512	305	189	340	150	483.539
120	maps/mazes/maze_042.map	512	512	200	500	380	408	483.882
120	maps/mazes/maze_042.map	512	512	343	481	392	291	483.125
120	maps/mazes/maze_042.map	512	512	402	116	374	153	483.368
120	maps/mazes/maze_042.map	512	512	411	480	508	294	483.024
119	maps/mazes/maze_042.map	512	512	124	487	64	354	479.125
119	maps/mazes/maze_042.map	512	512	96	140	92	232	479.882
119	maps/mazes/maze_042.map	512	512	369	3	256	20	479.782
119	maps/mazes/maze_042.map	512	512	112	494	59	312	479.953
119	maps/mazes/maze_042.map	512	512	453	1	508	76	479.296
119	maps/mazes/maze_042.map	512	512	97	479	85	316	479.953
119	maps/mazes/maze_042.map	512	512	418	273	429	193	479.368
119	maps/mazes/maze_042.map	512	512	20	464	88	313	479.711
119	maps/mazes/maze_042.map	512	512	172	389	117	241	479.811
119	maps/mazes/maze_042.map	512	512	376	206	372	134	479.539
118	maps/mazes/maze_042.map	512	512	152	228	77	188	475.225
118	maps/mazes/maze_042.map	512	512	172	184	131	317	475.397
118	maps/mazes/maze_042.map	512	512	259	161	169	245	475.054
118	maps/mazes/maze_042.map	512	512	508	63	428	91	475.64
118	maps/mazes/maze_042.map	512	512	360	217	331	157	475.468
118	maps/mazes/maze_042.map	512	512	130	225	93	189	475.811
118	maps/mazes/maze_042.map	512	512	400	499	370	352	475.569
118	maps/mazes/maze_042.map	512	512	137	262	80	176	475.811
118	maps/mazes/maze_042.map	512	512	379	20	229	14	475.196
58	maps/mazes/maze_042.map	512	512	509	215	440	245	234.698
118	maps/mazes/maze_042.map	512	512	364	331	421	201	475.61
117	maps/mazes/maze_042.map	512	512	365	363	315	316	471.468
117	maps/mazes/maze_042.map	512	512	482	61	366	128	471.468
117	maps/mazes/maze_042.map	512	512	322	60	199	29	471.054
117	maps/mazes/maze_042.map	512	512	504	444	496	331	471.125
117	maps/mazes/maze_042.map	512	512	452	471	328	429	471.64
117	maps/mazes/maze_042.map	512	512	28	155	76	30	471.125
117	maps/mazes/maze_042.map	512	512	113	380	83	316	471.74
114	maps/mazes/maze_042.map	512	512	326	300	281	317	459.983
117	maps/mazes/maze_042.map	512	512	480	85	423	181	471.225
117	maps/mazes/maze_042.map	512	512	197	478	314	436	471.953
117	maps/mazes/maze_042.map	512	512	60	203	135	205	470.882
116	maps/mazes/maze_042.map	512	512	252	168	192	116	467.782
116	maps/mazes/maze_042.map	512	512	160	460	64	349	467.125
116	maps/mazes/maze_042.map	512	512	401	201	329	125	467.64
116	maps/mazes/maze_042.map	512	512	141	214	105	199	467.225
116	maps/mazes/maze_042.map	512	512	3	349	84	277	467.569
116	maps/mazes/maze_042.map	512	512	405	117	371	145	467.296
116	maps/mazes/maze_042.map	512	512	181	384	117	259	467.811
116	maps/mazes/maze_042.map	512	512	24	354	82	273	467.912
116	maps/mazes/maze_042.map	512	512	16	449	64	351	467.539
116	maps/mazes/maze_042.map	512	512	482	480	483	332	467.024
115	maps/mazes/maze_042.map	512	512	303	460	413	289	463.225
115	maps/mazes/maze_042.map	512	512	177	412	117	318	463.154
24	maps/mazes/maze_042.map	512	512	280	283	283	249	98.0711
115	maps/mazes/maze_042.map	512	512	137	258	77	182	463.397
109	maps/mazes/maze_042.map	512	512	113	301	97	251	439.64
115	maps/mazes/maze_042.map	512	512	445	207	388	145	463.811
25	maps/mazes/maze_042.map	512	512	12	418	1	470	100.899
115	maps/mazes/maze_042.map	512	512	147	149	41	93	463.983
115	maps/mazes/maze_042.map	512	512	296	321	355	220	463.882
115	maps/mazes/maze_042.map	512	512	109	133	118	197	463.811
115	maps/mazes/maze_042.map	512	512	88	433	205	436	463.397
115	maps/mazes/maze_042.map	512	512	169	61	252	132	463.882
115	maps/mazes/maze_042.map	512	512	133	433	197	434	463.569
114	maps/mazes/maze_042.map	512	512	131	113	99	189	459.296
114	maps/mazes/maze_042.map	512	512	33	221	127	201	459.054
114	maps/mazes/maze_042.map	512	512	165	465	61	356	459.711
114	maps/mazes/maze_042.map	512	512	408	433	504	268	459.853
114	maps/mazes/maze_042.map	512	512	141	421	192	388	459.397
114	maps/mazes/maze_042.map	512	512	456	354	472	193	459.853
114	maps/mazes/maze_042.map	512	512	276	458	384	274	459.882
114	maps/mazes/maze_042.map	512	512	434	120	337	133	459.054
114	maps/mazes/maze_042.map	512	512	16	105	61	180	459.054
113	maps/mazes/maze_042.map	512	512	306	312	421	190	455.953
113	maps/mazes/maze_042.map	512	512	124	139	24	33	455.054
113	maps/mazes/maze_042.map	512	512	169	109	289	127	455.054
113	maps/mazes/maze_042.map	512	512	228	284	252	191	455.468
86	maps/mazes/maze_042.map	512	512	168	15	159	32	344.083
113	maps/mazes/maze_042.map	512	512	97	339	77	282	455.912
113	maps/mazes/maze_042.map	512	512	438	252	392	175	454.64
113	maps/mazes/maze_042.map	512	512	325	309	412	254	455.054
113	maps/mazes/maze_042.map	512	512	340	25	205	30	455.296
113	maps/mazes/maze_042.map	512	512	481	133	417	173	455.296
113	maps/mazes/maze_042.map	512	512	231	120	149	35	455.468
112	maps/mazes/maze_042.map	512	512	461	156	417	172	451.296
112	maps/mazes/maze_042.map	512	512	492	214	415	248	451.711
112	maps/mazes/maze_042.map	512	512	29	110	121	37	451.811
112	maps/mazes/maze_042.map	512	512	389	260	415	157	451.125
112	maps/mazes/maze_042.map	512	512	352	365	335	284	451.64
112	maps/mazes/maze_042.map	512	512	61	473	52	349	451.125
112	maps/mazes/maze_042.map	512	512	457	185	408	275	451.953
112	maps/mazes/maze_042.map	512	512	416	268	424	201	451.953
112	maps/mazes/maze_042.map	512	512	420	104	328	159	451.468
112	maps/mazes/maze_042.map	512	512	436	307	430	169	450.711
111	maps/mazes/maze_042.map	512	512	29	224	129	190	447.054
111	maps/mazes/maze_042.map	512	512	1	388	48	377	447.983
3	maps/mazes/maze_042.map	512	512	93	13	85	22	15.8284
111	maps/mazes/maze_042.map	512	512	256	288	272	157	447.569
111	maps/mazes/maze_042.map	512	512	385	364	385	229	447.711
111	maps/mazes/maze_042.map	512	512	76	194	128	281	447.811
111	maps/mazes/maze_042.map	512	512	153	374	104	290	447.326
111	maps/mazes/maze_042.map	512	512	193	116	128	10	447.811
111	maps/mazes/maze_042.map	512	512	346	236	480	216	447.296
111	maps/mazes/maze_042.map	512	512	205	192	106	233	447.983
111	maps/mazes/maze_042.map	512	512	480	440	495	316	447.711
71	maps/mazes/maze_042.map	512	512	416	86	453	153	287.598
106	maps/mazes/maze_042.map	512	512	312	227	308	116	426.397
110	maps/mazes/maze_042.map	512	512	40	77	113	17	443.569
110	maps/mazes/maze_042.map	512	512	252	130	353	199	443.054
110	maps/mazes/maze_042.map	512	512	497	266	392	175	443.054
110	maps/mazes/maze_042.map	512	512	190	436	121	282	443.083
110	maps/mazes/maze_042.map	512	512	428	378	505	312	443.953
110	maps/mazes/maze_042.map	512	512	33	47	134	41	442.74
110	maps/mazes/maze_042.map	512	512	153	88	37	12	443.154
110	maps/mazes/maze_042.map	512	512	184	54	274	113	443.711
110	maps/mazes/maze_042.map	512	512	282	424	269	305	443.983
110	maps/mazes/maze_042.map	512	512	425	183	500	304	443.539
109	maps/mazes/maze_042.map	512	512	293	405	281	361	439.64
109	maps/mazes/maze_042.map	512	512	242	408	145	313	439.255
109	maps/mazes/maze_042.map	512	512	249	1	119	37	439.64
109	maps/mazes/maze_042.map	512	512	494	241	400	200	439.811
109	maps/mazes/maze_042.map	512	512	39	456	85	289	439.811
109	maps/mazes/maze_042.map	512	512	448	447	468	335	439.782
109	maps/mazes/maze_042.map	512	512	457	292	405	168	438.811
109	maps/mazes/maze_042.map	512	512	299	408	267	316	439.397
109	maps/mazes/maze_042.map	512	512	496	423	476	331	439.983
108	maps/mazes/maze_042.map	512	512	137	193	34	269	435.225
108	maps/mazes/maze_042.map	512	512	376	272	421	181	435.296
108	maps/mazes/maze_042.map	512	512	419	448	380	405	435.882
108	maps/mazes/maze_042.map	512	512	34	144	137	201	435.154
108	maps/mazes/maze_042.map	512	512	457	133	427	193	435.154
108	maps/mazes/maze_042.map	512	512	133	424	178	408	435.326
108	maps/mazes/maze_042.map	512	512	272	87	169	92	435.296
108	maps/mazes/maze_042.map	512	512	433	228	376	237	435.296
108	maps/mazes/maze_042.map	512	512	444	406	506	245	435.024
108	maps/mazes/maze_042.map	512	512	85	324	50	288	435.326
107	maps/mazes/maze_042.map	512	512	353	321	284	325	431.569
107	maps/mazes/maze_042.map	512	512	431	97	409	172	430.64
107	maps/mazes/maze_042.map	512	512	345	291	305	339	431.154
107	maps/mazes/maze_042.map	512	512	484	325	508	248	431.711
107	maps/mazes/maze_042.map	512	512	321	441	377	269	431.64
107	maps/mazes/maze_042.map	512	512	177	11	152	28	431.983
107	maps/mazes/maze_042.map	512	512	32	20	110	17	431.326
107	maps/mazes/maze_042.map	512	512	173	367	117	291	431.983
107	maps/mazes/maze_042.map	512	512	497	135	414	173	431.225
107	maps/mazes/maze_042.map	512	512	209	462	312	443	431.054
106	maps/mazes/maze_042.map	512	512	212	57	252	119	427.054
106	maps/mazes/maze_042.map	512	512	145	78	24	33	427.154
106	maps/mazes/maze_042.map	512	512	35	184	131	212	427.882
106	maps/mazes/maze_042.map	512	512	28	132	69	19	427.054
106	maps/mazes/maze_042.map	512	512	472	28	480	82	427.397
106	maps/mazes/maze_042.map	512	512	40	219	133	213	427.468
106	maps/mazes/maze_042.map	512	512	321	213	236	129	427.225
106	maps/mazes/maze_042.map	512	512	305	99	352	200	427.64
106	maps/mazes/maze_042.map	512	512	40	200	125	216	427.468
105	maps/mazes/maze_042.map	512	512	208	184	133	244	423.569
105	maps/mazes/maze_042.map	512	512	269	154	168	77	423.882
78	maps/mazes/maze_042.map	512	512	247	256	244	196	313.184
105	maps/mazes/maze_042.map	512	512	386	481	488	340	423.711
105	maps/mazes/maze_042.map	512	512	212	133	162	245	423.154
105	maps/mazes/maze_042.map	512	512	65	113	71	57	423.74
105	maps/mazes/maze_042.map	512	512	80	378	81	295	423.64
105	maps/mazes/maze_042.map	512	512	372	461	321	432	423.882
105	maps/mazes/maze_042.map	512	512	197	318	128	261	423.74
105	maps/mazes/maze_042.map	512	512	147	256	105	194	423.154
105	maps/mazes/maze_042.map	512	512	432	215	490	296	423.125
104	maps/mazes/maze_042.map	512	512	428	396	500	268	419.196
104	maps/mazes/maze_042.map	512	512	377	126	296	3	419.255
104	maps/mazes/maze_042.map	512	512	444	242	388	188	419.397
104	maps/mazes/maze_042.map	512	512	200	95	105	12	418.912
104	maps/mazes/maze_042.map	512	512	120	143	77	183	419.125
104	maps/mazes/maze_042.map	512	512	325	63	244	25	419.811
104	maps/mazes/maze_042.map	512	512	249	477	381	412	419.225
104	maps/mazes/maze_042.map	512	512	305	475	383	285	419.397
104	maps/mazes/maze_042.map	512	512	381	433	366	341	419.569
57	maps/mazes/maze_042.map	512	512	364	44	333	97	228.627
103	maps/mazes/maze_042.map	512	512	333	184	284	113	415.64
103	maps/mazes/maze_042.map	512	512	49	209	112	221	414.983
103	maps/mazes/maze_042.map	512	512	90	372	96	287	415.225
103	maps/mazes/maze_042.map	512	512	457	271	402	165	415.569
103	maps/mazes/maze_042.map	512	512	72	469	86	300	415.468
103	maps/mazes/maze_042.map	512	512	82	404	148	450	414.912
103	maps/mazes/maze_042.map	512	512	336	412	379	269	415.74
103	maps/mazes/maze_042.map	512	512	166	456	180	354	415.497
103	maps/mazes/maze_042.map	512	512	112	248	69	166	415.912
103	maps/mazes/maze_042.map	512	512	25	77	118	21	415.912
102	maps/mazes/maze_042.map	512	512	280	321	353	220	411.64
102	maps/mazes/maze_042.map	512	512	137	180	62	121	411.397
102	maps/mazes/maze_042.map	512	512	156	463	37	336	411.983
102	maps/mazes/maze_042.map	512	512	448	225	396	176	411.569
102	maps/mazes/maze_042.map	512	512	316	243	415	161	411.711
102	maps/mazes/maze_042.map	512	512	36	424	48	341	410.983
102	maps/mazes/maze_042.map	512	512	121	185	21	78	411.811
99	maps/mazes/maze_042.map	512	512	193	53	244	121	399.811
102	maps/mazes/maze_042.map	512	512	57	140	34	1	411.397
102	maps/mazes/maze_042.map	512	512	197	164	98	233	411.154
101	maps/mazes/maze_042.map	512	512	41	303	72	294	407.74
101	maps/mazes/maze_042.map	512	512	383	453	323	453	407.397
101	maps/mazes/maze_042.map	512	512	151	77	40	19	407.912
101	maps/mazes/maze_042.map	512	512	313	349	274	297	407.811
101	maps/mazes/maze_042.map	512	512	356	440	365	325	407.154
101	maps/mazes/maze_042.map	512	512	16	208	120	304	407.64
101	maps/mazes/maze_042.map	512	512	117	58	107	44	407.497
101	maps/mazes/maze_042.map	512	512	447	28	494	57	407.74
101	maps/mazes/maze_042.map	512	512	246	21	347	28	407.64
101	maps/mazes/maze_042.map	512	512	348	397	284	332	407.326
100	maps/mazes/maze_042.map	512	512	169	17	149	31	403.397
100	maps/mazes/maze_042.map	512	512	132	184	54	97	402.983
100	maps/mazes/maze_042.map	512	512	189	433	117	315	403.841
100	maps/mazes/maze_042.map	512	512	53	251	120	193	403.569
100	maps/mazes/maze_042.map	512	512	213	53	233	125	403.64
100	maps/mazes/maze_042.map	512	512	35	161	103	229	403.154
100	maps/mazes/maze_042.map	512	512	275	473	384	405	403.569
100	maps/mazes/maze_042.map	512	512	449	51	507	48	403.811
100	maps/mazes/maze_042.map	512	512	348	504	369	359	403.497
100	maps/mazes/maze_042.map	512	512	125	368	104	296	403.669
99	maps/mazes/maze_042.map	512	512	44	320	57	284	399.326
99	maps/mazes/maze_042.map	512	512	479	173	396	188	399.74
99	maps/mazes/maze_042.map	512	512	241	453	325	429	399.054
99	maps/mazes/maze_042.map	512	512	48	391	104	288	399.225
99	maps/mazes/maze_042.map	512	512	208	461	297	463	399.225
84	maps/mazes/maze_042.map	512	512	388	231	400	277	338.669
99	maps/mazes/maze_042.map	512	512	325	77	268	5	399.811
99	maps/mazes/maze_042.map	512	512	24	173	41	35	399.225
99	maps/mazes/maze_042.map	512	512	145	144	55	77	399.083
99	maps/mazes/maze_042.map	512	512	96	64	53	90	399.569
98	maps/mazes/maze_042.map	512	512	454	329	504	224	395.125
98	maps/mazes/maze_042.map	512	512	76	45	200	48	395.083
98	maps/mazes/maze_042.map	512	512	272	331	337	227	395.811
98	maps/mazes/maze_042.map	512	512	32	334	74	276	395.397
98	maps/mazes/maze_042.map	512	512	60	501	53	336	395.397
98	maps/mazes/maze_042.map	512	512	121	248	86	192	395.326
98	maps/mazes/maze_042.map	512	512	452	256	399	189	395.74
98	maps/mazes/maze_042.map	512	512	348	177	330	121	395.983
98	maps/mazes/maze_042.map	512	512	434	116	335	109	395.154
98	maps/mazes/maze_042.map	512	512	505	164	431	157	395.912
97	maps/mazes/maze_042.map	512	512	114	337	85	263	391.184
97	maps/mazes/maze_042.map	512	512	415	36	464	55	391.74
97	maps/mazes/maze_042.map	512	512	101	302	65	254	391.74
97	maps/mazes/maze_042.map	512	512	340	417	381	288	391.154
97	maps/mazes/maze_042.map	512	512	20	125	35	165	390.983
97	maps/mazes/maze_042.map	512	512	497	134	422	165	391.983
97	maps/mazes/maze_042.map	512	512	232	197	308	180	391.225
97	maps/mazes/maze_042.map	512	512	241	238	308	124	391.811
97	maps/mazes/maze_042.map	512	512	190	280	142	177	391.326
97	maps/mazes/maze_042.map	512	512	153	344	113	223	391.326
96	maps/mazes/maze_042.map	512	512	0	255	86	249	387.882
96	maps/mazes/maze_042.map	512	512	8	69	133	39	387.426
96	maps/mazes/maze_042.map	512	512	118	505	36	329	387.74
30	maps/mazes/maze_042.map	512	512	177	201	198	248	123.456
96	maps/mazes/maze_042.map	512	512	333	307	403	196	387.811
96	maps/mazes/maze_042.map	512	512	65	180	97	240	387.74
96	maps/mazes/maze_042.map	512	512	267	253	264	126	387.397
96	maps/mazes/maze_042.map	512	512	205	39	100	37	387.669
96	maps/mazes/maze_042.map	512	512	72	429	178	453	387.497
96	maps/mazes/maze_042.map	512	512	336	493	399	464	387.983
96	maps/mazes/maze_042.map	512	512	345	429	414	284	387.74
95	maps/mazes/maze_042.map	512	512	460	500	430	413	383.468
95	maps/mazes/maze_042.map	512	512	307	300	396	213	383.397
95	maps/mazes/maze_042.map	512	512	174	136	137	259	383.497
95	maps/mazes/maze_042.map	512	512	224	292	226	208	383.154
95	maps/mazes/maze_042.map	512	512	430	340	392	222	383.74
95	maps/mazes/maze_042.map	512	512	460	50	488	22	383.154
95	maps/mazes/maze_042.map	512	512	388	37	492	48	383.569
95	maps/mazes/maze_042.map	512	512	224	148	168	234	383.255
95	maps/mazes/maze_042.map	512	512	224	157	157	185	383.326
95	maps/mazes/maze_042.map	512	512	70	97	113	35	383.184
94	maps/mazes/maze_042.map	512	512	220	79	255	136	379.397
94	maps/mazes/maze_042.map	512	512	392	44	492	48	379.983
94	maps/mazes/maze_042.map	512	512	40	398	92	303	378.983
94	maps/mazes/maze_042.map	512	512	156	66	272	120	379.397
94	maps/mazes/maze_042.map	512	512	501	7	486	57	379.912
94	maps/mazes/maze_042.map	512	512	426	500	289	483	379.841
94	maps/mazes/maze_042.map	512	512	117	104	100	190	379.225
91	maps/mazes/maze_042.map	512	512	381	226	420	289	366.569
94	maps/mazes/maze_042.map	512	512	418	360	493	312	379.125
94	maps/mazes/maze_042.map	512	512	401	210	403	188	379.154
94	maps/mazes/maze_042.map	512	512	98	45	53	94	379.74
93	maps/mazes/maze_042.map	512	512	36	90	139	44	375.083
93	maps/mazes/maze_042.map	512	512	67	309	57	277	375.255
93	maps/mazes/maze_042.map	512	512	436	325	396	206	374.74
93	maps/mazes/maze_042.map	512	512	66	185	141	197	375.912
93	maps/mazes/maze_042.map	512	512	89	295	34	249	375.326
93	maps/mazes/maze_042.map	512	512	255	265	292	117	375.326
93	maps/mazes/maze_042.map	512	512	336	385	304	304	374.983
93	maps/mazes/maze_042.map	512	512	467	304	417	157	375.083
93	maps/mazes/maze_042.map	512	512	205	24	145	13	375.326
93	maps/mazes/maze_042.map	512	512	412	440	336	430	375.983
92	maps/mazes/maze_042.map	512	512	16	312	81	281	371.255
92	maps/mazes/maze_042.map	512	512	7	305	85	265	371.154
92	maps/mazes/maze_042.map	512	512	416	275	385	223	371.326
92	maps/mazes/maze_042.map	512	512	412	36	472	45	371.326
92	maps/mazes/maze_042.map	512	512	489	345	465	189	371.983
92	maps/mazes/maze_042.map	512	512	236	239	249	136	371.983
92	maps/mazes/maze_042.map	512	512	425	168	413	285	371.811
92	maps/mazes/maze_042.map	512	512	361	166	307	144	371.983
92	maps/mazes/maze_042.map	512	512	447	505	324	430	371.255
92	maps/mazes/maze_042.map	512	512	223	409	183	341	371.154
91	maps/mazes/maze_042.map	512	512	53	108	101	204	367.983
91	maps/mazes/maze_042.map	512	512	316	120	364	189	367.811
91	maps/mazes/maze_042.map	512	512	276	318	352	218	367.154
91	maps/mazes/maze_042.map	512	512	232	437	174	341	367.012
91	maps/mazes/maze_042.map	512	512	413	228	388	175	367.154
91	maps/mazes/maze_042.map	512	512	165	358	88	311	367.598
91	maps/mazes/maze_042.map	512	512	309	401	279	428	367.326
91	maps/mazes/maze_042.map	512	512	314	57	241	13	367.912
91	maps/mazes/maze_042.map	512	512	378	308	389	224	367.912
90	maps/mazes/maze_042.map	512	512	193	142	137	258	363.841
90	maps/mazes/maze_042.map	512	512	76	180	102	233	363.083
90	maps/mazes/maze_042.map	512	512	420	71	381	193	363.326
90	maps/mazes/maze_042.map	512	512	144	421	172	428	363.669
90	maps/mazes/maze_042.map	512	512	485	333	487	213	363.882
90	maps/mazes/maze_042.map	512	512	136	81	69	8	363.255
90	maps/mazes/maze_042.map	512	512	266	196	246	117	363.569
90	maps/mazes/maze_042.map	512	512	257	398	336	373	363.397
90	maps/mazes/maze_042.map	512	512	281	173	353	161	363.397
90	maps/mazes/maze_042.map	512	512	45	233	102	236	363.154
89	maps/mazes/maze_042.map	512	512	42	40	73	38	359.912
45	maps/mazes/maze_042.map	512	512	473	468	421	462	180.527
89	maps/mazes/maze_042.map	512	512	89	493	37	332	359.912
89	maps/mazes/maze_042.map	512	512	52	41	31	129	359.569
89	maps/mazes/maze_042.map	512	512	196	15	280	22	359.326
89	maps/mazes/maze_042.map	512	512	432	136	336	126	359.012
89	maps/mazes/maze_042.map	512	512	129	496	40	368	359.669
89	maps/mazes/maze_042.map	512	512	185	30	73	29	359.912
89	maps/mazes/maze_042.map	512	512	242	156	188	141	358.74
89	maps/mazes/maze_042.map	512	512	380	296	392	223	359.083
89	maps/mazes/maze_042.map	512	512	0	359	48	373	359.497
88	maps/mazes/maze_042.map	512	512	322	213	338	157	355.74
88	maps/mazes/maze_042.map	512	512	405	57	393	157	355.397
88	maps/mazes/maze_042.map	512	512	293	363	324	265	355.326
88	maps/mazes/maze_042.map	512	512	150	309	89	239	355.426
88	maps/mazes/maze_042.map	512	512	497	333	464	188	355.74
88	maps/mazes/maze_042.map	512	512	172	37	212	60	354.74
88	maps/mazes/maze_042.map	512	512	453	237	407	193	355.497
88	maps/mazes/maze_042.map	512	512	123	141	27	80	355.326
88	maps/mazes/maze_042.map	512	512	509	60	483	85	355.669
88	maps/mazes/maze_042.map	512	512	290	120	165	85	355.983
87	maps/mazes/maze_042.map	512	512	141	317	117	230	351.083
87	maps/mazes/maze_042.map	512	512	137	5	56	5	351.77
87	maps/mazes/maze_042.map	512	512	289	162	198	105	351.154
87	maps/mazes/maze_042.map	512	512	12	292	100	308	351.74
87	maps/mazes/maze_042.map	512	512	313	143	333	173	351.983
87	maps/mazes/maze_042.map	512	512	357	328	295	336	351.255
87	maps/mazes/maze_042.map	512	512	12	185	93	240	351.74
87	maps/mazes/maze_042.map	512	512	22	461	53	352	350.912
87	maps/mazes/maze_042.map	512	512	276	109	182	48	351.912
87	maps/mazes/maze_042.map	512	512	177	124	154	253	351.497
86	maps/mazes/maze_042.map	512	512	157	98	66	57	347.012
86	maps/mazes/maze_042.map	512	512	56	227	104	240	347.326
86	maps/mazes/maze_042.map	512	512	396	183	346	241	347.154
86	maps/mazes/maze_042.map	512	512	60	108	106	201	347.912
86	maps/mazes/maze_042.map	512	512	216	16	109	15	347.74
86	maps/mazes/maze_042.map	512	512	116	445	182	453	347.012
86	maps/mazes/maze_042.map	512	512	20	336	89	272	347.326
86	maps/mazes/maze_042.map	512	512	458	172	452	185	347.326
86	maps/mazes/maze_042.map	512	512	409	103	393	175	347.74
85	maps/mazes/maze_042.map	512	512	503	448	424	422	343.326
85	maps/mazes/maze_042.map	512	512	340	93	292	1	343.355
85	maps/mazes/maze_042.map	512	512	197	94	135	28	343.841
85	maps/mazes/maze_042.map	512	512	17	144	23	41	343.912
85	maps/mazes/maze_042.map	512	512	24	318	78	284	343.255
85	maps/mazes/maze_042.map	512	512	170	305	93	240	343.841
85	maps/mazes/maze_042.map	512	512	15	189	129	276	343.569
85	maps/mazes/maze_042.map	512	512	168	95	142	17	343.255
85	maps/mazes/maze_042.map	512	512	278	232	308	131	343.326
17	maps/mazes/maze_042.map	512	512	19	276	26	280	69.7279
85	maps/mazes/maze_042.map	512	512	352	13	296	19	343.397
84	maps/mazes/maze_042.map	512	512	176	59	204	105	338.669
84	maps/mazes/maze_042.map	512	512	279	116	344	203	339.841
37	maps/mazes/maze_042.map	512	512	48	401	65	396	150.385
84	maps/mazes/maze_042.map	512	512	244	384	317	391	339.397
84	maps/mazes/maze_042.map	512	512	383	244	396	170	339.912
84	maps/mazes/maze_042.map	512	512	318	241	405	252	339.74
84	maps/mazes/maze_042.map	512	512	284	77	256	13	339.74
84	maps/mazes/maze_042.map	512	512	474	108	416	121	339.184
84	maps/mazes/maze_042.map	512	512	87	384	84	316	339.326
84	maps/mazes/maze_042.map	512	512	249	477	333	452	339.326
83	maps/mazes/maze_042.map	512	512	73	361	85	290	335.326
83	maps/mazes/maze_042.map	512	512	373	72	414	121	335.497
83	maps/mazes/maze_042.map	512	512	273	61	111	17	335.74
33	maps/mazes/maze_042.map	512	512	330	225	328	305	134.728
83	maps/mazes/maze_042.map	512	512	192	136	169	247	335.598
83	maps/mazes/maze_042.map	512	512	195	120	162	57	335.841
83	maps/mazes/maze_042.map	512	512	52	190	10	49	335.912
83	maps/mazes/maze_042.map	512	512	56	81	107	193	335.083
83	maps/mazes/maze_042.map	512	512	424	16	469	36	335.083
83	maps/mazes/maze_042.map	512	512	181	75	244	129	335.326
82	maps/mazes/maze_042.map	512	512	224	277	261	182	331.497
82	maps/mazes/maze_042.map	512	512	149	91	65	25	331.012
82	maps/mazes/maze_042.map	512	512	24	145	24	45	331.497
82	maps/mazes/maze_042.map	512	512	152	68	149	31	331.255
82	maps/mazes/maze_042.map	512	512	308	118	185	119	331.497
82	maps/mazes/maze_042.map	512	512	8	197	112	241	331.74
82	maps/mazes/maze_042.map	512	512	352	191	301	117	331.912
82	maps/mazes/maze_042.map	512	512	47	428	88	315	331.497
82	maps/mazes/maze_042.map	512	512	236	65	222	112	331.326
81	maps/mazes/maze_042.map	512	512	224	81	232	113	327.74
81	maps/mazes/maze_042.map	512	512	476	384	456	354	327.841
81	maps/mazes/maze_042.map	512	512	261	400	323	384	327.74
81	maps/mazes/maze_042.map	512	512	80	441	165	448	327.012
81	maps/mazes/maze_042.map	512	512	394	145	457	185	327.083
81	maps/mazes/maze_042.map	512	512	315	437	376	276	326.669
59	maps/mazes/maze_042.map	512	512	488	209	443	221	236.113
81	maps/mazes/maze_042.map	512	512	126	29	201	60	327.012
81	maps/mazes/maze_042.map	512	512	390	49	496	35	327.74
81	maps/mazes/maze_042.map	512	512	481	504	416	426	327.326
81	maps/mazes/maze_042.map	512	512	433	193	362	101	327.426
62	maps/mazes/maze_042.map	512	512	404	154	457	112	250.598
80	maps/mazes/maze_042.map	512	512	413	82	388	179	323.255
80	maps/mazes/maze_042.map	512	512	250	152	156	180	323.841
80	maps/mazes/maze_042.map	512	512	100	90	69	14	323.426
80	maps/mazes/maze_042.map	512	512	9	144	92	249	322.811
80	maps/mazes/maze_042.map	512	512	313	422	272	310	323.426
80	maps/mazes/maze_042.map	512	512	15	377	92	293	323.77
80	maps/mazes/maze_042.map	512	512	328	82	277	4	322.598
80	maps/mazes/maze_042.map	512	512	381	283	401	203	323.497
80	maps/mazes/maze_042.map	512	512	376	255	394	240	323.912
80	maps/mazes/maze_042.map	512	512	122	453	39	336	323.255
79	maps/mazes/maze_042.map	512	512	172	416	132	313	319.184
79	maps/mazes/maze_042.map	512	512	141	258	37	272	319.255
79	maps/mazes/maze_042.map	512	512	289	148	364	179	319.841
79	maps/mazes/maze_042.map	512	512	501	75	412	130	319.012
79	maps/mazes/maze_042.map	512	512	444	365	496	329	319.397
79	maps/mazes/maze_042.map	512	512	41	225	97	235	319.497
79	maps/mazes/maze_042.map	512	512	106	68	67	5	319.255
79	maps/mazes/maze_042.map	512	512	48	451	68	309	319.497
79	maps/mazes/maze_042.map	512	512	481	85	385	189	319.841
79	maps/mazes/maze_042.map	512	512	244	333	137	310	319.012
78	maps/mazes/maze_042.map	512	512	297	101	284	145	315.083
78	maps/mazes/maze_042.map	512	512	304	311	383	244	315.497
78	maps/mazes/maze_042.map	512	512	281	508	360	410	315.426
78	maps/mazes/maze_042.map	512	512	456	416	479	336	315.083
78	maps/mazes/maze_042.map	512	512	205	295	143	257	315.497
78	maps/mazes/maze_042.map	512	512	476	208	416	173	315.426
78	maps/mazes/maze_042.map	512	512	137	332	91	240	315.598
78	maps/mazes/maze_042.map	512	512	366	156	332	128	315.497
78	maps/mazes/maze_042.map	512	512	374	209	413	181	315.083
77	maps/mazes/maze_042.map	512	512	325	313	377	237	311.841
77	maps/mazes/maze_042.map	512	512	95	465	53	350	311.083
77	maps/mazes/maze_042.map	512	512	472	4	466	64	311.841
77	maps/mazes/maze_042.map	512	512	61	408	83	316	311.74
77	maps/mazes/maze_042.map	512	512	229	182	187	160	311.255
77	maps/mazes/maze_042.map	512	512	124	29	32	39	311.598
77	maps/mazes/maze_042.map	512	512	473	493	418	436	311.397
77	maps/mazes/maze_042.map	512	512	88	206	52	116	311.497
77	maps/mazes/maze_042.map	512	512	121	319	143	197	311.841
76	maps/mazes/maze_042.map	512	512	32	380	83	312	307.184
76	maps/mazes/maze_042.map	512	512	320	457	381	307	307.669
76	maps/mazes/maze_042.map	512	512	51	73	46	85	307.184
76	maps/mazes/maze_042.map	512	512	31	365	93	301	307.113
76	maps/mazes/maze_042.map	512	512	144	113	96	64	307.184
76	maps/mazes/maze_042.map	512	512	303	376	318	316	307.669
76	maps/mazes/maze_042.map	512	512	366	244	293	292	307.912
76	maps/mazes/maze_042.map	512	512	24	391	82	300	307.77
55	maps/mazes/maze_042.map	512	512	459	208	433	198	223.113
76	maps/mazes/maze_042.map	512	512	426	221	493	273	307.669
76	maps/mazes/maze_042.map	512	512	464	342	493	260	307.811
75	maps/mazes/maze_042.map	512	512	209	89	189	112	303.083
75	maps/mazes/maze_042.map	512	512	374	412	412	290	303.598
75	maps/mazes/maze_042.map	512	512	260	506	384	406	303.598
75	maps/mazes/maze_042.map	512	512	487	368	452	383	303.841
75	maps/mazes/maze_042.map	512	512	102	313	188	377	303.355
75	maps/mazes/maze_042.map	512	512	477	28	464	15	303.841
75	maps/mazes/maze_042.map	512	512	77	402	106	364	303.426
75	maps/mazes/maze_042.map	512	512	116	417	212	433	303.598
75	maps/mazes/maze_042.map	512	512	310	509	379	412	303.012
75	maps/mazes/maze_042.map	512	512	329	268	416	202	303.569
74	maps/mazes/maze_042.map	512	512	96	345	29	336	299.012
74	maps/mazes/maze_042.map	512	512	278	44	289	19	299.255
74	maps/mazes/maze_042.map	512	512	407	201	428	167	298.841
74	maps/mazes/maze_042.map	512	512	425	111	422	173	299.426
74	maps/mazes/maze_042.map	512	512	381	360	401	268	299.841
74	maps/mazes/maze_042.map	512	512	341	320	289	340	299.012
74	maps/mazes/maze_042.map	512	512	288	317	322	253	299.012
74	maps/mazes/maze_042.map	512	512	178	13	211	32	299.113
74	maps/mazes/maze_042.map	512	512	276	331	348	252	299.083
74	maps/mazes/maze_042.map	512	512	226	117	161	189	299.77
73	maps/mazes/maze_042.map	512	512	355	109	379	164	295.669
73	maps/mazes/maze_042.map	512	512	69	395	117	364	295.426
73	maps/mazes/maze_042.map	512	512	87	252	48	249	295.598
73	maps/mazes/maze_042.map	512	512	48	260	177	249	295.841
73	maps/mazes/maze_042.map	512	512	462	321	500	266	295.569
73	maps/mazes/maze_042.map	512	512	145	116	95	68	295.355
73	maps/mazes/maze_042.map	512	512	339	20	245	8	295.497
73	maps/mazes/maze_042.map	512	512	457	382	508	296	295.326
73	maps/mazes/maze_042.map	512	512	338	416	371	352	295.77
73	maps/mazes/maze_042.map	512	512	360	137	408	170	295.426
72	maps/mazes/maze_042.map	512	512	146	440	172	433	291.184
72	maps/mazes/maze_042.map	512	512	505	205	411	177	291.598
72	maps/mazes/maze_042.map	512	512	177	170	189	221	291.912
72	maps/mazes/maze_042.map	512	512	156	49	119	21	291.083
72	maps/mazes/maze_042.map	512	512	180	93	283	113	291.426
72	maps/mazes/maze_042.map	512	512	214	125	161	179	291.527
72	maps/mazes/maze_042.map	512	512	485	316	507	292	291.012
72	maps/mazes/maze_042.map	512	512	73	208	29	128	291.841
72	maps/mazes/maze_042.map	512	512	267	312	337	260	291.255
72	maps/mazes/maze_042.map	512	512	297	309	324	267	291.426
71	maps/mazes/maze_042.map	512	512	16	486	21	343	287.355
71	maps/mazes/maze_042.map	512	512	83	281	81	246	287.426
71	maps/mazes/maze_042.map	512	512	61	77	39	77	287.941
71	maps/mazes/maze_042.map	512	512	399	220	404	187	287.841
71	maps/mazes/maze_042.map	512	512	253	137	207	73	287.255
71	maps/mazes/maze_042.map	512	512	267	249	270	157	287.77
71	maps/mazes/maze_042.map	512	512	283	308	331	268	287.841
71	maps/mazes/maze_042.map	512	512	489	313	508	301	287.426
71	maps/mazes/maze_042.map	512	512	16	168	104	268	287.983
70	maps/mazes/maze_042.map	512	512	206	472	272	448	283.497
70	maps/mazes/maze_042.map	512	512	456	21	460	68	282.598
70	maps/mazes/maze_042.map	512	512	146	468	45	368	283.77
70	maps/mazes/maze_042.map	512	512	192	97	169	92	283.255
70	maps/mazes/maze_042.map	512	512	125	399	193	456	283.184
70	maps/mazes/maze_042.map	512	512	273	121	317	186	283.184
70	maps/mazes/maze_042.map	512	512	55	24	117	26	283.941
70	maps/mazes/maze_042.map	512	512	334	113	380	176	283.669
70	maps/mazes/maze_042.map	512	512	424	93	405	177	283.77
70	maps/mazes/maze_042.map	512	512	257	460	345	414	283.598
69	maps/mazes/maze_042.map	512	512	169	176	153	284	279.012
69	maps/mazes/maze_042.map	512	512	451	164	492	202	279.669
69	maps/mazes/maze_042.map	512	512	261	154	176	180	279.77
69	maps/mazes/maze_042.map	512	512	72	373	73	305	279.669
69	maps/mazes/maze_042.map	512	512	268	443	375	405	279.184
69	maps/mazes/maze_042.map	512	512	291	324	324	259	279.012
69	maps/mazes/maze_042.map	512	512	487	292	440	166	279.669
69	maps/mazes/maze_042.map	512	512	206	492	260	454	279.497
69	maps/mazes/maze_042.map	512	512	43	177	21	75	279.841
69	maps/mazes/maze_042.map	512	512	2	416	31	452	279.426
68	maps/mazes/maze_042.map	512	512	52	490	34	329	275.184
68	maps/mazes/maze_042.map	512	512	328	264	357	346	275.426
68	maps/mazes/maze_042.map	512	512	414	124	347	121	275.598
68	maps/mazes/maze_042.map	512	512	392	309	413	248	275.355
68	maps/mazes/maze_042.map	512	512	373	60	417	93	275.426
68	maps/mazes/maze_042.map	512	512	39	25	56	108	275.598
68	maps/mazes/maze_042.map	512	512	38	348	97	286	275.083
68	maps/mazes/maze_042.map	512	512	106	153	32	132	275.184
68	maps/mazes/maze_042.map	512	512	319	153	252	120	275.012
68	maps/mazes/maze_042.map	512	512	401	462	352	480	275.184
67	maps/mazes/maze_042.map	512	512	423	45	483	17	271.012
67	maps/mazes/maze_042.map	512	512	45	492	37	363	271.527
67	maps/mazes/maze_042.map	512	512	76	113	28	43	271.113
67	maps/mazes/maze_042.map	512	512	252	79	204	76	270.841
67	maps/mazes/maze_042.map	512	512	331	40	308	19	271.113
67	maps/mazes/maze_042.map	512	512	185	357	122	284	271.941
67	maps/mazes/maze_042.map	512	512	129	11	235	20	271.426
67	maps/mazes/maze_042.map	512	512	320	24	240	18	271.841
67	maps/mazes/maze_042.map	512	512	448	491	396	489	271.598
67	maps/mazes/maze_042.map	512	512	281	357	336	296	271.012
66	maps/mazes/maze_042.map	512	512	216	84	149	20	267.77
66	maps/mazes/maze_042.map	512	512	29	280	108	344	267.527
66	maps/mazes/maze_042.map	512	512	97	64	73	33	267.527
66	maps/mazes/maze_042.map	512	512	119	425	197	451	267.941
66	maps/mazes/maze_042.map	512	512	96	450	164	445	267.527
66	maps/mazes/maze_042.map	512	512	372	305	351	373	266.941
66	maps/mazes/maze_042.map	512	512	288	142	353	191	267.012
66	maps/mazes/maze_042.map	512	512	432	327	438	364	267.912
66	maps/mazes/maze_042.map	512	512	296	248	261	180	267.77
66	maps/mazes/maze_042.map	512	512	101	37	20	61	267.184
65	maps/mazes/maze_042.map	512	512	378	392	297	331	263.355
65	maps/mazes/maze_042.map	512	512	441	310	412	232	263.527
65	maps/mazes/maze_042.map	512	512	136	508	129	465	263.698
65	maps/mazes/maze_042.map	512	512	490	29	476	65	263.941
65	maps/mazes/maze_042.map	512	512	504	160	496	219	263.527
65	maps/mazes/maze_042.map	512	512	504	17	496	48	263.184
65	maps/mazes/maze_042.map	512	512	474	261	440	246	263.527
65	maps/mazes/maze_042.map	512	512	216	168	200	134	263.012
65	maps/mazes/maze_042.map	512	512	377	221	401	167	263.012
65	maps/mazes/maze_042.map	512	512	141	35	75	29	263.355
64	maps/mazes/maze_042.map	512	512	474	460	432	441	259.426
64	maps/mazes/maze_042.map	512	512	456	148	493	254	259.426
64	maps/mazes/maze_042.map	512	512	317	117	297	116	259.184
64	maps/mazes/maze_042.map	512	512	0	350	39	337	259.941
64	maps/mazes/maze_042.map	512	512	376	373	414	285	259.012
64	maps/mazes/maze_042.map	512	512	457	145	381	193	259.941
64	maps/mazes/maze_042.map	512	512	325	273	363	225	259.113
64	maps/mazes/maze_042.map	512	512	183	149	172	241	259.527
64	maps/mazes/maze_042.map	512	512	68	284	77	248	259.184
64	maps/mazes/maze_042.map	512	512	254	248	240	206	259.113
63	maps/mazes/maze_042.map	512	512	49	60	134	44	255.042
63	maps/mazes/maze_042.map	512	512	31	181	59	276	255.426
63	maps/mazes/maze_042.map	512	512	153	56	179	49	255.77
63	maps/mazes/maze_042.map	512	512	13	140	27	256	255.841
63	maps/mazes/maze_042.map	512	512	284	433	281	354	255.941
63	maps/mazes/maze_042.map	512	512	209	441	272	444	255.841
63	maps/mazes/maze_042.map	512	512	457	6	463	57	255.527
63	maps/mazes/maze_042.map	512	512	133	477	64	468	255.941
63	maps/mazes/maze_042.map	512	512	251	45	169	64	255.669
63	maps/mazes/maze_042.map	512	512	448	493	396	507	255.598
62	maps/mazes/maze_042.map	512	512	469	194	396	195	251.355
62	maps/mazes/maze_042.map	512	512	308	165	251	117	251.77
62	maps/mazes/maze_042.map	512	512	21	77	74	44	251.355
62	maps/mazes/maze_042.map	512	512	313	229	309	181	251.113
62	maps/mazes/maze_042.map	512	512	164	498	233	471	251.598
62	maps/mazes/maze_042.map	512	512	397	296	384	390	251.184
62	maps/mazes/maze_042.map	512	512	213	236	169	243	251.426
62	maps/mazes/maze_042.map	512	512	1	372	84	292	251.87
62	maps/mazes/maze_042.map	512	512	355	317	317	335	251.941
61	maps/mazes/maze_042.map	512	512	480	60	431	89	247.355
61	maps/mazes/maze_042.map	512	512	419	176	457	206	247.113
61	maps/mazes/maze_042.map	512	512	241	113	200	73	247.184
61	maps/mazes/maze_042.map	512	512	239	72	187	120	247.012
61	maps/mazes/maze_042.map	512	512	1	312	100	285	247.012
61	maps/mazes/maze_042.map	512	512	384	397	390	300	247.77
61	maps/mazes/maze_042.map	512	512	43	29	118	37	247.87
61	maps/mazes/maze_042.map	512	512	221	425	184	404	247.941
61	maps/mazes/maze_042.map	512	512	117	41	43	25	247.456
61	maps/mazes/maze_042.map	512	512	235	1	168	38	247.113
60	maps/mazes/maze_042.map	512	512	112	354	88	315	243.627
60	maps/mazes/maze_042.map	512	512	344	240	432	199	243.426
60	maps/mazes/maze_042.map	512	512	155	37	161	54	243.426
60	maps/mazes/maze_042.map	512	512	231	108	303	117	243.77
60	maps/mazes/maze_042.map	512	512	33	260	29	219	243.184
60	maps/mazes/maze_042.map	512	512	9	411	48	468	243.355
60	maps/mazes/maze_042.map	512	512	136	157	29	142	243.012
60	maps/mazes/maze_042.map	512	512	382	313	405	280	243.113
60	maps/mazes/maze_042.map	512	512	442	261	446	181	243.698
60	maps/mazes/maze_042.map	512	512	52	353	101	302	243.941
59	maps/mazes/maze_042.map	512	512	5	508	48	395	239.456
59	maps/mazes/maze_042.map	512	512	384	358	414	284	239.012
59	maps/mazes/maze_042.map	512	512	50	324	85	266	239.527
59	maps/mazes/maze_042.map	512	512	384	222	395	189	239.598
59	maps/mazes/maze_042.map	512	512	494	265	418	157	239.355
59	maps/mazes/maze_042.map	512	512	365	127	324	160	239.941
59	maps/mazes/maze_042.map	512	512	45	216	97	264	239.841
59	maps/mazes/maze_042.map	512	512	489	251	497	220	239.284
59	maps/mazes/maze_042.map	512	512	41	336	89	295	239.77
58	maps/mazes/maze_042.map	512	512	21	153	21	77	235.598
58	maps/mazes/maze_042.map	512	512	53	277	112	235	235.77
58	maps/mazes/maze_042.map	512	512	320	406	372	362	235.113
58	maps/mazes/maze_042.map	512	512	388	130	372	110	235.012
58	maps/mazes/maze_042.map	512	512	318	196	330	173	235.426
58	maps/mazes/maze_042.map	512	512	505	85	413	95	235.456
58	maps/mazes/maze_042.map	512	512	408	457	370	469	235.941
58	maps/mazes/maze_042.map	512	512	223	280	272	243	235.598
58	maps/mazes/maze_042.map	512	512	245	109	225	44	235.083
57	maps/mazes/maze_042.map	512	512	470	68	483	108	231.77
57	maps/mazes/maze_042.map	512	512	185	460	177	404	231.456
57	maps/mazes/maze_042.map	512	512	200	48	175	113	231.355
57	maps/mazes/maze_042.map	512	512	44	448	29	334	231.627
57	maps/mazes/maze_042.map	512	512	495	445	425	470	231.184
57	maps/mazes/maze_042.map	512	512	156	8	229	18	231.042
57	maps/mazes/maze_042.map	512	512	313	37	234	20	231.598
57	maps/mazes/maze_042.map	512	512	255	356	305	311	231.77
57	maps/mazes/maze_042.map	512	512	209	216	159	229	231.426
56	maps/mazes/maze_042.map	512	512	393	240	411	177	227.77
56	maps/mazes/maze_042.map	512	512	328	463	376	367	227.113
56	maps/mazes/maze_042.map	512	512	404	231	413	157	227.426
56	maps/mazes/maze_042.map	512	512	346	477	384	407	227.355
56	maps/mazes/maze_042.map	512	512	377	122	384	53	227.799
56	maps/mazes/maze_042.map	512	512	359	485	381	412	227.77
56	maps/mazes/maze_042.map	512	512	46	341	91	293	227.527
56	maps/mazes/maze_042.map	512	512	348	56	308	19	227.042
56	maps/mazes/maze_042.map	512	512	104	381	105	364	227.456
56	maps/mazes/maze_042.map	512	512	98	368	47	340	226.941
55	maps/mazes/maze_042.map	512	512	396	371	417	389	223.77
55	maps/mazes/maze_042.map	512	512	97	507	60	440	223.456
55	maps/mazes/maze_042.map	512	512	249	63	198	37	223.527
22	maps/mazes/maze_042.map	512	512	317	31	367	33	91.0711
55	maps/mazes/maze_042.map	512	512	368	351	405	283	223.527
55	maps/mazes/maze_042.map	512	512	276	161	245	246	223.941
55	maps/mazes/maze_042.map	512	512	160	85	173	49	222.698
55	maps/mazes/maze_042.map	512	512	306	8	230	20	223.355
55	maps/mazes/maze_042.map	512	512	313	153	337	198	223.77
55	maps/mazes/maze_042.map	512	512	228	497	288	481	223.941
54	maps/mazes/maze_042.map	512	512	53	224	77	250	219.598
54	maps/mazes/maze_042.map	512	512	484	0	482	17	219.527
50	maps/mazes/maze_042.map	512	512	233	5	272	53	203.87
54	maps/mazes/maze_042.map	512	512	34	345	84	316	219.184
54	maps/mazes/maze_042.map	512	512	451	164	477	173	219.184
54	maps/mazes/maze_042.map	512	512	76	195	48	113	219.355
54	maps/mazes/maze_042.map	512	512	366	505	344	429	219.698
54	maps/mazes/maze_042.map	512	512	479	405	478	364	219.113
54	maps/mazes/maze_042.map	512	512	469	225	414	157	219.284
54	maps/mazes/maze_042.map	512	512	213	480	281	488	219.941
54	maps/mazes/maze_042.map	512	512	255	176	250	124	219.77
53	maps/mazes/maze_042.map	512	512	501	148	501	211	215.284
53	maps/mazes/maze_042.map	512	512	368	245	395	209	214.698
53	maps/mazes/maze_042.map	512	512	189	69	205	107	215.355
53	maps/mazes/maze_042.map	512	512	172	134	156	217	215.284
53	maps/mazes/maze_042.map	512	512	201	168	222	148	215.77
53	maps/mazes/maze_042.map	512	512	368	17	315	37	215.527
53	maps/mazes/maze_042.map	512	512	417	413	476	336	215.355
53	maps/mazes/maze_042.map	512	512	472	228	449	292	215.87
53	maps/mazes/maze_042.map	512	512	341	413	376	311	215.87
53	maps/mazes/maze_042.map	512	512	348	451	313	452	215.941
52	maps/mazes/maze_042.map	512	512	456	420	449	385	211.456
52	maps/mazes/maze_042.map	512	512	72	290	53	254	211.87
52	maps/mazes/maze_042.map	512	512	286	505	312	452	211.87
52	maps/mazes/maze_042.map	512	512	176	244	94	240	211.456
52	maps/mazes/maze_042.map	512	512	329	73	323	40	211.627
52	maps/mazes/maze_042.map	512	512	484	94	414	121	211.87
52	maps/mazes/maze_042.map	512	512	484	172	459	185	211.456
52	maps/mazes/maze_042.map	512	512	256	383	264	409	211.355
52	maps/mazes/maze_042.map	512	512	277	232	295	161	211.284
52	maps/mazes/maze_042.map	512	512	470	300	469	343	211.456
51	maps/mazes/maze_042.map	512	512	424	367	456	368	207.527
51	maps/mazes/maze_042.map	512	512	252	60	209	61	207.113
51	maps/mazes/maze_042.map	512	512	260	345	300	395	206.77
51	maps/mazes/maze_042.map	512	512	208	8	193	27	207.456
51	maps/mazes/maze_042.map	512	512	256	173	309	118	207.698
51	maps/mazes/maze_042.map	512	512	154	348	118	281	207.284
51	maps/mazes/maze_042.map	512	512	60	396	42	336	207.456
51	maps/mazes/maze_042.map	512	512	4	401	28	473	207.113
51	maps/mazes/maze_042.map	512	512	196	134	157	196	207.627
51	maps/mazes/maze_042.map	512	512	144	354	188	396	207.113
50	maps/mazes/maze_042.map	512	512	285	44	308	18	203.87
12	maps/mazes/maze_042.map	512	512	204	434	197	450	49.2426
50	maps/mazes/maze_042.map	512	512	296	281	236	249	203.456
50	maps/mazes/maze_042.map	512	512	448	462	397	499	203.113
50	maps/mazes/maze_042.map	512	512	0	315	88	302	203.77
50	maps/mazes/maze_042.map	512	512	269	405	278	428	203.698
50	maps/mazes/maze_042.map	512	512	313	61	289	19	203.456
50	maps/mazes/maze_042.map	512	512	1	443	60	507	203.77
50	maps/mazes/maze_042.map	512	512	388	245	369	233	203.284
50	maps/mazes/maze_042.map	512	512	60	146	41	96	203.87
49	maps/mazes/maze_042.map	512	512	148	401	84	355	199.456
49	maps/mazes/maze_042.map	512	512	229	505	225	467	199.113
49	maps/mazes/maze_042.map	512	512	244	112	248	56	199.255
49	maps/mazes/maze_042.map	512	512	322	165	351	161	199.042
49	maps/mazes/maze_042.map	512	512	412	18	447	5	199.113
49	maps/mazes/maze_042.map	512	512	60	458	29	335	199.698
49	maps/mazes/maze_042.map	512	512	108	461	57	379	199.042
49	maps/mazes/maze_042.map	512	512	17	284	83	316	199.355
49	maps/mazes/maze_042.map	512	512	457	177	480	173	199.527
49	maps/mazes/maze_042.map	512	512	410	236	421	188	199.77
48	maps/mazes/maze_042.map	512	512	152	489	123	453	195.87
48	maps/mazes/maze_042.map	512	512	349	154	341	109	195.527
48	maps/mazes/maze_042.map	512	512	16	88	37	8	195.527
48	maps/mazes/maze_042.map	512	512	403	449	361	480	195.284
48	maps/mazes/maze_042.map	512	512	178	28	212	1	195.971
48	maps/mazes/maze_042.map	512	512	461	244	456	310	195.627
48	maps/mazes/maze_042.map	512	512	441	69	400	137	195.87
48	maps/mazes/maze_042.map	512	512	220	205	283	113	195.527
48	maps/mazes/maze_042.map	512	512	320	124	312	143	195.527
48	maps/mazes/maze_042.map	512	512	353	432	348	444	195.87
47	maps/mazes/maze_042.map	512	512	280	383	301	400	191.698
47	maps/mazes/maze_042.map	512	512	214	209	273	131	191.527
47	maps/mazes/maze_042.map	512	512	441	251	448	181	191.042
47	maps/mazes/maze_042.map	512	512	48	55	84	41	191.213
47	maps/mazes/maze_042.map	512	512	205	218	185	244	191.113
47	maps/mazes/maze_042.map	512	512	478	413	488	350	191.284
47	maps/mazes/maze_042.map	512	512	76	425	121	389	191.042
47	maps/mazes/maze_042.map	512	512	333	238	385	242	191.355
47	maps/mazes/maze_042.map	512	512	436	145	396	150	191.627
47	maps/mazes/maze_042.map	512	512	238	337	196	341	191.698
46	maps/mazes/maze_042.map	512	512	4	265	27	196	187.698
46	maps/mazes/maze_042.map	512	512	248	94	247	53	187.012
46	maps/mazes/maze_042.map	512	512	306	312	274	344	187.698
46	maps/mazes/maze_042.map	512	512	8	9	47	85	187.87
46	maps/mazes/maze_042.map	512	512	284	163	306	145	187.213
46	maps/mazes/maze_042.map	512	512	320	71	297	7	187.042
46	maps/mazes/maze_042.map	512	512	8	312	72	307	187.042
46	maps/mazes/maze_042.map	512	512	400	369	426	384	187.527
46	maps/mazes/maze_042.map	512	512	44	265	111	233	187.284
46	maps/mazes/maze_042.map	512	512	177	484	121	453	187.042
45	maps/mazes/maze_042.map	512	512	234	208	297	115	183.113
45	maps/mazes/maze_042.map	512	512	320	171	352	116	183.284
45	maps/mazes/maze_042.map	512	512	264	446	333	429	183.456
45	maps/mazes/maze_042.map	512	512	89	125	29	141	183.456
45	maps/mazes/maze_042.map	512	512	452	77	396	139	183.456
45	maps/mazes/maze_042.map	512	512	481	257	448	277	183.042
45	maps/mazes/maze_042.map	512	512	481	24	420	38	182.698
45	maps/mazes/maze_042.map	512	512	267	169	304	141	183.284
45	maps/mazes/maze_042.map	512	512	475	144	504	230	183.87
44	maps/mazes/maze_042.map	512	512	109	265	134	212	179.799
44	maps/mazes/maze_042.map	512	512	168	111	193	57	179.87
44	maps/mazes/maze_042.map	512	512	216	345	196	331	179.113
44	maps/mazes/maze_042.map	512	512	288	108	220	50	179.113
44	maps/mazes/maze_042.map	512	512	476	476	430	440	179.355
44	maps/mazes/maze_042.map	512	512	273	120	281	144	179.213
44	maps/mazes/maze_042.map	512	512	302	348	281	296	179.042
44	maps/mazes/maze_042.map	512	512	458	325	508	309	179.941
44	maps/mazes/maze_042.map	512	512	456	452	418	428	179.698
44	maps/mazes/maze_042.map	512	512	11	421	28	473	179.87
43	maps/mazes/maze_042.map	512	512	71	345	100	290	175.456
43	maps/mazes/maze_042.map	512	512	271	20	289	19	175.87
43	maps/mazes/maze_042.map	512	512	245	333	189	346	175.87
43	maps/mazes/maze_042.map	512	512	164	448	193	430	175.627
43	maps/mazes/maze_042.map	512	512	126	385	111	365	175.627
43	maps/mazes/maze_042.map	512	512	119	173	26	168	175.456
43	maps/mazes/maze_042.map	512	512	127	392	104	340	175.87
43	maps/mazes/maze_042.map	512	512	430	477	396	497	175.456
43	maps/mazes/maze_042.map	512	512	436	197	466	189	175.698
43	maps/mazes/maze_042.map	512	512	373	432	313	440	175.456
42	maps/mazes/maze_042.map	512	512	281	451	361	405	171.456
42	maps/mazes/maze_042.map	512	512	393	103	368	60	171.556
42	maps/mazes/maze_042.map	512	512	280	372	301	395	171.698
42	maps/mazes/maze_042.map	512	512	33	298	85	285	171.042
42	maps/mazes/maze_042.map	512	512	305	181	344	177	171.87
42	maps/mazes/maze_042.map	512	512	394	381	425	384	171.698
42	maps/mazes/maze_042.map	512	512	336	197	284	125	171.456
42	maps/mazes/maze_042.map	512	512	267	109	220	52	171.113
42	maps/mazes/maze_042.map	512	512	68	450	144	422	171.213
42	maps/mazes/maze_042.map	512	512	165	14	210	1	171.556
41	maps/mazes/maze_042.map	512	512	181	129	156	180	167.213
41	maps/mazes/maze_042.map	512	512	237	465	236	380	167.213
41	maps/mazes/maze_042.map	512	512	72	476	56	378	167.213
41	maps/mazes/maze_042.map	512	512	342	237	400	200	167.284
41	maps/mazes/maze_042.map	512	512	182	509	238	460	167.87
41	maps/mazes/maze_042.map	512	512	300	328	296	298	167.213
41	maps/mazes/maze_042.map	512	512	13	202	60	260	166.698
41	maps/mazes/maze_042.map	512	512	141	228	89	237	167.385
41	maps/mazes/maze_042.map	512	512	336	352	343	348	167.284
41	maps/mazes/maze_042.map	512	512	493	378	508	354	167.385
40	maps/mazes/maze_042.map	512	512	9	225	34	236	163.113
40	maps/mazes/maze_042.map	512	512	438	40	461	29	162.627
40	maps/mazes/maze_042.map	512	512	460	142	507	205	163.698
40	maps/mazes/maze_042.map	512	512	432	445	451	388	163.213
40	maps/mazes/maze_042.map	512	512	473	199	414	172	163.456
40	maps/mazes/maze_042.map	512	512	373	408	289	462	163.456
40	maps/mazes/maze_042.map	512	512	184	140	157	193	163.799
40	maps/mazes/maze_042.map	512	512	189	341	125	298	163.971
40	maps/mazes/maze_042.map	512	512	184	285	134	240	163.627
40	maps/mazes/maze_042.map	512	512	448	268	461	195	163.213
39	maps/mazes/maze_042.map	512	512	133	229	104	237	159.385
39	maps/mazes/maze_042.map	512	512	51	224	35	249	159.284
39	maps/mazes/maze_042.map	512	512	256	8	205	32	159.971
39	maps/mazes/maze_042.map	512	512	275	497	329	466	159.042
39	maps/mazes/maze_042.map	512	512	494	468	452	448	159.456
39	maps/mazes/maze_042.map	512	512	402	385	411	388	158.87
39	maps/mazes/maze_042.map	512	512	98	105	29	138	159.113
39	maps/mazes/maze_042.map	512	512	278	96	218	65	159.87
39	maps/mazes/maze_042.map	512	512	385	68	436	94	159.284
39	maps/mazes/maze_042.map	512	512	393	332	376	274	159.385
38	maps/mazes/maze_042.map	512	512	24	494	48	429	155.627
38	maps/mazes/maze_042.map	512	512	258	88	249	62	155.527
38	maps/mazes/maze_042.map	512	512	341	82	360	34	155.627
38	maps/mazes/maze_042.map	512	512	137	229	97	236	155.971
38	maps/mazes/maze_042.map	512	512	397	500	335	473	155.728
38	maps/mazes/maze_042.map	512	512	85	143	81	174	155.627
38	maps/mazes/maze_042.map	512	512	180	74	191	120	155.627
38	maps/mazes/maze_042.map	512	512	4	141	21	208	155.456
38	maps/mazes/maze_042.map	512	512	44	309	95	288	155.799
38	maps/mazes/maze_042.map	512	512	96	446	163	420	154.799
37	maps/mazes/maze_042.map	512	512	152	494	147	464	151.627
37	maps/mazes/maze_042.map	512	512	305	451	384	408	151.213
37	maps/mazes/maze_042.map	512	512	353	238	393	217	151.627
37	maps/mazes/maze_042.map	512	512	149	339	119	320	151.042
37	maps/mazes/maze_042.map	512	512	65	69	37	1	151.556
37	maps/mazes/maze_042.map	512	512	152	66	209	110	151.627
37	maps/mazes/maze_042.map	512	512	325	392	313	340	151.213
37	maps/mazes/maze_042.map	512	512	154	177	177	133	151.971
37	maps/mazes/maze_042.map	512	512	196	76	172	100	151.456
36	maps/mazes/maze_042.map	512	512	293	334	277	293	147.385
36	maps/mazes/maze_042.map	512	512	189	396	139	332	147.314
36	maps/mazes/maze_042.map	512	512	256	285	281	262	147.556
36	maps/mazes/maze_042.map	512	512	26	336	61	416	147.627
36	maps/mazes/maze_042.map	512	512	390	44	442	9	147.042
36	maps/mazes/maze_042.map	512	512	377	44	307	21	147.142
36	maps/mazes/maze_042.map	512	512	332	401	288	481	147.556
36	maps/mazes/maze_042.map	512	512	192	303	217	252	147.799
36	maps/mazes/maze_042.map	512	512	486	117	419	109	147.627
36	maps/mazes/maze_042.map	512	512	112	380	152	386	147.799
35	maps/mazes/maze_042.map	512	512	388	340	416	374	143.698
35	maps/mazes/maze_042.map	512	512	417	108	390	173	143.213
35	maps/mazes/maze_042.map	512	512	184	504	229	456	143.627
35	maps/mazes/maze_042.map	512	512	189	53	169	103	143.456
35	maps/mazes/maze_042.map	512	512	52	468	48	388	143.556
35	maps/mazes/maze_042.map	512	512	345	67	333	33	142.728
35	maps/mazes/maze_042.map	512	512	93	197	60	196	143.556
35	maps/mazes/maze_042.map	512	512	480	259	458	312	143.385
35	maps/mazes/maze_042.map	512	512	126	425	145	443	143.971
35	maps/mazes/maze_042.map	512	512	33	401	17	338	143.627
34	maps/mazes/maze_042.map	512	512	244	218	301	176	139.385
34	maps/mazes/maze_042.map	512	512	366	452	387	441	139.213
34	maps/mazes/maze_042.map	512	512	263	476	272	463	139.799
34	maps/mazes/maze_042.map	512	512	70	453	133	425	139.971
34	maps/mazes/maze_042.map	512	512	460	276	449	224	139.971
34	maps/mazes/maze_042.map	512	512	40	32	77	42	139.385
34	maps/mazes/maze_042.map	512	512	97	261	104	227	139.728
34	maps/mazes/maze_042.map	512	512	205	4	248	23	139.556
34	maps/mazes/maze_042.map	512	512	364	132	389	151	139.213
34	maps/mazes/maze_042.map	512	512	307	425	308	372	139.799
33	maps/mazes/maze_042.map	512	512	503	189	476	150	135.314
33	maps/mazes/maze_042.map	512	512	234	381	266	329	135.213
33	maps/mazes/maze_042.map	512	512	172	448	216	426	135.556
33	maps/mazes/maze_042.map	512	512	360	361	319	336	135.556
33	maps/mazes/maze_042.map	512	512	397	215	430	169	135.87
33	maps/mazes/maze_042.map	512	512	160	322	186	280	135.556
33	maps/mazes/maze_042.map	512	512	227	188	273	143	135.042
33	maps/mazes/maze_042.map	512	512	360	33	300	13	135.556
33	maps/mazes/maze_042.map	512	512	181	509	220	449	135.627
32	maps/mazes/maze_042.map	512	512	340	237	404	234	131.627
32	maps/mazes/maze_042.map	512	512	417	299	401	269	131.799
32	maps/mazes/maze_042.map	512	512	384	383	416	369	131.799
32	maps/mazes/maze_042.map	512	512	1	413	9	460	131.728
32	maps/mazes/maze_042.map	512	512	64	305	89	295	131.728
32	maps/mazes/maze_042.map	512	512	306	448	379	408	131.385
32	maps/mazes/maze_042.map	512	512	468	124	428	137	131.385
32	maps/mazes/maze_042.map	512	512	9	204	31	252	131.456
32	maps/mazes/maze_042.map	512	512	210	5	248	25	131.556
32	maps/mazes/maze_042.map	512	512	504	126	477	81	130.971
31	maps/mazes/maze_042.map	512	512	156	504	176	461	127.385
31	maps/mazes/maze_042.map	512	512	310	109	320	155	127.213
31	maps/mazes/maze_042.map	512	512	37	268	72	296	127.142
31	maps/mazes/maze_042.map	512	512	383	68	441	81	127.627
31	maps/mazes/maze_042.map	512	512	140	453	204	444	127.385
31	maps/mazes/maze_042.map	512	512	201	280	200	256	127.385
31	maps/mazes/maze_042.map	512	512	272	344	286	289	127.971
31	maps/mazes/maze_042.map	512	512	226	452	193	430	127.971
31	maps/mazes/maze_042.map	512	512	381	119	352	79	127.728
31	maps/mazes/maze_042.map	512	512	423	93	396	146	127.556
30	maps/mazes/maze_042.map	512	512	207	389	232	402	123.799
30	maps/mazes/maze_042.map	512	512	309	134	251	117	123.385
30	maps/mazes/maze_042.map	512	512	336	160	346	200	122.627
30	maps/mazes/maze_042.map	512	512	387	0	337	21	123.627
30	maps/mazes/maze_042.map	512	512	499	480	463	440	123.899
30	maps/mazes/maze_042.map	512	512	12	25	39	25	123.385
30	maps/mazes/maze_042.map	512	512	437	472	405	503	123.385
30	maps/mazes/maze_042.map	512	512	504	277	485	213	122.799
30	maps/mazes/maze_042.map	512	512	251	436	235	380	123.556
29	maps/mazes/maze_042.map	512	512	112	21	121	44	119.314
29	maps/mazes/maze_042.map	512	512	422	416	468	379	119.142
29	maps/mazes/maze_042.map	512	512	164	48	194	57	119.728
29	maps/mazes/maze_042.map	512	512	175	372	189	393	119.042
29	maps/mazes/maze_042.map	512	512	105	468	58	425	119.314
29	maps/mazes/maze_042.map	512	512	238	344	210	321	119.385
29	maps/mazes/maze_042.map	512	512	40	407	32	332	119.971
29	maps/mazes/maze_042.map	512	512	95	84	94	48	119.385
29	maps/mazes/maze_042.map	512	512	23	228	23	196	119.799
29	maps/mazes/maze_042.map	512	512	352	371	308	342	119.728
28	maps/mazes/maze_042.map	512	512	195	413	177	402	115.728
28	maps/mazes/maze_042.map	512	512	416	357	392	337	115.799
28	maps/mazes/maze_042.map	512	512	261	304	286	272	115.728
28	maps/mazes/maze_042.map	512	512	360	64	344	33	115.728
28	maps/mazes/maze_042.map	512	512	4	38	52	17	115.971
28	maps/mazes/maze_042.map	512	512	509	420	478	445	115.556
28	maps/mazes/maze_042.map	512	512	69	369	23	344	115.142
28	maps/mazes/maze_042.map	512	512	255	364	256	398	115.385
28	maps/mazes/maze_042.map	512	512	264	65	217	45	115.971
28	maps/mazes/maze_042.map	512	512	299	408	283	428	114.728
27	maps/mazes/maze_042.map	512	512	320	206	301	174	111.728
27	maps/mazes/maze_042.map	512	512	261	74	217	58	111.213
27	maps/mazes/maze_042.map	512	512	168	465	125	455	111.142
27	maps/mazes/maze_042.map	512	512	324	134	355	157	111.799
27	maps/mazes/maze_042.map	512	512	329	405	345	424	111.142
27	maps/mazes/maze_042.map	512	512	188	412	169	404	111.728
27	maps/mazes/maze_042.map	512	512	175	337	156	289	111.728
27	maps/mazes/maze_042.map	512	512	41	237	30	209	111.142
27	maps/mazes/maze_042.map	512	512	302	68	301	26	111.728
27	maps/mazes/maze_042.map	512	512	77	204	68	199	111.556
26	maps/mazes/maze_042.map	512	512	151	293	196	280	107.556
26	maps/mazes/maze_042.map	512	512	325	169	379	168	107.971
26	maps/mazes/maze_042.map	512	512	175	441	191	388	107.142
26	maps/mazes/maze_042.map	512	512	13	59	38	24	107.799
26	maps/mazes/maze_042.map	512	512	198	249	170	237	107.799
26	maps/mazes/maze_042.map	512	512	217	20	209	4	107.899
26	maps/mazes/maze_042.map	512	512	72	199	117	205	107.142
26	maps/mazes/maze_042.map	512	512	121	49	69	8	107.728
26	maps/mazes/maze_042.map	512	512	320	256	330	252	107.899
26	maps/mazes/maze_042.map	512	512	456	336	430	264	107.314
25	maps/mazes/maze_042.map	512	512	170	181	164	216	103.728
25	maps/mazes/maze_042.map	512	512	13	461	39	480	103.971
25	maps/mazes/maze_042.map	512	512	434	497	404	490	103.142
25	maps/mazes/maze_042.map	512	512	205	140	152	119	103.071
25	maps/mazes/maze_042.map	512	512	412	490	380	498	103.899
25	maps/mazes/maze_042.map	512	512	426	164	409	196	103.385
25	maps/mazes/maze_042.map	512	512	82	460	61	409	103.314
25	maps/mazes/maze_042.map	512	512	392	425	440	405	103.213
25	maps/mazes/maze_042.map	512	512	113	360	87	356	103.314
24	maps/mazes/maze_042.map	512	512	61	388	32	332	99.3848
24	maps/mazes/maze_042.map	512	512	100	444	132	424	99.8995
24	maps/mazes/maze_042.map	512	512	12	45	40	16	99.3848
24	maps/mazes/maze_042.map	512	512	194	505	212	460	99.1421
24	maps/mazes/maze_042.map	512	512	81	286	64	272	99.7279
24	maps/mazes/maze_042.map	512	512	273	281	281	256	99.4853
24	maps/mazes/maze_042.map	512	512	26	404	17	344	99.9706
24	maps/mazes/maze_042.map	512	512	504	351	472	371	99.5563
24	maps/mazes/maze_042.map	512	512	170	473	128	477	98.7279
23	maps/mazes/maze_042.map	512	512	260	29	303	17	95.7279
23	maps/mazes/maze_042.map	512	512	292	395	278	420	95.9706
23	maps/mazes/maze_042.map	512	512	379	448	408	464	95.1421
23	maps/mazes/maze_042.map	512	512	256	284	292	269	95.1421
23	maps/mazes/maze_042.map	512	512	221	385	206	381	95.3848
23	maps/mazes/maze_042.map	512	512	377	276	416	288	95.7279
23	maps/mazes/maze_042.map	512	512	300	174	293	128	94.799
23	maps/mazes/maze_042.map	512	512	387	333	377	309	95.8995
23	maps/mazes/maze_042.map	512	512	224	51	233	74	95.3137
23	maps/mazes/maze_042.map	512	512	304	240	273	229	95.8995
22	maps/mazes/maze_042.map	512	512	506	476	472	439	91.4853
22	maps/mazes/maze_042.map	512	512	316	297	305	264	91.8995
22	maps/mazes/maze_042.map	512	512	197	129	177	161	91.3137
22	maps/mazes/maze_042.map	512	512	93	201	65	207	91.8995
22	maps/mazes/maze_042.map	512	512	89	33	105	31	91.5563
22	maps/mazes/maze_042.map	512	512	269	309	300	302	91.5563
22	maps/mazes/maze_042.map	512	512	12	268	17	230	91.1421
22	maps/mazes/maze_042.map	512	512	73	75	52	27	91.4853
22	maps/mazes/maze_042.map	512	512	268	244	228	231	91.7279
21	maps/mazes/maze_042.map	512	512	428	91	416	122	87.4853
21	maps/mazes/maze_042.map	512	512	474	48	468	59	87.7279
21	maps/mazes/maze_042.map	512	512	237	354	236	328	87.3848
21	maps/mazes/maze_042.map	512	512	40	12	76	31	87.4853
21	maps/mazes/maze_042.map	512	512	60	333	88	310	87.1421
21	maps/mazes/maze_042.map	512	512	1	48	41	30	87.5563
21	maps/mazes/maze_042.map	512	512	56	110	41	104	87.7279
21	maps/mazes/maze_042.map	512	512	137	80	119	68	87.8995
21	maps/mazes/maze_042.map	512	512	457	261	442	217	87.1421
21	maps/mazes/maze_042.map	512	512	60	89	44	109	87.5563
20	maps/mazes/maze_042.map	512	512	217	181	191	200	83.7279
20	maps/mazes/maze_042.map	512	512	205	117	150	113	82.6569
20	maps/mazes/maze_042.map	512	512	449	188	413	158	83.8995
20	maps/mazes/maze_042.map	512	512	149	176	117	209	83.7279
20	maps/mazes/maze_042.map	512	512	332	80	375	53	83.8995
20	maps/mazes/maze_042.map	512	512	413	113	395	145	83.3137
20	maps/mazes/maze_042.map	512	512	94	29	121	9	83.1421
20	maps/mazes/maze_042.map	512	512	260	31	303	21	83.7279
20	maps/mazes/maze_042.map	512	512	288	389	280	420	83.3848
20	maps/mazes/maze_042.map	512	512	270	52	219	33	83.8995
19	maps/mazes/maze_042.map	512	512	381	108	349	93	78.8995
19	maps/mazes/maze_042.map	512	512	146	276	119	240	79.1421
19	maps/mazes/maze_042.map	512	512	389	115	394	141	79.3848
19	maps/mazes/maze_042.map	512	512	45	119	54	97	79.4853
19	maps/mazes/maze_042.map	512	512	336	56	380	45	79.4853
19	maps/mazes/maze_042.map	512	512	341	332	304	347	79.3137
19	maps/mazes/maze_042.map	512	512	262	333	249	305	79.7279
19	maps/mazes/maze_042.map	512	512	427	220	456	207	78.7279
19	maps/mazes/maze_042.map	512	512	498	325	504	291	79.8995
19	maps/mazes/maze_042.map	512	512	137	277	123	317	79.8995
18	maps/mazes/maze_042.map	512	512	96	308	81	293	75.3137
18	maps/mazes/maze_042.map	512	512	328	69	373	53	75.4853
18	maps/mazes/maze_042.map	512	512	248	45	208	33	75.0711
18	maps/mazes/maze_042.map	512	512	286	212	299	216	75.7279
18	maps/mazes/maze_042.map	512	512	196	147	189	142	75.8995
18	maps/mazes/maze_042.map	512	512	337	137	372	120	75.8995
18	maps/mazes/maze_042.map	512	512	16	368	17	337	75.0711
18	maps/mazes/maze_042.map	512	512	418	477	419	440	75.5563
18	maps/mazes/maze_042.map	512	512	475	260	476	289	75.8995
18	maps/mazes/maze_042.map	512	512	97	352	80	330	75.2426
17	maps/mazes/maze_042.map	512	512	416	296	441	317	68.4853
17	maps/mazes/maze_042.map	512	512	446	45	452	6	71.4853
17	maps/mazes/maze_042.map	512	512	249	113	268	91	71.7279
17	maps/mazes/maze_042.map	512	512	272	132	260	178	71.5563
17	maps/mazes/maze_042.map	512	512	261	154	216	142	71.9706
17	maps/mazes/maze_042.map	512	512	412	337	387	337	71.7279
17	maps/mazes/maze_042.map	512	512	355	292	350	297	71.8995
17	maps/mazes/maze_042.map	512	512	417	290	412	253	71.8995
17	maps/mazes/maze_042.map	512	512	476	0	462	25	71.1421
16	maps/mazes/maze_042.map	512	512	108	265	99	237	67.8284
16	maps/mazes/maze_042.map	512	512	508	258	487	213	67.3137
16	maps/mazes/maze_042.map	512	512	16	406	4	436	67.6569
16	maps/mazes/maze_042.map	512	512	294	308	276	322	67.8995
16	maps/mazes/maze_042.map	512	512	297	88	253	69	67.4853
16	maps/mazes/maze_042.map	512	512	66	461	60	429	67.0711
16	maps/mazes/maze_042.map	512	512	232	377	256	354	67.7279
16	maps/mazes/maze_042.map	512	512	66	104	53	114	67.4853
16	maps/mazes/maze_042.map	512	512	83	368	77	368	67.0711
16	maps/mazes/maze_042.map	512	512	45	182	29	140	67.3137
15	maps/mazes/maze_042.map	512	512	400	148	444	147	63.4853
15	maps/mazes/maze_042.map	512	512	496	400	507	380	63.7279
15	maps/mazes/maze_042.map	512	512	140	291	182	277	63.8995
15	maps/mazes/maze_042.map	512	512	426	385	439	389	63.2426
15	maps/mazes/maze_042.map	512	512	488	10	451	17	63.3137
15	maps/mazes/maze_042.map	512	512	301	64	301	28	63.6569
15	maps/mazes/maze_042.map	512	512	272	25	300	29	63.6569
15	maps/mazes/maze_042.map	512	512	101	170	119	173	63.4853
15	maps/mazes/maze_042.map	512	512	467	440	436	431	63.6569
15	maps/mazes/maze_042.map	512	512	213	296	209	261	63.4853
14	maps/mazes/maze_042.map	512	512	472	27	450	24	59.4853
14	maps/mazes/maze_042.map	512	512	352	460	396	461	58.8995
14	maps/mazes/maze_042.map	512	512	473	493	473	488	59.7279
14	maps/mazes/maze_042.map	512	512	375	320	373	278	59.0711
14	maps/mazes/maze_042.map	512	512	352	272	367	293	59.3137
14	maps/mazes/maze_042.map	512	512	73	341	61	310	59.1421
14	maps/mazes/maze_042.map	512	512	13	332	16	312	58.6569
14	maps/mazes/maze_042.map	512	512	245	399	236	378	59.0711
14	maps/mazes/maze_042.map	512	512	281	414	268	414	59.2426
14	maps/mazes/maze_042.map	512	512	121	184	77	181	59.2426
13	maps/mazes/maze_042.map	512	512	32	152	54	161	55.4853
13	maps/mazes/maze_042.map	512	512	457	192	440	163	55.0711
13	maps/mazes/maze_042.map	512	512	161	62	162	73	55.0711
13	maps/mazes/maze_042.map	512	512	397	100	408	81	55.8995
13	maps/mazes/maze_042.map	512	512	143	333	141	313	55.6569
13	maps/mazes/maze_042.map	512	512	152	12	153	51	55.8995
13	maps/mazes/maze_042.map	512	512	82	133	56	125	55.0711
13	maps/mazes/maze_042.map	512	512	65	257	31	257	55.8995
13	maps/mazes/maze_042.map	512	512	88	16	97	25	55.8995
13	maps/mazes/maze_042.map	512	512	481	468	465	460	55.8995
12	maps/mazes/maze_042.map	512	512	149	60	162	73	51.6569
12	maps/mazes/maze_042.map	512	512	362	200	378	200	51.6569
12	maps/mazes/maze_042.map	512	512	9	20	28	42	51.8284
12	maps/mazes/maze_042.map	512	512	106	505	117	493	51.8284
12	maps/mazes/maze_042.map	512	512	281	364	260	338	51.4853
12	maps/mazes/maze_042.map	512	512	364	350	360	372	51.6569
12	maps/mazes/maze_042.map	512	512	329	428	354	412	51.4853
12	maps/mazes/maze_042.map	512	512	280	184	277	192	51.4853
12	maps/mazes/maze_042.map	512	512	437	397	452	384	51.8995
11	maps/mazes/maze_042.map	512	512	281	485	298	473	47.4853
11	maps/mazes/maze_042.map	512	512	456	172	457	151	47.0711
11	maps/mazes/maze_042.map	512	512	157	72	170	105	47.8995
11	maps/mazes/maze_042.map	512	512	84	461	60	457	46.8284
11	maps/mazes/maze_042.map	512	512	477	424	494	436	47.2426
11	maps/mazes/maze_042.map	512	512	313	397	334	381	47.4853
11	maps/mazes/maze_042.map	512	512	293	256	281	244	47.8995
11	maps/mazes/maze_042.map	512	512	141	171	119	153	47.8995
11	maps/mazes/maze_042.map	512	512	335	340	306	353	47.6569
11	maps/mazes/maze_042.map	512	512	131	36	116	44	47.2426
10	maps/mazes/maze_042.map	512	512	116	116	105	108	43.8284
10	maps/mazes/maze_042.map	512	512	404	1	408	11	43.4142
10	maps/mazes/maze_042.map	512	512	289	407	300	393	43.4853
10	maps/mazes/maze_042.map	512	512	206	501	199	472	43.8995
10	maps/mazes/maze_042.map	512	512	464	412	456	390	43.4142
10	maps/mazes/maze_042.map	512	512	77	368	56	365	43.6569
10	maps/mazes/maze_042.map	512	512	445	98	464	106	42.6569
10	maps/mazes/maze_042.map	512	512	357	375	351	344	43.2426
10	maps/mazes/maze_042.map	512	512	245	337	220	328	43.8995
10	maps/mazes/maze_042.map	512	512	141	503	112	500	43.6569
9	maps/mazes/maze_042.map	512	512	449	292	444	268	39.8284
9	maps/mazes/maze_042.map	512	512	82	124	90	121	39.2426
9	maps/mazes/maze_042.map	512	512	364	337	377	313	39.4853
9	maps/mazes/maze_042.map	512	512	52	497	52	469	39.6569
9	maps/mazes/maze_042.map	512	512	320	488	329	508	39.4853
9	maps/mazes/maze_042.map	512	512	61	504	49	482	39.0711
9	maps/mazes/maze_042.map	512	512	272	424	270	409	39.8284
9	maps/mazes/maze_042.map	512	512	363	49	336	42	39.0711
9	maps/mazes/maze_042.map	512	512	492	427	494	440	39.8284
9	maps/mazes/maze_042.map	512	512	441	401	449	387	39.6569
8	maps/mazes/maze_042.map	512	512	273	430	292	431	34.8284
8	maps/mazes/maze_042.map	512	512	325	205	334	189	35.2426
8	maps/mazes/maze_042.map	512	512	225	289	217	295	35.0711
8	maps/mazes/maze_042.map	512	512	43	192	23	204	35.6569
8	maps/mazes/maze_042.map	512	512	60	397	76	376	35.2426
8	maps/mazes/maze_042.map	512	512	73	369	58	364	35.4142
8	maps/mazes/maze_042.map	512	512	36	63	25	75	35.2426
8	maps/mazes/maze_042.map	512	512	408	217	436	227	35.6569
8	maps/mazes/maze_042.map	512	512	385	278	389	298	35.6569
8	maps/mazes/maze_042.map	512	512	468	58	497	57	35.0711
7	maps/mazes/maze_042.map	512	512	61	228	46	241	31.6569
7	maps/mazes/maze_042.map	512	512	181	350	161	344	31.4142
7	maps/mazes/maze_042.map	512	512	496	47	468	45	31.4142
7	maps/mazes/maze_042.map	512	512	69	462	60	457	30.8284
7	maps/mazes/maze_042.map	512	512	96	444	98	441	31.8284
7	maps/mazes/maze_042.map	512	512	457	293	458	273	31.4853
7	maps/mazes/maze_042.map	512	512	355	101	372	117	31.8284
7	maps/mazes/maze_042.map	512	512	281	383	259	373	31.4142
7	maps/mazes/maze_042.map	512	512	478	60	486	76	31.0711
7	maps/mazes/maze_042.map	512	512	279	509	298	500	31.0711
6	maps/mazes/maze_042.map	512	512	462	248	472	252	27.4142
6	maps/mazes/maze_042.map	512	512	293	127	284	137	27.8284
6	maps/mazes/maze_042.map	512	512	0	352	5	333	27.0711
6	maps/mazes/maze_042.map	512	512	245	204	256	194	27.8284
6	maps/mazes/maze_042.map	512	512	279	40	291	41	27.8284
6	maps/mazes/maze_042.map	512	512	404	376	412	375	27.2426
6	maps/mazes/maze_042.map	512	512	497	316	500	302	27
6	maps/mazes/maze_042.map	512	512	405	410	422	416	27.4853
6	maps/mazes/maze_042.map	512	512	501	107	508	85	27.2426
6	maps/mazes/maze_042.map	512	512	32	330	25	345	27.6569
5	maps/mazes/maze_042.map	512	512	180	205	194	208	23.2426
5	maps/mazes/maze_042.map	512	512	434	404	446	404	23.6569
5	maps/mazes/maze_042.map	512	512	292	104	305	100	23.2426
5	maps/mazes/maze_042.map	512	512	476	189	479	197	23.8284
5	maps/mazes/maze_042.map	512	512	385	341	401	351	23.0711
5	maps/mazes/maze_042.map	512	512	500	113	503	97	23.8284
5	maps/mazes/maze_042.map	512	512	392	46	405	33	23.0711
5	maps/mazes/maze_042.map	512	512	412	393	427	389	23.8284
5	maps/mazes/maze_042.map	512	512	488	77	504	71	23.6569
5	maps/mazes/maze_042.map	512	512	174	8	172	5	23.8284
4	maps/mazes/maze_042.map	512	512	436	352	440	369	19.8284
1	maps/mazes/maze_042.map	512	512	220	389	217	385	6.41421
4	maps/mazes/maze_042.map	512	512	217	91	232	92	19.4142
4	maps/mazes/maze_042.map	512	512	127	13	133	20	19.2426
4	maps/mazes/maze_042.map	512	512	92	141	97	152	19.6569
4	maps/mazes/maze_042.map	512	512	38	241	44	244	19
4	maps/mazes/maze_042.map	512	512	132	460	121	456	19.8284
4	maps/mazes/maze_042.map	512	512	200	145	197	129	19
4	maps/mazes/maze_042.map	512	512	67	413	61	404	19.2426
4	maps/mazes/maze_042.map	512	512	381	220	369	229	19.8284
4	maps/mazes/maze_042.map	512	512	472	15	480	2	19.8284
3	maps/mazes/maze_042.map	512	512	144	325	137	319	15.8284
3	maps/mazes/maze_042.map	512	512	147	68	155	72	15.4142
3	maps/mazes/maze_042.map	512	512	177	464	164	461	15.4142
3	maps/mazes/maze_042.map	512	512	69	297	59	296	15.2426
3	maps/mazes/maze_042.map	512	512	247	268	260	264	15.8284
3	maps/mazes/maze_042.map	512	512	38	348	29	348	15.8284
3	maps/mazes/maze_042.map	512	512	416	298	417	304	15
3	maps/mazes/maze_042.map	512	512	270	437	280	430	15.2426
3	maps/mazes/maze_042.map	512	512	460	128	464	125	15
2	maps/mazes/maze_042.map	512	512	389	147	383	140	11.8284
2	maps/mazes/maze_042.map	512	512	492	416	481	416	11
2	maps/mazes/maze_042.map	512	512	5	507	15	508	11
2	maps/mazes/maze_042.map	512	512	501	149	497	147	11.4142
2	maps/mazes/maze_042.map	512	512	125	389	131	396	11.8284
2	maps/mazes/maze_042.map	512	512	117	142	106	141	11.4142
2	maps/mazes/maze_042.map	512	512	22	197	23	205	11.8284
2	maps/mazes/maze_042.map	512	512	438	469	437	458	11.4142
2	maps/mazes/maze_042.map	512	512	401	166	408	170	11.8284
2	maps/mazes/maze_042.map	512	512	213	414	221	409	11.8284
1	maps/mazes/maze_042.map	512	512	101	385	101	378	7
1	maps/mazes/maze_042.map	512	512	69	93	72	88	7.41421
1	maps/mazes/maze_042.map	512	512	170	320	177	322	7.82843
1	maps/mazes/maze_042.map	512	512	48	151	53	151	7.82843
1	maps/mazes/maze_042.map	512	512	0	196	1	189	7.41421
1	maps/mazes/maze_042.map	512	512	85	316	88	312	7
1	maps/mazes/maze_042.map	512	512	10	141	3	141	7
1	maps/mazes/maze_042.map	512	512	35	441	33	444	7
1	maps/mazes/maze_042.map	512	512	429	273	429	266	7
0	maps/mazes/maze_042.map	512	512	437	35	437	32	3
0	maps/mazes/maze_042.map	512	512	256	453	253	452	3.41421
0	maps/mazes/maze_042.map	512	512	11	48	9	47	3
0	maps/mazes/maze_042.map	512	512	16	137	19	137	3
0	maps/mazes/maze_042.map	512	512	77	407	77	404	3
0	maps/mazes/maze_042.map	512	512	509	431	507	429	3.41421
0	maps/mazes/maze_042.map	512	512	229	259	226	261	3.82843
0	maps/mazes/maze_042.map	512	512	68	484	71	484	3
0	maps/mazes/maze_042.map	512	512	445	16	442	17	3.41421
0	maps/mazes/maze_042.map	512	512	130	236	129	239	3.41421
