version 1
127	maps/mazes/maze_051.map	512	512	11	104	141	240	510.61
127	maps/mazes/maze_051.map	512	512	412	419	282	428	511.024
127	maps/mazes/maze_051.map	512	512	181	51	50	4	511.539
127	maps/mazes/maze_051.map	512	512	60	39	39	33	511.368
96	maps/mazes/maze_051.map	512	512	223	437	161	453	384.569
127	maps/mazes/maze_051.map	512	512	469	90	364	56	511.368
127	maps/mazes/maze_051.map	512	512	25	69	60	209	511.368
127	maps/mazes/maze_051.map	512	512	505	438	376	448	511.125
127	maps/mazes/maze_051.map	512	512	273	66	441	109	511.125
127	maps/mazes/maze_051.map	512	512	126	237	168	309	511.64
127	maps/mazes/maze_051.map	512	512	264	483	221	348	511.539
126	maps/mazes/maze_051.map	512	512	164	355	163	269	507.468
126	maps/mazes/maze_051.map	512	512	156	115	23	73	507.711
126	maps/mazes/maze_051.map	512	512	12	447	144	276	507.024
126	maps/mazes/maze_051.map	512	512	198	404	207	508	507.368
126	maps/mazes/maze_051.map	512	512	331	313	279	304	507.711
126	maps/mazes/maze_051.map	512	512	33	292	144	209	507.882
126	maps/mazes/maze_051.map	512	512	186	457	222	404	507.61
126	maps/mazes/maze_051.map	512	512	23	48	57	213	507.368
126	maps/mazes/maze_051.map	512	512	446	285	360	137	507.539
126	maps/mazes/maze_051.map	512	512	178	212	157	298	507.953
125	maps/mazes/maze_051.map	512	512	372	255	372	210	503.368
125	maps/mazes/maze_051.map	512	512	105	230	209	222	503.539
125	maps/mazes/maze_051.map	512	512	159	380	163	452	503.539
125	maps/mazes/maze_051.map	512	512	204	90	251	189	503.196
125	maps/mazes/maze_051.map	512	512	220	34	423	108	503.468
125	maps/mazes/maze_051.map	512	512	168	92	237	194	503.267
125	maps/mazes/maze_051.map	512	512	132	492	41	445	503.882
125	maps/mazes/maze_051.map	512	512	222	104	34	4	503.054
125	maps/mazes/maze_051.map	512	512	232	219	144	241	503.539
125	maps/mazes/maze_051.map	512	512	485	28	358	41	503.882
124	maps/mazes/maze_051.map	512	512	165	506	208	353	499.296
124	maps/mazes/maze_051.map	512	512	175	245	147	257	499.882
124	maps/mazes/maze_051.map	512	512	427	153	264	98	499.64
124	maps/mazes/maze_051.map	512	512	165	440	232	414	499.125
124	maps/mazes/maze_051.map	512	512	110	269	166	293	499.882
124	maps/mazes/maze_051.map	512	512	60	309	1	168	499.539
124	maps/mazes/maze_051.map	512	512	298	424	176	316	499.054
124	maps/mazes/maze_051.map	512	512	387	197	482	252	499.439
124	maps/mazes/maze_051.map	512	512	337	328	280	293	499.882
124	maps/mazes/maze_051.map	512	512	401	400	266	432	499.953
6	maps/mazes/maze_051.map	512	512	277	353	260	364	26.2426
123	maps/mazes/maze_051.map	512	512	244	244	354	280	495.054
123	maps/mazes/maze_051.map	512	512	76	190	9	97	495.882
123	maps/mazes/maze_051.map	512	512	32	252	144	201	495.468
123	maps/mazes/maze_051.map	512	512	39	348	1	429	495.811
123	maps/mazes/maze_051.map	512	512	408	433	280	434	495.024
123	maps/mazes/maze_051.map	512	512	236	92	193	209	495.196
123	maps/mazes/maze_051.map	512	512	201	285	71	224	495.024
123	maps/mazes/maze_051.map	512	512	171	464	217	393	495.368
123	maps/mazes/maze_051.map	512	512	430	177	489	244	495.196
123	maps/mazes/maze_051.map	512	512	433	356	348	381	495.296
122	maps/mazes/maze_051.map	512	512	80	237	170	309	491.054
122	maps/mazes/maze_051.map	512	512	503	5	403	40	491.125
122	maps/mazes/maze_051.map	512	512	352	52	127	1	491.296
122	maps/mazes/maze_051.map	512	512	437	215	424	266	491.882
122	maps/mazes/maze_051.map	512	512	154	189	185	326	491.054
122	maps/mazes/maze_051.map	512	512	482	436	337	468	491.711
122	maps/mazes/maze_051.map	512	512	407	393	280	425	491.953
122	maps/mazes/maze_051.map	512	512	5	273	13	143	490.711
122	maps/mazes/maze_051.map	512	512	329	16	152	36	491.368
122	maps/mazes/maze_051.map	512	512	125	417	213	473	491.296
121	maps/mazes/maze_051.map	512	512	273	453	184	322	487.539
121	maps/mazes/maze_051.map	512	512	184	109	277	193	487.024
121	maps/mazes/maze_051.map	512	512	385	246	337	142	487.983
121	maps/mazes/maze_051.map	512	512	327	444	253	417	487.125
121	maps/mazes/maze_051.map	512	512	295	285	305	317	487.296
121	maps/mazes/maze_051.map	512	512	168	404	215	472	487.125
78	maps/mazes/maze_051.map	512	512	178	49	256	12	315.912
121	maps/mazes/maze_051.map	512	512	202	449	224	452	487.468
121	maps/mazes/maze_051.map	512	512	425	236	448	253	487.296
121	maps/mazes/maze_051.map	512	512	468	45	462	125	487.782
121	maps/mazes/maze_051.map	512	512	133	213	219	337	487.054
120	maps/mazes/maze_051.map	512	512	425	350	345	428	483.296
120	maps/mazes/maze_051.map	512	512	248	89	214	204	483.953
120	maps/mazes/maze_051.map	512	512	283	232	404	240	483.125
120	maps/mazes/maze_051.map	512	512	69	224	15	40	483.782
120	maps/mazes/maze_051.map	512	512	144	48	48	89	483.468
120	maps/mazes/maze_051.map	512	512	411	137	255	41	483.64
120	maps/mazes/maze_051.map	512	512	268	396	165	273	483.296
120	maps/mazes/maze_051.map	512	512	284	221	412	265	483.196
80	maps/mazes/maze_051.map	512	512	190	301	195	329	323.669
120	maps/mazes/maze_051.map	512	512	10	109	141	225	483.368
120	maps/mazes/maze_051.map	512	512	367	9	461	16	483.811
119	maps/mazes/maze_051.map	512	512	109	95	69	4	479.468
119	maps/mazes/maze_051.map	512	512	79	264	158	293	479.882
119	maps/mazes/maze_051.map	512	512	180	104	273	197	479.439
119	maps/mazes/maze_051.map	512	512	14	249	142	241	479.054
119	maps/mazes/maze_051.map	512	512	322	284	286	344	479.882
119	maps/mazes/maze_051.map	512	512	243	416	165	292	479.64
119	maps/mazes/maze_051.map	512	512	101	203	2	25	479.711
119	maps/mazes/maze_051.map	512	512	41	484	93	304	479.296
119	maps/mazes/maze_051.map	512	512	131	277	101	425	479.196
119	maps/mazes/maze_051.map	512	512	241	83	206	224	479.782
118	maps/mazes/maze_051.map	512	512	162	180	178	316	475.64
118	maps/mazes/maze_051.map	512	512	107	292	169	309	475.711
118	maps/mazes/maze_051.map	512	512	385	299	353	169	475.882
118	maps/mazes/maze_051.map	512	512	468	400	386	436	475.539
118	maps/mazes/maze_051.map	512	512	313	277	322	317	475.368
118	maps/mazes/maze_051.map	512	512	263	57	105	29	475.782
118	maps/mazes/maze_051.map	512	512	281	361	212	273	475.711
118	maps/mazes/maze_051.map	512	512	153	196	93	277	475.953
118	maps/mazes/maze_051.map	512	512	377	122	225	109	475.811
118	maps/mazes/maze_051.map	512	512	468	273	481	96	475.983
117	maps/mazes/maze_051.map	512	512	167	24	118	25	470.711
117	maps/mazes/maze_051.map	512	512	376	272	348	163	471.225
117	maps/mazes/maze_051.map	512	512	402	317	375	436	471.054
117	maps/mazes/maze_051.map	512	512	368	144	242	105	471.225
117	maps/mazes/maze_051.map	512	512	141	266	12	102	471.368
117	maps/mazes/maze_051.map	512	512	384	501	378	472	471.711
117	maps/mazes/maze_051.map	512	512	13	198	124	263	471.054
33	maps/mazes/maze_051.map	512	512	396	339	425	282	133.213
117	maps/mazes/maze_051.map	512	512	452	365	438	373	471.054
117	maps/mazes/maze_051.map	512	512	81	397	136	191	471.125
117	maps/mazes/maze_051.map	512	512	440	129	263	57	471.225
116	maps/mazes/maze_051.map	512	512	276	508	239	405	467.782
116	maps/mazes/maze_051.map	512	512	112	268	141	276	467.225
116	maps/mazes/maze_051.map	512	512	63	449	125	268	467.953
116	maps/mazes/maze_051.map	512	512	247	128	188	193	467.782
116	maps/mazes/maze_051.map	512	512	27	289	124	208	467.983
116	maps/mazes/maze_051.map	512	512	144	393	164	466	467.711
116	maps/mazes/maze_051.map	512	512	377	381	335	412	467.711
116	maps/mazes/maze_051.map	512	512	443	296	384	217	466.711
116	maps/mazes/maze_051.map	512	512	364	285	315	352	467.296
116	maps/mazes/maze_051.map	512	512	260	245	322	284	467.711
115	maps/mazes/maze_051.map	512	512	16	501	69	369	463.468
115	maps/mazes/maze_051.map	512	512	108	49	16	40	463.225
115	maps/mazes/maze_051.map	512	512	163	433	224	450	463.882
115	maps/mazes/maze_051.map	512	512	119	48	7	113	463.811
115	maps/mazes/maze_051.map	512	512	209	39	120	12	463.882
115	maps/mazes/maze_051.map	512	512	474	264	507	89	463.497
115	maps/mazes/maze_051.map	512	512	131	161	4	140	463.296
115	maps/mazes/maze_051.map	512	512	217	230	121	208	463.054
115	maps/mazes/maze_051.map	512	512	485	413	478	268	463.882
115	maps/mazes/maze_051.map	512	512	158	313	120	295	463.296
114	maps/mazes/maze_051.map	512	512	434	1	297	26	459.054
114	maps/mazes/maze_051.map	512	512	260	244	325	292	458.882
114	maps/mazes/maze_051.map	512	512	152	397	164	468	459.711
114	maps/mazes/maze_051.map	512	512	386	401	265	425	459.711
114	maps/mazes/maze_051.map	512	512	40	84	144	51	459.811
114	maps/mazes/maze_051.map	512	512	485	450	365	464	459.054
114	maps/mazes/maze_051.map	512	512	28	72	41	196	459.711
114	maps/mazes/maze_051.map	512	512	276	404	161	320	459.711
114	maps/mazes/maze_051.map	512	512	161	407	222	469	459.125
114	maps/mazes/maze_051.map	512	512	241	314	78	365	459.882
113	maps/mazes/maze_051.map	512	512	120	121	1	20	455.397
113	maps/mazes/maze_051.map	512	512	489	484	433	444	455.882
113	maps/mazes/maze_051.map	512	512	35	92	56	197	455.054
113	maps/mazes/maze_051.map	512	512	372	384	339	408	455.468
113	maps/mazes/maze_051.map	512	512	259	53	116	37	455.125
113	maps/mazes/maze_051.map	512	512	378	188	500	233	455.125
113	maps/mazes/maze_051.map	512	512	156	384	181	433	455.296
113	maps/mazes/maze_051.map	512	512	276	443	248	414	455.811
113	maps/mazes/maze_051.map	512	512	4	465	88	346	455.225
113	maps/mazes/maze_051.map	512	512	239	444	185	322	455.882
112	maps/mazes/maze_051.map	512	512	332	472	244	339	451.468
112	maps/mazes/maze_051.map	512	512	328	112	212	82	451.154
112	maps/mazes/maze_051.map	512	512	37	374	21	437	451.468
16	maps/mazes/maze_051.map	512	512	197	28	222	5	65.0711
112	maps/mazes/maze_051.map	512	512	96	460	218	432	451.882
112	maps/mazes/maze_051.map	512	512	269	207	404	289	451.368
112	maps/mazes/maze_051.map	512	512	181	413	207	508	451.711
112	maps/mazes/maze_051.map	512	512	485	354	473	159	451.811
112	maps/mazes/maze_051.map	512	512	360	386	334	397	451.468
112	maps/mazes/maze_051.map	512	512	357	501	246	412	451.882
112	maps/mazes/maze_051.map	512	512	441	416	315	421	451.225
111	maps/mazes/maze_051.map	512	512	60	500	50	364	447.054
111	maps/mazes/maze_051.map	512	512	28	102	41	185	447.054
111	maps/mazes/maze_051.map	512	512	52	49	1	144	447.154
111	maps/mazes/maze_051.map	512	512	384	255	265	196	447.983
111	maps/mazes/maze_051.map	512	512	396	95	197	44	447.154
111	maps/mazes/maze_051.map	512	512	34	368	3	444	447.225
111	maps/mazes/maze_051.map	512	512	392	250	441	245	447.054
52	maps/mazes/maze_051.map	512	512	9	216	116	231	208.87
111	maps/mazes/maze_051.map	512	512	65	503	45	361	447.64
111	maps/mazes/maze_051.map	512	512	440	112	306	53	447.711
111	maps/mazes/maze_051.map	512	512	41	236	121	169	447.225
110	maps/mazes/maze_051.map	512	512	124	381	130	204	443.953
110	maps/mazes/maze_051.map	512	512	436	9	286	9	443.983
110	maps/mazes/maze_051.map	512	512	61	309	17	205	443.054
110	maps/mazes/maze_051.map	512	512	185	188	41	203	443.468
71	maps/mazes/maze_051.map	512	512	423	181	440	214	287.497
110	maps/mazes/maze_051.map	512	512	212	505	201	353	443.225
110	maps/mazes/maze_051.map	512	512	216	97	108	33	443.983
110	maps/mazes/maze_051.map	512	512	1	344	94	252	443.368
110	maps/mazes/maze_051.map	512	512	333	27	145	36	443.468
110	maps/mazes/maze_051.map	512	512	180	60	84	1	443.468
110	maps/mazes/maze_051.map	512	512	244	137	150	141	443.054
109	maps/mazes/maze_051.map	512	512	200	116	239	197	439.539
109	maps/mazes/maze_051.map	512	512	457	80	401	80	439.054
109	maps/mazes/maze_051.map	512	512	99	8	16	141	438.811
109	maps/mazes/maze_051.map	512	512	281	308	154	260	439.953
109	maps/mazes/maze_051.map	512	512	68	211	25	53	439.468
109	maps/mazes/maze_051.map	512	512	477	324	472	134	439.326
109	maps/mazes/maze_051.map	512	512	48	437	109	278	439.64
109	maps/mazes/maze_051.map	512	512	505	224	503	72	439.012
109	maps/mazes/maze_051.map	512	512	141	339	119	256	438.74
109	maps/mazes/maze_051.map	512	512	82	292	148	242	439.397
108	maps/mazes/maze_051.map	512	512	65	183	4	29	435.225
108	maps/mazes/maze_051.map	512	512	265	378	326	396	435.811
108	maps/mazes/maze_051.map	512	512	161	233	67	224	435.569
108	maps/mazes/maze_051.map	512	512	328	456	226	333	435.225
108	maps/mazes/maze_051.map	512	512	188	292	12	216	435.74
108	maps/mazes/maze_051.map	512	512	11	96	117	42	435.983
108	maps/mazes/maze_051.map	512	512	125	438	217	454	435.64
108	maps/mazes/maze_051.map	512	512	415	5	296	26	435.397
108	maps/mazes/maze_051.map	512	512	90	373	162	320	435.711
108	maps/mazes/maze_051.map	512	512	397	180	496	233	435.882
107	maps/mazes/maze_051.map	512	512	9	496	88	346	431.569
107	maps/mazes/maze_051.map	512	512	447	296	357	175	431.569
107	maps/mazes/maze_051.map	512	512	109	118	6	69	431.154
107	maps/mazes/maze_051.map	512	512	405	24	282	5	431.154
107	maps/mazes/maze_051.map	512	512	215	420	289	423	431.569
107	maps/mazes/maze_051.map	512	512	245	281	145	317	431.882
107	maps/mazes/maze_051.map	512	512	461	196	428	269	431.397
107	maps/mazes/maze_051.map	512	512	421	108	262	57	430.912
107	maps/mazes/maze_051.map	512	512	281	45	121	41	431.054
107	maps/mazes/maze_051.map	512	512	401	214	444	287	431.882
106	maps/mazes/maze_051.map	512	512	485	137	491	53	427.841
106	maps/mazes/maze_051.map	512	512	54	237	12	157	427.397
106	maps/mazes/maze_051.map	512	512	324	489	244	404	427.811
106	maps/mazes/maze_051.map	512	512	481	1	392	23	427.225
106	maps/mazes/maze_051.map	512	512	56	49	3	117	427.083
106	maps/mazes/maze_051.map	512	512	152	426	182	508	427.64
106	maps/mazes/maze_051.map	512	512	22	180	40	4	427.296
106	maps/mazes/maze_051.map	512	512	253	456	181	312	427.64
106	maps/mazes/maze_051.map	512	512	324	224	428	255	426.882
106	maps/mazes/maze_051.map	512	512	105	247	160	293	427.811
105	maps/mazes/maze_051.map	512	512	313	288	277	343	423.225
105	maps/mazes/maze_051.map	512	512	148	226	7	140	423.225
105	maps/mazes/maze_051.map	512	512	373	168	461	197	423.468
105	maps/mazes/maze_051.map	512	512	37	406	168	272	423.811
105	maps/mazes/maze_051.map	512	512	34	392	29	436	423.225
86	maps/mazes/maze_051.map	512	512	41	44	77	110	344.184
105	maps/mazes/maze_051.map	512	512	136	423	212	505	423.054
105	maps/mazes/maze_051.map	512	512	333	85	221	37	423.054
105	maps/mazes/maze_051.map	512	512	240	15	145	36	423.539
105	maps/mazes/maze_051.map	512	512	416	243	320	145	423.882
105	maps/mazes/maze_051.map	512	512	412	273	335	132	423.054
104	maps/mazes/maze_051.map	512	512	228	100	120	26	419.74
104	maps/mazes/maze_051.map	512	512	385	372	334	417	419.983
104	maps/mazes/maze_051.map	512	512	504	242	508	76	419.598
104	maps/mazes/maze_051.map	512	512	321	16	310	53	419.154
104	maps/mazes/maze_051.map	512	512	343	220	395	244	419.054
104	maps/mazes/maze_051.map	512	512	272	509	245	412	419.539
104	maps/mazes/maze_051.map	512	512	500	280	479	268	419.711
62	maps/mazes/maze_051.map	512	512	187	273	109	168	251.426
104	maps/mazes/maze_051.map	512	512	308	384	168	314	419.054
104	maps/mazes/maze_051.map	512	512	295	288	299	340	419.397
104	maps/mazes/maze_051.map	512	512	385	173	469	202	419.468
103	maps/mazes/maze_051.map	512	512	63	200	187	185	415.225
103	maps/mazes/maze_051.map	512	512	59	92	5	70	415.255
103	maps/mazes/maze_051.map	512	512	18	352	68	420	414.811
103	maps/mazes/maze_051.map	512	512	428	281	345	166	415.74
103	maps/mazes/maze_051.map	512	512	207	496	220	486	415.225
103	maps/mazes/maze_051.map	512	512	77	58	9	29	415.326
89	maps/mazes/maze_051.map	512	512	288	429	217	357	359.083
103	maps/mazes/maze_051.map	512	512	473	444	361	460	415.64
103	maps/mazes/maze_051.map	512	512	348	282	337	345	415.882
103	maps/mazes/maze_051.map	512	512	367	241	402	228	415.882
103	maps/mazes/maze_051.map	512	512	114	92	9	25	415.154
102	maps/mazes/maze_051.map	512	512	421	450	324	492	411.125
102	maps/mazes/maze_051.map	512	512	302	189	199	213	411.225
102	maps/mazes/maze_051.map	512	512	193	9	140	27	411.569
102	maps/mazes/maze_051.map	512	512	435	241	435	281	411.397
102	maps/mazes/maze_051.map	512	512	382	168	443	201	411.054
102	maps/mazes/maze_051.map	512	512	128	447	221	469	410.64
102	maps/mazes/maze_051.map	512	512	195	148	39	73	411.912
102	maps/mazes/maze_051.map	512	512	430	85	397	73	411.468
102	maps/mazes/maze_051.map	512	512	58	404	109	261	411.296
102	maps/mazes/maze_051.map	512	512	108	304	114	208	411.64
101	maps/mazes/maze_051.map	512	512	354	429	255	409	407.225
101	maps/mazes/maze_051.map	512	512	504	254	495	89	407.012
101	maps/mazes/maze_051.map	512	512	201	159	83	124	407.811
13	maps/mazes/maze_051.map	512	512	32	8	20	27	52.8995
101	maps/mazes/maze_051.map	512	512	346	309	308	301	407.397
101	maps/mazes/maze_051.map	512	512	71	416	145	263	407.811
101	maps/mazes/maze_051.map	512	512	66	468	57	423	407.983
101	maps/mazes/maze_051.map	512	512	15	64	85	108	407.74
101	maps/mazes/maze_051.map	512	512	240	62	144	49	407.912
101	maps/mazes/maze_051.map	512	512	202	152	81	116	407.225
101	maps/mazes/maze_051.map	512	512	436	238	434	280	407.397
100	maps/mazes/maze_051.map	512	512	357	494	290	432	402.64
100	maps/mazes/maze_051.map	512	512	432	376	376	426	403.497
100	maps/mazes/maze_051.map	512	512	273	308	148	226	403.811
100	maps/mazes/maze_051.map	512	512	89	142	9	130	403.983
100	maps/mazes/maze_051.map	512	512	201	221	83	216	403.225
100	maps/mazes/maze_051.map	512	512	28	325	89	263	403.225
100	maps/mazes/maze_051.map	512	512	337	426	225	390	403.74
100	maps/mazes/maze_051.map	512	512	232	505	240	354	403.225
100	maps/mazes/maze_051.map	512	512	416	376	393	402	403.811
100	maps/mazes/maze_051.map	512	512	398	24	311	1	403.74
99	maps/mazes/maze_051.map	512	512	184	44	119	9	399.983
99	maps/mazes/maze_051.map	512	512	493	376	504	238	399.811
99	maps/mazes/maze_051.map	512	512	347	460	256	421	399.64
99	maps/mazes/maze_051.map	512	512	320	416	340	469	399.225
99	maps/mazes/maze_051.map	512	512	444	161	365	136	399.841
99	maps/mazes/maze_051.map	512	512	268	190	132	164	399.397
99	maps/mazes/maze_051.map	512	512	122	21	273	64	399.882
99	maps/mazes/maze_051.map	512	512	128	217	9	111	399.811
99	maps/mazes/maze_051.map	512	512	96	327	134	325	399.882
99	maps/mazes/maze_051.map	512	512	6	433	90	309	399.397
98	maps/mazes/maze_051.map	512	512	123	424	145	261	395.225
98	maps/mazes/maze_051.map	512	512	380	4	344	1	395.225
98	maps/mazes/maze_051.map	512	512	132	221	73	346	395.054
98	maps/mazes/maze_051.map	512	512	181	264	36	177	395.74
98	maps/mazes/maze_051.map	512	512	98	305	133	194	395.64
98	maps/mazes/maze_051.map	512	512	236	369	197	292	395.983
98	maps/mazes/maze_051.map	512	512	156	272	232	329	394.841
98	maps/mazes/maze_051.map	512	512	95	460	223	457	395.225
98	maps/mazes/maze_051.map	512	512	181	165	97	109	395.154
98	maps/mazes/maze_051.map	512	512	244	324	144	264	395.497
97	maps/mazes/maze_051.map	512	512	402	509	385	444	391.154
97	maps/mazes/maze_051.map	512	512	318	476	238	404	391.983
97	maps/mazes/maze_051.map	512	512	245	61	137	57	390.669
97	maps/mazes/maze_051.map	512	512	400	352	427	413	391.983
97	maps/mazes/maze_051.map	512	512	8	33	45	204	391.397
97	maps/mazes/maze_051.map	512	512	442	428	340	460	391.397
97	maps/mazes/maze_051.map	512	512	360	10	169	63	391.983
97	maps/mazes/maze_051.map	512	512	467	285	368	220	391.74
97	maps/mazes/maze_051.map	512	512	448	434	350	460	391.983
97	maps/mazes/maze_051.map	512	512	240	321	156	264	391.083
96	maps/mazes/maze_051.map	512	512	388	329	398	225	387.154
96	maps/mazes/maze_051.map	512	512	341	68	192	48	386.74
96	maps/mazes/maze_051.map	512	512	118	417	148	259	387.054
96	maps/mazes/maze_051.map	512	512	268	313	137	225	387.811
96	maps/mazes/maze_051.map	512	512	29	384	10	436	386.74
96	maps/mazes/maze_051.map	512	512	387	401	292	426	387.983
96	maps/mazes/maze_051.map	512	512	249	132	178	137	387.397
96	maps/mazes/maze_051.map	512	512	85	405	52	364	387.983
96	maps/mazes/maze_051.map	512	512	32	40	89	193	387.74
95	maps/mazes/maze_051.map	512	512	333	73	197	44	383.912
95	maps/mazes/maze_051.map	512	512	173	10	141	36	383.397
95	maps/mazes/maze_051.map	512	512	253	20	145	29	383.225
95	maps/mazes/maze_051.map	512	512	377	427	277	430	383.468
95	maps/mazes/maze_051.map	512	512	25	257	134	193	383.912
95	maps/mazes/maze_051.map	512	512	316	348	276	280	383.74
3	maps/mazes/maze_051.map	512	512	140	69	132	68	14.4142
70	maps/mazes/maze_051.map	512	512	135	249	40	168	281.941
89	maps/mazes/maze_051.map	512	512	101	260	0	139	359.397
5	maps/mazes/maze_051.map	512	512	157	157	141	156	21.2426
95	maps/mazes/maze_051.map	512	512	418	228	453	282	383.569
95	maps/mazes/maze_051.map	512	512	245	190	120	134	383.225
95	maps/mazes/maze_051.map	512	512	419	413	330	424	383.74
95	maps/mazes/maze_051.map	512	512	361	488	299	424	383.397
94	maps/mazes/maze_051.map	512	512	225	8	174	61	379.882
94	maps/mazes/maze_051.map	512	512	365	44	239	44	379.74
94	maps/mazes/maze_051.map	512	512	36	92	7	65	379.497
88	maps/mazes/maze_051.map	512	512	149	76	249	56	353.255
94	maps/mazes/maze_051.map	512	512	153	80	182	57	379.983
94	maps/mazes/maze_051.map	512	512	211	421	279	429	379.841
94	maps/mazes/maze_051.map	512	512	341	344	289	326	379.497
94	maps/mazes/maze_051.map	512	512	105	407	148	246	379.054
94	maps/mazes/maze_051.map	512	512	80	428	49	364	379.811
94	maps/mazes/maze_051.map	512	512	17	43	120	134	379.255
94	maps/mazes/maze_051.map	512	512	449	301	436	227	379.326
93	maps/mazes/maze_051.map	512	512	259	240	310	264	375.083
93	maps/mazes/maze_051.map	512	512	326	232	432	246	375.397
93	maps/mazes/maze_051.map	512	512	60	141	62	197	375.983
93	maps/mazes/maze_051.map	512	512	40	245	1	167	375.326
93	maps/mazes/maze_051.map	512	512	145	445	218	508	375.397
93	maps/mazes/maze_051.map	512	512	433	136	324	116	375.083
93	maps/mazes/maze_051.map	512	512	489	337	501	217	375.397
93	maps/mazes/maze_051.map	512	512	275	36	172	64	375.225
93	maps/mazes/maze_051.map	512	512	124	343	68	369	375.841
93	maps/mazes/maze_051.map	512	512	431	408	328	419	375.74
92	maps/mazes/maze_051.map	512	512	396	456	436	471	371.569
92	maps/mazes/maze_051.map	512	512	333	1	165	53	371.154
92	maps/mazes/maze_051.map	512	512	427	145	335	116	371.083
47	maps/mazes/maze_051.map	512	512	485	499	466	429	191.284
92	maps/mazes/maze_051.map	512	512	204	96	261	127	371.74
92	maps/mazes/maze_051.map	512	512	497	392	464	259	371.255
92	maps/mazes/maze_051.map	512	512	210	312	164	270	371.255
92	maps/mazes/maze_051.map	512	512	501	257	496	102	371.012
92	maps/mazes/maze_051.map	512	512	213	251	336	249	371.569
92	maps/mazes/maze_051.map	512	512	342	61	165	49	371.326
92	maps/mazes/maze_051.map	512	512	200	248	62	212	371.983
91	maps/mazes/maze_051.map	512	512	167	165	113	130	367.811
91	maps/mazes/maze_051.map	512	512	393	429	323	428	367.912
91	maps/mazes/maze_051.map	512	512	157	492	59	492	367.255
91	maps/mazes/maze_051.map	512	512	130	321	125	181	367.326
91	maps/mazes/maze_051.map	512	512	75	5	10	152	367.74
91	maps/mazes/maze_051.map	512	512	41	121	72	224	367.983
91	maps/mazes/maze_051.map	512	512	1	109	99	5	367.598
91	maps/mazes/maze_051.map	512	512	40	440	89	309	367.74
91	maps/mazes/maze_051.map	512	512	126	460	224	452	367.983
91	maps/mazes/maze_051.map	512	512	115	389	145	220	367.811
90	maps/mazes/maze_051.map	512	512	244	363	195	296	363.74
90	maps/mazes/maze_051.map	512	512	84	457	107	284	363.983
90	maps/mazes/maze_051.map	512	512	288	133	360	140	363.125
90	maps/mazes/maze_051.map	512	512	364	104	256	84	363.355
90	maps/mazes/maze_051.map	512	512	256	384	173	301	363.74
90	maps/mazes/maze_051.map	512	512	295	397	244	339	363.326
90	maps/mazes/maze_051.map	512	512	372	429	284	440	363.225
90	maps/mazes/maze_051.map	512	512	304	242	411	269	363.397
90	maps/mazes/maze_051.map	512	512	385	68	212	45	363.841
90	maps/mazes/maze_051.map	512	512	320	289	310	356	363.569
89	maps/mazes/maze_051.map	512	512	141	321	105	208	359.083
89	maps/mazes/maze_051.map	512	512	208	84	275	145	359.497
89	maps/mazes/maze_051.map	512	512	145	169	156	308	358.912
89	maps/mazes/maze_051.map	512	512	315	17	398	28	359.397
89	maps/mazes/maze_051.map	512	512	13	38	140	21	359.255
89	maps/mazes/maze_051.map	512	512	73	461	67	440	359.912
89	maps/mazes/maze_051.map	512	512	120	88	21	84	359.669
89	maps/mazes/maze_051.map	512	512	360	2	365	17	359.397
88	maps/mazes/maze_051.map	512	512	411	93	272	72	355.012
88	maps/mazes/maze_051.map	512	512	393	420	327	428	355.497
88	maps/mazes/maze_051.map	512	512	469	462	453	479	355.326
88	maps/mazes/maze_051.map	512	512	441	7	352	30	355.255
88	maps/mazes/maze_051.map	512	512	251	113	241	199	355.397
88	maps/mazes/maze_051.map	512	512	457	281	388	225	355.912
88	maps/mazes/maze_051.map	512	512	206	305	166	300	355.77
88	maps/mazes/maze_051.map	512	512	372	259	416	241	355.74
88	maps/mazes/maze_051.map	512	512	469	473	374	448	355.74
87	maps/mazes/maze_051.map	512	512	349	36	252	44	351.669
87	maps/mazes/maze_051.map	512	512	455	357	422	325	351.669
87	maps/mazes/maze_051.map	512	512	312	252	334	292	351.497
87	maps/mazes/maze_051.map	512	512	437	464	388	438	351.326
87	maps/mazes/maze_051.map	512	512	352	289	330	348	351.569
87	maps/mazes/maze_051.map	512	512	360	99	256	92	351.184
87	maps/mazes/maze_051.map	512	512	92	265	153	261	351.912
87	maps/mazes/maze_051.map	512	512	165	403	162	500	351.983
87	maps/mazes/maze_051.map	512	512	432	162	373	151	351.012
87	maps/mazes/maze_051.map	512	512	24	484	73	370	351.083
86	maps/mazes/maze_051.map	512	512	465	225	492	224	347.497
86	maps/mazes/maze_051.map	512	512	69	424	101	282	347.74
86	maps/mazes/maze_051.map	512	512	165	270	244	337	347.841
86	maps/mazes/maze_051.map	512	512	268	60	133	7	347.154
86	maps/mazes/maze_051.map	512	512	425	335	394	404	347.497
86	maps/mazes/maze_051.map	512	512	444	364	364	439	347.669
86	maps/mazes/maze_051.map	512	512	268	157	192	200	347.569
86	maps/mazes/maze_051.map	512	512	137	429	161	493	347.74
86	maps/mazes/maze_051.map	512	512	505	99	496	29	347.77
85	maps/mazes/maze_051.map	512	512	481	102	488	78	343.184
85	maps/mazes/maze_051.map	512	512	305	425	234	332	343.497
85	maps/mazes/maze_051.map	512	512	76	173	106	173	343.598
85	maps/mazes/maze_051.map	512	512	452	398	436	450	343.397
85	maps/mazes/maze_051.map	512	512	176	356	141	219	343.841
85	maps/mazes/maze_051.map	512	512	176	421	189	502	343.74
85	maps/mazes/maze_051.map	512	512	412	223	460	249	343.74
85	maps/mazes/maze_051.map	512	512	141	416	170	484	343.326
85	maps/mazes/maze_051.map	512	512	81	136	12	117	343.497
85	maps/mazes/maze_051.map	512	512	333	355	244	361	343.912
55	maps/mazes/maze_051.map	512	512	142	196	29	197	223.698
84	maps/mazes/maze_051.map	512	512	247	221	357	252	339.569
20	maps/mazes/maze_051.map	512	512	256	41	211	49	81.1421
84	maps/mazes/maze_051.map	512	512	493	262	427	253	339.912
84	maps/mazes/maze_051.map	512	512	448	280	404	226	339.74
84	maps/mazes/maze_051.map	512	512	339	344	289	314	339.841
84	maps/mazes/maze_051.map	512	512	477	242	482	233	339.497
84	maps/mazes/maze_051.map	512	512	80	77	9	36	339.598
84	maps/mazes/maze_051.map	512	512	370	440	291	424	338.74
46	maps/mazes/maze_051.map	512	512	88	484	72	477	185.284
84	maps/mazes/maze_051.map	512	512	97	17	1	61	339.841
84	maps/mazes/maze_051.map	512	512	361	103	260	100	339.941
84	maps/mazes/maze_051.map	512	512	209	20	129	21	339.326
83	maps/mazes/maze_051.map	512	512	60	378	97	280	335.669
83	maps/mazes/maze_051.map	512	512	455	184	430	288	335.326
83	maps/mazes/maze_051.map	512	512	4	355	48	422	335.669
83	maps/mazes/maze_051.map	512	512	145	404	162	500	335.569
83	maps/mazes/maze_051.map	512	512	313	432	240	353	335.255
83	maps/mazes/maze_051.map	512	512	44	448	13	467	335.255
83	maps/mazes/maze_051.map	512	512	152	408	145	488	335.083
83	maps/mazes/maze_051.map	512	512	467	36	453	97	335.811
83	maps/mazes/maze_051.map	512	512	469	91	408	95	335.326
83	maps/mazes/maze_051.map	512	512	320	501	266	425	335.74
78	maps/mazes/maze_051.map	512	512	228	187	196	169	314.669
82	maps/mazes/maze_051.map	512	512	128	136	25	66	331.184
82	maps/mazes/maze_051.map	512	512	420	205	444	210	331.811
82	maps/mazes/maze_051.map	512	512	141	43	20	34	331.255
82	maps/mazes/maze_051.map	512	512	436	396	341	382	331.669
82	maps/mazes/maze_051.map	512	512	172	320	126	204	331.841
82	maps/mazes/maze_051.map	512	512	390	221	485	245	331.326
82	maps/mazes/maze_051.map	512	512	354	488	307	436	331.912
82	maps/mazes/maze_051.map	512	512	335	376	241	330	331.497
82	maps/mazes/maze_051.map	512	512	115	133	25	41	331.598
82	maps/mazes/maze_051.map	512	512	16	317	88	264	331.912
81	maps/mazes/maze_051.map	512	512	452	483	376	460	327.426
81	maps/mazes/maze_051.map	512	512	317	288	318	344	327.326
81	maps/mazes/maze_051.map	512	512	355	456	281	440	327.397
81	maps/mazes/maze_051.map	512	512	253	291	157	307	327.154
81	maps/mazes/maze_051.map	512	512	19	40	6	173	327.74
81	maps/mazes/maze_051.map	512	512	226	368	301	427	327.841
81	maps/mazes/maze_051.map	512	512	317	128	312	180	327.426
81	maps/mazes/maze_051.map	512	512	44	332	84	271	327.326
81	maps/mazes/maze_051.map	512	512	148	375	180	412	327.912
81	maps/mazes/maze_051.map	512	512	318	237	409	270	327.154
80	maps/mazes/maze_051.map	512	512	429	482	337	464	323.497
80	maps/mazes/maze_051.map	512	512	24	179	141	240	323.598
80	maps/mazes/maze_051.map	512	512	420	16	324	3	323.426
80	maps/mazes/maze_051.map	512	512	265	330	257	285	323.083
80	maps/mazes/maze_051.map	512	512	509	343	477	268	323.326
80	maps/mazes/maze_051.map	512	512	281	221	368	276	323.983
80	maps/mazes/maze_051.map	512	512	141	352	109	283	323.184
80	maps/mazes/maze_051.map	512	512	380	325	405	240	323.598
80	maps/mazes/maze_051.map	512	512	44	381	116	275	323.497
79	maps/mazes/maze_051.map	512	512	339	233	323	284	319.426
79	maps/mazes/maze_051.map	512	512	284	74	153	34	319.326
79	maps/mazes/maze_051.map	512	512	8	87	103	1	319.184
79	maps/mazes/maze_051.map	512	512	134	156	249	199	319.154
79	maps/mazes/maze_051.map	512	512	290	377	206	349	319.154
79	maps/mazes/maze_051.map	512	512	317	125	223	84	319.426
79	maps/mazes/maze_051.map	512	512	47	205	2	65	318.74
79	maps/mazes/maze_051.map	512	512	41	55	96	12	319.355
79	maps/mazes/maze_051.map	512	512	349	47	185	57	319.012
79	maps/mazes/maze_051.map	512	512	181	430	220	500	319.083
78	maps/mazes/maze_051.map	512	512	481	224	488	233	315.255
78	maps/mazes/maze_051.map	512	512	17	5	16	141	315.669
78	maps/mazes/maze_051.map	512	512	237	68	152	86	315.426
78	maps/mazes/maze_051.map	512	512	261	448	230	357	315.841
78	maps/mazes/maze_051.map	512	512	336	144	249	191	315.74
78	maps/mazes/maze_051.map	512	512	249	502	232	405	315.012
78	maps/mazes/maze_051.map	512	512	492	228	429	262	315.426
78	maps/mazes/maze_051.map	512	512	150	472	218	452	315.497
77	maps/mazes/maze_051.map	512	512	133	272	86	249	311.012
77	maps/mazes/maze_051.map	512	512	212	225	146	160	311.426
73	maps/mazes/maze_051.map	512	512	221	137	329	138	293.083
77	maps/mazes/maze_051.map	512	512	404	244	337	126	311.669
77	maps/mazes/maze_051.map	512	512	18	452	88	343	311.426
77	maps/mazes/maze_051.map	512	512	365	217	314	129	311.083
77	maps/mazes/maze_051.map	512	512	156	374	97	301	311.355
77	maps/mazes/maze_051.map	512	512	191	368	107	312	311.941
77	maps/mazes/maze_051.map	512	512	464	401	436	459	311.74
77	maps/mazes/maze_051.map	512	512	205	25	126	9	311.083
77	maps/mazes/maze_051.map	512	512	36	221	124	207	311.598
76	maps/mazes/maze_051.map	512	512	133	356	116	273	307.355
76	maps/mazes/maze_051.map	512	512	399	281	376	226	307.598
76	maps/mazes/maze_051.map	512	512	17	236	58	209	307.497
76	maps/mazes/maze_051.map	512	512	496	415	475	324	307.012
76	maps/mazes/maze_051.map	512	512	446	317	441	379	307.77
76	maps/mazes/maze_051.map	512	512	372	313	327	424	307.841
76	maps/mazes/maze_051.map	512	512	239	316	140	195	307.012
76	maps/mazes/maze_051.map	512	512	84	386	106	336	307.154
76	maps/mazes/maze_051.map	512	512	220	285	148	225	307.154
76	maps/mazes/maze_051.map	512	512	84	352	144	359	307.527
75	maps/mazes/maze_051.map	512	512	195	316	256	414	303.77
75	maps/mazes/maze_051.map	512	512	159	132	85	99	303.77
75	maps/mazes/maze_051.map	512	512	78	305	57	205	303.083
75	maps/mazes/maze_051.map	512	512	253	36	345	4	303.154
75	maps/mazes/maze_051.map	512	512	163	496	219	392	303.012
75	maps/mazes/maze_051.map	512	512	59	296	58	201	303.497
75	maps/mazes/maze_051.map	512	512	424	113	338	44	303.426
75	maps/mazes/maze_051.map	512	512	232	177	159	148	303.497
75	maps/mazes/maze_051.map	512	512	270	68	150	13	303.083
75	maps/mazes/maze_051.map	512	512	255	36	292	59	303.497
74	maps/mazes/maze_051.map	512	512	365	259	420	271	299.426
74	maps/mazes/maze_051.map	512	512	225	421	249	409	299.355
74	maps/mazes/maze_051.map	512	512	64	293	64	210	299.083
74	maps/mazes/maze_051.map	512	512	31	116	64	200	299.083
74	maps/mazes/maze_051.map	512	512	171	113	268	152	299.255
74	maps/mazes/maze_051.map	512	512	269	61	146	21	299.426
74	maps/mazes/maze_051.map	512	512	492	172	505	80	299.284
74	maps/mazes/maze_051.map	512	512	412	92	284	53	299.184
74	maps/mazes/maze_051.map	512	512	140	219	185	324	299.012
74	maps/mazes/maze_051.map	512	512	218	300	107	168	299.669
73	maps/mazes/maze_051.map	512	512	121	389	133	272	295.326
73	maps/mazes/maze_051.map	512	512	394	33	300	29	294.669
73	maps/mazes/maze_051.map	512	512	427	152	341	113	295.184
73	maps/mazes/maze_051.map	512	512	325	344	308	301	295.598
73	maps/mazes/maze_051.map	512	512	152	296	123	177	295.012
73	maps/mazes/maze_051.map	512	512	316	98	229	96	295.426
73	maps/mazes/maze_051.map	512	512	343	221	413	268	295.669
73	maps/mazes/maze_051.map	512	512	374	109	236	67	295.941
73	maps/mazes/maze_051.map	512	512	121	308	129	271	295.669
72	maps/mazes/maze_051.map	512	512	122	73	18	21	291.012
72	maps/mazes/maze_051.map	512	512	213	184	120	140	291.669
72	maps/mazes/maze_051.map	512	512	276	341	272	281	291.841
72	maps/mazes/maze_051.map	512	512	223	332	165	291	291.77
72	maps/mazes/maze_051.map	512	512	443	325	441	377	291.355
72	maps/mazes/maze_051.map	512	512	491	53	449	1	291.841
72	maps/mazes/maze_051.map	512	512	130	245	7	164	291.598
72	maps/mazes/maze_051.map	512	512	58	201	154	269	291.012
72	maps/mazes/maze_051.map	512	512	180	438	210	505	291.083
72	maps/mazes/maze_051.map	512	512	475	493	456	453	291.426
71	maps/mazes/maze_051.map	512	512	399	65	264	58	287.113
71	maps/mazes/maze_051.map	512	512	381	142	289	112	287.012
71	maps/mazes/maze_051.map	512	512	482	324	503	200	287.426
71	maps/mazes/maze_051.map	512	512	385	176	436	238	287.326
71	maps/mazes/maze_051.map	512	512	30	372	8	416	287.841
71	maps/mazes/maze_051.map	512	512	100	152	50	93	287.527
71	maps/mazes/maze_051.map	512	512	462	396	456	451	287.912
71	maps/mazes/maze_051.map	512	512	188	71	128	9	287.497
71	maps/mazes/maze_051.map	512	512	166	184	68	225	287.77
70	maps/mazes/maze_051.map	512	512	309	152	364	152	283.569
70	maps/mazes/maze_051.map	512	512	237	445	240	345	283.426
70	maps/mazes/maze_051.map	512	512	60	116	28	177	283.083
70	maps/mazes/maze_051.map	512	512	304	141	356	161	283.74
70	maps/mazes/maze_051.map	512	512	208	461	153	482	283.841
70	maps/mazes/maze_051.map	512	512	277	161	215	204	283.083
70	maps/mazes/maze_051.map	512	512	17	342	84	290	283.326
70	maps/mazes/maze_051.map	512	512	186	213	131	205	283.426
70	maps/mazes/maze_051.map	512	512	251	396	282	429	283.113
69	maps/mazes/maze_051.map	512	512	192	341	167	300	279.941
69	maps/mazes/maze_051.map	512	512	395	464	316	433	279.497
69	maps/mazes/maze_051.map	512	512	288	36	170	68	279.012
69	maps/mazes/maze_051.map	512	512	22	137	17	40	279.255
69	maps/mazes/maze_051.map	512	512	360	443	309	430	279.598
69	maps/mazes/maze_051.map	512	512	120	151	36	76	279.527
69	maps/mazes/maze_051.map	512	512	12	102	57	207	279.497
69	maps/mazes/maze_051.map	512	512	360	116	245	72	279.527
69	maps/mazes/maze_051.map	512	512	257	1	182	56	279.841
69	maps/mazes/maze_051.map	512	512	426	217	399	220	279.841
68	maps/mazes/maze_051.map	512	512	260	40	138	5	275.669
68	maps/mazes/maze_051.map	512	512	437	214	454	264	275.77
68	maps/mazes/maze_051.map	512	512	245	103	138	57	275.527
68	maps/mazes/maze_051.map	512	512	101	433	92	308	275.841
68	maps/mazes/maze_051.map	512	512	416	21	357	9	275.77
68	maps/mazes/maze_051.map	512	512	496	345	503	317	273.184
68	maps/mazes/maze_051.map	512	512	125	381	133	273	275.74
68	maps/mazes/maze_051.map	512	512	164	56	111	37	275.598
68	maps/mazes/maze_051.map	512	512	96	406	114	277	275.669
68	maps/mazes/maze_051.map	512	512	313	341	297	313	275.941
67	maps/mazes/maze_051.map	512	512	349	404	280	435	271.841
67	maps/mazes/maze_051.map	512	512	299	456	370	449	271.012
67	maps/mazes/maze_051.map	512	512	117	288	128	269	271.255
67	maps/mazes/maze_051.map	512	512	476	33	421	86	271.841
67	maps/mazes/maze_051.map	512	512	256	296	169	272	271.426
67	maps/mazes/maze_051.map	512	512	148	436	161	479	271.012
67	maps/mazes/maze_051.map	512	512	116	424	101	284	271.426
67	maps/mazes/maze_051.map	512	512	211	29	136	14	271.841
67	maps/mazes/maze_051.map	512	512	24	188	1	94	271.083
67	maps/mazes/maze_051.map	512	512	32	335	70	289	271.255
66	maps/mazes/maze_051.map	512	512	468	271	484	161	267.355
66	maps/mazes/maze_051.map	512	512	402	64	274	72	267.113
66	maps/mazes/maze_051.map	512	512	118	472	213	475	267.012
66	maps/mazes/maze_051.map	512	512	202	49	138	21	267.497
66	maps/mazes/maze_051.map	512	512	499	316	499	337	267.184
66	maps/mazes/maze_051.map	512	512	60	196	148	246	267.355
66	maps/mazes/maze_051.map	512	512	123	376	131	272	267.497
66	maps/mazes/maze_051.map	512	512	63	208	4	116	266.841
66	maps/mazes/maze_051.map	512	512	181	204	110	208	267.426
66	maps/mazes/maze_051.map	512	512	224	444	226	340	267.255
65	maps/mazes/maze_051.map	512	512	232	497	219	397	263.426
65	maps/mazes/maze_051.map	512	512	101	328	145	226	263.841
65	maps/mazes/maze_051.map	512	512	178	509	220	399	263.355
65	maps/mazes/maze_051.map	512	512	76	428	88	345	263.77
65	maps/mazes/maze_051.map	512	512	461	311	489	191	263.598
65	maps/mazes/maze_051.map	512	512	365	397	374	420	263.355
65	maps/mazes/maze_051.map	512	512	344	423	292	427	263.841
65	maps/mazes/maze_051.map	512	512	249	214	328	226	263.426
65	maps/mazes/maze_051.map	512	512	0	74	38	177	263.083
65	maps/mazes/maze_051.map	512	512	370	240	412	272	263.012
64	maps/mazes/maze_051.map	512	512	269	147	217	166	259.184
64	maps/mazes/maze_051.map	512	512	213	92	120	49	259.355
64	maps/mazes/maze_051.map	512	512	244	67	183	84	259.113
64	maps/mazes/maze_051.map	512	512	252	165	229	203	259.669
64	maps/mazes/maze_051.map	512	512	416	32	367	28	259.77
64	maps/mazes/maze_051.map	512	512	85	262	22	180	259.184
64	maps/mazes/maze_051.map	512	512	496	468	440	457	259.77
64	maps/mazes/maze_051.map	512	512	364	430	327	396	259.184
64	maps/mazes/maze_051.map	512	512	21	439	84	365	259.77
64	maps/mazes/maze_051.map	512	512	189	143	84	112	259.355
63	maps/mazes/maze_051.map	512	512	293	88	189	54	255.355
63	maps/mazes/maze_051.map	512	512	319	312	302	356	255.184
63	maps/mazes/maze_051.map	512	512	208	495	162	477	255.012
63	maps/mazes/maze_051.map	512	512	273	385	189	347	255.841
63	maps/mazes/maze_051.map	512	512	209	282	115	208	255.598
63	maps/mazes/maze_051.map	512	512	271	452	221	361	255.77
63	maps/mazes/maze_051.map	512	512	236	41	132	7	255.255
63	maps/mazes/maze_051.map	512	512	269	444	223	353	255.77
63	maps/mazes/maze_051.map	512	512	85	335	139	225	255.255
63	maps/mazes/maze_051.map	512	512	268	383	188	342	255.426
62	maps/mazes/maze_051.map	512	512	108	199	81	132	251.598
62	maps/mazes/maze_051.map	512	512	44	389	109	278	251.355
62	maps/mazes/maze_051.map	512	512	508	215	499	141	251.627
62	maps/mazes/maze_051.map	512	512	339	113	245	72	250.698
62	maps/mazes/maze_051.map	512	512	229	145	261	186	251.912
62	maps/mazes/maze_051.map	512	512	192	384	158	436	251.113
62	maps/mazes/maze_051.map	512	512	231	289	141	196	251.527
62	maps/mazes/maze_051.map	512	512	444	236	496	239	251.527
62	maps/mazes/maze_051.map	512	512	356	202	342	145	251.669
61	maps/mazes/maze_051.map	512	512	232	333	160	296	247.87
61	maps/mazes/maze_051.map	512	512	173	228	136	161	247.941
61	maps/mazes/maze_051.map	512	512	176	406	160	420	247.355
61	maps/mazes/maze_051.map	512	512	116	309	151	261	247.184
61	maps/mazes/maze_051.map	512	512	288	381	239	329	247.669
61	maps/mazes/maze_051.map	512	512	198	440	166	488	247.355
61	maps/mazes/maze_051.map	512	512	376	503	428	465	246.77
61	maps/mazes/maze_051.map	512	512	395	389	399	400	246.941
61	maps/mazes/maze_051.map	512	512	455	285	416	237	247.527
61	maps/mazes/maze_051.map	512	512	60	180	45	76	247.77
60	maps/mazes/maze_051.map	512	512	261	239	300	259	243.527
60	maps/mazes/maze_051.map	512	512	449	148	383	141	243.87
60	maps/mazes/maze_051.map	512	512	472	49	424	98	243.426
60	maps/mazes/maze_051.map	512	512	469	298	425	337	243.284
60	maps/mazes/maze_051.map	512	512	448	201	456	265	243.941
60	maps/mazes/maze_051.map	512	512	485	400	485	328	242.87
60	maps/mazes/maze_051.map	512	512	484	477	488	466	243.77
60	maps/mazes/maze_051.map	512	512	11	301	78	292	243.941
60	maps/mazes/maze_051.map	512	512	266	389	272	430	243.284
60	maps/mazes/maze_051.map	512	512	352	203	345	121	243.77
35	maps/mazes/maze_051.map	512	512	300	233	380	260	141.87
59	maps/mazes/maze_051.map	512	512	128	4	100	9	239.77
59	maps/mazes/maze_051.map	512	512	241	261	337	232	239.184
59	maps/mazes/maze_051.map	512	512	432	96	437	128	239.184
59	maps/mazes/maze_051.map	512	512	337	490	323	448	239.598
59	maps/mazes/maze_051.map	512	512	54	440	47	361	239.941
59	maps/mazes/maze_051.map	512	512	446	92	424	108	239.012
59	maps/mazes/maze_051.map	512	512	380	332	421	263	239.698
59	maps/mazes/maze_051.map	512	512	315	5	224	43	239.184
59	maps/mazes/maze_051.map	512	512	193	433	161	478	239.527
59	maps/mazes/maze_051.map	512	512	302	112	249	73	239.941
58	maps/mazes/maze_051.map	512	512	477	235	484	214	235.941
58	maps/mazes/maze_051.map	512	512	475	441	428	425	235.77
58	maps/mazes/maze_051.map	512	512	149	455	140	482	235.113
58	maps/mazes/maze_051.map	512	512	295	125	260	188	235.255
58	maps/mazes/maze_051.map	512	512	504	70	486	29	235.284
58	maps/mazes/maze_051.map	512	512	456	280	430	245	235.527
58	maps/mazes/maze_051.map	512	512	217	76	168	73	235.698
58	maps/mazes/maze_051.map	512	512	165	472	219	508	235.012
58	maps/mazes/maze_051.map	512	512	276	69	165	38	235.941
58	maps/mazes/maze_051.map	512	512	261	452	220	489	235.698
57	maps/mazes/maze_051.map	512	512	140	160	153	265	231.355
57	maps/mazes/maze_051.map	512	512	29	77	94	9	231.87
57	maps/mazes/maze_051.map	512	512	352	179	355	137	231.184
57	maps/mazes/maze_051.map	512	512	157	103	92	93	230.941
57	maps/mazes/maze_051.map	512	512	28	294	10	216	231.113
57	maps/mazes/maze_051.map	512	512	473	425	442	460	231.941
57	maps/mazes/maze_051.map	512	512	143	297	144	208	231.113
57	maps/mazes/maze_051.map	512	512	160	45	117	39	231.284
57	maps/mazes/maze_051.map	512	512	222	168	117	141	231.941
57	maps/mazes/maze_051.map	512	512	376	389	404	387	231.113
56	maps/mazes/maze_051.map	512	512	448	21	372	38	227.87
56	maps/mazes/maze_051.map	512	512	18	317	82	292	227.184
56	maps/mazes/maze_051.map	512	512	398	192	424	231	227.426
56	maps/mazes/maze_051.map	512	512	468	273	488	169	227.941
56	maps/mazes/maze_051.map	512	512	349	218	268	174	227.87
52	maps/mazes/maze_051.map	512	512	136	263	88	216	209.627
56	maps/mazes/maze_051.map	512	512	317	250	344	297	227.941
56	maps/mazes/maze_051.map	512	512	29	362	1	376	227.941
56	maps/mazes/maze_051.map	512	512	68	426	88	365	227.527
56	maps/mazes/maze_051.map	512	512	384	21	396	33	227.113
56	maps/mazes/maze_051.map	512	512	304	172	295	125	227.355
55	maps/mazes/maze_051.map	512	512	361	229	268	165	223.042
55	maps/mazes/maze_051.map	512	512	292	296	318	329	223.77
55	maps/mazes/maze_051.map	512	512	163	201	141	195	223.355
55	maps/mazes/maze_051.map	512	512	327	449	256	416	223.941
55	maps/mazes/maze_051.map	512	512	340	194	256	180	223.698
55	maps/mazes/maze_051.map	512	512	233	241	280	247	223.042
55	maps/mazes/maze_051.map	512	512	285	61	171	68	223.527
55	maps/mazes/maze_051.map	512	512	149	280	84	335	223.355
55	maps/mazes/maze_051.map	512	512	221	188	176	142	223.184
54	maps/mazes/maze_051.map	512	512	388	41	327	1	219.527
54	maps/mazes/maze_051.map	512	512	445	368	394	425	219.698
54	maps/mazes/maze_051.map	512	512	105	282	144	199	219.941
54	maps/mazes/maze_051.map	512	512	422	213	387	209	219.184
54	maps/mazes/maze_051.map	512	512	245	176	203	149	219.527
54	maps/mazes/maze_051.map	512	512	160	409	139	492	219.355
54	maps/mazes/maze_051.map	512	512	186	176	153	142	218.941
54	maps/mazes/maze_051.map	512	512	129	309	144	197	219.284
54	maps/mazes/maze_051.map	512	512	437	405	347	429	219.698
54	maps/mazes/maze_051.map	512	512	204	428	171	484	219.527
53	maps/mazes/maze_051.map	512	512	193	81	120	49	215.284
53	maps/mazes/maze_051.map	512	512	121	308	105	284	215.698
53	maps/mazes/maze_051.map	512	512	262	113	252	169	215.598
53	maps/mazes/maze_051.map	512	512	484	248	439	245	215.698
53	maps/mazes/maze_051.map	512	512	85	197	80	90	215.698
53	maps/mazes/maze_051.map	512	512	46	384	85	333	215.698
53	maps/mazes/maze_051.map	512	512	336	379	268	372	215.87
53	maps/mazes/maze_051.map	512	512	73	24	77	71	215.527
53	maps/mazes/maze_051.map	512	512	349	462	314	433	215.355
53	maps/mazes/maze_051.map	512	512	483	349	424	316	215.113
52	maps/mazes/maze_051.map	512	512	165	477	221	458	211.284
52	maps/mazes/maze_051.map	512	512	184	478	163	477	211.012
52	maps/mazes/maze_051.map	512	512	49	378	88	345	211.113
52	maps/mazes/maze_051.map	512	512	2	105	41	180	211.012
52	maps/mazes/maze_051.map	512	512	401	277	402	229	211.527
52	maps/mazes/maze_051.map	512	512	357	108	269	93	211.042
52	maps/mazes/maze_051.map	512	512	472	134	508	72	211.456
52	maps/mazes/maze_051.map	512	512	433	173	422	225	211.184
51	maps/mazes/maze_051.map	512	512	92	277	187	272	207.355
51	maps/mazes/maze_051.map	512	512	190	133	109	121	207.87
51	maps/mazes/maze_051.map	512	512	397	351	444	363	207.284
51	maps/mazes/maze_051.map	512	512	508	204	489	140	207.971
51	maps/mazes/maze_051.map	512	512	420	248	384	278	207.841
51	maps/mazes/maze_051.map	512	512	174	372	120	327	207.627
51	maps/mazes/maze_051.map	512	512	233	469	217	403	207.355
51	maps/mazes/maze_051.map	512	512	261	329	165	271	207.456
51	maps/mazes/maze_051.map	512	512	95	461	176	488	207.598
51	maps/mazes/maze_051.map	512	512	124	68	70	4	207.456
50	maps/mazes/maze_051.map	512	512	136	64	125	8	203.87
50	maps/mazes/maze_051.map	512	512	216	92	195	77	203.213
50	maps/mazes/maze_051.map	512	512	4	197	69	233	203.284
50	maps/mazes/maze_051.map	512	512	504	192	496	149	203.627
50	maps/mazes/maze_051.map	512	512	187	108	235	141	202.698
50	maps/mazes/maze_051.map	512	512	116	72	75	4	203.527
50	maps/mazes/maze_051.map	512	512	226	281	165	276	203.012
50	maps/mazes/maze_051.map	512	512	168	350	112	292	203.556
50	maps/mazes/maze_051.map	512	512	179	213	113	168	203.87
50	maps/mazes/maze_051.map	512	512	413	342	459	380	203.456
49	maps/mazes/maze_051.map	512	512	21	276	24	213	199.456
49	maps/mazes/maze_051.map	512	512	26	153	57	203	199.284
49	maps/mazes/maze_051.map	512	512	295	416	237	352	199.941
49	maps/mazes/maze_051.map	512	512	452	159	418	161	199.213
49	maps/mazes/maze_051.map	512	512	101	270	65	227	199.527
49	maps/mazes/maze_051.map	512	512	414	184	438	221	199.184
49	maps/mazes/maze_051.map	512	512	452	403	463	436	199.355
49	maps/mazes/maze_051.map	512	512	48	168	100	216	199.799
49	maps/mazes/maze_051.map	512	512	301	480	294	421	199.012
49	maps/mazes/maze_051.map	512	512	461	423	439	437	199.113
48	maps/mazes/maze_051.map	512	512	25	219	58	197	195.87
48	maps/mazes/maze_051.map	512	512	348	464	321	449	195.113
48	maps/mazes/maze_051.map	512	512	22	192	60	217	195.284
48	maps/mazes/maze_051.map	512	512	9	113	40	177	195.184
48	maps/mazes/maze_051.map	512	512	320	349	312	308	195.042
48	maps/mazes/maze_051.map	512	512	65	358	113	253	195.042
48	maps/mazes/maze_051.map	512	512	308	149	369	193	195.426
48	maps/mazes/maze_051.map	512	512	219	349	160	299	195.385
48	maps/mazes/maze_051.map	512	512	257	485	254	456	195.799
48	maps/mazes/maze_051.map	512	512	448	422	436	430	195.355
47	maps/mazes/maze_051.map	512	512	36	228	26	205	191.042
47	maps/mazes/maze_051.map	512	512	333	69	296	73	191.042
47	maps/mazes/maze_051.map	512	512	460	375	432	335	191.113
47	maps/mazes/maze_051.map	512	512	461	209	478	205	191.042
47	maps/mazes/maze_051.map	512	512	128	89	85	98	191.456
47	maps/mazes/maze_051.map	512	512	236	423	219	348	191.698
47	maps/mazes/maze_051.map	512	512	224	108	151	65	191.213
47	maps/mazes/maze_051.map	512	512	312	300	317	330	191.284
47	maps/mazes/maze_051.map	512	512	301	169	261	186	191.77
46	maps/mazes/maze_051.map	512	512	176	196	221	165	187.941
46	maps/mazes/maze_051.map	512	512	274	360	229	292	187.042
46	maps/mazes/maze_051.map	512	512	318	124	268	92	187.456
28	maps/mazes/maze_051.map	512	512	121	45	98	0	115.799
46	maps/mazes/maze_051.map	512	512	452	55	421	78	187.113
46	maps/mazes/maze_051.map	512	512	399	473	408	478	186.87
46	maps/mazes/maze_051.map	512	512	172	266	172	220	187.213
46	maps/mazes/maze_051.map	512	512	54	65	20	37	187.556
46	maps/mazes/maze_051.map	512	512	133	312	147	277	187.284
46	maps/mazes/maze_051.map	512	512	145	65	113	5	187.698
45	maps/mazes/maze_051.map	512	512	72	276	65	235	183.698
45	maps/mazes/maze_051.map	512	512	156	135	200	178	183.87
45	maps/mazes/maze_051.map	512	512	461	465	453	456	183.284
45	maps/mazes/maze_051.map	512	512	189	53	124	5	183.527
45	maps/mazes/maze_051.map	512	512	329	33	307	41	183.698
45	maps/mazes/maze_051.map	512	512	185	159	120	131	183.042
45	maps/mazes/maze_051.map	512	512	508	233	482	164	183.142
45	maps/mazes/maze_051.map	512	512	20	276	28	220	183.456
45	maps/mazes/maze_051.map	512	512	501	8	464	27	183.941
45	maps/mazes/maze_051.map	512	512	166	324	141	307	183.698
44	maps/mazes/maze_051.map	512	512	441	342	456	392	179.284
44	maps/mazes/maze_051.map	512	512	377	33	345	4	179.284
44	maps/mazes/maze_051.map	512	512	173	479	213	473	179.213
44	maps/mazes/maze_051.map	512	512	148	437	115	472	179.213
44	maps/mazes/maze_051.map	512	512	420	30	370	41	179.627
44	maps/mazes/maze_051.map	512	512	306	292	331	337	179.698
44	maps/mazes/maze_051.map	512	512	423	148	375	153	179.042
44	maps/mazes/maze_051.map	512	512	285	496	314	433	179.941
44	maps/mazes/maze_051.map	512	512	237	161	211	184	179.042
44	maps/mazes/maze_051.map	512	512	465	360	417	322	179.213
43	maps/mazes/maze_051.map	512	512	337	264	325	292	175.456
43	maps/mazes/maze_051.map	512	512	387	428	348	418	175.627
43	maps/mazes/maze_051.map	512	512	337	18	271	41	175.87
43	maps/mazes/maze_051.map	512	512	27	349	15	356	175.284
43	maps/mazes/maze_051.map	512	512	145	4	207	44	175.113
43	maps/mazes/maze_051.map	512	512	389	95	342	41	175.042
43	maps/mazes/maze_051.map	512	512	425	449	377	457	175.456
43	maps/mazes/maze_051.map	512	512	34	448	45	396	175.042
43	maps/mazes/maze_051.map	512	512	57	232	11	209	175.042
43	maps/mazes/maze_051.map	512	512	78	188	58	96	175.456
42	maps/mazes/maze_051.map	512	512	185	366	117	338	171.799
42	maps/mazes/maze_051.map	512	512	225	60	210	97	171.213
42	maps/mazes/maze_051.map	512	512	116	398	90	308	171.113
42	maps/mazes/maze_051.map	512	512	214	109	276	138	171.284
42	maps/mazes/maze_051.map	512	512	134	85	85	111	171.042
42	maps/mazes/maze_051.map	512	512	340	247	353	265	171.627
42	maps/mazes/maze_051.map	512	512	243	481	264	437	171.385
42	maps/mazes/maze_051.map	512	512	169	340	158	293	171.213
42	maps/mazes/maze_051.map	512	512	1	359	23	432	171.042
42	maps/mazes/maze_051.map	512	512	380	19	390	21	171.456
41	maps/mazes/maze_051.map	512	512	60	341	93	285	167.385
41	maps/mazes/maze_051.map	512	512	489	200	483	133	167.142
41	maps/mazes/maze_051.map	512	512	225	247	268	249	167.385
41	maps/mazes/maze_051.map	512	512	289	188	256	179	167.698
41	maps/mazes/maze_051.map	512	512	423	0	384	36	166.799
41	maps/mazes/maze_051.map	512	512	349	232	398	281	167.941
41	maps/mazes/maze_051.map	512	512	157	347	120	297	167.142
41	maps/mazes/maze_051.map	512	512	223	373	227	340	167.284
41	maps/mazes/maze_051.map	512	512	235	340	189	334	166.627
41	maps/mazes/maze_051.map	512	512	93	285	160	269	167.284
40	maps/mazes/maze_051.map	512	512	481	444	446	448	163.627
40	maps/mazes/maze_051.map	512	512	181	266	141	191	163.042
40	maps/mazes/maze_051.map	512	512	77	188	68	94	163.042
40	maps/mazes/maze_051.map	512	512	383	405	376	436	163.799
40	maps/mazes/maze_051.map	512	512	345	274	317	287	163.042
40	maps/mazes/maze_051.map	512	512	456	400	468	432	163.941
40	maps/mazes/maze_051.map	512	512	469	31	438	21	162.799
40	maps/mazes/maze_051.map	512	512	353	386	318	421	163.213
40	maps/mazes/maze_051.map	512	512	61	229	1	218	163.042
40	maps/mazes/maze_051.map	512	512	374	248	400	282	163.941
39	maps/mazes/maze_051.map	512	512	388	441	339	468	158.627
39	maps/mazes/maze_051.map	512	512	149	88	108	33	159.213
39	maps/mazes/maze_051.map	512	512	492	264	441	289	159.456
39	maps/mazes/maze_051.map	512	512	427	1	392	33	159.971
39	maps/mazes/maze_051.map	512	512	166	436	145	494	159.042
39	maps/mazes/maze_051.map	512	512	308	9	237	42	159.213
39	maps/mazes/maze_051.map	512	512	164	311	219	337	159.971
39	maps/mazes/maze_051.map	512	512	442	273	425	245	159.971
39	maps/mazes/maze_051.map	512	512	439	373	424	413	159.042
39	maps/mazes/maze_051.map	512	512	425	24	384	36	159.142
38	maps/mazes/maze_051.map	512	512	53	85	22	37	154.799
38	maps/mazes/maze_051.map	512	512	333	244	340	271	155.799
38	maps/mazes/maze_051.map	512	512	419	5	384	36	154.971
38	maps/mazes/maze_051.map	512	512	410	397	355	428	155.213
38	maps/mazes/maze_051.map	512	512	205	185	209	149	155.456
38	maps/mazes/maze_051.map	512	512	280	468	232	411	155.042
38	maps/mazes/maze_051.map	512	512	172	107	228	140	155.042
38	maps/mazes/maze_051.map	512	512	221	396	227	332	155.456
38	maps/mazes/maze_051.map	512	512	413	508	442	508	155.042
38	maps/mazes/maze_051.map	512	512	301	468	310	421	155.698
37	maps/mazes/maze_051.map	512	512	455	176	423	129	151.728
37	maps/mazes/maze_051.map	512	512	366	292	399	273	150.627
37	maps/mazes/maze_051.map	512	512	313	245	341	260	151.385
37	maps/mazes/maze_051.map	512	512	322	477	312	428	151.284
37	maps/mazes/maze_051.map	512	512	108	226	41	196	151.385
37	maps/mazes/maze_051.map	512	512	414	248	367	273	151.941
37	maps/mazes/maze_051.map	512	512	433	419	437	369	151.213
37	maps/mazes/maze_051.map	512	512	469	431	441	460	151.627
37	maps/mazes/maze_051.map	512	512	56	104	13	124	151.142
37	maps/mazes/maze_051.map	512	512	265	152	262	177	151.113
36	maps/mazes/maze_051.map	512	512	48	456	60	481	147.971
36	maps/mazes/maze_051.map	512	512	203	408	165	422	147.556
36	maps/mazes/maze_051.map	512	512	184	156	128	152	147.213
36	maps/mazes/maze_051.map	512	512	325	425	276	425	147.042
18	maps/mazes/maze_051.map	512	512	226	181	240	153	75.3137
36	maps/mazes/maze_051.map	512	512	354	76	314	53	147.627
36	maps/mazes/maze_051.map	512	512	59	352	99	281	147.385
36	maps/mazes/maze_051.map	512	512	180	337	147	313	147.284
36	maps/mazes/maze_051.map	512	512	256	427	241	360	147.556
36	maps/mazes/maze_051.map	512	512	58	197	127	205	147.971
36	maps/mazes/maze_051.map	512	512	96	297	96	277	147.799
35	maps/mazes/maze_051.map	512	512	390	456	376	503	143.627
35	maps/mazes/maze_051.map	512	512	364	429	347	428	143.213
35	maps/mazes/maze_051.map	512	512	121	121	85	97	143.213
35	maps/mazes/maze_051.map	512	512	450	184	481	230	143.042
35	maps/mazes/maze_051.map	512	512	388	313	404	294	143.042
35	maps/mazes/maze_051.map	512	512	92	385	105	422	143.698
35	maps/mazes/maze_051.map	512	512	455	181	488	227	143.627
35	maps/mazes/maze_051.map	512	512	157	505	82	508	143.314
35	maps/mazes/maze_051.map	512	512	3	185	8	137	143.87
34	maps/mazes/maze_051.map	512	512	201	481	145	474	139.284
34	maps/mazes/maze_051.map	512	512	398	24	389	29	139.556
34	maps/mazes/maze_051.map	512	512	296	121	285	111	139.627
34	maps/mazes/maze_051.map	512	512	365	409	364	440	139.799
34	maps/mazes/maze_051.map	512	512	464	156	427	148	139.728
34	maps/mazes/maze_051.map	512	512	332	181	268	157	139.556
34	maps/mazes/maze_051.map	512	512	272	32	284	25	139.627
34	maps/mazes/maze_051.map	512	512	263	149	219	196	139.385
34	maps/mazes/maze_051.map	512	512	204	505	224	441	139.556
34	maps/mazes/maze_051.map	512	512	345	487	316	476	139.799
33	maps/mazes/maze_051.map	512	512	93	36	84	78	135.042
33	maps/mazes/maze_051.map	512	512	328	309	313	336	135.799
33	maps/mazes/maze_051.map	512	512	305	502	336	453	134.627
33	maps/mazes/maze_051.map	512	512	69	453	121	409	135.799
33	maps/mazes/maze_051.map	512	512	492	79	495	45	135.728
33	maps/mazes/maze_051.map	512	512	480	161	497	137	135.142
33	maps/mazes/maze_051.map	512	512	489	390	499	372	134.971
33	maps/mazes/maze_051.map	512	512	195	373	183	309	135.556
33	maps/mazes/maze_051.map	512	512	310	40	331	1	135.799
32	maps/mazes/maze_051.map	512	512	492	40	484	57	131.385
32	maps/mazes/maze_051.map	512	512	315	369	278	337	131.142
32	maps/mazes/maze_051.map	512	512	427	141	416	161	131.971
32	maps/mazes/maze_051.map	512	512	321	352	293	341	131.142
32	maps/mazes/maze_051.map	512	512	44	356	92	301	131.142
32	maps/mazes/maze_051.map	512	512	368	53	322	49	131.556
32	maps/mazes/maze_051.map	512	512	117	16	53	4	131.556
32	maps/mazes/maze_051.map	512	512	50	112	24	125	131.971
32	maps/mazes/maze_051.map	512	512	384	1	392	13	131.213
32	maps/mazes/maze_051.map	512	512	45	309	73	320	131.385
31	maps/mazes/maze_051.map	512	512	244	89	280	114	127.971
31	maps/mazes/maze_051.map	512	512	401	72	340	42	127.971
31	maps/mazes/maze_051.map	512	512	4	441	51	417	127.385
31	maps/mazes/maze_051.map	512	512	484	441	448	444	127.385
31	maps/mazes/maze_051.map	512	512	19	468	70	492	127.385
31	maps/mazes/maze_051.map	512	512	131	65	125	37	127.556
31	maps/mazes/maze_051.map	512	512	12	171	41	197	127.385
31	maps/mazes/maze_051.map	512	512	413	221	448	201	127.627
31	maps/mazes/maze_051.map	512	512	373	328	376	364	127.971
31	maps/mazes/maze_051.map	512	512	289	96	255	72	127.556
30	maps/mazes/maze_051.map	512	512	262	412	249	376	123.385
30	maps/mazes/maze_051.map	512	512	468	505	488	469	123.213
30	maps/mazes/maze_051.map	512	512	480	243	437	228	123.213
30	maps/mazes/maze_051.map	512	512	417	244	373	228	123.799
30	maps/mazes/maze_051.map	512	512	504	211	479	252	123.556
30	maps/mazes/maze_051.map	512	512	85	192	80	101	123.213
30	maps/mazes/maze_051.map	512	512	281	433	325	423	123.213
30	maps/mazes/maze_051.map	512	512	393	44	368	17	123.799
30	maps/mazes/maze_051.map	512	512	96	219	148	226	123.385
30	maps/mazes/maze_051.map	512	512	414	156	392	141	123.728
29	maps/mazes/maze_051.map	512	512	0	461	14	480	119.042
29	maps/mazes/maze_051.map	512	512	384	173	409	185	119.971
29	maps/mazes/maze_051.map	512	512	343	148	262	124	119.971
29	maps/mazes/maze_051.map	512	512	333	436	348	406	119.971
29	maps/mazes/maze_051.map	512	512	486	461	436	431	119.556
29	maps/mazes/maze_051.map	512	512	369	140	326	113	119.556
29	maps/mazes/maze_051.map	512	512	415	173	385	205	119.213
29	maps/mazes/maze_051.map	512	512	178	281	232	255	119.698
29	maps/mazes/maze_051.map	512	512	236	244	257	258	119.728
29	maps/mazes/maze_051.map	512	512	381	153	373	182	119.728
28	maps/mazes/maze_051.map	512	512	385	59	321	49	115.556
28	maps/mazes/maze_051.map	512	512	183	248	140	276	115.385
28	maps/mazes/maze_051.map	512	512	162	101	201	114	115.314
28	maps/mazes/maze_051.map	512	512	169	347	123	356	115.142
28	maps/mazes/maze_051.map	512	512	312	270	330	269	115.142
5	maps/mazes/maze_051.map	512	512	445	497	428	504	22.2426
28	maps/mazes/maze_051.map	512	512	422	216	428	173	115.142
28	maps/mazes/maze_051.map	512	512	509	342	488	346	115.385
28	maps/mazes/maze_051.map	512	512	240	48	228	89	114.799
28	maps/mazes/maze_051.map	512	512	177	333	135	313	115.213
27	maps/mazes/maze_051.map	512	512	321	291	318	304	111.213
27	maps/mazes/maze_051.map	512	512	317	364	286	345	111.899
27	maps/mazes/maze_051.map	512	512	237	100	212	83	111.314
27	maps/mazes/maze_051.map	512	512	441	373	442	400	111.556
27	maps/mazes/maze_051.map	512	512	489	151	485	133	111.899
27	maps/mazes/maze_051.map	512	512	121	291	101	326	111.971
27	maps/mazes/maze_051.map	512	512	212	365	172	309	111.314
27	maps/mazes/maze_051.map	512	512	9	195	20	148	111.799
27	maps/mazes/maze_051.map	512	512	256	322	218	300	111.556
27	maps/mazes/maze_051.map	512	512	380	278	400	265	111.142
26	maps/mazes/maze_051.map	512	512	485	24	443	13	107.385
26	maps/mazes/maze_051.map	512	512	386	304	375	333	107.799
26	maps/mazes/maze_051.map	512	512	478	428	460	440	107.556
26	maps/mazes/maze_051.map	512	512	355	97	377	109	107.899
26	maps/mazes/maze_051.map	512	512	407	405	373	430	107.142
26	maps/mazes/maze_051.map	512	512	428	478	420	430	107.213
26	maps/mazes/maze_051.map	512	512	380	396	387	376	107.385
26	maps/mazes/maze_051.map	512	512	413	141	414	89	107.142
26	maps/mazes/maze_051.map	512	512	341	468	307	465	107.142
26	maps/mazes/maze_051.map	512	512	255	332	228	295	107.556
25	maps/mazes/maze_051.map	512	512	288	24	249	44	103.971
25	maps/mazes/maze_051.map	512	512	255	321	227	300	103.142
25	maps/mazes/maze_051.map	512	512	169	141	141	148	103.728
25	maps/mazes/maze_051.map	512	512	272	348	235	300	103.142
25	maps/mazes/maze_051.map	512	512	285	37	280	45	103.728
25	maps/mazes/maze_051.map	512	512	10	37	56	4	103.728
25	maps/mazes/maze_051.map	512	512	489	383	485	333	102.728
25	maps/mazes/maze_051.map	512	512	21	308	48	317	103.314
25	maps/mazes/maze_051.map	512	512	351	480	344	474	103.385
25	maps/mazes/maze_051.map	512	512	390	268	404	280	103.314
24	maps/mazes/maze_051.map	512	512	213	328	206	356	99.1421
24	maps/mazes/maze_051.map	512	512	369	51	339	44	99.7279
24	maps/mazes/maze_051.map	512	512	324	57	296	83	99.3137
24	maps/mazes/maze_051.map	512	512	400	200	400	216	99.3137
24	maps/mazes/maze_051.map	512	512	64	201	12	177	99.3137
24	maps/mazes/maze_051.map	512	512	196	125	242	121	99.799
24	maps/mazes/maze_051.map	512	512	256	135	275	173	99.6274
24	maps/mazes/maze_051.map	512	512	8	106	17	143	99.2132
24	maps/mazes/maze_051.map	512	512	204	455	177	452	99.8995
24	maps/mazes/maze_051.map	512	512	202	232	157	215	99.3137
23	maps/mazes/maze_051.map	512	512	500	60	488	69	95.1421
23	maps/mazes/maze_051.map	512	512	485	46	473	65	95.7279
23	maps/mazes/maze_051.map	512	512	333	101	335	81	95.5563
23	maps/mazes/maze_051.map	512	512	191	236	182	213	95.8995
23	maps/mazes/maze_051.map	512	512	201	251	163	268	95.6274
23	maps/mazes/maze_051.map	512	512	289	448	250	441	95.3137
23	maps/mazes/maze_051.map	512	512	309	231	364	241	95.3848
23	maps/mazes/maze_051.map	512	512	272	283	232	253	95.5563
23	maps/mazes/maze_051.map	512	512	296	184	337	184	95.9706
23	maps/mazes/maze_051.map	512	512	28	307	52	316	95.7279
22	maps/mazes/maze_051.map	512	512	137	508	109	504	91.0711
22	maps/mazes/maze_051.map	512	512	362	101	378	109	91.0711
22	maps/mazes/maze_051.map	512	512	68	371	82	324	91.7279
22	maps/mazes/maze_051.map	512	512	88	411	109	403	91.7279
22	maps/mazes/maze_051.map	512	512	464	153	501	116	90.9706
22	maps/mazes/maze_051.map	512	512	460	297	429	335	91.7279
22	maps/mazes/maze_051.map	512	512	1	404	16	428	91.7279
22	maps/mazes/maze_051.map	512	512	53	151	65	125	91.3137
22	maps/mazes/maze_051.map	512	512	24	191	31	177	91.9706
22	maps/mazes/maze_051.map	512	512	492	66	482	57	90.8995
21	maps/mazes/maze_051.map	512	512	261	382	257	383	87.1421
21	maps/mazes/maze_051.map	512	512	32	1	89	11	87.4853
21	maps/mazes/maze_051.map	512	512	328	505	320	479	87.0711
21	maps/mazes/maze_051.map	512	512	204	394	178	412	87.0711
21	maps/mazes/maze_051.map	512	512	45	259	25	261	87.6569
21	maps/mazes/maze_051.map	512	512	440	54	424	67	87.9706
21	maps/mazes/maze_051.map	512	512	139	113	101	93	87.0711
21	maps/mazes/maze_051.map	512	512	89	389	80	409	87.1421
21	maps/mazes/maze_051.map	512	512	442	368	461	389	86.7279
21	maps/mazes/maze_051.map	512	512	260	289	224	254	87.1421
20	maps/mazes/maze_051.map	512	512	477	421	473	440	83.1421
20	maps/mazes/maze_051.map	512	512	256	229	248	259	82.7279
20	maps/mazes/maze_051.map	512	512	401	424	373	424	83.0711
20	maps/mazes/maze_051.map	512	512	417	309	448	268	83.5563
20	maps/mazes/maze_051.map	512	512	457	258	429	291	83.1421
20	maps/mazes/maze_051.map	512	512	11	37	5	65	83.8995
20	maps/mazes/maze_051.map	512	512	68	384	85	330	83.7279
20	maps/mazes/maze_051.map	512	512	97	235	63	212	83.7279
20	maps/mazes/maze_051.map	512	512	6	325	48	317	83.5563
19	maps/mazes/maze_051.map	512	512	268	47	244	44	79.4853
19	maps/mazes/maze_051.map	512	512	461	309	468	269	79.7279
19	maps/mazes/maze_051.map	512	512	412	329	454	348	79.4853
19	maps/mazes/maze_051.map	512	512	468	261	504	233	79.5563
19	maps/mazes/maze_051.map	512	512	421	399	424	351	79.1421
19	maps/mazes/maze_051.map	512	512	373	498	401	489	79.7279
19	maps/mazes/maze_051.map	512	512	194	133	153	147	79.7279
19	maps/mazes/maze_051.map	512	512	268	256	290	245	79.1421
19	maps/mazes/maze_051.map	512	512	384	213	422	225	79.5563
19	maps/mazes/maze_051.map	512	512	436	235	448	203	79.8995
18	maps/mazes/maze_051.map	512	512	148	276	142	225	75.4853
18	maps/mazes/maze_051.map	512	512	509	392	488	384	75.4853
18	maps/mazes/maze_051.map	512	512	381	115	317	115	75.6569
18	maps/mazes/maze_051.map	512	512	260	353	239	329	75.7279
18	maps/mazes/maze_051.map	512	512	171	133	153	142	75.4853
18	maps/mazes/maze_051.map	512	512	153	471	160	483	75.9706
18	maps/mazes/maze_051.map	512	512	361	241	366	276	75.5563
18	maps/mazes/maze_051.map	512	512	317	285	296	289	75.7279
18	maps/mazes/maze_051.map	512	512	364	184	364	155	75.7279
17	maps/mazes/maze_051.map	512	512	49	271	28	254	71.6569
17	maps/mazes/maze_051.map	512	512	232	158	230	176	71.8995
17	maps/mazes/maze_051.map	512	512	190	252	185	258	71.1421
17	maps/mazes/maze_051.map	512	512	475	157	476	133	71.2426
17	maps/mazes/maze_051.map	512	512	153	146	117	148	71.3137
17	maps/mazes/maze_051.map	512	512	336	168	351	189	71.5563
17	maps/mazes/maze_051.map	512	512	237	388	237	353	71.7279
17	maps/mazes/maze_051.map	512	512	28	368	32	397	71.7279
17	maps/mazes/maze_051.map	512	512	271	248	301	254	71.5563
17	maps/mazes/maze_051.map	512	512	464	24	445	13	71.3137
16	maps/mazes/maze_051.map	512	512	265	324	298	340	67.4853
16	maps/mazes/maze_051.map	512	512	165	260	174	232	67.4853
16	maps/mazes/maze_051.map	512	512	329	341	328	320	67.8995
16	maps/mazes/maze_051.map	512	512	240	44	203	45	67.8995
16	maps/mazes/maze_051.map	512	512	232	53	217	66	67.8995
16	maps/mazes/maze_051.map	512	512	91	156	79	105	67.2426
16	maps/mazes/maze_051.map	512	512	47	304	53	314	67.3137
16	maps/mazes/maze_051.map	512	512	268	73	237	38	67.8995
16	maps/mazes/maze_051.map	512	512	212	97	177	84	67.0711
15	maps/mazes/maze_051.map	512	512	349	43	307	53	63.8995
15	maps/mazes/maze_051.map	512	512	115	96	101	114	63.8995
15	maps/mazes/maze_051.map	512	512	152	117	113	97	63.8284
15	maps/mazes/maze_051.map	512	512	308	147	333	172	63.5563
15	maps/mazes/maze_051.map	512	512	246	244	252	261	63.4853
15	maps/mazes/maze_051.map	512	512	477	458	438	429	63.8995
15	maps/mazes/maze_051.map	512	512	412	488	441	496	63.4853
15	maps/mazes/maze_051.map	512	512	435	429	456	451	63.4853
15	maps/mazes/maze_051.map	512	512	264	45	264	41	63.0711
15	maps/mazes/maze_051.map	512	512	312	229	328	222	63.4853
14	maps/mazes/maze_051.map	512	512	59	380	56	393	59.3137
14	maps/mazes/maze_051.map	512	512	245	321	222	340	59.8995
14	maps/mazes/maze_051.map	512	512	28	100	48	102	59.8995
14	maps/mazes/maze_051.map	512	512	362	340	341	358	59.1421
14	maps/mazes/maze_051.map	512	512	229	160	192	133	59.8995
14	maps/mazes/maze_051.map	512	512	381	408	389	428	59.0711
14	maps/mazes/maze_051.map	512	512	227	173	213	193	59.0711
14	maps/mazes/maze_051.map	512	512	509	417	504	433	59.4853
14	maps/mazes/maze_051.map	512	512	12	480	41	447	59.0711
14	maps/mazes/maze_051.map	512	512	416	267	432	255	59.8995
13	maps/mazes/maze_051.map	512	512	270	452	252	441	54.6569
13	maps/mazes/maze_051.map	512	512	132	484	161	482	55.1421
13	maps/mazes/maze_051.map	512	512	411	488	444	502	55.4853
13	maps/mazes/maze_051.map	512	512	499	156	477	164	55.6569
13	maps/mazes/maze_051.map	512	512	237	153	237	176	55.4853
13	maps/mazes/maze_051.map	512	512	32	116	24	125	55.4853
13	maps/mazes/maze_051.map	512	512	188	161	189	143	55.2426
13	maps/mazes/maze_051.map	512	512	104	48	88	65	55.1421
13	maps/mazes/maze_051.map	512	512	262	41	221	37	55.4853
12	maps/mazes/maze_051.map	512	512	237	437	244	442	50.8284
12	maps/mazes/maze_051.map	512	512	260	317	238	300	51.4853
12	maps/mazes/maze_051.map	512	512	423	408	397	400	51.0711
12	maps/mazes/maze_051.map	512	512	221	329	244	329	51.2426
12	maps/mazes/maze_051.map	512	512	243	273	257	245	51.6569
12	maps/mazes/maze_051.map	512	512	195	372	212	362	51.4853
12	maps/mazes/maze_051.map	512	512	317	0	361	11	51.4853
12	maps/mazes/maze_051.map	512	512	496	245	458	249	51.6569
12	maps/mazes/maze_051.map	512	512	290	232	317	238	51.8284
12	maps/mazes/maze_051.map	512	512	26	377	35	372	50.8284
11	maps/mazes/maze_051.map	512	512	473	248	455	265	47.4853
11	maps/mazes/maze_051.map	512	512	268	267	281	270	47.8995
11	maps/mazes/maze_051.map	512	512	7	44	1	76	47.8995
11	maps/mazes/maze_051.map	512	512	455	292	453	309	47.4853
11	maps/mazes/maze_051.map	512	512	81	181	49	175	47.4142
11	maps/mazes/maze_051.map	512	512	253	482	292	482	47.8284
11	maps/mazes/maze_051.map	512	512	118	28	104	1	47.4853
11	maps/mazes/maze_051.map	512	512	233	444	256	445	47.6569
11	maps/mazes/maze_051.map	512	512	4	271	1	249	47.8284
11	maps/mazes/maze_051.map	512	512	197	242	188	261	47.3137
10	maps/mazes/maze_051.map	512	512	380	49	353	36	43.0711
10	maps/mazes/maze_051.map	512	512	28	65	39	33	43.2426
10	maps/mazes/maze_051.map	512	512	401	417	373	403	43.6569
10	maps/mazes/maze_051.map	512	512	82	25	86	37	43.6569
10	maps/mazes/maze_051.map	512	512	377	25	368	42	43.8995
10	maps/mazes/maze_051.map	512	512	420	18	391	13	43.4142
10	maps/mazes/maze_051.map	512	512	301	424	286	436	43.4853
10	maps/mazes/maze_051.map	512	512	484	129	496	114	43.4853
10	maps/mazes/maze_051.map	512	512	343	205	364	209	43.4853
10	maps/mazes/maze_051.map	512	512	327	49	286	53	43.8284
9	maps/mazes/maze_051.map	512	512	8	249	25	238	39.0711
9	maps/mazes/maze_051.map	512	512	62	497	77	502	39.0711
9	maps/mazes/maze_051.map	512	512	273	312	257	301	39.2426
9	maps/mazes/maze_051.map	512	512	306	204	326	217	39.4853
9	maps/mazes/maze_051.map	512	512	442	181	460	193	39.6569
9	maps/mazes/maze_051.map	512	512	309	107	313	109	39.8995
9	maps/mazes/maze_051.map	512	512	17	41	1	20	39.4853
9	maps/mazes/maze_051.map	512	512	238	285	216	300	39.8284
9	maps/mazes/maze_051.map	512	512	61	487	80	490	39.8995
9	maps/mazes/maze_051.map	512	512	468	88	444	93	39.8284
8	maps/mazes/maze_051.map	512	512	299	204	295	197	35.8284
8	maps/mazes/maze_051.map	512	512	121	279	149	287	35.0711
8	maps/mazes/maze_051.map	512	512	0	397	4	416	35.8284
8	maps/mazes/maze_051.map	512	512	11	76	1	98	35.0711
8	maps/mazes/maze_051.map	512	512	174	324	167	336	35.2426
8	maps/mazes/maze_051.map	512	512	175	481	164	491	35.4853
8	maps/mazes/maze_051.map	512	512	180	149	153	145	35.8284
8	maps/mazes/maze_051.map	512	512	472	340	464	358	35.6569
8	maps/mazes/maze_051.map	512	512	68	387	85	370	35.8995
8	maps/mazes/maze_051.map	512	512	272	24	291	29	35.0711
7	maps/mazes/maze_051.map	512	512	83	484	84	504	31.4853
7	maps/mazes/maze_051.map	512	512	458	292	456	298	31.0711
7	maps/mazes/maze_051.map	512	512	368	306	382	288	31.8995
7	maps/mazes/maze_051.map	512	512	449	474	441	484	31.6569
7	maps/mazes/maze_051.map	512	512	397	380	401	396	31.0711
7	maps/mazes/maze_051.map	512	512	354	285	346	300	31.8284
7	maps/mazes/maze_051.map	512	512	84	162	67	160	31.2426
7	maps/mazes/maze_051.map	512	512	452	192	468	203	31.2426
7	maps/mazes/maze_051.map	512	512	338	465	333	480	31.6569
7	maps/mazes/maze_051.map	512	512	324	141	347	145	31.4853
6	maps/mazes/maze_051.map	512	512	40	397	21	399	27.8284
6	maps/mazes/maze_051.map	512	512	376	341	368	339	27.4142
6	maps/mazes/maze_051.map	512	512	68	69	87	72	27.6569
6	maps/mazes/maze_051.map	512	512	505	499	504	477	27.2426
6	maps/mazes/maze_051.map	512	512	85	208	97	197	27.2426
4	maps/mazes/maze_051.map	512	512	417	4	429	12	18.8284
6	maps/mazes/maze_051.map	512	512	393	145	375	149	27.0711
6	maps/mazes/maze_051.map	512	512	141	195	132	204	27.6569
6	maps/mazes/maze_051.map	512	512	252	367	245	369	27.8284
6	maps/mazes/maze_051.map	512	512	382	225	366	220	27.8284
5	maps/mazes/maze_051.map	512	512	472	212	453	218	23.2426
5	maps/mazes/maze_051.map	512	512	188	312	202	301	23.2426
5	maps/mazes/maze_051.map	512	512	333	56	329	55	23
5	maps/mazes/maze_051.map	512	512	491	425	476	433	23.2426
5	maps/mazes/maze_051.map	512	512	308	264	328	259	23.8284
5	maps/mazes/maze_051.map	512	512	84	292	65	286	23.8284
5	maps/mazes/maze_051.map	512	512	404	170	396	158	23.4142
5	maps/mazes/maze_051.map	512	512	228	187	216	196	23.2426
4	maps/mazes/maze_051.map	512	512	234	296	241	296	19.2426
4	maps/mazes/maze_051.map	512	512	40	188	32	177	19
4	maps/mazes/maze_051.map	512	512	165	189	163	177	19.4142
4	maps/mazes/maze_051.map	512	512	408	173	424	176	19
4	maps/mazes/maze_051.map	512	512	477	492	492	491	19.4142
4	maps/mazes/maze_051.map	512	512	138	280	124	273	19.2426
4	maps/mazes/maze_051.map	512	512	499	17	495	24	19.8284
4	maps/mazes/maze_051.map	512	512	93	75	80	67	19.4853
4	maps/mazes/maze_051.map	512	512	41	509	24	505	19.8284
3	maps/mazes/maze_051.map	512	512	388	97	393	85	15.2426
3	maps/mazes/maze_051.map	512	512	129	383	121	376	15.2426
3	maps/mazes/maze_051.map	512	512	38	68	37	60	15.8284
3	maps/mazes/maze_051.map	512	512	194	72	189	81	15.6569
3	maps/mazes/maze_051.map	512	512	249	288	240	281	15.4142
3	maps/mazes/maze_051.map	512	512	330	484	324	491	15.2426
3	maps/mazes/maze_051.map	512	512	371	485	367	476	15.8284
3	maps/mazes/maze_051.map	512	512	64	141	58	133	15.4142
3	maps/mazes/maze_051.map	512	512	37	264	34	276	15.8284
2	maps/mazes/maze_051.map	512	512	488	356	492	364	11.4142
2	maps/mazes/maze_051.map	512	512	194	157	203	161	11.8284
2	maps/mazes/maze_051.map	512	512	416	297	424	293	11.4142
2	maps/mazes/maze_051.map	512	512	45	177	44	166	11.4142
2	maps/mazes/maze_051.map	512	512	17	434	9	439	11.8284
2	maps/mazes/maze_051.map	512	512	396	39	391	33	11
2	maps/mazes/maze_051.map	512	512	28	130	33	126	11.8284
2	maps/mazes/maze_051.map	512	512	476	488	469	493	11.4142
2	maps/mazes/maze_051.map	512	512	0	153	1	164	11.4142
2	maps/mazes/maze_051.map	512	512	313	140	309	149	11.8284
1	maps/mazes/maze_051.map	512	512	416	406	410	404	7.41421
1	maps/mazes/maze_051.map	512	512	500	470	506	472	7.41421
1	maps/mazes/maze_051.map	512	512	117	395	120	390	7.41421
1	maps/mazes/maze_051.map	512	512	109	139	109	132	7
1	maps/mazes/maze_051.map	512	512	310	97	305	100	7.41421
1	maps/mazes/maze_051.map	512	512	313	357	306	357	7
1	maps/mazes/maze_051.map	512	512	79	332	77	338	7.41421
1	maps/mazes/maze_051.map	512	512	142	284	144	288	7.41421
1	maps/mazes/maze_051.map	512	512	208	444	213	442	7.82843
1	maps/mazes/maze_051.map	512	512	297	437	301	441	7.41421
0	maps/mazes/maze_051.map	512	512	341	204	344	204	3
0	maps/mazes/maze_051.map	512	512	187	289	185	287	3.41421
0	maps/mazes/maze_051.map	512	512	184	105	181	105	3
0	maps/mazes/maze_051.map	512	512	143	340	144	338	3
0	maps/mazes/maze_051.map	512	512	338	313	335	313	3
0	maps/mazes/maze_051.map	512	512	177	486	174	484	3.82843
0	maps/mazes/maze_051.map	512	512	208	400	211	400	3
0	maps/mazes/maze_051.map	512	512	333	79	335	81	3.41421
0	maps/mazes/maze_051.map	512	512	320	381	323	380	3.41421
0	maps/mazes/maze_051.map	512	512	468	309	471	309	3
