version 1
127	maps/mazes/maze_021.map	512	512	472	456	422	409	511.326
127	maps/mazes/maze_021.map	512	512	145	457	190	473	511.569
127	maps/mazes/maze_021.map	512	512	305	398	330	276	511.125
127	maps/mazes/maze_021.map	512	512	148	396	136	308	511.054
127	maps/mazes/maze_021.map	512	512	252	95	136	98	511.811
127	maps/mazes/maze_021.map	512	512	29	213	16	1	511.468
127	maps/mazes/maze_021.map	512	512	229	112	204	270	511.225
127	maps/mazes/maze_021.map	512	512	276	336	260	192	511.782
127	maps/mazes/maze_021.map	512	512	473	154	285	79	511.125
127	maps/mazes/maze_021.map	512	512	337	221	291	101	511.397
126	maps/mazes/maze_021.map	512	512	407	160	248	77	507.782
126	maps/mazes/maze_021.map	512	512	30	117	69	52	507.983
126	maps/mazes/maze_021.map	512	512	289	138	284	80	507.569
126	maps/mazes/maze_021.map	512	512	61	219	33	11	507.882
126	maps/mazes/maze_021.map	512	512	93	459	148	477	506.782
126	maps/mazes/maze_021.map	512	512	405	73	253	101	507.054
126	maps/mazes/maze_021.map	512	512	488	484	454	448	507.154
126	maps/mazes/maze_021.map	512	512	143	173	321	60	507.811
126	maps/mazes/maze_021.map	512	512	97	225	39	5	507.64
35	maps/mazes/maze_021.map	512	512	449	48	484	57	141.213
126	maps/mazes/maze_021.map	512	512	369	176	278	88	507.125
125	maps/mazes/maze_021.map	512	512	88	290	49	253	503.782
125	maps/mazes/maze_021.map	512	512	272	401	134	304	503.711
125	maps/mazes/maze_021.map	512	512	76	253	228	214	503.853
59	maps/mazes/maze_021.map	512	512	161	28	301	45	236.598
125	maps/mazes/maze_021.map	512	512	45	362	13	252	503.74
125	maps/mazes/maze_021.map	512	512	18	344	41	203	503.154
125	maps/mazes/maze_021.map	512	512	413	214	390	128	503.468
125	maps/mazes/maze_021.map	512	512	53	452	172	508	503.125
125	maps/mazes/maze_021.map	512	512	88	148	13	7	503.539
125	maps/mazes/maze_021.map	512	512	305	109	250	217	503.468
125	maps/mazes/maze_021.map	512	512	220	293	173	275	503.125
124	maps/mazes/maze_021.map	512	512	468	244	280	163	499.125
124	maps/mazes/maze_021.map	512	512	223	457	248	460	499.196
124	maps/mazes/maze_021.map	512	512	136	16	194	53	499.711
124	maps/mazes/maze_021.map	512	512	319	281	269	125	499.882
94	maps/mazes/maze_021.map	512	512	75	260	163	193	376.497
124	maps/mazes/maze_021.map	512	512	244	484	132	348	499.539
60	maps/mazes/maze_021.map	512	512	1	178	33	150	243.456
124	maps/mazes/maze_021.map	512	512	153	197	39	29	499.539
124	maps/mazes/maze_021.map	512	512	89	192	76	15	499.64
124	maps/mazes/maze_021.map	512	512	320	397	320	272	499.125
124	maps/mazes/maze_021.map	512	512	480	18	425	53	499.539
124	maps/mazes/maze_021.map	512	512	383	508	506	412	499.569
123	maps/mazes/maze_021.map	512	512	365	25	241	185	495.054
123	maps/mazes/maze_021.map	512	512	277	360	244	167	495.296
123	maps/mazes/maze_021.map	512	512	174	369	257	239	495.569
123	maps/mazes/maze_021.map	512	512	322	221	316	97	495.983
123	maps/mazes/maze_021.map	512	512	316	100	175	97	495.397
123	maps/mazes/maze_021.map	512	512	85	64	250	81	495.74
123	maps/mazes/maze_021.map	512	512	82	165	51	1	495.125
123	maps/mazes/maze_021.map	512	512	108	312	67	257	495.882
123	maps/mazes/maze_021.map	512	512	142	409	199	373	495.125
123	maps/mazes/maze_021.map	512	512	176	65	29	9	495.125
47	maps/mazes/maze_021.map	512	512	471	0	491	76	190.627
122	maps/mazes/maze_021.map	512	512	85	285	27	45	491.054
122	maps/mazes/maze_021.map	512	512	434	313	440	347	491.882
122	maps/mazes/maze_021.map	512	512	13	218	55	153	491.225
95	maps/mazes/maze_021.map	512	512	432	275	415	333	383.569
122	maps/mazes/maze_021.map	512	512	409	294	437	343	491.468
122	maps/mazes/maze_021.map	512	512	189	362	251	168	491.296
122	maps/mazes/maze_021.map	512	512	385	440	317	313	491.468
122	maps/mazes/maze_021.map	512	512	373	288	288	121	491.64
122	maps/mazes/maze_021.map	512	512	287	325	253	105	491.882
122	maps/mazes/maze_021.map	512	512	69	321	9	342	491.468
122	maps/mazes/maze_021.map	512	512	321	508	413	389	491.125
121	maps/mazes/maze_021.map	512	512	464	225	321	279	486.782
121	maps/mazes/maze_021.map	512	512	457	401	429	504	487.024
121	maps/mazes/maze_021.map	512	512	465	83	379	117	487.196
121	maps/mazes/maze_021.map	512	512	344	202	320	165	487.953
121	maps/mazes/maze_021.map	512	512	380	221	503	156	487.539
121	maps/mazes/maze_021.map	512	512	416	279	456	327	487.882
121	maps/mazes/maze_021.map	512	512	92	150	29	11	487.539
121	maps/mazes/maze_021.map	512	512	381	360	469	416	487.64
121	maps/mazes/maze_021.map	512	512	241	204	148	353	487.64
121	maps/mazes/maze_021.map	512	512	144	218	219	244	487.024
120	maps/mazes/maze_021.map	512	512	365	289	292	111	483.912
120	maps/mazes/maze_021.map	512	512	460	277	324	326	483.225
120	maps/mazes/maze_021.map	512	512	479	300	317	306	483.983
120	maps/mazes/maze_021.map	512	512	337	458	361	337	483.711
120	maps/mazes/maze_021.map	512	512	503	484	421	447	483.912
120	maps/mazes/maze_021.map	512	512	24	88	83	29	483.154
73	maps/mazes/maze_021.map	512	512	333	254	333	200	294.426
120	maps/mazes/maze_021.map	512	512	456	325	461	386	483.74
120	maps/mazes/maze_021.map	512	512	504	448	417	480	483.569
120	maps/mazes/maze_021.map	512	512	117	425	197	270	483.468
120	maps/mazes/maze_021.map	512	512	306	508	422	404	483.296
119	maps/mazes/maze_021.map	512	512	492	185	344	216	479.953
18	maps/mazes/maze_021.map	512	512	221	181	208	148	75.6569
81	maps/mazes/maze_021.map	512	512	229	64	258	36	324.012
119	maps/mazes/maze_021.map	512	512	327	181	356	331	479.811
119	maps/mazes/maze_021.map	512	512	141	444	196	490	479.569
119	maps/mazes/maze_021.map	512	512	58	433	23	504	479.296
119	maps/mazes/maze_021.map	512	512	280	29	188	84	479.569
119	maps/mazes/maze_021.map	512	512	220	305	255	101	479.225
116	maps/mazes/maze_021.map	512	512	128	335	233	489	465.468
119	maps/mazes/maze_021.map	512	512	217	435	189	277	479.054
119	maps/mazes/maze_021.map	512	512	85	481	82	453	479.468
119	maps/mazes/maze_021.map	512	512	45	404	209	284	479.296
119	maps/mazes/maze_021.map	512	512	265	7	228	93	479.569
47	maps/mazes/maze_021.map	512	512	140	316	192	341	191.627
118	maps/mazes/maze_021.map	512	512	92	502	61	451	475.296
118	maps/mazes/maze_021.map	512	512	267	116	141	102	475.74
118	maps/mazes/maze_021.map	512	512	446	461	432	453	475.983
58	maps/mazes/maze_021.map	512	512	12	216	28	299	232.941
118	maps/mazes/maze_021.map	512	512	337	174	276	103	475.983
118	maps/mazes/maze_021.map	512	512	397	300	461	385	475.225
118	maps/mazes/maze_021.map	512	512	343	360	320	264	475.912
118	maps/mazes/maze_021.map	512	512	241	320	269	207	475.811
118	maps/mazes/maze_021.map	512	512	344	446	340	322	475.054
118	maps/mazes/maze_021.map	512	512	395	369	356	249	475.811
118	maps/mazes/maze_021.map	512	512	396	395	364	320	475.912
117	maps/mazes/maze_021.map	512	512	36	184	67	29	471.154
117	maps/mazes/maze_021.map	512	512	451	473	468	432	471.154
117	maps/mazes/maze_021.map	512	512	308	151	256	69	471.882
117	maps/mazes/maze_021.map	512	512	185	418	191	485	471.61
117	maps/mazes/maze_021.map	512	512	68	405	232	414	471.711
117	maps/mazes/maze_021.map	512	512	478	269	383	233	471.468
117	maps/mazes/maze_021.map	512	512	246	77	416	62	471.953
117	maps/mazes/maze_021.map	512	512	128	310	89	289	471.397
117	maps/mazes/maze_021.map	512	512	16	238	49	20	471.225
117	maps/mazes/maze_021.map	512	512	261	181	278	129	471.569
116	maps/mazes/maze_021.map	512	512	297	83	211	72	467.326
116	maps/mazes/maze_021.map	512	512	174	252	252	240	467.782
116	maps/mazes/maze_021.map	512	512	162	424	151	301	467.054
116	maps/mazes/maze_021.map	512	512	277	8	225	100	467.983
116	maps/mazes/maze_021.map	512	512	121	460	184	449	467.054
116	maps/mazes/maze_021.map	512	512	12	66	97	108	467.569
116	maps/mazes/maze_021.map	512	512	13	260	9	120	467.154
116	maps/mazes/maze_021.map	512	512	182	209	9	111	467.468
116	maps/mazes/maze_021.map	512	512	279	1	213	93	467.397
115	maps/mazes/maze_021.map	512	512	504	368	382	321	463.811
115	maps/mazes/maze_021.map	512	512	459	16	343	13	463.368
115	maps/mazes/maze_021.map	512	512	7	420	161	301	463.368
115	maps/mazes/maze_021.map	512	512	24	352	76	164	463.255
115	maps/mazes/maze_021.map	512	512	388	390	364	321	463.083
115	maps/mazes/maze_021.map	512	512	105	194	16	1	463.64
115	maps/mazes/maze_021.map	512	512	270	108	182	68	463.74
115	maps/mazes/maze_021.map	512	512	328	93	265	147	463.083
115	maps/mazes/maze_021.map	512	512	283	172	292	111	463.397
115	maps/mazes/maze_021.map	512	512	359	37	341	1	463.154
114	maps/mazes/maze_021.map	512	512	56	291	9	346	459.054
114	maps/mazes/maze_021.map	512	512	64	76	240	91	459.569
114	maps/mazes/maze_021.map	512	512	264	120	282	164	459.882
114	maps/mazes/maze_021.map	512	512	227	389	259	233	459.882
114	maps/mazes/maze_021.map	512	512	496	236	353	269	459.782
114	maps/mazes/maze_021.map	512	512	90	449	63	480	459.296
114	maps/mazes/maze_021.map	512	512	122	289	243	236	459.196
114	maps/mazes/maze_021.map	512	512	352	224	282	132	459.397
114	maps/mazes/maze_021.map	512	512	130	52	117	92	459.468
114	maps/mazes/maze_021.map	512	512	313	417	144	299	459.468
113	maps/mazes/maze_021.map	512	512	85	145	41	15	455.296
113	maps/mazes/maze_021.map	512	512	409	505	501	405	454.669
113	maps/mazes/maze_021.map	512	512	152	381	212	265	455.74
113	maps/mazes/maze_021.map	512	512	494	104	449	224	455.468
113	maps/mazes/maze_021.map	512	512	84	97	220	93	454.912
113	maps/mazes/maze_021.map	512	512	206	225	11	73	455.225
113	maps/mazes/maze_021.map	512	512	197	132	233	244	455.054
113	maps/mazes/maze_021.map	512	512	17	237	45	25	455.397
113	maps/mazes/maze_021.map	512	512	409	127	409	153	454.953
34	maps/mazes/maze_021.map	512	512	72	73	99	116	139.556
113	maps/mazes/maze_021.map	512	512	26	509	49	421	455.225
112	maps/mazes/maze_021.map	512	512	141	461	203	488	451.912
112	maps/mazes/maze_021.map	512	512	94	480	72	470	451.397
112	maps/mazes/maze_021.map	512	512	64	486	29	457	451.397
112	maps/mazes/maze_021.map	512	512	69	241	50	20	451.983
112	maps/mazes/maze_021.map	512	512	37	465	168	508	451.882
112	maps/mazes/maze_021.map	512	512	258	496	169	355	451.882
112	maps/mazes/maze_021.map	512	512	121	131	251	81	450.912
112	maps/mazes/maze_021.map	512	512	200	38	216	89	451.569
112	maps/mazes/maze_021.map	512	512	292	410	134	304	451.64
112	maps/mazes/maze_021.map	512	512	386	381	332	268	451.569
111	maps/mazes/maze_021.map	512	512	468	15	353	17	447.125
111	maps/mazes/maze_021.map	512	512	431	428	472	367	447.497
92	maps/mazes/maze_021.map	512	512	224	257	189	253	370.74
111	maps/mazes/maze_021.map	512	512	428	369	317	323	447.569
111	maps/mazes/maze_021.map	512	512	79	412	209	273	447.811
105	maps/mazes/maze_021.map	512	512	385	344	357	368	421.054
111	maps/mazes/maze_021.map	512	512	92	145	52	14	447.711
111	maps/mazes/maze_021.map	512	512	413	25	362	33	447.125
111	maps/mazes/maze_021.map	512	512	333	334	408	233	447.054
111	maps/mazes/maze_021.map	512	512	508	3	436	44	447.225
111	maps/mazes/maze_021.map	512	512	489	144	484	179	447.397
111	maps/mazes/maze_021.map	512	512	453	237	332	255	447.953
110	maps/mazes/maze_021.map	512	512	382	356	329	276	443.569
110	maps/mazes/maze_021.map	512	512	193	3	184	64	443.397
110	maps/mazes/maze_021.map	512	512	231	416	202	265	443.397
110	maps/mazes/maze_021.map	512	512	325	382	460	388	442.983
110	maps/mazes/maze_021.map	512	512	329	390	321	342	443.296
110	maps/mazes/maze_021.map	512	512	153	175	52	19	443.225
110	maps/mazes/maze_021.map	512	512	32	347	22	213	443.497
110	maps/mazes/maze_021.map	512	512	100	470	77	458	443.811
110	maps/mazes/maze_021.map	512	512	227	404	200	284	443.912
110	maps/mazes/maze_021.map	512	512	332	98	269	257	443.64
109	maps/mazes/maze_021.map	512	512	145	106	324	60	439.912
33	maps/mazes/maze_021.map	512	512	331	160	368	125	135.556
109	maps/mazes/maze_021.map	512	512	493	395	439	345	439.154
72	maps/mazes/maze_021.map	512	512	388	220	487	164	288.74
109	maps/mazes/maze_021.map	512	512	181	154	265	69	439.811
109	maps/mazes/maze_021.map	512	512	72	308	17	349	439.983
109	maps/mazes/maze_021.map	512	512	156	227	208	252	439.368
109	maps/mazes/maze_021.map	512	512	215	257	268	312	439.154
109	maps/mazes/maze_021.map	512	512	0	188	33	5	439.983
109	maps/mazes/maze_021.map	512	512	377	53	257	101	439.397
109	maps/mazes/maze_021.map	512	512	408	431	424	444	439.468
109	maps/mazes/maze_021.map	512	512	278	205	301	116	439.983
108	maps/mazes/maze_021.map	512	512	235	265	277	116	435.468
108	maps/mazes/maze_021.map	512	512	202	4	185	79	435.64
108	maps/mazes/maze_021.map	512	512	245	470	132	348	435.468
108	maps/mazes/maze_021.map	512	512	473	197	408	239	435.225
108	maps/mazes/maze_021.map	512	512	101	231	36	16	435.154
108	maps/mazes/maze_021.map	512	512	270	509	236	423	435.64
108	maps/mazes/maze_021.map	512	512	297	13	180	85	435.569
108	maps/mazes/maze_021.map	512	512	456	145	308	81	435.882
108	maps/mazes/maze_021.map	512	512	428	168	380	106	435.154
108	maps/mazes/maze_021.map	512	512	396	170	355	113	435.397
107	maps/mazes/maze_021.map	512	512	199	256	255	101	431.811
107	maps/mazes/maze_021.map	512	512	470	17	360	29	431.539
107	maps/mazes/maze_021.map	512	512	286	48	228	89	431.326
91	maps/mazes/maze_021.map	512	512	4	1	138	73	366.083
107	maps/mazes/maze_021.map	512	512	455	304	423	405	431.083
107	maps/mazes/maze_021.map	512	512	37	237	18	125	431.569
107	maps/mazes/maze_021.map	512	512	341	373	317	328	431.912
107	maps/mazes/maze_021.map	512	512	81	220	50	20	431.569
107	maps/mazes/maze_021.map	512	512	392	347	369	236	431.397
10	maps/mazes/maze_021.map	512	512	136	401	140	419	41.6569
107	maps/mazes/maze_021.map	512	512	161	268	256	240	431.125
107	maps/mazes/maze_021.map	512	512	293	184	332	112	430.74
106	maps/mazes/maze_021.map	512	512	107	109	251	73	426.669
103	maps/mazes/maze_021.map	512	512	196	453	125	332	413.154
33	maps/mazes/maze_021.map	512	512	144	276	113	279	132.385
106	maps/mazes/maze_021.map	512	512	38	165	68	24	426.983
106	maps/mazes/maze_021.map	512	512	252	32	136	111	427.912
106	maps/mazes/maze_021.map	512	512	1	466	55	472	427.983
106	maps/mazes/maze_021.map	512	512	36	259	85	182	427.983
106	maps/mazes/maze_021.map	512	512	484	51	414	69	427.64
106	maps/mazes/maze_021.map	512	512	463	164	346	216	427.468
106	maps/mazes/maze_021.map	512	512	149	113	279	85	426.912
106	maps/mazes/maze_021.map	512	512	451	20	353	12	426.711
39	maps/mazes/maze_021.map	512	512	328	362	396	333	159.042
106	maps/mazes/maze_021.map	512	512	465	241	304	156	427.64
105	maps/mazes/maze_021.map	512	512	260	437	244	402	423.368
105	maps/mazes/maze_021.map	512	512	365	142	210	88	423.468
105	maps/mazes/maze_021.map	512	512	356	283	280	123	423.74
105	maps/mazes/maze_021.map	512	512	167	444	132	324	423.225
105	maps/mazes/maze_021.map	512	512	156	21	213	99	423.225
105	maps/mazes/maze_021.map	512	512	380	340	332	253	423.912
105	maps/mazes/maze_021.map	512	512	381	230	300	114	423.083
105	maps/mazes/maze_021.map	512	512	29	373	5	291	422.669
105	maps/mazes/maze_021.map	512	512	367	456	332	321	423.397
70	maps/mazes/maze_021.map	512	512	91	144	51	121	282.841
104	maps/mazes/maze_021.map	512	512	137	175	52	17	419.811
104	maps/mazes/maze_021.map	512	512	1	288	25	125	419.669
104	maps/mazes/maze_021.map	512	512	93	338	69	244	419.983
104	maps/mazes/maze_021.map	512	512	453	112	392	127	419.64
104	maps/mazes/maze_021.map	512	512	40	168	73	21	419.497
104	maps/mazes/maze_021.map	512	512	486	444	442	388	419.012
104	maps/mazes/maze_021.map	512	512	456	356	361	330	419.326
104	maps/mazes/maze_021.map	512	512	1	206	41	5	419.569
104	maps/mazes/maze_021.map	512	512	273	331	266	236	419.64
104	maps/mazes/maze_021.map	512	512	313	356	248	141	419.983
103	maps/mazes/maze_021.map	512	512	145	349	244	246	415.841
103	maps/mazes/maze_021.map	512	512	412	29	409	49	415.468
103	maps/mazes/maze_021.map	512	512	3	49	123	57	415.154
103	maps/mazes/maze_021.map	512	512	488	256	329	258	415.468
103	maps/mazes/maze_021.map	512	512	121	14	78	61	415.397
103	maps/mazes/maze_021.map	512	512	386	504	481	428	415.083
44	maps/mazes/maze_021.map	512	512	293	200	296	190	179.042
103	maps/mazes/maze_021.map	512	512	189	481	184	359	415.368
103	maps/mazes/maze_021.map	512	512	18	80	76	20	415.497
103	maps/mazes/maze_021.map	512	512	63	220	24	52	414.983
102	maps/mazes/maze_021.map	512	512	449	440	469	376	411.255
102	maps/mazes/maze_021.map	512	512	492	343	350	316	411.083
102	maps/mazes/maze_021.map	512	512	372	231	325	120	411.255
102	maps/mazes/maze_021.map	512	512	465	416	429	496	411.64
102	maps/mazes/maze_021.map	512	512	37	180	80	8	411.669
102	maps/mazes/maze_021.map	512	512	435	405	317	316	411.669
102	maps/mazes/maze_021.map	512	512	147	449	183	500	411.669
102	maps/mazes/maze_021.map	512	512	346	88	256	189	411.326
102	maps/mazes/maze_021.map	512	512	9	331	73	178	411.426
102	maps/mazes/maze_021.map	512	512	188	495	224	393	411.539
101	maps/mazes/maze_021.map	512	512	84	237	45	25	407.326
101	maps/mazes/maze_021.map	512	512	489	25	443	53	407.397
101	maps/mazes/maze_021.map	512	512	432	258	291	153	407.397
101	maps/mazes/maze_021.map	512	512	91	468	65	470	407.983
101	maps/mazes/maze_021.map	512	512	140	81	31	45	407.569
101	maps/mazes/maze_021.map	512	512	428	76	306	61	407.225
101	maps/mazes/maze_021.map	512	512	376	330	373	232	407.326
101	maps/mazes/maze_021.map	512	512	356	298	360	217	407.569
101	maps/mazes/maze_021.map	512	512	81	461	119	444	406.983
101	maps/mazes/maze_021.map	512	512	190	104	294	105	407.669
100	maps/mazes/maze_021.map	512	512	227	468	131	352	403.397
100	maps/mazes/maze_021.map	512	512	498	148	492	167	403.326
100	maps/mazes/maze_021.map	512	512	327	437	187	369	403.64
100	maps/mazes/maze_021.map	512	512	485	394	385	477	403.125
100	maps/mazes/maze_021.map	512	512	322	73	287	132	403.012
100	maps/mazes/maze_021.map	512	512	218	93	248	130	403.083
100	maps/mazes/maze_021.map	512	512	23	357	63	184	403.184
100	maps/mazes/maze_021.map	512	512	208	240	245	149	402.811
100	maps/mazes/maze_021.map	512	512	125	119	13	1	403.154
100	maps/mazes/maze_021.map	512	512	221	445	145	301	403.154
99	maps/mazes/maze_021.map	512	512	368	373	363	340	399.012
99	maps/mazes/maze_021.map	512	512	244	213	267	61	399.326
99	maps/mazes/maze_021.map	512	512	190	433	197	273	399.326
99	maps/mazes/maze_021.map	512	512	475	245	309	160	399.569
99	maps/mazes/maze_021.map	512	512	505	207	416	247	399.811
99	maps/mazes/maze_021.map	512	512	304	2	307	93	399.497
99	maps/mazes/maze_021.map	512	512	125	352	241	234	399.497
99	maps/mazes/maze_021.map	512	512	261	60	220	37	399.154
99	maps/mazes/maze_021.map	512	512	300	392	317	315	399.397
99	maps/mazes/maze_021.map	512	512	289	25	204	72	399.74
98	maps/mazes/maze_021.map	512	512	340	324	460	388	395.255
98	maps/mazes/maze_021.map	512	512	412	268	422	336	395.74
98	maps/mazes/maze_021.map	512	512	200	242	244	176	395.983
98	maps/mazes/maze_021.map	512	512	386	276	332	275	395.326
98	maps/mazes/maze_021.map	512	512	69	196	37	29	395.912
98	maps/mazes/maze_021.map	512	512	189	53	272	89	395.669
98	maps/mazes/maze_021.map	512	512	63	224	9	116	395.74
98	maps/mazes/maze_021.map	512	512	359	253	281	129	395.74
98	maps/mazes/maze_021.map	512	512	449	270	409	332	395.154
98	maps/mazes/maze_021.map	512	512	268	19	192	72	395.083
97	maps/mazes/maze_021.map	512	512	304	341	365	236	391.397
97	maps/mazes/maze_021.map	512	512	79	133	28	12	391.841
97	maps/mazes/maze_021.map	512	512	446	176	340	206	391.64
97	maps/mazes/maze_021.map	512	512	499	461	458	504	391.012
97	maps/mazes/maze_021.map	512	512	88	140	165	112	391.426
97	maps/mazes/maze_021.map	512	512	12	14	131	93	391.497
97	maps/mazes/maze_021.map	512	512	480	98	465	188	391.912
97	maps/mazes/maze_021.map	512	512	497	124	482	173	391.74
97	maps/mazes/maze_021.map	512	512	184	283	241	234	391.64
97	maps/mazes/maze_021.map	512	512	161	194	9	90	391.74
96	maps/mazes/maze_021.map	512	512	492	102	463	185	387.497
96	maps/mazes/maze_021.map	512	512	169	28	185	78	387.154
96	maps/mazes/maze_021.map	512	512	481	5	412	51	387.811
96	maps/mazes/maze_021.map	512	512	89	475	67	460	386.74
96	maps/mazes/maze_021.map	512	512	135	273	239	229	387.882
96	maps/mazes/maze_021.map	512	512	137	247	185	237	387.64
96	maps/mazes/maze_021.map	512	512	337	7	294	101	387.426
96	maps/mazes/maze_021.map	512	512	222	288	247	165	387.255
96	maps/mazes/maze_021.map	512	512	445	64	384	155	387.64
96	maps/mazes/maze_021.map	512	512	240	244	164	285	387.468
95	maps/mazes/maze_021.map	512	512	425	217	340	149	383.912
95	maps/mazes/maze_021.map	512	512	209	160	246	229	383.497
95	maps/mazes/maze_021.map	512	512	25	33	97	110	383.426
95	maps/mazes/maze_021.map	512	512	348	149	277	98	383.74
95	maps/mazes/maze_021.map	512	512	229	177	267	65	383.841
95	maps/mazes/maze_021.map	512	512	456	285	421	337	383.326
95	maps/mazes/maze_021.map	512	512	121	84	227	97	383.426
95	maps/mazes/maze_021.map	512	512	464	97	361	148	383.64
29	maps/mazes/maze_021.map	512	512	420	87	356	91	116.385
95	maps/mazes/maze_021.map	512	512	465	370	369	329	383.669
94	maps/mazes/maze_021.map	512	512	193	46	184	85	379.983
94	maps/mazes/maze_021.map	512	512	320	467	175	356	379.397
94	maps/mazes/maze_021.map	512	512	151	489	195	468	379.083
94	maps/mazes/maze_021.map	512	512	49	241	57	157	379.497
94	maps/mazes/maze_021.map	512	512	82	485	66	468	379.912
94	maps/mazes/maze_021.map	512	512	365	249	375	329	379.255
94	maps/mazes/maze_021.map	512	512	72	235	26	45	379.497
94	maps/mazes/maze_021.map	512	512	252	0	187	85	379.255
94	maps/mazes/maze_021.map	512	512	376	185	364	109	379.983
93	maps/mazes/maze_021.map	512	512	87	76	221	100	375.841
93	maps/mazes/maze_021.map	512	512	206	497	229	417	375.811
93	maps/mazes/maze_021.map	512	512	20	136	40	210	375.255
68	maps/mazes/maze_021.map	512	512	2	168	1	70	272.598
47	maps/mazes/maze_021.map	512	512	480	162	445	234	188.355
93	maps/mazes/maze_021.map	512	512	476	297	364	322	375.669
93	maps/mazes/maze_021.map	512	512	104	106	227	84	375.426
93	maps/mazes/maze_021.map	512	512	112	131	212	89	375.012
93	maps/mazes/maze_021.map	512	512	402	401	416	356	375.184
93	maps/mazes/maze_021.map	512	512	321	308	340	207	375.255
93	maps/mazes/maze_021.map	512	512	349	153	269	99	375.497
93	maps/mazes/maze_021.map	512	512	90	108	211	89	375.841
92	maps/mazes/maze_021.map	512	512	282	476	219	393	371.397
92	maps/mazes/maze_021.map	512	512	128	305	96	317	371.841
92	maps/mazes/maze_021.map	512	512	388	101	433	145	371.468
92	maps/mazes/maze_021.map	512	512	505	116	485	161	371.326
92	maps/mazes/maze_021.map	512	512	489	345	361	329	371.841
92	maps/mazes/maze_021.map	512	512	409	30	416	64	371.811
92	maps/mazes/maze_021.map	512	512	237	175	249	211	371.255
92	maps/mazes/maze_021.map	512	512	61	207	33	41	371.497
92	maps/mazes/maze_021.map	512	512	237	456	202	388	371.225
91	maps/mazes/maze_021.map	512	512	144	363	229	258	367.598
91	maps/mazes/maze_021.map	512	512	253	341	248	148	367.841
91	maps/mazes/maze_021.map	512	512	95	116	237	89	367.669
91	maps/mazes/maze_021.map	512	512	308	93	326	165	367.598
91	maps/mazes/maze_021.map	512	512	509	365	421	347	367.497
91	maps/mazes/maze_021.map	512	512	446	196	334	196	367.74
91	maps/mazes/maze_021.map	512	512	236	143	307	117	367.083
91	maps/mazes/maze_021.map	512	512	284	308	270	224	367.74
91	maps/mazes/maze_021.map	512	512	220	128	240	247	367.912
90	maps/mazes/maze_021.map	512	512	196	431	129	337	363.912
90	maps/mazes/maze_021.map	512	512	368	79	428	115	363.64
90	maps/mazes/maze_021.map	512	512	333	350	346	249	362.669
90	maps/mazes/maze_021.map	512	512	196	238	246	165	363.912
90	maps/mazes/maze_021.map	512	512	68	312	24	384	363.497
90	maps/mazes/maze_021.map	512	512	325	355	396	444	363.497
90	maps/mazes/maze_021.map	512	512	495	441	441	388	363.184
90	maps/mazes/maze_021.map	512	512	313	309	265	233	363.154
90	maps/mazes/maze_021.map	512	512	135	192	160	286	363.811
90	maps/mazes/maze_021.map	512	512	372	507	476	456	363.669
89	maps/mazes/maze_021.map	512	512	455	340	329	320	359.255
89	maps/mazes/maze_021.map	512	512	465	24	429	80	359.154
89	maps/mazes/maze_021.map	512	512	157	327	264	304	359.64
89	maps/mazes/maze_021.map	512	512	279	189	284	88	359.012
89	maps/mazes/maze_021.map	512	512	80	108	167	109	359.598
89	maps/mazes/maze_021.map	512	512	508	24	440	13	359.669
89	maps/mazes/maze_021.map	512	512	444	53	344	13	359.74
89	maps/mazes/maze_021.map	512	512	77	296	64	161	359.255
89	maps/mazes/maze_021.map	512	512	252	217	299	96	359.74
89	maps/mazes/maze_021.map	512	512	428	421	431	504	359.983
88	maps/mazes/maze_021.map	512	512	388	471	429	448	355.497
88	maps/mazes/maze_021.map	512	512	297	276	334	181	355.255
88	maps/mazes/maze_021.map	512	512	221	475	278	440	355.983
88	maps/mazes/maze_021.map	512	512	17	165	21	3	355.255
88	maps/mazes/maze_021.map	512	512	341	502	385	444	355.154
88	maps/mazes/maze_021.map	512	512	102	444	53	506	355.326
88	maps/mazes/maze_021.map	512	512	86	13	89	67	355.912
88	maps/mazes/maze_021.map	512	512	316	360	256	210	355.497
88	maps/mazes/maze_021.map	512	512	90	128	25	6	355.426
88	maps/mazes/maze_021.map	512	512	404	466	429	493	355.397
87	maps/mazes/maze_021.map	512	512	488	359	361	334	351.012
87	maps/mazes/maze_021.map	512	512	182	265	258	225	351.154
87	maps/mazes/maze_021.map	512	512	325	87	293	111	351.598
87	maps/mazes/maze_021.map	512	512	396	309	317	301	351.669
87	maps/mazes/maze_021.map	512	512	377	74	413	118	351.397
87	maps/mazes/maze_021.map	512	512	156	325	266	308	351.811
87	maps/mazes/maze_021.map	512	512	9	489	52	469	350.841
87	maps/mazes/maze_021.map	512	512	121	439	197	488	351.426
87	maps/mazes/maze_021.map	512	512	248	167	208	291	351.841
87	maps/mazes/maze_021.map	512	512	435	97	420	159	351.569
86	maps/mazes/maze_021.map	512	512	41	256	60	207	347.497
86	maps/mazes/maze_021.map	512	512	478	492	446	432	347.012
86	maps/mazes/maze_021.map	512	512	236	501	201	467	347.083
86	maps/mazes/maze_021.map	512	512	200	100	271	100	347.426
86	maps/mazes/maze_021.map	512	512	292	382	327	340	347.569
86	maps/mazes/maze_021.map	512	512	258	356	276	215	347.083
86	maps/mazes/maze_021.map	512	512	289	37	213	67	347.255
86	maps/mazes/maze_021.map	512	512	265	135	271	93	347.941
57	maps/mazes/maze_021.map	512	512	427	161	389	125	228.527
86	maps/mazes/maze_021.map	512	512	73	433	181	507	347.841
86	maps/mazes/maze_021.map	512	512	406	156	321	88	347.912
85	maps/mazes/maze_021.map	512	512	483	273	415	241	343.497
85	maps/mazes/maze_021.map	512	512	40	340	21	305	343.598
85	maps/mazes/maze_021.map	512	512	79	77	204	93	343.426
85	maps/mazes/maze_021.map	512	512	441	296	445	277	343.912
85	maps/mazes/maze_021.map	512	512	144	156	252	77	343.77
85	maps/mazes/maze_021.map	512	512	380	208	332	186	343.497
85	maps/mazes/maze_021.map	512	512	234	312	251	209	343.598
85	maps/mazes/maze_021.map	512	512	119	481	47	488	343.669
85	maps/mazes/maze_021.map	512	512	9	319	56	184	343.355
85	maps/mazes/maze_021.map	512	512	470	469	432	452	343.184
84	maps/mazes/maze_021.map	512	512	155	73	77	33	339.841
84	maps/mazes/maze_021.map	512	512	224	276	184	363	339.77
84	maps/mazes/maze_021.map	512	512	361	124	273	97	339.669
84	maps/mazes/maze_021.map	512	512	62	145	20	54	338.74
84	maps/mazes/maze_021.map	512	512	208	166	268	66	339.012
11	maps/mazes/maze_021.map	512	512	24	296	4	303	46.8995
8	maps/mazes/maze_021.map	512	512	413	438	421	441	35.2426
14	maps/mazes/maze_021.map	512	512	286	133	265	124	56.2426
68	maps/mazes/maze_021.map	512	512	20	121	17	5	275.284
84	maps/mazes/maze_021.map	512	512	85	182	35	16	339.255
84	maps/mazes/maze_021.map	512	512	353	473	414	336	339.255
84	maps/mazes/maze_021.map	512	512	472	416	413	381	339.598
84	maps/mazes/maze_021.map	512	512	404	80	295	61	339.497
84	maps/mazes/maze_021.map	512	512	231	177	264	213	339.77
83	maps/mazes/maze_021.map	512	512	116	229	186	229	335.397
83	maps/mazes/maze_021.map	512	512	365	53	245	84	335.569
83	maps/mazes/maze_021.map	512	512	476	135	353	145	335.912
83	maps/mazes/maze_021.map	512	512	397	2	289	64	335.598
83	maps/mazes/maze_021.map	512	512	95	260	184	230	334.983
83	maps/mazes/maze_021.map	512	512	480	308	364	321	335.184
83	maps/mazes/maze_021.map	512	512	16	453	36	500	335.912
83	maps/mazes/maze_021.map	512	512	244	358	260	200	335.255
83	maps/mazes/maze_021.map	512	512	196	218	26	125	335.083
83	maps/mazes/maze_021.map	512	512	56	387	207	389	335.569
82	maps/mazes/maze_021.map	512	512	413	413	430	348	331.012
82	maps/mazes/maze_021.map	512	512	136	108	58	9	331.184
82	maps/mazes/maze_021.map	512	512	180	452	202	388	331.397
82	maps/mazes/maze_021.map	512	512	192	141	277	66	331.598
82	maps/mazes/maze_021.map	512	512	360	401	323	249	331.669
82	maps/mazes/maze_021.map	512	512	49	424	144	496	331.912
82	maps/mazes/maze_021.map	512	512	493	457	448	489	331.77
82	maps/mazes/maze_021.map	512	512	200	425	184	499	331.054
82	maps/mazes/maze_021.map	512	512	356	298	350	244	331.255
82	maps/mazes/maze_021.map	512	512	12	345	5	278	331.355
81	maps/mazes/maze_021.map	512	512	16	68	66	29	327.184
81	maps/mazes/maze_021.map	512	512	245	476	239	396	327.74
81	maps/mazes/maze_021.map	512	512	111	237	189	230	327.569
81	maps/mazes/maze_021.map	512	512	100	392	196	266	327.598
81	maps/mazes/maze_021.map	512	512	465	305	351	317	327.941
81	maps/mazes/maze_021.map	512	512	400	286	320	291	327.426
81	maps/mazes/maze_021.map	512	512	40	328	21	371	327.012
81	maps/mazes/maze_021.map	512	512	193	76	284	85	327.598
81	maps/mazes/maze_021.map	512	512	365	410	317	305	327.912
80	maps/mazes/maze_021.map	512	512	364	291	293	157	323.77
80	maps/mazes/maze_021.map	512	512	213	28	206	93	323.841
80	maps/mazes/maze_021.map	512	512	79	424	180	494	323.77
80	maps/mazes/maze_021.map	512	512	437	171	359	129	323.255
80	maps/mazes/maze_021.map	512	512	73	60	190	89	323.012
80	maps/mazes/maze_021.map	512	512	411	256	385	233	323.669
80	maps/mazes/maze_021.map	512	512	176	8	217	40	323.912
80	maps/mazes/maze_021.map	512	512	193	37	188	83	323.426
80	maps/mazes/maze_021.map	512	512	179	336	257	264	323.74
80	maps/mazes/maze_021.map	512	512	300	297	276	239	323.497
50	maps/mazes/maze_021.map	512	512	374	221	390	216	200.941
79	maps/mazes/maze_021.map	512	512	135	485	188	474	319.941
79	maps/mazes/maze_021.map	512	512	144	304	230	417	319.426
79	maps/mazes/maze_021.map	512	512	400	394	401	361	319.941
79	maps/mazes/maze_021.map	512	512	69	60	180	95	319.598
79	maps/mazes/maze_021.map	512	512	349	88	248	135	319.012
79	maps/mazes/maze_021.map	512	512	229	85	252	158	319.255
79	maps/mazes/maze_021.map	512	512	492	44	440	35	319.426
79	maps/mazes/maze_021.map	512	512	414	93	438	152	319.326
79	maps/mazes/maze_021.map	512	512	245	337	254	240	319.598
79	maps/mazes/maze_021.map	512	512	294	177	276	157	319.841
78	maps/mazes/maze_021.map	512	512	196	49	197	53	315.912
78	maps/mazes/maze_021.map	512	512	261	409	228	393	315.912
78	maps/mazes/maze_021.map	512	512	12	161	25	6	315.841
78	maps/mazes/maze_021.map	512	512	85	365	45	339	315.255
78	maps/mazes/maze_021.map	512	512	294	452	240	414	315.497
78	maps/mazes/maze_021.map	512	512	408	41	429	65	315.326
78	maps/mazes/maze_021.map	512	512	15	76	10	5	315.598
78	maps/mazes/maze_021.map	512	512	289	217	273	157	315.841
78	maps/mazes/maze_021.map	512	512	36	217	23	125	315.184
78	maps/mazes/maze_021.map	512	512	313	255	367	217	315.255
77	maps/mazes/maze_021.map	512	512	489	119	503	169	311.255
77	maps/mazes/maze_021.map	512	512	125	425	140	352	311.012
77	maps/mazes/maze_021.map	512	512	188	341	257	274	311.74
77	maps/mazes/maze_021.map	512	512	128	384	209	285	311.012
77	maps/mazes/maze_021.map	512	512	389	164	388	117	311.255
77	maps/mazes/maze_021.map	512	512	439	252	333	180	311.255
77	maps/mazes/maze_021.map	512	512	148	238	177	286	311.426
77	maps/mazes/maze_021.map	512	512	366	304	350	244	311.841
77	maps/mazes/maze_021.map	512	512	260	387	262	257	311.841
77	maps/mazes/maze_021.map	512	512	228	349	265	336	311.74
76	maps/mazes/maze_021.map	512	512	242	236	264	112	307.841
76	maps/mazes/maze_021.map	512	512	336	244	286	164	307.012
76	maps/mazes/maze_021.map	512	512	60	229	58	153	307.598
76	maps/mazes/maze_021.map	512	512	498	272	427	248	307.426
76	maps/mazes/maze_021.map	512	512	248	230	260	101	307.426
76	maps/mazes/maze_021.map	512	512	41	243	92	185	307.426
76	maps/mazes/maze_021.map	512	512	264	360	265	230	307.426
76	maps/mazes/maze_021.map	512	512	244	5	184	62	307.184
76	maps/mazes/maze_021.map	512	512	173	167	270	93	307.426
76	maps/mazes/maze_021.map	512	512	231	360	266	336	307.912
75	maps/mazes/maze_021.map	512	512	117	442	189	505	303.184
75	maps/mazes/maze_021.map	512	512	4	37	67	29	303.77
75	maps/mazes/maze_021.map	512	512	153	254	213	242	303.154
75	maps/mazes/maze_021.map	512	512	214	60	128	96	303.113
75	maps/mazes/maze_021.map	512	512	455	501	452	444	303.941
75	maps/mazes/maze_021.map	512	512	365	460	410	345	303.255
75	maps/mazes/maze_021.map	512	512	453	292	369	324	303.355
75	maps/mazes/maze_021.map	512	512	88	29	73	58	303.012
75	maps/mazes/maze_021.map	512	512	460	145	375	124	303.012
75	maps/mazes/maze_021.map	512	512	36	460	123	468	303.669
74	maps/mazes/maze_021.map	512	512	215	321	249	212	299.184
74	maps/mazes/maze_021.map	512	512	65	218	45	192	299.598
74	maps/mazes/maze_021.map	512	512	325	349	331	268	299.77
74	maps/mazes/maze_021.map	512	512	1	363	9	294	299.426
74	maps/mazes/maze_021.map	512	512	57	105	21	3	299.941
74	maps/mazes/maze_021.map	512	512	132	340	232	256	299.941
74	maps/mazes/maze_021.map	512	512	509	315	428	352	299.012
74	maps/mazes/maze_021.map	512	512	193	208	34	141	299.841
74	maps/mazes/maze_021.map	512	512	193	209	36	141	298.841
74	maps/mazes/maze_021.map	512	512	468	190	365	228	299.569
16	maps/mazes/maze_021.map	512	512	5	169	9	201	67.0711
73	maps/mazes/maze_021.map	512	512	197	429	172	356	295.255
73	maps/mazes/maze_021.map	512	512	58	336	30	333	295.426
73	maps/mazes/maze_021.map	512	512	116	475	52	501	295.012
73	maps/mazes/maze_021.map	512	512	280	252	237	257	295.255
73	maps/mazes/maze_021.map	512	512	408	349	323	249	295.527
73	maps/mazes/maze_021.map	512	512	238	104	318	68	295.941
73	maps/mazes/maze_021.map	512	512	492	234	389	237	295.497
73	maps/mazes/maze_021.map	512	512	239	284	208	302	295.426
73	maps/mazes/maze_021.map	512	512	428	461	472	501	295.941
72	maps/mazes/maze_021.map	512	512	363	300	405	414	291.355
72	maps/mazes/maze_021.map	512	512	257	428	289	435	290.74
72	maps/mazes/maze_021.map	512	512	396	157	345	110	291.012
72	maps/mazes/maze_021.map	512	512	493	164	400	248	291.326
72	maps/mazes/maze_021.map	512	512	2	396	24	254	291.113
72	maps/mazes/maze_021.map	512	512	397	58	302	61	291.255
72	maps/mazes/maze_021.map	512	512	473	497	461	452	291.77
72	maps/mazes/maze_021.map	512	512	185	5	203	61	290.669
72	maps/mazes/maze_021.map	512	512	68	438	111	508	291.426
71	maps/mazes/maze_021.map	512	512	8	295	57	175	287.87
71	maps/mazes/maze_021.map	512	512	420	393	328	318	287.77
71	maps/mazes/maze_021.map	512	512	143	244	154	288	287.77
71	maps/mazes/maze_021.map	512	512	108	193	9	80	287.012
71	maps/mazes/maze_021.map	512	512	77	444	102	508	287.184
71	maps/mazes/maze_021.map	512	512	192	56	216	84	287.113
71	maps/mazes/maze_021.map	512	512	394	357	440	347	287.355
71	maps/mazes/maze_021.map	512	512	468	175	391	241	287.669
71	maps/mazes/maze_021.map	512	512	477	463	417	477	287.113
71	maps/mazes/maze_021.map	512	512	274	401	217	394	287.841
70	maps/mazes/maze_021.map	512	512	423	192	331	153	283.426
70	maps/mazes/maze_021.map	512	512	0	476	47	488	283.184
70	maps/mazes/maze_021.map	512	512	71	341	32	333	283.426
70	maps/mazes/maze_021.map	512	512	249	231	169	297	283.113
70	maps/mazes/maze_021.map	512	512	317	274	332	192	283.77
70	maps/mazes/maze_021.map	512	512	509	317	439	348	283.184
70	maps/mazes/maze_021.map	512	512	113	340	90	284	283.184
70	maps/mazes/maze_021.map	512	512	464	193	372	225	283.74
70	maps/mazes/maze_021.map	512	512	465	189	365	220	283.326
69	maps/mazes/maze_021.map	512	512	233	41	194	89	279.77
69	maps/mazes/maze_021.map	512	512	256	356	280	256	279.598
69	maps/mazes/maze_021.map	512	512	288	7	210	61	279.598
69	maps/mazes/maze_021.map	512	512	100	457	69	486	279.598
69	maps/mazes/maze_021.map	512	512	138	480	162	508	279.698
69	maps/mazes/maze_021.map	512	512	500	7	460	2	279.77
69	maps/mazes/maze_021.map	512	512	243	16	182	69	279.355
69	maps/mazes/maze_021.map	512	512	428	145	454	109	279.841
69	maps/mazes/maze_021.map	512	512	233	454	253	417	279.083
69	maps/mazes/maze_021.map	512	512	327	444	239	397	279.669
68	maps/mazes/maze_021.map	512	512	140	325	255	344	275.497
68	maps/mazes/maze_021.map	512	512	61	335	40	337	275.77
68	maps/mazes/maze_021.map	512	512	229	268	241	185	275.184
68	maps/mazes/maze_021.map	512	512	179	336	264	306	275.326
68	maps/mazes/maze_021.map	512	512	240	237	171	297	275.284
68	maps/mazes/maze_021.map	512	512	81	341	61	251	275.598
68	maps/mazes/maze_021.map	512	512	2	140	21	8	275.184
68	maps/mazes/maze_021.map	512	512	235	380	277	241	275.77
67	maps/mazes/maze_021.map	512	512	421	390	340	321	271.113
67	maps/mazes/maze_021.map	512	512	337	332	348	245	271.941
67	maps/mazes/maze_021.map	512	512	136	225	148	283	271.841
67	maps/mazes/maze_021.map	512	512	37	220	47	149	271.527
67	maps/mazes/maze_021.map	512	512	509	30	480	3	271.355
67	maps/mazes/maze_021.map	512	512	270	224	282	113	271.77
67	maps/mazes/maze_021.map	512	512	309	344	348	270	270.941
67	maps/mazes/maze_021.map	512	512	432	150	388	127	271.77
67	maps/mazes/maze_021.map	512	512	137	367	204	292	271.355
67	maps/mazes/maze_021.map	512	512	471	292	408	332	271.184
66	maps/mazes/maze_021.map	512	512	149	140	205	86	267.698
66	maps/mazes/maze_021.map	512	512	56	77	137	104	267.841
66	maps/mazes/maze_021.map	512	512	441	133	364	150	267.841
66	maps/mazes/maze_021.map	512	512	264	148	376	233	267.184
66	maps/mazes/maze_021.map	512	512	397	94	442	96	267.184
66	maps/mazes/maze_021.map	512	512	93	424	132	324	266.598
66	maps/mazes/maze_021.map	512	512	93	345	88	296	267.355
66	maps/mazes/maze_021.map	512	512	66	336	33	340	267.77
66	maps/mazes/maze_021.map	512	512	49	75	64	8	267.698
66	maps/mazes/maze_021.map	512	512	24	304	41	207	267.698
65	maps/mazes/maze_021.map	512	512	182	412	163	296	263.184
65	maps/mazes/maze_021.map	512	512	385	82	471	92	263.841
65	maps/mazes/maze_021.map	512	512	93	176	12	72	263.184
65	maps/mazes/maze_021.map	512	512	101	405	190	296	263.012
65	maps/mazes/maze_021.map	512	512	396	210	336	194	263.598
65	maps/mazes/maze_021.map	512	512	105	157	23	125	263.841
65	maps/mazes/maze_021.map	512	512	428	305	461	280	263.598
60	maps/mazes/maze_021.map	512	512	92	220	35	236	241.77
65	maps/mazes/maze_021.map	512	512	168	144	248	153	263.77
65	maps/mazes/maze_021.map	512	512	144	205	77	165	263.426
65	maps/mazes/maze_021.map	512	512	32	388	126	344	263.255
64	maps/mazes/maze_021.map	512	512	108	216	97	256	259.184
64	maps/mazes/maze_021.map	512	512	254	364	280	252	259.355
64	maps/mazes/maze_021.map	512	512	185	282	228	243	259.255
64	maps/mazes/maze_021.map	512	512	148	85	74	13	259.012
55	maps/mazes/maze_021.map	512	512	318	36	385	75	221.355
64	maps/mazes/maze_021.map	512	512	56	93	35	5	259.87
64	maps/mazes/maze_021.map	512	512	480	232	405	234	259.669
64	maps/mazes/maze_021.map	512	512	284	356	268	312	259.841
64	maps/mazes/maze_021.map	512	512	409	302	452	288	259.184
64	maps/mazes/maze_021.map	512	512	86	316	69	245	259.012
64	maps/mazes/maze_021.map	512	512	77	409	169	356	259.77
63	maps/mazes/maze_021.map	512	512	289	185	276	120	255.113
63	maps/mazes/maze_021.map	512	512	148	41	93	14	255.841
63	maps/mazes/maze_021.map	512	512	95	488	56	477	255.598
63	maps/mazes/maze_021.map	512	512	149	60	53	26	255.355
63	maps/mazes/maze_021.map	512	512	45	367	23	357	255.113
63	maps/mazes/maze_021.map	512	512	508	75	456	15	255.698
63	maps/mazes/maze_021.map	512	512	349	317	353	256	255.527
63	maps/mazes/maze_021.map	512	512	222	149	281	88	255.698
63	maps/mazes/maze_021.map	512	512	424	435	491	432	255.113
63	maps/mazes/maze_021.map	512	512	283	392	328	342	255.669
62	maps/mazes/maze_021.map	512	512	376	308	332	276	251.355
62	maps/mazes/maze_021.map	512	512	376	288	332	180	251.941
62	maps/mazes/maze_021.map	512	512	200	242	256	224	251.598
62	maps/mazes/maze_021.map	512	512	116	211	97	268	251.598
62	maps/mazes/maze_021.map	512	512	420	30	466	32	251.355
62	maps/mazes/maze_021.map	512	512	457	159	356	122	251.941
62	maps/mazes/maze_021.map	512	512	236	228	246	153	250.941
62	maps/mazes/maze_021.map	512	512	264	37	188	81	251.698
62	maps/mazes/maze_021.map	512	512	369	450	412	344	251.184
62	maps/mazes/maze_021.map	512	512	491	57	478	13	251.87
61	maps/mazes/maze_021.map	512	512	342	376	419	329	247.355
61	maps/mazes/maze_021.map	512	512	266	16	217	49	247.941
61	maps/mazes/maze_021.map	512	512	165	495	204	483	247.627
61	maps/mazes/maze_021.map	512	512	79	77	9	1	247.698
61	maps/mazes/maze_021.map	512	512	89	355	48	304	247.355
61	maps/mazes/maze_021.map	512	512	388	437	461	371	247.77
61	maps/mazes/maze_021.map	512	512	227	73	227	89	247.698
61	maps/mazes/maze_021.map	512	512	41	308	21	344	247.941
61	maps/mazes/maze_021.map	512	512	119	297	211	249	247.255
61	maps/mazes/maze_021.map	512	512	330	365	320	259	247.113
60	maps/mazes/maze_021.map	512	512	381	117	277	68	243.77
60	maps/mazes/maze_021.map	512	512	254	36	188	82	243.113
60	maps/mazes/maze_021.map	512	512	108	217	93	244	243.355
60	maps/mazes/maze_021.map	512	512	172	41	111	49	243.527
60	maps/mazes/maze_021.map	512	512	285	174	319	164	243.941
60	maps/mazes/maze_021.map	512	512	47	465	115	437	243.012
60	maps/mazes/maze_021.map	512	512	70	237	33	138	243.113
60	maps/mazes/maze_021.map	512	512	425	224	367	161	243.284
59	maps/mazes/maze_021.map	512	512	456	137	356	122	239.527
59	maps/mazes/maze_021.map	512	512	301	129	292	120	239.456
59	maps/mazes/maze_021.map	512	512	484	261	496	255	239.698
59	maps/mazes/maze_021.map	512	512	271	136	298	109	239.698
59	maps/mazes/maze_021.map	512	512	287	273	333	181	239.698
59	maps/mazes/maze_021.map	512	512	124	144	21	125	239.355
59	maps/mazes/maze_021.map	512	512	255	453	256	420	239.255
59	maps/mazes/maze_021.map	512	512	72	390	136	308	239.841
59	maps/mazes/maze_021.map	512	512	427	13	474	41	239.77
58	maps/mazes/maze_021.map	512	512	133	409	129	393	235.698
58	maps/mazes/maze_021.map	512	512	179	504	201	465	235.184
58	maps/mazes/maze_021.map	512	512	293	390	326	341	235.255
58	maps/mazes/maze_021.map	512	512	371	41	310	40	235.698
58	maps/mazes/maze_021.map	512	512	54	209	52	153	235.456
10	maps/mazes/maze_021.map	512	512	316	316	314	280	43.0711
58	maps/mazes/maze_021.map	512	512	228	502	229	423	235.941
58	maps/mazes/maze_021.map	512	512	440	226	382	233	234.598
58	maps/mazes/maze_021.map	512	512	33	440	120	464	235.77
58	maps/mazes/maze_021.map	512	512	121	180	9	108	235.698
57	maps/mazes/maze_021.map	512	512	459	316	374	328	231.627
57	maps/mazes/maze_021.map	512	512	493	509	440	488	231.213
57	maps/mazes/maze_021.map	512	512	176	4	221	31	231.941
57	maps/mazes/maze_021.map	512	512	188	461	272	421	231.113
57	maps/mazes/maze_021.map	512	512	40	4	100	79	231.87
57	maps/mazes/maze_021.map	512	512	386	312	414	393	231.87
57	maps/mazes/maze_021.map	512	512	457	197	390	241	231.77
57	maps/mazes/maze_021.map	512	512	432	354	428	335	231.527
57	maps/mazes/maze_021.map	512	512	0	474	33	508	231.527
56	maps/mazes/maze_021.map	512	512	261	424	275	460	227.012
56	maps/mazes/maze_021.map	512	512	58	168	13	71	227.355
56	maps/mazes/maze_021.map	512	512	434	96	425	117	227.355
56	maps/mazes/maze_021.map	512	512	492	173	452	230	227.527
27	maps/mazes/maze_021.map	512	512	388	281	432	324	111.385
56	maps/mazes/maze_021.map	512	512	312	304	274	292	227.941
56	maps/mazes/maze_021.map	512	512	4	169	12	104	227.284
56	maps/mazes/maze_021.map	512	512	257	406	284	430	227.77
56	maps/mazes/maze_021.map	512	512	499	60	480	8	227.284
56	maps/mazes/maze_021.map	512	512	39	112	43	13	227.042
56	maps/mazes/maze_021.map	512	512	360	296	332	268	227.698
55	maps/mazes/maze_021.map	512	512	133	489	189	504	223.627
55	maps/mazes/maze_021.map	512	512	424	19	413	72	223.012
55	maps/mazes/maze_021.map	512	512	502	404	468	380	223.456
55	maps/mazes/maze_021.map	512	512	244	256	257	189	223.941
55	maps/mazes/maze_021.map	512	512	25	262	69	177	223.87
55	maps/mazes/maze_021.map	512	512	469	29	436	35	223.527
55	maps/mazes/maze_021.map	512	512	193	400	268	440	223.527
55	maps/mazes/maze_021.map	512	512	68	80	151	105	223.456
55	maps/mazes/maze_021.map	512	512	358	453	426	372	223.77
54	maps/mazes/maze_021.map	512	512	97	168	11	97	219.284
54	maps/mazes/maze_021.map	512	512	417	314	457	267	219.527
54	maps/mazes/maze_021.map	512	512	301	358	265	319	219.527
54	maps/mazes/maze_021.map	512	512	112	508	52	477	219.527
54	maps/mazes/maze_021.map	512	512	464	111	500	188	219.527
54	maps/mazes/maze_021.map	512	512	109	433	109	367	219.113
54	maps/mazes/maze_021.map	512	512	244	225	204	270	219.627
54	maps/mazes/maze_021.map	512	512	289	508	237	472	219.698
54	maps/mazes/maze_021.map	512	512	268	77	331	113	219.042
54	maps/mazes/maze_021.map	512	512	176	110	228	84	219.213
53	maps/mazes/maze_021.map	512	512	178	260	184	232	215.355
53	maps/mazes/maze_021.map	512	512	145	505	190	485	215.142
53	maps/mazes/maze_021.map	512	512	498	293	409	239	215.527
53	maps/mazes/maze_021.map	512	512	395	420	359	349	215.627
53	maps/mazes/maze_021.map	512	512	252	459	266	440	215.77
53	maps/mazes/maze_021.map	512	512	108	227	99	241	215.77
53	maps/mazes/maze_021.map	512	512	248	100	247	73	215.698
53	maps/mazes/maze_021.map	512	512	201	454	208	397	215.698
53	maps/mazes/maze_021.map	512	512	260	242	192	293	215.627
53	maps/mazes/maze_021.map	512	512	241	369	263	285	215.598
52	maps/mazes/maze_021.map	512	512	0	49	25	7	211.284
52	maps/mazes/maze_021.map	512	512	165	253	193	233	211.355
52	maps/mazes/maze_021.map	512	512	21	193	21	53	211.698
52	maps/mazes/maze_021.map	512	512	253	11	223	57	211.941
52	maps/mazes/maze_021.map	512	512	387	141	468	88	211.113
52	maps/mazes/maze_021.map	512	512	112	96	201	92	211.627
52	maps/mazes/maze_021.map	512	512	398	497	462	432	211.042
52	maps/mazes/maze_021.map	512	512	85	184	9	81	211.284
52	maps/mazes/maze_021.map	512	512	309	485	209	459	211.113
52	maps/mazes/maze_021.map	512	512	370	145	338	93	211.113
51	maps/mazes/maze_021.map	512	512	414	457	380	501	207.598
51	maps/mazes/maze_021.map	512	512	101	39	63	29	207.698
51	maps/mazes/maze_021.map	512	512	470	405	436	395	207.456
51	maps/mazes/maze_021.map	512	512	356	508	351	425	207.698
51	maps/mazes/maze_021.map	512	512	6	436	6	493	207.77
51	maps/mazes/maze_021.map	512	512	36	494	96	455	207.284
51	maps/mazes/maze_021.map	512	512	385	148	344	109	207.698
26	maps/mazes/maze_021.map	512	512	459	249	509	236	105.142
51	maps/mazes/maze_021.map	512	512	453	488	419	484	207.456
51	maps/mazes/maze_021.map	512	512	16	104	32	35	207.284
51	maps/mazes/maze_021.map	512	512	465	385	425	372	207.87
50	maps/mazes/maze_021.map	512	512	346	12	284	83	203.284
50	maps/mazes/maze_021.map	512	512	83	292	80	229	203.698
50	maps/mazes/maze_021.map	512	512	359	144	364	108	203.284
50	maps/mazes/maze_021.map	512	512	50	292	13	332	203.527
50	maps/mazes/maze_021.map	512	512	285	189	252	124	203.213
50	maps/mazes/maze_021.map	512	512	28	155	45	17	203.87
50	maps/mazes/maze_021.map	512	512	7	288	39	213	202.799
50	maps/mazes/maze_021.map	512	512	289	213	336	173	203.627
50	maps/mazes/maze_021.map	512	512	246	189	269	97	203.87
49	maps/mazes/maze_021.map	512	512	176	141	241	124	199.113
49	maps/mazes/maze_021.map	512	512	463	112	501	180	199.113
49	maps/mazes/maze_021.map	512	512	433	411	394	464	199.941
49	maps/mazes/maze_021.map	512	512	409	122	472	93	199.355
49	maps/mazes/maze_021.map	512	512	160	116	210	89	199.971
49	maps/mazes/maze_021.map	512	512	345	509	331	452	199.527
49	maps/mazes/maze_021.map	512	512	434	428	458	493	199.042
49	maps/mazes/maze_021.map	512	512	411	365	332	321	199.042
49	maps/mazes/maze_021.map	512	512	365	209	304	159	199.87
49	maps/mazes/maze_021.map	512	512	140	477	156	485	199.456
48	maps/mazes/maze_021.map	512	512	325	292	331	269	195.627
48	maps/mazes/maze_021.map	512	512	101	230	45	149	195.627
48	maps/mazes/maze_021.map	512	512	313	387	309	377	195.113
48	maps/mazes/maze_021.map	512	512	194	500	171	456	195.042
48	maps/mazes/maze_021.map	512	512	129	293	181	253	195.598
48	maps/mazes/maze_021.map	512	512	224	229	272	215	195.113
48	maps/mazes/maze_021.map	512	512	52	353	21	365	195.042
48	maps/mazes/maze_021.map	512	512	317	216	309	161	195.87
48	maps/mazes/maze_021.map	512	512	16	197	8	120	195.87
48	maps/mazes/maze_021.map	512	512	117	132	157	104	195.456
47	maps/mazes/maze_021.map	512	512	433	56	382	37	191.698
47	maps/mazes/maze_021.map	512	512	153	306	209	277	191.627
47	maps/mazes/maze_021.map	512	512	214	144	244	167	191.042
47	maps/mazes/maze_021.map	512	512	81	185	12	97	191.042
47	maps/mazes/maze_021.map	512	512	89	162	18	125	191.113
47	maps/mazes/maze_021.map	512	512	489	346	439	344	190.627
47	maps/mazes/maze_021.map	512	512	501	308	457	347	191.042
46	maps/mazes/maze_021.map	512	512	258	393	277	441	187.87
46	maps/mazes/maze_021.map	512	512	460	74	413	123	187.113
46	maps/mazes/maze_021.map	512	512	348	276	327	317	187.799
46	maps/mazes/maze_021.map	512	512	181	50	114	32	187.284
46	maps/mazes/maze_021.map	512	512	485	293	424	248	187.456
46	maps/mazes/maze_021.map	512	512	180	340	252	345	187.77
46	maps/mazes/maze_021.map	512	512	40	148	43	28	187.87
46	maps/mazes/maze_021.map	512	512	102	341	82	300	187.627
46	maps/mazes/maze_021.map	512	512	103	341	81	300	187.627
46	maps/mazes/maze_021.map	512	512	409	412	392	337	187.799
45	maps/mazes/maze_021.map	512	512	217	374	268	309	183.941
45	maps/mazes/maze_021.map	512	512	144	300	209	273	183.213
45	maps/mazes/maze_021.map	512	512	325	401	288	396	183.456
45	maps/mazes/maze_021.map	512	512	262	201	252	253	183.113
45	maps/mazes/maze_021.map	512	512	422	408	381	336	183.385
45	maps/mazes/maze_021.map	512	512	270	305	280	207	183.698
45	maps/mazes/maze_021.map	512	512	301	185	341	215	183.556
45	maps/mazes/maze_021.map	512	512	497	163	460	230	183.113
45	maps/mazes/maze_021.map	512	512	246	240	200	286	183.799
45	maps/mazes/maze_021.map	512	512	155	460	126	484	182.799
44	maps/mazes/maze_021.map	512	512	68	109	78	32	179.042
44	maps/mazes/maze_021.map	512	512	415	24	421	58	179.113
44	maps/mazes/maze_021.map	512	512	232	316	221	268	179.971
44	maps/mazes/maze_021.map	512	512	344	27	268	67	179.456
44	maps/mazes/maze_021.map	512	512	292	255	346	244	179.87
44	maps/mazes/maze_021.map	512	512	284	284	336	226	179.456
44	maps/mazes/maze_021.map	512	512	75	488	45	484	179.456
44	maps/mazes/maze_021.map	512	512	44	169	30	124	179.284
44	maps/mazes/maze_021.map	512	512	273	25	243	37	179.213
43	maps/mazes/maze_021.map	512	512	303	105	247	165	175.456
43	maps/mazes/maze_021.map	512	512	381	372	395	337	175.627
43	maps/mazes/maze_021.map	512	512	187	216	170	177	175.698
43	maps/mazes/maze_021.map	512	512	341	283	357	222	175.627
43	maps/mazes/maze_021.map	512	512	354	0	320	49	175.627
43	maps/mazes/maze_021.map	512	512	380	84	450	93	175.87
43	maps/mazes/maze_021.map	512	512	129	37	102	49	175.87
43	maps/mazes/maze_021.map	512	512	16	239	69	178	175.799
43	maps/mazes/maze_021.map	512	512	263	453	276	435	175.77
43	maps/mazes/maze_021.map	512	512	160	431	147	376	175.456
42	maps/mazes/maze_021.map	512	512	107	192	47	149	171.87
42	maps/mazes/maze_021.map	512	512	210	412	154	352	171.799
42	maps/mazes/maze_021.map	512	512	457	295	438	337	171.042
42	maps/mazes/maze_021.map	512	512	4	40	21	5	171.213
42	maps/mazes/maze_021.map	512	512	440	256	448	302	171.213
42	maps/mazes/maze_021.map	512	512	13	326	17	366	171.213
42	maps/mazes/maze_021.map	512	512	265	502	275	481	171.627
42	maps/mazes/maze_021.map	512	512	128	265	147	280	170.627
42	maps/mazes/maze_021.map	512	512	479	236	460	249	171.113
42	maps/mazes/maze_021.map	512	512	129	77	83	5	171.113
41	maps/mazes/maze_021.map	512	512	77	52	129	93	167.87
41	maps/mazes/maze_021.map	512	512	260	188	264	117	167.627
41	maps/mazes/maze_021.map	512	512	12	359	9	339	167.284
41	maps/mazes/maze_021.map	512	512	375	153	392	127	167.627
41	maps/mazes/maze_021.map	512	512	173	473	184	487	167.385
41	maps/mazes/maze_021.map	512	512	471	272	500	256	167.627
41	maps/mazes/maze_021.map	512	512	205	250	237	226	167.456
41	maps/mazes/maze_021.map	512	512	322	120	277	159	167.556
41	maps/mazes/maze_021.map	512	512	203	52	246	40	167.042
41	maps/mazes/maze_021.map	512	512	268	501	212	455	167.456
40	maps/mazes/maze_021.map	512	512	261	228	272	237	163.456
40	maps/mazes/maze_021.map	512	512	509	161	482	177	163.385
40	maps/mazes/maze_021.map	512	512	133	506	197	490	163.556
40	maps/mazes/maze_021.map	512	512	13	429	33	482	163.87
40	maps/mazes/maze_021.map	512	512	171	468	209	426	163.355
40	maps/mazes/maze_021.map	512	512	111	472	93	508	163.799
40	maps/mazes/maze_021.map	512	512	42	160	9	83	163.213
40	maps/mazes/maze_021.map	512	512	16	100	40	38	163.799
40	maps/mazes/maze_021.map	512	512	450	65	457	100	163.456
40	maps/mazes/maze_021.map	512	512	20	310	17	245	163.556
39	maps/mazes/maze_021.map	512	512	377	329	317	312	159.385
39	maps/mazes/maze_021.map	512	512	244	184	249	125	159.213
39	maps/mazes/maze_021.map	512	512	509	247	421	245	159.799
39	maps/mazes/maze_021.map	512	512	395	105	484	81	159.284
39	maps/mazes/maze_021.map	512	512	97	468	73	492	159.799
39	maps/mazes/maze_021.map	512	512	200	99	136	110	159.627
39	maps/mazes/maze_021.map	512	512	23	416	37	400	159.456
39	maps/mazes/maze_021.map	512	512	431	405	417	372	159.385
39	maps/mazes/maze_021.map	512	512	469	180	421	246	159.941
38	maps/mazes/maze_021.map	512	512	0	133	42	29	155.456
38	maps/mazes/maze_021.map	512	512	488	320	457	345	155.213
38	maps/mazes/maze_021.map	512	512	500	147	465	120	155.213
38	maps/mazes/maze_021.map	512	512	150	244	111	265	155.213
38	maps/mazes/maze_021.map	512	512	326	489	364	496	155.142
38	maps/mazes/maze_021.map	512	512	136	504	192	485	155.142
38	maps/mazes/maze_021.map	512	512	88	341	102	292	155.627
38	maps/mazes/maze_021.map	512	512	304	362	261	264	155.87
38	maps/mazes/maze_021.map	512	512	337	393	308	403	155.042
38	maps/mazes/maze_021.map	512	512	96	321	93	283	154.799
37	maps/mazes/maze_021.map	512	512	444	400	413	440	151.87
37	maps/mazes/maze_021.map	512	512	452	87	384	99	150.728
37	maps/mazes/maze_021.map	512	512	227	464	189	473	151.284
37	maps/mazes/maze_021.map	512	512	496	252	409	240	151.87
37	maps/mazes/maze_021.map	512	512	276	404	273	433	151.456
37	maps/mazes/maze_021.map	512	512	464	172	445	212	151.042
37	maps/mazes/maze_021.map	512	512	212	61	186	88	151.142
37	maps/mazes/maze_021.map	512	512	41	121	24	52	151.556
37	maps/mazes/maze_021.map	512	512	111	465	97	489	151.799
37	maps/mazes/maze_021.map	512	512	285	459	267	420	151.284
36	maps/mazes/maze_021.map	512	512	477	165	445	218	147.87
36	maps/mazes/maze_021.map	512	512	408	222	407	165	147.799
36	maps/mazes/maze_021.map	512	512	232	264	250	217	147.627
36	maps/mazes/maze_021.map	512	512	301	12	323	57	147.042
36	maps/mazes/maze_021.map	512	512	137	175	73	161	147.213
36	maps/mazes/maze_021.map	512	512	153	137	139	112	147.971
36	maps/mazes/maze_021.map	512	512	199	101	205	86	147.971
36	maps/mazes/maze_021.map	512	512	73	55	117	96	147.627
36	maps/mazes/maze_021.map	512	512	481	218	465	232	147.456
36	maps/mazes/maze_021.map	512	512	373	415	336	343	147.284
35	maps/mazes/maze_021.map	512	512	409	232	357	227	143.627
35	maps/mazes/maze_021.map	512	512	24	140	5	87	143.799
35	maps/mazes/maze_021.map	512	512	61	61	83	29	143.456
35	maps/mazes/maze_021.map	512	512	68	506	33	500	143.042
35	maps/mazes/maze_021.map	512	512	482	116	508	167	143.627
35	maps/mazes/maze_021.map	512	512	488	460	448	485	143.971
35	maps/mazes/maze_021.map	512	512	151	396	121	417	143.385
35	maps/mazes/maze_021.map	512	512	393	281	373	321	143.799
35	maps/mazes/maze_021.map	512	512	388	248	332	192	143.799
34	maps/mazes/maze_021.map	512	512	184	297	211	265	139.142
34	maps/mazes/maze_021.map	512	512	80	119	89	69	139.142
34	maps/mazes/maze_021.map	512	512	197	490	181	443	139.042
34	maps/mazes/maze_021.map	512	512	129	151	66	164	139.213
34	maps/mazes/maze_021.map	512	512	193	277	237	256	139.728
34	maps/mazes/maze_021.map	512	512	456	344	421	338	139.385
34	maps/mazes/maze_021.map	512	512	292	484	273	487	139.799
34	maps/mazes/maze_021.map	512	512	266	260	268	200	139.799
34	maps/mazes/maze_021.map	512	512	196	363	249	340	139.698
33	maps/mazes/maze_021.map	512	512	146	376	184	360	135.799
33	maps/mazes/maze_021.map	512	512	33	339	24	375	135.971
33	maps/mazes/maze_021.map	512	512	320	302	320	261	135.728
33	maps/mazes/maze_021.map	512	512	92	267	128	281	135.213
33	maps/mazes/maze_021.map	512	512	268	462	276	461	135.385
33	maps/mazes/maze_021.map	512	512	425	337	361	330	135.142
33	maps/mazes/maze_021.map	512	512	380	334	323	320	134.799
33	maps/mazes/maze_021.map	512	512	378	113	345	116	135.799
32	maps/mazes/maze_021.map	512	512	335	49	302	77	131.728
32	maps/mazes/maze_021.map	512	512	264	165	319	189	131.627
32	maps/mazes/maze_021.map	512	512	276	129	317	113	131.728
32	maps/mazes/maze_021.map	512	512	436	61	463	101	131.87
32	maps/mazes/maze_021.map	512	512	345	115	274	81	131.385
32	maps/mazes/maze_021.map	512	512	397	31	436	33	131.042
32	maps/mazes/maze_021.map	512	512	259	149	297	192	131.627
32	maps/mazes/maze_021.map	512	512	247	188	260	102	131.971
32	maps/mazes/maze_021.map	512	512	17	244	56	184	131.728
32	maps/mazes/maze_021.map	512	512	69	509	45	503	131.799
31	maps/mazes/maze_021.map	512	512	446	305	432	348	127.728
31	maps/mazes/maze_021.map	512	512	259	224	226	221	127.799
31	maps/mazes/maze_021.map	512	512	21	305	24	250	127.899
31	maps/mazes/maze_021.map	512	512	69	460	60	445	127.799
31	maps/mazes/maze_021.map	512	512	161	177	87	184	127.971
31	maps/mazes/maze_021.map	512	512	480	72	461	35	127.556
31	maps/mazes/maze_021.map	512	512	261	157	293	176	127.042
31	maps/mazes/maze_021.map	512	512	117	432	77	393	127.142
31	maps/mazes/maze_021.map	512	512	51	173	60	153	127.971
31	maps/mazes/maze_021.map	512	512	152	253	180	281	127.799
30	maps/mazes/maze_021.map	512	512	169	20	248	42	123.627
30	maps/mazes/maze_021.map	512	512	285	155	282	129	123.971
30	maps/mazes/maze_021.map	512	512	469	169	447	224	123.971
30	maps/mazes/maze_021.map	512	512	476	185	490	185	123.556
30	maps/mazes/maze_021.map	512	512	226	361	196	349	123.556
30	maps/mazes/maze_021.map	512	512	445	451	480	466	123.213
30	maps/mazes/maze_021.map	512	512	13	452	21	471	123.042
30	maps/mazes/maze_021.map	512	512	240	416	200	370	123.799
30	maps/mazes/maze_021.map	512	512	137	217	150	217	123.627
30	maps/mazes/maze_021.map	512	512	76	376	128	344	123.456
29	maps/mazes/maze_021.map	512	512	409	428	406	480	119.042
29	maps/mazes/maze_021.map	512	512	128	113	157	107	119.142
29	maps/mazes/maze_021.map	512	512	500	177	477	172	119.314
29	maps/mazes/maze_021.map	512	512	109	365	133	302	119.385
29	maps/mazes/maze_021.map	512	512	16	18	21	2	119.971
29	maps/mazes/maze_021.map	512	512	365	131	369	112	119.142
29	maps/mazes/maze_021.map	512	512	33	394	67	380	119.213
29	maps/mazes/maze_021.map	512	512	313	211	332	189	119.971
29	maps/mazes/maze_021.map	512	512	69	121	75	84	119.728
28	maps/mazes/maze_021.map	512	512	373	469	385	477	115.799
28	maps/mazes/maze_021.map	512	512	414	72	374	49	115.971
28	maps/mazes/maze_021.map	512	512	397	129	419	93	115.556
28	maps/mazes/maze_021.map	512	512	284	64	220	83	115.385
28	maps/mazes/maze_021.map	512	512	182	260	175	288	115.728
28	maps/mazes/maze_021.map	512	512	93	401	128	360	115.799
28	maps/mazes/maze_021.map	512	512	82	168	28	124	115.799
28	maps/mazes/maze_021.map	512	512	201	63	174	97	115.728
28	maps/mazes/maze_021.map	512	512	35	396	67	380	115.213
28	maps/mazes/maze_021.map	512	512	160	317	189	349	115.728
27	maps/mazes/maze_021.map	512	512	327	84	270	100	111.728
27	maps/mazes/maze_021.map	512	512	381	358	415	344	111.556
27	maps/mazes/maze_021.map	512	512	235	377	253	335	111.213
27	maps/mazes/maze_021.map	512	512	208	505	197	480	111.899
27	maps/mazes/maze_021.map	512	512	172	297	198	292	111.728
27	maps/mazes/maze_021.map	512	512	340	477	338	448	111.385
27	maps/mazes/maze_021.map	512	512	508	88	461	34	111.485
27	maps/mazes/maze_021.map	512	512	261	156	284	170	111.971
27	maps/mazes/maze_021.map	512	512	408	53	360	30	111.971
26	maps/mazes/maze_021.map	512	512	410	256	417	264	107.728
26	maps/mazes/maze_021.map	512	512	143	505	170	508	107.414
26	maps/mazes/maze_021.map	512	512	489	440	498	408	107.485
26	maps/mazes/maze_021.map	512	512	200	467	225	417	107.042
26	maps/mazes/maze_021.map	512	512	119	445	60	419	107.142
26	maps/mazes/maze_021.map	512	512	0	237	16	281	107.799
26	maps/mazes/maze_021.map	512	512	336	90	272	87	107.728
26	maps/mazes/maze_021.map	512	512	309	77	252	77	107.385
26	maps/mazes/maze_021.map	512	512	358	28	322	41	107.627
25	maps/mazes/maze_021.map	512	512	444	181	457	228	103.556
25	maps/mazes/maze_021.map	512	512	62	24	78	60	103.899
25	maps/mazes/maze_021.map	512	512	221	140	243	132	103.556
25	maps/mazes/maze_021.map	512	512	508	225	461	221	103.971
25	maps/mazes/maze_021.map	512	512	445	31	418	57	103.385
25	maps/mazes/maze_021.map	512	512	12	452	9	463	103.213
25	maps/mazes/maze_021.map	512	512	9	94	45	26	103.799
25	maps/mazes/maze_021.map	512	512	392	402	353	360	102.899
25	maps/mazes/maze_021.map	512	512	112	345	88	326	103.728
25	maps/mazes/maze_021.map	512	512	267	252	257	225	103.385
24	maps/mazes/maze_021.map	512	512	64	327	62	305	99.3137
24	maps/mazes/maze_021.map	512	512	434	141	399	156	99.3137
24	maps/mazes/maze_021.map	512	512	20	440	21	450	99.1421
24	maps/mazes/maze_021.map	512	512	428	376	416	344	99.8995
24	maps/mazes/maze_021.map	512	512	402	173	366	157	99.5563
24	maps/mazes/maze_021.map	512	512	208	464	213	428	99.3848
24	maps/mazes/maze_021.map	512	512	465	429	473	456	99.9706
24	maps/mazes/maze_021.map	512	512	27	328	31	365	99.7279
24	maps/mazes/maze_021.map	512	512	323	480	261	486	99.3137
24	maps/mazes/maze_021.map	512	512	453	290	445	320	99.5563
23	maps/mazes/maze_021.map	512	512	179	428	193	382	95.3137
23	maps/mazes/maze_021.map	512	512	355	88	396	105	95.2132
23	maps/mazes/maze_021.map	512	512	259	429	235	432	95.9706
23	maps/mazes/maze_021.map	512	512	234	101	223	84	95.3137
23	maps/mazes/maze_021.map	512	512	461	313	455	336	95.4853
23	maps/mazes/maze_021.map	512	512	232	54	189	76	95.1421
23	maps/mazes/maze_021.map	512	512	125	30	131	41	95.1421
4	maps/mazes/maze_021.map	512	512	358	184	365	197	19.6569
23	maps/mazes/maze_021.map	512	512	190	433	217	396	95.5563
23	maps/mazes/maze_021.map	512	512	193	478	185	454	95.2132
23	maps/mazes/maze_021.map	512	512	164	457	113	432	95.5563
22	maps/mazes/maze_021.map	512	512	481	455	484	427	91.8284
22	maps/mazes/maze_021.map	512	512	209	409	193	381	91.0711
22	maps/mazes/maze_021.map	512	512	244	437	248	449	91.2132
22	maps/mazes/maze_021.map	512	512	234	316	192	303	91.4853
22	maps/mazes/maze_021.map	512	512	472	380	417	416	91.1421
22	maps/mazes/maze_021.map	512	512	436	449	456	470	91.1421
22	maps/mazes/maze_021.map	512	512	308	245	323	249	91.4853
22	maps/mazes/maze_021.map	512	512	207	452	224	417	91.8995
22	maps/mazes/maze_021.map	512	512	449	121	416	127	91.7279
22	maps/mazes/maze_021.map	512	512	443	192	444	240	91.1421
21	maps/mazes/maze_021.map	512	512	428	386	413	336	87.4853
21	maps/mazes/maze_021.map	512	512	152	377	160	368	87.7279
21	maps/mazes/maze_021.map	512	512	381	184	355	168	87.799
21	maps/mazes/maze_021.map	512	512	97	112	138	112	87.1421
21	maps/mazes/maze_021.map	512	512	274	397	229	373	87.9706
21	maps/mazes/maze_021.map	512	512	25	73	45	38	87.7279
21	maps/mazes/maze_021.map	512	512	316	436	285	457	87.3137
21	maps/mazes/maze_021.map	512	512	500	103	496	113	87.3137
21	maps/mazes/maze_021.map	512	512	140	352	144	304	87.8995
21	maps/mazes/maze_021.map	512	512	281	69	277	107	87.0711
20	maps/mazes/maze_021.map	512	512	236	142	248	140	83.8995
20	maps/mazes/maze_021.map	512	512	146	181	94	168	83.4853
20	maps/mazes/maze_021.map	512	512	320	379	339	337	83.1421
20	maps/mazes/maze_021.map	512	512	441	227	465	180	83.0416
20	maps/mazes/maze_021.map	512	512	57	379	98	377	83.3848
20	maps/mazes/maze_021.map	512	512	310	169	285	164	83.8995
20	maps/mazes/maze_021.map	512	512	160	134	202	137	83.1421
20	maps/mazes/maze_021.map	512	512	406	316	422	284	83.8995
20	maps/mazes/maze_021.map	512	512	151	337	173	319	83.3137
20	maps/mazes/maze_021.map	512	512	225	473	223	444	83.9706
19	maps/mazes/maze_021.map	512	512	465	488	445	485	79.4853
19	maps/mazes/maze_021.map	512	512	93	56	131	48	79.3137
19	maps/mazes/maze_021.map	512	512	404	8	341	1	79.8995
19	maps/mazes/maze_021.map	512	512	456	265	443	277	79.7279
19	maps/mazes/maze_021.map	512	512	267	69	272	82	79.3137
19	maps/mazes/maze_021.map	512	512	291	72	278	69	79.0711
19	maps/mazes/maze_021.map	512	512	22	348	24	316	79.6569
19	maps/mazes/maze_021.map	512	512	319	92	329	117	79.4853
19	maps/mazes/maze_021.map	512	512	53	378	100	376	79.3848
19	maps/mazes/maze_021.map	512	512	73	208	84	197	79.0711
18	maps/mazes/maze_021.map	512	512	125	231	112	257	75.1421
18	maps/mazes/maze_021.map	512	512	176	502	210	488	75.8995
18	maps/mazes/maze_021.map	512	512	217	416	208	403	75.6569
18	maps/mazes/maze_021.map	512	512	249	176	241	180	75.8995
18	maps/mazes/maze_021.map	512	512	424	226	428	200	75.8995
18	maps/mazes/maze_021.map	512	512	169	468	186	464	75.1421
18	maps/mazes/maze_021.map	512	512	114	176	77	167	75.3137
18	maps/mazes/maze_021.map	512	512	255	108	276	99	75.0711
18	maps/mazes/maze_021.map	512	512	293	173	328	198	75.8995
17	maps/mazes/maze_021.map	512	512	217	36	217	69	71.7279
17	maps/mazes/maze_021.map	512	512	388	201	397	231	71.7279
17	maps/mazes/maze_021.map	512	512	21	460	34	481	71.8995
17	maps/mazes/maze_021.map	512	512	180	365	129	350	71.6569
17	maps/mazes/maze_021.map	512	512	74	256	107	256	71.4853
17	maps/mazes/maze_021.map	512	512	397	362	415	352	71.5563
17	maps/mazes/maze_021.map	512	512	440	480	463	493	71.3137
17	maps/mazes/maze_021.map	512	512	245	332	220	337	71.0711
17	maps/mazes/maze_021.map	512	512	60	451	44	461	71.0711
17	maps/mazes/maze_021.map	512	512	309	269	285	285	71.0711
16	maps/mazes/maze_021.map	512	512	13	481	35	476	67.4853
16	maps/mazes/maze_021.map	512	512	260	256	272	228	67.6569
16	maps/mazes/maze_021.map	512	512	189	192	213	188	67.3137
16	maps/mazes/maze_021.map	512	512	69	452	108	449	67.6569
16	maps/mazes/maze_021.map	512	512	30	108	45	85	67.8995
16	maps/mazes/maze_021.map	512	512	356	165	340	159	67.8995
16	maps/mazes/maze_021.map	512	512	288	360	250	380	67.3137
16	maps/mazes/maze_021.map	512	512	509	255	460	254	67.3137
16	maps/mazes/maze_021.map	512	512	9	409	24	397	67.4853
15	maps/mazes/maze_021.map	512	512	385	350	370	332	63.4853
15	maps/mazes/maze_021.map	512	512	205	344	211	376	63.3137
15	maps/mazes/maze_021.map	512	512	24	107	25	62	63.8995
15	maps/mazes/maze_021.map	512	512	45	287	66	248	63.0711
15	maps/mazes/maze_021.map	512	512	461	275	441	278	63.4853
15	maps/mazes/maze_021.map	512	512	165	166	152	153	63.3137
15	maps/mazes/maze_021.map	512	512	343	344	364	317	63.0711
15	maps/mazes/maze_021.map	512	512	188	21	224	33	63.5563
15	maps/mazes/maze_021.map	512	512	46	64	41	43	63.6569
15	maps/mazes/maze_021.map	512	512	184	12	209	29	63.3137
14	maps/mazes/maze_021.map	512	512	429	4	452	23	59.8995
14	maps/mazes/maze_021.map	512	512	193	120	201	92	59.8995
14	maps/mazes/maze_021.map	512	512	432	265	428	247	59.8995
14	maps/mazes/maze_021.map	512	512	390	29	381	1	58.8995
14	maps/mazes/maze_021.map	512	512	24	280	17	247	59.0711
14	maps/mazes/maze_021.map	512	512	272	121	256	116	58.8995
14	maps/mazes/maze_021.map	512	512	309	82	277	81	59.2426
14	maps/mazes/maze_021.map	512	512	385	323	363	340	59.4853
14	maps/mazes/maze_021.map	512	512	288	269	324	249	59.0711
13	maps/mazes/maze_021.map	512	512	241	120	253	104	55.0711
13	maps/mazes/maze_021.map	512	512	89	328	73	300	55.6569
13	maps/mazes/maze_021.map	512	512	312	69	277	68	54.8284
13	maps/mazes/maze_021.map	512	512	205	425	209	429	55.8995
13	maps/mazes/maze_021.map	512	512	203	252	226	244	55.4853
13	maps/mazes/maze_021.map	512	512	214	308	199	301	55.6569
13	maps/mazes/maze_021.map	512	512	93	496	105	508	55.6569
13	maps/mazes/maze_021.map	512	512	508	385	500	360	55.4853
13	maps/mazes/maze_021.map	512	512	336	486	332	453	54.8995
13	maps/mazes/maze_021.map	512	512	33	76	48	61	55.3137
12	maps/mazes/maze_021.map	512	512	288	153	273	156	51.8995
12	maps/mazes/maze_021.map	512	512	269	447	284	462	51.3137
12	maps/mazes/maze_021.map	512	512	394	476	410	480	51.3137
12	maps/mazes/maze_021.map	512	512	407	232	394	244	51.4853
12	maps/mazes/maze_021.map	512	512	76	211	81	190	51.0711
12	maps/mazes/maze_021.map	512	512	143	389	153	373	51.6569
12	maps/mazes/maze_021.map	512	512	316	27	336	26	51.4853
12	maps/mazes/maze_021.map	512	512	92	109	109	97	51.7279
12	maps/mazes/maze_021.map	512	512	288	368	253	373	51.0711
12	maps/mazes/maze_021.map	512	512	131	192	125	221	51.7279
11	maps/mazes/maze_021.map	512	512	241	3	248	26	47.6569
11	maps/mazes/maze_021.map	512	512	41	376	52	373	47.0711
11	maps/mazes/maze_021.map	512	512	122	304	105	315	47.0711
11	maps/mazes/maze_021.map	512	512	286	93	278	113	47.6569
11	maps/mazes/maze_021.map	512	512	376	393	347	384	47.0711
11	maps/mazes/maze_021.map	512	512	253	286	252	301	47.3137
11	maps/mazes/maze_021.map	512	512	504	15	489	3	47.2426
11	maps/mazes/maze_021.map	512	512	416	314	427	288	47.4853
11	maps/mazes/maze_021.map	512	512	212	243	220	233	47.8995
10	maps/mazes/maze_021.map	512	512	437	270	459	260	43.0711
10	maps/mazes/maze_021.map	512	512	170	29	170	17	43.0711
10	maps/mazes/maze_021.map	512	512	396	276	384	303	42.6569
10	maps/mazes/maze_021.map	512	512	431	356	444	365	43.0711
10	maps/mazes/maze_021.map	512	512	485	156	455	141	43.2426
10	maps/mazes/maze_021.map	512	512	164	412	149	428	43.2426
10	maps/mazes/maze_021.map	512	512	393	324	373	329	43.2426
10	maps/mazes/maze_021.map	512	512	65	340	53	319	43.2426
9	maps/mazes/maze_021.map	512	512	78	405	85	400	39.6569
9	maps/mazes/maze_021.map	512	512	137	441	120	446	39.6569
9	maps/mazes/maze_021.map	512	512	110	413	109	382	39.6569
9	maps/mazes/maze_021.map	512	512	60	160	44	149	39.2426
9	maps/mazes/maze_021.map	512	512	45	362	33	339	39.8284
9	maps/mazes/maze_021.map	512	512	88	413	74	400	39.2426
9	maps/mazes/maze_021.map	512	512	329	157	340	147	39.2426
9	maps/mazes/maze_021.map	512	512	269	204	259	192	39.6569
9	maps/mazes/maze_021.map	512	512	240	89	206	85	39.4142
9	maps/mazes/maze_021.map	512	512	391	68	373	53	39.8284
8	maps/mazes/maze_021.map	512	512	181	293	178	285	35.2426
8	maps/mazes/maze_021.map	512	512	37	244	29	243	35.8284
8	maps/mazes/maze_021.map	512	512	202	129	193	137	35.2426
8	maps/mazes/maze_021.map	512	512	500	289	487	292	34.8284
8	maps/mazes/maze_021.map	512	512	253	49	283	56	35.8284
8	maps/mazes/maze_021.map	512	512	199	133	198	136	35.6569
8	maps/mazes/maze_021.map	512	512	480	252	460	249	35.2426
8	maps/mazes/maze_021.map	512	512	96	445	104	460	35.8284
8	maps/mazes/maze_021.map	512	512	173	389	175	400	35.8284
7	maps/mazes/maze_021.map	512	512	122	345	133	322	31.6569
7	maps/mazes/maze_021.map	512	512	313	270	302	284	31.8284
7	maps/mazes/maze_021.map	512	512	461	408	455	393	31.8284
7	maps/mazes/maze_021.map	512	512	371	393	349	390	31.8284
7	maps/mazes/maze_021.map	512	512	41	349	29	364	31.2426
7	maps/mazes/maze_021.map	512	512	339	337	359	329	31.6569
7	maps/mazes/maze_021.map	512	512	199	341	188	341	31.2426
7	maps/mazes/maze_021.map	512	512	422	333	396	332	31.2426
7	maps/mazes/maze_021.map	512	512	89	61	100	77	31.8284
7	maps/mazes/maze_021.map	512	512	133	220	155	217	31.2426
6	maps/mazes/maze_021.map	512	512	119	409	127	393	27.6569
6	maps/mazes/maze_021.map	512	512	16	473	40	478	27.8284
6	maps/mazes/maze_021.map	512	512	95	216	91	196	27.6569
6	maps/mazes/maze_021.map	512	512	472	96	453	106	27.2426
6	maps/mazes/maze_021.map	512	512	205	371	221	376	27.2426
6	maps/mazes/maze_021.map	512	512	475	244	460	255	27.6569
6	maps/mazes/maze_021.map	512	512	260	217	252	217	26.8284
6	maps/mazes/maze_021.map	512	512	412	453	401	448	27.6569
6	maps/mazes/maze_021.map	512	512	144	436	140	433	27.8284
6	maps/mazes/maze_021.map	512	512	197	218	184	201	27.0711
5	maps/mazes/maze_021.map	512	512	452	311	445	317	23.8284
5	maps/mazes/maze_021.map	512	512	317	181	305	194	23.8284
5	maps/mazes/maze_021.map	512	512	365	167	356	172	23.6569
5	maps/mazes/maze_021.map	512	512	108	217	111	224	23.4142
5	maps/mazes/maze_021.map	512	512	208	471	206	460	23.2426
5	maps/mazes/maze_021.map	512	512	368	71	376	65	22.8284
5	maps/mazes/maze_021.map	512	512	241	197	241	201	23.4142
5	maps/mazes/maze_021.map	512	512	481	401	487	384	23.8284
5	maps/mazes/maze_021.map	512	512	169	249	165	263	23.4142
5	maps/mazes/maze_021.map	512	512	226	53	215	61	23.8284
4	maps/mazes/maze_021.map	512	512	9	477	20	469	19
4	maps/mazes/maze_021.map	512	512	297	316	295	320	19.4142
4	maps/mazes/maze_021.map	512	512	151	305	149	300	19.8284
4	maps/mazes/maze_021.map	512	512	307	300	292	300	19.8284
4	maps/mazes/maze_021.map	512	512	310	85	325	85	19.8284
4	maps/mazes/maze_021.map	512	512	121	505	109	496	19.8284
4	maps/mazes/maze_021.map	512	512	205	54	186	53	19.4142
4	maps/mazes/maze_021.map	512	512	204	29	213	27	19.2426
4	maps/mazes/maze_021.map	512	512	77	182	72	198	19.2426
3	maps/mazes/maze_021.map	512	512	217	453	222	444	15.6569
3	maps/mazes/maze_021.map	512	512	85	175	81	169	15.4142
3	maps/mazes/maze_021.map	512	512	204	1	216	4	15
3	maps/mazes/maze_021.map	512	512	377	48	379	53	15.8284
3	maps/mazes/maze_021.map	512	512	157	277	153	283	15.4142
3	maps/mazes/maze_021.map	512	512	448	393	456	402	15.8284
3	maps/mazes/maze_021.map	512	512	324	409	320	419	15.4142
3	maps/mazes/maze_021.map	512	512	397	120	397	131	15.8284
3	maps/mazes/maze_021.map	512	512	21	33	13	31	15.4142
3	maps/mazes/maze_021.map	512	512	189	476	184	473	14.8284
2	maps/mazes/maze_021.map	512	512	493	145	502	141	11.8284
2	maps/mazes/maze_021.map	512	512	480	343	474	348	11
2	maps/mazes/maze_021.map	512	512	32	450	35	440	11.8284
2	maps/mazes/maze_021.map	512	512	417	317	416	306	11.4142
2	maps/mazes/maze_021.map	512	512	249	111	245	102	11.8284
2	maps/mazes/maze_021.map	512	512	392	217	385	212	11.4142
2	maps/mazes/maze_021.map	512	512	273	133	269	133	11.4142
2	maps/mazes/maze_021.map	512	512	18	69	24	64	11.8284
2	maps/mazes/maze_021.map	512	512	53	257	45	252	11.8284
2	maps/mazes/maze_021.map	512	512	391	29	399	25	10.8284
1	maps/mazes/maze_021.map	512	512	317	418	315	424	7.41421
1	maps/mazes/maze_021.map	512	512	468	356	464	353	7
1	maps/mazes/maze_021.map	512	512	424	274	430	276	7.41421
1	maps/mazes/maze_021.map	512	512	383	21	381	15	7.41421
1	maps/mazes/maze_021.map	512	512	200	394	199	400	7
1	maps/mazes/maze_021.map	512	512	357	132	364	132	7
1	maps/mazes/maze_021.map	512	512	40	39	43	44	7.41421
1	maps/mazes/maze_021.map	512	512	208	172	201	173	7.41421
1	maps/mazes/maze_021.map	512	512	88	365	85	361	7
1	maps/mazes/maze_021.map	512	512	466	460	472	462	7.41421
0	maps/mazes/maze_021.map	512	512	5	482	5	479	3
0	maps/mazes/maze_021.map	512	512	357	20	354	20	3
0	maps/mazes/maze_021.map	512	512	469	51	471	52	3
0	maps/mazes/maze_021.map	512	512	9	242	9	239	3
0	maps/mazes/maze_021.map	512	512	478	209	476	211	3.41421
0	maps/mazes/maze_021.map	512	512	413	333	410	332	3.41421
0	maps/mazes/maze_021.map	512	512	295	188	297	191	3.82843
0	maps/mazes/maze_021.map	512	512	57	437	54	437	3
0	maps/mazes/maze_021.map	512	512	90	148	87	148	3
0	maps/mazes/maze_021.map	512	512	463	261	466	261	3
