version 1
127	maps/mazes/maze_091.map	512	512	112	31	41	206	511.296
127	maps/mazes/maze_091.map	512	512	234	277	212	123	511.882
127	maps/mazes/maze_091.map	512	512	108	246	225	340	511.368
127	maps/mazes/maze_091.map	512	512	152	337	64	163	511.054
127	maps/mazes/maze_091.map	512	512	80	432	185	505	511.196
127	maps/mazes/maze_091.map	512	512	136	470	142	404	511.397
127	maps/mazes/maze_091.map	512	512	108	298	189	404	511.569
127	maps/mazes/maze_091.map	512	512	229	414	93	245	511.225
127	maps/mazes/maze_091.map	512	512	31	460	100	448	511.61
127	maps/mazes/maze_091.map	512	512	399	397	269	389	511.64
126	maps/mazes/maze_091.map	512	512	100	46	180	101	507.468
126	maps/mazes/maze_091.map	512	512	210	477	175	333	507.125
126	maps/mazes/maze_091.map	512	512	452	137	492	119	507.439
126	maps/mazes/maze_091.map	512	512	173	297	92	139	507.953
126	maps/mazes/maze_091.map	512	512	326	61	220	88	507.368
126	maps/mazes/maze_091.map	512	512	194	76	370	269	507.125
126	maps/mazes/maze_091.map	512	512	226	448	208	397	507.368
126	maps/mazes/maze_091.map	512	512	417	440	248	347	507.64
126	maps/mazes/maze_091.map	512	512	347	148	289	77	507.711
126	maps/mazes/maze_091.map	512	512	503	177	336	202	507.74
125	maps/mazes/maze_091.map	512	512	207	101	77	56	502.64
125	maps/mazes/maze_091.map	512	512	459	468	284	410	503.811
125	maps/mazes/maze_091.map	512	512	470	233	317	189	503.569
125	maps/mazes/maze_091.map	512	512	323	241	396	329	503.711
125	maps/mazes/maze_091.map	512	512	440	91	481	94	503.782
125	maps/mazes/maze_091.map	512	512	20	70	128	115	503.125
125	maps/mazes/maze_091.map	512	512	205	167	101	90	503.225
125	maps/mazes/maze_091.map	512	512	0	365	96	248	503.61
125	maps/mazes/maze_091.map	512	512	12	408	97	445	503.782
125	maps/mazes/maze_091.map	512	512	204	414	184	349	503.024
124	maps/mazes/maze_091.map	512	512	30	476	113	433	499.882
124	maps/mazes/maze_091.map	512	512	173	53	65	62	499.125
124	maps/mazes/maze_091.map	512	512	173	335	248	356	499.154
124	maps/mazes/maze_091.map	512	512	222	85	61	148	499.397
124	maps/mazes/maze_091.map	512	512	476	251	309	153	499.669
124	maps/mazes/maze_091.map	512	512	77	43	58	237	499.125
124	maps/mazes/maze_091.map	512	512	394	404	277	408	499.811
124	maps/mazes/maze_091.map	512	512	360	244	232	103	499.468
124	maps/mazes/maze_091.map	512	512	108	374	173	335	498.61
124	maps/mazes/maze_091.map	512	512	245	312	170	305	499.882
123	maps/mazes/maze_091.map	512	512	313	105	129	77	495.882
123	maps/mazes/maze_091.map	512	512	408	95	397	85	495.61
123	maps/mazes/maze_091.map	512	512	330	421	274	440	495.953
123	maps/mazes/maze_091.map	512	512	312	69	320	85	495.539
123	maps/mazes/maze_091.map	512	512	307	101	301	167	495.397
123	maps/mazes/maze_091.map	512	512	277	277	213	163	495.64
123	maps/mazes/maze_091.map	512	512	397	465	389	425	495.64
123	maps/mazes/maze_091.map	512	512	244	480	145	428	495.953
123	maps/mazes/maze_091.map	512	512	382	316	276	174	495.64
123	maps/mazes/maze_091.map	512	512	277	264	241	151	495.711
122	maps/mazes/maze_091.map	512	512	35	321	43	176	491.225
122	maps/mazes/maze_091.map	512	512	307	412	182	308	491.569
122	maps/mazes/maze_091.map	512	512	479	309	476	224	491.054
122	maps/mazes/maze_091.map	512	512	177	344	51	236	491.054
122	maps/mazes/maze_091.map	512	512	216	122	292	161	491.811
122	maps/mazes/maze_091.map	512	512	461	129	492	114	490.61
122	maps/mazes/maze_091.map	512	512	352	17	316	100	491.125
122	maps/mazes/maze_091.map	512	512	1	505	148	398	491.296
122	maps/mazes/maze_091.map	512	512	5	177	137	95	491.296
122	maps/mazes/maze_091.map	512	512	266	248	236	192	491.782
121	maps/mazes/maze_091.map	512	512	25	38	105	138	487.296
121	maps/mazes/maze_091.map	512	512	33	348	83	288	487.196
121	maps/mazes/maze_091.map	512	512	412	348	357	228	487.711
121	maps/mazes/maze_091.map	512	512	172	285	89	135	487.953
121	maps/mazes/maze_091.map	512	512	419	372	349	220	487.539
121	maps/mazes/maze_091.map	512	512	343	212	328	77	487.054
121	maps/mazes/maze_091.map	512	512	306	348	197	332	487.368
121	maps/mazes/maze_091.map	512	512	277	398	134	301	487.983
121	maps/mazes/maze_091.map	512	512	476	260	486	188	487.64
121	maps/mazes/maze_091.map	512	512	188	323	42	181	487.397
4	maps/mazes/maze_091.map	512	512	387	377	401	384	19.2426
120	maps/mazes/maze_091.map	512	512	6	104	120	85	483.711
120	maps/mazes/maze_091.map	512	512	413	169	296	203	483.083
120	maps/mazes/maze_091.map	512	512	205	327	50	205	483.569
120	maps/mazes/maze_091.map	512	512	448	161	493	100	483.782
120	maps/mazes/maze_091.map	512	512	118	117	301	86	483.054
120	maps/mazes/maze_091.map	512	512	4	81	137	83	483.468
120	maps/mazes/maze_091.map	512	512	471	196	304	176	483.326
120	maps/mazes/maze_091.map	512	512	53	272	200	386	483.811
120	maps/mazes/maze_091.map	512	512	357	73	238	132	483.196
120	maps/mazes/maze_091.map	512	512	344	11	313	101	482.882
111	maps/mazes/maze_091.map	512	512	159	317	51	288	446.397
119	maps/mazes/maze_091.map	512	512	25	402	51	472	479.539
119	maps/mazes/maze_091.map	512	512	122	509	175	412	479.74
119	maps/mazes/maze_091.map	512	512	359	437	230	333	479.468
119	maps/mazes/maze_091.map	512	512	389	25	320	88	479.782
62	maps/mazes/maze_091.map	512	512	76	265	79	305	248.941
119	maps/mazes/maze_091.map	512	512	1	192	129	83	479.468
119	maps/mazes/maze_091.map	512	512	17	229	155	325	479.397
119	maps/mazes/maze_091.map	512	512	245	273	197	147	479.054
119	maps/mazes/maze_091.map	512	512	115	73	48	155	479.225
119	maps/mazes/maze_091.map	512	512	3	84	64	160	479.711
119	maps/mazes/maze_091.map	512	512	244	347	184	381	479.296
118	maps/mazes/maze_091.map	512	512	501	75	356	56	475.196
118	maps/mazes/maze_091.map	512	512	209	253	98	144	475.882
118	maps/mazes/maze_091.map	512	512	489	241	294	160	475.255
118	maps/mazes/maze_091.map	512	512	60	439	142	440	475.953
118	maps/mazes/maze_091.map	512	512	21	116	68	138	475.368
118	maps/mazes/maze_091.map	512	512	376	255	196	79	475.882
118	maps/mazes/maze_091.map	512	512	270	484	149	328	475.811
118	maps/mazes/maze_091.map	512	512	484	436	408	283	475.569
118	maps/mazes/maze_091.map	512	512	497	488	385	365	475.326
118	maps/mazes/maze_091.map	512	512	121	131	197	147	475.64
117	maps/mazes/maze_091.map	512	512	448	116	500	105	471.711
117	maps/mazes/maze_091.map	512	512	391	177	338	209	471.083
117	maps/mazes/maze_091.map	512	512	0	242	70	240	471.397
117	maps/mazes/maze_091.map	512	512	451	272	391	157	471.225
117	maps/mazes/maze_091.map	512	512	72	409	114	449	471.782
102	maps/mazes/maze_091.map	512	512	156	97	61	109	410.841
117	maps/mazes/maze_091.map	512	512	388	217	317	204	471.497
117	maps/mazes/maze_091.map	512	512	464	124	492	127	471.368
117	maps/mazes/maze_091.map	512	512	465	106	464	97	471.439
117	maps/mazes/maze_091.map	512	512	283	0	125	48	471.296
117	maps/mazes/maze_091.map	512	512	403	384	288	417	470.811
116	maps/mazes/maze_091.map	512	512	88	338	61	155	467.64
116	maps/mazes/maze_091.map	512	512	162	440	161	325	467.882
116	maps/mazes/maze_091.map	512	512	441	357	484	401	467.267
116	maps/mazes/maze_091.map	512	512	11	457	58	468	467.782
116	maps/mazes/maze_091.map	512	512	396	76	303	77	467.296
116	maps/mazes/maze_091.map	512	512	387	340	276	176	467.711
116	maps/mazes/maze_091.map	512	512	50	456	152	409	467.569
116	maps/mazes/maze_091.map	512	512	92	509	117	426	467.296
116	maps/mazes/maze_091.map	512	512	346	400	222	320	467.983
116	maps/mazes/maze_091.map	512	512	78	328	129	298	467.811
87	maps/mazes/maze_091.map	512	512	394	381	436	498	349.083
115	maps/mazes/maze_091.map	512	512	156	340	84	238	463.054
115	maps/mazes/maze_091.map	512	512	297	497	177	420	463.811
115	maps/mazes/maze_091.map	512	512	337	49	293	117	463.882
115	maps/mazes/maze_091.map	512	512	348	160	250	141	463.326
115	maps/mazes/maze_091.map	512	512	239	244	233	276	462.711
115	maps/mazes/maze_091.map	512	512	8	282	98	249	463.225
115	maps/mazes/maze_091.map	512	512	328	253	232	96	463.569
115	maps/mazes/maze_091.map	512	512	270	80	294	84	463.296
115	maps/mazes/maze_091.map	512	512	157	109	63	136	463.569
115	maps/mazes/maze_091.map	512	512	150	264	48	155	463.468
114	maps/mazes/maze_091.map	512	512	12	414	49	480	459.125
114	maps/mazes/maze_091.map	512	512	371	12	337	89	459.125
114	maps/mazes/maze_091.map	512	512	317	427	274	440	459.296
114	maps/mazes/maze_091.map	512	512	257	309	269	387	459.64
114	maps/mazes/maze_091.map	512	512	329	401	217	319	459.154
114	maps/mazes/maze_091.map	512	512	206	280	103	133	459.054
114	maps/mazes/maze_091.map	512	512	308	177	400	212	459.326
114	maps/mazes/maze_091.map	512	512	161	168	98	80	459.811
114	maps/mazes/maze_091.map	512	512	388	254	349	173	459.497
114	maps/mazes/maze_091.map	512	512	206	153	102	80	459.569
113	maps/mazes/maze_091.map	512	512	193	318	160	412	455.811
113	maps/mazes/maze_091.map	512	512	25	162	133	311	455.468
113	maps/mazes/maze_091.map	512	512	268	56	292	77	455.711
113	maps/mazes/maze_091.map	512	512	420	262	356	160	455.397
113	maps/mazes/maze_091.map	512	512	84	402	133	441	455.539
113	maps/mazes/maze_091.map	512	512	408	106	427	68	455.468
113	maps/mazes/maze_091.map	512	512	199	225	81	141	455.64
113	maps/mazes/maze_091.map	512	512	288	208	233	102	455.225
113	maps/mazes/maze_091.map	512	512	37	24	145	105	455.811
113	maps/mazes/maze_091.map	512	512	56	387	57	238	455.397
112	maps/mazes/maze_091.map	512	512	49	189	61	129	451.397
112	maps/mazes/maze_091.map	512	512	496	145	440	81	451.054
70	maps/mazes/maze_091.map	512	512	248	424	225	368	282.598
112	maps/mazes/maze_091.map	512	512	405	85	318	85	451.368
112	maps/mazes/maze_091.map	512	512	340	133	317	84	451.882
112	maps/mazes/maze_091.map	512	512	177	157	57	117	451.154
112	maps/mazes/maze_091.map	512	512	85	167	155	325	451.64
112	maps/mazes/maze_091.map	512	512	476	4	345	32	451.368
112	maps/mazes/maze_091.map	512	512	316	53	248	133	451.539
112	maps/mazes/maze_091.map	512	512	218	392	81	240	451.326
112	maps/mazes/maze_091.map	512	512	277	285	220	157	451.225
111	maps/mazes/maze_091.map	512	512	429	252	372	158	447.811
111	maps/mazes/maze_091.map	512	512	171	109	125	142	446.882
111	maps/mazes/maze_091.map	512	512	460	143	485	117	447.125
111	maps/mazes/maze_091.map	512	512	457	469	303	412	447.326
111	maps/mazes/maze_091.map	512	512	229	49	92	78	447.983
111	maps/mazes/maze_091.map	512	512	413	176	315	209	447.669
111	maps/mazes/maze_091.map	512	512	293	5	289	79	447.64
73	maps/mazes/maze_091.map	512	512	296	1	348	89	295.012
111	maps/mazes/maze_091.map	512	512	197	259	100	137	447.225
111	maps/mazes/maze_091.map	512	512	256	334	175	304	447.468
110	maps/mazes/maze_091.map	512	512	101	80	94	249	443.397
110	maps/mazes/maze_091.map	512	512	96	228	133	309	443.983
110	maps/mazes/maze_091.map	512	512	288	216	221	101	443.983
110	maps/mazes/maze_091.map	512	512	417	355	299	212	443.225
110	maps/mazes/maze_091.map	512	512	63	229	105	79	443.983
110	maps/mazes/maze_091.map	512	512	28	86	109	85	443.882
110	maps/mazes/maze_091.map	512	512	68	132	133	285	443.154
110	maps/mazes/maze_091.map	512	512	380	433	284	407	443.497
110	maps/mazes/maze_091.map	512	512	220	332	192	388	443.882
110	maps/mazes/maze_091.map	512	512	366	296	271	168	443.468
109	maps/mazes/maze_091.map	512	512	224	31	76	41	439.64
109	maps/mazes/maze_091.map	512	512	8	69	66	145	439.882
109	maps/mazes/maze_091.map	512	512	140	53	67	72	439.154
109	maps/mazes/maze_091.map	512	512	161	132	75	45	439.326
109	maps/mazes/maze_091.map	512	512	180	209	212	309	439.983
109	maps/mazes/maze_091.map	512	512	232	220	227	269	439.882
109	maps/mazes/maze_091.map	512	512	133	460	132	428	439.083
109	maps/mazes/maze_091.map	512	512	20	377	44	307	439.882
109	maps/mazes/maze_091.map	512	512	364	220	196	77	439.811
109	maps/mazes/maze_091.map	512	512	73	264	89	137	439.326
108	maps/mazes/maze_091.map	512	512	391	352	365	245	435.811
108	maps/mazes/maze_091.map	512	512	12	423	45	468	435.296
108	maps/mazes/maze_091.map	512	512	150	37	77	56	435.397
108	maps/mazes/maze_091.map	512	512	477	249	350	168	435.255
108	maps/mazes/maze_091.map	512	512	435	228	392	188	435.811
108	maps/mazes/maze_091.map	512	512	437	241	380	161	435.225
108	maps/mazes/maze_091.map	512	512	163	0	228	28	435.711
108	maps/mazes/maze_091.map	512	512	161	300	139	157	434.64
108	maps/mazes/maze_091.map	512	512	56	385	71	240	435.983
108	maps/mazes/maze_091.map	512	512	330	368	258	381	434.74
107	maps/mazes/maze_091.map	512	512	236	389	133	318	431.983
107	maps/mazes/maze_091.map	512	512	245	375	141	291	431.154
107	maps/mazes/maze_091.map	512	512	193	16	76	61	431.397
107	maps/mazes/maze_091.map	512	512	501	504	392	360	431.083
107	maps/mazes/maze_091.map	512	512	131	464	121	432	431.255
107	maps/mazes/maze_091.map	512	512	209	177	243	201	431.397
107	maps/mazes/maze_091.map	512	512	421	97	409	77	431.64
107	maps/mazes/maze_091.map	512	512	134	280	53	105	431.74
107	maps/mazes/maze_091.map	512	512	471	436	402	265	431.983
107	maps/mazes/maze_091.map	512	512	248	508	191	372	431.569
106	maps/mazes/maze_091.map	512	512	377	56	345	90	427.054
106	maps/mazes/maze_091.map	512	512	429	416	378	284	427.569
55	maps/mazes/maze_091.map	512	512	30	41	39	57	222.456
106	maps/mazes/maze_091.map	512	512	191	112	113	134	427.882
106	maps/mazes/maze_091.map	512	512	78	128	49	225	427.74
106	maps/mazes/maze_091.map	512	512	353	0	320	85	427.882
106	maps/mazes/maze_091.map	512	512	340	48	276	134	427.054
106	maps/mazes/maze_091.map	512	512	391	345	364	245	427.225
106	maps/mazes/maze_091.map	512	512	372	106	386	152	427.154
106	maps/mazes/maze_091.map	512	512	221	304	147	169	427.569
106	maps/mazes/maze_091.map	512	512	460	86	486	68	427.054
105	maps/mazes/maze_091.map	512	512	413	365	359	229	423.397
105	maps/mazes/maze_091.map	512	512	220	61	341	201	423.569
105	maps/mazes/maze_091.map	512	512	84	324	67	240	423.569
105	maps/mazes/maze_091.map	512	512	103	156	117	269	423.225
105	maps/mazes/maze_091.map	512	512	356	143	321	95	423.811
105	maps/mazes/maze_091.map	512	512	280	49	322	96	423.468
105	maps/mazes/maze_091.map	512	512	188	271	110	133	423.882
105	maps/mazes/maze_091.map	512	512	108	256	73	88	423.569
105	maps/mazes/maze_091.map	512	512	288	8	132	36	423.64
105	maps/mazes/maze_091.map	512	512	489	354	432	365	423.882
104	maps/mazes/maze_091.map	512	512	182	392	143	277	419.497
104	maps/mazes/maze_091.map	512	512	12	387	46	297	419.882
104	maps/mazes/maze_091.map	512	512	372	470	351	420	419.569
104	maps/mazes/maze_091.map	512	512	297	56	325	86	419.64
104	maps/mazes/maze_091.map	512	512	31	44	57	164	419.64
104	maps/mazes/maze_091.map	512	512	109	236	54	240	419.468
104	maps/mazes/maze_091.map	512	512	444	331	475	401	419.024
104	maps/mazes/maze_091.map	512	512	96	35	40	160	419.326
104	maps/mazes/maze_091.map	512	512	125	287	64	158	419.74
104	maps/mazes/maze_091.map	512	512	406	465	469	472	419.397
103	maps/mazes/maze_091.map	512	512	317	405	241	333	415.497
103	maps/mazes/maze_091.map	512	512	224	481	124	411	415.154
103	maps/mazes/maze_091.map	512	512	396	97	317	80	415.539
103	maps/mazes/maze_091.map	512	512	52	40	137	82	415.468
103	maps/mazes/maze_091.map	512	512	182	100	61	156	415.669
103	maps/mazes/maze_091.map	512	512	325	117	336	81	415.811
103	maps/mazes/maze_091.map	512	512	18	289	112	262	415.326
103	maps/mazes/maze_091.map	512	512	48	209	193	323	415.326
103	maps/mazes/maze_091.map	512	512	332	489	324	412	415.326
103	maps/mazes/maze_091.map	512	512	389	1	469	33	415.397
102	maps/mazes/maze_091.map	512	512	130	412	167	328	411.225
102	maps/mazes/maze_091.map	512	512	474	433	420	345	411.74
102	maps/mazes/maze_091.map	512	512	113	26	129	115	411.083
102	maps/mazes/maze_091.map	512	512	176	377	108	446	411.083
102	maps/mazes/maze_091.map	512	512	420	151	320	189	411.255
102	maps/mazes/maze_091.map	512	512	241	235	269	278	411.468
102	maps/mazes/maze_091.map	512	512	397	338	297	203	411.811
102	maps/mazes/maze_091.map	512	512	195	213	85	143	411.154
102	maps/mazes/maze_091.map	512	512	189	433	152	328	411.397
101	maps/mazes/maze_091.map	512	512	65	34	153	105	407.326
101	maps/mazes/maze_091.map	512	512	380	138	300	88	407.64
101	maps/mazes/maze_091.map	512	512	433	4	432	35	407.397
101	maps/mazes/maze_091.map	512	512	376	148	305	77	407.64
101	maps/mazes/maze_091.map	512	512	488	166	389	210	407.326
101	maps/mazes/maze_091.map	512	512	471	481	304	390	407.497
101	maps/mazes/maze_091.map	512	512	241	151	264	160	407.983
101	maps/mazes/maze_091.map	512	512	401	409	285	416	407.912
101	maps/mazes/maze_091.map	512	512	341	104	364	71	407.74
101	maps/mazes/maze_091.map	512	512	452	33	326	61	407.054
100	maps/mazes/maze_091.map	512	512	185	241	115	137	403.64
100	maps/mazes/maze_091.map	512	512	441	304	296	192	403.811
100	maps/mazes/maze_091.map	512	512	310	233	233	116	403.497
100	maps/mazes/maze_091.map	512	512	48	173	139	121	403.669
100	maps/mazes/maze_091.map	512	512	190	60	105	41	403.397
100	maps/mazes/maze_091.map	512	512	86	192	57	167	403.983
100	maps/mazes/maze_091.map	512	512	409	119	481	72	403.225
100	maps/mazes/maze_091.map	512	512	371	249	220	87	403.569
100	maps/mazes/maze_091.map	512	512	214	249	124	143	403.397
100	maps/mazes/maze_091.map	512	512	480	340	424	368	403.64
99	maps/mazes/maze_091.map	512	512	365	16	343	81	399.468
99	maps/mazes/maze_091.map	512	512	10	77	60	95	399.64
84	maps/mazes/maze_091.map	512	512	404	184	421	168	337.426
99	maps/mazes/maze_091.map	512	512	305	244	236	130	399.912
99	maps/mazes/maze_091.map	512	512	272	414	193	311	399.255
99	maps/mazes/maze_091.map	512	512	402	261	252	133	399.74
99	maps/mazes/maze_091.map	512	512	19	468	125	451	399.811
99	maps/mazes/maze_091.map	512	512	394	112	297	77	399.882
99	maps/mazes/maze_091.map	512	512	317	189	428	200	399.012
99	maps/mazes/maze_091.map	512	512	219	128	150	105	399.983
99	maps/mazes/maze_091.map	512	512	12	384	61	300	399.468
98	maps/mazes/maze_091.map	512	512	45	348	66	240	395.326
98	maps/mazes/maze_091.map	512	512	201	141	117	86	395.326
98	maps/mazes/maze_091.map	512	512	309	117	384	108	395.74
98	maps/mazes/maze_091.map	512	512	76	488	153	406	395.326
98	maps/mazes/maze_091.map	512	512	128	299	235	425	395.326
98	maps/mazes/maze_091.map	512	512	104	261	193	397	394.841
98	maps/mazes/maze_091.map	512	512	500	162	289	164	395.426
98	maps/mazes/maze_091.map	512	512	360	353	322	225	395.397
98	maps/mazes/maze_091.map	512	512	377	225	227	93	395.74
98	maps/mazes/maze_091.map	512	512	80	177	58	161	395.397
97	maps/mazes/maze_091.map	512	512	335	404	239	333	391.669
97	maps/mazes/maze_091.map	512	512	60	34	143	117	390.912
97	maps/mazes/maze_091.map	512	512	79	325	93	240	391.912
97	maps/mazes/maze_091.map	512	512	257	293	187	217	391.497
97	maps/mazes/maze_091.map	512	512	196	477	187	373	391.569
97	maps/mazes/maze_091.map	512	512	246	264	226	261	391.811
97	maps/mazes/maze_091.map	512	512	245	159	269	165	391.154
97	maps/mazes/maze_091.map	512	512	363	401	299	401	391.841
97	maps/mazes/maze_091.map	512	512	272	288	229	134	391.326
97	maps/mazes/maze_091.map	512	512	189	227	79	141	391.154
96	maps/mazes/maze_091.map	512	512	47	373	66	240	387.497
96	maps/mazes/maze_091.map	512	512	477	453	394	309	387.669
96	maps/mazes/maze_091.map	512	512	197	425	159	325	387.74
96	maps/mazes/maze_091.map	512	512	61	434	104	446	387.225
96	maps/mazes/maze_091.map	512	512	334	44	303	97	387.983
77	maps/mazes/maze_091.map	512	512	417	119	479	100	308.74
96	maps/mazes/maze_091.map	512	512	56	236	185	363	387.255
96	maps/mazes/maze_091.map	512	512	41	457	120	416	387.841
96	maps/mazes/maze_091.map	512	512	189	381	86	237	387.426
96	maps/mazes/maze_091.map	512	512	188	505	156	412	387.083
96	maps/mazes/maze_091.map	512	512	488	407	393	319	387.912
95	maps/mazes/maze_091.map	512	512	488	151	421	82	383.154
95	maps/mazes/maze_091.map	512	512	292	154	385	117	382.669
95	maps/mazes/maze_091.map	512	512	365	334	330	232	383.912
95	maps/mazes/maze_091.map	512	512	478	421	393	357	383.669
95	maps/mazes/maze_091.map	512	512	190	9	220	37	383.983
95	maps/mazes/maze_091.map	512	512	263	29	121	69	383.054
95	maps/mazes/maze_091.map	512	512	12	310	56	219	383.326
95	maps/mazes/maze_091.map	512	512	45	252	137	323	383.912
95	maps/mazes/maze_091.map	512	512	460	85	498	65	383.154
95	maps/mazes/maze_091.map	512	512	245	336	141	277	383.669
94	maps/mazes/maze_091.map	512	512	220	236	204	143	378.74
94	maps/mazes/maze_091.map	512	512	169	362	92	244	379.426
94	maps/mazes/maze_091.map	512	512	262	112	333	204	379.912
94	maps/mazes/maze_091.map	512	512	421	423	283	412	379.083
94	maps/mazes/maze_091.map	512	512	486	69	363	148	379.74
94	maps/mazes/maze_091.map	512	512	200	366	184	383	379.225
94	maps/mazes/maze_091.map	512	512	366	376	299	408	379.669
94	maps/mazes/maze_091.map	512	512	420	265	366	172	379.326
94	maps/mazes/maze_091.map	512	512	80	456	168	412	379.841
94	maps/mazes/maze_091.map	512	512	415	252	259	145	379.083
93	maps/mazes/maze_091.map	512	512	321	463	274	433	375.912
93	maps/mazes/maze_091.map	512	512	344	420	248	356	375.497
93	maps/mazes/maze_091.map	512	512	503	228	353	157	375.426
93	maps/mazes/maze_091.map	512	512	384	497	453	470	375.74
93	maps/mazes/maze_091.map	512	512	468	459	392	363	375.841
93	maps/mazes/maze_091.map	512	512	238	12	201	21	375.397
93	maps/mazes/maze_091.map	512	512	157	385	129	329	375.397
93	maps/mazes/maze_091.map	512	512	176	368	129	386	375.811
93	maps/mazes/maze_091.map	512	512	416	97	489	72	375.983
93	maps/mazes/maze_091.map	512	512	5	94	95	77	375.569
92	maps/mazes/maze_091.map	512	512	128	89	197	171	371.083
92	maps/mazes/maze_091.map	512	512	144	393	146	321	371.154
92	maps/mazes/maze_091.map	512	512	280	473	182	388	371.083
92	maps/mazes/maze_091.map	512	512	395	156	344	211	371.941
92	maps/mazes/maze_091.map	512	512	461	327	504	413	371.953
92	maps/mazes/maze_091.map	512	512	338	373	263	369	371.669
92	maps/mazes/maze_091.map	512	512	361	182	321	212	371.598
92	maps/mazes/maze_091.map	512	512	61	32	46	153	371.74
92	maps/mazes/maze_091.map	512	512	223	445	130	304	371.74
92	maps/mazes/maze_091.map	512	512	408	217	372	162	371.912
91	maps/mazes/maze_091.map	512	512	81	343	177	306	367.669
91	maps/mazes/maze_091.map	512	512	111	68	109	87	367.083
91	maps/mazes/maze_091.map	512	512	321	96	212	80	367.326
91	maps/mazes/maze_091.map	512	512	128	205	108	142	367.326
91	maps/mazes/maze_091.map	512	512	442	205	348	153	367.255
91	maps/mazes/maze_091.map	512	512	373	365	305	391	367.841
91	maps/mazes/maze_091.map	512	512	277	252	221	207	367.912
91	maps/mazes/maze_091.map	512	512	408	252	321	244	367.426
91	maps/mazes/maze_091.map	512	512	456	397	409	277	367.083
91	maps/mazes/maze_091.map	512	512	425	122	488	126	367.225
90	maps/mazes/maze_091.map	512	512	196	309	56	223	363.255
90	maps/mazes/maze_091.map	512	512	19	496	155	417	363.326
90	maps/mazes/maze_091.map	512	512	445	269	368	165	363.669
90	maps/mazes/maze_091.map	512	512	28	396	72	284	362.912
90	maps/mazes/maze_091.map	512	512	149	36	74	41	363.497
63	maps/mazes/maze_091.map	512	512	261	88	220	102	255.527
90	maps/mazes/maze_091.map	512	512	201	335	192	367	363.426
90	maps/mazes/maze_091.map	512	512	237	86	185	80	363.841
90	maps/mazes/maze_091.map	512	512	429	82	435	65	363.326
90	maps/mazes/maze_091.map	512	512	54	117	104	257	363.255
90	maps/mazes/maze_091.map	512	512	284	83	331	209	363.912
89	maps/mazes/maze_091.map	512	512	260	76	135	97	359.841
89	maps/mazes/maze_091.map	512	512	269	221	351	289	359.74
89	maps/mazes/maze_091.map	512	512	436	40	344	56	359.397
89	maps/mazes/maze_091.map	512	512	24	229	53	101	359.669
89	maps/mazes/maze_091.map	512	512	33	325	21	186	359.669
87	maps/mazes/maze_091.map	512	512	102	152	90	28	349.497
89	maps/mazes/maze_091.map	512	512	408	9	492	6	359.426
89	maps/mazes/maze_091.map	512	512	365	326	314	245	359.497
89	maps/mazes/maze_091.map	512	512	122	117	57	166	359.012
89	maps/mazes/maze_091.map	512	512	393	509	405	416	359.426
89	maps/mazes/maze_091.map	512	512	465	232	353	168	359.598
88	maps/mazes/maze_091.map	512	512	437	364	372	270	355.326
88	maps/mazes/maze_091.map	512	512	323	256	360	322	355.326
88	maps/mazes/maze_091.map	512	512	321	102	365	83	355.669
88	maps/mazes/maze_091.map	512	512	188	228	108	139	355.326
88	maps/mazes/maze_091.map	512	512	176	348	130	280	355.841
88	maps/mazes/maze_091.map	512	512	411	12	473	22	355.74
88	maps/mazes/maze_091.map	512	512	141	124	290	120	355.326
88	maps/mazes/maze_091.map	512	512	93	169	41	161	355.74
88	maps/mazes/maze_091.map	512	512	241	220	266	277	355.983
88	maps/mazes/maze_091.map	512	512	272	382	196	305	355.77
87	maps/mazes/maze_091.map	512	512	374	293	296	212	351.326
87	maps/mazes/maze_091.map	512	512	125	285	240	336	351.012
87	maps/mazes/maze_091.map	512	512	296	289	273	167	351.669
87	maps/mazes/maze_091.map	512	512	25	475	57	466	350.74
87	maps/mazes/maze_091.map	512	512	477	99	404	82	351.154
87	maps/mazes/maze_091.map	512	512	117	113	252	141	351.426
87	maps/mazes/maze_091.map	512	512	212	6	224	35	351.912
87	maps/mazes/maze_091.map	512	512	453	402	404	296	351.669
86	maps/mazes/maze_091.map	512	512	470	233	348	165	347.598
86	maps/mazes/maze_091.map	512	512	13	298	41	158	347.841
86	maps/mazes/maze_091.map	512	512	364	425	282	412	347.669
86	maps/mazes/maze_091.map	512	512	1	132	37	185	347.225
86	maps/mazes/maze_091.map	512	512	116	368	148	326	347.74
86	maps/mazes/maze_091.map	512	512	360	393	312	406	347.184
86	maps/mazes/maze_091.map	512	512	425	285	300	203	347.912
86	maps/mazes/maze_091.map	512	512	365	451	344	415	347.184
86	maps/mazes/maze_091.map	512	512	501	148	409	103	347.326
86	maps/mazes/maze_091.map	512	512	408	180	338	165	347.426
85	maps/mazes/maze_091.map	512	512	489	117	391	101	343.154
85	maps/mazes/maze_091.map	512	512	432	217	399	204	343.74
85	maps/mazes/maze_091.map	512	512	80	342	37	187	343.497
85	maps/mazes/maze_091.map	512	512	78	173	41	153	343.912
85	maps/mazes/maze_091.map	512	512	325	192	404	265	343.012
85	maps/mazes/maze_091.map	512	512	242	461	165	325	343.912
85	maps/mazes/maze_091.map	512	512	425	185	322	189	343.184
85	maps/mazes/maze_091.map	512	512	352	500	364	438	343.74
85	maps/mazes/maze_091.map	512	512	256	50	131	120	343.669
85	maps/mazes/maze_091.map	512	512	153	141	53	103	343.012
48	maps/mazes/maze_091.map	512	512	80	424	57	420	193.284
84	maps/mazes/maze_091.map	512	512	291	497	264	401	339.669
84	maps/mazes/maze_091.map	512	512	417	291	360	228	339.841
84	maps/mazes/maze_091.map	512	512	125	269	196	316	339.397
84	maps/mazes/maze_091.map	512	512	5	153	50	237	339.326
84	maps/mazes/maze_091.map	512	512	422	369	371	269	339.912
84	maps/mazes/maze_091.map	512	512	491	84	385	136	339.983
84	maps/mazes/maze_091.map	512	512	362	492	393	430	339.669
84	maps/mazes/maze_091.map	512	512	44	412	41	289	339.255
84	maps/mazes/maze_091.map	512	512	98	268	66	145	339.426
83	maps/mazes/maze_091.map	512	512	447	220	405	200	334.912
83	maps/mazes/maze_091.map	512	512	340	9	352	50	335.569
83	maps/mazes/maze_091.map	512	512	57	469	128	408	335.012
83	maps/mazes/maze_091.map	512	512	401	509	408	430	335.012
83	maps/mazes/maze_091.map	512	512	216	121	330	96	335.083
83	maps/mazes/maze_091.map	512	512	165	429	192	386	335.154
83	maps/mazes/maze_091.map	512	512	92	166	43	176	335.326
83	maps/mazes/maze_091.map	512	512	447	233	377	211	335.497
83	maps/mazes/maze_091.map	512	512	69	344	121	280	335.841
83	maps/mazes/maze_091.map	512	512	206	389	131	280	335.012
82	maps/mazes/maze_091.map	512	512	18	445	36	449	330.912
82	maps/mazes/maze_091.map	512	512	329	259	272	168	331.012
82	maps/mazes/maze_091.map	512	512	142	328	133	288	331.326
82	maps/mazes/maze_091.map	512	512	371	448	349	426	331.941
82	maps/mazes/maze_091.map	512	512	406	396	293	396	331.426
82	maps/mazes/maze_091.map	512	512	96	322	41	168	331.669
82	maps/mazes/maze_091.map	512	512	56	425	92	453	331.397
82	maps/mazes/maze_091.map	512	512	145	4	107	41	331.669
82	maps/mazes/maze_091.map	512	512	424	333	468	374	331.811
82	maps/mazes/maze_091.map	512	512	97	393	88	237	331.426
81	maps/mazes/maze_091.map	512	512	150	145	134	145	327.012
81	maps/mazes/maze_091.map	512	512	311	492	276	447	327.255
81	maps/mazes/maze_091.map	512	512	83	217	5	233	327.841
41	maps/mazes/maze_091.map	512	512	93	261	81	216	164.213
81	maps/mazes/maze_091.map	512	512	211	209	122	140	327.497
81	maps/mazes/maze_091.map	512	512	469	36	341	29	327.326
81	maps/mazes/maze_091.map	512	512	357	389	310	404	327.598
81	maps/mazes/maze_091.map	512	512	115	164	56	209	327.154
81	maps/mazes/maze_091.map	512	512	188	27	131	33	327.083
81	maps/mazes/maze_091.map	512	512	385	436	298	389	327.355
81	maps/mazes/maze_091.map	512	512	182	308	257	365	327.355
80	maps/mazes/maze_091.map	512	512	349	20	334	53	323.74
80	maps/mazes/maze_091.map	512	512	17	71	89	84	323.326
80	maps/mazes/maze_091.map	512	512	85	94	92	22	323.669
80	maps/mazes/maze_091.map	512	512	236	29	102	65	323.497
80	maps/mazes/maze_091.map	512	512	272	352	181	310	323.77
80	maps/mazes/maze_091.map	512	512	281	289	236	173	323.426
80	maps/mazes/maze_091.map	512	512	494	489	452	419	323.355
80	maps/mazes/maze_091.map	512	512	501	37	364	4	323.497
80	maps/mazes/maze_091.map	512	512	292	47	334	89	322.912
80	maps/mazes/maze_091.map	512	512	284	381	228	317	323.841
79	maps/mazes/maze_091.map	512	512	361	393	329	412	319.527
79	maps/mazes/maze_091.map	512	512	480	383	480	412	319.569
79	maps/mazes/maze_091.map	512	512	58	469	121	417	319.77
79	maps/mazes/maze_091.map	512	512	150	149	129	141	319.426
79	maps/mazes/maze_091.map	512	512	105	325	157	305	319.012
79	maps/mazes/maze_091.map	512	512	227	132	245	134	319.012
79	maps/mazes/maze_091.map	512	512	264	169	145	110	319.012
79	maps/mazes/maze_091.map	512	512	53	373	65	240	319.426
79	maps/mazes/maze_091.map	512	512	25	100	41	183	319.083
79	maps/mazes/maze_091.map	512	512	321	243	247	137	319.012
78	maps/mazes/maze_091.map	512	512	41	69	69	39	315.255
78	maps/mazes/maze_091.map	512	512	36	276	55	172	315.083
78	maps/mazes/maze_091.map	512	512	40	20	122	88	315.255
78	maps/mazes/maze_091.map	512	512	443	289	413	176	315.426
78	maps/mazes/maze_091.map	512	512	161	53	116	66	315.497
78	maps/mazes/maze_091.map	512	512	288	153	383	152	315.012
78	maps/mazes/maze_091.map	512	512	137	423	189	388	315.083
78	maps/mazes/maze_091.map	512	512	349	496	360	440	315.912
78	maps/mazes/maze_091.map	512	512	417	438	301	412	315.598
78	maps/mazes/maze_091.map	512	512	33	265	57	166	315.083
77	maps/mazes/maze_091.map	512	512	44	82	74	61	311.669
77	maps/mazes/maze_091.map	512	512	91	89	163	105	311.113
77	maps/mazes/maze_091.map	512	512	493	91	416	145	311.326
77	maps/mazes/maze_091.map	512	512	119	8	111	73	311.669
77	maps/mazes/maze_091.map	512	512	267	356	193	309	310.941
77	maps/mazes/maze_091.map	512	512	308	133	380	144	311.77
77	maps/mazes/maze_091.map	512	512	501	275	489	214	311.912
77	maps/mazes/maze_091.map	512	512	177	476	128	435	311.012
77	maps/mazes/maze_091.map	512	512	289	214	212	167	311.012
76	maps/mazes/maze_091.map	512	512	413	364	378	284	307.426
76	maps/mazes/maze_091.map	512	512	154	417	184	379	307.255
76	maps/mazes/maze_091.map	512	512	276	206	219	160	307.184
76	maps/mazes/maze_091.map	512	512	4	35	61	89	307.083
76	maps/mazes/maze_091.map	512	512	107	200	37	188	307.598
76	maps/mazes/maze_091.map	512	512	299	328	253	341	307.912
76	maps/mazes/maze_091.map	512	512	96	217	128	280	307.426
76	maps/mazes/maze_091.map	512	512	137	353	113	364	307.912
76	maps/mazes/maze_091.map	512	512	431	153	300	161	307.527
76	maps/mazes/maze_091.map	512	512	164	260	198	381	307.083
23	maps/mazes/maze_091.map	512	512	189	127	160	163	93.3848
75	maps/mazes/maze_091.map	512	512	304	416	307	508	303.083
75	maps/mazes/maze_091.map	512	512	462	20	388	17	303.912
75	maps/mazes/maze_091.map	512	512	265	161	313	191	303.113
75	maps/mazes/maze_091.map	512	512	285	477	230	401	303.184
75	maps/mazes/maze_091.map	512	512	313	241	260	148	303.355
75	maps/mazes/maze_091.map	512	512	132	136	40	175	302.941
75	maps/mazes/maze_091.map	512	512	229	340	153	304	303.941
75	maps/mazes/maze_091.map	512	512	16	479	108	438	303.326
75	maps/mazes/maze_091.map	512	512	45	25	62	137	303.669
75	maps/mazes/maze_091.map	512	512	215	340	249	380	303.497
74	maps/mazes/maze_091.map	512	512	93	123	85	85	299.598
74	maps/mazes/maze_091.map	512	512	30	256	45	169	299.841
74	maps/mazes/maze_091.map	512	512	201	355	233	401	299.255
74	maps/mazes/maze_091.map	512	512	349	412	264	386	299.426
74	maps/mazes/maze_091.map	512	512	328	63	290	112	299.426
74	maps/mazes/maze_091.map	512	512	505	209	334	176	299.355
74	maps/mazes/maze_091.map	512	512	68	292	185	309	299.355
74	maps/mazes/maze_091.map	512	512	484	149	384	157	299.841
74	maps/mazes/maze_091.map	512	512	33	219	61	136	299.184
74	maps/mazes/maze_091.map	512	512	34	321	9	231	299.77
73	maps/mazes/maze_091.map	512	512	329	449	292	480	295.255
73	maps/mazes/maze_091.map	512	512	54	100	52	237	295.77
73	maps/mazes/maze_091.map	512	512	304	290	285	181	295.598
73	maps/mazes/maze_091.map	512	512	312	144	365	77	295.698
73	maps/mazes/maze_091.map	512	512	389	236	344	205	295.113
73	maps/mazes/maze_091.map	512	512	364	160	321	197	295.113
73	maps/mazes/maze_091.map	512	512	94	21	99	80	295.012
73	maps/mazes/maze_091.map	512	512	285	327	276	352	295.74
73	maps/mazes/maze_091.map	512	512	61	317	121	280	295.184
72	maps/mazes/maze_091.map	512	512	212	482	217	412	291.426
72	maps/mazes/maze_091.map	512	512	485	257	437	177	291.698
72	maps/mazes/maze_091.map	512	512	424	350	377	254	291.184
72	maps/mazes/maze_091.map	512	512	64	416	75	457	291.74
72	maps/mazes/maze_091.map	512	512	369	494	383	448	291.255
72	maps/mazes/maze_091.map	512	512	488	108	452	69	291.77
72	maps/mazes/maze_091.map	512	512	172	75	269	164	291.012
72	maps/mazes/maze_091.map	512	512	197	252	125	190	291.012
72	maps/mazes/maze_091.map	512	512	208	328	246	368	291.255
72	maps/mazes/maze_091.map	512	512	300	244	272	164	291.355
71	maps/mazes/maze_091.map	512	512	307	349	284	349	287.326
71	maps/mazes/maze_091.map	512	512	272	448	173	325	287.841
71	maps/mazes/maze_091.map	512	512	158	332	61	238	286.941
71	maps/mazes/maze_091.map	512	512	274	417	220	328	287.184
71	maps/mazes/maze_091.map	512	512	492	336	504	407	287.569
71	maps/mazes/maze_091.map	512	512	369	377	325	412	287.527
71	maps/mazes/maze_091.map	512	512	448	93	454	72	287.77
71	maps/mazes/maze_091.map	512	512	210	492	155	417	287.355
71	maps/mazes/maze_091.map	512	512	248	165	226	97	287.012
71	maps/mazes/maze_091.map	512	512	273	437	169	336	287.184
70	maps/mazes/maze_091.map	512	512	220	9	245	37	283.77
70	maps/mazes/maze_091.map	512	512	42	456	155	417	283.941
70	maps/mazes/maze_091.map	512	512	455	84	492	123	283.598
70	maps/mazes/maze_091.map	512	512	504	261	468	240	283.426
70	maps/mazes/maze_091.map	512	512	227	229	213	169	283.598
70	maps/mazes/maze_091.map	512	512	386	376	341	401	283.598
70	maps/mazes/maze_091.map	512	512	124	479	122	428	283.042
70	maps/mazes/maze_091.map	512	512	101	69	104	80	283.355
70	maps/mazes/maze_091.map	512	512	156	273	81	238	283.012
48	maps/mazes/maze_091.map	512	512	133	449	180	488	194.284
69	maps/mazes/maze_091.map	512	512	502	200	334	168	279.941
69	maps/mazes/maze_091.map	512	512	128	409	165	333	279.426
69	maps/mazes/maze_091.map	512	512	20	443	61	455	279.184
69	maps/mazes/maze_091.map	512	512	104	232	142	277	279.326
69	maps/mazes/maze_091.map	512	512	242	276	248	160	279.355
69	maps/mazes/maze_091.map	512	512	285	248	226	228	279.426
69	maps/mazes/maze_091.map	512	512	54	196	41	163	279.598
69	maps/mazes/maze_091.map	512	512	256	373	186	317	279.698
69	maps/mazes/maze_091.map	512	512	309	390	240	317	279.355
69	maps/mazes/maze_091.map	512	512	297	184	190	77	279.355
68	maps/mazes/maze_091.map	512	512	447	121	395	140	275.426
68	maps/mazes/maze_091.map	512	512	305	179	277	175	275.698
68	maps/mazes/maze_091.map	512	512	4	365	41	297	275.083
68	maps/mazes/maze_091.map	512	512	68	392	59	340	275.426
68	maps/mazes/maze_091.map	512	512	13	226	63	144	275.941
68	maps/mazes/maze_091.map	512	512	254	228	289	300	275.083
68	maps/mazes/maze_091.map	512	512	48	136	114	269	275.426
68	maps/mazes/maze_091.map	512	512	393	213	356	168	275.113
68	maps/mazes/maze_091.map	512	512	365	5	330	68	275.012
68	maps/mazes/maze_091.map	512	512	68	166	56	222	275.012
67	maps/mazes/maze_091.map	512	512	149	94	201	159	271.184
67	maps/mazes/maze_091.map	512	512	253	59	184	99	271.77
67	maps/mazes/maze_091.map	512	512	449	97	397	152	271.083
67	maps/mazes/maze_091.map	512	512	234	61	262	124	271.426
67	maps/mazes/maze_091.map	512	512	307	48	338	89	271.255
67	maps/mazes/maze_091.map	512	512	430	88	428	103	271.669
67	maps/mazes/maze_091.map	512	512	333	297	324	231	271.083
67	maps/mazes/maze_091.map	512	512	120	263	16	214	271.184
67	maps/mazes/maze_091.map	512	512	101	8	85	76	271.941
67	maps/mazes/maze_091.map	512	512	420	280	328	210	271.012
66	maps/mazes/maze_091.map	512	512	432	474	464	480	267.841
66	maps/mazes/maze_091.map	512	512	33	153	93	244	267.426
66	maps/mazes/maze_091.map	512	512	206	125	141	116	267.355
66	maps/mazes/maze_091.map	512	512	289	168	219	85	267.527
66	maps/mazes/maze_091.map	512	512	245	304	203	224	267.355
66	maps/mazes/maze_091.map	512	512	481	416	428	407	267.113
66	maps/mazes/maze_091.map	512	512	8	241	66	240	267.77
66	maps/mazes/maze_091.map	512	512	262	180	203	160	267.77
66	maps/mazes/maze_091.map	512	512	273	400	261	350	267.113
66	maps/mazes/maze_091.map	512	512	420	319	472	347	267.497
65	maps/mazes/maze_091.map	512	512	25	491	104	448	263.841
65	maps/mazes/maze_091.map	512	512	424	109	427	84	263.841
65	maps/mazes/maze_091.map	512	512	497	167	344	174	263.941
65	maps/mazes/maze_091.map	512	512	121	431	185	373	263.012
65	maps/mazes/maze_091.map	512	512	425	7	492	8	263.941
65	maps/mazes/maze_091.map	512	512	404	412	317	409	263.941
65	maps/mazes/maze_091.map	512	512	138	200	68	142	263.113
65	maps/mazes/maze_091.map	512	512	132	72	248	132	263.355
65	maps/mazes/maze_091.map	512	512	197	424	185	382	263.012
65	maps/mazes/maze_091.map	512	512	238	460	184	358	263.255
64	maps/mazes/maze_091.map	512	512	418	65	372	85	259.841
64	maps/mazes/maze_091.map	512	512	422	105	496	79	259.598
64	maps/mazes/maze_091.map	512	512	277	332	218	320	259.184
64	maps/mazes/maze_091.map	512	512	252	137	146	105	259.698
64	maps/mazes/maze_091.map	512	512	57	20	61	121	259.426
64	maps/mazes/maze_091.map	512	512	252	160	370	245	258.941
64	maps/mazes/maze_091.map	512	512	417	356	372	275	259.355
64	maps/mazes/maze_091.map	512	512	505	277	481	241	259.255
64	maps/mazes/maze_091.map	512	512	401	134	492	118	259.184
64	maps/mazes/maze_091.map	512	512	485	189	345	153	259.113
63	maps/mazes/maze_091.map	512	512	432	400	407	360	255.426
63	maps/mazes/maze_091.map	512	512	35	116	137	95	254.941
63	maps/mazes/maze_091.map	512	512	186	148	132	196	255.941
63	maps/mazes/maze_091.map	512	512	127	417	190	404	255.012
63	maps/mazes/maze_091.map	512	512	49	430	38	452	255.426
63	maps/mazes/maze_091.map	512	512	20	280	39	201	255.113
63	maps/mazes/maze_091.map	512	512	210	221	181	202	255.941
63	maps/mazes/maze_091.map	512	512	284	295	297	219	255.77
63	maps/mazes/maze_091.map	512	512	485	163	368	172	255.355
62	maps/mazes/maze_091.map	512	512	220	265	246	153	251.941
62	maps/mazes/maze_091.map	512	512	173	381	176	328	251.941
62	maps/mazes/maze_091.map	512	512	349	184	308	189	251.941
62	maps/mazes/maze_091.map	512	512	493	187	429	177	251.012
62	maps/mazes/maze_091.map	512	512	151	241	121	169	251.598
62	maps/mazes/maze_091.map	512	512	152	152	121	173	251.941
62	maps/mazes/maze_091.map	512	512	122	468	168	464	251.941
62	maps/mazes/maze_091.map	512	512	436	13	503	5	251.527
62	maps/mazes/maze_091.map	512	512	306	132	364	145	251.527
61	maps/mazes/maze_091.map	512	512	285	261	229	217	247.698
61	maps/mazes/maze_091.map	512	512	184	225	140	146	247.77
61	maps/mazes/maze_091.map	512	512	468	405	420	351	247.941
61	maps/mazes/maze_091.map	512	512	361	168	341	193	247.87
61	maps/mazes/maze_091.map	512	512	381	381	333	405	246.87
61	maps/mazes/maze_091.map	512	512	90	161	37	187	247.184
61	maps/mazes/maze_091.map	512	512	162	388	100	381	246.841
61	maps/mazes/maze_091.map	512	512	4	220	87	237	247.941
61	maps/mazes/maze_091.map	512	512	141	344	90	372	247.912
61	maps/mazes/maze_091.map	512	512	317	486	295	468	247.941
60	maps/mazes/maze_091.map	512	512	403	357	378	272	243.698
60	maps/mazes/maze_091.map	512	512	471	344	457	399	243.669
60	maps/mazes/maze_091.map	512	512	14	140	37	138	243.184
60	maps/mazes/maze_091.map	512	512	245	41	187	80	243.527
60	maps/mazes/maze_091.map	512	512	108	375	121	344	243.598
60	maps/mazes/maze_091.map	512	512	153	319	64	240	243.113
60	maps/mazes/maze_091.map	512	512	29	215	57	162	243.527
60	maps/mazes/maze_091.map	512	512	389	308	364	240	243.77
60	maps/mazes/maze_091.map	512	512	59	29	110	92	243.355
60	maps/mazes/maze_091.map	512	512	369	228	261	160	243.941
59	maps/mazes/maze_091.map	512	512	215	432	173	333	239.426
59	maps/mazes/maze_091.map	512	512	128	448	153	407	239.698
59	maps/mazes/maze_091.map	512	512	129	308	51	221	239.284
59	maps/mazes/maze_091.map	512	512	386	56	368	29	239.184
59	maps/mazes/maze_091.map	512	512	233	50	276	146	239.184
59	maps/mazes/maze_091.map	512	512	407	161	301	167	239.799
59	maps/mazes/maze_091.map	512	512	164	250	134	145	239.77
59	maps/mazes/maze_091.map	512	512	408	409	332	411	239.113
59	maps/mazes/maze_091.map	512	512	381	298	354	225	239.941
59	maps/mazes/maze_091.map	512	512	168	35	121	67	239.77
58	maps/mazes/maze_091.map	512	512	93	117	111	77	235.113
58	maps/mazes/maze_091.map	512	512	373	289	389	333	235.598
58	maps/mazes/maze_091.map	512	512	452	389	402	337	235.113
58	maps/mazes/maze_091.map	512	512	429	444	319	409	235.284
58	maps/mazes/maze_091.map	512	512	69	55	64	145	235.77
58	maps/mazes/maze_091.map	512	512	285	321	275	324	235.77
58	maps/mazes/maze_091.map	512	512	398	41	348	39	235.841
58	maps/mazes/maze_091.map	512	512	445	285	386	217	235.426
58	maps/mazes/maze_091.map	512	512	293	416	238	336	235.284
58	maps/mazes/maze_091.map	512	512	7	493	102	433	235.77
57	maps/mazes/maze_091.map	512	512	99	377	169	344	231.527
57	maps/mazes/maze_091.map	512	512	120	367	188	364	231.184
57	maps/mazes/maze_091.map	512	512	122	141	45	167	231.87
57	maps/mazes/maze_091.map	512	512	33	509	129	450	231.184
57	maps/mazes/maze_091.map	512	512	285	208	233	137	231.284
57	maps/mazes/maze_091.map	512	512	88	93	96	29	231.113
57	maps/mazes/maze_091.map	512	512	287	389	289	357	231.941
57	maps/mazes/maze_091.map	512	512	3	149	41	164	231.77
57	maps/mazes/maze_091.map	512	512	53	473	156	424	231.456
57	maps/mazes/maze_091.map	512	512	380	178	323	153	231.698
56	maps/mazes/maze_091.map	512	512	421	245	396	198	227.598
56	maps/mazes/maze_091.map	512	512	483	505	480	443	227.042
17	maps/mazes/maze_091.map	512	512	208	249	213	289	69.4853
56	maps/mazes/maze_091.map	512	512	267	129	219	172	227.284
56	maps/mazes/maze_091.map	512	512	240	114	257	129	227.113
56	maps/mazes/maze_091.map	512	512	257	112	192	77	227.456
56	maps/mazes/maze_091.map	512	512	492	256	478	257	227.77
56	maps/mazes/maze_091.map	512	512	57	99	41	199	227.113
56	maps/mazes/maze_091.map	512	512	10	236	49	226	227.284
56	maps/mazes/maze_091.map	512	512	180	329	148	280	227.284
56	maps/mazes/maze_091.map	512	512	121	132	161	105	227.284
55	maps/mazes/maze_091.map	512	512	403	260	299	201	223.87
55	maps/mazes/maze_091.map	512	512	100	297	49	207	223.284
55	maps/mazes/maze_091.map	512	512	49	281	81	287	223.941
55	maps/mazes/maze_091.map	512	512	236	494	161	464	223.184
55	maps/mazes/maze_091.map	512	512	273	277	232	211	223.284
55	maps/mazes/maze_091.map	512	512	211	452	183	460	223.698
55	maps/mazes/maze_091.map	512	512	377	8	346	56	223.184
55	maps/mazes/maze_091.map	512	512	201	44	158	41	223.598
55	maps/mazes/maze_091.map	512	512	480	346	484	412	223.012
54	maps/mazes/maze_091.map	512	512	212	252	158	168	219.698
54	maps/mazes/maze_091.map	512	512	273	141	181	78	219.284
54	maps/mazes/maze_091.map	512	512	169	429	224	413	219.77
54	maps/mazes/maze_091.map	512	512	496	397	475	380	219.941
54	maps/mazes/maze_091.map	512	512	236	340	193	320	219.042
54	maps/mazes/maze_091.map	512	512	262	88	232	117	219.284
54	maps/mazes/maze_091.map	512	512	366	129	307	141	219.87
54	maps/mazes/maze_091.map	512	512	498	484	490	441	219.042
54	maps/mazes/maze_091.map	512	512	231	249	237	138	219.527
54	maps/mazes/maze_091.map	512	512	502	176	345	173	218.87
53	maps/mazes/maze_091.map	512	512	88	205	72	240	215.87
53	maps/mazes/maze_091.map	512	512	325	464	276	495	215.698
53	maps/mazes/maze_091.map	512	512	402	217	388	224	215.527
53	maps/mazes/maze_091.map	512	512	413	337	376	283	215.284
53	maps/mazes/maze_091.map	512	512	468	101	492	71	215.941
53	maps/mazes/maze_091.map	512	512	260	424	244	335	215.284
53	maps/mazes/maze_091.map	512	512	15	124	9	161	215.77
53	maps/mazes/maze_091.map	512	512	329	354	220	327	215.456
53	maps/mazes/maze_091.map	512	512	312	297	321	245	215.77
53	maps/mazes/maze_091.map	512	512	120	197	128	169	215.698
52	maps/mazes/maze_091.map	512	512	309	460	219	388	211.113
52	maps/mazes/maze_091.map	512	512	123	89	66	145	211.042
52	maps/mazes/maze_091.map	512	512	233	125	212	127	211.284
52	maps/mazes/maze_091.map	512	512	435	508	450	456	211.284
52	maps/mazes/maze_091.map	512	512	201	319	298	353	211.87
52	maps/mazes/maze_091.map	512	512	489	98	421	70	211.698
52	maps/mazes/maze_091.map	512	512	141	120	93	83	211.627
52	maps/mazes/maze_091.map	512	512	58	161	107	88	211.456
52	maps/mazes/maze_091.map	512	512	60	16	69	51	211.941
52	maps/mazes/maze_091.map	512	512	38	92	61	156	211.527
51	maps/mazes/maze_091.map	512	512	102	164	76	238	207.941
51	maps/mazes/maze_091.map	512	512	91	476	140	428	207.87
51	maps/mazes/maze_091.map	512	512	41	61	35	45	207.456
51	maps/mazes/maze_091.map	512	512	509	331	498	281	207.527
51	maps/mazes/maze_091.map	512	512	361	50	295	77	207.77
51	maps/mazes/maze_091.map	512	512	297	488	291	461	207.284
51	maps/mazes/maze_091.map	512	512	141	305	69	240	207.87
51	maps/mazes/maze_091.map	512	512	436	80	500	74	207.941
51	maps/mazes/maze_091.map	512	512	57	131	60	161	207.87
51	maps/mazes/maze_091.map	512	512	210	297	181	213	207.627
50	maps/mazes/maze_091.map	512	512	204	254	165	167	202.87
50	maps/mazes/maze_091.map	512	512	340	465	273	481	203.284
50	maps/mazes/maze_091.map	512	512	93	451	128	428	203.799
50	maps/mazes/maze_091.map	512	512	97	204	76	238	203.284
50	maps/mazes/maze_091.map	512	512	263	105	232	105	203.042
50	maps/mazes/maze_091.map	512	512	150	76	121	69	203.113
50	maps/mazes/maze_091.map	512	512	466	301	487	284	202.627
50	maps/mazes/maze_091.map	512	512	213	48	137	23	203.527
50	maps/mazes/maze_091.map	512	512	477	360	473	337	203.87
50	maps/mazes/maze_091.map	512	512	232	213	225	145	203.284
34	maps/mazes/maze_091.map	512	512	485	399	450	412	138.627
49	maps/mazes/maze_091.map	512	512	348	413	297	416	199.456
49	maps/mazes/maze_091.map	512	512	324	258	293	212	199.385
49	maps/mazes/maze_091.map	512	512	197	115	130	77	199.042
49	maps/mazes/maze_091.map	512	512	82	64	56	172	199.456
49	maps/mazes/maze_091.map	512	512	332	331	320	268	199.284
49	maps/mazes/maze_091.map	512	512	350	300	313	256	199.284
49	maps/mazes/maze_091.map	512	512	169	184	113	136	199.941
49	maps/mazes/maze_091.map	512	512	93	404	37	451	199.77
49	maps/mazes/maze_091.map	512	512	121	197	124	177	199.284
49	maps/mazes/maze_091.map	512	512	445	173	355	157	199.799
48	maps/mazes/maze_091.map	512	512	396	269	337	221	195.284
48	maps/mazes/maze_091.map	512	512	16	316	12	297	195.042
48	maps/mazes/maze_091.map	512	512	432	331	508	348	195.426
48	maps/mazes/maze_091.map	512	512	470	188	420	173	195.042
48	maps/mazes/maze_091.map	512	512	304	67	345	32	195.456
48	maps/mazes/maze_091.map	512	512	355	225	268	159	195.284
48	maps/mazes/maze_091.map	512	512	220	272	237	192	195.87
48	maps/mazes/maze_091.map	512	512	213	467	198	436	195.456
47	maps/mazes/maze_091.map	512	512	289	365	234	344	191.456
47	maps/mazes/maze_091.map	512	512	316	291	320	268	191.77
47	maps/mazes/maze_091.map	512	512	225	340	186	317	191.799
47	maps/mazes/maze_091.map	512	512	203	473	222	420	191.456
47	maps/mazes/maze_091.map	512	512	136	322	92	246	191.213
47	maps/mazes/maze_091.map	512	512	28	403	61	311	191.87
47	maps/mazes/maze_091.map	512	512	354	365	293	389	191.627
47	maps/mazes/maze_091.map	512	512	222	284	193	289	191.113
47	maps/mazes/maze_091.map	512	512	120	33	101	40	191.456
47	maps/mazes/maze_091.map	512	512	248	445	181	386	191.698
46	maps/mazes/maze_091.map	512	512	128	255	162	269	187.113
46	maps/mazes/maze_091.map	512	512	454	400	394	356	187.456
46	maps/mazes/maze_091.map	512	512	359	201	373	273	187.113
46	maps/mazes/maze_091.map	512	512	149	294	94	248	187.042
46	maps/mazes/maze_091.map	512	512	28	91	36	23	186.87
46	maps/mazes/maze_091.map	512	512	472	352	482	352	187.456
46	maps/mazes/maze_091.map	512	512	73	272	134	280	187.042
46	maps/mazes/maze_091.map	512	512	36	133	1	180	187.941
46	maps/mazes/maze_091.map	512	512	193	215	132	183	187.284
46	maps/mazes/maze_091.map	512	512	340	115	348	134	187.042
45	maps/mazes/maze_091.map	512	512	420	463	448	505	183.113
45	maps/mazes/maze_091.map	512	512	493	36	488	7	183.456
45	maps/mazes/maze_091.map	512	512	264	74	233	103	183.698
45	maps/mazes/maze_091.map	512	512	416	444	339	401	183.799
45	maps/mazes/maze_091.map	512	512	95	412	38	452	183.527
45	maps/mazes/maze_091.map	512	512	134	476	140	440	183.799
45	maps/mazes/maze_091.map	512	512	296	504	270	436	183.456
45	maps/mazes/maze_091.map	512	512	249	480	220	498	183.527
45	maps/mazes/maze_091.map	512	512	184	482	133	448	183.284
45	maps/mazes/maze_091.map	512	512	126	160	51	176	183.527
44	maps/mazes/maze_091.map	512	512	212	4	300	21	179.042
44	maps/mazes/maze_091.map	512	512	217	9	294	20	179.456
44	maps/mazes/maze_091.map	512	512	201	136	255	149	179.87
44	maps/mazes/maze_091.map	512	512	37	379	29	336	179.527
44	maps/mazes/maze_091.map	512	512	390	240	304	203	179.87
44	maps/mazes/maze_091.map	512	512	281	380	305	353	179.87
44	maps/mazes/maze_091.map	512	512	101	504	72	484	179.527
44	maps/mazes/maze_091.map	512	512	422	0	448	17	179.042
44	maps/mazes/maze_091.map	512	512	99	229	67	208	179.627
44	maps/mazes/maze_091.map	512	512	207	177	220	85	179.284
43	maps/mazes/maze_091.map	512	512	372	314	349	298	175.627
43	maps/mazes/maze_091.map	512	512	349	286	319	264	175.698
43	maps/mazes/maze_091.map	512	512	1	509	101	462	175.284
43	maps/mazes/maze_091.map	512	512	389	504	420	483	175.556
43	maps/mazes/maze_091.map	512	512	45	9	73	67	175.698
43	maps/mazes/maze_091.map	512	512	409	32	422	32	175.385
43	maps/mazes/maze_091.map	512	512	309	156	337	202	175.213
43	maps/mazes/maze_091.map	512	512	192	292	205	217	175.213
43	maps/mazes/maze_091.map	512	512	256	188	221	135	175.213
43	maps/mazes/maze_091.map	512	512	137	134	219	89	175.042
42	maps/mazes/maze_091.map	512	512	335	144	382	113	170.971
42	maps/mazes/maze_091.map	512	512	189	112	182	184	171.284
42	maps/mazes/maze_091.map	512	512	285	423	196	382	171.799
42	maps/mazes/maze_091.map	512	512	291	205	246	152	171.213
42	maps/mazes/maze_091.map	512	512	425	48	378	73	170.87
42	maps/mazes/maze_091.map	512	512	364	272	381	284	171.284
42	maps/mazes/maze_091.map	512	512	248	16	228	41	171.385
42	maps/mazes/maze_091.map	512	512	257	161	301	94	171.87
42	maps/mazes/maze_091.map	512	512	214	305	201	276	171.799
42	maps/mazes/maze_091.map	512	512	260	496	205	504	171.87
41	maps/mazes/maze_091.map	512	512	268	309	276	327	167.213
41	maps/mazes/maze_091.map	512	512	116	331	104	250	167.87
41	maps/mazes/maze_091.map	512	512	452	61	503	28	167.456
41	maps/mazes/maze_091.map	512	512	126	249	148	268	167.042
41	maps/mazes/maze_091.map	512	512	121	273	50	205	167.042
41	maps/mazes/maze_091.map	512	512	37	170	40	157	167.698
41	maps/mazes/maze_091.map	512	512	397	389	396	413	167.042
41	maps/mazes/maze_091.map	512	512	83	45	66	137	167.042
41	maps/mazes/maze_091.map	512	512	360	397	351	361	167.971
40	maps/mazes/maze_091.map	512	512	61	445	65	458	163.87
40	maps/mazes/maze_091.map	512	512	286	125	232	94	163.627
40	maps/mazes/maze_091.map	512	512	124	301	104	258	163.627
40	maps/mazes/maze_091.map	512	512	360	256	325	229	163.456
40	maps/mazes/maze_091.map	512	512	443	157	348	173	163.385
40	maps/mazes/maze_091.map	512	512	368	108	337	101	163.213
40	maps/mazes/maze_091.map	512	512	248	368	196	383	163.627
40	maps/mazes/maze_091.map	512	512	45	162	60	89	163.213
40	maps/mazes/maze_091.map	512	512	14	376	1	348	163.627
40	maps/mazes/maze_091.map	512	512	229	301	212	273	163.627
39	maps/mazes/maze_091.map	512	512	482	477	480	437	158.971
39	maps/mazes/maze_091.map	512	512	285	500	271	436	159.456
39	maps/mazes/maze_091.map	512	512	273	484	274	428	159.627
39	maps/mazes/maze_091.map	512	512	160	422	210	413	159.042
39	maps/mazes/maze_091.map	512	512	252	171	218	92	159.042
39	maps/mazes/maze_091.map	512	512	60	272	68	240	159.456
39	maps/mazes/maze_091.map	512	512	499	245	495	192	159.627
39	maps/mazes/maze_091.map	512	512	144	313	184	338	159.385
39	maps/mazes/maze_091.map	512	512	173	30	132	36	159.627
39	maps/mazes/maze_091.map	512	512	389	501	413	490	159.142
38	maps/mazes/maze_091.map	512	512	317	111	352	141	155.627
38	maps/mazes/maze_091.map	512	512	60	334	45	269	155.556
38	maps/mazes/maze_091.map	512	512	244	8	285	28	155.971
38	maps/mazes/maze_091.map	512	512	364	157	381	95	155.385
38	maps/mazes/maze_091.map	512	512	60	213	46	208	155.627
38	maps/mazes/maze_091.map	512	512	131	500	117	499	155.385
38	maps/mazes/maze_091.map	512	512	329	13	329	57	155.213
38	maps/mazes/maze_091.map	512	512	8	320	48	356	155.698
38	maps/mazes/maze_091.map	512	512	246	357	299	420	155.799
38	maps/mazes/maze_091.map	512	512	481	6	457	32	155.456
37	maps/mazes/maze_091.map	512	512	371	29	343	5	151.213
37	maps/mazes/maze_091.map	512	512	325	124	364	147	151.799
37	maps/mazes/maze_091.map	512	512	428	167	344	165	151.556
37	maps/mazes/maze_091.map	512	512	72	316	55	297	151.799
37	maps/mazes/maze_091.map	512	512	365	498	356	467	151.456
37	maps/mazes/maze_091.map	512	512	351	389	380	363	151.042
37	maps/mazes/maze_091.map	512	512	54	408	56	385	151.042
37	maps/mazes/maze_091.map	512	512	467	68	503	28	151.799
37	maps/mazes/maze_091.map	512	512	21	201	45	163	151.799
37	maps/mazes/maze_091.map	512	512	68	290	64	240	151.213
36	maps/mazes/maze_091.map	512	512	217	177	223	101	146.627
36	maps/mazes/maze_091.map	512	512	508	84	459	121	147.213
36	maps/mazes/maze_091.map	512	512	198	257	181	197	147.385
36	maps/mazes/maze_091.map	512	512	25	181	80	237	146.799
36	maps/mazes/maze_091.map	512	512	354	125	330	124	147.971
36	maps/mazes/maze_091.map	512	512	404	123	447	93	147.87
36	maps/mazes/maze_091.map	512	512	256	469	216	388	147.284
36	maps/mazes/maze_091.map	512	512	93	436	41	456	147.698
36	maps/mazes/maze_091.map	512	512	406	176	351	168	147.142
36	maps/mazes/maze_091.map	512	512	407	325	404	265	147.385
35	maps/mazes/maze_091.map	512	512	270	36	228	49	143.385
35	maps/mazes/maze_091.map	512	512	400	264	371	248	143.627
35	maps/mazes/maze_091.map	512	512	296	420	246	365	143.385
35	maps/mazes/maze_091.map	512	512	224	350	220	368	143.213
35	maps/mazes/maze_091.map	512	512	16	52	29	23	143.799
35	maps/mazes/maze_091.map	512	512	285	14	219	37	143.627
35	maps/mazes/maze_091.map	512	512	412	410	353	428	143.728
35	maps/mazes/maze_091.map	512	512	176	424	189	455	143.113
35	maps/mazes/maze_091.map	512	512	3	508	85	478	143.213
35	maps/mazes/maze_091.map	512	512	328	262	339	244	143.042
34	maps/mazes/maze_091.map	512	512	232	284	208	304	139.213
34	maps/mazes/maze_091.map	512	512	363	280	381	265	139.627
34	maps/mazes/maze_091.map	512	512	46	125	93	81	139.971
34	maps/mazes/maze_091.map	512	512	316	369	319	353	139.627
34	maps/mazes/maze_091.map	512	512	340	446	306	404	139.213
34	maps/mazes/maze_091.map	512	512	319	468	308	497	139.799
34	maps/mazes/maze_091.map	512	512	165	392	132	376	139.042
34	maps/mazes/maze_091.map	512	512	398	417	336	404	139.385
34	maps/mazes/maze_091.map	512	512	249	45	220	59	139.385
33	maps/mazes/maze_091.map	512	512	437	412	385	365	135.971
33	maps/mazes/maze_091.map	512	512	89	389	85	446	135.627
33	maps/mazes/maze_091.map	512	512	188	329	231	333	135.385
33	maps/mazes/maze_091.map	512	512	448	17	501	5	134.799
33	maps/mazes/maze_091.map	512	512	54	448	69	457	135.456
33	maps/mazes/maze_091.map	512	512	265	337	247	317	135.799
33	maps/mazes/maze_091.map	512	512	393	137	425	84	135.627
33	maps/mazes/maze_091.map	512	512	205	76	250	140	135.971
33	maps/mazes/maze_091.map	512	512	441	354	444	324	135.042
33	maps/mazes/maze_091.map	512	512	425	113	400	136	135.213
32	maps/mazes/maze_091.map	512	512	292	505	281	464	131.556
32	maps/mazes/maze_091.map	512	512	344	400	307	408	131.385
32	maps/mazes/maze_091.map	512	512	252	23	239	37	131.142
32	maps/mazes/maze_091.map	512	512	486	173	498	177	131.456
32	maps/mazes/maze_091.map	512	512	84	72	61	145	131.556
29	maps/mazes/maze_091.map	512	512	74	189	66	221	117.799
32	maps/mazes/maze_091.map	512	512	362	320	372	305	131.385
32	maps/mazes/maze_091.map	512	512	13	403	49	428	131.971
32	maps/mazes/maze_091.map	512	512	260	357	205	332	131.314
32	maps/mazes/maze_091.map	512	512	89	383	93	308	131.385
32	maps/mazes/maze_091.map	512	512	336	437	305	402	131.213
31	maps/mazes/maze_091.map	512	512	148	495	136	477	127.314
31	maps/mazes/maze_091.map	512	512	300	321	268	330	127.142
31	maps/mazes/maze_091.map	512	512	421	485	461	483	127.456
31	maps/mazes/maze_091.map	512	512	472	262	500	221	127.971
31	maps/mazes/maze_091.map	512	512	484	380	470	348	126.971
31	maps/mazes/maze_091.map	512	512	314	140	376	143	127.142
31	maps/mazes/maze_091.map	512	512	372	209	369	167	127.042
31	maps/mazes/maze_091.map	512	512	428	40	357	7	127.213
31	maps/mazes/maze_091.map	512	512	202	96	145	115	127.556
31	maps/mazes/maze_091.map	512	512	211	96	205	113	127.971
30	maps/mazes/maze_091.map	512	512	181	88	219	85	123.385
30	maps/mazes/maze_091.map	512	512	428	354	404	303	123.142
30	maps/mazes/maze_091.map	512	512	338	45	332	57	123.556
30	maps/mazes/maze_091.map	512	512	484	403	457	404	123.213
30	maps/mazes/maze_091.map	512	512	67	497	109	442	123.042
30	maps/mazes/maze_091.map	512	512	40	129	60	126	123.385
30	maps/mazes/maze_091.map	512	512	503	396	484	349	123.556
30	maps/mazes/maze_091.map	512	512	460	29	388	15	123.799
30	maps/mazes/maze_091.map	512	512	405	106	380	96	123.627
30	maps/mazes/maze_091.map	512	512	453	461	407	416	123.971
29	maps/mazes/maze_091.map	512	512	76	41	93	71	119.385
29	maps/mazes/maze_091.map	512	512	205	248	181	213	119.142
29	maps/mazes/maze_091.map	512	512	160	257	149	170	119.799
29	maps/mazes/maze_091.map	512	512	332	127	349	140	119.556
29	maps/mazes/maze_091.map	512	512	401	404	388	420	119.385
29	maps/mazes/maze_091.map	512	512	273	129	209	120	119.142
29	maps/mazes/maze_091.map	512	512	28	131	17	145	119.627
29	maps/mazes/maze_091.map	512	512	352	474	372	471	119.728
1	maps/mazes/maze_091.map	512	512	328	176	334	177	6.41421
29	maps/mazes/maze_091.map	512	512	102	97	125	85	119.385
28	maps/mazes/maze_091.map	512	512	492	186	500	161	115.627
28	maps/mazes/maze_091.map	512	512	508	132	439	97	115.213
28	maps/mazes/maze_091.map	512	512	301	168	320	204	115.142
28	maps/mazes/maze_091.map	512	512	324	445	311	488	115.799
28	maps/mazes/maze_091.map	512	512	111	460	109	499	115.971
28	maps/mazes/maze_091.map	512	512	363	253	315	265	115.799
28	maps/mazes/maze_091.map	512	512	452	489	455	469	115.385
28	maps/mazes/maze_091.map	512	512	32	244	49	229	115.799
28	maps/mazes/maze_091.map	512	512	491	281	461	273	115.456
28	maps/mazes/maze_091.map	512	512	283	80	279	129	115.627
27	maps/mazes/maze_091.map	512	512	53	85	101	91	111.556
27	maps/mazes/maze_091.map	512	512	472	158	495	192	111.385
27	maps/mazes/maze_091.map	512	512	295	185	258	145	111.142
27	maps/mazes/maze_091.map	512	512	288	396	315	376	111.385
27	maps/mazes/maze_091.map	512	512	304	491	282	496	111.142
27	maps/mazes/maze_091.map	512	512	48	15	61	31	111.385
27	maps/mazes/maze_091.map	512	512	285	210	249	184	111.314
27	maps/mazes/maze_091.map	512	512	506	240	501	177	111.556
27	maps/mazes/maze_091.map	512	512	500	313	480	291	111.556
27	maps/mazes/maze_091.map	512	512	154	145	180	188	111.142
26	maps/mazes/maze_091.map	512	512	84	62	56	117	107.971
26	maps/mazes/maze_091.map	512	512	465	253	492	229	107.485
26	maps/mazes/maze_091.map	512	512	16	393	16	332	107.971
26	maps/mazes/maze_091.map	512	512	60	280	113	268	107.971
26	maps/mazes/maze_091.map	512	512	128	360	121	380	107.627
26	maps/mazes/maze_091.map	512	512	254	341	205	330	107.314
26	maps/mazes/maze_091.map	512	512	69	61	85	78	107.971
26	maps/mazes/maze_091.map	512	512	266	152	315	125	107.071
26	maps/mazes/maze_091.map	512	512	241	113	272	105	107.385
26	maps/mazes/maze_091.map	512	512	280	100	276	122	107.314
25	maps/mazes/maze_091.map	512	512	31	21	69	57	103.556
25	maps/mazes/maze_091.map	512	512	364	261	327	276	103.556
25	maps/mazes/maze_091.map	512	512	453	265	486	248	103.799
25	maps/mazes/maze_091.map	512	512	347	101	356	56	103.799
25	maps/mazes/maze_091.map	512	512	109	169	60	204	103.799
25	maps/mazes/maze_091.map	512	512	376	333	351	289	103.142
25	maps/mazes/maze_091.map	512	512	437	137	414	145	103.042
25	maps/mazes/maze_091.map	512	512	77	276	86	237	103.314
25	maps/mazes/maze_091.map	512	512	243	65	228	80	103.213
25	maps/mazes/maze_091.map	512	512	352	185	328	153	103.314
24	maps/mazes/maze_091.map	512	512	505	405	463	397	99.3137
24	maps/mazes/maze_091.map	512	512	210	361	218	381	99.2132
24	maps/mazes/maze_091.map	512	512	64	8	39	25	99.5563
24	maps/mazes/maze_091.map	512	512	229	205	241	162	99.9706
24	maps/mazes/maze_091.map	512	512	116	41	69	59	99.4853
24	maps/mazes/maze_091.map	512	512	47	217	38	157	99.3848
24	maps/mazes/maze_091.map	512	512	309	424	328	450	99.9706
24	maps/mazes/maze_091.map	512	512	89	297	104	261	99.7279
24	maps/mazes/maze_091.map	512	512	165	473	121	467	99.5563
24	maps/mazes/maze_091.map	512	512	188	250	192	213	99.9706
23	maps/mazes/maze_091.map	512	512	367	137	340	123	95.7279
23	maps/mazes/maze_091.map	512	512	247	365	237	331	95.8995
23	maps/mazes/maze_091.map	512	512	380	152	384	106	95.3137
23	maps/mazes/maze_091.map	512	512	412	298	405	268	95.7279
23	maps/mazes/maze_091.map	512	512	189	176	211	117	95.1421
23	maps/mazes/maze_091.map	512	512	293	134	331	129	95.1421
23	maps/mazes/maze_091.map	512	512	112	504	140	474	95.8995
23	maps/mazes/maze_091.map	512	512	61	29	78	57	95.1421
23	maps/mazes/maze_091.map	512	512	153	501	140	506	95.3137
22	maps/mazes/maze_091.map	512	512	76	124	75	85	91.8995
22	maps/mazes/maze_091.map	512	512	188	32	193	60	91.7279
22	maps/mazes/maze_091.map	512	512	316	96	276	140	90.9706
22	maps/mazes/maze_091.map	512	512	221	311	204	293	91.7279
22	maps/mazes/maze_091.map	512	512	440	125	448	109	91.5563
8	maps/mazes/maze_091.map	512	512	246	284	247	273	34.4853
22	maps/mazes/maze_091.map	512	512	216	406	200	384	91.3137
22	maps/mazes/maze_091.map	512	512	8	453	47	421	91.7279
22	maps/mazes/maze_091.map	512	512	262	189	237	165	91.7279
22	maps/mazes/maze_091.map	512	512	17	393	5	333	91.5563
22	maps/mazes/maze_091.map	512	512	504	314	488	288	91.8995
21	maps/mazes/maze_091.map	512	512	396	464	401	484	87.4853
21	maps/mazes/maze_091.map	512	512	85	130	84	106	87.1421
21	maps/mazes/maze_091.map	512	512	117	437	156	429	87.4853
21	maps/mazes/maze_091.map	512	512	369	458	358	440	87.1421
21	maps/mazes/maze_091.map	512	512	230	397	200	392	87.4853
21	maps/mazes/maze_091.map	512	512	428	460	428	445	87.1421
21	maps/mazes/maze_091.map	512	512	12	414	27	409	87.3137
21	maps/mazes/maze_091.map	512	512	2	377	21	338	87.5563
21	maps/mazes/maze_091.map	512	512	273	441	261	397	87.8995
21	maps/mazes/maze_091.map	512	512	255	489	237	488	87.7279
20	maps/mazes/maze_091.map	512	512	401	371	416	340	83.5563
20	maps/mazes/maze_091.map	512	512	465	127	425	111	83.5563
20	maps/mazes/maze_091.map	512	512	180	136	164	157	83.1421
20	maps/mazes/maze_091.map	512	512	52	409	29	402	83.5563
20	maps/mazes/maze_091.map	512	512	474	296	503	296	83.1421
20	maps/mazes/maze_091.map	512	512	112	77	60	95	83.8995
20	maps/mazes/maze_091.map	512	512	480	152	496	167	83.7279
20	maps/mazes/maze_091.map	512	512	41	197	45	166	83.7279
20	maps/mazes/maze_091.map	512	512	457	369	393	357	82.7279
20	maps/mazes/maze_091.map	512	512	245	508	207	504	83.3137
19	maps/mazes/maze_091.map	512	512	187	217	172	182	79.3137
19	maps/mazes/maze_091.map	512	512	448	176	389	157	79.8995
19	maps/mazes/maze_091.map	512	512	76	505	54	485	79.3137
19	maps/mazes/maze_091.map	512	512	8	337	21	340	79.8995
19	maps/mazes/maze_091.map	512	512	233	36	229	25	79.3848
19	maps/mazes/maze_091.map	512	512	228	140	212	166	79.3137
19	maps/mazes/maze_091.map	512	512	426	189	387	209	79.1421
19	maps/mazes/maze_091.map	512	512	420	210	438	240	79.3137
19	maps/mazes/maze_091.map	512	512	157	76	193	77	79.7279
19	maps/mazes/maze_091.map	512	512	503	345	484	356	79.3137
18	maps/mazes/maze_091.map	512	512	264	323	281	337	75.7279
18	maps/mazes/maze_091.map	512	512	117	113	135	97	75.6569
18	maps/mazes/maze_091.map	512	512	503	121	476	124	75.8995
18	maps/mazes/maze_091.map	512	512	165	45	130	29	75.1421
18	maps/mazes/maze_091.map	512	512	133	457	119	477	75.8995
18	maps/mazes/maze_091.map	512	512	244	240	257	256	75.7279
18	maps/mazes/maze_091.map	512	512	309	501	284	498	75.0711
18	maps/mazes/maze_091.map	512	512	437	285	441	245	75.8995
18	maps/mazes/maze_091.map	512	512	309	461	281	421	75.5563
18	maps/mazes/maze_091.map	512	512	116	421	153	398	75.5563
17	maps/mazes/maze_091.map	512	512	75	429	84	452	71.3137
17	maps/mazes/maze_091.map	512	512	441	396	433	380	71.6569
17	maps/mazes/maze_091.map	512	512	113	320	89	289	71.4853
17	maps/mazes/maze_091.map	512	512	485	436	480	441	71.6569
17	maps/mazes/maze_091.map	512	512	380	206	408	171	71.4853
17	maps/mazes/maze_091.map	512	512	364	259	330	261	71.3137
17	maps/mazes/maze_091.map	512	512	414	185	382	161	71.3137
17	maps/mazes/maze_091.map	512	512	109	497	136	482	71.0711
17	maps/mazes/maze_091.map	512	512	378	173	380	199	71.8995
16	maps/mazes/maze_091.map	512	512	392	292	377	271	67.0711
16	maps/mazes/maze_091.map	512	512	183	76	221	93	67.7279
16	maps/mazes/maze_091.map	512	512	224	285	248	300	67.7279
16	maps/mazes/maze_091.map	512	512	40	441	56	476	67.1421
16	maps/mazes/maze_091.map	512	512	172	52	184	69	67.1421
16	maps/mazes/maze_091.map	512	512	429	173	407	161	67.0711
16	maps/mazes/maze_091.map	512	512	309	380	332	374	67.7279
16	maps/mazes/maze_091.map	512	512	226	13	265	7	67.1421
16	maps/mazes/maze_091.map	512	512	379	201	357	181	67.3137
16	maps/mazes/maze_091.map	512	512	145	364	130	372	67.7279
15	maps/mazes/maze_091.map	512	512	266	220	293	225	63.3137
15	maps/mazes/maze_091.map	512	512	231	401	193	385	63.3137
15	maps/mazes/maze_091.map	512	512	164	80	177	101	63.0711
15	maps/mazes/maze_091.map	512	512	9	344	8	329	63.6569
15	maps/mazes/maze_091.map	512	512	30	388	4	366	63.8995
15	maps/mazes/maze_091.map	512	512	301	99	315	77	63.6569
15	maps/mazes/maze_091.map	512	512	289	128	260	145	63.0711
15	maps/mazes/maze_091.map	512	512	267	192	272	220	63.7279
15	maps/mazes/maze_091.map	512	512	109	244	129	235	63.4853
15	maps/mazes/maze_091.map	512	512	472	476	452	464	63.6569
14	maps/mazes/maze_091.map	512	512	106	4	146	9	59.7279
14	maps/mazes/maze_091.map	512	512	189	260	205	218	59.8995
14	maps/mazes/maze_091.map	512	512	236	233	236	221	59.6569
14	maps/mazes/maze_091.map	512	512	260	140	249	139	59.3137
14	maps/mazes/maze_091.map	512	512	77	98	112	78	59.4853
14	maps/mazes/maze_091.map	512	512	374	53	379	37	59.4853
14	maps/mazes/maze_091.map	512	512	342	53	331	57	59.8284
14	maps/mazes/maze_091.map	512	512	292	289	324	276	59.7279
14	maps/mazes/maze_091.map	512	512	125	22	97	31	59.4853
14	maps/mazes/maze_091.map	512	512	437	201	436	212	59.3137
13	maps/mazes/maze_091.map	512	512	413	129	436	146	55.0711
13	maps/mazes/maze_091.map	512	512	203	69	184	40	55.3137
13	maps/mazes/maze_091.map	512	512	92	480	97	507	55.8995
13	maps/mazes/maze_091.map	512	512	473	163	500	164	55.8995
13	maps/mazes/maze_091.map	512	512	473	385	491	397	55.8995
13	maps/mazes/maze_091.map	512	512	380	509	345	500	55.0711
13	maps/mazes/maze_091.map	512	512	475	269	476	252	55.8995
13	maps/mazes/maze_091.map	512	512	65	265	46	225	54.8995
13	maps/mazes/maze_091.map	512	512	24	24	23	17	55.0711
13	maps/mazes/maze_091.map	512	512	120	431	121	413	55.4853
12	maps/mazes/maze_091.map	512	512	410	400	420	427	50.6569
12	maps/mazes/maze_091.map	512	512	183	444	168	433	51.3137
12	maps/mazes/maze_091.map	512	512	203	432	224	424	51.4853
12	maps/mazes/maze_091.map	512	512	58	80	17	81	51.0711
12	maps/mazes/maze_091.map	512	512	493	345	504	349	51.4853
12	maps/mazes/maze_091.map	512	512	161	356	189	364	51.8995
12	maps/mazes/maze_091.map	512	512	1	74	25	46	51.0711
12	maps/mazes/maze_091.map	512	512	360	225	352	205	51.8995
12	maps/mazes/maze_091.map	512	512	453	177	412	164	51.0711
12	maps/mazes/maze_091.map	512	512	32	257	37	249	51.4853
11	maps/mazes/maze_091.map	512	512	12	9	27	13	47.4853
11	maps/mazes/maze_091.map	512	512	373	445	384	444	47.6569
11	maps/mazes/maze_091.map	512	512	133	5	172	9	47.2426
11	maps/mazes/maze_091.map	512	512	341	274	332	255	47.3137
11	maps/mazes/maze_091.map	512	512	197	96	232	96	47.4853
11	maps/mazes/maze_091.map	512	512	301	153	303	136	47.2426
11	maps/mazes/maze_091.map	512	512	474	169	484	166	47.4853
11	maps/mazes/maze_091.map	512	512	456	441	449	420	47.0711
11	maps/mazes/maze_091.map	512	512	8	311	5	296	47.0711
11	maps/mazes/maze_091.map	512	512	249	36	212	51	47.3137
10	maps/mazes/maze_091.map	512	512	61	295	44	305	43.2426
10	maps/mazes/maze_091.map	512	512	88	113	108	101	43.0711
10	maps/mazes/maze_091.map	512	512	422	308	447	324	43.4853
10	maps/mazes/maze_091.map	512	512	200	415	186	440	42.6569
10	maps/mazes/maze_091.map	512	512	159	220	165	202	43.0711
10	maps/mazes/maze_091.map	512	512	336	31	348	49	43.8995
10	maps/mazes/maze_091.map	512	512	72	419	77	394	43.6569
10	maps/mazes/maze_091.map	512	512	234	0	264	12	43.3137
10	maps/mazes/maze_091.map	512	512	121	168	137	145	43.8284
10	maps/mazes/maze_091.map	512	512	245	456	251	432	43.0711
9	maps/mazes/maze_091.map	512	512	83	472	72	457	39.4142
9	maps/mazes/maze_091.map	512	512	509	251	506	220	39.8995
9	maps/mazes/maze_091.map	512	512	253	187	241	173	39.0711
9	maps/mazes/maze_091.map	512	512	48	224	49	207	39.6569
9	maps/mazes/maze_091.map	512	512	28	195	53	208	39.8995
9	maps/mazes/maze_091.map	512	512	328	134	305	146	39.2426
9	maps/mazes/maze_091.map	512	512	128	143	98	133	39.0711
9	maps/mazes/maze_091.map	512	512	424	350	402	337	39.8284
9	maps/mazes/maze_091.map	512	512	172	78	175	88	39.2426
9	maps/mazes/maze_091.map	512	512	385	429	348	425	39.8284
8	maps/mazes/maze_091.map	512	512	230	417	213	396	35.0711
8	maps/mazes/maze_091.map	512	512	12	19	19	13	35.8284
8	maps/mazes/maze_091.map	512	512	289	429	285	440	35.8284
8	maps/mazes/maze_091.map	512	512	167	240	168	211	35.6569
8	maps/mazes/maze_091.map	512	512	288	296	304	294	35.0711
8	maps/mazes/maze_091.map	512	512	376	352	364	355	35.2426
8	maps/mazes/maze_091.map	512	512	172	285	188	277	35.0711
8	maps/mazes/maze_091.map	512	512	114	389	129	388	35.3137
8	maps/mazes/maze_091.map	512	512	39	277	45	255	35.0711
7	maps/mazes/maze_091.map	512	512	336	461	313	457	31.4853
7	maps/mazes/maze_091.map	512	512	179	364	184	377	31.0711
7	maps/mazes/maze_091.map	512	512	125	453	139	440	31.2426
7	maps/mazes/maze_091.map	512	512	208	336	181	330	31.8284
7	maps/mazes/maze_091.map	512	512	387	449	397	432	31.8284
7	maps/mazes/maze_091.map	512	512	222	37	224	21	31.0711
7	maps/mazes/maze_091.map	512	512	324	204	344	210	31.4142
7	maps/mazes/maze_091.map	512	512	469	320	473	304	31.6569
7	maps/mazes/maze_091.map	512	512	400	270	385	265	31.6569
7	maps/mazes/maze_091.map	512	512	29	245	13	248	31.2426
6	maps/mazes/maze_091.map	512	512	65	328	75	336	27.4142
6	maps/mazes/maze_091.map	512	512	489	185	470	180	27.0711
6	maps/mazes/maze_091.map	512	512	428	288	413	280	27.2426
6	maps/mazes/maze_091.map	512	512	11	264	9	240	27.4142
6	maps/mazes/maze_091.map	512	512	49	436	60	441	26.8284
6	maps/mazes/maze_091.map	512	512	382	269	378	265	27.4142
6	maps/mazes/maze_091.map	512	512	197	504	204	490	27.8284
6	maps/mazes/maze_091.map	512	512	234	473	242	464	27.2426
6	maps/mazes/maze_091.map	512	512	344	120	341	112	27
6	maps/mazes/maze_091.map	512	512	466	228	456	223	27.2426
5	maps/mazes/maze_091.map	512	512	40	204	39	184	23.8284
5	maps/mazes/maze_091.map	512	512	345	429	337	434	23.2426
5	maps/mazes/maze_091.map	512	512	505	212	489	220	23.4142
5	maps/mazes/maze_091.map	512	512	104	122	100	120	23.4142
5	maps/mazes/maze_091.map	512	512	12	481	21	484	23.6569
5	maps/mazes/maze_091.map	512	512	433	485	448	489	23.2426
5	maps/mazes/maze_091.map	512	512	295	400	308	409	23.6569
5	maps/mazes/maze_091.map	512	512	257	468	266	452	23.8284
5	maps/mazes/maze_091.map	512	512	19	124	1	125	23.2426
5	maps/mazes/maze_091.map	512	512	424	345	413	337	23.8284
4	maps/mazes/maze_091.map	512	512	33	252	16	249	19.4142
4	maps/mazes/maze_091.map	512	512	150	436	156	421	19.8284
4	maps/mazes/maze_091.map	512	512	255	229	270	229	19.8284
4	maps/mazes/maze_091.map	512	512	249	180	244	190	19.2426
4	maps/mazes/maze_091.map	512	512	152	186	143	185	19.4142
4	maps/mazes/maze_091.map	512	512	174	412	181	414	19.2426
4	maps/mazes/maze_091.map	512	512	200	166	193	152	19.2426
4	maps/mazes/maze_091.map	512	512	161	289	156	280	18.8284
4	maps/mazes/maze_091.map	512	512	252	60	247	49	19.4142
3	maps/mazes/maze_091.map	512	512	285	354	278	365	15.6569
3	maps/mazes/maze_091.map	512	512	225	270	221	262	15.4142
3	maps/mazes/maze_091.map	512	512	15	329	30	329	15
3	maps/mazes/maze_091.map	512	512	396	492	400	499	15.8284
3	maps/mazes/maze_091.map	512	512	129	339	137	336	15.8284
3	maps/mazes/maze_091.map	512	512	223	508	228	505	15.4142
3	maps/mazes/maze_091.map	512	512	437	153	437	138	15
3	maps/mazes/maze_091.map	512	512	7	281	5	293	15.4142
3	maps/mazes/maze_091.map	512	512	161	494	149	489	15.2426
3	maps/mazes/maze_091.map	512	512	49	479	55	472	15.2426
2	maps/mazes/maze_091.map	512	512	211	352	217	353	11.2426
2	maps/mazes/maze_091.map	512	512	509	62	502	57	11.4142
2	maps/mazes/maze_091.map	512	512	77	35	76	41	11.2426
2	maps/mazes/maze_091.map	512	512	71	73	72	65	11.8284
2	maps/mazes/maze_091.map	512	512	309	100	311	109	11.8284
2	maps/mazes/maze_091.map	512	512	70	228	75	236	11.8284
2	maps/mazes/maze_091.map	512	512	253	165	253	158	11.8284
2	maps/mazes/maze_091.map	512	512	184	275	188	277	11.4142
2	maps/mazes/maze_091.map	512	512	389	148	382	148	11.8284
2	maps/mazes/maze_091.map	512	512	93	271	97	262	11.8284
1	maps/mazes/maze_091.map	512	512	1	363	2	357	7
1	maps/mazes/maze_091.map	512	512	345	152	338	153	7.41421
1	maps/mazes/maze_091.map	512	512	472	5	467	1	7.82843
1	maps/mazes/maze_091.map	512	512	288	86	292	91	7.82843
1	maps/mazes/maze_091.map	512	512	484	435	491	436	7.41421
1	maps/mazes/maze_091.map	512	512	129	154	123	156	7.41421
1	maps/mazes/maze_091.map	512	512	509	209	502	209	7
1	maps/mazes/maze_091.map	512	512	445	18	446	24	7
1	maps/mazes/maze_091.map	512	512	433	449	440	449	7
0	maps/mazes/maze_091.map	512	512	109	61	109	58	3
0	maps/mazes/maze_091.map	512	512	386	228	389	228	3
0	maps/mazes/maze_091.map	512	512	495	496	492	498	3.82843
0	maps/mazes/maze_091.map	512	512	481	277	484	276	3.41421
0	maps/mazes/maze_091.map	512	512	306	380	305	378	3
0	maps/mazes/maze_091.map	512	512	125	7	122	8	3.41421
0	maps/mazes/maze_091.map	512	512	388	405	389	408	3.41421
0	maps/mazes/maze_091.map	512	512	373	409	373	406	3
0	maps/mazes/maze_091.map	512	512	9	378	10	380	3
0	maps/mazes/maze_091.map	512	512	321	483	322	480	3.41421
