version 1
127	maps/mazes/maze_069.map	512	512	360	164	448	77	511.711
127	maps/mazes/maze_069.map	512	512	218	121	172	181	510.811
127	maps/mazes/maze_069.map	512	512	7	121	14	36	511.196
127	maps/mazes/maze_069.map	512	512	277	28	412	49	511.154
127	maps/mazes/maze_069.map	512	512	392	451	382	301	511.539
127	maps/mazes/maze_069.map	512	512	484	161	354	260	511.368
127	maps/mazes/maze_069.map	512	512	468	312	467	284	511.711
127	maps/mazes/maze_069.map	512	512	412	306	339	253	511.64
127	maps/mazes/maze_069.map	512	512	282	52	371	69	510.61
127	maps/mazes/maze_069.map	512	512	213	148	120	109	511.054
126	maps/mazes/maze_069.map	512	512	297	222	117	184	507.439
126	maps/mazes/maze_069.map	512	512	388	336	360	211	507.953
126	maps/mazes/maze_069.map	512	512	504	395	348	443	507.196
126	maps/mazes/maze_069.map	512	512	76	458	44	374	507.154
126	maps/mazes/maze_069.map	512	512	176	460	78	476	507.054
126	maps/mazes/maze_069.map	512	512	286	61	362	72	507.024
126	maps/mazes/maze_069.map	512	512	462	449	460	463	507.296
126	maps/mazes/maze_069.map	512	512	368	128	412	118	507.64
126	maps/mazes/maze_069.map	512	512	81	177	240	228	507.196
126	maps/mazes/maze_069.map	512	512	341	196	404	200	507.225
125	maps/mazes/maze_069.map	512	512	295	229	107	161	503.782
125	maps/mazes/maze_069.map	512	512	321	215	236	213	503.267
125	maps/mazes/maze_069.map	512	512	483	241	463	253	503.296
125	maps/mazes/maze_069.map	512	512	312	108	220	183	503.468
125	maps/mazes/maze_069.map	512	512	85	61	75	249	503.64
125	maps/mazes/maze_069.map	512	512	440	292	492	263	503.953
110	maps/mazes/maze_069.map	512	512	201	270	20	285	440.569
95	maps/mazes/maze_069.map	512	512	37	238	56	118	382.397
125	maps/mazes/maze_069.map	512	512	88	143	22	37	503.439
125	maps/mazes/maze_069.map	512	512	358	268	460	184	503.539
125	maps/mazes/maze_069.map	512	512	0	383	87	332	503.64
125	maps/mazes/maze_069.map	512	512	196	206	96	302	503.296
124	maps/mazes/maze_069.map	512	512	10	5	96	120	499.61
114	maps/mazes/maze_069.map	512	512	218	384	309	336	456.054
124	maps/mazes/maze_069.map	512	512	448	495	441	364	499.296
124	maps/mazes/maze_069.map	512	512	281	301	374	264	499.782
124	maps/mazes/maze_069.map	512	512	296	430	369	404	499.125
124	maps/mazes/maze_069.map	512	512	164	247	93	220	499.397
124	maps/mazes/maze_069.map	512	512	41	18	145	162	499.296
124	maps/mazes/maze_069.map	512	512	129	459	1	337	499.154
124	maps/mazes/maze_069.map	512	512	328	102	463	96	499.024
124	maps/mazes/maze_069.map	512	512	309	366	341	244	499.983
124	maps/mazes/maze_069.map	512	512	388	360	353	233	499.882
123	maps/mazes/maze_069.map	512	512	353	18	445	99	495.125
123	maps/mazes/maze_069.map	512	512	220	281	73	292	495.054
123	maps/mazes/maze_069.map	512	512	325	85	472	92	495.782
123	maps/mazes/maze_069.map	512	512	30	109	93	85	495.024
123	maps/mazes/maze_069.map	512	512	107	477	101	472	495.711
123	maps/mazes/maze_069.map	512	512	193	119	14	37	495.225
123	maps/mazes/maze_069.map	512	512	388	299	290	241	495.296
123	maps/mazes/maze_069.map	512	512	117	421	83	409	495.054
123	maps/mazes/maze_069.map	512	512	305	318	428	204	495.953
123	maps/mazes/maze_069.map	512	512	159	97	140	166	495.154
122	maps/mazes/maze_069.map	512	512	374	504	441	332	491.368
122	maps/mazes/maze_069.map	512	512	293	412	340	244	491.569
122	maps/mazes/maze_069.map	512	512	176	198	336	229	491.953
122	maps/mazes/maze_069.map	512	512	153	182	306	221	491.196
122	maps/mazes/maze_069.map	512	512	97	380	96	304	491.225
122	maps/mazes/maze_069.map	512	512	388	149	461	133	491.853
122	maps/mazes/maze_069.map	512	512	364	25	343	125	491.468
122	maps/mazes/maze_069.map	512	512	17	177	65	43	491.782
122	maps/mazes/maze_069.map	512	512	108	76	221	207	491.539
122	maps/mazes/maze_069.map	512	512	98	408	59	416	491.468
121	maps/mazes/maze_069.map	512	512	81	403	65	409	487.64
121	maps/mazes/maze_069.map	512	512	235	393	244	393	487.125
121	maps/mazes/maze_069.map	512	512	315	120	492	87	487.196
121	maps/mazes/maze_069.map	512	512	228	282	101	317	487.054
121	maps/mazes/maze_069.map	512	512	452	133	394	189	487.054
121	maps/mazes/maze_069.map	512	512	261	496	275	365	487.569
121	maps/mazes/maze_069.map	512	512	365	499	435	352	487.61
121	maps/mazes/maze_069.map	512	512	179	69	101	121	487.397
121	maps/mazes/maze_069.map	512	512	405	402	504	387	487.497
121	maps/mazes/maze_069.map	512	512	353	242	193	197	487.953
84	maps/mazes/maze_069.map	512	512	16	286	68	272	339.012
120	maps/mazes/maze_069.map	512	512	284	160	314	221	483.368
120	maps/mazes/maze_069.map	512	512	168	316	13	349	483.154
120	maps/mazes/maze_069.map	512	512	113	428	64	390	483.569
120	maps/mazes/maze_069.map	512	512	435	113	460	173	483.024
120	maps/mazes/maze_069.map	512	512	122	436	62	377	483.912
120	maps/mazes/maze_069.map	512	512	101	341	13	335	483.74
120	maps/mazes/maze_069.map	512	512	320	198	234	213	483.853
120	maps/mazes/maze_069.map	512	512	94	112	94	285	483.083
120	maps/mazes/maze_069.map	512	512	185	392	123	461	483.225
120	maps/mazes/maze_069.map	512	512	26	353	191	253	483.225
39	maps/mazes/maze_069.map	512	512	165	376	84	377	158.971
119	maps/mazes/maze_069.map	512	512	141	264	97	289	479.912
119	maps/mazes/maze_069.map	512	512	191	17	198	77	479.125
119	maps/mazes/maze_069.map	512	512	419	188	376	242	479.468
119	maps/mazes/maze_069.map	512	512	368	428	457	497	479.539
119	maps/mazes/maze_069.map	512	512	296	144	306	244	479.782
119	maps/mazes/maze_069.map	512	512	172	279	144	170	479.669
77	maps/mazes/maze_069.map	512	512	53	417	119	461	308.426
119	maps/mazes/maze_069.map	512	512	197	343	8	335	479.669
119	maps/mazes/maze_069.map	512	512	135	9	93	98	479.125
119	maps/mazes/maze_069.map	512	512	169	28	210	61	479.882
119	maps/mazes/maze_069.map	512	512	80	76	23	41	479.782
118	maps/mazes/maze_069.map	512	512	17	304	94	232	475.225
118	maps/mazes/maze_069.map	512	512	24	200	33	41	475.782
118	maps/mazes/maze_069.map	512	512	349	436	416	334	475.468
118	maps/mazes/maze_069.map	512	512	380	50	491	116	475.953
118	maps/mazes/maze_069.map	512	512	154	384	117	432	475.953
118	maps/mazes/maze_069.map	512	512	6	237	22	116	475.024
118	maps/mazes/maze_069.map	512	512	371	472	401	331	475.368
118	maps/mazes/maze_069.map	512	512	468	152	388	268	475.054
118	maps/mazes/maze_069.map	512	512	236	392	240	400	475.539
118	maps/mazes/maze_069.map	512	512	481	468	381	402	475.983
117	maps/mazes/maze_069.map	512	512	388	248	349	261	470.953
117	maps/mazes/maze_069.map	512	512	72	357	68	400	471.569
117	maps/mazes/maze_069.map	512	512	351	396	408	376	470.983
117	maps/mazes/maze_069.map	512	512	253	349	168	273	471.468
117	maps/mazes/maze_069.map	512	512	297	208	293	336	471.296
117	maps/mazes/maze_069.map	512	512	488	141	357	218	471.054
105	maps/mazes/maze_069.map	512	512	145	104	41	1	421.569
117	maps/mazes/maze_069.map	512	512	465	185	356	284	471.882
117	maps/mazes/maze_069.map	512	512	260	385	316	221	471.64
117	maps/mazes/maze_069.map	512	512	193	332	73	264	471.983
117	maps/mazes/maze_069.map	512	512	144	43	93	111	471.953
116	maps/mazes/maze_069.map	512	512	428	149	488	162	467.225
116	maps/mazes/maze_069.map	512	512	291	485	295	392	467.569
116	maps/mazes/maze_069.map	512	512	131	396	48	308	467.326
116	maps/mazes/maze_069.map	512	512	12	92	97	101	467.782
116	maps/mazes/maze_069.map	512	512	363	16	325	101	467.225
116	maps/mazes/maze_069.map	512	512	294	217	409	337	467.569
116	maps/mazes/maze_069.map	512	512	297	422	329	436	467.882
116	maps/mazes/maze_069.map	512	512	412	231	491	244	467.539
116	maps/mazes/maze_069.map	512	512	422	17	452	94	467.711
116	maps/mazes/maze_069.map	512	512	16	177	54	29	467.539
115	maps/mazes/maze_069.map	512	512	197	442	250	372	463.711
115	maps/mazes/maze_069.map	512	512	282	505	265	418	463.497
115	maps/mazes/maze_069.map	512	512	360	312	364	214	463.196
115	maps/mazes/maze_069.map	512	512	148	357	31	305	463.669
55	maps/mazes/maze_069.map	512	512	285	128	219	133	223.284
115	maps/mazes/maze_069.map	512	512	413	192	449	112	463.782
115	maps/mazes/maze_069.map	512	512	500	407	358	277	463.154
115	maps/mazes/maze_069.map	512	512	472	72	492	155	463.125
115	maps/mazes/maze_069.map	512	512	112	24	104	73	463.468
115	maps/mazes/maze_069.map	512	512	305	135	195	137	463.64
115	maps/mazes/maze_069.map	512	512	397	507	436	353	463.125
114	maps/mazes/maze_069.map	512	512	57	417	97	296	459.326
114	maps/mazes/maze_069.map	512	512	289	458	348	421	459.296
55	maps/mazes/maze_069.map	512	512	276	169	201	137	221.971
114	maps/mazes/maze_069.map	512	512	433	67	404	177	459.811
114	maps/mazes/maze_069.map	512	512	414	128	433	153	459.439
114	maps/mazes/maze_069.map	512	512	361	118	454	104	459.953
114	maps/mazes/maze_069.map	512	512	411	117	428	170	459.439
114	maps/mazes/maze_069.map	512	512	71	505	147	484	459.468
114	maps/mazes/maze_069.map	512	512	449	54	472	92	459.711
114	maps/mazes/maze_069.map	512	512	321	367	376	403	459.326
113	maps/mazes/maze_069.map	512	512	344	403	428	329	455.296
113	maps/mazes/maze_069.map	512	512	141	417	116	467	455.569
113	maps/mazes/maze_069.map	512	512	50	45	108	232	455.811
113	maps/mazes/maze_069.map	512	512	56	132	39	45	455.782
113	maps/mazes/maze_069.map	512	512	380	484	408	367	455.225
113	maps/mazes/maze_069.map	512	512	387	24	474	105	455.539
113	maps/mazes/maze_069.map	512	512	241	36	197	115	454.882
113	maps/mazes/maze_069.map	512	512	154	17	101	118	455.539
113	maps/mazes/maze_069.map	512	512	67	452	43	300	455.74
113	maps/mazes/maze_069.map	512	512	106	44	220	205	455.468
112	maps/mazes/maze_069.map	512	512	281	85	406	48	451.882
112	maps/mazes/maze_069.map	512	512	290	193	262	232	451.368
112	maps/mazes/maze_069.map	512	512	5	85	89	64	450.882
8	maps/mazes/maze_069.map	512	512	212	170	209	188	35.8284
112	maps/mazes/maze_069.map	512	512	84	312	120	169	451.083
112	maps/mazes/maze_069.map	512	512	57	390	85	285	451.912
111	maps/mazes/maze_069.map	512	512	96	292	182	204	444.569
112	maps/mazes/maze_069.map	512	512	418	169	449	120	451.539
112	maps/mazes/maze_069.map	512	512	245	228	341	256	451.882
112	maps/mazes/maze_069.map	512	512	338	8	489	88	451.225
112	maps/mazes/maze_069.map	512	512	73	432	57	289	451.083
112	maps/mazes/maze_069.map	512	512	245	81	207	144	451.225
111	maps/mazes/maze_069.map	512	512	69	8	161	162	447.539
111	maps/mazes/maze_069.map	512	512	435	164	380	204	447.569
111	maps/mazes/maze_069.map	512	512	296	186	218	201	447.61
111	maps/mazes/maze_069.map	512	512	129	18	119	164	447.539
111	maps/mazes/maze_069.map	512	512	429	373	492	351	447.569
111	maps/mazes/maze_069.map	512	512	28	480	89	323	447.74
111	maps/mazes/maze_069.map	512	512	161	402	101	415	446.882
111	maps/mazes/maze_069.map	512	512	365	89	461	120	447.953
111	maps/mazes/maze_069.map	512	512	33	168	17	43	447.468
110	maps/mazes/maze_069.map	512	512	320	408	372	403	443.326
110	maps/mazes/maze_069.map	512	512	69	268	219	201	443.811
110	maps/mazes/maze_069.map	512	512	404	287	508	278	443.368
110	maps/mazes/maze_069.map	512	512	368	371	420	352	443.326
110	maps/mazes/maze_069.map	512	512	176	188	301	222	443.711
110	maps/mazes/maze_069.map	512	512	152	332	84	384	443.983
10	maps/mazes/maze_069.map	512	512	311	249	304	270	43.6569
110	maps/mazes/maze_069.map	512	512	140	372	13	355	443.497
110	maps/mazes/maze_069.map	512	512	256	289	97	285	443.569
110	maps/mazes/maze_069.map	512	512	456	113	508	180	443.711
109	maps/mazes/maze_069.map	512	512	45	322	74	389	439.497
109	maps/mazes/maze_069.map	512	512	216	12	361	12	439.569
109	maps/mazes/maze_069.map	512	512	380	438	468	500	439.882
19	maps/mazes/maze_069.map	512	512	69	432	79	416	79.5563
109	maps/mazes/maze_069.map	512	512	258	108	199	164	439.569
109	maps/mazes/maze_069.map	512	512	410	500	444	337	438.882
109	maps/mazes/maze_069.map	512	512	208	37	199	124	439.054
109	maps/mazes/maze_069.map	512	512	385	73	498	101	439.125
109	maps/mazes/maze_069.map	512	512	68	244	181	199	439.64
109	maps/mazes/maze_069.map	512	512	157	112	112	217	439.74
109	maps/mazes/maze_069.map	512	512	33	228	9	93	439.953
108	maps/mazes/maze_069.map	512	512	337	192	225	180	435.054
108	maps/mazes/maze_069.map	512	512	5	274	15	129	435.711
108	maps/mazes/maze_069.map	512	512	404	383	366	260	435.468
108	maps/mazes/maze_069.map	512	512	433	101	481	172	435.225
108	maps/mazes/maze_069.map	512	512	149	364	25	308	435.255
108	maps/mazes/maze_069.map	512	512	157	477	53	414	435.326
108	maps/mazes/maze_069.map	512	512	360	205	492	351	435.397
108	maps/mazes/maze_069.map	512	512	221	281	108	281	435.811
108	maps/mazes/maze_069.map	512	512	343	424	404	326	435.468
108	maps/mazes/maze_069.map	512	512	173	216	290	260	435.368
107	maps/mazes/maze_069.map	512	512	110	397	85	431	431.912
107	maps/mazes/maze_069.map	512	512	482	160	353	283	431.64
107	maps/mazes/maze_069.map	512	512	279	69	383	65	431.054
107	maps/mazes/maze_069.map	512	512	229	408	237	404	431.882
107	maps/mazes/maze_069.map	512	512	249	327	228	264	431.74
3	maps/mazes/maze_069.map	512	512	437	116	436	124	13.8284
107	maps/mazes/maze_069.map	512	512	339	92	393	69	431.225
107	maps/mazes/maze_069.map	512	512	185	63	89	90	431.912
107	maps/mazes/maze_069.map	512	512	277	446	293	331	431.912
107	maps/mazes/maze_069.map	512	512	426	464	418	469	431.811
107	maps/mazes/maze_069.map	512	512	152	81	92	84	431.711
106	maps/mazes/maze_069.map	512	512	254	165	213	129	427.912
106	maps/mazes/maze_069.map	512	512	264	325	199	257	427.912
15	maps/mazes/maze_069.map	512	512	331	416	332	448	61.9706
43	maps/mazes/maze_069.map	512	512	300	328	324	239	173.284
106	maps/mazes/maze_069.map	512	512	37	142	65	42	427.539
106	maps/mazes/maze_069.map	512	512	89	377	65	318	427.326
106	maps/mazes/maze_069.map	512	512	317	176	337	283	427.569
106	maps/mazes/maze_069.map	512	512	460	198	364	255	427.225
60	maps/mazes/maze_069.map	512	512	164	120	184	73	240.698
106	maps/mazes/maze_069.map	512	512	292	199	376	244	427.811
106	maps/mazes/maze_069.map	512	512	9	25	101	155	427.882
106	maps/mazes/maze_069.map	512	512	100	119	278	257	427.397
106	maps/mazes/maze_069.map	512	512	32	258	94	236	427.74
105	maps/mazes/maze_069.map	512	512	436	256	456	289	423.225
105	maps/mazes/maze_069.map	512	512	53	356	81	292	423.74
105	maps/mazes/maze_069.map	512	512	468	132	441	193	423.397
105	maps/mazes/maze_069.map	512	512	485	116	401	37	423.468
105	maps/mazes/maze_069.map	512	512	164	460	136	486	423.397
105	maps/mazes/maze_069.map	512	512	139	188	273	224	423.539
105	maps/mazes/maze_069.map	512	512	480	144	357	223	423.983
105	maps/mazes/maze_069.map	512	512	79	493	136	486	423.397
105	maps/mazes/maze_069.map	512	512	4	125	30	64	423.468
104	maps/mazes/maze_069.map	512	512	301	460	368	374	419.468
102	maps/mazes/maze_069.map	512	512	89	233	17	325	408.669
104	maps/mazes/maze_069.map	512	512	106	341	13	353	419.083
104	maps/mazes/maze_069.map	512	512	189	308	100	313	419.397
104	maps/mazes/maze_069.map	512	512	401	215	411	328	419.225
104	maps/mazes/maze_069.map	512	512	239	457	130	472	419.882
15	maps/mazes/maze_069.map	512	512	143	484	172	475	62.2426
104	maps/mazes/maze_069.map	512	512	377	176	437	77	419.225
104	maps/mazes/maze_069.map	512	512	138	32	111	161	419.882
104	maps/mazes/maze_069.map	512	512	142	340	70	392	419.497
104	maps/mazes/maze_069.map	512	512	456	258	493	211	419.397
104	maps/mazes/maze_069.map	512	512	41	173	24	41	419.468
103	maps/mazes/maze_069.map	512	512	401	55	500	111	415.468
103	maps/mazes/maze_069.map	512	512	293	268	307	221	415.912
103	maps/mazes/maze_069.map	512	512	320	331	282	220	415.569
103	maps/mazes/maze_069.map	512	512	106	197	257	230	415.397
103	maps/mazes/maze_069.map	512	512	363	208	507	248	415.74
103	maps/mazes/maze_069.map	512	512	24	351	53	398	415.598
103	maps/mazes/maze_069.map	512	512	492	353	359	212	415.154
103	maps/mazes/maze_069.map	512	512	469	407	405	320	415.912
103	maps/mazes/maze_069.map	512	512	33	65	105	132	415.711
103	maps/mazes/maze_069.map	512	512	12	23	99	109	415.711
102	maps/mazes/maze_069.map	512	512	180	46	221	74	410.64
102	maps/mazes/maze_069.map	512	512	16	368	73	261	411.255
102	maps/mazes/maze_069.map	512	512	281	0	372	16	411.669
102	maps/mazes/maze_069.map	512	512	404	229	508	275	411.296
102	maps/mazes/maze_069.map	512	512	500	485	388	400	411.669
102	maps/mazes/maze_069.map	512	512	442	196	348	264	411.64
102	maps/mazes/maze_069.map	512	512	336	212	339	253	411.64
102	maps/mazes/maze_069.map	512	512	231	69	156	123	411.326
102	maps/mazes/maze_069.map	512	512	279	349	357	220	411.468
101	maps/mazes/maze_069.map	512	512	4	314	157	268	407.912
101	maps/mazes/maze_069.map	512	512	442	188	357	220	407.912
101	maps/mazes/maze_069.map	512	512	376	87	364	136	407.811
101	maps/mazes/maze_069.map	512	512	30	304	102	224	407.497
101	maps/mazes/maze_069.map	512	512	221	92	213	151	407.811
101	maps/mazes/maze_069.map	512	512	368	338	332	430	407.154
101	maps/mazes/maze_069.map	512	512	409	408	489	410	407.841
101	maps/mazes/maze_069.map	512	512	219	317	53	297	407.054
101	maps/mazes/maze_069.map	512	512	36	467	55	296	407.012
101	maps/mazes/maze_069.map	512	512	276	462	361	408	406.882
100	maps/mazes/maze_069.map	512	512	67	68	93	119	403.468
100	maps/mazes/maze_069.map	512	512	99	80	231	216	403.983
100	maps/mazes/maze_069.map	512	512	421	469	442	336	403.64
100	maps/mazes/maze_069.map	512	512	484	220	364	226	403.983
100	maps/mazes/maze_069.map	512	512	504	326	455	264	403.912
100	maps/mazes/maze_069.map	512	512	376	297	278	220	403.326
100	maps/mazes/maze_069.map	512	512	292	108	187	140	403.912
100	maps/mazes/maze_069.map	512	512	321	285	291	260	403.225
100	maps/mazes/maze_069.map	512	512	76	9	123	164	403.64
100	maps/mazes/maze_069.map	512	512	121	181	62	52	403.983
99	maps/mazes/maze_069.map	512	512	46	449	45	306	399.012
99	maps/mazes/maze_069.map	512	512	400	219	356	254	399.811
99	maps/mazes/maze_069.map	512	512	453	396	490	404	399.326
99	maps/mazes/maze_069.map	512	512	48	101	57	36	399.64
99	maps/mazes/maze_069.map	512	512	209	345	64	323	399.811
99	maps/mazes/maze_069.map	512	512	310	28	336	5	399.912
99	maps/mazes/maze_069.map	512	512	272	492	293	406	399.083
99	maps/mazes/maze_069.map	512	512	487	168	372	284	399.811
99	maps/mazes/maze_069.map	512	512	345	403	436	357	399.225
99	maps/mazes/maze_069.map	512	512	199	481	79	472	399.912
98	maps/mazes/maze_069.map	512	512	89	452	57	409	395.326
98	maps/mazes/maze_069.map	512	512	324	350	370	229	395.225
98	maps/mazes/maze_069.map	512	512	225	245	73	272	395.669
98	maps/mazes/maze_069.map	512	512	485	245	409	266	395.326
62	maps/mazes/maze_069.map	512	512	156	205	160	256	250.355
98	maps/mazes/maze_069.map	512	512	292	359	288	221	395.74
98	maps/mazes/maze_069.map	512	512	452	439	456	463	395.154
98	maps/mazes/maze_069.map	512	512	59	492	164	491	395.983
98	maps/mazes/maze_069.map	512	512	148	94	77	53	395.397
98	maps/mazes/maze_069.map	512	512	316	167	285	252	395.983
98	maps/mazes/maze_069.map	512	512	133	136	117	189	395.083
97	maps/mazes/maze_069.map	512	512	402	344	364	225	391.468
97	maps/mazes/maze_069.map	512	512	252	306	172	183	391.468
97	maps/mazes/maze_069.map	512	512	228	57	188	118	391.569
97	maps/mazes/maze_069.map	512	512	465	393	497	420	391.669
97	maps/mazes/maze_069.map	512	512	392	419	464	474	391.326
97	maps/mazes/maze_069.map	512	512	411	297	468	281	391.468
97	maps/mazes/maze_069.map	512	512	508	384	381	301	390.669
97	maps/mazes/maze_069.map	512	512	374	385	408	369	391.841
97	maps/mazes/maze_069.map	512	512	288	289	365	228	391.397
97	maps/mazes/maze_069.map	512	512	504	37	414	21	391.154
96	maps/mazes/maze_069.map	512	512	120	225	261	240	387.983
96	maps/mazes/maze_069.map	512	512	221	206	337	232	387.054
96	maps/mazes/maze_069.map	512	512	27	293	89	225	387.841
96	maps/mazes/maze_069.map	512	512	468	288	495	320	387.326
96	maps/mazes/maze_069.map	512	512	431	232	450	297	387.154
96	maps/mazes/maze_069.map	512	512	144	147	288	242	387.811
96	maps/mazes/maze_069.map	512	512	145	32	94	120	387.468
96	maps/mazes/maze_069.map	512	512	356	69	458	112	387.468
96	maps/mazes/maze_069.map	512	512	365	142	400	147	387.841
96	maps/mazes/maze_069.map	512	512	209	120	101	164	387.255
95	maps/mazes/maze_069.map	512	512	177	289	117	185	383.355
95	maps/mazes/maze_069.map	512	512	24	312	89	232	383.669
95	maps/mazes/maze_069.map	512	512	112	453	64	396	383.669
95	maps/mazes/maze_069.map	512	512	53	285	94	220	383.841
95	maps/mazes/maze_069.map	512	512	216	268	92	244	383.255
48	maps/mazes/maze_069.map	512	512	441	371	421	324	195.042
95	maps/mazes/maze_069.map	512	512	368	292	352	241	383.912
95	maps/mazes/maze_069.map	512	512	228	189	290	240	383.326
95	maps/mazes/maze_069.map	512	512	228	370	330	268	383.397
95	maps/mazes/maze_069.map	512	512	103	25	101	134	383.711
94	maps/mazes/maze_069.map	512	512	457	393	474	397	379.669
94	maps/mazes/maze_069.map	512	512	189	160	109	98	379.497
94	maps/mazes/maze_069.map	512	512	116	117	263	237	379.326
94	maps/mazes/maze_069.map	512	512	349	6	444	55	379.255
94	maps/mazes/maze_069.map	512	512	186	185	102	101	379.497
94	maps/mazes/maze_069.map	512	512	207	313	144	308	379.74
94	maps/mazes/maze_069.map	512	512	301	36	388	54	379.426
94	maps/mazes/maze_069.map	512	512	461	128	468	204	379.912
94	maps/mazes/maze_069.map	512	512	241	301	182	204	379.397
94	maps/mazes/maze_069.map	512	512	153	212	77	287	379.912
93	maps/mazes/maze_069.map	512	512	454	228	411	252	375.912
93	maps/mazes/maze_069.map	512	512	116	42	95	120	375.225
93	maps/mazes/maze_069.map	512	512	415	140	441	200	375.74
93	maps/mazes/maze_069.map	512	512	48	86	13	37	375.154
93	maps/mazes/maze_069.map	512	512	327	201	341	260	375.326
93	maps/mazes/maze_069.map	512	512	351	93	361	71	375.497
93	maps/mazes/maze_069.map	512	512	260	287	137	280	375.497
93	maps/mazes/maze_069.map	512	512	287	1	347	20	375.426
93	maps/mazes/maze_069.map	512	512	140	487	113	412	375.497
93	maps/mazes/maze_069.map	512	512	144	156	291	240	375.811
92	maps/mazes/maze_069.map	512	512	169	138	124	164	370.841
92	maps/mazes/maze_069.map	512	512	509	126	491	189	371.811
92	maps/mazes/maze_069.map	512	512	212	73	161	157	371.912
92	maps/mazes/maze_069.map	512	512	46	156	31	61	371.983
92	maps/mazes/maze_069.map	512	512	36	161	13	39	371.811
67	maps/mazes/maze_069.map	512	512	288	436	340	368	271.255
92	maps/mazes/maze_069.map	512	512	341	441	481	353	371.397
92	maps/mazes/maze_069.map	512	512	57	402	146	488	371.669
92	maps/mazes/maze_069.map	512	512	445	201	368	260	371.154
92	maps/mazes/maze_069.map	512	512	43	73	104	101	371.811
92	maps/mazes/maze_069.map	512	512	149	92	61	64	371.74
91	maps/mazes/maze_069.map	512	512	145	492	68	408	367.669
91	maps/mazes/maze_069.map	512	512	266	424	213	378	367.669
91	maps/mazes/maze_069.map	512	512	208	274	46	300	367.497
91	maps/mazes/maze_069.map	512	512	137	505	119	472	367.083
91	maps/mazes/maze_069.map	512	512	304	51	370	37	367.841
91	maps/mazes/maze_069.map	512	512	256	391	330	241	367.74
91	maps/mazes/maze_069.map	512	512	369	309	346	264	367.983
91	maps/mazes/maze_069.map	512	512	80	437	65	410	367.255
91	maps/mazes/maze_069.map	512	512	328	331	248	375	367.74
91	maps/mazes/maze_069.map	512	512	252	324	216	248	367.255
90	maps/mazes/maze_069.map	512	512	265	479	378	384	363.397
90	maps/mazes/maze_069.map	512	512	266	225	115	209	363.326
90	maps/mazes/maze_069.map	512	512	127	328	77	384	363.255
90	maps/mazes/maze_069.map	512	512	333	349	341	273	363.983
90	maps/mazes/maze_069.map	512	512	50	324	112	222	363.598
90	maps/mazes/maze_069.map	512	512	292	59	380	43	363.598
90	maps/mazes/maze_069.map	512	512	193	312	168	293	363.74
90	maps/mazes/maze_069.map	512	512	250	288	136	269	363.912
90	maps/mazes/maze_069.map	512	512	322	373	348	443	363.012
90	maps/mazes/maze_069.map	512	512	318	508	273	441	363.598
89	maps/mazes/maze_069.map	512	512	437	416	474	353	359.841
89	maps/mazes/maze_069.map	512	512	8	94	73	59	359.983
89	maps/mazes/maze_069.map	512	512	105	344	32	365	359.841
89	maps/mazes/maze_069.map	512	512	45	172	29	63	359.569
89	maps/mazes/maze_069.map	512	512	115	109	157	153	359.841
89	maps/mazes/maze_069.map	512	512	272	421	277	358	359.598
89	maps/mazes/maze_069.map	512	512	36	241	28	132	359.326
89	maps/mazes/maze_069.map	512	512	150	449	137	487	359.083
5	maps/mazes/maze_069.map	512	512	357	54	344	57	22.8284
89	maps/mazes/maze_069.map	512	512	44	461	31	365	359.083
89	maps/mazes/maze_069.map	512	512	336	220	296	239	359.225
88	maps/mazes/maze_069.map	512	512	56	173	34	64	355.569
88	maps/mazes/maze_069.map	512	512	400	494	404	383	355.669
88	maps/mazes/maze_069.map	512	512	442	97	479	140	355.74
88	maps/mazes/maze_069.map	512	512	393	233	359	277	355.74
88	maps/mazes/maze_069.map	512	512	18	273	73	264	355.841
88	maps/mazes/maze_069.map	512	512	234	485	161	488	355.154
88	maps/mazes/maze_069.map	512	512	462	356	331	440	355.569
88	maps/mazes/maze_069.map	512	512	478	389	489	418	355.255
88	maps/mazes/maze_069.map	512	512	32	484	50	304	355.355
88	maps/mazes/maze_069.map	512	512	480	3	408	4	355.912
87	maps/mazes/maze_069.map	512	512	385	67	459	112	351.225
87	maps/mazes/maze_069.map	512	512	211	20	200	61	351.74
87	maps/mazes/maze_069.map	512	512	413	304	379	304	351.012
87	maps/mazes/maze_069.map	512	512	9	296	75	260	351.012
87	maps/mazes/maze_069.map	512	512	341	456	308	424	351.669
87	maps/mazes/maze_069.map	512	512	77	265	148	172	350.912
87	maps/mazes/maze_069.map	512	512	33	28	141	116	351.74
87	maps/mazes/maze_069.map	512	512	405	69	474	120	351.983
87	maps/mazes/maze_069.map	512	512	187	96	99	101	351.426
77	maps/mazes/maze_069.map	512	512	105	224	138	305	308.184
87	maps/mazes/maze_069.map	512	512	482	445	460	497	351.012
86	maps/mazes/maze_069.map	512	512	71	228	10	109	347.74
86	maps/mazes/maze_069.map	512	512	337	5	440	52	347.598
86	maps/mazes/maze_069.map	512	512	341	310	362	284	347.569
86	maps/mazes/maze_069.map	512	512	474	96	493	180	347.569
86	maps/mazes/maze_069.map	512	512	371	373	381	401	347.355
86	maps/mazes/maze_069.map	512	512	311	49	381	17	347.598
86	maps/mazes/maze_069.map	512	512	208	172	108	101	347.669
86	maps/mazes/maze_069.map	512	512	192	472	77	476	347.426
86	maps/mazes/maze_069.map	512	512	25	100	65	42	347.154
86	maps/mazes/maze_069.map	512	512	495	473	383	448	347.669
85	maps/mazes/maze_069.map	512	512	100	25	93	120	343.397
85	maps/mazes/maze_069.map	512	512	142	104	53	49	343.74
85	maps/mazes/maze_069.map	512	512	477	118	392	67	343.983
85	maps/mazes/maze_069.map	512	512	500	402	404	309	343.426
85	maps/mazes/maze_069.map	512	512	229	60	196	116	343.912
85	maps/mazes/maze_069.map	512	512	393	31	461	86	343.811
85	maps/mazes/maze_069.map	512	512	113	120	247	228	343.255
85	maps/mazes/maze_069.map	512	512	24	397	89	327	343.669
85	maps/mazes/maze_069.map	512	512	381	17	486	88	343.497
85	maps/mazes/maze_069.map	512	512	161	236	74	249	343.255
84	maps/mazes/maze_069.map	512	512	82	149	13	80	339.397
84	maps/mazes/maze_069.map	512	512	93	277	117	200	339.426
84	maps/mazes/maze_069.map	512	512	57	132	11	69	339.569
84	maps/mazes/maze_069.map	512	512	141	280	117	180	339.941
84	maps/mazes/maze_069.map	512	512	20	145	40	61	339.74
84	maps/mazes/maze_069.map	512	512	313	86	329	5	339.669
84	maps/mazes/maze_069.map	512	512	29	236	33	138	339.497
84	maps/mazes/maze_069.map	512	512	482	268	460	220	339.255
84	maps/mazes/maze_069.map	512	512	213	393	286	325	339.326
83	maps/mazes/maze_069.map	512	512	266	188	289	255	335.841
83	maps/mazes/maze_069.map	512	512	286	500	292	404	335.012
83	maps/mazes/maze_069.map	512	512	413	232	480	274	335.326
83	maps/mazes/maze_069.map	512	512	181	260	93	281	335.184
83	maps/mazes/maze_069.map	512	512	304	29	314	40	335.669
83	maps/mazes/maze_069.map	512	512	473	102	493	168	335.154
83	maps/mazes/maze_069.map	512	512	105	161	277	241	335.255
83	maps/mazes/maze_069.map	512	512	329	42	333	69	335.669
83	maps/mazes/maze_069.map	512	512	400	64	461	118	335.569
83	maps/mazes/maze_069.map	512	512	57	167	32	57	335.569
82	maps/mazes/maze_069.map	512	512	329	408	318	468	331.326
82	maps/mazes/maze_069.map	512	512	352	77	368	105	331.497
55	maps/mazes/maze_069.map	512	512	178	485	241	496	223.598
82	maps/mazes/maze_069.map	512	512	469	176	360	225	331.255
82	maps/mazes/maze_069.map	512	512	233	159	232	147	331.669
82	maps/mazes/maze_069.map	512	512	152	405	96	401	331.841
82	maps/mazes/maze_069.map	512	512	389	3	466	89	330.74
82	maps/mazes/maze_069.map	512	512	366	57	329	115	331.426
82	maps/mazes/maze_069.map	512	512	69	505	184	489	331.083
82	maps/mazes/maze_069.map	512	512	509	356	404	309	331.598
82	maps/mazes/maze_069.map	512	512	312	87	338	5	331.255
81	maps/mazes/maze_069.map	512	512	133	292	98	217	327.355
81	maps/mazes/maze_069.map	512	512	312	203	288	260	327.811
81	maps/mazes/maze_069.map	512	512	411	177	428	101	327.083
81	maps/mazes/maze_069.map	512	512	352	0	409	46	327.77
81	maps/mazes/maze_069.map	512	512	13	104	60	52	327.083
81	maps/mazes/maze_069.map	512	512	332	148	395	148	327.77
81	maps/mazes/maze_069.map	512	512	285	394	329	270	327.497
81	maps/mazes/maze_069.map	512	512	397	497	392	392	327.841
81	maps/mazes/maze_069.map	512	512	29	368	93	310	327.012
81	maps/mazes/maze_069.map	512	512	72	121	5	63	327.912
80	maps/mazes/maze_069.map	512	512	180	496	77	471	323.598
80	maps/mazes/maze_069.map	512	512	368	145	392	171	323.598
80	maps/mazes/maze_069.map	512	512	80	364	73	246	323.184
80	maps/mazes/maze_069.map	512	512	324	363	337	432	323.598
80	maps/mazes/maze_069.map	512	512	104	165	268	233	323.255
80	maps/mazes/maze_069.map	512	512	110	160	73	262	323.77
80	maps/mazes/maze_069.map	512	512	405	189	415	201	323.598
80	maps/mazes/maze_069.map	512	512	144	283	25	310	323.012
80	maps/mazes/maze_069.map	512	512	311	121	392	47	323.669
80	maps/mazes/maze_069.map	512	512	429	204	362	269	323.497
79	maps/mazes/maze_069.map	512	512	20	183	26	57	319.154
79	maps/mazes/maze_069.map	512	512	368	409	404	381	318.77
79	maps/mazes/maze_069.map	512	512	401	477	373	407	319.841
79	maps/mazes/maze_069.map	512	512	348	128	448	66	319.255
79	maps/mazes/maze_069.map	512	512	457	32	420	45	319.255
79	maps/mazes/maze_069.map	512	512	384	85	376	118	319.083
79	maps/mazes/maze_069.map	512	512	140	377	119	421	319.669
79	maps/mazes/maze_069.map	512	512	314	61	344	15	319.598
79	maps/mazes/maze_069.map	512	512	488	373	490	408	319.184
79	maps/mazes/maze_069.map	512	512	8	441	54	313	319.941
78	maps/mazes/maze_069.map	512	512	413	366	498	420	315.77
78	maps/mazes/maze_069.map	512	512	216	488	137	485	315.255
78	maps/mazes/maze_069.map	512	512	213	454	234	369	315.255
78	maps/mazes/maze_069.map	512	512	413	416	475	412	315.355
32	maps/mazes/maze_069.map	512	512	221	33	265	65	130.142
78	maps/mazes/maze_069.map	512	512	44	293	37	200	315.497
78	maps/mazes/maze_069.map	512	512	231	465	153	496	315.326
78	maps/mazes/maze_069.map	512	512	167	285	89	229	315.698
78	maps/mazes/maze_069.map	512	512	37	78	102	77	315.497
78	maps/mazes/maze_069.map	512	512	489	256	457	193	315.77
78	maps/mazes/maze_069.map	512	512	477	154	420	201	315.497
77	maps/mazes/maze_069.map	512	512	396	131	436	125	311.397
77	maps/mazes/maze_069.map	512	512	416	65	352	164	311.669
77	maps/mazes/maze_069.map	512	512	391	252	469	172	311.255
77	maps/mazes/maze_069.map	512	512	221	109	241	180	311.083
77	maps/mazes/maze_069.map	512	512	388	471	440	370	311.083
77	maps/mazes/maze_069.map	512	512	119	273	13	337	311.255
77	maps/mazes/maze_069.map	512	512	449	12	460	37	311.255
77	maps/mazes/maze_069.map	512	512	220	197	94	109	311.355
76	maps/mazes/maze_069.map	512	512	157	284	58	289	307.012
76	maps/mazes/maze_069.map	512	512	344	29	348	113	307.012
76	maps/mazes/maze_069.map	512	512	149	451	165	491	307.841
76	maps/mazes/maze_069.map	512	512	22	260	56	172	307.497
76	maps/mazes/maze_069.map	512	512	417	418	484	397	307.113
76	maps/mazes/maze_069.map	512	512	263	129	212	136	307.941
76	maps/mazes/maze_069.map	512	512	387	452	441	371	307.083
76	maps/mazes/maze_069.map	512	512	209	509	173	484	307.083
76	maps/mazes/maze_069.map	512	512	297	308	374	240	307.669
76	maps/mazes/maze_069.map	512	512	168	268	104	223	307.284
75	maps/mazes/maze_069.map	512	512	95	508	173	503	303.426
75	maps/mazes/maze_069.map	512	512	179	233	129	281	303.841
75	maps/mazes/maze_069.map	512	512	62	345	25	365	303.184
75	maps/mazes/maze_069.map	512	512	202	405	105	428	303.598
75	maps/mazes/maze_069.map	512	512	388	213	357	284	303.255
75	maps/mazes/maze_069.map	512	512	499	277	482	224	303.113
75	maps/mazes/maze_069.map	512	512	304	325	305	236	302.77
75	maps/mazes/maze_069.map	512	512	438	53	490	97	303.74
38	maps/mazes/maze_069.map	512	512	381	295	337	265	154.627
75	maps/mazes/maze_069.map	512	512	420	492	391	392	303.184
75	maps/mazes/maze_069.map	512	512	392	142	434	101	303.569
74	maps/mazes/maze_069.map	512	512	23	369	92	320	299.598
74	maps/mazes/maze_069.map	512	512	461	397	442	428	299.012
74	maps/mazes/maze_069.map	512	512	464	157	395	193	299.77
74	maps/mazes/maze_069.map	512	512	407	433	455	453	299.841
74	maps/mazes/maze_069.map	512	512	197	246	109	216	298.912
74	maps/mazes/maze_069.map	512	512	180	295	51	305	299.184
74	maps/mazes/maze_069.map	512	512	238	388	274	376	299.255
74	maps/mazes/maze_069.map	512	512	399	477	364	418	299.598
74	maps/mazes/maze_069.map	512	512	137	489	59	412	299.184
74	maps/mazes/maze_069.map	512	512	297	376	327	248	299.841
73	maps/mazes/maze_069.map	512	512	193	169	144	119	295.426
73	maps/mazes/maze_069.map	512	512	448	55	417	49	295.426
73	maps/mazes/maze_069.map	512	512	443	457	459	500	294.841
73	maps/mazes/maze_069.map	512	512	403	28	449	101	295.912
73	maps/mazes/maze_069.map	512	512	197	44	227	60	295.841
73	maps/mazes/maze_069.map	512	512	457	40	416	41	295.598
73	maps/mazes/maze_069.map	512	512	352	257	435	329	295.77
73	maps/mazes/maze_069.map	512	512	316	271	356	233	295.255
73	maps/mazes/maze_069.map	512	512	23	125	13	38	295.083
73	maps/mazes/maze_069.map	512	512	389	333	334	284	295.598
72	maps/mazes/maze_069.map	512	512	488	113	477	140	291.841
72	maps/mazes/maze_069.map	512	512	296	343	388	263	291.255
72	maps/mazes/maze_069.map	512	512	405	248	372	237	291.841
72	maps/mazes/maze_069.map	512	512	16	276	37	197	291.255
72	maps/mazes/maze_069.map	512	512	473	492	442	508	291.669
72	maps/mazes/maze_069.map	512	512	483	484	388	471	291.841
72	maps/mazes/maze_069.map	512	512	111	333	150	356	291.941
72	maps/mazes/maze_069.map	512	512	89	377	17	315	291.113
72	maps/mazes/maze_069.map	512	512	395	381	384	301	291.426
72	maps/mazes/maze_069.map	512	512	257	209	301	221	291.497
71	maps/mazes/maze_069.map	512	512	369	68	469	92	286.669
71	maps/mazes/maze_069.map	512	512	484	329	466	256	287.77
71	maps/mazes/maze_069.map	512	512	424	180	433	105	287.598
71	maps/mazes/maze_069.map	512	512	431	233	452	259	287.77
71	maps/mazes/maze_069.map	512	512	392	285	500	320	287.184
71	maps/mazes/maze_069.map	512	512	457	168	388	198	287.184
71	maps/mazes/maze_069.map	512	512	421	176	436	109	287.598
71	maps/mazes/maze_069.map	512	512	486	393	480	413	287.598
71	maps/mazes/maze_069.map	512	512	364	312	352	269	287.083
71	maps/mazes/maze_069.map	512	512	481	141	436	200	287.012
70	maps/mazes/maze_069.map	512	512	41	301	78	249	283.527
70	maps/mazes/maze_069.map	512	512	381	446	440	361	282.669
70	maps/mazes/maze_069.map	512	512	320	146	267	168	283.669
70	maps/mazes/maze_069.map	512	512	37	405	47	305	283.941
70	maps/mazes/maze_069.map	512	512	57	209	175	184	282.841
70	maps/mazes/maze_069.map	512	512	440	445	393	444	283.355
70	maps/mazes/maze_069.map	512	512	348	356	357	401	283.598
70	maps/mazes/maze_069.map	512	512	13	96	46	29	283.012
70	maps/mazes/maze_069.map	512	512	168	357	89	395	283.284
70	maps/mazes/maze_069.map	512	512	477	333	432	276	283.941
69	maps/mazes/maze_069.map	512	512	101	389	21	316	279.284
69	maps/mazes/maze_069.map	512	512	41	24	97	69	279.77
69	maps/mazes/maze_069.map	512	512	405	505	388	396	279.941
69	maps/mazes/maze_069.map	512	512	462	481	411	504	279.012
69	maps/mazes/maze_069.map	512	512	389	67	451	96	279.669
69	maps/mazes/maze_069.map	512	512	292	91	357	69	279.184
69	maps/mazes/maze_069.map	512	512	377	231	364	212	279.841
69	maps/mazes/maze_069.map	512	512	315	493	308	410	279.598
69	maps/mazes/maze_069.map	512	512	104	341	72	389	279.355
69	maps/mazes/maze_069.map	512	512	368	397	380	402	279.87
68	maps/mazes/maze_069.map	512	512	28	493	13	327	275.527
68	maps/mazes/maze_069.map	512	512	352	319	355	292	275.255
68	maps/mazes/maze_069.map	512	512	264	88	349	132	275.669
68	maps/mazes/maze_069.map	512	512	358	365	347	452	275.698
68	maps/mazes/maze_069.map	512	512	69	236	33	132	275.355
68	maps/mazes/maze_069.map	512	512	432	68	333	141	275.012
68	maps/mazes/maze_069.map	512	512	69	182	149	170	275.841
68	maps/mazes/maze_069.map	512	512	372	169	408	128	275.527
68	maps/mazes/maze_069.map	512	512	227	1	320	39	275.77
68	maps/mazes/maze_069.map	512	512	1	486	13	358	275.355
67	maps/mazes/maze_069.map	512	512	327	256	364	214	271.426
67	maps/mazes/maze_069.map	512	512	309	440	310	404	271.184
67	maps/mazes/maze_069.map	512	512	448	94	505	145	271.012
67	maps/mazes/maze_069.map	512	512	11	357	89	324	271.77
67	maps/mazes/maze_069.map	512	512	312	300	355	233	271.355
67	maps/mazes/maze_069.map	512	512	270	477	348	395	271.841
67	maps/mazes/maze_069.map	512	512	389	66	457	94	271.841
67	maps/mazes/maze_069.map	512	512	473	109	484	139	271.426
67	maps/mazes/maze_069.map	512	512	48	191	11	109	271.669
66	maps/mazes/maze_069.map	512	512	225	92	269	151	267.669
66	maps/mazes/maze_069.map	512	512	127	156	93	241	267.527
66	maps/mazes/maze_069.map	512	512	317	30	290	36	267.77
66	maps/mazes/maze_069.map	512	512	250	256	178	285	266.598
66	maps/mazes/maze_069.map	512	512	438	5	481	33	266.841
66	maps/mazes/maze_069.map	512	512	332	344	336	311	267.426
66	maps/mazes/maze_069.map	512	512	203	329	121	310	266.598
66	maps/mazes/maze_069.map	512	512	272	49	300	72	267.912
66	maps/mazes/maze_069.map	512	512	129	68	101	163	267.426
66	maps/mazes/maze_069.map	512	512	316	171	217	201	267.184
65	maps/mazes/maze_069.map	512	512	187	72	146	113	263.113
65	maps/mazes/maze_069.map	512	512	220	159	231	180	263.012
65	maps/mazes/maze_069.map	512	512	264	244	152	163	263.184
65	maps/mazes/maze_069.map	512	512	394	325	320	312	263.527
65	maps/mazes/maze_069.map	512	512	229	384	284	342	263.77
65	maps/mazes/maze_069.map	512	512	333	321	324	304	263.841
65	maps/mazes/maze_069.map	512	512	28	435	33	366	263.598
65	maps/mazes/maze_069.map	512	512	215	128	160	157	263.841
65	maps/mazes/maze_069.map	512	512	476	307	456	265	263.941
65	maps/mazes/maze_069.map	512	512	272	157	193	149	263.284
64	maps/mazes/maze_069.map	512	512	102	133	217	203	259.284
64	maps/mazes/maze_069.map	512	512	254	297	211	285	259.77
64	maps/mazes/maze_069.map	512	512	414	81	351	149	259.184
64	maps/mazes/maze_069.map	512	512	153	212	231	216	259.497
64	maps/mazes/maze_069.map	512	512	369	495	371	456	259.77
64	maps/mazes/maze_069.map	512	512	352	65	485	80	259.841
64	maps/mazes/maze_069.map	512	512	281	345	357	277	259.012
64	maps/mazes/maze_069.map	512	512	288	96	334	121	259.426
64	maps/mazes/maze_069.map	512	512	419	453	369	425	259.698
64	maps/mazes/maze_069.map	512	512	82	436	69	433	258.87
63	maps/mazes/maze_069.map	512	512	356	430	402	376	255.941
53	maps/mazes/maze_069.map	512	512	237	293	184	246	214.527
63	maps/mazes/maze_069.map	512	512	73	214	21	135	254.941
63	maps/mazes/maze_069.map	512	512	324	310	346	248	255.941
63	maps/mazes/maze_069.map	512	512	157	297	80	251	255.627
63	maps/mazes/maze_069.map	512	512	232	326	225	336	255.284
63	maps/mazes/maze_069.map	512	512	334	461	301	432	255.113
63	maps/mazes/maze_069.map	512	512	380	384	364	449	255.87
63	maps/mazes/maze_069.map	512	512	33	463	12	340	255.698
63	maps/mazes/maze_069.map	512	512	113	185	85	87	255.941
63	maps/mazes/maze_069.map	512	512	197	470	144	496	255.77
62	maps/mazes/maze_069.map	512	512	456	504	364	432	251.698
62	maps/mazes/maze_069.map	512	512	11	480	25	311	251.042
62	maps/mazes/maze_069.map	512	512	300	385	276	376	251.042
62	maps/mazes/maze_069.map	512	512	232	2	321	30	251.77
62	maps/mazes/maze_069.map	512	512	477	239	428	214	251.698
62	maps/mazes/maze_069.map	512	512	489	45	473	27	251.698
62	maps/mazes/maze_069.map	512	512	501	277	504	209	251.87
62	maps/mazes/maze_069.map	512	512	443	445	384	433	251.284
62	maps/mazes/maze_069.map	512	512	321	273	304	241	251.426
61	maps/mazes/maze_069.map	512	512	34	37	104	125	247.255
61	maps/mazes/maze_069.map	512	512	193	153	182	120	247.598
61	maps/mazes/maze_069.map	512	512	240	204	121	170	247.77
61	maps/mazes/maze_069.map	512	512	484	21	414	12	247.527
61	maps/mazes/maze_069.map	512	512	249	113	262	160	247.941
61	maps/mazes/maze_069.map	512	512	413	92	351	153	247.184
61	maps/mazes/maze_069.map	512	512	400	461	473	486	247.698
61	maps/mazes/maze_069.map	512	512	251	380	296	331	247.941
61	maps/mazes/maze_069.map	512	512	203	177	155	109	247.355
61	maps/mazes/maze_069.map	512	512	328	342	340	304	247.012
60	maps/mazes/maze_069.map	512	512	372	54	331	89	243.113
60	maps/mazes/maze_069.map	512	512	472	104	491	148	243.184
60	maps/mazes/maze_069.map	512	512	28	94	44	58	243.012
60	maps/mazes/maze_069.map	512	512	115	365	64	390	243.698
60	maps/mazes/maze_069.map	512	512	112	464	73	419	243.941
60	maps/mazes/maze_069.map	512	512	60	264	97	302	243.77
60	maps/mazes/maze_069.map	512	512	48	219	45	193	243.77
60	maps/mazes/maze_069.map	512	512	501	490	392	456	243.284
60	maps/mazes/maze_069.map	512	512	485	445	489	480	243.87
59	maps/mazes/maze_069.map	512	512	195	69	189	119	239.113
59	maps/mazes/maze_069.map	512	512	244	212	180	200	239.355
59	maps/mazes/maze_069.map	512	512	133	124	204	185	239.698
59	maps/mazes/maze_069.map	512	512	48	250	117	191	239.113
59	maps/mazes/maze_069.map	512	512	321	83	379	73	239.941
59	maps/mazes/maze_069.map	512	512	80	249	55	297	239.284
59	maps/mazes/maze_069.map	512	512	68	100	18	89	239.426
59	maps/mazes/maze_069.map	512	512	413	499	380	403	239.87
59	maps/mazes/maze_069.map	512	512	357	408	364	415	239.799
9	maps/mazes/maze_069.map	512	512	448	78	441	82	36.6569
59	maps/mazes/maze_069.map	512	512	260	113	220	165	239.113
58	maps/mazes/maze_069.map	512	512	253	392	304	324	235.527
58	maps/mazes/maze_069.map	512	512	225	22	240	59	235.113
58	maps/mazes/maze_069.map	512	512	228	285	220	272	235.527
21	maps/mazes/maze_069.map	512	512	248	13	212	2	87.9706
58	maps/mazes/maze_069.map	512	512	342	5	382	57	235.456
58	maps/mazes/maze_069.map	512	512	8	272	93	316	235.184
58	maps/mazes/maze_069.map	512	512	345	248	292	236	235.77
58	maps/mazes/maze_069.map	512	512	44	384	60	293	235.627
58	maps/mazes/maze_069.map	512	512	467	389	440	424	235.113
58	maps/mazes/maze_069.map	512	512	500	417	446	337	235.698
58	maps/mazes/maze_069.map	512	512	177	384	160	433	235.456
57	maps/mazes/maze_069.map	512	512	289	434	356	371	231.012
57	maps/mazes/maze_069.map	512	512	208	213	285	250	231.355
57	maps/mazes/maze_069.map	512	512	304	456	310	404	231.941
57	maps/mazes/maze_069.map	512	512	244	84	270	137	231.184
57	maps/mazes/maze_069.map	512	512	444	325	407	312	231.456
57	maps/mazes/maze_069.map	512	512	208	438	263	409	231.841
57	maps/mazes/maze_069.map	512	512	385	66	491	88	231.012
57	maps/mazes/maze_069.map	512	512	271	353	340	258	231.941
57	maps/mazes/maze_069.map	512	512	79	436	71	460	231.456
57	maps/mazes/maze_069.map	512	512	180	166	198	181	231.426
56	maps/mazes/maze_069.map	512	512	52	69	62	64	227.527
56	maps/mazes/maze_069.map	512	512	196	81	166	128	227.284
56	maps/mazes/maze_069.map	512	512	112	405	114	460	227.87
56	maps/mazes/maze_069.map	512	512	265	410	241	376	227.456
56	maps/mazes/maze_069.map	512	512	208	90	156	114	227.456
56	maps/mazes/maze_069.map	512	512	485	320	448	270	227.87
56	maps/mazes/maze_069.map	512	512	100	145	52	58	227.426
56	maps/mazes/maze_069.map	512	512	109	348	86	389	227.113
56	maps/mazes/maze_069.map	512	512	339	317	321	309	227.355
56	maps/mazes/maze_069.map	512	512	452	150	484	166	227.456
55	maps/mazes/maze_069.map	512	512	37	400	25	312	223.213
55	maps/mazes/maze_069.map	512	512	312	484	304	423	223.042
55	maps/mazes/maze_069.map	512	512	49	293	73	286	223.284
55	maps/mazes/maze_069.map	512	512	291	37	368	12	223.456
55	maps/mazes/maze_069.map	512	512	21	177	20	87	223.184
55	maps/mazes/maze_069.map	512	512	305	415	368	370	223.012
55	maps/mazes/maze_069.map	512	512	468	110	503	157	223.355
54	maps/mazes/maze_069.map	512	512	319	189	346	248	219.355
54	maps/mazes/maze_069.map	512	512	153	460	147	480	219.113
54	maps/mazes/maze_069.map	512	512	149	319	179	344	219.77
54	maps/mazes/maze_069.map	512	512	169	374	93	394	219.213
54	maps/mazes/maze_069.map	512	512	228	55	216	81	219.355
54	maps/mazes/maze_069.map	512	512	180	153	194	177	219.012
54	maps/mazes/maze_069.map	512	512	420	100	443	137	219.841
54	maps/mazes/maze_069.map	512	512	388	325	340	304	219.87
54	maps/mazes/maze_069.map	512	512	449	94	490	132	219.527
54	maps/mazes/maze_069.map	512	512	300	332	353	237	218.87
53	maps/mazes/maze_069.map	512	512	112	171	213	202	215.941
53	maps/mazes/maze_069.map	512	512	348	396	360	424	215.698
53	maps/mazes/maze_069.map	512	512	231	333	221	259	215.113
53	maps/mazes/maze_069.map	512	512	382	416	424	458	215.698
53	maps/mazes/maze_069.map	512	512	324	310	320	245	214.941
53	maps/mazes/maze_069.map	512	512	479	224	504	188	215.527
53	maps/mazes/maze_069.map	512	512	324	22	380	41	215.627
53	maps/mazes/maze_069.map	512	512	400	80	392	118	215.698
53	maps/mazes/maze_069.map	512	512	49	214	53	201	215.527
52	maps/mazes/maze_069.map	512	512	481	472	414	484	211.284
52	maps/mazes/maze_069.map	512	512	423	465	483	500	211.527
52	maps/mazes/maze_069.map	512	512	122	164	89	64	210.941
52	maps/mazes/maze_069.map	512	512	5	77	34	41	211.527
52	maps/mazes/maze_069.map	512	512	237	309	213	340	211.627
52	maps/mazes/maze_069.map	512	512	92	194	129	161	211.941
52	maps/mazes/maze_069.map	512	512	432	241	408	241	211.941
52	maps/mazes/maze_069.map	512	512	117	246	105	231	211.284
52	maps/mazes/maze_069.map	512	512	285	65	320	98	211.698
52	maps/mazes/maze_069.map	512	512	61	192	101	105	211.77
51	maps/mazes/maze_069.map	512	512	312	308	407	309	207.698
51	maps/mazes/maze_069.map	512	512	475	500	380	446	207.87
51	maps/mazes/maze_069.map	512	512	443	493	381	446	207.042
51	maps/mazes/maze_069.map	512	512	9	197	8	108	207.598
51	maps/mazes/maze_069.map	512	512	414	356	406	320	207.355
51	maps/mazes/maze_069.map	512	512	137	9	116	32	207.213
51	maps/mazes/maze_069.map	512	512	328	172	280	117	207.77
51	maps/mazes/maze_069.map	512	512	132	435	122	445	207.698
51	maps/mazes/maze_069.map	512	512	264	21	234	65	207.113
51	maps/mazes/maze_069.map	512	512	109	317	90	236	207.556
50	maps/mazes/maze_069.map	512	512	208	175	155	129	203.527
50	maps/mazes/maze_069.map	512	512	328	464	320	461	203.042
50	maps/mazes/maze_069.map	512	512	469	368	469	417	203.284
50	maps/mazes/maze_069.map	512	512	57	36	108	93	203.355
50	maps/mazes/maze_069.map	512	512	1	270	1	341	203.627
50	maps/mazes/maze_069.map	512	512	265	408	230	376	203.042
50	maps/mazes/maze_069.map	512	512	406	220	456	260	203.698
50	maps/mazes/maze_069.map	512	512	252	91	272	148	203.77
50	maps/mazes/maze_069.map	512	512	173	412	96	408	203.627
50	maps/mazes/maze_069.map	512	512	28	269	57	216	203.355
49	maps/mazes/maze_069.map	512	512	420	190	472	191	199.87
49	maps/mazes/maze_069.map	512	512	175	65	236	18	199.841
49	maps/mazes/maze_069.map	512	512	65	245	99	217	199.456
49	maps/mazes/maze_069.map	512	512	144	190	117	190	199.77
49	maps/mazes/maze_069.map	512	512	177	504	145	488	199.456
49	maps/mazes/maze_069.map	512	512	111	89	100	117	199.77
49	maps/mazes/maze_069.map	512	512	52	0	73	58	199.87
49	maps/mazes/maze_069.map	512	512	94	76	120	164	199.113
49	maps/mazes/maze_069.map	512	512	196	244	122	193	199.184
49	maps/mazes/maze_069.map	512	512	261	293	230	261	199.284
48	maps/mazes/maze_069.map	512	512	140	341	154	356	195.87
48	maps/mazes/maze_069.map	512	512	348	72	321	72	195.527
48	maps/mazes/maze_069.map	512	512	446	77	449	125	195.77
48	maps/mazes/maze_069.map	512	512	262	256	229	272	195.284
48	maps/mazes/maze_069.map	512	512	445	454	494	496	195.527
48	maps/mazes/maze_069.map	512	512	384	237	441	200	195.113
48	maps/mazes/maze_069.map	512	512	437	294	432	281	195.213
48	maps/mazes/maze_069.map	512	512	305	500	307	432	195.213
48	maps/mazes/maze_069.map	512	512	448	295	497	244	195.941
47	maps/mazes/maze_069.map	512	512	404	297	432	276	191.527
47	maps/mazes/maze_069.map	512	512	444	177	440	193	191.456
47	maps/mazes/maze_069.map	512	512	152	457	176	479	191.113
47	maps/mazes/maze_069.map	512	512	339	432	408	387	191.213
10	maps/mazes/maze_069.map	512	512	403	36	412	21	42.8284
47	maps/mazes/maze_069.map	512	512	20	136	1	53	191.941
47	maps/mazes/maze_069.map	512	512	420	169	407	132	191.213
47	maps/mazes/maze_069.map	512	512	76	12	104	76	191.113
47	maps/mazes/maze_069.map	512	512	405	17	462	73	191.284
47	maps/mazes/maze_069.map	512	512	170	409	100	404	191.042
47	maps/mazes/maze_069.map	512	512	476	71	461	117	191.527
46	maps/mazes/maze_069.map	512	512	292	290	320	299	187.627
46	maps/mazes/maze_069.map	512	512	190	489	160	496	187.87
46	maps/mazes/maze_069.map	512	512	294	104	258	168	187.698
46	maps/mazes/maze_069.map	512	512	14	105	36	41	187.113
46	maps/mazes/maze_069.map	512	512	252	148	241	118	187.627
46	maps/mazes/maze_069.map	512	512	395	177	401	141	187.213
46	maps/mazes/maze_069.map	512	512	281	281	328	271	187.042
46	maps/mazes/maze_069.map	512	512	41	507	153	507	187.698
46	maps/mazes/maze_069.map	512	512	121	148	101	101	187.042
46	maps/mazes/maze_069.map	512	512	316	369	329	269	186.698
45	maps/mazes/maze_069.map	512	512	52	365	25	310	183.213
45	maps/mazes/maze_069.map	512	512	261	251	197	197	183.456
45	maps/mazes/maze_069.map	512	512	325	273	269	219	183.941
45	maps/mazes/maze_069.map	512	512	299	469	305	422	183.627
45	maps/mazes/maze_069.map	512	512	292	34	350	20	183.799
45	maps/mazes/maze_069.map	512	512	33	15	68	48	183.799
45	maps/mazes/maze_069.map	512	512	365	341	363	361	183.698
45	maps/mazes/maze_069.map	512	512	509	401	459	356	183.87
45	maps/mazes/maze_069.map	512	512	159	473	104	472	183.213
45	maps/mazes/maze_069.map	512	512	96	337	91	321	183.87
44	maps/mazes/maze_069.map	512	512	301	401	377	380	179.284
44	maps/mazes/maze_069.map	512	512	409	439	441	475	179.456
44	maps/mazes/maze_069.map	512	512	358	129	368	164	179.627
44	maps/mazes/maze_069.map	512	512	63	377	21	316	179.971
44	maps/mazes/maze_069.map	512	512	2	469	13	346	179.556
44	maps/mazes/maze_069.map	512	512	272	52	279	89	179.941
44	maps/mazes/maze_069.map	512	512	485	265	496	219	179.971
44	maps/mazes/maze_069.map	512	512	374	189	471	177	179.385
44	maps/mazes/maze_069.map	512	512	135	64	109	104	179.113
44	maps/mazes/maze_069.map	512	512	497	202	463	193	179.87
43	maps/mazes/maze_069.map	512	512	332	180	310	101	175.87
43	maps/mazes/maze_069.map	512	512	369	427	431	460	175.284
43	maps/mazes/maze_069.map	512	512	205	213	112	161	175.87
43	maps/mazes/maze_069.map	512	512	237	460	174	492	175.77
43	maps/mazes/maze_069.map	512	512	313	316	332	268	175.284
43	maps/mazes/maze_069.map	512	512	129	288	80	249	175.556
43	maps/mazes/maze_069.map	512	512	151	292	73	246	175.314
43	maps/mazes/maze_069.map	512	512	33	381	33	299	175.799
43	maps/mazes/maze_069.map	512	512	393	140	436	106	175.284
42	maps/mazes/maze_069.map	512	512	117	191	192	197	171.284
42	maps/mazes/maze_069.map	512	512	360	484	273	484	171.142
42	maps/mazes/maze_069.map	512	512	468	422	504	378	171.799
42	maps/mazes/maze_069.map	512	512	290	37	340	13	171.799
42	maps/mazes/maze_069.map	512	512	29	270	70	228	171.527
42	maps/mazes/maze_069.map	512	512	265	252	206	204	171.627
42	maps/mazes/maze_069.map	512	512	460	203	377	208	171.213
42	maps/mazes/maze_069.map	512	512	20	182	17	113	171.698
42	maps/mazes/maze_069.map	512	512	500	445	490	480	171.627
42	maps/mazes/maze_069.map	512	512	48	440	47	380	171.728
41	maps/mazes/maze_069.map	512	512	421	61	389	112	166.799
41	maps/mazes/maze_069.map	512	512	304	171	290	217	167.941
41	maps/mazes/maze_069.map	512	512	101	453	127	460	167.385
41	maps/mazes/maze_069.map	512	512	332	56	357	89	166.627
41	maps/mazes/maze_069.map	512	512	340	376	352	392	167.799
41	maps/mazes/maze_069.map	512	512	104	60	132	128	167.456
41	maps/mazes/maze_069.map	512	512	280	297	275	213	167.184
41	maps/mazes/maze_069.map	512	512	336	301	367	260	167.456
41	maps/mazes/maze_069.map	512	512	456	273	508	269	167.698
41	maps/mazes/maze_069.map	512	512	499	312	447	313	167.385
40	maps/mazes/maze_069.map	512	512	398	444	455	460	163.627
40	maps/mazes/maze_069.map	512	512	105	509	73	494	163.042
40	maps/mazes/maze_069.map	512	512	9	489	13	364	163.971
40	maps/mazes/maze_069.map	512	512	224	257	210	284	163.042
40	maps/mazes/maze_069.map	512	512	465	67	477	13	163.799
40	maps/mazes/maze_069.map	512	512	88	309	89	225	163.385
40	maps/mazes/maze_069.map	512	512	265	432	263	400	163.799
40	maps/mazes/maze_069.map	512	512	425	482	392	449	163.799
40	maps/mazes/maze_069.map	512	512	281	434	283	400	163.213
40	maps/mazes/maze_069.map	512	512	405	186	477	161	163.385
39	maps/mazes/maze_069.map	512	512	28	228	46	201	159.284
39	maps/mazes/maze_069.map	512	512	301	357	340	260	159.456
39	maps/mazes/maze_069.map	512	512	341	281	355	268	159.284
39	maps/mazes/maze_069.map	512	512	96	225	153	161	159.627
39	maps/mazes/maze_069.map	512	512	433	490	385	465	159.971
33	maps/mazes/maze_069.map	512	512	346	80	356	27	133.971
39	maps/mazes/maze_069.map	512	512	471	81	458	96	159.698
39	maps/mazes/maze_069.map	512	512	148	50	120	29	159.627
39	maps/mazes/maze_069.map	512	512	89	261	94	220	159.456
39	maps/mazes/maze_069.map	512	512	313	485	312	435	159.385
38	maps/mazes/maze_069.map	512	512	420	496	373	445	155.799
38	maps/mazes/maze_069.map	512	512	128	461	72	448	155.142
38	maps/mazes/maze_069.map	512	512	149	254	132	168	155.042
38	maps/mazes/maze_069.map	512	512	190	281	140	273	155.799
38	maps/mazes/maze_069.map	512	512	357	462	304	482	155.284
38	maps/mazes/maze_069.map	512	512	102	480	161	501	155.698
38	maps/mazes/maze_069.map	512	512	453	205	472	183	155.627
38	maps/mazes/maze_069.map	512	512	436	194	355	205	155.213
38	maps/mazes/maze_069.map	512	512	457	476	499	508	155.456
37	maps/mazes/maze_069.map	512	512	169	24	212	22	151.971
37	maps/mazes/maze_069.map	512	512	157	449	186	484	151.213
37	maps/mazes/maze_069.map	512	512	443	369	405	320	151.627
37	maps/mazes/maze_069.map	512	512	203	185	149	126	151.042
37	maps/mazes/maze_069.map	512	512	502	81	498	101	151.456
37	maps/mazes/maze_069.map	512	512	335	220	296	201	151.456
37	maps/mazes/maze_069.map	512	512	97	266	97	219	151.042
37	maps/mazes/maze_069.map	512	512	320	342	335	268	151.627
37	maps/mazes/maze_069.map	512	512	90	113	151	165	151.971
37	maps/mazes/maze_069.map	512	512	11	140	13	130	151.799
36	maps/mazes/maze_069.map	512	512	371	265	350	248	147.556
36	maps/mazes/maze_069.map	512	512	212	354	157	392	147.042
36	maps/mazes/maze_069.map	512	512	141	272	80	255	147.314
36	maps/mazes/maze_069.map	512	512	453	50	400	8	146.799
36	maps/mazes/maze_069.map	512	512	387	28	423	49	147.042
36	maps/mazes/maze_069.map	512	512	409	377	435	329	147.698
36	maps/mazes/maze_069.map	512	512	1	474	13	372	147.556
36	maps/mazes/maze_069.map	512	512	254	160	237	137	147.556
36	maps/mazes/maze_069.map	512	512	437	338	407	309	147.627
36	maps/mazes/maze_069.map	512	512	13	245	66	233	147.284
35	maps/mazes/maze_069.map	512	512	117	284	73	267	143.728
32	maps/mazes/maze_069.map	512	512	491	480	500	465	128.385
35	maps/mazes/maze_069.map	512	512	281	161	245	201	143.799
35	maps/mazes/maze_069.map	512	512	182	257	181	287	143.627
35	maps/mazes/maze_069.map	512	512	331	400	369	389	143.627
35	maps/mazes/maze_069.map	512	512	36	161	14	109	143.456
35	maps/mazes/maze_069.map	512	512	496	489	414	504	143.142
35	maps/mazes/maze_069.map	512	512	71	392	11	344	143.556
35	maps/mazes/maze_069.map	512	512	94	56	101	122	143.87
35	maps/mazes/maze_069.map	512	512	276	208	270	221	143.042
35	maps/mazes/maze_069.map	512	512	136	461	77	476	143.899
34	maps/mazes/maze_069.map	512	512	204	140	204	192	139.799
34	maps/mazes/maze_069.map	512	512	153	393	200	397	139.284
34	maps/mazes/maze_069.map	512	512	208	248	158	229	139.87
34	maps/mazes/maze_069.map	512	512	57	137	33	140	139.627
34	maps/mazes/maze_069.map	512	512	505	132	468	141	139.213
34	maps/mazes/maze_069.map	512	512	181	449	113	414	139.142
34	maps/mazes/maze_069.map	512	512	497	461	504	488	139.799
34	maps/mazes/maze_069.map	512	512	463	416	473	412	139.314
34	maps/mazes/maze_069.map	512	512	195	377	200	407	139.971
34	maps/mazes/maze_069.map	512	512	246	96	272	135	139.042
33	maps/mazes/maze_069.map	512	512	396	462	444	469	135.385
33	maps/mazes/maze_069.map	512	512	153	33	122	37	135.385
33	maps/mazes/maze_069.map	512	512	192	328	217	289	135.213
33	maps/mazes/maze_069.map	512	512	218	276	135	276	135.385
33	maps/mazes/maze_069.map	512	512	399	176	379	141	135.385
33	maps/mazes/maze_069.map	512	512	316	101	269	139	135.627
33	maps/mazes/maze_069.map	512	512	408	140	432	113	135.627
33	maps/mazes/maze_069.map	512	512	200	108	156	123	135.728
33	maps/mazes/maze_069.map	512	512	341	206	286	197	135.213
32	maps/mazes/maze_069.map	512	512	464	372	433	414	131.385
32	maps/mazes/maze_069.map	512	512	16	157	29	110	131.213
32	maps/mazes/maze_069.map	512	512	448	444	408	432	131.556
32	maps/mazes/maze_069.map	512	512	5	413	20	417	131.728
32	maps/mazes/maze_069.map	512	512	208	318	196	330	130.971
32	maps/mazes/maze_069.map	512	512	341	145	380	173	131.728
32	maps/mazes/maze_069.map	512	512	321	308	364	258	131.627
32	maps/mazes/maze_069.map	512	512	418	492	389	457	130.971
31	maps/mazes/maze_069.map	512	512	37	442	13	449	127.627
31	maps/mazes/maze_069.map	512	512	357	433	360	454	126.728
31	maps/mazes/maze_069.map	512	512	253	336	220	352	127.728
31	maps/mazes/maze_069.map	512	512	332	435	372	409	127.314
31	maps/mazes/maze_069.map	512	512	509	417	506	337	127.142
31	maps/mazes/maze_069.map	512	512	429	424	440	394	127.142
31	maps/mazes/maze_069.map	512	512	101	456	106	445	127.556
31	maps/mazes/maze_069.map	512	512	495	261	508	241	127.142
31	maps/mazes/maze_069.map	512	512	492	461	504	505	127.799
31	maps/mazes/maze_069.map	512	512	424	117	440	86	127.042
30	maps/mazes/maze_069.map	512	512	436	17	500	13	123.799
30	maps/mazes/maze_069.map	512	512	177	236	232	265	123.799
30	maps/mazes/maze_069.map	512	512	493	300	451	316	123.556
30	maps/mazes/maze_069.map	512	512	508	242	464	215	123.142
30	maps/mazes/maze_069.map	512	512	308	481	320	456	123.142
30	maps/mazes/maze_069.map	512	512	418	441	454	453	123.556
30	maps/mazes/maze_069.map	512	512	44	24	60	25	123.485
30	maps/mazes/maze_069.map	512	512	464	109	488	122	123.971
30	maps/mazes/maze_069.map	512	512	326	465	296	472	123.142
30	maps/mazes/maze_069.map	512	512	50	289	91	320	123.213
29	maps/mazes/maze_069.map	512	512	416	100	376	120	118.971
29	maps/mazes/maze_069.map	512	512	303	389	281	381	119.071
29	maps/mazes/maze_069.map	512	512	380	324	333	297	119.799
29	maps/mazes/maze_069.map	512	512	233	364	170	388	119.971
29	maps/mazes/maze_069.map	512	512	157	51	136	37	119.385
29	maps/mazes/maze_069.map	512	512	174	161	187	149	119.87
29	maps/mazes/maze_069.map	512	512	448	504	391	472	119.142
29	maps/mazes/maze_069.map	512	512	122	409	93	394	119.799
29	maps/mazes/maze_069.map	512	512	76	270	75	292	119.385
29	maps/mazes/maze_069.map	512	512	350	393	368	395	119.799
28	maps/mazes/maze_069.map	512	512	80	367	57	317	115.385
28	maps/mazes/maze_069.map	512	512	216	144	186	141	115.971
28	maps/mazes/maze_069.map	512	512	492	179	476	212	115.971
28	maps/mazes/maze_069.map	512	512	216	241	214	276	115.142
28	maps/mazes/maze_069.map	512	512	437	290	436	316	115.728
28	maps/mazes/maze_069.map	512	512	475	508	413	485	115.142
28	maps/mazes/maze_069.map	512	512	152	224	135	165	115.799
28	maps/mazes/maze_069.map	512	512	313	439	308	410	115.213
28	maps/mazes/maze_069.map	512	512	57	18	66	64	115.971
28	maps/mazes/maze_069.map	512	512	260	314	285	261	115.456
27	maps/mazes/maze_069.map	512	512	471	264	432	253	110.971
27	maps/mazes/maze_069.map	512	512	320	141	298	109	111.799
27	maps/mazes/maze_069.map	512	512	446	364	403	332	111.971
27	maps/mazes/maze_069.map	512	512	481	41	480	53	111.728
27	maps/mazes/maze_069.map	512	512	65	182	97	159	111.627
27	maps/mazes/maze_069.map	512	512	61	367	57	346	111.971
27	maps/mazes/maze_069.map	512	512	134	252	124	224	111.556
27	maps/mazes/maze_069.map	512	512	24	432	20	477	111.627
27	maps/mazes/maze_069.map	512	512	384	256	391	209	111.556
27	maps/mazes/maze_069.map	512	512	156	56	205	32	111.042
26	maps/mazes/maze_069.map	512	512	257	183	260	204	107.899
26	maps/mazes/maze_069.map	512	512	484	429	502	460	107.485
26	maps/mazes/maze_069.map	512	512	160	443	171	464	107.899
26	maps/mazes/maze_069.map	512	512	224	446	190	476	106.971
26	maps/mazes/maze_069.map	512	512	236	140	269	151	107.799
26	maps/mazes/maze_069.map	512	512	460	21	495	13	107.142
26	maps/mazes/maze_069.map	512	512	416	216	409	258	107.385
26	maps/mazes/maze_069.map	512	512	252	153	235	153	107.485
26	maps/mazes/maze_069.map	512	512	497	205	460	215	107.142
26	maps/mazes/maze_069.map	512	512	207	196	157	150	107.213
25	maps/mazes/maze_069.map	512	512	97	124	142	161	103.899
25	maps/mazes/maze_069.map	512	512	349	429	334	432	103.071
25	maps/mazes/maze_069.map	512	512	190	53	235	17	103.627
25	maps/mazes/maze_069.map	512	512	314	297	327	249	103.142
25	maps/mazes/maze_069.map	512	512	319	1	274	1	103.142
19	maps/mazes/maze_069.map	512	512	476	348	497	354	79.1421
25	maps/mazes/maze_069.map	512	512	377	409	418	424	103.899
25	maps/mazes/maze_069.map	512	512	348	83	367	53	103.142
25	maps/mazes/maze_069.map	512	512	188	116	143	113	103.899
25	maps/mazes/maze_069.map	512	512	268	293	245	261	103.728
16	maps/mazes/maze_069.map	512	512	69	270	41	257	64.8995
25	maps/mazes/maze_069.map	512	512	269	152	224	173	103.314
24	maps/mazes/maze_069.map	512	512	6	484	20	416	99.8995
24	maps/mazes/maze_069.map	512	512	240	48	205	61	99.5563
24	maps/mazes/maze_069.map	512	512	70	505	56	493	99.5563
24	maps/mazes/maze_069.map	512	512	414	57	474	77	99.799
24	maps/mazes/maze_069.map	512	512	72	298	77	248	99.4853
24	maps/mazes/maze_069.map	512	512	505	495	452	508	99.3137
24	maps/mazes/maze_069.map	512	512	455	328	484	320	99.1421
24	maps/mazes/maze_069.map	512	512	153	153	156	118	99.8995
24	maps/mazes/maze_069.map	512	512	419	125	434	113	99.9706
24	maps/mazes/maze_069.map	512	512	316	6	256	1	99.7279
23	maps/mazes/maze_069.map	512	512	422	260	429	232	95.3848
23	maps/mazes/maze_069.map	512	512	372	368	360	402	95.8995
23	maps/mazes/maze_069.map	512	512	312	111	250	129	95.5563
23	maps/mazes/maze_069.map	512	512	195	124	156	115	95.0711
23	maps/mazes/maze_069.map	512	512	253	469	276	436	95.3137
23	maps/mazes/maze_069.map	512	512	301	360	320	300	95.7279
23	maps/mazes/maze_069.map	512	512	81	73	104	125	95.9706
23	maps/mazes/maze_069.map	512	512	509	109	482	132	95.3137
23	maps/mazes/maze_069.map	512	512	84	144	49	131	95.5563
23	maps/mazes/maze_069.map	512	512	404	185	454	169	95.3137
22	maps/mazes/maze_069.map	512	512	175	148	189	159	91.9706
22	maps/mazes/maze_069.map	512	512	172	285	140	276	91.4853
22	maps/mazes/maze_069.map	512	512	370	453	329	432	91.6569
22	maps/mazes/maze_069.map	512	512	132	298	124	296	91.3137
22	maps/mazes/maze_069.map	512	512	297	432	311	464	91.8995
22	maps/mazes/maze_069.map	512	512	128	96	159	77	91.5563
22	maps/mazes/maze_069.map	512	512	53	398	33	372	91.6569
22	maps/mazes/maze_069.map	512	512	501	48	481	16	91.8995
22	maps/mazes/maze_069.map	512	512	354	105	343	120	91.3137
22	maps/mazes/maze_069.map	512	512	328	382	368	371	91.9706
21	maps/mazes/maze_069.map	512	512	265	452	265	436	87.8995
21	maps/mazes/maze_069.map	512	512	237	508	223	480	87.3137
21	maps/mazes/maze_069.map	512	512	173	130	143	116	87.0711
21	maps/mazes/maze_069.map	512	512	372	82	401	72	87.9706
21	maps/mazes/maze_069.map	512	512	436	277	452	310	87.1421
21	maps/mazes/maze_069.map	512	512	139	208	139	165	87.1421
19	maps/mazes/maze_069.map	512	512	333	441	365	427	78.4853
21	maps/mazes/maze_069.map	512	512	381	393	351	413	87.3137
21	maps/mazes/maze_069.map	512	512	24	424	53	396	87.7279
21	maps/mazes/maze_069.map	512	512	476	455	496	450	87.4853
20	maps/mazes/maze_069.map	512	512	129	489	108	500	83.5563
20	maps/mazes/maze_069.map	512	512	202	16	256	25	83.9706
20	maps/mazes/maze_069.map	512	512	432	506	404	469	83.4853
20	maps/mazes/maze_069.map	512	512	21	377	5	340	83.4853
20	maps/mazes/maze_069.map	512	512	469	240	444	245	83.3137
20	maps/mazes/maze_069.map	512	512	205	168	193	179	83.1421
20	maps/mazes/maze_069.map	512	512	368	481	346	492	83.1421
20	maps/mazes/maze_069.map	512	512	161	197	176	191	83.9706
20	maps/mazes/maze_069.map	512	512	305	273	285	232	83.1421
20	maps/mazes/maze_069.map	512	512	440	377	443	408	83.8995
19	maps/mazes/maze_069.map	512	512	422	40	428	45	79.7279
19	maps/mazes/maze_069.map	512	512	173	469	155	485	79.0711
19	maps/mazes/maze_069.map	512	512	229	58	234	73	79.8995
19	maps/mazes/maze_069.map	512	512	192	357	181	345	79.4853
19	maps/mazes/maze_069.map	512	512	29	24	64	44	79.1421
19	maps/mazes/maze_069.map	512	512	40	317	89	325	79.1421
19	maps/mazes/maze_069.map	512	512	49	344	33	315	79.4853
18	maps/mazes/maze_069.map	512	512	181	380	189	396	75.6569
18	maps/mazes/maze_069.map	512	512	60	401	33	370	75.0711
18	maps/mazes/maze_069.map	512	512	141	442	167	464	75.0711
18	maps/mazes/maze_069.map	512	512	212	496	220	508	75.0711
18	maps/mazes/maze_069.map	512	512	420	313	429	288	75.3137
18	maps/mazes/maze_069.map	512	512	299	265	287	285	75.0711
18	maps/mazes/maze_069.map	512	512	382	57	410	45	75.0711
18	maps/mazes/maze_069.map	512	512	325	283	363	253	75.3137
18	maps/mazes/maze_069.map	512	512	133	71	89	61	75.3137
18	maps/mazes/maze_069.map	512	512	313	1	289	3	75.8995
17	maps/mazes/maze_069.map	512	512	175	297	122	312	71.8995
17	maps/mazes/maze_069.map	512	512	453	383	485	373	71.8995
17	maps/mazes/maze_069.map	512	512	297	33	303	33	71.0711
17	maps/mazes/maze_069.map	512	512	289	447	316	428	71.8995
17	maps/mazes/maze_069.map	512	512	45	411	64	381	71.2426
17	maps/mazes/maze_069.map	512	512	169	175	133	165	70.7279
17	maps/mazes/maze_069.map	512	512	364	108	343	109	71.3137
17	maps/mazes/maze_069.map	512	512	273	15	250	5	71.2426
17	maps/mazes/maze_069.map	512	512	99	197	89	167	71.3137
17	maps/mazes/maze_069.map	512	512	413	140	420	154	71.1421
16	maps/mazes/maze_069.map	512	512	385	468	380	453	67.3137
16	maps/mazes/maze_069.map	512	512	487	1	498	28	67.3137
16	maps/mazes/maze_069.map	512	512	153	437	153	464	67.4853
16	maps/mazes/maze_069.map	512	512	461	453	437	432	67.4853
16	maps/mazes/maze_069.map	512	512	414	100	396	117	67.4853
16	maps/mazes/maze_069.map	512	512	330	28	328	39	67.2426
16	maps/mazes/maze_069.map	512	512	157	8	161	8	67.0711
16	maps/mazes/maze_069.map	512	512	327	32	360	49	67.3137
16	maps/mazes/maze_069.map	512	512	354	309	375	324	66.7279
15	maps/mazes/maze_069.map	512	512	96	396	104	410	63.0711
15	maps/mazes/maze_069.map	512	512	208	249	200	218	63.4853
15	maps/mazes/maze_069.map	512	512	244	491	224	470	63.4853
15	maps/mazes/maze_069.map	512	512	412	125	428	117	63.3137
15	maps/mazes/maze_069.map	512	512	249	400	288	383	63.6569
15	maps/mazes/maze_069.map	512	512	412	508	412	489	63.8284
15	maps/mazes/maze_069.map	512	512	444	325	456	352	63.4853
15	maps/mazes/maze_069.map	512	512	485	437	496	444	63.4142
14	maps/mazes/maze_069.map	512	512	404	483	398	500	59.7279
14	maps/mazes/maze_069.map	512	512	152	105	125	122	59.6569
14	maps/mazes/maze_069.map	512	512	69	364	68	344	58.8995
14	maps/mazes/maze_069.map	512	512	29	373	8	344	59.6569
14	maps/mazes/maze_069.map	512	512	456	95	464	113	59.8995
14	maps/mazes/maze_069.map	512	512	1	295	28	291	59.4853
14	maps/mazes/maze_069.map	512	512	249	425	289	415	59.3137
14	maps/mazes/maze_069.map	512	512	5	98	5	65	59.4853
14	maps/mazes/maze_069.map	512	512	66	305	63	312	59.8995
14	maps/mazes/maze_069.map	512	512	15	372	8	334	59.8284
13	maps/mazes/maze_069.map	512	512	90	197	64	176	55.4853
13	maps/mazes/maze_069.map	512	512	293	281	288	290	55.0711
13	maps/mazes/maze_069.map	512	512	401	312	388	301	55.6569
13	maps/mazes/maze_069.map	512	512	140	117	120	110	55.2426
13	maps/mazes/maze_069.map	512	512	376	235	392	251	55.3137
13	maps/mazes/maze_069.map	512	512	209	458	195	464	55.0711
13	maps/mazes/maze_069.map	512	512	480	410	491	404	55.2426
13	maps/mazes/maze_069.map	512	512	57	124	61	127	55.2426
13	maps/mazes/maze_069.map	512	512	158	261	126	245	55.8995
13	maps/mazes/maze_069.map	512	512	270	145	262	169	55.0711
12	maps/mazes/maze_069.map	512	512	387	368	404	356	51.2426
12	maps/mazes/maze_069.map	512	512	129	488	108	488	51.4853
12	maps/mazes/maze_069.map	512	512	483	24	458	33	51.0711
12	maps/mazes/maze_069.map	512	512	85	83	91	65	51.8995
12	maps/mazes/maze_069.map	512	512	223	425	216	416	51.6569
12	maps/mazes/maze_069.map	512	512	176	105	194	121	51.3137
12	maps/mazes/maze_069.map	512	512	28	444	27	456	51.8284
12	maps/mazes/maze_069.map	512	512	24	200	23	205	51.6569
12	maps/mazes/maze_069.map	512	512	125	157	144	163	51.4853
12	maps/mazes/maze_069.map	512	512	422	373	429	381	50.8995
11	maps/mazes/maze_069.map	512	512	164	364	144	365	47.8284
11	maps/mazes/maze_069.map	512	512	505	89	479	97	47.6569
11	maps/mazes/maze_069.map	512	512	281	376	277	345	46.6569
11	maps/mazes/maze_069.map	512	512	407	16	404	33	47.0711
11	maps/mazes/maze_069.map	512	512	253	201	256	213	47.7279
11	maps/mazes/maze_069.map	512	512	267	485	277	494	47.2426
11	maps/mazes/maze_069.map	512	512	446	93	463	116	47.0711
11	maps/mazes/maze_069.map	512	512	192	344	150	345	47.2426
11	maps/mazes/maze_069.map	512	512	265	27	239	33	47.0711
11	maps/mazes/maze_069.map	512	512	331	452	340	473	47.8995
10	maps/mazes/maze_069.map	512	512	450	372	480	373	43.2426
10	maps/mazes/maze_069.map	512	512	448	54	433	37	43.0711
10	maps/mazes/maze_069.map	512	512	344	436	360	437	43.8284
10	maps/mazes/maze_069.map	512	512	102	40	80	43	43.4853
10	maps/mazes/maze_069.map	512	512	28	62	37	42	43.4853
10	maps/mazes/maze_069.map	512	512	222	477	197	480	43.3137
10	maps/mazes/maze_069.map	512	512	305	225	324	240	43.6569
10	maps/mazes/maze_069.map	512	512	343	180	329	178	43.6569
9	maps/mazes/maze_069.map	512	512	138	273	112	284	39.8284
9	maps/mazes/maze_069.map	512	512	81	219	54	216	39.6569
9	maps/mazes/maze_069.map	512	512	113	362	129	367	39.8284
9	maps/mazes/maze_069.map	512	512	436	24	452	20	39.0711
9	maps/mazes/maze_069.map	512	512	239	145	240	132	39.0711
9	maps/mazes/maze_069.map	512	512	340	67	341	49	39.2426
9	maps/mazes/maze_069.map	512	512	404	286	422	280	39.0711
9	maps/mazes/maze_069.map	512	512	421	116	409	125	38.6569
9	maps/mazes/maze_069.map	512	512	394	56	413	48	39.2426
8	maps/mazes/maze_069.map	512	512	172	455	157	449	35.4853
8	maps/mazes/maze_069.map	512	512	95	429	113	431	35.6569
8	maps/mazes/maze_069.map	512	512	426	65	418	81	35.6569
8	maps/mazes/maze_069.map	512	512	132	400	105	390	35.2426
8	maps/mazes/maze_069.map	512	512	182	409	176	426	35.2426
8	maps/mazes/maze_069.map	512	512	385	91	395	89	35.6569
8	maps/mazes/maze_069.map	512	512	444	206	428	219	35.2426
8	maps/mazes/maze_069.map	512	512	449	277	459	257	34.8284
8	maps/mazes/maze_069.map	512	512	472	330	482	332	35.6569
7	maps/mazes/maze_069.map	512	512	420	109	435	113	31.8284
7	maps/mazes/maze_069.map	512	512	22	77	36	80	31.4853
7	maps/mazes/maze_069.map	512	512	23	216	26	229	31.6569
7	maps/mazes/maze_069.map	512	512	69	432	88	431	31.6569
7	maps/mazes/maze_069.map	512	512	492	154	479	140	31.2426
7	maps/mazes/maze_069.map	512	512	151	141	141	157	30.8284
7	maps/mazes/maze_069.map	512	512	105	211	101	220	31.2426
7	maps/mazes/maze_069.map	512	512	141	196	141	176	31.0711
7	maps/mazes/maze_069.map	512	512	112	70	99	57	31.6569
7	maps/mazes/maze_069.map	512	512	276	111	300	108	31.2426
6	maps/mazes/maze_069.map	512	512	74	297	91	297	27
6	maps/mazes/maze_069.map	512	512	280	75	284	79	27.4142
6	maps/mazes/maze_069.map	512	512	281	89	284	102	26.8284
6	maps/mazes/maze_069.map	512	512	252	244	245	236	27.2426
6	maps/mazes/maze_069.map	512	512	288	199	284	205	27.6569
6	maps/mazes/maze_069.map	512	512	269	500	279	489	27.8284
6	maps/mazes/maze_069.map	512	512	347	421	336	432	27.4142
6	maps/mazes/maze_069.map	512	512	263	56	280	68	26.6569
6	maps/mazes/maze_069.map	512	512	427	212	406	220	26.6569
6	maps/mazes/maze_069.map	512	512	428	119	430	105	26.8284
5	maps/mazes/maze_069.map	512	512	0	16	8	33	23.8284
5	maps/mazes/maze_069.map	512	512	488	69	483	69	23.8284
5	maps/mazes/maze_069.map	512	512	332	348	333	330	23.8284
5	maps/mazes/maze_069.map	512	512	282	357	284	374	23.8284
5	maps/mazes/maze_069.map	512	512	50	20	41	17	23.4142
5	maps/mazes/maze_069.map	512	512	375	380	380	394	23.2426
5	maps/mazes/maze_069.map	512	512	453	480	460	468	23.8284
5	maps/mazes/maze_069.map	512	512	273	196	261	203	23.8284
5	maps/mazes/maze_069.map	512	512	503	228	504	238	23.2426
4	maps/mazes/maze_069.map	512	512	393	429	404	425	19.8284
4	maps/mazes/maze_069.map	512	512	368	506	380	503	19.8284
4	maps/mazes/maze_069.map	512	512	453	228	457	239	19.8284
4	maps/mazes/maze_069.map	512	512	400	486	400	500	19.6569
4	maps/mazes/maze_069.map	512	512	228	33	238	21	19.0711
4	maps/mazes/maze_069.map	512	512	244	264	237	260	19
4	maps/mazes/maze_069.map	512	512	486	45	482	48	19
4	maps/mazes/maze_069.map	512	512	465	416	458	409	19.4142
4	maps/mazes/maze_069.map	512	512	7	509	24	506	19.4142
4	maps/mazes/maze_069.map	512	512	452	385	462	388	19.8284
3	maps/mazes/maze_069.map	512	512	21	164	29	155	15.8284
3	maps/mazes/maze_069.map	512	512	308	315	309	300	15.4142
3	maps/mazes/maze_069.map	512	512	276	213	270	220	15
3	maps/mazes/maze_069.map	512	512	32	491	21	487	15.8284
3	maps/mazes/maze_069.map	512	512	350	345	342	349	15.4142
3	maps/mazes/maze_069.map	512	512	256	341	264	339	15.4142
3	maps/mazes/maze_069.map	512	512	4	128	1	134	15.8284
3	maps/mazes/maze_069.map	512	512	261	173	271	173	15.4142
3	maps/mazes/maze_069.map	512	512	402	244	408	248	15.4142
2	maps/mazes/maze_069.map	512	512	418	132	420	140	10.8284
2	maps/mazes/maze_069.map	512	512	313	339	305	343	10.8284
2	maps/mazes/maze_069.map	512	512	477	433	466	432	11.4142
2	maps/mazes/maze_069.map	512	512	61	168	61	157	11
2	maps/mazes/maze_069.map	512	512	255	505	260	498	11.4142
2	maps/mazes/maze_069.map	512	512	85	84	91	85	11.8284
2	maps/mazes/maze_069.map	512	512	24	11	28	20	11.8284
2	maps/mazes/maze_069.map	512	512	492	276	500	281	11.8284
2	maps/mazes/maze_069.map	512	512	479	281	483	285	11.4142
2	maps/mazes/maze_069.map	512	512	191	101	200	105	11.8284
1	maps/mazes/maze_069.map	512	512	178	392	185	392	7
1	maps/mazes/maze_069.map	512	512	382	472	382	476	7.41421
1	maps/mazes/maze_069.map	512	512	469	202	464	202	7.82843
1	maps/mazes/maze_069.map	512	512	197	49	200	54	7.41421
1	maps/mazes/maze_069.map	512	512	26	448	26	452	7.41421
1	maps/mazes/maze_069.map	512	512	334	16	328	19	7.82843
1	maps/mazes/maze_069.map	512	512	76	64	81	61	7.41421
1	maps/mazes/maze_069.map	512	512	216	468	221	466	7.82843
1	maps/mazes/maze_069.map	512	512	381	232	381	225	7
1	maps/mazes/maze_069.map	512	512	312	328	319	328	7
0	maps/mazes/maze_069.map	512	512	4	292	5	289	3.41421
0	maps/mazes/maze_069.map	512	512	127	97	124	97	3
0	maps/mazes/maze_069.map	512	512	485	149	485	152	3
0	maps/mazes/maze_069.map	512	512	176	120	173	121	3.41421
0	maps/mazes/maze_069.map	512	512	250	356	253	355	3.41421
0	maps/mazes/maze_069.map	512	512	173	185	176	185	3
0	maps/mazes/maze_069.map	512	512	279	160	277	159	3
0	maps/mazes/maze_069.map	512	512	37	461	37	458	3
0	maps/mazes/maze_069.map	512	512	134	237	133	234	3.41421
0	maps/mazes/maze_069.map	512	512	465	230	467	229	3
