version 1
127	maps/mazes/maze_092.map	512	512	325	489	405	374	511.61
127	maps/mazes/maze_092.map	512	512	421	443	430	368	511.196
127	maps/mazes/maze_092.map	512	512	133	377	127	201	511.983
127	maps/mazes/maze_092.map	512	512	401	256	397	209	511.468
127	maps/mazes/maze_092.map	512	512	1	135	136	101	511.024
127	maps/mazes/maze_092.map	512	512	428	483	382	332	511.61
127	maps/mazes/maze_092.map	512	512	121	425	13	428	511.61
127	maps/mazes/maze_092.map	512	512	220	504	233	306	511.468
127	maps/mazes/maze_092.map	512	512	7	96	145	165	511.953
127	maps/mazes/maze_092.map	512	512	488	422	295	364	511.953
126	maps/mazes/maze_092.map	512	512	333	485	413	408	507.024
126	maps/mazes/maze_092.map	512	512	481	398	299	348	507.539
119	maps/mazes/maze_092.map	512	512	464	104	428	1	477.953
105	maps/mazes/maze_092.map	512	512	234	132	196	214	423.054
126	maps/mazes/maze_092.map	512	512	148	480	213	339	507.296
126	maps/mazes/maze_092.map	512	512	256	272	408	360	506.953
126	maps/mazes/maze_092.map	512	512	293	246	222	241	507.296
126	maps/mazes/maze_092.map	512	512	296	354	184	219	507.468
126	maps/mazes/maze_092.map	512	512	411	248	283	144	507.497
126	maps/mazes/maze_092.map	512	512	485	249	452	207	507.326
126	maps/mazes/maze_092.map	512	512	139	368	154	197	507.539
126	maps/mazes/maze_092.map	512	512	285	57	329	164	507.468
125	maps/mazes/maze_092.map	512	512	190	460	204	333	503.368
125	maps/mazes/maze_092.map	512	512	489	169	508	263	503.711
125	maps/mazes/maze_092.map	512	512	68	507	205	395	503.125
78	maps/mazes/maze_092.map	512	512	454	172	433	81	314.912
125	maps/mazes/maze_092.map	512	512	154	85	169	222	503.296
125	maps/mazes/maze_092.map	512	512	93	485	169	403	503.054
125	maps/mazes/maze_092.map	512	512	336	276	185	205	503.054
125	maps/mazes/maze_092.map	512	512	0	481	157	413	503.125
125	maps/mazes/maze_092.map	512	512	163	92	168	213	503.439
125	maps/mazes/maze_092.map	512	512	130	193	220	205	503.439
125	maps/mazes/maze_092.map	512	512	227	448	234	309	503.539
124	maps/mazes/maze_092.map	512	512	324	453	385	394	499.296
114	maps/mazes/maze_092.map	512	512	289	138	329	185	459.811
124	maps/mazes/maze_092.map	512	512	93	60	66	64	499.711
124	maps/mazes/maze_092.map	512	512	146	417	153	263	499.953
124	maps/mazes/maze_092.map	512	512	1	279	132	122	499.539
124	maps/mazes/maze_092.map	512	512	96	170	16	45	499.125
124	maps/mazes/maze_092.map	512	512	284	412	321	468	499.953
124	maps/mazes/maze_092.map	512	512	261	21	364	16	499.296
124	maps/mazes/maze_092.map	512	512	283	137	432	89	499.811
124	maps/mazes/maze_092.map	512	512	118	136	228	180	499.539
124	maps/mazes/maze_092.map	512	512	349	300	216	237	499.64
123	maps/mazes/maze_092.map	512	512	0	220	147	165	495.439
123	maps/mazes/maze_092.map	512	512	155	148	269	146	495.882
123	maps/mazes/maze_092.map	512	512	369	1	404	113	495.61
123	maps/mazes/maze_092.map	512	512	85	141	117	76	495.125
123	maps/mazes/maze_092.map	512	512	357	380	356	325	495.196
122	maps/mazes/maze_092.map	512	512	358	125	276	84	488.882
123	maps/mazes/maze_092.map	512	512	184	278	173	149	495.196
123	maps/mazes/maze_092.map	512	512	49	5	136	102	495.539
123	maps/mazes/maze_092.map	512	512	481	305	400	145	495.225
123	maps/mazes/maze_092.map	512	512	469	40	456	70	495.125
123	maps/mazes/maze_092.map	512	512	398	224	257	156	494.74
122	maps/mazes/maze_092.map	512	512	256	133	186	185	491.296
122	maps/mazes/maze_092.map	512	512	97	17	92	41	491.811
122	maps/mazes/maze_092.map	512	512	462	356	443	241	491.64
122	maps/mazes/maze_092.map	512	512	233	385	258	289	491.569
122	maps/mazes/maze_092.map	512	512	360	56	450	105	491.953
122	maps/mazes/maze_092.map	512	512	349	417	345	320	491.711
122	maps/mazes/maze_092.map	512	512	53	408	32	492	490.782
122	maps/mazes/maze_092.map	512	512	404	36	374	164	491.196
122	maps/mazes/maze_092.map	512	512	81	361	125	403	491.439
121	maps/mazes/maze_092.map	512	512	301	123	177	183	487.539
121	maps/mazes/maze_092.map	512	512	33	428	144	459	487.882
121	maps/mazes/maze_092.map	512	512	298	164	182	188	487.296
121	maps/mazes/maze_092.map	512	512	109	77	38	88	487.882
121	maps/mazes/maze_092.map	512	512	141	208	188	232	487.61
121	maps/mazes/maze_092.map	512	512	180	438	199	356	487.225
121	maps/mazes/maze_092.map	512	512	485	61	444	213	487.225
121	maps/mazes/maze_092.map	512	512	433	169	332	140	487.882
121	maps/mazes/maze_092.map	512	512	84	335	121	416	487.196
121	maps/mazes/maze_092.map	512	512	208	236	232	180	487.882
120	maps/mazes/maze_092.map	512	512	74	164	133	119	483.882
120	maps/mazes/maze_092.map	512	512	22	305	42	360	483.468
120	maps/mazes/maze_092.map	512	512	121	500	189	363	483.468
120	maps/mazes/maze_092.map	512	512	441	492	380	332	483.711
120	maps/mazes/maze_092.map	512	512	439	240	340	163	483.154
120	maps/mazes/maze_092.map	512	512	383	444	345	328	483.782
120	maps/mazes/maze_092.map	512	512	360	320	231	305	483.882
120	maps/mazes/maze_092.map	512	512	41	257	151	165	483.882
120	maps/mazes/maze_092.map	512	512	193	284	140	224	482.64
120	maps/mazes/maze_092.map	512	512	52	446	119	469	483.296
119	maps/mazes/maze_092.map	512	512	98	456	21	429	479.782
119	maps/mazes/maze_092.map	512	512	65	416	17	434	479.196
119	maps/mazes/maze_092.map	512	512	2	437	68	492	479.125
119	maps/mazes/maze_092.map	512	512	29	89	177	152	479.468
119	maps/mazes/maze_092.map	512	512	208	92	45	3	479.296
119	maps/mazes/maze_092.map	512	512	220	472	225	304	479.225
119	maps/mazes/maze_092.map	512	512	364	108	339	148	479.225
78	maps/mazes/maze_092.map	512	512	313	328	370	265	314.77
119	maps/mazes/maze_092.map	512	512	498	468	340	339	479.125
119	maps/mazes/maze_092.map	512	512	148	124	177	225	479.64
118	maps/mazes/maze_092.map	512	512	471	141	429	104	474.882
118	maps/mazes/maze_092.map	512	512	448	52	486	176	475.782
118	maps/mazes/maze_092.map	512	512	149	420	164	270	475.125
118	maps/mazes/maze_092.map	512	512	184	438	205	368	475.125
110	maps/mazes/maze_092.map	512	512	6	136	20	193	441.61
118	maps/mazes/maze_092.map	512	512	132	175	6	96	475.125
118	maps/mazes/maze_092.map	512	512	369	237	229	246	475.811
118	maps/mazes/maze_092.map	512	512	350	88	274	128	474.953
118	maps/mazes/maze_092.map	512	512	57	156	140	77	475.054
118	maps/mazes/maze_092.map	512	512	464	425	468	420	475.024
118	maps/mazes/maze_092.map	512	512	292	505	393	490	475.054
117	maps/mazes/maze_092.map	512	512	69	506	206	424	471.711
117	maps/mazes/maze_092.map	512	512	168	142	210	180	471.539
117	maps/mazes/maze_092.map	512	512	283	201	242	209	471.711
25	maps/mazes/maze_092.map	512	512	360	123	380	100	101.142
34	maps/mazes/maze_092.map	512	512	284	300	253	326	137.142
117	maps/mazes/maze_092.map	512	512	185	385	244	276	471.882
117	maps/mazes/maze_092.map	512	512	82	220	184	244	471.539
117	maps/mazes/maze_092.map	512	512	355	153	221	205	471.882
117	maps/mazes/maze_092.map	512	512	408	488	368	332	471.882
117	maps/mazes/maze_092.map	512	512	233	11	364	2	471.882
117	maps/mazes/maze_092.map	512	512	121	372	168	201	471.74
117	maps/mazes/maze_092.map	512	512	160	233	185	178	471.196
116	maps/mazes/maze_092.map	512	512	409	415	289	356	466.882
116	maps/mazes/maze_092.map	512	512	69	129	117	81	467.054
116	maps/mazes/maze_092.map	512	512	241	128	169	193	467.468
116	maps/mazes/maze_092.map	512	512	320	207	174	149	467.64
116	maps/mazes/maze_092.map	512	512	325	228	188	153	467.64
116	maps/mazes/maze_092.map	512	512	425	448	425	379	467.953
44	maps/mazes/maze_092.map	512	512	398	452	357	431	179.456
116	maps/mazes/maze_092.map	512	512	252	247	176	205	467.64
116	maps/mazes/maze_092.map	512	512	471	328	290	345	467.539
116	maps/mazes/maze_092.map	512	512	82	85	77	51	467.225
116	maps/mazes/maze_092.map	512	512	119	417	16	416	467.782
115	maps/mazes/maze_092.map	512	512	464	185	488	294	463.711
115	maps/mazes/maze_092.map	512	512	132	20	101	45	463.397
115	maps/mazes/maze_092.map	512	512	474	36	462	61	463.711
115	maps/mazes/maze_092.map	512	512	240	449	210	305	463.64
115	maps/mazes/maze_092.map	512	512	152	343	168	201	463.054
115	maps/mazes/maze_092.map	512	512	308	150	269	152	463.468
115	maps/mazes/maze_092.map	512	512	316	173	170	197	463.882
115	maps/mazes/maze_092.map	512	512	497	85	458	233	463.811
68	maps/mazes/maze_092.map	512	512	399	404	445	381	274.841
115	maps/mazes/maze_092.map	512	512	430	221	468	296	463.61
115	maps/mazes/maze_092.map	512	512	334	236	305	280	462.882
114	maps/mazes/maze_092.map	512	512	390	404	347	340	459.125
114	maps/mazes/maze_092.map	512	512	97	407	13	423	459.196
114	maps/mazes/maze_092.map	512	512	392	95	266	109	459.882
114	maps/mazes/maze_092.map	512	512	93	261	169	183	459.296
114	maps/mazes/maze_092.map	512	512	72	222	236	204	459.882
114	maps/mazes/maze_092.map	512	512	280	397	315	456	459.296
114	maps/mazes/maze_092.map	512	512	276	136	184	178	459.296
114	maps/mazes/maze_092.map	512	512	73	125	114	69	459.468
114	maps/mazes/maze_092.map	512	512	265	196	230	212	459.468
113	maps/mazes/maze_092.map	512	512	368	429	347	341	455.711
113	maps/mazes/maze_092.map	512	512	101	432	38	429	455.782
94	maps/mazes/maze_092.map	512	512	21	117	45	93	376.811
113	maps/mazes/maze_092.map	512	512	301	476	208	369	455.64
113	maps/mazes/maze_092.map	512	512	253	324	173	205	455.326
113	maps/mazes/maze_092.map	512	512	412	353	275	296	455.054
113	maps/mazes/maze_092.map	512	512	446	352	440	276	455.64
113	maps/mazes/maze_092.map	512	512	397	23	385	144	455.368
113	maps/mazes/maze_092.map	512	512	52	472	95	484	455.125
113	maps/mazes/maze_092.map	512	512	200	231	132	116	455.912
113	maps/mazes/maze_092.map	512	512	53	122	141	170	455.64
112	maps/mazes/maze_092.map	512	512	87	160	5	75	451.711
112	maps/mazes/maze_092.map	512	512	12	188	9	112	451.61
112	maps/mazes/maze_092.map	512	512	386	445	328	313	451.882
112	maps/mazes/maze_092.map	512	512	492	372	420	355	451.225
112	maps/mazes/maze_092.map	512	512	234	272	184	218	451.397
112	maps/mazes/maze_092.map	512	512	372	480	405	353	451.882
112	maps/mazes/maze_092.map	512	512	418	385	501	480	451.539
112	maps/mazes/maze_092.map	512	512	136	201	117	70	451.782
112	maps/mazes/maze_092.map	512	512	464	97	465	193	451.953
112	maps/mazes/maze_092.map	512	512	325	28	364	69	451.782
111	maps/mazes/maze_092.map	512	512	114	65	181	154	447.054
111	maps/mazes/maze_092.map	512	512	204	190	277	295	447.154
111	maps/mazes/maze_092.map	512	512	276	120	195	177	447.882
111	maps/mazes/maze_092.map	512	512	436	209	460	281	447.782
111	maps/mazes/maze_092.map	512	512	372	373	380	341	447.054
39	maps/mazes/maze_092.map	512	512	326	296	301	333	158.385
111	maps/mazes/maze_092.map	512	512	309	344	171	224	447.154
111	maps/mazes/maze_092.map	512	512	467	320	401	147	447.326
111	maps/mazes/maze_092.map	512	512	139	288	72	199	447.054
111	maps/mazes/maze_092.map	512	512	237	412	217	304	447.054
111	maps/mazes/maze_092.map	512	512	172	476	196	358	447.154
110	maps/mazes/maze_092.map	512	512	373	243	286	364	443.64
93	maps/mazes/maze_092.map	512	512	188	469	232	351	374.326
110	maps/mazes/maze_092.map	512	512	148	192	169	184	443.368
110	maps/mazes/maze_092.map	512	512	129	461	4	468	443.296
110	maps/mazes/maze_092.map	512	512	216	0	182	29	443.711
110	maps/mazes/maze_092.map	512	512	412	92	311	133	443.74
110	maps/mazes/maze_092.map	512	512	48	106	154	161	443.811
110	maps/mazes/maze_092.map	512	512	89	344	134	404	443.125
110	maps/mazes/maze_092.map	512	512	59	56	188	153	443.983
110	maps/mazes/maze_092.map	512	512	405	140	404	203	443.74
109	maps/mazes/maze_092.map	512	512	269	230	213	184	439.64
109	maps/mazes/maze_092.map	512	512	121	327	105	196	438.882
109	maps/mazes/maze_092.map	512	512	321	254	329	278	438.811
109	maps/mazes/maze_092.map	512	512	381	224	260	150	439.083
109	maps/mazes/maze_092.map	512	512	378	153	227	200	439.397
109	maps/mazes/maze_092.map	512	512	385	26	476	66	439.953
109	maps/mazes/maze_092.map	512	512	310	29	361	17	439.811
109	maps/mazes/maze_092.map	512	512	51	333	98	380	439.64
109	maps/mazes/maze_092.map	512	512	35	44	178	156	439.569
109	maps/mazes/maze_092.map	512	512	88	445	18	496	439.711
108	maps/mazes/maze_092.map	512	512	335	300	238	268	435.569
108	maps/mazes/maze_092.map	512	512	420	236	275	128	435.77
108	maps/mazes/maze_092.map	512	512	353	241	269	308	435.225
108	maps/mazes/maze_092.map	512	512	220	214	148	86	435.497
108	maps/mazes/maze_092.map	512	512	88	277	190	157	435.054
108	maps/mazes/maze_092.map	512	512	396	140	249	179	435.983
108	maps/mazes/maze_092.map	512	512	61	332	93	352	435.054
108	maps/mazes/maze_092.map	512	512	8	39	141	170	435.64
108	maps/mazes/maze_092.map	512	512	295	61	287	152	435.468
108	maps/mazes/maze_092.map	512	512	283	232	181	234	435.397
107	maps/mazes/maze_092.map	512	512	372	455	392	432	431.811
107	maps/mazes/maze_092.map	512	512	381	104	334	161	431.154
107	maps/mazes/maze_092.map	512	512	152	246	188	153	431.125
107	maps/mazes/maze_092.map	512	512	432	197	330	168	431.083
107	maps/mazes/maze_092.map	512	512	388	211	329	151	431.912
107	maps/mazes/maze_092.map	512	512	261	336	185	205	431.912
107	maps/mazes/maze_092.map	512	512	432	160	352	175	431.125
107	maps/mazes/maze_092.map	512	512	325	409	356	404	431.397
107	maps/mazes/maze_092.map	512	512	325	132	212	196	431.711
107	maps/mazes/maze_092.map	512	512	448	191	349	165	431.468
106	maps/mazes/maze_092.map	512	512	497	471	332	317	427.225
106	maps/mazes/maze_092.map	512	512	469	408	315	348	427.983
106	maps/mazes/maze_092.map	512	512	508	290	420	226	427.154
106	maps/mazes/maze_092.map	512	512	345	368	411	373	427.953
106	maps/mazes/maze_092.map	512	512	4	202	115	197	427.054
106	maps/mazes/maze_092.map	512	512	194	60	3	1	427.497
106	maps/mazes/maze_092.map	512	512	252	351	195	333	427.426
106	maps/mazes/maze_092.map	512	512	458	121	401	105	427.811
106	maps/mazes/maze_092.map	512	512	146	93	234	212	427.083
106	maps/mazes/maze_092.map	512	512	76	379	35	404	427.296
105	maps/mazes/maze_092.map	512	512	336	455	399	380	423.054
105	maps/mazes/maze_092.map	512	512	140	308	110	197	423.811
105	maps/mazes/maze_092.map	512	512	344	267	224	240	423.569
105	maps/mazes/maze_092.map	512	512	200	509	220	328	423.569
105	maps/mazes/maze_092.map	512	512	223	321	348	347	423.569
105	maps/mazes/maze_092.map	512	512	290	300	177	212	423.569
105	maps/mazes/maze_092.map	512	512	333	12	380	77	423.539
105	maps/mazes/maze_092.map	512	512	161	63	148	165	423.569
105	maps/mazes/maze_092.map	512	512	246	136	217	194	423.468
104	maps/mazes/maze_092.map	512	512	10	148	109	46	419.468
104	maps/mazes/maze_092.map	512	512	88	12	125	127	419.983
104	maps/mazes/maze_092.map	512	512	97	488	145	435	419.912
104	maps/mazes/maze_092.map	512	512	28	375	29	384	419.054
104	maps/mazes/maze_092.map	512	512	183	452	208	431	419.882
104	maps/mazes/maze_092.map	512	512	268	421	317	467	419.225
95	maps/mazes/maze_092.map	512	512	291	264	222	320	381.326
104	maps/mazes/maze_092.map	512	512	174	13	34	49	419.497
104	maps/mazes/maze_092.map	512	512	278	472	201	372	419.811
104	maps/mazes/maze_092.map	512	512	9	269	147	149	419.296
104	maps/mazes/maze_092.map	512	512	87	172	1	81	419.225
71	maps/mazes/maze_092.map	512	512	45	150	84	80	284.598
103	maps/mazes/maze_092.map	512	512	317	362	453	399	415.811
103	maps/mazes/maze_092.map	512	512	273	160	216	202	415.225
103	maps/mazes/maze_092.map	512	512	185	469	212	348	415.74
103	maps/mazes/maze_092.map	512	512	396	348	281	293	415.397
55	maps/mazes/maze_092.map	512	512	393	125	368	105	220.113
103	maps/mazes/maze_092.map	512	512	0	316	25	354	415.569
103	maps/mazes/maze_092.map	512	512	445	213	502	93	415.912
103	maps/mazes/maze_092.map	512	512	169	203	146	85	415.953
103	maps/mazes/maze_092.map	512	512	376	137	437	85	415.225
103	maps/mazes/maze_092.map	512	512	384	476	413	368	415.225
103	maps/mazes/maze_092.map	512	512	1	481	180	438	415.397
43	maps/mazes/maze_092.map	512	512	207	465	197	491	172.284
102	maps/mazes/maze_092.map	512	512	344	261	292	357	411.983
102	maps/mazes/maze_092.map	512	512	480	401	348	332	411.811
102	maps/mazes/maze_092.map	512	512	366	304	248	305	411.811
102	maps/mazes/maze_092.map	512	512	417	396	504	475	411.882
102	maps/mazes/maze_092.map	512	512	109	207	237	211	411.983
47	maps/mazes/maze_092.map	512	512	276	72	321	45	189.213
102	maps/mazes/maze_092.map	512	512	331	344	187	244	411.497
102	maps/mazes/maze_092.map	512	512	368	272	303	349	411.983
102	maps/mazes/maze_092.map	512	512	273	272	193	339	411.326
102	maps/mazes/maze_092.map	512	512	100	64	36	111	411.569
102	maps/mazes/maze_092.map	512	512	245	257	211	305	411.64
101	maps/mazes/maze_092.map	512	512	333	132	225	212	407.054
101	maps/mazes/maze_092.map	512	512	257	382	221	296	407.841
101	maps/mazes/maze_092.map	512	512	111	289	159	200	407.326
101	maps/mazes/maze_092.map	512	512	377	77	329	156	407.569
36	maps/mazes/maze_092.map	512	512	206	284	203	244	145.142
101	maps/mazes/maze_092.map	512	512	479	468	368	333	407.397
101	maps/mazes/maze_092.map	512	512	2	265	137	162	407.054
101	maps/mazes/maze_092.map	512	512	112	218	227	212	407.569
101	maps/mazes/maze_092.map	512	512	70	420	19	428	407.125
101	maps/mazes/maze_092.map	512	512	248	197	229	186	407.74
101	maps/mazes/maze_092.map	512	512	179	81	37	12	407.912
100	maps/mazes/maze_092.map	512	512	208	404	256	292	403.497
100	maps/mazes/maze_092.map	512	512	147	504	200	372	403.569
100	maps/mazes/maze_092.map	512	512	129	433	1	392	403.811
100	maps/mazes/maze_092.map	512	512	457	141	409	64	403.468
100	maps/mazes/maze_092.map	512	512	128	325	97	208	403.64
100	maps/mazes/maze_092.map	512	512	345	65	347	157	403.983
100	maps/mazes/maze_092.map	512	512	132	374	153	233	403.497
100	maps/mazes/maze_092.map	512	512	9	39	140	144	403.983
100	maps/mazes/maze_092.map	512	512	139	89	180	213	402.74
74	maps/mazes/maze_092.map	512	512	282	284	204	324	298.669
100	maps/mazes/maze_092.map	512	512	437	500	405	377	403.225
99	maps/mazes/maze_092.map	512	512	401	310	285	308	399.154
35	maps/mazes/maze_092.map	512	512	378	189	325	208	141.799
99	maps/mazes/maze_092.map	512	512	287	124	204	187	399.64
99	maps/mazes/maze_092.map	512	512	273	201	212	181	399.569
99	maps/mazes/maze_092.map	512	512	20	421	97	481	399.811
99	maps/mazes/maze_092.map	512	512	332	51	304	133	399.983
99	maps/mazes/maze_092.map	512	512	141	261	147	165	399.882
99	maps/mazes/maze_092.map	512	512	73	472	34	481	399.64
99	maps/mazes/maze_092.map	512	512	461	154	401	69	399.912
99	maps/mazes/maze_092.map	512	512	239	169	175	197	399.74
99	maps/mazes/maze_092.map	512	512	240	484	317	479	399.74
98	maps/mazes/maze_092.map	512	512	38	68	172	18	395.841
98	maps/mazes/maze_092.map	512	512	332	488	400	409	395.811
98	maps/mazes/maze_092.map	512	512	132	337	145	195	395.912
98	maps/mazes/maze_092.map	512	512	492	205	468	240	395.426
98	maps/mazes/maze_092.map	512	512	33	301	4	360	395.397
17	maps/mazes/maze_092.map	512	512	440	24	439	5	69.3137
98	maps/mazes/maze_092.map	512	512	393	226	273	133	395.77
98	maps/mazes/maze_092.map	512	512	396	369	394	340	395.811
98	maps/mazes/maze_092.map	512	512	361	357	399	356	395.225
98	maps/mazes/maze_092.map	512	512	277	13	333	12	395.326
98	maps/mazes/maze_092.map	512	512	421	183	333	142	395.083
97	maps/mazes/maze_092.map	512	512	52	385	21	450	391.882
97	maps/mazes/maze_092.map	512	512	455	169	440	44	391.397
97	maps/mazes/maze_092.map	512	512	105	431	44	459	391.468
97	maps/mazes/maze_092.map	512	512	285	252	224	323	391.74
97	maps/mazes/maze_092.map	512	512	457	375	457	311	391.74
97	maps/mazes/maze_092.map	512	512	257	417	218	293	391.083
97	maps/mazes/maze_092.map	512	512	121	480	150	428	391.569
97	maps/mazes/maze_092.map	512	512	92	104	188	199	391.326
97	maps/mazes/maze_092.map	512	512	350	60	349	163	391.397
97	maps/mazes/maze_092.map	512	512	117	182	22	137	391.154
96	maps/mazes/maze_092.map	512	512	277	387	332	417	387.811
96	maps/mazes/maze_092.map	512	512	178	237	233	313	387.669
96	maps/mazes/maze_092.map	512	512	158	329	163	268	387.64
96	maps/mazes/maze_092.map	512	512	167	16	25	30	387.255
96	maps/mazes/maze_092.map	512	512	161	496	202	376	387.912
79	maps/mazes/maze_092.map	512	512	260	109	284	200	318.598
96	maps/mazes/maze_092.map	512	512	149	345	153	227	387.397
96	maps/mazes/maze_092.map	512	512	296	400	344	452	387.74
96	maps/mazes/maze_092.map	512	512	96	111	31	101	387.569
96	maps/mazes/maze_092.map	512	512	116	159	21	138	387.397
96	maps/mazes/maze_092.map	512	512	457	463	401	353	387.397
95	maps/mazes/maze_092.map	512	512	161	329	164	275	383.225
95	maps/mazes/maze_092.map	512	512	273	311	200	364	383.154
95	maps/mazes/maze_092.map	512	512	369	96	253	72	383.154
95	maps/mazes/maze_092.map	512	512	40	329	75	357	382.74
95	maps/mazes/maze_092.map	512	512	152	460	195	412	383.912
35	maps/mazes/maze_092.map	512	512	205	180	175	205	142.213
95	maps/mazes/maze_092.map	512	512	497	452	333	318	383.983
95	maps/mazes/maze_092.map	512	512	146	272	149	165	383.054
95	maps/mazes/maze_092.map	512	512	167	344	168	202	383.426
95	maps/mazes/maze_092.map	512	512	345	159	389	210	383.669
94	maps/mazes/maze_092.map	512	512	245	116	141	12	379.397
94	maps/mazes/maze_092.map	512	512	463	224	457	211	379.426
94	maps/mazes/maze_092.map	512	512	253	260	172	224	379.912
94	maps/mazes/maze_092.map	512	512	233	148	220	241	379.154
94	maps/mazes/maze_092.map	512	512	220	313	293	346	379.74
94	maps/mazes/maze_092.map	512	512	393	487	400	354	379.397
94	maps/mazes/maze_092.map	512	512	262	21	324	37	379.497
94	maps/mazes/maze_092.map	512	512	58	56	131	185	379.74
94	maps/mazes/maze_092.map	512	512	104	149	21	142	379.983
93	maps/mazes/maze_092.map	512	512	446	400	482	476	375.054
93	maps/mazes/maze_092.map	512	512	249	80	337	139	375.569
93	maps/mazes/maze_092.map	512	512	218	285	229	251	375.912
93	maps/mazes/maze_092.map	512	512	105	69	178	177	375.669
93	maps/mazes/maze_092.map	512	512	48	493	224	472	375.569
93	maps/mazes/maze_092.map	512	512	425	304	425	381	375.326
93	maps/mazes/maze_092.map	512	512	328	357	232	253	375.841
93	maps/mazes/maze_092.map	512	512	260	136	244	205	375.569
93	maps/mazes/maze_092.map	512	512	310	428	350	436	375.154
92	maps/mazes/maze_092.map	512	512	341	409	365	416	371.083
92	maps/mazes/maze_092.map	512	512	9	307	1	332	371.083
92	maps/mazes/maze_092.map	512	512	145	167	211	181	371.497
92	maps/mazes/maze_092.map	512	512	332	345	214	237	371.841
92	maps/mazes/maze_092.map	512	512	143	60	137	162	371.497
92	maps/mazes/maze_092.map	512	512	504	309	437	258	371.497
92	maps/mazes/maze_092.map	512	512	72	277	121	194	371.497
92	maps/mazes/maze_092.map	512	512	150	309	112	217	371.74
92	maps/mazes/maze_092.map	512	512	32	271	149	154	370.811
92	maps/mazes/maze_092.map	512	512	266	381	312	431	371.397
91	maps/mazes/maze_092.map	512	512	185	132	172	18	367.811
91	maps/mazes/maze_092.map	512	512	416	244	334	133	367.284
91	maps/mazes/maze_092.map	512	512	489	505	448	384	367.64
91	maps/mazes/maze_092.map	512	512	373	348	279	328	367.255
91	maps/mazes/maze_092.map	512	512	429	164	356	172	367.569
91	maps/mazes/maze_092.map	512	512	398	17	484	89	367.397
91	maps/mazes/maze_092.map	512	512	365	332	285	293	367.326
91	maps/mazes/maze_092.map	512	512	136	277	145	173	367.811
91	maps/mazes/maze_092.map	512	512	64	98	133	115	367.154
91	maps/mazes/maze_092.map	512	512	105	180	225	207	367.912
90	maps/mazes/maze_092.map	512	512	179	4	222	60	363.569
90	maps/mazes/maze_092.map	512	512	141	370	162	280	363.225
90	maps/mazes/maze_092.map	512	512	388	180	270	152	363.598
90	maps/mazes/maze_092.map	512	512	259	129	234	212	363.154
90	maps/mazes/maze_092.map	512	512	477	253	473	196	363.184
90	maps/mazes/maze_092.map	512	512	189	283	168	210	363.598
45	maps/mazes/maze_092.map	512	512	185	365	240	387	181.728
90	maps/mazes/maze_092.map	512	512	283	313	181	197	363.841
90	maps/mazes/maze_092.map	512	512	204	109	141	11	363.569
90	maps/mazes/maze_092.map	512	512	216	493	216	344	363.083
90	maps/mazes/maze_092.map	512	512	488	417	352	319	363.497
89	maps/mazes/maze_092.map	512	512	235	340	216	334	359.083
89	maps/mazes/maze_092.map	512	512	235	328	205	347	359.669
89	maps/mazes/maze_092.map	512	512	237	229	137	159	359.255
89	maps/mazes/maze_092.map	512	512	161	220	170	349	359.841
89	maps/mazes/maze_092.map	512	512	317	76	274	141	359.74
89	maps/mazes/maze_092.map	512	512	165	390	217	297	359.912
33	maps/mazes/maze_092.map	512	512	216	508	215	448	132.799
89	maps/mazes/maze_092.map	512	512	469	105	484	189	359.225
89	maps/mazes/maze_092.map	512	512	354	1	369	45	359.811
89	maps/mazes/maze_092.map	512	512	385	128	248	90	359.912
89	maps/mazes/maze_092.map	512	512	313	237	169	183	359.74
88	maps/mazes/maze_092.map	512	512	184	304	153	256	355.083
88	maps/mazes/maze_092.map	512	512	56	345	84	333	355.497
88	maps/mazes/maze_092.map	512	512	76	193	169	190	355.154
88	maps/mazes/maze_092.map	512	512	44	179	24	153	355.983
88	maps/mazes/maze_092.map	512	512	234	329	205	344	355.255
88	maps/mazes/maze_092.map	512	512	303	341	204	240	355.497
81	maps/mazes/maze_092.map	512	512	91	116	49	147	327.669
88	maps/mazes/maze_092.map	512	512	157	64	126	132	355.083
88	maps/mazes/maze_092.map	512	512	260	472	205	368	355.083
88	maps/mazes/maze_092.map	512	512	156	50	1	88	354.983
88	maps/mazes/maze_092.map	512	512	459	77	503	173	355.054
87	maps/mazes/maze_092.map	512	512	57	413	17	446	351.811
87	maps/mazes/maze_092.map	512	512	194	176	274	149	351.326
87	maps/mazes/maze_092.map	512	512	324	36	384	60	351.154
87	maps/mazes/maze_092.map	512	512	305	191	256	185	351.912
54	maps/mazes/maze_092.map	512	512	268	289	221	275	217.527
87	maps/mazes/maze_092.map	512	512	24	317	8	353	351.154
87	maps/mazes/maze_092.map	512	512	164	400	219	317	351.497
87	maps/mazes/maze_092.map	512	512	427	452	468	420	351.811
78	maps/mazes/maze_092.map	512	512	31	101	156	68	313.012
87	maps/mazes/maze_092.map	512	512	507	76	466	201	351.497
87	maps/mazes/maze_092.map	512	512	444	419	503	456	351.64
87	maps/mazes/maze_092.map	512	512	245	505	328	476	351.841
86	maps/mazes/maze_092.map	512	512	445	19	460	76	347.74
86	maps/mazes/maze_092.map	512	512	353	114	260	108	347.912
86	maps/mazes/maze_092.map	512	512	143	308	124	228	347.669
86	maps/mazes/maze_092.map	512	512	195	120	185	32	347.397
86	maps/mazes/maze_092.map	512	512	40	381	113	410	347.497
86	maps/mazes/maze_092.map	512	512	313	115	394	165	347.184
86	maps/mazes/maze_092.map	512	512	59	92	140	93	347.154
86	maps/mazes/maze_092.map	512	512	373	182	268	150	347.184
86	maps/mazes/maze_092.map	512	512	416	292	417	353	347.497
86	maps/mazes/maze_092.map	512	512	364	507	397	401	347.326
85	maps/mazes/maze_092.map	512	512	98	501	211	461	343.326
85	maps/mazes/maze_092.map	512	512	41	250	147	153	343.569
85	maps/mazes/maze_092.map	512	512	251	209	340	147	343.77
85	maps/mazes/maze_092.map	512	512	339	24	374	53	343.74
85	maps/mazes/maze_092.map	512	512	424	11	462	101	343.64
85	maps/mazes/maze_092.map	512	512	139	92	205	180	343.012
85	maps/mazes/maze_092.map	512	512	117	487	158	436	343.497
85	maps/mazes/maze_092.map	512	512	116	104	64	199	343.326
85	maps/mazes/maze_092.map	512	512	508	402	370	332	343.497
85	maps/mazes/maze_092.map	512	512	28	495	177	448	343.74
84	maps/mazes/maze_092.map	512	512	400	10	473	81	339.64
84	maps/mazes/maze_092.map	512	512	437	180	392	143	339.154
84	maps/mazes/maze_092.map	512	512	81	408	29	424	339.983
84	maps/mazes/maze_092.map	512	512	452	486	427	373	339.497
84	maps/mazes/maze_092.map	512	512	489	353	456	413	339.326
84	maps/mazes/maze_092.map	512	512	235	372	209	321	339.426
84	maps/mazes/maze_092.map	512	512	197	421	223	480	339.569
84	maps/mazes/maze_092.map	512	512	41	437	97	475	339.154
84	maps/mazes/maze_092.map	512	512	128	441	50	408	339.912
84	maps/mazes/maze_092.map	512	512	124	240	191	157	339.74
83	maps/mazes/maze_092.map	512	512	332	482	361	476	335.326
83	maps/mazes/maze_092.map	512	512	499	485	396	351	335.083
83	maps/mazes/maze_092.map	512	512	133	29	25	32	335.426
83	maps/mazes/maze_092.map	512	512	162	232	145	167	335.054
83	maps/mazes/maze_092.map	512	512	40	305	1	357	335.326
83	maps/mazes/maze_092.map	512	512	36	196	2	113	335.225
83	maps/mazes/maze_092.map	512	512	332	316	274	273	335.426
22	maps/mazes/maze_092.map	512	512	129	421	112	377	89.3848
83	maps/mazes/maze_092.map	512	512	305	230	177	186	335.497
7	maps/mazes/maze_092.map	512	512	102	404	103	397	30.4853
83	maps/mazes/maze_092.map	512	512	226	369	215	336	335.255
83	maps/mazes/maze_092.map	512	512	238	420	214	344	335.497
82	maps/mazes/maze_092.map	512	512	268	377	315	404	331.497
82	maps/mazes/maze_092.map	512	512	228	401	221	295	331.426
82	maps/mazes/maze_092.map	512	512	368	297	337	348	331.255
82	maps/mazes/maze_092.map	512	512	41	251	153	160	331.326
82	maps/mazes/maze_092.map	512	512	218	464	217	317	331.841
82	maps/mazes/maze_092.map	512	512	348	217	329	286	331.497
82	maps/mazes/maze_092.map	512	512	329	306	274	320	331.326
82	maps/mazes/maze_092.map	512	512	13	417	67	492	331.083
82	maps/mazes/maze_092.map	512	512	301	156	357	184	331.113
82	maps/mazes/maze_092.map	512	512	280	418	309	449	331.497
81	maps/mazes/maze_092.map	512	512	174	480	205	399	327.012
81	maps/mazes/maze_092.map	512	512	253	176	176	181	327.255
81	maps/mazes/maze_092.map	512	512	44	216	25	153	327.154
81	maps/mazes/maze_092.map	512	512	373	275	253	267	327.012
81	maps/mazes/maze_092.map	512	512	401	334	290	364	327.669
81	maps/mazes/maze_092.map	512	512	68	356	52	380	327.74
81	maps/mazes/maze_092.map	512	512	221	20	173	13	327.912
81	maps/mazes/maze_092.map	512	512	15	0	128	79	327.497
81	maps/mazes/maze_092.map	512	512	310	377	314	397	327.497
80	maps/mazes/maze_092.map	512	512	473	77	472	185	323.912
80	maps/mazes/maze_092.map	512	512	196	478	150	412	323.154
9	maps/mazes/maze_092.map	512	512	184	314	191	297	39.6569
80	maps/mazes/maze_092.map	512	512	342	237	363	284	323.74
80	maps/mazes/maze_092.map	512	512	340	376	403	412	323.569
80	maps/mazes/maze_092.map	512	512	472	323	388	193	323.355
80	maps/mazes/maze_092.map	512	512	425	357	287	348	323.083
80	maps/mazes/maze_092.map	512	512	184	102	177	152	323.426
80	maps/mazes/maze_092.map	512	512	156	493	208	386	323.426
80	maps/mazes/maze_092.map	512	512	164	93	196	154	323.184
80	maps/mazes/maze_092.map	512	512	368	394	408	380	323.74
79	maps/mazes/maze_092.map	512	512	5	444	12	470	319.083
79	maps/mazes/maze_092.map	512	512	268	120	225	192	319.326
79	maps/mazes/maze_092.map	512	512	49	487	154	473	319.77
79	maps/mazes/maze_092.map	512	512	20	273	126	188	319.083
79	maps/mazes/maze_092.map	512	512	291	372	316	400	319.083
79	maps/mazes/maze_092.map	512	512	392	173	329	145	319.77
79	maps/mazes/maze_092.map	512	512	337	139	226	180	319.012
79	maps/mazes/maze_092.map	512	512	46	104	135	101	319.497
79	maps/mazes/maze_092.map	512	512	89	200	172	188	319.912
78	maps/mazes/maze_092.map	512	512	177	262	104	195	315.255
78	maps/mazes/maze_092.map	512	512	100	254	141	180	315.083
78	maps/mazes/maze_092.map	512	512	284	305	173	211	315.184
78	maps/mazes/maze_092.map	512	512	505	133	452	217	315.184
78	maps/mazes/maze_092.map	512	512	233	166	191	237	315.083
78	maps/mazes/maze_092.map	512	512	344	35	384	141	314.912
72	maps/mazes/maze_092.map	512	512	24	148	77	50	291.912
78	maps/mazes/maze_092.map	512	512	233	291	200	344	315.841
77	maps/mazes/maze_092.map	512	512	192	433	224	480	311.912
77	maps/mazes/maze_092.map	512	512	333	389	262	420	311.012
77	maps/mazes/maze_092.map	512	512	424	109	329	162	311.598
77	maps/mazes/maze_092.map	512	512	184	37	14	1	311.113
77	maps/mazes/maze_092.map	512	512	332	80	247	108	311.326
77	maps/mazes/maze_092.map	512	512	318	264	188	226	311.841
77	maps/mazes/maze_092.map	512	512	100	45	25	127	311.083
77	maps/mazes/maze_092.map	512	512	141	155	176	225	311.669
77	maps/mazes/maze_092.map	512	512	93	478	31	468	311.397
77	maps/mazes/maze_092.map	512	512	162	420	228	415	311.426
76	maps/mazes/maze_092.map	512	512	327	257	349	272	307.083
76	maps/mazes/maze_092.map	512	512	312	50	277	128	307.426
76	maps/mazes/maze_092.map	512	512	188	273	117	222	307.841
76	maps/mazes/maze_092.map	512	512	116	477	145	432	307.012
76	maps/mazes/maze_092.map	512	512	197	56	73	8	307.355
76	maps/mazes/maze_092.map	512	512	169	180	127	225	307.326
76	maps/mazes/maze_092.map	512	512	276	13	318	33	307.255
76	maps/mazes/maze_092.map	512	512	39	176	13	172	307.154
76	maps/mazes/maze_092.map	512	512	389	311	277	340	307.426
76	maps/mazes/maze_092.map	512	512	76	412	36	421	307.569
75	maps/mazes/maze_092.map	512	512	496	392	456	479	303.669
75	maps/mazes/maze_092.map	512	512	380	66	397	129	303.255
75	maps/mazes/maze_092.map	512	512	16	120	53	45	303.74
17	maps/mazes/maze_092.map	512	512	121	237	88	223	71.7279
75	maps/mazes/maze_092.map	512	512	312	122	282	152	303.598
75	maps/mazes/maze_092.map	512	512	126	361	129	315	303.912
75	maps/mazes/maze_092.map	512	512	472	190	452	265	303.184
75	maps/mazes/maze_092.map	512	512	326	296	250	305	303.669
40	maps/mazes/maze_092.map	512	512	116	501	180	465	163.799
75	maps/mazes/maze_092.map	512	512	440	376	340	337	303.083
75	maps/mazes/maze_092.map	512	512	149	9	242	37	303.083
75	maps/mazes/maze_092.map	512	512	355	25	365	49	303.154
74	maps/mazes/maze_092.map	512	512	200	105	172	17	299.74
74	maps/mazes/maze_092.map	512	512	29	150	59	197	299.326
14	maps/mazes/maze_092.map	512	512	235	417	254	417	57.1421
74	maps/mazes/maze_092.map	512	512	31	300	7	344	298.669
74	maps/mazes/maze_092.map	512	512	132	217	141	301	299.184
74	maps/mazes/maze_092.map	512	512	159	228	133	188	299.154
74	maps/mazes/maze_092.map	512	512	21	80	142	96	299.669
74	maps/mazes/maze_092.map	512	512	333	425	352	420	299.355
74	maps/mazes/maze_092.map	512	512	205	101	171	24	299.912
74	maps/mazes/maze_092.map	512	512	392	73	394	133	299.255
73	maps/mazes/maze_092.map	512	512	160	178	195	249	295.355
73	maps/mazes/maze_092.map	512	512	253	248	265	313	295.426
73	maps/mazes/maze_092.map	512	512	42	124	9	50	295.083
73	maps/mazes/maze_092.map	512	512	279	216	232	179	295.74
73	maps/mazes/maze_092.map	512	512	406	160	392	148	295.841
73	maps/mazes/maze_092.map	512	512	476	159	470	113	295.497
73	maps/mazes/maze_092.map	512	512	41	447	69	491	295.841
73	maps/mazes/maze_092.map	512	512	323	173	242	213	295.083
8	maps/mazes/maze_092.map	512	512	296	363	279	353	34.4142
73	maps/mazes/maze_092.map	512	512	89	142	29	94	295.255
73	maps/mazes/maze_092.map	512	512	492	330	444	269	295.426
72	maps/mazes/maze_092.map	512	512	427	408	472	470	291.912
72	maps/mazes/maze_092.map	512	512	376	326	284	356	291.012
72	maps/mazes/maze_092.map	512	512	184	104	145	149	291.012
72	maps/mazes/maze_092.map	512	512	74	89	36	125	291.598
60	maps/mazes/maze_092.map	512	512	211	212	209	179	242.598
72	maps/mazes/maze_092.map	512	512	152	40	77	8	291.527
72	maps/mazes/maze_092.map	512	512	397	438	393	340	291.598
72	maps/mazes/maze_092.map	512	512	352	64	388	149	291.669
72	maps/mazes/maze_092.map	512	512	45	300	5	332	291.255
72	maps/mazes/maze_092.map	512	512	480	388	411	356	291.426
71	maps/mazes/maze_092.map	512	512	441	493	453	404	286.841
71	maps/mazes/maze_092.map	512	512	133	260	123	193	286.841
71	maps/mazes/maze_092.map	512	512	144	168	92	37	287.184
71	maps/mazes/maze_092.map	512	512	489	120	424	57	287.598
71	maps/mazes/maze_092.map	512	512	501	182	464	195	287.355
71	maps/mazes/maze_092.map	512	512	276	172	281	133	287.598
71	maps/mazes/maze_092.map	512	512	181	353	153	214	287.77
71	maps/mazes/maze_092.map	512	512	194	405	223	329	287.184
71	maps/mazes/maze_092.map	512	512	149	418	173	336	287.255
70	maps/mazes/maze_092.map	512	512	181	126	188	168	283.527
70	maps/mazes/maze_092.map	512	512	337	253	353	251	283.598
70	maps/mazes/maze_092.map	512	512	473	69	475	196	283.426
70	maps/mazes/maze_092.map	512	512	60	333	32	361	283.598
70	maps/mazes/maze_092.map	512	512	356	327	277	341	283.184
70	maps/mazes/maze_092.map	512	512	200	363	234	308	283.184
70	maps/mazes/maze_092.map	512	512	372	70	404	106	283.598
70	maps/mazes/maze_092.map	512	512	444	19	452	60	283.426
70	maps/mazes/maze_092.map	512	512	460	504	497	470	283.912
70	maps/mazes/maze_092.map	512	512	11	445	101	488	283.426
69	maps/mazes/maze_092.map	512	512	457	500	447	396	279.255
69	maps/mazes/maze_092.map	512	512	425	56	392	141	279.841
42	maps/mazes/maze_092.map	512	512	381	198	333	161	170.556
69	maps/mazes/maze_092.map	512	512	236	151	188	229	279.598
69	maps/mazes/maze_092.map	512	512	288	358	217	240	279.527
69	maps/mazes/maze_092.map	512	512	452	77	420	20	279.669
69	maps/mazes/maze_092.map	512	512	195	180	216	238	279.184
69	maps/mazes/maze_092.map	512	512	305	143	269	182	279.426
69	maps/mazes/maze_092.map	512	512	303	4	272	45	279.598
69	maps/mazes/maze_092.map	512	512	288	388	274	392	279.941
69	maps/mazes/maze_092.map	512	512	268	88	282	145	279.083
68	maps/mazes/maze_092.map	512	512	157	27	83	1	275.941
68	maps/mazes/maze_092.map	512	512	180	76	123	1	275.598
68	maps/mazes/maze_092.map	512	512	45	493	148	487	275.284
68	maps/mazes/maze_092.map	512	512	463	236	480	305	275.497
68	maps/mazes/maze_092.map	512	512	208	185	186	197	275.012
68	maps/mazes/maze_092.map	512	512	150	33	80	5	275.113
68	maps/mazes/maze_092.map	512	512	218	389	224	327	275.941
68	maps/mazes/maze_092.map	512	512	46	144	107	69	275.012
68	maps/mazes/maze_092.map	512	512	137	328	161	266	274.669
67	maps/mazes/maze_092.map	512	512	247	89	254	173	271.669
67	maps/mazes/maze_092.map	512	512	509	478	472	420	271.669
67	maps/mazes/maze_092.map	512	512	224	229	228	244	271.669
67	maps/mazes/maze_092.map	512	512	240	11	324	37	271.598
67	maps/mazes/maze_092.map	512	512	228	77	176	39	271.255
67	maps/mazes/maze_092.map	512	512	478	56	483	193	271.598
67	maps/mazes/maze_092.map	512	512	326	129	284	147	271.113
67	maps/mazes/maze_092.map	512	512	284	328	181	235	271.355
67	maps/mazes/maze_092.map	512	512	153	133	68	197	271.426
67	maps/mazes/maze_092.map	512	512	275	277	216	305	271.184
66	maps/mazes/maze_092.map	512	512	245	226	175	205	267.77
66	maps/mazes/maze_092.map	512	512	353	86	253	76	267.255
66	maps/mazes/maze_092.map	512	512	411	196	499	257	267.669
66	maps/mazes/maze_092.map	512	512	71	496	164	441	267.941
66	maps/mazes/maze_092.map	512	512	245	508	328	496	267.77
66	maps/mazes/maze_092.map	512	512	232	333	190	368	267.527
66	maps/mazes/maze_092.map	512	512	1	209	65	208	267.083
66	maps/mazes/maze_092.map	512	512	389	358	400	378	267.669
66	maps/mazes/maze_092.map	512	512	344	413	355	444	267.355
66	maps/mazes/maze_092.map	512	512	169	164	132	210	267.083
65	maps/mazes/maze_092.map	512	512	363	260	305	291	262.698
65	maps/mazes/maze_092.map	512	512	469	148	476	121	263.841
65	maps/mazes/maze_092.map	512	512	97	308	153	234	263.012
65	maps/mazes/maze_092.map	512	512	51	88	109	61	263.77
65	maps/mazes/maze_092.map	512	512	251	277	342	349	263.77
65	maps/mazes/maze_092.map	512	512	418	301	346	341	263.598
65	maps/mazes/maze_092.map	512	512	169	320	117	307	263.184
65	maps/mazes/maze_092.map	512	512	181	256	111	217	263.184
65	maps/mazes/maze_092.map	512	512	397	356	293	348	263.598
65	maps/mazes/maze_092.map	512	512	210	348	257	313	263.598
64	maps/mazes/maze_092.map	512	512	476	41	413	13	259.527
64	maps/mazes/maze_092.map	512	512	400	441	408	358	259.77
64	maps/mazes/maze_092.map	512	512	161	473	209	417	259.841
64	maps/mazes/maze_092.map	512	512	149	181	129	187	259.497
64	maps/mazes/maze_092.map	512	512	452	149	444	93	259.012
64	maps/mazes/maze_092.map	512	512	386	357	397	381	258.841
64	maps/mazes/maze_092.map	512	512	52	57	136	106	259.77
64	maps/mazes/maze_092.map	512	512	387	292	348	344	259.77
64	maps/mazes/maze_092.map	512	512	209	475	204	361	259.77
64	maps/mazes/maze_092.map	512	512	496	296	468	296	259.941
63	maps/mazes/maze_092.map	512	512	500	236	500	201	255.527
63	maps/mazes/maze_092.map	512	512	444	236	402	148	255.698
63	maps/mazes/maze_092.map	512	512	47	480	138	489	255.113
63	maps/mazes/maze_092.map	512	512	406	52	394	133	255.426
63	maps/mazes/maze_092.map	512	512	41	224	4	166	255.083
63	maps/mazes/maze_092.map	512	512	329	168	259	165	255.77
63	maps/mazes/maze_092.map	512	512	155	61	133	73	255.941
63	maps/mazes/maze_092.map	512	512	359	8	376	49	255.598
63	maps/mazes/maze_092.map	512	512	405	390	436	464	255.426
63	maps/mazes/maze_092.map	512	512	164	401	198	340	255.77
41	maps/mazes/maze_092.map	512	512	418	25	404	29	164.87
62	maps/mazes/maze_092.map	512	512	212	443	213	338	251.698
62	maps/mazes/maze_092.map	512	512	243	245	233	257	251.355
62	maps/mazes/maze_092.map	512	512	165	451	205	453	250.669
62	maps/mazes/maze_092.map	512	512	197	95	177	26	251.083
62	maps/mazes/maze_092.map	512	512	2	453	25	446	251.598
62	maps/mazes/maze_092.map	512	512	173	326	154	213	251.456
62	maps/mazes/maze_092.map	512	512	192	380	217	329	250.77
62	maps/mazes/maze_092.map	512	512	181	161	188	197	251.527
62	maps/mazes/maze_092.map	512	512	252	109	249	176	251.255
62	maps/mazes/maze_092.map	512	512	309	324	292	291	251.012
61	maps/mazes/maze_092.map	512	512	385	141	322	133	247.627
61	maps/mazes/maze_092.map	512	512	156	380	144	301	247.527
61	maps/mazes/maze_092.map	512	512	163	412	200	417	247.113
61	maps/mazes/maze_092.map	512	512	77	344	28	384	247.426
61	maps/mazes/maze_092.map	512	512	148	291	95	221	247.184
61	maps/mazes/maze_092.map	512	512	252	40	349	17	247.355
61	maps/mazes/maze_092.map	512	512	272	456	334	424	247.012
61	maps/mazes/maze_092.map	512	512	97	449	44	458	247.255
61	maps/mazes/maze_092.map	512	512	339	497	376	468	247.941
61	maps/mazes/maze_092.map	512	512	361	122	270	68	247.184
60	maps/mazes/maze_092.map	512	512	75	368	81	386	243.598
60	maps/mazes/maze_092.map	512	512	142	108	148	165	243.527
60	maps/mazes/maze_092.map	512	512	48	235	66	217	243.497
60	maps/mazes/maze_092.map	512	512	34	160	5	113	243.841
60	maps/mazes/maze_092.map	512	512	188	145	173	51	243.669
60	maps/mazes/maze_092.map	512	512	349	113	257	69	243.355
60	maps/mazes/maze_092.map	512	512	485	360	489	428	243.355
60	maps/mazes/maze_092.map	512	512	140	441	67	404	243.113
60	maps/mazes/maze_092.map	512	512	164	244	283	268	243.527
59	maps/mazes/maze_092.map	512	512	172	53	91	1	239.284
59	maps/mazes/maze_092.map	512	512	368	133	292	51	239.941
59	maps/mazes/maze_092.map	512	512	332	248	383	236	239.77
59	maps/mazes/maze_092.map	512	512	224	382	198	352	239.456
59	maps/mazes/maze_092.map	512	512	0	477	108	482	239.527
59	maps/mazes/maze_092.map	512	512	112	221	189	157	239.77
59	maps/mazes/maze_092.map	512	512	221	298	269	277	239.527
59	maps/mazes/maze_092.map	512	512	337	28	404	38	239.426
59	maps/mazes/maze_092.map	512	512	163	316	124	298	239.77
59	maps/mazes/maze_092.map	512	512	161	167	181	214	239.184
58	maps/mazes/maze_092.map	512	512	352	99	282	65	235.598
58	maps/mazes/maze_092.map	512	512	484	449	500	478	235.184
58	maps/mazes/maze_092.map	512	512	433	91	359	165	235.355
58	maps/mazes/maze_092.map	512	512	496	197	459	197	235.87
58	maps/mazes/maze_092.map	512	512	497	51	481	176	235.284
58	maps/mazes/maze_092.map	512	512	498	296	460	306	235.113
58	maps/mazes/maze_092.map	512	512	365	468	380	493	235.113
58	maps/mazes/maze_092.map	512	512	184	201	248	266	235.87
58	maps/mazes/maze_092.map	512	512	477	0	506	133	235.355
58	maps/mazes/maze_092.map	512	512	271	393	297	397	235.598
57	maps/mazes/maze_092.map	512	512	148	444	73	402	231.284
57	maps/mazes/maze_092.map	512	512	354	56	408	121	231.184
57	maps/mazes/maze_092.map	512	512	425	183	395	153	231.698
33	maps/mazes/maze_092.map	512	512	353	128	337	85	134.213
57	maps/mazes/maze_092.map	512	512	501	351	465	317	231.698
57	maps/mazes/maze_092.map	512	512	257	465	252	405	231.527
57	maps/mazes/maze_092.map	512	512	317	99	340	139	231.527
57	maps/mazes/maze_092.map	512	512	324	155	272	179	231.355
57	maps/mazes/maze_092.map	512	512	276	194	260	150	231.355
57	maps/mazes/maze_092.map	512	512	17	214	69	222	231.841
57	maps/mazes/maze_092.map	512	512	408	287	377	189	231.87
56	maps/mazes/maze_092.map	512	512	369	353	343	348	227.284
56	maps/mazes/maze_092.map	512	512	258	433	210	400	227.527
56	maps/mazes/maze_092.map	512	512	145	452	153	438	227.698
56	maps/mazes/maze_092.map	512	512	44	119	108	51	227.113
56	maps/mazes/maze_092.map	512	512	73	403	4	424	227.841
56	maps/mazes/maze_092.map	512	512	176	440	152	423	227.87
56	maps/mazes/maze_092.map	512	512	471	284	392	216	227.627
56	maps/mazes/maze_092.map	512	512	43	36	109	63	227.87
56	maps/mazes/maze_092.map	512	512	297	101	254	181	227.426
56	maps/mazes/maze_092.map	512	512	192	200	234	268	227.698
55	maps/mazes/maze_092.map	512	512	478	328	385	334	223.184
55	maps/mazes/maze_092.map	512	512	180	463	232	464	223.669
55	maps/mazes/maze_092.map	512	512	45	493	128	498	223.456
55	maps/mazes/maze_092.map	512	512	41	329	30	344	223.355
55	maps/mazes/maze_092.map	512	512	421	395	443	461	223.355
55	maps/mazes/maze_092.map	512	512	0	198	40	164	223.012
55	maps/mazes/maze_092.map	512	512	377	351	331	348	223.284
55	maps/mazes/maze_092.map	512	512	229	284	276	269	223.941
55	maps/mazes/maze_092.map	512	512	325	45	248	108	223.941
54	maps/mazes/maze_092.map	512	512	242	116	176	46	219.012
54	maps/mazes/maze_092.map	512	512	75	457	28	465	218.598
54	maps/mazes/maze_092.map	512	512	108	400	45	406	219.527
54	maps/mazes/maze_092.map	512	512	272	158	260	186	219.113
54	maps/mazes/maze_092.map	512	512	33	134	25	34	219.355
54	maps/mazes/maze_092.map	512	512	142	313	185	269	219.527
54	maps/mazes/maze_092.map	512	512	508	319	460	282	219.527
38	maps/mazes/maze_092.map	512	512	32	125	45	132	154.627
54	maps/mazes/maze_092.map	512	512	300	105	253	181	219.426
54	maps/mazes/maze_092.map	512	512	48	420	48	408	219.598
53	maps/mazes/maze_092.map	512	512	57	305	102	225	215.527
53	maps/mazes/maze_092.map	512	512	492	29	504	99	215.698
53	maps/mazes/maze_092.map	512	512	2	32	109	57	215.941
53	maps/mazes/maze_092.map	512	512	313	115	259	188	215.184
53	maps/mazes/maze_092.map	512	512	296	164	242	188	215.698
53	maps/mazes/maze_092.map	512	512	288	209	244	205	214.77
53	maps/mazes/maze_092.map	512	512	100	101	121	194	215.355
53	maps/mazes/maze_092.map	512	512	65	328	32	325	215.113
53	maps/mazes/maze_092.map	512	512	304	388	265	390	215.87
53	maps/mazes/maze_092.map	512	512	465	427	440	484	215.012
52	maps/mazes/maze_092.map	512	512	418	237	349	188	211.556
52	maps/mazes/maze_092.map	512	512	423	348	332	319	210.77
52	maps/mazes/maze_092.map	512	512	443	361	497	321	210.87
52	maps/mazes/maze_092.map	512	512	424	319	352	306	211.87
52	maps/mazes/maze_092.map	512	512	189	71	140	18	211.698
52	maps/mazes/maze_092.map	512	512	344	393	379	416	211.355
52	maps/mazes/maze_092.map	512	512	82	21	108	45	210.627
52	maps/mazes/maze_092.map	512	512	152	371	118	309	211.355
52	maps/mazes/maze_092.map	512	512	164	297	153	232	211.456
52	maps/mazes/maze_092.map	512	512	21	372	88	342	211.527
51	maps/mazes/maze_092.map	512	512	53	138	95	48	207.698
51	maps/mazes/maze_092.map	512	512	92	233	147	152	207.012
51	maps/mazes/maze_092.map	512	512	44	228	48	252	207.698
51	maps/mazes/maze_092.map	512	512	126	232	124	255	207.77
51	maps/mazes/maze_092.map	512	512	140	26	35	1	207.213
51	maps/mazes/maze_092.map	512	512	352	117	284	64	206.698
51	maps/mazes/maze_092.map	512	512	277	379	270	424	207.113
51	maps/mazes/maze_092.map	512	512	176	313	153	241	207.042
51	maps/mazes/maze_092.map	512	512	74	432	26	400	207.355
51	maps/mazes/maze_092.map	512	512	416	188	365	170	207.284
50	maps/mazes/maze_092.map	512	512	197	351	206	464	203.456
50	maps/mazes/maze_092.map	512	512	441	369	508	329	203.042
50	maps/mazes/maze_092.map	512	512	503	497	497	456	203.77
50	maps/mazes/maze_092.map	512	512	295	428	313	435	203.527
50	maps/mazes/maze_092.map	512	512	396	206	394	153	203.87
50	maps/mazes/maze_092.map	512	512	45	237	71	240	203.426
50	maps/mazes/maze_092.map	512	512	285	360	233	267	203.627
50	maps/mazes/maze_092.map	512	512	300	76	248	108	203.113
50	maps/mazes/maze_092.map	512	512	112	10	33	5	203.456
50	maps/mazes/maze_092.map	512	512	105	183	163	201	203.012
49	maps/mazes/maze_092.map	512	512	153	458	160	436	199.87
49	maps/mazes/maze_092.map	512	512	8	305	46	317	199.213
49	maps/mazes/maze_092.map	512	512	72	259	80	198	199.284
49	maps/mazes/maze_092.map	512	512	125	46	66	64	199.284
49	maps/mazes/maze_092.map	512	512	508	229	508	188	199.042
49	maps/mazes/maze_092.map	512	512	495	172	465	205	199.87
49	maps/mazes/maze_092.map	512	512	109	309	67	348	199.87
49	maps/mazes/maze_092.map	512	512	117	445	72	473	198.698
49	maps/mazes/maze_092.map	512	512	102	264	124	314	199.698
49	maps/mazes/maze_092.map	512	512	444	70	476	71	199.184
48	maps/mazes/maze_092.map	512	512	419	140	349	157	195.042
48	maps/mazes/maze_092.map	512	512	249	307	204	344	195.698
48	maps/mazes/maze_092.map	512	512	131	269	83	221	194.87
48	maps/mazes/maze_092.map	512	512	267	68	283	117	195.284
48	maps/mazes/maze_092.map	512	512	492	182	473	191	195.799
48	maps/mazes/maze_092.map	512	512	242	320	309	273	195.698
48	maps/mazes/maze_092.map	512	512	101	44	125	128	195.113
48	maps/mazes/maze_092.map	512	512	220	458	228	400	195.698
48	maps/mazes/maze_092.map	512	512	300	222	244	220	195.355
48	maps/mazes/maze_092.map	512	512	356	484	392	492	195.698
47	maps/mazes/maze_092.map	512	512	127	232	117	256	191.941
47	maps/mazes/maze_092.map	512	512	427	13	449	45	191.355
47	maps/mazes/maze_092.map	512	512	153	180	106	216	191.184
47	maps/mazes/maze_092.map	512	512	210	328	265	298	191.042
47	maps/mazes/maze_092.map	512	512	392	312	393	340	191.87
47	maps/mazes/maze_092.map	512	512	136	405	64	404	191.627
47	maps/mazes/maze_092.map	512	512	374	197	333	167	191.971
47	maps/mazes/maze_092.map	512	512	168	445	145	429	191.627
47	maps/mazes/maze_092.map	512	512	345	75	241	81	191.941
46	maps/mazes/maze_092.map	512	512	116	238	133	188	187.527
22	maps/mazes/maze_092.map	512	512	254	256	272	259	89.7279
46	maps/mazes/maze_092.map	512	512	25	391	116	389	187.87
46	maps/mazes/maze_092.map	512	512	60	163	61	61	187.042
46	maps/mazes/maze_092.map	512	512	228	93	193	58	187.941
46	maps/mazes/maze_092.map	512	512	456	333	410	341	187.456
46	maps/mazes/maze_092.map	512	512	412	329	345	327	187.284
46	maps/mazes/maze_092.map	512	512	196	214	232	195	187.87
46	maps/mazes/maze_092.map	512	512	184	86	187	48	187.77
46	maps/mazes/maze_092.map	512	512	444	295	428	233	187.213
46	maps/mazes/maze_092.map	512	512	67	329	46	333	187.87
45	maps/mazes/maze_092.map	512	512	504	304	474	320	183.456
45	maps/mazes/maze_092.map	512	512	335	40	370	29	183.698
45	maps/mazes/maze_092.map	512	512	460	425	440	464	182.941
45	maps/mazes/maze_092.map	512	512	229	461	234	401	183.87
45	maps/mazes/maze_092.map	512	512	493	490	496	449	183.941
45	maps/mazes/maze_092.map	512	512	25	251	76	230	183.012
45	maps/mazes/maze_092.map	512	512	433	237	404	191	183.385
45	maps/mazes/maze_092.map	512	512	389	25	356	58	183.113
45	maps/mazes/maze_092.map	512	512	485	470	462	468	183.87
44	maps/mazes/maze_092.map	512	512	385	277	398	221	179.87
44	maps/mazes/maze_092.map	512	512	35	189	21	173	179.941
44	maps/mazes/maze_092.map	512	512	129	350	131	316	179.698
44	maps/mazes/maze_092.map	512	512	216	444	197	352	179.627
44	maps/mazes/maze_092.map	512	512	181	289	195	249	179.213
44	maps/mazes/maze_092.map	512	512	217	343	253	306	179.87
44	maps/mazes/maze_092.map	512	512	197	326	260	284	179.627
44	maps/mazes/maze_092.map	512	512	361	332	315	348	179.456
44	maps/mazes/maze_092.map	512	512	432	129	397	136	179.113
43	maps/mazes/maze_092.map	512	512	327	344	284	325	175.799
43	maps/mazes/maze_092.map	512	512	92	240	88	198	175.213
43	maps/mazes/maze_092.map	512	512	509	271	464	295	174.698
43	maps/mazes/maze_092.map	512	512	259	49	336	35	175.87
43	maps/mazes/maze_092.map	512	512	114	112	152	157	175.627
43	maps/mazes/maze_092.map	512	512	377	401	401	379	175.941
43	maps/mazes/maze_092.map	512	512	140	198	104	195	174.941
43	maps/mazes/maze_092.map	512	512	92	367	35	396	175.698
43	maps/mazes/maze_092.map	512	512	153	268	141	207	175.385
42	maps/mazes/maze_092.map	512	512	249	282	269	281	171.627
42	maps/mazes/maze_092.map	512	512	390	133	340	164	171.385
42	maps/mazes/maze_092.map	512	512	329	430	337	445	171.971
42	maps/mazes/maze_092.map	512	512	397	169	344	161	171.142
42	maps/mazes/maze_092.map	512	512	409	104	357	173	171.042
42	maps/mazes/maze_092.map	512	512	178	104	126	125	171.87
42	maps/mazes/maze_092.map	512	512	421	240	358	181	171.556
42	maps/mazes/maze_092.map	512	512	401	317	370	305	171.042
42	maps/mazes/maze_092.map	512	512	284	262	272	310	171.213
41	maps/mazes/maze_092.map	512	512	361	461	352	497	167.971
41	maps/mazes/maze_092.map	512	512	25	78	73	46	167.698
41	maps/mazes/maze_092.map	512	512	456	391	492	346	167.042
41	maps/mazes/maze_092.map	512	512	79	136	75	149	167.284
41	maps/mazes/maze_092.map	512	512	237	140	221	180	167.213
41	maps/mazes/maze_092.map	512	512	3	469	62	492	167.698
41	maps/mazes/maze_092.map	512	512	25	200	24	177	167.698
41	maps/mazes/maze_092.map	512	512	365	99	404	100	166.627
41	maps/mazes/maze_092.map	512	512	56	303	124	239	167.456
40	maps/mazes/maze_092.map	512	512	363	301	381	312	163.042
40	maps/mazes/maze_092.map	512	512	448	266	499	289	163.113
40	maps/mazes/maze_092.map	512	512	428	466	504	478	163.698
40	maps/mazes/maze_092.map	512	512	501	132	472	194	163.627
40	maps/mazes/maze_092.map	512	512	448	309	420	221	162.627
40	maps/mazes/maze_092.map	512	512	173	167	184	180	163.799
40	maps/mazes/maze_092.map	512	512	143	20	44	13	163.556
40	maps/mazes/maze_092.map	512	512	420	376	444	416	163.799
40	maps/mazes/maze_092.map	512	512	425	181	397	176	163.385
39	maps/mazes/maze_092.map	512	512	452	69	465	74	159.113
39	maps/mazes/maze_092.map	512	512	88	337	57	361	159.87
39	maps/mazes/maze_092.map	512	512	94	312	45	324	159.971
39	maps/mazes/maze_092.map	512	512	256	109	282	152	159.284
39	maps/mazes/maze_092.map	512	512	39	25	85	39	159.213
39	maps/mazes/maze_092.map	512	512	173	336	150	277	159.456
39	maps/mazes/maze_092.map	512	512	471	229	508	180	159.799
39	maps/mazes/maze_092.map	512	512	316	292	256	268	159.213
39	maps/mazes/maze_092.map	512	512	226	24	205	58	159.042
38	maps/mazes/maze_092.map	512	512	364	359	380	417	155.698
38	maps/mazes/maze_092.map	512	512	342	445	368	409	155.213
38	maps/mazes/maze_092.map	512	512	129	99	146	153	154.799
38	maps/mazes/maze_092.map	512	512	292	221	257	226	155.456
38	maps/mazes/maze_092.map	512	512	164	221	137	209	155.042
38	maps/mazes/maze_092.map	512	512	372	220	375	232	155.042
38	maps/mazes/maze_092.map	512	512	290	345	333	313	155.627
38	maps/mazes/maze_092.map	512	512	389	212	410	157	155.556
38	maps/mazes/maze_092.map	512	512	404	504	400	453	155.042
37	maps/mazes/maze_092.map	512	512	347	468	360	502	151.627
37	maps/mazes/maze_092.map	512	512	169	14	78	8	151.728
37	maps/mazes/maze_092.map	512	512	81	314	50	333	151.213
37	maps/mazes/maze_092.map	512	512	435	312	384	335	151.698
37	maps/mazes/maze_092.map	512	512	177	480	217	497	151.385
37	maps/mazes/maze_092.map	512	512	189	21	94	1	151.142
37	maps/mazes/maze_092.map	512	512	63	344	14	348	151.627
37	maps/mazes/maze_092.map	512	512	257	152	209	180	150.971
37	maps/mazes/maze_092.map	512	512	267	29	314	33	151.87
37	maps/mazes/maze_092.map	512	512	360	381	372	402	151.87
36	maps/mazes/maze_092.map	512	512	133	373	179	340	147.142
36	maps/mazes/maze_092.map	512	512	166	341	117	335	147.87
36	maps/mazes/maze_092.map	512	512	473	497	465	473	146.87
36	maps/mazes/maze_092.map	512	512	240	376	218	392	147.314
36	maps/mazes/maze_092.map	512	512	162	349	173	307	147.971
36	maps/mazes/maze_092.map	512	512	502	213	492	195	147.213
36	maps/mazes/maze_092.map	512	512	420	473	393	433	147.627
36	maps/mazes/maze_092.map	512	512	37	290	57	331	147.284
36	maps/mazes/maze_092.map	512	512	120	71	140	138	147.385
35	maps/mazes/maze_092.map	512	512	58	313	36	329	143.213
35	maps/mazes/maze_092.map	512	512	26	188	56	184	143.456
35	maps/mazes/maze_092.map	512	512	471	33	500	15	143.385
35	maps/mazes/maze_092.map	512	512	413	206	452	256	143.042
35	maps/mazes/maze_092.map	512	512	164	300	149	280	143.627
35	maps/mazes/maze_092.map	512	512	484	440	504	479	143.042
35	maps/mazes/maze_092.map	512	512	15	492	97	477	143.87
35	maps/mazes/maze_092.map	512	512	381	264	332	287	143.556
34	maps/mazes/maze_092.map	512	512	50	388	8	402	139.113
34	maps/mazes/maze_092.map	512	512	325	499	348	462	139.799
34	maps/mazes/maze_092.map	512	512	77	453	64	444	139.456
34	maps/mazes/maze_092.map	512	512	64	112	72	149	139.042
34	maps/mazes/maze_092.map	512	512	290	133	340	144	139.728
34	maps/mazes/maze_092.map	512	512	253	388	211	396	139.899
34	maps/mazes/maze_092.map	512	512	313	353	278	321	138.799
34	maps/mazes/maze_092.map	512	512	276	6	257	13	139.556
34	maps/mazes/maze_092.map	512	512	209	501	205	460	139.971
33	maps/mazes/maze_092.map	512	512	496	492	503	472	135.87
33	maps/mazes/maze_092.map	512	512	334	216	371	224	135.627
33	maps/mazes/maze_092.map	512	512	158	213	137	219	135.042
33	maps/mazes/maze_092.map	512	512	64	428	53	390	135.385
33	maps/mazes/maze_092.map	512	512	217	177	216	194	135.456
33	maps/mazes/maze_092.map	512	512	188	448	177	468	135.042
33	maps/mazes/maze_092.map	512	512	244	219	187	185	135.142
33	maps/mazes/maze_092.map	512	512	321	184	340	164	135.284
32	maps/mazes/maze_092.map	512	512	472	65	508	136	131.042
32	maps/mazes/maze_092.map	512	512	507	33	501	112	131.971
32	maps/mazes/maze_092.map	512	512	363	284	312	280	131.728
32	maps/mazes/maze_092.map	512	512	177	255	144	194	131.899
32	maps/mazes/maze_092.map	512	512	104	84	73	89	131.799
32	maps/mazes/maze_092.map	512	512	180	111	145	84	131.213
32	maps/mazes/maze_092.map	512	512	281	255	245	268	131.385
32	maps/mazes/maze_092.map	512	512	163	288	149	277	131.042
32	maps/mazes/maze_092.map	512	512	146	128	161	129	131.556
32	maps/mazes/maze_092.map	512	512	192	427	200	460	131.385
31	maps/mazes/maze_092.map	512	512	308	0	296	5	127.385
31	maps/mazes/maze_092.map	512	512	16	487	45	437	127.87
31	maps/mazes/maze_092.map	512	512	45	241	29	264	127.284
31	maps/mazes/maze_092.map	512	512	424	110	377	134	127.385
31	maps/mazes/maze_092.map	512	512	296	237	225	212	127.799
31	maps/mazes/maze_092.map	512	512	345	157	310	133	127.485
31	maps/mazes/maze_092.map	512	512	225	424	213	400	127.213
31	maps/mazes/maze_092.map	512	512	161	485	219	489	127.556
31	maps/mazes/maze_092.map	512	512	139	364	147	336	127.556
31	maps/mazes/maze_092.map	512	512	345	360	370	360	127.627
30	maps/mazes/maze_092.map	512	512	425	328	417	365	123.385
30	maps/mazes/maze_092.map	512	512	76	29	66	48	123.971
30	maps/mazes/maze_092.map	512	512	87	64	73	110	123.556
30	maps/mazes/maze_092.map	512	512	469	311	443	281	123.799
30	maps/mazes/maze_092.map	512	512	398	312	329	316	123.728
30	maps/mazes/maze_092.map	512	512	169	24	78	1	123.899
30	maps/mazes/maze_092.map	512	512	332	60	280	58	123.556
30	maps/mazes/maze_092.map	512	512	123	493	144	460	123.799
30	maps/mazes/maze_092.map	512	512	24	425	27	448	122.971
30	maps/mazes/maze_092.map	512	512	26	253	40	249	123.698
29	maps/mazes/maze_092.map	512	512	369	390	372	403	119.799
29	maps/mazes/maze_092.map	512	512	400	457	404	401	119.799
29	maps/mazes/maze_092.map	512	512	81	94	65	155	119.627
29	maps/mazes/maze_092.map	512	512	244	502	269	477	119.556
29	maps/mazes/maze_092.map	512	512	13	152	24	117	119.213
29	maps/mazes/maze_092.map	512	512	40	397	93	389	119.385
29	maps/mazes/maze_092.map	512	512	364	313	348	329	119.799
29	maps/mazes/maze_092.map	512	512	35	44	111	57	119.142
29	maps/mazes/maze_092.map	512	512	469	233	500	207	119.385
29	maps/mazes/maze_092.map	512	512	289	60	279	49	119.971
28	maps/mazes/maze_092.map	512	512	300	72	253	72	115.971
28	maps/mazes/maze_092.map	512	512	360	350	352	318	115.314
28	maps/mazes/maze_092.map	512	512	432	85	416	45	115.556
28	maps/mazes/maze_092.map	512	512	108	437	102	396	115.971
28	maps/mazes/maze_092.map	512	512	103	428	112	461	114.627
28	maps/mazes/maze_092.map	512	512	90	153	59	177	115.728
28	maps/mazes/maze_092.map	512	512	340	80	320	89	115.627
28	maps/mazes/maze_092.map	512	512	405	100	388	148	115.971
28	maps/mazes/maze_092.map	512	512	416	21	426	40	115.627
28	maps/mazes/maze_092.map	512	512	361	124	332	92	113.385
27	maps/mazes/maze_092.map	512	512	230	445	229	428	111.556
27	maps/mazes/maze_092.map	512	512	58	145	45	155	111.971
27	maps/mazes/maze_092.map	512	512	1	439	36	421	111.971
27	maps/mazes/maze_092.map	512	512	433	116	409	109	111.971
27	maps/mazes/maze_092.map	512	512	477	33	500	20	111.314
27	maps/mazes/maze_092.map	512	512	124	200	101	216	111.284
27	maps/mazes/maze_092.map	512	512	282	264	249	265	111.556
27	maps/mazes/maze_092.map	512	512	124	242	85	211	111.556
27	maps/mazes/maze_092.map	512	512	353	373	361	359	111.799
27	maps/mazes/maze_092.map	512	512	488	352	465	383	111.799
26	maps/mazes/maze_092.map	512	512	185	349	169	307	107.556
26	maps/mazes/maze_092.map	512	512	51	88	37	89	107.728
26	maps/mazes/maze_092.map	512	512	416	96	384	143	107.971
26	maps/mazes/maze_092.map	512	512	223	96	199	73	107.385
26	maps/mazes/maze_092.map	512	512	384	282	380	253	107.385
26	maps/mazes/maze_092.map	512	512	128	296	89	304	107.142
26	maps/mazes/maze_092.map	512	512	153	233	125	201	107.899
26	maps/mazes/maze_092.map	512	512	61	468	59	476	107.799
26	maps/mazes/maze_092.map	512	512	420	120	388	144	107.556
26	maps/mazes/maze_092.map	512	512	104	325	54	320	107.728
25	maps/mazes/maze_092.map	512	512	344	252	282	264	103.556
25	maps/mazes/maze_092.map	512	512	459	264	438	208	103.971
25	maps/mazes/maze_092.map	512	512	117	55	109	50	103.142
25	maps/mazes/maze_092.map	512	512	464	357	508	347	103.556
25	maps/mazes/maze_092.map	512	512	176	166	184	153	103.142
25	maps/mazes/maze_092.map	512	512	394	209	397	192	103.899
25	maps/mazes/maze_092.map	512	512	389	196	408	156	103.142
25	maps/mazes/maze_092.map	512	512	57	437	13	452	103.971
25	maps/mazes/maze_092.map	512	512	114	489	144	462	103.142
24	maps/mazes/maze_092.map	512	512	40	416	83	416	99.9706
24	maps/mazes/maze_092.map	512	512	96	245	117	256	98.9706
24	maps/mazes/maze_092.map	512	512	130	480	165	443	99.5563
24	maps/mazes/maze_092.map	512	512	118	132	132	163	99.1421
24	maps/mazes/maze_092.map	512	512	24	130	5	79	99.5563
24	maps/mazes/maze_092.map	512	512	481	509	493	504	99.9706
24	maps/mazes/maze_092.map	512	512	502	409	497	462	99.5563
24	maps/mazes/maze_092.map	512	512	272	472	310	508	99.5563
24	maps/mazes/maze_092.map	512	512	141	259	121	270	99.1421
24	maps/mazes/maze_092.map	512	512	293	161	283	133	99.8995
23	maps/mazes/maze_092.map	512	512	8	448	6	492	95.3137
23	maps/mazes/maze_092.map	512	512	195	308	204	267	95.3137
23	maps/mazes/maze_092.map	512	512	81	336	98	356	95.9706
23	maps/mazes/maze_092.map	512	512	104	446	73	409	95.3137
23	maps/mazes/maze_092.map	512	512	65	289	111	261	95.3137
23	maps/mazes/maze_092.map	512	512	176	285	211	257	95.4853
23	maps/mazes/maze_092.map	512	512	345	175	336	147	95.4853
23	maps/mazes/maze_092.map	512	512	469	395	448	388	95.5563
23	maps/mazes/maze_092.map	512	512	436	500	392	491	95.7279
23	maps/mazes/maze_092.map	512	512	237	69	267	108	95.7279
22	maps/mazes/maze_092.map	512	512	440	269	430	232	91.4853
22	maps/mazes/maze_092.map	512	512	420	65	428	85	91.8995
22	maps/mazes/maze_092.map	512	512	436	322	466	288	91.8995
22	maps/mazes/maze_092.map	512	512	205	335	209	324	91.7279
22	maps/mazes/maze_092.map	512	512	507	44	504	94	91.7279
22	maps/mazes/maze_092.map	512	512	233	178	229	204	91.2132
22	maps/mazes/maze_092.map	512	512	431	316	411	345	91.7279
22	maps/mazes/maze_092.map	512	512	107	129	56	129	91.1421
21	maps/mazes/maze_092.map	512	512	501	481	493	436	87.1421
21	maps/mazes/maze_092.map	512	512	376	404	405	412	87.9706
21	maps/mazes/maze_092.map	512	512	112	491	140	472	86.8995
21	maps/mazes/maze_092.map	512	512	496	455	456	408	87.1421
21	maps/mazes/maze_092.map	512	512	194	200	189	192	87.7279
21	maps/mazes/maze_092.map	512	512	362	300	385	302	87.7279
21	maps/mazes/maze_092.map	512	512	454	356	483	337	87.8995
21	maps/mazes/maze_092.map	512	512	317	311	308	341	87.7279
21	maps/mazes/maze_092.map	512	512	300	441	309	425	87.1421
21	maps/mazes/maze_092.map	512	512	228	287	251	305	87.3848
20	maps/mazes/maze_092.map	512	512	208	407	201	376	83.8995
20	maps/mazes/maze_092.map	512	512	364	325	335	320	83.8995
20	maps/mazes/maze_092.map	512	512	77	98	50	129	83.8995
20	maps/mazes/maze_092.map	512	512	46	436	13	456	83.1421
20	maps/mazes/maze_092.map	512	512	184	482	208	492	83.8995
20	maps/mazes/maze_092.map	512	512	0	47	28	37	83.5563
20	maps/mazes/maze_092.map	512	512	201	120	197	85	83.7279
20	maps/mazes/maze_092.map	512	512	197	204	193	191	82.6569
20	maps/mazes/maze_092.map	512	512	463	120	436	86	83.7279
20	maps/mazes/maze_092.map	512	512	347	256	289	264	83.3137
19	maps/mazes/maze_092.map	512	512	117	489	126	472	79.3137
19	maps/mazes/maze_092.map	512	512	13	1	17	44	79.4853
19	maps/mazes/maze_092.map	512	512	483	417	470	408	79.3137
19	maps/mazes/maze_092.map	512	512	332	452	305	456	79.4853
19	maps/mazes/maze_092.map	512	512	412	180	400	166	79.8995
19	maps/mazes/maze_092.map	512	512	318	92	293	50	79.7279
19	maps/mazes/maze_092.map	512	512	49	341	37	335	79.8995
19	maps/mazes/maze_092.map	512	512	500	18	506	57	79.1421
19	maps/mazes/maze_092.map	512	512	495	413	495	448	79.7279
19	maps/mazes/maze_092.map	512	512	417	345	396	352	79.2132
18	maps/mazes/maze_092.map	512	512	411	509	384	484	75.3137
18	maps/mazes/maze_092.map	512	512	123	329	154	293	75.3848
18	maps/mazes/maze_092.map	512	512	108	336	122	304	75.0711
18	maps/mazes/maze_092.map	512	512	429	220	458	220	75.4853
18	maps/mazes/maze_092.map	512	512	192	172	177	177	75.3137
18	maps/mazes/maze_092.map	512	512	362	268	340	277	75.4853
18	maps/mazes/maze_092.map	512	512	170	13	131	1	75.4853
18	maps/mazes/maze_092.map	512	512	496	485	496	455	75.3137
18	maps/mazes/maze_092.map	512	512	309	72	281	56	75.3137
18	maps/mazes/maze_092.map	512	512	437	271	444	240	75.0711
17	maps/mazes/maze_092.map	512	512	236	145	245	183	71.9706
17	maps/mazes/maze_092.map	512	512	136	332	111	305	71.8995
17	maps/mazes/maze_092.map	512	512	121	273	124	237	71.7279
17	maps/mazes/maze_092.map	512	512	218	417	204	364	71.7279
17	maps/mazes/maze_092.map	512	512	340	296	319	297	71.4142
17	maps/mazes/maze_092.map	512	512	229	52	181	53	71.7279
17	maps/mazes/maze_092.map	512	512	237	136	259	173	71.9706
17	maps/mazes/maze_092.map	512	512	478	416	463	408	71.4853
16	maps/mazes/maze_092.map	512	512	324	405	321	429	67.9706
16	maps/mazes/maze_092.map	512	512	22	420	40	435	67.4853
16	maps/mazes/maze_092.map	512	512	385	93	423	76	67.4853
16	maps/mazes/maze_092.map	512	512	353	217	368	212	67.3137
16	maps/mazes/maze_092.map	512	512	396	448	406	432	67.6569
16	maps/mazes/maze_092.map	512	512	133	30	96	1	67.8995
16	maps/mazes/maze_092.map	512	512	93	110	102	128	67.4853
16	maps/mazes/maze_092.map	512	512	40	265	69	259	67.4853
16	maps/mazes/maze_092.map	512	512	28	157	10	177	66.7279
16	maps/mazes/maze_092.map	512	512	400	233	380	211	67.6569
15	maps/mazes/maze_092.map	512	512	365	438	350	405	63.6569
15	maps/mazes/maze_092.map	512	512	165	97	137	73	63.0711
15	maps/mazes/maze_092.map	512	512	436	394	434	413	63.4853
15	maps/mazes/maze_092.map	512	512	287	9	247	13	63.6569
15	maps/mazes/maze_092.map	512	512	381	21	407	20	63.4853
15	maps/mazes/maze_092.map	512	512	366	493	380	493	63.8995
15	maps/mazes/maze_092.map	512	512	61	44	96	48	63.4853
15	maps/mazes/maze_092.map	512	512	36	497	62	504	63.7279
15	maps/mazes/maze_092.map	512	512	40	69	14	45	63.0711
15	maps/mazes/maze_092.map	512	512	268	248	283	248	63.2426
14	maps/mazes/maze_092.map	512	512	13	399	1	418	59.7279
14	maps/mazes/maze_092.map	512	512	306	17	296	5	59.0711
14	maps/mazes/maze_092.map	512	512	232	72	253	107	59.8995
14	maps/mazes/maze_092.map	512	512	61	257	45	265	59.6569
14	maps/mazes/maze_092.map	512	512	209	371	189	372	59.4853
14	maps/mazes/maze_092.map	512	512	452	150	458	149	59.1421
14	maps/mazes/maze_092.map	512	512	33	122	41	88	59.0711
14	maps/mazes/maze_092.map	512	512	452	12	431	9	59.0711
14	maps/mazes/maze_092.map	512	512	28	401	6	404	58.8995
13	maps/mazes/maze_092.map	512	512	48	28	49	37	55.6569
13	maps/mazes/maze_092.map	512	512	324	452	322	428	55.6569
13	maps/mazes/maze_092.map	512	512	502	341	500	321	55.6569
13	maps/mazes/maze_092.map	512	512	8	414	36	423	55.7279
13	maps/mazes/maze_092.map	512	512	384	124	405	116	54.6569
13	maps/mazes/maze_092.map	512	512	321	21	294	13	55.2426
13	maps/mazes/maze_092.map	512	512	328	492	320	474	55.6569
13	maps/mazes/maze_092.map	512	512	461	142	443	113	54.6569
13	maps/mazes/maze_092.map	512	512	308	421	302	408	55.8284
13	maps/mazes/maze_092.map	512	512	355	284	328	283	55.0711
12	maps/mazes/maze_092.map	512	512	377	447	362	416	51.0711
12	maps/mazes/maze_092.map	512	512	224	149	225	162	51.6569
12	maps/mazes/maze_092.map	512	512	481	444	462	461	51.0711
12	maps/mazes/maze_092.map	512	512	245	337	275	320	51.2426
12	maps/mazes/maze_092.map	512	512	359	280	332	283	51.0711
12	maps/mazes/maze_092.map	512	512	489	483	476	488	51.3137
12	maps/mazes/maze_092.map	512	512	68	141	80	126	51.7279
12	maps/mazes/maze_092.map	512	512	467	320	468	295	51.6569
12	maps/mazes/maze_092.map	512	512	93	411	66	404	51.6569
12	maps/mazes/maze_092.map	512	512	453	301	432	288	51.3137
11	maps/mazes/maze_092.map	512	512	339	197	321	191	47.6569
11	maps/mazes/maze_092.map	512	512	103	400	105	394	47.8995
11	maps/mazes/maze_092.map	512	512	430	236	421	232	47.2426
11	maps/mazes/maze_092.map	512	512	194	180	177	181	47.0711
11	maps/mazes/maze_092.map	512	512	436	248	457	233	47.6569
11	maps/mazes/maze_092.map	512	512	406	316	408	300	47.6569
11	maps/mazes/maze_092.map	512	512	268	99	265	73	47.4853
11	maps/mazes/maze_092.map	512	512	159	273	153	231	47.4142
11	maps/mazes/maze_092.map	512	512	134	229	142	248	46.6569
11	maps/mazes/maze_092.map	512	512	48	493	85	502	47.8995
10	maps/mazes/maze_092.map	512	512	64	329	84	309	43.0711
10	maps/mazes/maze_092.map	512	512	130	309	117	287	42.6569
10	maps/mazes/maze_092.map	512	512	117	380	125	373	43.4853
10	maps/mazes/maze_092.map	512	512	65	445	41	446	43.7279
10	maps/mazes/maze_092.map	512	512	408	344	392	337	42.8995
10	maps/mazes/maze_092.map	512	512	233	305	250	305	43.2426
10	maps/mazes/maze_092.map	512	512	448	51	459	64	43.6569
10	maps/mazes/maze_092.map	512	512	224	212	229	202	43.2426
10	maps/mazes/maze_092.map	512	512	53	227	26	217	43.8284
10	maps/mazes/maze_092.map	512	512	157	437	157	419	43.6569
9	maps/mazes/maze_092.map	512	512	85	348	100	361	39.6569
9	maps/mazes/maze_092.map	512	512	241	151	241	173	39.3137
9	maps/mazes/maze_092.map	512	512	48	200	48	188	39.0711
9	maps/mazes/maze_092.map	512	512	412	481	404	484	39.2426
9	maps/mazes/maze_092.map	512	512	192	15	203	32	39.0711
9	maps/mazes/maze_092.map	512	512	426	429	425	452	39.0711
9	maps/mazes/maze_092.map	512	512	117	419	112	397	38.6569
9	maps/mazes/maze_092.map	512	512	324	305	309	322	39.4142
9	maps/mazes/maze_092.map	512	512	500	348	495	340	39.8284
8	maps/mazes/maze_092.map	512	512	30	57	48	45	35.0711
8	maps/mazes/maze_092.map	512	512	373	477	392	465	35.2426
8	maps/mazes/maze_092.map	512	512	361	215	348	217	35.8284
8	maps/mazes/maze_092.map	512	512	236	47	257	44	35.8995
8	maps/mazes/maze_092.map	512	512	341	308	352	320	34.6569
8	maps/mazes/maze_092.map	512	512	345	310	333	320	35.6569
8	maps/mazes/maze_092.map	512	512	98	241	102	248	35.4853
8	maps/mazes/maze_092.map	512	512	437	479	456	492	35.6569
8	maps/mazes/maze_092.map	512	512	335	84	329	94	35.6569
7	maps/mazes/maze_092.map	512	512	280	308	259	316	31.2426
7	maps/mazes/maze_092.map	512	512	233	87	227	96	31.8284
7	maps/mazes/maze_092.map	512	512	72	9	46	1	31.6569
7	maps/mazes/maze_092.map	512	512	481	158	472	157	31.6569
7	maps/mazes/maze_092.map	512	512	306	236	290	225	31.2426
7	maps/mazes/maze_092.map	512	512	48	206	49	199	31.6569
7	maps/mazes/maze_092.map	512	512	169	195	177	186	31.2426
7	maps/mazes/maze_092.map	512	512	301	257	305	263	31.6569
7	maps/mazes/maze_092.map	512	512	111	117	120	122	31.4142
6	maps/mazes/maze_092.map	512	512	272	181	266	161	27.4142
6	maps/mazes/maze_092.map	512	512	158	392	169	397	27.0711
6	maps/mazes/maze_092.map	512	512	259	441	246	445	27.8284
6	maps/mazes/maze_092.map	512	512	297	215	300	222	27.6569
6	maps/mazes/maze_092.map	512	512	297	340	316	330	27.2426
6	maps/mazes/maze_092.map	512	512	93	54	88	65	27.6569
6	maps/mazes/maze_092.map	512	512	449	352	458	364	27.2426
6	maps/mazes/maze_092.map	512	512	485	481	492	489	27.8284
6	maps/mazes/maze_092.map	512	512	145	177	155	161	27.4142
6	maps/mazes/maze_092.map	512	512	382	448	381	464	27.8284
5	maps/mazes/maze_092.map	512	512	173	411	180	425	23.8284
5	maps/mazes/maze_092.map	512	512	277	292	269	284	23.4142
5	maps/mazes/maze_092.map	512	512	56	249	44	260	23
5	maps/mazes/maze_092.map	512	512	265	372	242	373	23.4142
5	maps/mazes/maze_092.map	512	512	97	140	92	155	23.0711
5	maps/mazes/maze_092.map	512	512	6	472	1	486	23.2426
5	maps/mazes/maze_092.map	512	512	65	145	84	146	23.4142
5	maps/mazes/maze_092.map	512	512	184	302	193	314	23.8284
5	maps/mazes/maze_092.map	512	512	52	33	49	39	23.8284
5	maps/mazes/maze_092.map	512	512	40	249	54	244	23.2426
4	maps/mazes/maze_092.map	512	512	137	192	125	201	19.2426
4	maps/mazes/maze_092.map	512	512	72	289	85	286	19.6569
4	maps/mazes/maze_092.map	512	512	228	157	235	149	19.2426
4	maps/mazes/maze_092.map	512	512	117	476	127	472	19.4142
4	maps/mazes/maze_092.map	512	512	468	241	470	256	19.8284
4	maps/mazes/maze_092.map	512	512	473	161	466	173	19.2426
4	maps/mazes/maze_092.map	512	512	332	76	325	82	19.8284
4	maps/mazes/maze_092.map	512	512	428	249	436	237	19.4142
4	maps/mazes/maze_092.map	512	512	78	433	77	425	19.8284
4	maps/mazes/maze_092.map	512	512	65	324	72	320	19
3	maps/mazes/maze_092.map	512	512	292	91	299	88	14.8284
3	maps/mazes/maze_092.map	512	512	243	385	230	388	15.4142
3	maps/mazes/maze_092.map	512	512	176	125	173	127	15
3	maps/mazes/maze_092.map	512	512	483	313	488	324	15.4142
3	maps/mazes/maze_092.map	512	512	240	185	248	178	15.8284
3	maps/mazes/maze_092.map	512	512	333	23	333	8	15
3	maps/mazes/maze_092.map	512	512	462	357	468	366	15
3	maps/mazes/maze_092.map	512	512	129	413	122	412	15.4142
3	maps/mazes/maze_092.map	512	512	108	63	110	52	15.2426
3	maps/mazes/maze_092.map	512	512	409	341	406	349	15.2426
2	maps/mazes/maze_092.map	512	512	405	280	405	269	11
2	maps/mazes/maze_092.map	512	512	362	449	354	445	10.8284
2	maps/mazes/maze_092.map	512	512	1	450	5	441	11.8284
2	maps/mazes/maze_092.map	512	512	308	173	303	180	11.4142
2	maps/mazes/maze_092.map	512	512	335	301	324	301	11
2	maps/mazes/maze_092.map	512	512	168	436	173	429	11.4142
2	maps/mazes/maze_092.map	512	512	104	272	108	281	11.8284
2	maps/mazes/maze_092.map	512	512	486	120	482	117	11
2	maps/mazes/maze_092.map	512	512	108	489	105	480	11.4142
2	maps/mazes/maze_092.map	512	512	336	47	327	45	11
1	maps/mazes/maze_092.map	512	512	351	489	345	490	7
1	maps/mazes/maze_092.map	512	512	30	32	29	26	7
1	maps/mazes/maze_092.map	512	512	294	385	299	381	7.82843
1	maps/mazes/maze_092.map	512	512	61	344	68	345	7.41421
1	maps/mazes/maze_092.map	512	512	77	313	81	315	7.41421
1	maps/mazes/maze_092.map	512	512	161	245	161	238	7
1	maps/mazes/maze_092.map	512	512	225	169	225	162	7
1	maps/mazes/maze_092.map	512	512	416	441	409	441	7
1	maps/mazes/maze_092.map	512	512	1	375	2	368	7.41421
1	maps/mazes/maze_092.map	512	512	28	483	26	488	7
0	maps/mazes/maze_092.map	512	512	493	92	493	95	3
0	maps/mazes/maze_092.map	512	512	219	49	220	51	3
0	maps/mazes/maze_092.map	512	512	149	208	146	209	3.41421
0	maps/mazes/maze_092.map	512	512	148	253	148	256	3
0	maps/mazes/maze_092.map	512	512	445	96	444	93	3.41421
0	maps/mazes/maze_092.map	512	512	233	351	235	352	3
0	maps/mazes/maze_092.map	512	512	320	373	323	373	3
0	maps/mazes/maze_092.map	512	512	490	413	493	413	3
0	maps/mazes/maze_092.map	512	512	345	318	342	316	3.82843
0	maps/mazes/maze_092.map	512	512	146	188	148	190	3.41421
