version 1
127	maps/mazes/maze_039.map	512	512	91	96	181	13	511.024
127	maps/mazes/maze_039.map	512	512	41	193	156	143	510.782
127	maps/mazes/maze_039.map	512	512	208	454	220	492	511.054
127	maps/mazes/maze_039.map	512	512	120	345	149	314	511.439
127	maps/mazes/maze_039.map	512	512	189	278	86	264	511.468
127	maps/mazes/maze_039.map	512	512	258	156	360	106	511.054
127	maps/mazes/maze_039.map	512	512	396	385	355	424	511.397
127	maps/mazes/maze_039.map	512	512	242	141	289	116	511.882
127	maps/mazes/maze_039.map	512	512	147	109	79	237	511.439
127	maps/mazes/maze_039.map	512	512	200	480	125	444	511.853
126	maps/mazes/maze_039.map	512	512	90	428	102	472	507.095
126	maps/mazes/maze_039.map	512	512	31	372	79	237	507.811
126	maps/mazes/maze_039.map	512	512	268	47	114	124	507.468
126	maps/mazes/maze_039.map	512	512	300	276	352	106	507.054
126	maps/mazes/maze_039.map	512	512	417	213	418	113	507.225
126	maps/mazes/maze_039.map	512	512	416	44	478	157	506.983
126	maps/mazes/maze_039.map	512	512	469	232	400	167	507.882
126	maps/mazes/maze_039.map	512	512	290	348	220	407	507.368
126	maps/mazes/maze_039.map	512	512	496	405	463	229	507.711
126	maps/mazes/maze_039.map	512	512	308	293	289	380	507.782
125	maps/mazes/maze_039.map	512	512	269	425	321	506	503.125
125	maps/mazes/maze_039.map	512	512	301	244	285	73	503.225
125	maps/mazes/maze_039.map	512	512	149	64	89	203	503.853
125	maps/mazes/maze_039.map	512	512	8	147	142	1	503.296
123	maps/mazes/maze_039.map	512	512	412	3	475	173	494.882
125	maps/mazes/maze_039.map	512	512	367	12	304	72	503.853
125	maps/mazes/maze_039.map	512	512	406	356	354	393	503.569
125	maps/mazes/maze_039.map	512	512	482	25	400	19	503.154
125	maps/mazes/maze_039.map	512	512	275	373	208	337	503.125
125	maps/mazes/maze_039.map	512	512	330	249	297	119	503.468
125	maps/mazes/maze_039.map	512	512	469	463	361	399	503.64
124	maps/mazes/maze_039.map	512	512	38	389	64	229	499.983
124	maps/mazes/maze_039.map	512	512	89	24	216	103	499.882
124	maps/mazes/maze_039.map	512	512	341	362	313	475	499.468
124	maps/mazes/maze_039.map	512	512	392	409	327	464	499.74
124	maps/mazes/maze_039.map	512	512	489	93	430	53	499.468
124	maps/mazes/maze_039.map	512	512	340	85	188	91	499.296
124	maps/mazes/maze_039.map	512	512	48	115	179	5	498.782
124	maps/mazes/maze_039.map	512	512	161	216	268	69	499.882
124	maps/mazes/maze_039.map	512	512	428	325	328	299	499.882
124	maps/mazes/maze_039.map	512	512	232	380	176	340	499.882
123	maps/mazes/maze_039.map	512	512	130	141	88	265	495.782
43	maps/mazes/maze_039.map	512	512	298	213	252	225	172.042
123	maps/mazes/maze_039.map	512	512	99	120	217	93	495.811
123	maps/mazes/maze_039.map	512	512	245	473	176	408	495.74
123	maps/mazes/maze_039.map	512	512	221	154	293	81	495.711
123	maps/mazes/maze_039.map	512	512	60	156	89	219	495.539
123	maps/mazes/maze_039.map	512	512	348	100	352	28	494.953
68	maps/mazes/maze_039.map	512	512	273	260	312	180	275.77
123	maps/mazes/maze_039.map	512	512	422	100	311	12	495.711
123	maps/mazes/maze_039.map	512	512	216	99	64	24	495.125
123	maps/mazes/maze_039.map	512	512	196	485	125	446	495.439
122	maps/mazes/maze_039.map	512	512	1	25	221	37	491.782
122	maps/mazes/maze_039.map	512	512	422	337	370	412	491.811
122	maps/mazes/maze_039.map	512	512	258	353	245	413	491.61
122	maps/mazes/maze_039.map	512	512	416	463	382	376	491.225
122	maps/mazes/maze_039.map	512	512	428	493	369	383	491.811
122	maps/mazes/maze_039.map	512	512	285	449	303	489	491.054
122	maps/mazes/maze_039.map	512	512	113	264	78	252	491.569
122	maps/mazes/maze_039.map	512	512	492	274	373	262	491.953
122	maps/mazes/maze_039.map	512	512	132	430	177	344	491.125
122	maps/mazes/maze_039.map	512	512	265	141	287	69	491.64
121	maps/mazes/maze_039.map	512	512	347	464	374	381	487.497
121	maps/mazes/maze_039.map	512	512	423	256	420	102	487.811
121	maps/mazes/maze_039.map	512	512	430	196	421	53	487.397
121	maps/mazes/maze_039.map	512	512	456	373	432	396	487.953
121	maps/mazes/maze_039.map	512	512	89	44	236	59	487.882
121	maps/mazes/maze_039.map	512	512	270	484	204	441	486.983
121	maps/mazes/maze_039.map	512	512	69	440	93	469	487.61
121	maps/mazes/maze_039.map	512	512	449	312	371	381	487.711
121	maps/mazes/maze_039.map	512	512	328	465	195	405	487.569
121	maps/mazes/maze_039.map	512	512	472	505	372	368	487.468
120	maps/mazes/maze_039.map	512	512	184	360	36	452	483.397
120	maps/mazes/maze_039.map	512	512	45	136	63	17	483.125
120	maps/mazes/maze_039.map	512	512	7	505	104	389	483.953
120	maps/mazes/maze_039.map	512	512	349	340	272	357	483.397
120	maps/mazes/maze_039.map	512	512	0	332	60	249	483.811
67	maps/mazes/maze_039.map	512	512	475	500	401	483	268.255
120	maps/mazes/maze_039.map	512	512	99	216	200	97	483.296
120	maps/mazes/maze_039.map	512	512	80	500	17	424	483.225
120	maps/mazes/maze_039.map	512	512	400	93	292	1	483.196
120	maps/mazes/maze_039.map	512	512	24	200	88	43	483.024
120	maps/mazes/maze_039.map	512	512	12	201	53	25	483.711
119	maps/mazes/maze_039.map	512	512	256	209	352	116	478.64
119	maps/mazes/maze_039.map	512	512	123	485	71	436	479.368
119	maps/mazes/maze_039.map	512	512	57	413	21	429	479.539
119	maps/mazes/maze_039.map	512	512	252	277	323	213	479.711
119	maps/mazes/maze_039.map	512	512	301	378	176	345	479.054
119	maps/mazes/maze_039.map	512	512	44	343	148	313	479.782
119	maps/mazes/maze_039.map	512	512	341	240	328	216	479.953
119	maps/mazes/maze_039.map	512	512	251	416	188	303	479.054
119	maps/mazes/maze_039.map	512	512	5	250	137	113	479.368
119	maps/mazes/maze_039.map	512	512	468	41	449	149	479.912
118	maps/mazes/maze_039.map	512	512	505	9	342	49	475.225
118	maps/mazes/maze_039.map	512	512	273	488	172	419	475.154
118	maps/mazes/maze_039.map	512	512	275	161	219	17	475.054
118	maps/mazes/maze_039.map	512	512	357	363	333	476	475.811
118	maps/mazes/maze_039.map	512	512	429	211	441	76	475.225
118	maps/mazes/maze_039.map	512	512	286	24	173	92	475.61
118	maps/mazes/maze_039.map	512	512	200	184	168	129	475.569
118	maps/mazes/maze_039.map	512	512	412	434	397	497	475.983
118	maps/mazes/maze_039.map	512	512	241	440	297	508	475.882
118	maps/mazes/maze_039.map	512	512	204	496	89	454	475.953
37	maps/mazes/maze_039.map	512	512	99	329	164	308	151.456
117	maps/mazes/maze_039.map	512	512	361	312	293	238	471.296
117	maps/mazes/maze_039.map	512	512	390	153	344	47	471.64
117	maps/mazes/maze_039.map	512	512	291	129	311	193	471.054
117	maps/mazes/maze_039.map	512	512	492	455	444	459	471.782
117	maps/mazes/maze_039.map	512	512	304	135	176	109	471.64
117	maps/mazes/maze_039.map	512	512	135	433	193	353	471.296
117	maps/mazes/maze_039.map	512	512	185	467	126	441	471.61
117	maps/mazes/maze_039.map	512	512	23	185	79	37	471.782
117	maps/mazes/maze_039.map	512	512	34	448	137	324	471.811
117	maps/mazes/maze_039.map	512	512	330	373	241	408	471.196
116	maps/mazes/maze_039.map	512	512	501	308	435	197	467.811
116	maps/mazes/maze_039.map	512	512	404	472	377	397	467.397
116	maps/mazes/maze_039.map	512	512	508	133	400	127	467.74
116	maps/mazes/maze_039.map	512	512	9	436	66	504	467.225
116	maps/mazes/maze_039.map	512	512	425	198	424	62	466.983
116	maps/mazes/maze_039.map	512	512	372	448	348	392	467.497
116	maps/mazes/maze_039.map	512	512	253	313	251	368	467.024
116	maps/mazes/maze_039.map	512	512	269	219	348	139	467.225
116	maps/mazes/maze_039.map	512	512	490	497	413	401	467.711
116	maps/mazes/maze_039.map	512	512	408	106	345	29	467.196
115	maps/mazes/maze_039.map	512	512	49	120	63	25	463.468
115	maps/mazes/maze_039.map	512	512	368	236	350	124	463.397
104	maps/mazes/maze_039.map	512	512	64	114	81	76	419.569
115	maps/mazes/maze_039.map	512	512	304	396	325	473	463.397
115	maps/mazes/maze_039.map	512	512	160	309	73	272	463.397
115	maps/mazes/maze_039.map	512	512	86	13	268	69	463.054
115	maps/mazes/maze_039.map	512	512	437	307	369	387	463.882
115	maps/mazes/maze_039.map	512	512	146	341	4	435	463.882
115	maps/mazes/maze_039.map	512	512	356	377	480	482	463.225
115	maps/mazes/maze_039.map	512	512	53	52	228	40	463.125
115	maps/mazes/maze_039.map	512	512	431	8	313	29	463.953
114	maps/mazes/maze_039.map	512	512	39	68	208	18	458.882
114	maps/mazes/maze_039.map	512	512	332	81	252	77	459.196
77	maps/mazes/maze_039.map	512	512	68	257	128	288	310.355
114	maps/mazes/maze_039.map	512	512	392	452	345	395	459.841
114	maps/mazes/maze_039.map	512	512	135	193	20	285	459.468
114	maps/mazes/maze_039.map	512	512	15	396	20	284	459.326
114	maps/mazes/maze_039.map	512	512	316	137	184	92	459.468
114	maps/mazes/maze_039.map	512	512	320	342	219	412	459.125
114	maps/mazes/maze_039.map	512	512	293	51	314	24	459.296
114	maps/mazes/maze_039.map	512	512	44	284	80	245	459.326
114	maps/mazes/maze_039.map	512	512	220	249	109	286	459.154
70	maps/mazes/maze_039.map	512	512	204	41	181	80	283.255
102	maps/mazes/maze_039.map	512	512	226	12	199	80	411.368
113	maps/mazes/maze_039.map	512	512	481	346	414	257	455.64
113	maps/mazes/maze_039.map	512	512	83	488	22	448	455.468
113	maps/mazes/maze_039.map	512	512	504	54	468	114	455.154
113	maps/mazes/maze_039.map	512	512	85	169	152	174	455.539
113	maps/mazes/maze_039.map	512	512	76	333	17	334	455.397
113	maps/mazes/maze_039.map	512	512	340	208	332	202	455.054
113	maps/mazes/maze_039.map	512	512	228	281	298	241	455.054
113	maps/mazes/maze_039.map	512	512	58	337	152	348	455.953
113	maps/mazes/maze_039.map	512	512	468	322	398	396	455.054
113	maps/mazes/maze_039.map	512	512	381	165	354	33	455.953
112	maps/mazes/maze_039.map	512	512	316	500	171	428	451.426
112	maps/mazes/maze_039.map	512	512	9	297	81	251	451.983
57	maps/mazes/maze_039.map	512	512	8	285	16	273	231.941
112	maps/mazes/maze_039.map	512	512	374	353	345	385	451.912
112	maps/mazes/maze_039.map	512	512	477	116	413	46	451.397
112	maps/mazes/maze_039.map	512	512	94	237	145	326	451.74
112	maps/mazes/maze_039.map	512	512	485	432	496	262	451.225
112	maps/mazes/maze_039.map	512	512	221	310	245	371	451.368
112	maps/mazes/maze_039.map	512	512	388	259	393	147	451.569
112	maps/mazes/maze_039.map	512	512	135	116	76	259	451.882
112	maps/mazes/maze_039.map	512	512	198	397	149	298	451.64
29	maps/mazes/maze_039.map	512	512	136	357	143	325	119.971
111	maps/mazes/maze_039.map	512	512	117	217	173	95	447.64
111	maps/mazes/maze_039.map	512	512	8	336	63	217	447.154
111	maps/mazes/maze_039.map	512	512	396	148	325	37	447.397
111	maps/mazes/maze_039.map	512	512	2	185	65	21	447.468
111	maps/mazes/maze_039.map	512	512	394	209	358	21	447.154
111	maps/mazes/maze_039.map	512	512	220	412	140	296	446.811
111	maps/mazes/maze_039.map	512	512	170	8	173	103	447.397
111	maps/mazes/maze_039.map	512	512	469	312	423	396	447.64
111	maps/mazes/maze_039.map	512	512	12	112	61	10	446.882
111	maps/mazes/maze_039.map	512	512	120	80	196	8	447.882
110	maps/mazes/maze_039.map	512	512	366	253	375	260	443.64
110	maps/mazes/maze_039.map	512	512	21	12	230	29	443.882
110	maps/mazes/maze_039.map	512	512	242	361	213	399	442.882
110	maps/mazes/maze_039.map	512	512	8	85	83	1	443.125
110	maps/mazes/maze_039.map	512	512	441	454	345	395	443.912
110	maps/mazes/maze_039.map	512	512	180	417	333	495	443.912
110	maps/mazes/maze_039.map	512	512	164	116	173	106	443.225
110	maps/mazes/maze_039.map	512	512	68	192	145	126	443.953
110	maps/mazes/maze_039.map	512	512	199	233	198	97	442.74
110	maps/mazes/maze_039.map	512	512	398	404	368	452	443.255
109	maps/mazes/maze_039.map	512	512	293	349	229	424	439.711
109	maps/mazes/maze_039.map	512	512	361	429	297	508	439.811
109	maps/mazes/maze_039.map	512	512	352	49	338	53	439.539
109	maps/mazes/maze_039.map	512	512	284	485	223	492	439.983
109	maps/mazes/maze_039.map	512	512	176	272	124	251	439.569
109	maps/mazes/maze_039.map	512	512	40	197	135	116	439.64
109	maps/mazes/maze_039.map	512	512	449	447	355	392	439.326
109	maps/mazes/maze_039.map	512	512	169	18	289	65	439.225
109	maps/mazes/maze_039.map	512	512	185	339	93	273	439.397
109	maps/mazes/maze_039.map	512	512	43	36	232	28	438.882
108	maps/mazes/maze_039.map	512	512	85	37	209	43	435.054
108	maps/mazes/maze_039.map	512	512	101	445	171	456	435.368
108	maps/mazes/maze_039.map	512	512	493	184	470	77	435.255
108	maps/mazes/maze_039.map	512	512	484	420	494	260	435.983
108	maps/mazes/maze_039.map	512	512	433	504	427	456	435.255
108	maps/mazes/maze_039.map	512	512	165	353	100	321	435.569
108	maps/mazes/maze_039.map	512	512	137	109	86	225	435.953
108	maps/mazes/maze_039.map	512	512	79	192	143	113	435.711
108	maps/mazes/maze_039.map	512	512	129	505	65	440	435.125
108	maps/mazes/maze_039.map	512	512	273	324	224	364	435.125
34	maps/mazes/maze_039.map	512	512	480	221	480	265	139.213
107	maps/mazes/maze_039.map	512	512	177	282	94	237	431.74
107	maps/mazes/maze_039.map	512	512	64	221	157	142	431.539
107	maps/mazes/maze_039.map	512	512	340	457	209	469	431.326
107	maps/mazes/maze_039.map	512	512	207	408	140	294	431.811
107	maps/mazes/maze_039.map	512	512	100	333	10	349	431.154
107	maps/mazes/maze_039.map	512	512	204	437	333	506	431.64
107	maps/mazes/maze_039.map	512	512	212	89	140	159	431.497
107	maps/mazes/maze_039.map	512	512	100	394	114	328	431.983
107	maps/mazes/maze_039.map	512	512	308	20	228	40	431.64
107	maps/mazes/maze_039.map	512	512	344	315	257	360	431.74
106	maps/mazes/maze_039.map	512	512	45	221	77	247	427.539
106	maps/mazes/maze_039.map	512	512	288	136	225	91	427.397
106	maps/mazes/maze_039.map	512	512	441	75	350	9	427.811
106	maps/mazes/maze_039.map	512	512	147	69	180	112	427.882
3	maps/mazes/maze_039.map	512	512	433	397	444	400	14
106	maps/mazes/maze_039.map	512	512	274	412	209	310	427.569
106	maps/mazes/maze_039.map	512	512	421	452	351	396	427.497
106	maps/mazes/maze_039.map	512	512	96	473	36	475	427.64
106	maps/mazes/maze_039.map	512	512	452	172	416	42	427.397
106	maps/mazes/maze_039.map	512	512	305	383	348	497	427.811
106	maps/mazes/maze_039.map	512	512	345	305	335	257	427.054
105	maps/mazes/maze_039.map	512	512	130	264	215	380	423.225
105	maps/mazes/maze_039.map	512	512	21	422	113	498	423.74
105	maps/mazes/maze_039.map	512	512	133	397	174	340	423.154
105	maps/mazes/maze_039.map	512	512	461	24	352	10	423.225
105	maps/mazes/maze_039.map	512	512	111	308	53	232	423.154
105	maps/mazes/maze_039.map	512	512	334	116	188	91	423.326
105	maps/mazes/maze_039.map	512	512	304	149	199	97	423.569
105	maps/mazes/maze_039.map	512	512	33	65	105	3	423.64
105	maps/mazes/maze_039.map	512	512	296	82	320	182	423.397
105	maps/mazes/maze_039.map	512	512	408	1	292	8	422.64
104	maps/mazes/maze_039.map	512	512	348	123	213	116	419.983
104	maps/mazes/maze_039.map	512	512	40	108	81	61	419.983
104	maps/mazes/maze_039.map	512	512	393	344	367	368	419.255
104	maps/mazes/maze_039.map	512	512	124	457	94	508	419.711
104	maps/mazes/maze_039.map	512	512	269	277	345	181	419.74
104	maps/mazes/maze_039.map	512	512	131	16	224	37	419.983
104	maps/mazes/maze_039.map	512	512	354	137	357	24	419.054
104	maps/mazes/maze_039.map	512	512	69	179	86	249	419.569
104	maps/mazes/maze_039.map	512	512	285	372	192	345	419.983
103	maps/mazes/maze_039.map	512	512	212	227	241	90	415.497
103	maps/mazes/maze_039.map	512	512	15	453	140	367	415.569
103	maps/mazes/maze_039.map	512	512	361	103	203	109	415.983
103	maps/mazes/maze_039.map	512	512	217	26	176	126	415.083
103	maps/mazes/maze_039.map	512	512	94	313	58	248	415.912
103	maps/mazes/maze_039.map	512	512	325	122	305	15	415.468
103	maps/mazes/maze_039.map	512	512	55	96	193	11	414.882
103	maps/mazes/maze_039.map	512	512	142	261	92	242	415.912
103	maps/mazes/maze_039.map	512	512	320	333	316	344	415.569
103	maps/mazes/maze_039.map	512	512	413	486	400	396	415.669
102	maps/mazes/maze_039.map	512	512	505	312	413	245	411.569
102	maps/mazes/maze_039.map	512	512	251	21	232	83	411.125
102	maps/mazes/maze_039.map	512	512	111	285	169	344	411.225
102	maps/mazes/maze_039.map	512	512	360	257	397	280	411.154
102	maps/mazes/maze_039.map	512	512	398	185	359	33	411.326
102	maps/mazes/maze_039.map	512	512	0	160	68	33	411.225
102	maps/mazes/maze_039.map	512	512	160	289	114	381	411.497
102	maps/mazes/maze_039.map	512	512	272	248	352	125	411.912
102	maps/mazes/maze_039.map	512	512	453	193	475	89	411.74
101	maps/mazes/maze_039.map	512	512	298	52	153	132	407.326
101	maps/mazes/maze_039.map	512	512	76	388	37	491	407.64
101	maps/mazes/maze_039.map	512	512	396	313	345	257	406.983
63	maps/mazes/maze_039.map	512	512	320	424	292	484	254.527
101	maps/mazes/maze_039.map	512	512	245	177	369	83	407.154
101	maps/mazes/maze_039.map	512	512	436	160	495	260	407.912
101	maps/mazes/maze_039.map	512	512	469	16	434	49	407.598
101	maps/mazes/maze_039.map	512	512	273	408	201	333	407.326
101	maps/mazes/maze_039.map	512	512	156	293	88	264	407.326
101	maps/mazes/maze_039.map	512	512	126	201	155	125	407.225
101	maps/mazes/maze_039.map	512	512	42	137	85	37	407.225
100	maps/mazes/maze_039.map	512	512	504	160	427	61	403.841
100	maps/mazes/maze_039.map	512	512	275	292	339	189	403.912
100	maps/mazes/maze_039.map	512	512	238	400	213	385	403.154
100	maps/mazes/maze_039.map	512	512	428	333	332	329	403.983
100	maps/mazes/maze_039.map	512	512	200	306	124	234	403.255
100	maps/mazes/maze_039.map	512	512	88	81	188	2	403.811
100	maps/mazes/maze_039.map	512	512	483	52	344	32	403.225
100	maps/mazes/maze_039.map	512	512	401	156	344	48	403.326
100	maps/mazes/maze_039.map	512	512	380	461	384	396	403.083
100	maps/mazes/maze_039.map	512	512	332	214	288	65	403.083
99	maps/mazes/maze_039.map	512	512	351	489	169	412	399.426
99	maps/mazes/maze_039.map	512	512	17	76	68	19	399.296
99	maps/mazes/maze_039.map	512	512	55	273	21	285	399.983
99	maps/mazes/maze_039.map	512	512	236	59	133	119	399.326
91	maps/mazes/maze_039.map	512	512	63	412	10	476	366.64
99	maps/mazes/maze_039.map	512	512	100	353	141	344	399.296
99	maps/mazes/maze_039.map	512	512	230	496	73	435	399.397
99	maps/mazes/maze_039.map	512	512	366	1	300	7	399.64
99	maps/mazes/maze_039.map	512	512	53	165	64	231	399.468
99	maps/mazes/maze_039.map	512	512	301	469	204	452	399.255
99	maps/mazes/maze_039.map	512	512	382	213	401	26	399.841
98	maps/mazes/maze_039.map	512	512	96	145	153	128	395.64
98	maps/mazes/maze_039.map	512	512	233	437	312	490	395.983
98	maps/mazes/maze_039.map	512	512	465	235	396	308	395.054
98	maps/mazes/maze_039.map	512	512	445	127	397	29	395.497
98	maps/mazes/maze_039.map	512	512	218	501	189	407	395.326
98	maps/mazes/maze_039.map	512	512	440	172	413	79	395.497
98	maps/mazes/maze_039.map	512	512	145	495	136	437	395.811
51	maps/mazes/maze_039.map	512	512	129	437	64	447	206.941
98	maps/mazes/maze_039.map	512	512	50	412	1	426	395.225
98	maps/mazes/maze_039.map	512	512	245	241	311	181	395.983
98	maps/mazes/maze_039.map	512	512	412	400	363	444	395.426
97	maps/mazes/maze_039.map	512	512	198	389	184	308	391.569
97	maps/mazes/maze_039.map	512	512	61	101	84	60	391.154
97	maps/mazes/maze_039.map	512	512	404	229	389	144	391.154
97	maps/mazes/maze_039.map	512	512	231	5	237	60	391.125
97	maps/mazes/maze_039.map	512	512	100	101	85	239	390.64
97	maps/mazes/maze_039.map	512	512	473	201	454	105	390.74
97	maps/mazes/maze_039.map	512	512	238	456	300	508	391.74
97	maps/mazes/maze_039.map	512	512	293	417	197	342	391.083
97	maps/mazes/maze_039.map	512	512	13	379	56	295	391.426
97	maps/mazes/maze_039.map	512	512	235	180	346	177	391.983
96	maps/mazes/maze_039.map	512	512	129	476	84	508	387.225
96	maps/mazes/maze_039.map	512	512	492	488	396	393	387.811
96	maps/mazes/maze_039.map	512	512	399	208	394	29	387.841
96	maps/mazes/maze_039.map	512	512	127	229	188	293	386.841
96	maps/mazes/maze_039.map	512	512	324	132	271	77	387.154
96	maps/mazes/maze_039.map	512	512	356	167	410	17	387.497
83	maps/mazes/maze_039.map	512	512	161	12	145	11	332.355
96	maps/mazes/maze_039.map	512	512	138	56	137	132	387.468
96	maps/mazes/maze_039.map	512	512	273	330	243	360	387.64
96	maps/mazes/maze_039.map	512	512	170	177	232	22	387.326
96	maps/mazes/maze_039.map	512	512	86	216	102	253	387.912
95	maps/mazes/maze_039.map	512	512	407	461	434	380	383.497
95	maps/mazes/maze_039.map	512	512	419	308	333	247	383.569
95	maps/mazes/maze_039.map	512	512	25	234	2	369	383.841
95	maps/mazes/maze_039.map	512	512	233	266	317	201	383.569
95	maps/mazes/maze_039.map	512	512	148	218	239	109	383.74
95	maps/mazes/maze_039.map	512	512	37	69	193	4	382.983
95	maps/mazes/maze_039.map	512	512	65	123	36	88	383.74
95	maps/mazes/maze_039.map	512	512	216	75	351	117	383.569
95	maps/mazes/maze_039.map	512	512	269	219	341	192	383.912
95	maps/mazes/maze_039.map	512	512	173	473	97	455	383.054
94	maps/mazes/maze_039.map	512	512	464	220	453	74	379.669
94	maps/mazes/maze_039.map	512	512	428	145	432	53	379.255
94	maps/mazes/maze_039.map	512	512	101	218	173	136	379.983
94	maps/mazes/maze_039.map	512	512	171	341	156	338	379.74
94	maps/mazes/maze_039.map	512	512	258	400	172	345	379.083
94	maps/mazes/maze_039.map	512	512	56	267	151	169	379.225
94	maps/mazes/maze_039.map	512	512	185	208	265	81	379.669
94	maps/mazes/maze_039.map	512	512	197	209	269	62	379.912
94	maps/mazes/maze_039.map	512	512	32	242	93	286	379.083
94	maps/mazes/maze_039.map	512	512	286	348	266	420	379.64
93	maps/mazes/maze_039.map	512	512	336	197	305	231	375.569
93	maps/mazes/maze_039.map	512	512	184	148	309	82	375.669
93	maps/mazes/maze_039.map	512	512	403	185	368	33	375.083
93	maps/mazes/maze_039.map	512	512	390	164	375	36	375.912
93	maps/mazes/maze_039.map	512	512	348	433	271	412	375.64
93	maps/mazes/maze_039.map	512	512	397	283	332	209	375.326
93	maps/mazes/maze_039.map	512	512	248	102	145	121	375.012
93	maps/mazes/maze_039.map	512	512	181	422	68	433	374.811
93	maps/mazes/maze_039.map	512	512	274	397	184	340	375.669
93	maps/mazes/maze_039.map	512	512	404	208	407	17	375.841
92	maps/mazes/maze_039.map	512	512	284	300	322	344	371.74
92	maps/mazes/maze_039.map	512	512	457	127	401	17	371.497
92	maps/mazes/maze_039.map	512	512	41	30	186	21	371.983
92	maps/mazes/maze_039.map	512	512	320	441	365	404	371.012
49	maps/mazes/maze_039.map	512	512	341	304	385	273	198.799
92	maps/mazes/maze_039.map	512	512	119	225	89	203	371.74
92	maps/mazes/maze_039.map	512	512	341	186	273	61	371.083
92	maps/mazes/maze_039.map	512	512	241	314	233	380	371.054
92	maps/mazes/maze_039.map	512	512	85	88	173	5	371.569
92	maps/mazes/maze_039.map	512	512	320	269	344	184	371.669
92	maps/mazes/maze_039.map	512	512	432	96	378	36	371.497
91	maps/mazes/maze_039.map	512	512	57	156	164	125	366.912
91	maps/mazes/maze_039.map	512	512	311	473	204	444	367.012
91	maps/mazes/maze_039.map	512	512	276	12	272	80	367.296
91	maps/mazes/maze_039.map	512	512	188	321	113	385	367.326
91	maps/mazes/maze_039.map	512	512	455	136	416	20	367.326
91	maps/mazes/maze_039.map	512	512	61	188	92	196	366.74
91	maps/mazes/maze_039.map	512	512	78	109	61	94	367.497
91	maps/mazes/maze_039.map	512	512	320	92	306	112	367.64
91	maps/mazes/maze_039.map	512	512	448	493	436	463	367.598
90	maps/mazes/maze_039.map	512	512	414	320	331	325	363.74
90	maps/mazes/maze_039.map	512	512	112	390	113	305	363.255
90	maps/mazes/maze_039.map	512	512	324	72	226	85	363.811
90	maps/mazes/maze_039.map	512	512	178	372	156	330	363.255
26	maps/mazes/maze_039.map	512	512	105	164	72	161	107.799
90	maps/mazes/maze_039.map	512	512	489	172	459	77	363.184
90	maps/mazes/maze_039.map	512	512	421	173	399	29	363.841
90	maps/mazes/maze_039.map	512	512	428	463	345	379	363.426
90	maps/mazes/maze_039.map	512	512	387	397	350	452	363.598
90	maps/mazes/maze_039.map	512	512	196	499	197	430	363.74
90	maps/mazes/maze_039.map	512	512	3	188	77	47	363.326
89	maps/mazes/maze_039.map	512	512	374	320	347	252	359.326
89	maps/mazes/maze_039.map	512	512	449	391	353	413	359.012
89	maps/mazes/maze_039.map	512	512	358	84	245	82	359.912
89	maps/mazes/maze_039.map	512	512	222	472	345	488	359.912
89	maps/mazes/maze_039.map	512	512	197	372	149	316	359.255
9	maps/mazes/maze_039.map	512	512	341	277	344	281	38.4142
46	maps/mazes/maze_039.map	512	512	79	280	77	252	185.799
89	maps/mazes/maze_039.map	512	512	0	447	118	500	359.083
89	maps/mazes/maze_039.map	512	512	244	1	260	51	359.296
89	maps/mazes/maze_039.map	512	512	354	272	400	275	359.912
89	maps/mazes/maze_039.map	512	512	497	361	468	235	359.669
89	maps/mazes/maze_039.map	512	512	448	505	423	448	359.355
88	maps/mazes/maze_039.map	512	512	400	73	352	20	355.811
88	maps/mazes/maze_039.map	512	512	340	280	373	263	355.74
88	maps/mazes/maze_039.map	512	512	137	91	145	128	355.468
88	maps/mazes/maze_039.map	512	512	298	188	264	75	354.841
88	maps/mazes/maze_039.map	512	512	413	333	329	333	355.497
88	maps/mazes/maze_039.map	512	512	448	332	415	396	355.912
88	maps/mazes/maze_039.map	512	512	481	42	326	37	355.74
88	maps/mazes/maze_039.map	512	512	465	488	423	396	355.74
88	maps/mazes/maze_039.map	512	512	40	65	180	3	355.497
88	maps/mazes/maze_039.map	512	512	362	156	414	45	355.426
87	maps/mazes/maze_039.map	512	512	267	96	164	134	351.426
87	maps/mazes/maze_039.map	512	512	509	487	441	396	351.811
87	maps/mazes/maze_039.map	512	512	147	193	249	80	351.083
87	maps/mazes/maze_039.map	512	512	49	276	92	211	351.497
87	maps/mazes/maze_039.map	512	512	255	185	348	176	351.154
87	maps/mazes/maze_039.map	512	512	468	360	415	396	351.083
87	maps/mazes/maze_039.map	512	512	196	153	173	100	351.255
87	maps/mazes/maze_039.map	512	512	327	324	263	352	351.841
87	maps/mazes/maze_039.map	512	512	292	88	332	203	351.669
87	maps/mazes/maze_039.map	512	512	69	148	156	141	351.64
86	maps/mazes/maze_039.map	512	512	148	72	176	90	347.74
86	maps/mazes/maze_039.map	512	512	366	332	323	296	347.083
86	maps/mazes/maze_039.map	512	512	354	264	388	281	347.083
86	maps/mazes/maze_039.map	512	512	460	20	421	52	347.77
86	maps/mazes/maze_039.map	512	512	380	55	288	88	347.912
86	maps/mazes/maze_039.map	512	512	118	165	174	109	346.912
86	maps/mazes/maze_039.map	512	512	193	272	146	261	347.355
86	maps/mazes/maze_039.map	512	512	393	252	432	53	347.012
86	maps/mazes/maze_039.map	512	512	125	392	212	376	347.669
86	maps/mazes/maze_039.map	512	512	448	0	439	48	347.184
85	maps/mazes/maze_039.map	512	512	102	289	61	218	343.598
85	maps/mazes/maze_039.map	512	512	493	328	434	225	343.598
85	maps/mazes/maze_039.map	512	512	231	493	188	442	343.012
85	maps/mazes/maze_039.map	512	512	145	178	197	94	343.598
85	maps/mazes/maze_039.map	512	512	147	145	210	116	343.255
85	maps/mazes/maze_039.map	512	512	141	496	164	449	343.74
85	maps/mazes/maze_039.map	512	512	230	297	221	353	343.225
85	maps/mazes/maze_039.map	512	512	325	335	272	358	343.255
85	maps/mazes/maze_039.map	512	512	425	116	419	56	343.598
85	maps/mazes/maze_039.map	512	512	401	382	384	368	343.184
84	maps/mazes/maze_039.map	512	512	361	24	304	19	339.497
84	maps/mazes/maze_039.map	512	512	224	326	282	404	339.983
84	maps/mazes/maze_039.map	512	512	229	180	329	185	339.326
84	maps/mazes/maze_039.map	512	512	101	253	78	252	339.012
84	maps/mazes/maze_039.map	512	512	145	86	162	125	339.154
84	maps/mazes/maze_039.map	512	512	501	128	440	62	339.426
84	maps/mazes/maze_039.map	512	512	437	105	413	17	339.255
84	maps/mazes/maze_039.map	512	512	324	309	289	340	339.841
84	maps/mazes/maze_039.map	512	512	468	89	409	26	339.598
84	maps/mazes/maze_039.map	512	512	91	161	53	247	339.74
83	maps/mazes/maze_039.map	512	512	302	305	325	372	334.669
83	maps/mazes/maze_039.map	512	512	321	456	272	501	335.255
83	maps/mazes/maze_039.map	512	512	339	464	399	424	335.941
83	maps/mazes/maze_039.map	512	512	457	144	425	73	335.426
83	maps/mazes/maze_039.map	512	512	260	126	277	156	335.426
83	maps/mazes/maze_039.map	512	512	313	244	360	109	335.012
83	maps/mazes/maze_039.map	512	512	200	55	260	81	335.255
83	maps/mazes/maze_039.map	512	512	133	451	65	452	335.569
83	maps/mazes/maze_039.map	512	512	173	129	269	69	335.841
82	maps/mazes/maze_039.map	512	512	497	297	424	226	331.841
82	maps/mazes/maze_039.map	512	512	76	449	96	490	331.569
82	maps/mazes/maze_039.map	512	512	373	83	269	69	331.598
82	maps/mazes/maze_039.map	512	512	372	376	353	449	331.598
82	maps/mazes/maze_039.map	512	512	117	134	69	227	331.569
82	maps/mazes/maze_039.map	512	512	478	372	429	348	331.326
82	maps/mazes/maze_039.map	512	512	356	193	362	241	331.154
82	maps/mazes/maze_039.map	512	512	189	444	73	417	331.326
82	maps/mazes/maze_039.map	512	512	126	261	99	253	331.426
82	maps/mazes/maze_039.map	512	512	45	421	1	443	331.154
81	maps/mazes/maze_039.map	512	512	451	468	378	365	327.012
81	maps/mazes/maze_039.map	512	512	11	425	109	395	327.841
81	maps/mazes/maze_039.map	512	512	417	189	412	182	327.841
81	maps/mazes/maze_039.map	512	512	400	263	412	174	327.426
81	maps/mazes/maze_039.map	512	512	44	206	140	137	327.083
81	maps/mazes/maze_039.map	512	512	432	324	416	396	327.841
81	maps/mazes/maze_039.map	512	512	245	100	163	144	327.113
81	maps/mazes/maze_039.map	512	512	29	424	31	448	327.397
81	maps/mazes/maze_039.map	512	512	407	308	383	277	327.326
81	maps/mazes/maze_039.map	512	512	126	68	132	123	327.569
80	maps/mazes/maze_039.map	512	512	424	245	406	173	323.255
80	maps/mazes/maze_039.map	512	512	448	229	443	157	323.326
80	maps/mazes/maze_039.map	512	512	485	97	367	33	323.841
80	maps/mazes/maze_039.map	512	512	281	69	329	6	323.569
80	maps/mazes/maze_039.map	512	512	292	49	173	102	323.841
80	maps/mazes/maze_039.map	512	512	61	257	89	239	323.497
80	maps/mazes/maze_039.map	512	512	319	17	266	80	322.912
80	maps/mazes/maze_039.map	512	512	413	210	397	154	323.012
80	maps/mazes/maze_039.map	512	512	103	141	81	211	323.154
80	maps/mazes/maze_039.map	512	512	426	340	383	377	323.841
38	maps/mazes/maze_039.map	512	512	416	357	463	348	152.042
79	maps/mazes/maze_039.map	512	512	187	344	119	304	319.255
79	maps/mazes/maze_039.map	512	512	72	418	186	453	319.912
79	maps/mazes/maze_039.map	512	512	493	132	450	80	319.77
79	maps/mazes/maze_039.map	512	512	256	34	297	119	319.012
79	maps/mazes/maze_039.map	512	512	249	149	265	181	319.255
79	maps/mazes/maze_039.map	512	512	368	132	400	25	319.326
79	maps/mazes/maze_039.map	512	512	284	212	337	176	319.426
79	maps/mazes/maze_039.map	512	512	150	33	144	1	319.698
79	maps/mazes/maze_039.map	512	512	372	81	328	216	319.77
79	maps/mazes/maze_039.map	512	512	269	264	324	187	319.598
78	maps/mazes/maze_039.map	512	512	36	93	83	1	315.326
78	maps/mazes/maze_039.map	512	512	436	0	445	35	315.113
78	maps/mazes/maze_039.map	512	512	141	493	151	464	315.083
78	maps/mazes/maze_039.map	512	512	160	269	105	291	314.841
78	maps/mazes/maze_039.map	512	512	441	492	412	452	315.284
78	maps/mazes/maze_039.map	512	512	180	478	61	418	315.083
78	maps/mazes/maze_039.map	512	512	60	65	182	9	315.74
78	maps/mazes/maze_039.map	512	512	481	71	456	106	315.598
78	maps/mazes/maze_039.map	512	512	30	92	87	4	315.326
78	maps/mazes/maze_039.map	512	512	368	401	327	464	315.012
77	maps/mazes/maze_039.map	512	512	417	389	356	376	311.941
77	maps/mazes/maze_039.map	512	512	340	112	236	54	311.598
77	maps/mazes/maze_039.map	512	512	475	256	416	231	311.255
77	maps/mazes/maze_039.map	512	512	156	376	119	305	311.012
77	maps/mazes/maze_039.map	512	512	294	232	345	145	311.841
77	maps/mazes/maze_039.map	512	512	95	169	113	186	311.912
77	maps/mazes/maze_039.map	512	512	137	413	185	399	311.497
77	maps/mazes/maze_039.map	512	512	420	120	429	70	311.426
77	maps/mazes/maze_039.map	512	512	300	314	271	352	311.184
76	maps/mazes/maze_039.map	512	512	203	208	220	91	307.598
76	maps/mazes/maze_039.map	512	512	427	508	397	494	307.113
76	maps/mazes/maze_039.map	512	512	9	112	88	57	307.255
76	maps/mazes/maze_039.map	512	512	177	51	75	5	307.497
76	maps/mazes/maze_039.map	512	512	257	263	300	215	307.669
76	maps/mazes/maze_039.map	512	512	227	292	246	360	307.569
76	maps/mazes/maze_039.map	512	512	393	387	378	376	307.355
76	maps/mazes/maze_039.map	512	512	508	178	467	117	307.456
76	maps/mazes/maze_039.map	512	512	185	264	143	340	307.941
76	maps/mazes/maze_039.map	512	512	419	136	432	56	307.77
75	maps/mazes/maze_039.map	512	512	324	265	332	214	303.083
75	maps/mazes/maze_039.map	512	512	141	259	143	321	303.355
75	maps/mazes/maze_039.map	512	512	212	185	216	116	303.184
33	maps/mazes/maze_039.map	512	512	228	96	192	161	133.971
75	maps/mazes/maze_039.map	512	512	481	45	337	50	303.669
75	maps/mazes/maze_039.map	512	512	57	188	89	215	303.326
75	maps/mazes/maze_039.map	512	512	209	197	316	183	303.669
75	maps/mazes/maze_039.map	512	512	309	432	328	500	303.426
75	maps/mazes/maze_039.map	512	512	199	249	140	296	303.355
75	maps/mazes/maze_039.map	512	512	333	495	373	455	303.598
75	maps/mazes/maze_039.map	512	512	163	117	271	76	303.912
74	maps/mazes/maze_039.map	512	512	48	157	86	57	299.497
74	maps/mazes/maze_039.map	512	512	429	448	376	399	299.012
74	maps/mazes/maze_039.map	512	512	89	496	53	506	299.598
74	maps/mazes/maze_039.map	512	512	257	263	281	200	298.841
74	maps/mazes/maze_039.map	512	512	105	332	47	384	299.598
74	maps/mazes/maze_039.map	512	512	370	492	406	476	299.355
74	maps/mazes/maze_039.map	512	512	62	456	34	456	299.74
74	maps/mazes/maze_039.map	512	512	458	241	411	313	299.083
74	maps/mazes/maze_039.map	512	512	124	476	93	504	299.569
74	maps/mazes/maze_039.map	512	512	306	453	328	504	299.669
73	maps/mazes/maze_039.map	512	512	484	33	453	29	295.284
73	maps/mazes/maze_039.map	512	512	349	339	295	308	295.77
11	maps/mazes/maze_039.map	512	512	152	452	149	468	44.8995
73	maps/mazes/maze_039.map	512	512	176	441	77	443	295.083
73	maps/mazes/maze_039.map	512	512	457	80	354	33	295.012
73	maps/mazes/maze_039.map	512	512	166	201	241	79	295.426
73	maps/mazes/maze_039.map	512	512	505	42	388	31	295.355
73	maps/mazes/maze_039.map	512	512	145	65	146	117	295.912
73	maps/mazes/maze_039.map	512	512	396	341	396	393	295.941
73	maps/mazes/maze_039.map	512	512	381	149	413	40	294.74
73	maps/mazes/maze_039.map	512	512	461	348	441	390	295.255
72	maps/mazes/maze_039.map	512	512	100	244	61	218	291.77
72	maps/mazes/maze_039.map	512	512	245	300	324	200	291.184
72	maps/mazes/maze_039.map	512	512	465	335	435	396	291.426
72	maps/mazes/maze_039.map	512	512	341	265	328	216	291.255
72	maps/mazes/maze_039.map	512	512	240	418	193	359	291.113
72	maps/mazes/maze_039.map	512	512	121	420	104	449	291.497
72	maps/mazes/maze_039.map	512	512	477	257	413	247	291.255
72	maps/mazes/maze_039.map	512	512	320	325	307	333	291.184
72	maps/mazes/maze_039.map	512	512	263	285	328	216	291.012
72	maps/mazes/maze_039.map	512	512	375	237	332	204	291.598
71	maps/mazes/maze_039.map	512	512	152	136	89	202	287.669
71	maps/mazes/maze_039.map	512	512	372	116	406	17	287.083
71	maps/mazes/maze_039.map	512	512	236	310	232	356	287.74
71	maps/mazes/maze_039.map	512	512	53	21	186	9	287.669
71	maps/mazes/maze_039.map	512	512	59	112	53	92	287.012
71	maps/mazes/maze_039.map	512	512	188	82	167	129	287.698
71	maps/mazes/maze_039.map	512	512	215	153	268	184	287.012
71	maps/mazes/maze_039.map	512	512	392	332	326	325	287.426
71	maps/mazes/maze_039.map	512	512	340	137	264	69	287.598
71	maps/mazes/maze_039.map	512	512	60	257	79	228	286.669
70	maps/mazes/maze_039.map	512	512	407	389	369	381	283.355
70	maps/mazes/maze_039.map	512	512	310	293	283	352	283.598
70	maps/mazes/maze_039.map	512	512	129	16	192	3	282.77
70	maps/mazes/maze_039.map	512	512	44	328	132	364	282.912
70	maps/mazes/maze_039.map	512	512	269	5	248	64	283.497
70	maps/mazes/maze_039.map	512	512	164	280	109	299	283.598
70	maps/mazes/maze_039.map	512	512	335	337	289	339	283.355
70	maps/mazes/maze_039.map	512	512	432	345	375	400	283.598
70	maps/mazes/maze_039.map	512	512	434	345	376	399	283.012
69	maps/mazes/maze_039.map	512	512	362	88	281	65	279.113
69	maps/mazes/maze_039.map	512	512	361	228	332	204	279.77
69	maps/mazes/maze_039.map	512	512	345	304	377	253	279.669
69	maps/mazes/maze_039.map	512	512	59	45	196	8	279.255
69	maps/mazes/maze_039.map	512	512	357	361	362	452	279.355
69	maps/mazes/maze_039.map	512	512	316	214	346	108	279.941
69	maps/mazes/maze_039.map	512	512	172	231	192	180	279.184
69	maps/mazes/maze_039.map	512	512	265	275	327	216	279.184
69	maps/mazes/maze_039.map	512	512	377	232	444	151	279.841
69	maps/mazes/maze_039.map	512	512	181	124	145	124	279.113
34	maps/mazes/maze_039.map	512	512	56	84	93	49	136.87
68	maps/mazes/maze_039.map	512	512	25	105	68	20	275.497
68	maps/mazes/maze_039.map	512	512	276	274	321	181	275.355
68	maps/mazes/maze_039.map	512	512	236	251	312	207	275.598
68	maps/mazes/maze_039.map	512	512	197	70	301	78	275.012
68	maps/mazes/maze_039.map	512	512	67	480	35	508	275.941
68	maps/mazes/maze_039.map	512	512	69	34	193	11	274.841
68	maps/mazes/maze_039.map	512	512	194	333	104	283	275.255
68	maps/mazes/maze_039.map	512	512	109	69	75	5	275.012
68	maps/mazes/maze_039.map	512	512	276	467	324	507	275.841
67	maps/mazes/maze_039.map	512	512	27	53	67	21	271.012
67	maps/mazes/maze_039.map	512	512	221	29	265	69	271.355
67	maps/mazes/maze_039.map	512	512	334	265	320	209	271.012
67	maps/mazes/maze_039.map	512	512	272	300	320	184	271.113
67	maps/mazes/maze_039.map	512	512	0	87	84	50	271.669
67	maps/mazes/maze_039.map	512	512	310	37	262	84	271.426
67	maps/mazes/maze_039.map	512	512	73	45	25	106	271.912
67	maps/mazes/maze_039.map	512	512	81	25	194	17	271.184
67	maps/mazes/maze_039.map	512	512	498	76	497	144	271.77
66	maps/mazes/maze_039.map	512	512	231	432	276	489	267.598
66	maps/mazes/maze_039.map	512	512	8	365	13	286	267.698
66	maps/mazes/maze_039.map	512	512	372	309	344	253	267.598
66	maps/mazes/maze_039.map	512	512	72	87	120	1	267.841
66	maps/mazes/maze_039.map	512	512	244	229	324	186	267.527
66	maps/mazes/maze_039.map	512	512	192	1	216	91	267.598
66	maps/mazes/maze_039.map	512	512	232	78	315	117	267.355
66	maps/mazes/maze_039.map	512	512	360	357	399	396	267.113
66	maps/mazes/maze_039.map	512	512	273	341	217	376	267.426
66	maps/mazes/maze_039.map	512	512	349	416	307	480	267.941
65	maps/mazes/maze_039.map	512	512	239	101	311	73	263.355
65	maps/mazes/maze_039.map	512	512	118	45	128	1	263.698
65	maps/mazes/maze_039.map	512	512	59	165	137	129	263.255
65	maps/mazes/maze_039.map	512	512	253	285	279	224	263.426
65	maps/mazes/maze_039.map	512	512	217	413	204	327	263.184
65	maps/mazes/maze_039.map	512	512	344	469	397	429	263.87
65	maps/mazes/maze_039.map	512	512	243	1	291	41	263.154
65	maps/mazes/maze_039.map	512	512	404	224	406	173	263.184
65	maps/mazes/maze_039.map	512	512	247	213	319	193	263.941
65	maps/mazes/maze_039.map	512	512	491	445	473	472	263.426
64	maps/mazes/maze_039.map	512	512	248	471	338	508	259.184
64	maps/mazes/maze_039.map	512	512	30	120	88	43	259.912
64	maps/mazes/maze_039.map	512	512	141	505	188	484	259.598
64	maps/mazes/maze_039.map	512	512	270	149	202	113	259.698
64	maps/mazes/maze_039.map	512	512	400	80	338	56	259.841
64	maps/mazes/maze_039.map	512	512	260	468	276	508	259.941
64	maps/mazes/maze_039.map	512	512	469	48	404	150	259.284
64	maps/mazes/maze_039.map	512	512	65	325	121	247	259.941
64	maps/mazes/maze_039.map	512	512	245	95	194	168	259.941
64	maps/mazes/maze_039.map	512	512	56	408	44	484	259.841
63	maps/mazes/maze_039.map	512	512	472	464	407	396	255.77
63	maps/mazes/maze_039.map	512	512	265	333	221	353	255.598
63	maps/mazes/maze_039.map	512	512	88	180	75	269	255.698
63	maps/mazes/maze_039.map	512	512	96	269	53	241	255.527
55	maps/mazes/maze_039.map	512	512	167	361	65	394	220.113
63	maps/mazes/maze_039.map	512	512	185	328	152	332	255.527
63	maps/mazes/maze_039.map	512	512	499	141	450	80	255.113
63	maps/mazes/maze_039.map	512	512	357	361	397	432	255.042
63	maps/mazes/maze_039.map	512	512	268	416	208	359	255.284
63	maps/mazes/maze_039.map	512	512	372	473	420	402	255.284
62	maps/mazes/maze_039.map	512	512	35	57	38	17	251.184
62	maps/mazes/maze_039.map	512	512	465	169	452	80	251.355
62	maps/mazes/maze_039.map	512	512	116	435	100	455	251.012
62	maps/mazes/maze_039.map	512	512	192	323	144	353	251.355
62	maps/mazes/maze_039.map	512	512	215	85	313	82	251.77
62	maps/mazes/maze_039.map	512	512	432	17	325	48	251.941
15	maps/mazes/maze_039.map	512	512	45	76	45	40	61.6569
62	maps/mazes/maze_039.map	512	512	201	508	124	429	251.113
62	maps/mazes/maze_039.map	512	512	258	401	211	388	251.355
62	maps/mazes/maze_039.map	512	512	189	140	272	77	251.113
62	maps/mazes/maze_039.map	512	512	161	472	76	418	251.184
61	maps/mazes/maze_039.map	512	512	81	63	136	1	247.77
61	maps/mazes/maze_039.map	512	512	361	406	332	459	247.698
61	maps/mazes/maze_039.map	512	512	224	241	141	263	247.042
61	maps/mazes/maze_039.map	512	512	168	428	127	429	247.012
61	maps/mazes/maze_039.map	512	512	109	299	92	261	247.284
61	maps/mazes/maze_039.map	512	512	149	125	97	193	247.012
61	maps/mazes/maze_039.map	512	512	425	81	432	73	247.284
61	maps/mazes/maze_039.map	512	512	275	456	312	492	247.184
61	maps/mazes/maze_039.map	512	512	306	69	349	15	247.669
61	maps/mazes/maze_039.map	512	512	376	115	409	32	247.255
60	maps/mazes/maze_039.map	512	512	6	72	68	82	243.012
60	maps/mazes/maze_039.map	512	512	372	443	399	412	243.941
60	maps/mazes/maze_039.map	512	512	188	449	129	430	243.941
60	maps/mazes/maze_039.map	512	512	209	336	219	412	243.355
60	maps/mazes/maze_039.map	512	512	348	75	316	80	243.083
60	maps/mazes/maze_039.map	512	512	486	36	385	29	242.87
60	maps/mazes/maze_039.map	512	512	277	401	224	385	243.87
60	maps/mazes/maze_039.map	512	512	164	54	199	113	243.012
60	maps/mazes/maze_039.map	512	512	313	245	337	172	243.87
60	maps/mazes/maze_039.map	512	512	73	338	113	381	242.598
59	maps/mazes/maze_039.map	512	512	332	458	332	496	239.355
59	maps/mazes/maze_039.map	512	512	203	505	178	421	239.527
59	maps/mazes/maze_039.map	512	512	20	4	126	1	239.77
59	maps/mazes/maze_039.map	512	512	209	437	269	491	239.941
59	maps/mazes/maze_039.map	512	512	296	482	282	508	239.355
59	maps/mazes/maze_039.map	512	512	385	164	423	76	239.698
59	maps/mazes/maze_039.map	512	512	260	235	321	182	239.698
59	maps/mazes/maze_039.map	512	512	482	112	463	132	239.527
59	maps/mazes/maze_039.map	512	512	225	432	192	340	239.87
59	maps/mazes/maze_039.map	512	512	156	253	147	313	239.87
58	maps/mazes/maze_039.map	512	512	189	236	161	285	235.627
58	maps/mazes/maze_039.map	512	512	501	136	472	77	235.698
58	maps/mazes/maze_039.map	512	512	24	225	109	163	235.184
58	maps/mazes/maze_039.map	512	512	292	260	318	204	235.698
58	maps/mazes/maze_039.map	512	512	91	165	78	237	235.426
58	maps/mazes/maze_039.map	512	512	245	507	152	462	234.87
58	maps/mazes/maze_039.map	512	512	272	41	268	48	235.669
58	maps/mazes/maze_039.map	512	512	295	144	297	84	235.941
58	maps/mazes/maze_039.map	512	512	216	441	180	337	234.87
58	maps/mazes/maze_039.map	512	512	244	121	214	176	235.87
57	maps/mazes/maze_039.map	512	512	362	113	272	65	231.698
57	maps/mazes/maze_039.map	512	512	265	457	301	496	231.527
57	maps/mazes/maze_039.map	512	512	151	385	213	407	231.941
57	maps/mazes/maze_039.map	512	512	12	13	73	20	231.355
57	maps/mazes/maze_039.map	512	512	404	509	416	476	231.042
57	maps/mazes/maze_039.map	512	512	285	304	265	352	231.698
57	maps/mazes/maze_039.map	512	512	165	48	214	116	231.184
57	maps/mazes/maze_039.map	512	512	1	364	23	285	231.87
57	maps/mazes/maze_039.map	512	512	185	124	276	61	231.941
56	maps/mazes/maze_039.map	512	512	328	235	369	225	227.77
56	maps/mazes/maze_039.map	512	512	230	201	317	183	227.77
56	maps/mazes/maze_039.map	512	512	369	404	336	460	227.87
56	maps/mazes/maze_039.map	512	512	416	221	406	165	227.113
56	maps/mazes/maze_039.map	512	512	102	292	81	272	227.284
56	maps/mazes/maze_039.map	512	512	304	109	301	7	227.77
56	maps/mazes/maze_039.map	512	512	445	55	419	81	227.456
56	maps/mazes/maze_039.map	512	512	420	190	444	236	227.113
56	maps/mazes/maze_039.map	512	512	286	64	308	21	227.77
56	maps/mazes/maze_039.map	512	512	368	62	292	82	227.012
55	maps/mazes/maze_039.map	512	512	64	373	109	372	223.355
55	maps/mazes/maze_039.map	512	512	205	346	134	296	223.284
55	maps/mazes/maze_039.map	512	512	188	299	106	300	223.284
55	maps/mazes/maze_039.map	512	512	253	97	196	93	223.284
55	maps/mazes/maze_039.map	512	512	244	158	216	173	223.284
55	maps/mazes/maze_039.map	512	512	161	265	120	324	223.355
55	maps/mazes/maze_039.map	512	512	433	1	489	55	223.456
55	maps/mazes/maze_039.map	512	512	428	115	449	80	222.87
55	maps/mazes/maze_039.map	512	512	229	201	315	181	223.355
54	maps/mazes/maze_039.map	512	512	472	446	476	490	219.598
54	maps/mazes/maze_039.map	512	512	353	492	404	429	219.113
54	maps/mazes/maze_039.map	512	512	344	397	370	460	219.284
54	maps/mazes/maze_039.map	512	512	157	272	104	286	219.527
43	maps/mazes/maze_039.map	512	512	249	40	275	77	174.456
54	maps/mazes/maze_039.map	512	512	313	144	266	69	219.698
54	maps/mazes/maze_039.map	512	512	363	416	328	461	219.456
54	maps/mazes/maze_039.map	512	512	22	168	8	108	219.698
54	maps/mazes/maze_039.map	512	512	344	173	312	211	219.456
54	maps/mazes/maze_039.map	512	512	0	137	69	66	219.698
54	maps/mazes/maze_039.map	512	512	298	108	345	186	219.527
53	maps/mazes/maze_039.map	512	512	453	496	410	496	215.385
53	maps/mazes/maze_039.map	512	512	485	180	483	89	215.527
53	maps/mazes/maze_039.map	512	512	246	332	230	349	215.527
53	maps/mazes/maze_039.map	512	512	20	397	2	368	215.87
53	maps/mazes/maze_039.map	512	512	48	125	31	85	215.284
53	maps/mazes/maze_039.map	512	512	413	5	321	45	215.698
53	maps/mazes/maze_039.map	512	512	137	380	145	346	215.698
53	maps/mazes/maze_039.map	512	512	421	144	424	62	215.042
53	maps/mazes/maze_039.map	512	512	265	484	295	508	215.698
53	maps/mazes/maze_039.map	512	512	260	479	301	496	215.113
52	maps/mazes/maze_039.map	512	512	48	291	13	280	211.799
52	maps/mazes/maze_039.map	512	512	92	125	129	117	211.284
52	maps/mazes/maze_039.map	512	512	410	125	469	77	211.87
52	maps/mazes/maze_039.map	512	512	315	416	318	440	211.284
52	maps/mazes/maze_039.map	512	512	404	61	340	154	211.527
52	maps/mazes/maze_039.map	512	512	381	49	332	110	211.941
52	maps/mazes/maze_039.map	512	512	288	389	217	413	211.284
52	maps/mazes/maze_039.map	512	512	74	37	159	5	211.284
52	maps/mazes/maze_039.map	512	512	117	18	164	1	211.799
52	maps/mazes/maze_039.map	512	512	392	234	398	121	210.698
51	maps/mazes/maze_039.map	512	512	104	257	124	255	207.213
51	maps/mazes/maze_039.map	512	512	364	252	361	317	207.456
51	maps/mazes/maze_039.map	512	512	304	136	306	49	207.527
51	maps/mazes/maze_039.map	512	512	263	268	324	184	207.627
51	maps/mazes/maze_039.map	512	512	93	73	64	24	207.113
17	maps/mazes/maze_039.map	512	512	313	228	341	236	69.8995
51	maps/mazes/maze_039.map	512	512	415	109	409	24	207.184
51	maps/mazes/maze_039.map	512	512	324	313	300	297	207.456
51	maps/mazes/maze_039.map	512	512	188	144	180	112	206.971
51	maps/mazes/maze_039.map	512	512	244	502	159	472	207.87
50	maps/mazes/maze_039.map	512	512	432	233	454	289	203.113
50	maps/mazes/maze_039.map	512	512	312	256	321	200	203.284
50	maps/mazes/maze_039.map	512	512	213	275	260	343	203.527
50	maps/mazes/maze_039.map	512	512	21	325	1	245	203.799
50	maps/mazes/maze_039.map	512	512	385	218	413	120	203.213
50	maps/mazes/maze_039.map	512	512	417	440	388	403	203.799
50	maps/mazes/maze_039.map	512	512	188	292	156	331	203.627
50	maps/mazes/maze_039.map	512	512	327	92	316	54	203.184
50	maps/mazes/maze_039.map	512	512	195	69	205	109	203.113
50	maps/mazes/maze_039.map	512	512	265	28	293	49	203.426
49	maps/mazes/maze_039.map	512	512	293	87	220	90	199.113
49	maps/mazes/maze_039.map	512	512	290	509	197	408	199.556
49	maps/mazes/maze_039.map	512	512	101	101	153	132	199.527
49	maps/mazes/maze_039.map	512	512	56	437	116	467	199.941
49	maps/mazes/maze_039.map	512	512	216	21	268	77	199.456
49	maps/mazes/maze_039.map	512	512	261	454	298	492	199.87
49	maps/mazes/maze_039.map	512	512	154	472	70	444	199.113
49	maps/mazes/maze_039.map	512	512	24	371	56	297	199.213
49	maps/mazes/maze_039.map	512	512	137	496	186	496	199.284
48	maps/mazes/maze_039.map	512	512	253	20	304	28	194.941
33	maps/mazes/maze_039.map	512	512	80	235	76	204	133.142
48	maps/mazes/maze_039.map	512	512	328	169	302	109	195.113
48	maps/mazes/maze_039.map	512	512	65	133	33	86	195.284
48	maps/mazes/maze_039.map	512	512	152	446	66	417	195.284
48	maps/mazes/maze_039.map	512	512	481	113	487	144	195.284
48	maps/mazes/maze_039.map	512	512	412	348	417	396	195.042
48	maps/mazes/maze_039.map	512	512	77	222	149	169	195.77
48	maps/mazes/maze_039.map	512	512	460	401	492	416	195.627
48	maps/mazes/maze_039.map	512	512	402	149	417	54	195.213
48	maps/mazes/maze_039.map	512	512	292	60	211	116	195.87
47	maps/mazes/maze_039.map	512	512	504	245	430	224	191.627
47	maps/mazes/maze_039.map	512	512	276	430	233	476	190.698
47	maps/mazes/maze_039.map	512	512	77	205	129	172	191.527
47	maps/mazes/maze_039.map	512	512	492	444	497	505	191.113
47	maps/mazes/maze_039.map	512	512	448	476	415	396	191.042
47	maps/mazes/maze_039.map	512	512	325	394	307	444	191.456
47	maps/mazes/maze_039.map	512	512	36	417	51	480	191.113
47	maps/mazes/maze_039.map	512	512	327	217	351	116	191.042
47	maps/mazes/maze_039.map	512	512	93	318	122	244	191.627
47	maps/mazes/maze_039.map	512	512	270	244	309	191	191.213
46	maps/mazes/maze_039.map	512	512	483	117	461	113	186.627
46	maps/mazes/maze_039.map	512	512	208	125	265	74	187.698
46	maps/mazes/maze_039.map	512	512	29	431	68	471	187.284
46	maps/mazes/maze_039.map	512	512	133	156	128	169	187.941
46	maps/mazes/maze_039.map	512	512	470	345	423	380	187.698
46	maps/mazes/maze_039.map	512	512	189	244	149	261	187.971
46	maps/mazes/maze_039.map	512	512	461	221	464	145	187.142
46	maps/mazes/maze_039.map	512	512	109	290	89	237	187.385
46	maps/mazes/maze_039.map	512	512	44	456	53	497	187.941
45	maps/mazes/maze_039.map	512	512	40	108	17	136	183.385
45	maps/mazes/maze_039.map	512	512	53	180	112	169	183.698
45	maps/mazes/maze_039.map	512	512	369	111	404	99	183.042
45	maps/mazes/maze_039.map	512	512	470	45	384	30	183.87
45	maps/mazes/maze_039.map	512	512	425	125	480	89	183.627
45	maps/mazes/maze_039.map	512	512	506	484	456	460	183.355
45	maps/mazes/maze_039.map	512	512	440	288	416	352	183.941
45	maps/mazes/maze_039.map	512	512	49	454	26	456	183.184
27	maps/mazes/maze_039.map	512	512	20	436	1	416	111.485
45	maps/mazes/maze_039.map	512	512	140	433	173	384	183.698
45	maps/mazes/maze_039.map	512	512	289	445	216	448	183.799
44	maps/mazes/maze_039.map	512	512	217	298	245	346	179.698
44	maps/mazes/maze_039.map	512	512	165	352	141	320	179.799
44	maps/mazes/maze_039.map	512	512	82	344	136	357	178.598
44	maps/mazes/maze_039.map	512	512	77	440	100	459	179.113
44	maps/mazes/maze_039.map	512	512	44	357	17	368	179.799
44	maps/mazes/maze_039.map	512	512	20	198	13	95	179.213
44	maps/mazes/maze_039.map	512	512	484	28	508	41	179.971
44	maps/mazes/maze_039.map	512	512	434	112	465	76	179.627
44	maps/mazes/maze_039.map	512	512	452	129	458	80	179.284
44	maps/mazes/maze_039.map	512	512	256	443	251	440	179.113
31	maps/mazes/maze_039.map	512	512	360	100	298	104	124.971
43	maps/mazes/maze_039.map	512	512	260	197	318	189	175.698
43	maps/mazes/maze_039.map	512	512	193	125	231	48	175.042
43	maps/mazes/maze_039.map	512	512	77	420	122	448	175.527
43	maps/mazes/maze_039.map	512	512	124	204	117	184	175.527
43	maps/mazes/maze_039.map	512	512	352	317	318	301	175.799
43	maps/mazes/maze_039.map	512	512	477	21	500	29	175.971
43	maps/mazes/maze_039.map	512	512	228	2	294	21	175.527
43	maps/mazes/maze_039.map	512	512	31	292	13	289	175.385
42	maps/mazes/maze_039.map	512	512	257	144	256	177	171.213
42	maps/mazes/maze_039.map	512	512	449	480	401	494	171.556
42	maps/mazes/maze_039.map	512	512	363	164	400	121	171.456
42	maps/mazes/maze_039.map	512	512	133	144	120	183	171.113
42	maps/mazes/maze_039.map	512	512	167	76	213	72	171.113
42	maps/mazes/maze_039.map	512	512	4	8	72	5	171.284
42	maps/mazes/maze_039.map	512	512	358	380	345	393	171.799
42	maps/mazes/maze_039.map	512	512	471	229	413	240	171.042
42	maps/mazes/maze_039.map	512	512	411	153	429	76	171.385
42	maps/mazes/maze_039.map	512	512	353	190	329	252	170.87
41	maps/mazes/maze_039.map	512	512	338	405	297	386	167.113
41	maps/mazes/maze_039.map	512	512	451	417	508	486	167.941
41	maps/mazes/maze_039.map	512	512	346	388	361	444	167.042
41	maps/mazes/maze_039.map	512	512	501	372	489	304	167.456
41	maps/mazes/maze_039.map	512	512	276	297	288	220	167.971
41	maps/mazes/maze_039.map	512	512	371	324	393	284	167.456
41	maps/mazes/maze_039.map	512	512	250	292	300	209	167.385
41	maps/mazes/maze_039.map	512	512	184	276	153	302	167.627
41	maps/mazes/maze_039.map	512	512	383	293	403	317	167.698
41	maps/mazes/maze_039.map	512	512	37	225	89	151	167.456
40	maps/mazes/maze_039.map	512	512	5	185	17	88	163.971
40	maps/mazes/maze_039.map	512	512	336	380	360	435	163.042
40	maps/mazes/maze_039.map	512	512	101	344	31	340	163.213
40	maps/mazes/maze_039.map	512	512	212	123	221	65	163.87
40	maps/mazes/maze_039.map	512	512	331	457	345	489	163.456
40	maps/mazes/maze_039.map	512	512	141	50	230	61	163.698
40	maps/mazes/maze_039.map	512	512	118	200	87	229	163.698
40	maps/mazes/maze_039.map	512	512	116	55	60	25	163.456
40	maps/mazes/maze_039.map	512	512	4	401	17	342	163.556
40	maps/mazes/maze_039.map	512	512	9	470	4	434	163.971
39	maps/mazes/maze_039.map	512	512	27	72	10	68	159.042
39	maps/mazes/maze_039.map	512	512	173	120	217	109	159.385
39	maps/mazes/maze_039.map	512	512	68	68	61	15	159.698
39	maps/mazes/maze_039.map	512	512	67	312	93	284	159.799
39	maps/mazes/maze_039.map	512	512	457	306	397	317	159.042
39	maps/mazes/maze_039.map	512	512	80	223	143	180	159.941
39	maps/mazes/maze_039.map	512	512	364	260	348	308	159.556
39	maps/mazes/maze_039.map	512	512	467	36	409	28	159.799
39	maps/mazes/maze_039.map	512	512	184	193	193	145	159.142
39	maps/mazes/maze_039.map	512	512	44	81	19	57	159.87
38	maps/mazes/maze_039.map	512	512	33	477	36	455	155.627
38	maps/mazes/maze_039.map	512	512	505	493	463	449	155.698
38	maps/mazes/maze_039.map	512	512	172	92	225	86	155.385
38	maps/mazes/maze_039.map	512	512	334	244	308	234	155.213
38	maps/mazes/maze_039.map	512	512	432	468	420	397	155.971
38	maps/mazes/maze_039.map	512	512	385	170	397	117	155.627
38	maps/mazes/maze_039.map	512	512	77	489	104	508	155.456
38	maps/mazes/maze_039.map	512	512	112	395	133	317	155.385
38	maps/mazes/maze_039.map	512	512	347	177	332	112	155.456
37	maps/mazes/maze_039.map	512	512	242	409	253	388	151.799
37	maps/mazes/maze_039.map	512	512	176	222	193	179	151.556
37	maps/mazes/maze_039.map	512	512	201	468	164	450	151.627
37	maps/mazes/maze_039.map	512	512	11	216	73	163	151.971
37	maps/mazes/maze_039.map	512	512	501	65	484	71	151.971
37	maps/mazes/maze_039.map	512	512	144	156	110	200	151.456
37	maps/mazes/maze_039.map	512	512	80	40	92	4	150.627
37	maps/mazes/maze_039.map	512	512	104	282	103	240	151.142
37	maps/mazes/maze_039.map	512	512	62	289	98	320	151.042
36	maps/mazes/maze_039.map	512	512	473	62	479	121	147.385
36	maps/mazes/maze_039.map	512	512	313	358	325	440	147.456
36	maps/mazes/maze_039.map	512	512	75	228	118	192	147.284
36	maps/mazes/maze_039.map	512	512	21	51	13	21	147.799
36	maps/mazes/maze_039.map	512	512	113	312	97	271	147.385
36	maps/mazes/maze_039.map	512	512	492	252	439	229	147.556
36	maps/mazes/maze_039.map	512	512	113	132	113	188	147.456
36	maps/mazes/maze_039.map	512	512	261	465	290	504	147.213
36	maps/mazes/maze_039.map	512	512	129	274	128	297	147.213
36	maps/mazes/maze_039.map	512	512	409	328	357	325	146.799
35	maps/mazes/maze_039.map	512	512	252	417	220	408	143.728
35	maps/mazes/maze_039.map	512	512	436	389	370	389	142.971
35	maps/mazes/maze_039.map	512	512	305	33	259	49	143.456
35	maps/mazes/maze_039.map	512	512	248	185	311	213	143.284
35	maps/mazes/maze_039.map	512	512	372	455	308	480	143.385
35	maps/mazes/maze_039.map	512	512	423	181	436	184	143.314
35	maps/mazes/maze_039.map	512	512	112	500	41	506	142.899
35	maps/mazes/maze_039.map	512	512	12	29	60	9	143.456
35	maps/mazes/maze_039.map	512	512	283	49	285	36	143.284
35	maps/mazes/maze_039.map	512	512	0	424	64	392	143.213
34	maps/mazes/maze_039.map	512	512	104	17	82	12	139.971
34	maps/mazes/maze_039.map	512	512	16	342	41	280	139.728
34	maps/mazes/maze_039.map	512	512	449	317	419	360	138.799
34	maps/mazes/maze_039.map	512	512	176	506	180	470	139.556
34	maps/mazes/maze_039.map	512	512	39	209	45	161	139.799
34	maps/mazes/maze_039.map	512	512	349	61	313	73	139.698
34	maps/mazes/maze_039.map	512	512	231	209	276	219	139.971
34	maps/mazes/maze_039.map	512	512	34	180	17	142	139.627
33	maps/mazes/maze_039.map	512	512	119	373	144	317	135.627
33	maps/mazes/maze_039.map	512	512	177	51	222	17	135.627
33	maps/mazes/maze_039.map	512	512	94	332	40	350	135.799
33	maps/mazes/maze_039.map	512	512	277	325	249	327	135.799
33	maps/mazes/maze_039.map	512	512	191	265	162	309	135.627
33	maps/mazes/maze_039.map	512	512	324	25	324	77	135.456
33	maps/mazes/maze_039.map	512	512	336	437	308	456	135.142
33	maps/mazes/maze_039.map	512	512	228	168	293	160	135.627
32	maps/mazes/maze_039.map	512	512	19	105	53	96	131.627
32	maps/mazes/maze_039.map	512	512	444	95	448	77	131.556
32	maps/mazes/maze_039.map	512	512	319	297	298	325	131.042
32	maps/mazes/maze_039.map	512	512	357	507	390	476	131.213
32	maps/mazes/maze_039.map	512	512	373	416	428	432	131.87
32	maps/mazes/maze_039.map	512	512	33	113	69	85	131.456
32	maps/mazes/maze_039.map	512	512	503	0	489	53	131.385
32	maps/mazes/maze_039.map	512	512	503	360	492	311	131.799
32	maps/mazes/maze_039.map	512	512	133	149	126	164	131.456
32	maps/mazes/maze_039.map	512	512	232	181	290	193	131.799
31	maps/mazes/maze_039.map	512	512	376	136	392	115	127.142
31	maps/mazes/maze_039.map	512	512	53	292	1	248	127.314
31	maps/mazes/maze_039.map	512	512	163	353	129	334	127.728
31	maps/mazes/maze_039.map	512	512	429	208	484	214	127.971
31	maps/mazes/maze_039.map	512	512	419	257	441	169	127.556
31	maps/mazes/maze_039.map	512	512	201	225	196	165	127.971
31	maps/mazes/maze_039.map	512	512	168	378	185	391	127.799
31	maps/mazes/maze_039.map	512	512	237	277	265	253	127.213
31	maps/mazes/maze_039.map	512	512	432	413	411	432	126.971
30	maps/mazes/maze_039.map	512	512	349	162	332	198	123.728
30	maps/mazes/maze_039.map	512	512	98	333	32	340	123.971
30	maps/mazes/maze_039.map	512	512	262	436	284	431	123.627
30	maps/mazes/maze_039.map	512	512	100	60	57	35	123.799
30	maps/mazes/maze_039.map	512	512	105	199	152	171	123.627
30	maps/mazes/maze_039.map	512	512	281	188	289	116	123.314
30	maps/mazes/maze_039.map	512	512	44	181	52	192	123.385
30	maps/mazes/maze_039.map	512	512	485	379	492	392	123.213
30	maps/mazes/maze_039.map	512	512	429	217	476	213	123.142
30	maps/mazes/maze_039.map	512	512	172	281	141	292	123.556
29	maps/mazes/maze_039.map	512	512	7	504	51	504	119.899
29	maps/mazes/maze_039.map	512	512	144	295	104	324	119.385
29	maps/mazes/maze_039.map	512	512	383	393	373	365	119.899
29	maps/mazes/maze_039.map	512	512	151	29	185	22	119.971
29	maps/mazes/maze_039.map	512	512	129	329	139	344	119.971
29	maps/mazes/maze_039.map	512	512	100	436	153	462	119.971
29	maps/mazes/maze_039.map	512	512	250	253	236	288	119.971
29	maps/mazes/maze_039.map	512	512	336	259	370	241	119.556
29	maps/mazes/maze_039.map	512	512	405	81	400	26	119.799
28	maps/mazes/maze_039.map	512	512	421	465	449	424	115.728
28	maps/mazes/maze_039.map	512	512	116	19	86	12	115.142
28	maps/mazes/maze_039.map	512	512	133	153	121	160	115.042
28	maps/mazes/maze_039.map	512	512	217	470	243	488	115.556
28	maps/mazes/maze_039.map	512	512	197	164	233	119	115.971
28	maps/mazes/maze_039.map	512	512	472	244	470	232	115.799
28	maps/mazes/maze_039.map	512	512	165	95	184	67	114.799
28	maps/mazes/maze_039.map	512	512	286	476	256	467	115.385
28	maps/mazes/maze_039.map	512	512	401	456	448	454	115.385
28	maps/mazes/maze_039.map	512	512	5	43	42	13	115.142
27	maps/mazes/maze_039.map	512	512	121	9	101	27	111.071
27	maps/mazes/maze_039.map	512	512	480	420	508	379	111.971
27	maps/mazes/maze_039.map	512	512	100	356	82	381	111.385
27	maps/mazes/maze_039.map	512	512	84	193	106	200	111.385
27	maps/mazes/maze_039.map	512	512	109	344	49	319	111.728
27	maps/mazes/maze_039.map	512	512	38	425	45	472	111.799
27	maps/mazes/maze_039.map	512	512	171	48	208	20	111.385
1	maps/mazes/maze_039.map	512	512	88	444	81	445	7.41421
27	maps/mazes/maze_039.map	512	512	484	135	464	120	111.728
27	maps/mazes/maze_039.map	512	512	15	225	48	161	111.142
26	maps/mazes/maze_039.map	512	512	104	70	87	57	107.556
26	maps/mazes/maze_039.map	512	512	281	236	312	205	107.556
26	maps/mazes/maze_039.map	512	512	112	197	152	177	107.213
26	maps/mazes/maze_039.map	512	512	93	47	59	5	107.799
26	maps/mazes/maze_039.map	512	512	398	49	416	41	107.456
26	maps/mazes/maze_039.map	512	512	201	119	217	94	107.728
26	maps/mazes/maze_039.map	512	512	186	465	153	445	107.385
26	maps/mazes/maze_039.map	512	512	113	508	42	500	107.243
26	maps/mazes/maze_039.map	512	512	262	193	304	220	106.799
25	maps/mazes/maze_039.map	512	512	476	415	492	398	103.728
25	maps/mazes/maze_039.map	512	512	40	468	32	472	103.799
25	maps/mazes/maze_039.map	512	512	60	326	37	351	103.556
25	maps/mazes/maze_039.map	512	512	91	264	58	232	103.728
25	maps/mazes/maze_039.map	512	512	96	208	129	170	103.971
25	maps/mazes/maze_039.map	512	512	136	152	113	153	103.799
25	maps/mazes/maze_039.map	512	512	304	189	281	160	103.314
25	maps/mazes/maze_039.map	512	512	341	393	304	362	103.799
25	maps/mazes/maze_039.map	512	512	333	391	299	373	103.213
25	maps/mazes/maze_039.map	512	512	326	117	307	77	103.243
24	maps/mazes/maze_039.map	512	512	313	224	336	189	99.3137
24	maps/mazes/maze_039.map	512	512	13	20	53	25	99.3848
24	maps/mazes/maze_039.map	512	512	444	230	430	253	99.3848
24	maps/mazes/maze_039.map	512	512	312	374	322	425	99.3848
24	maps/mazes/maze_039.map	512	512	129	285	100	260	99.3137
24	maps/mazes/maze_039.map	512	512	272	418	222	428	99.8995
24	maps/mazes/maze_039.map	512	512	62	85	65	22	99.799
24	maps/mazes/maze_039.map	512	512	296	8	301	60	98.799
24	maps/mazes/maze_039.map	512	512	475	380	484	357	99.799
24	maps/mazes/maze_039.map	512	512	78	161	110	169	99.799
23	maps/mazes/maze_039.map	512	512	488	161	484	144	95.8284
23	maps/mazes/maze_039.map	512	512	488	0	498	33	95.1421
23	maps/mazes/maze_039.map	512	512	144	26	91	21	95.8995
23	maps/mazes/maze_039.map	512	512	235	269	249	293	95.5563
23	maps/mazes/maze_039.map	512	512	33	477	8	457	95.7279
23	maps/mazes/maze_039.map	512	512	2	348	25	323	95.3137
23	maps/mazes/maze_039.map	512	512	76	47	68	18	95.9706
23	maps/mazes/maze_039.map	512	512	303	24	285	57	94.799
23	maps/mazes/maze_039.map	512	512	152	343	145	310	95.8995
23	maps/mazes/maze_039.map	512	512	98	508	44	502	95.6569
22	maps/mazes/maze_039.map	512	512	445	458	444	404	91.7279
22	maps/mazes/maze_039.map	512	512	293	308	289	333	91.7279
22	maps/mazes/maze_039.map	512	512	183	280	152	306	91.7279
22	maps/mazes/maze_039.map	512	512	37	447	17	422	91.4853
22	maps/mazes/maze_039.map	512	512	92	80	87	53	91.5563
22	maps/mazes/maze_039.map	512	512	409	228	429	196	91.3137
22	maps/mazes/maze_039.map	512	512	288	412	236	413	91.4853
22	maps/mazes/maze_039.map	512	512	199	85	249	80	91.1421
22	maps/mazes/maze_039.map	512	512	85	115	60	113	91.7279
22	maps/mazes/maze_039.map	512	512	208	348	223	353	91.5563
21	maps/mazes/maze_039.map	512	512	358	233	347	256	87.3137
21	maps/mazes/maze_039.map	512	512	493	272	456	307	87.5563
21	maps/mazes/maze_039.map	512	512	244	41	237	56	87.8995
21	maps/mazes/maze_039.map	512	512	349	49	309	62	87.3848
21	maps/mazes/maze_039.map	512	512	61	188	92	182	87.1421
21	maps/mazes/maze_039.map	512	512	291	504	317	491	87.9706
21	maps/mazes/maze_039.map	512	512	4	464	25	448	87.7279
21	maps/mazes/maze_039.map	512	512	256	169	213	149	87.4853
21	maps/mazes/maze_039.map	512	512	289	108	326	113	87.6569
21	maps/mazes/maze_039.map	512	512	404	383	428	391	87.8995
20	maps/mazes/maze_039.map	512	512	179	204	200	187	83.3137
20	maps/mazes/maze_039.map	512	512	150	433	122	392	83.1421
20	maps/mazes/maze_039.map	512	512	338	332	332	328	83.0711
20	maps/mazes/maze_039.map	512	512	496	33	487	36	83.3137
20	maps/mazes/maze_039.map	512	512	131	365	101	389	83.0711
20	maps/mazes/maze_039.map	512	512	372	18	358	33	83.1421
20	maps/mazes/maze_039.map	512	512	77	57	68	17	83.9706
20	maps/mazes/maze_039.map	512	512	64	372	77	339	83.8995
20	maps/mazes/maze_039.map	512	512	255	80	216	96	83.1421
20	maps/mazes/maze_039.map	512	512	280	486	246	460	83.8995
19	maps/mazes/maze_039.map	512	512	48	470	33	472	79.9706
19	maps/mazes/maze_039.map	512	512	195	405	209	469	79.8995
19	maps/mazes/maze_039.map	512	512	353	270	350	297	79.8995
19	maps/mazes/maze_039.map	512	512	343	144	347	108	79.8995
19	maps/mazes/maze_039.map	512	512	264	171	223	141	79.4853
19	maps/mazes/maze_039.map	512	512	472	57	492	92	79.4853
19	maps/mazes/maze_039.map	512	512	417	118	424	64	79.2426
19	maps/mazes/maze_039.map	512	512	341	482	297	471	79.7279
19	maps/mazes/maze_039.map	512	512	345	501	325	474	79.7279
19	maps/mazes/maze_039.map	512	512	346	389	363	416	79.3137
18	maps/mazes/maze_039.map	512	512	477	390	484	358	75.1421
18	maps/mazes/maze_039.map	512	512	361	445	374	460	75.0711
18	maps/mazes/maze_039.map	512	512	78	192	64	230	75.3137
18	maps/mazes/maze_039.map	512	512	413	37	386	29	75.4853
18	maps/mazes/maze_039.map	512	512	460	217	484	212	75.2426
18	maps/mazes/maze_039.map	512	512	440	30	478	1	75.7279
18	maps/mazes/maze_039.map	512	512	400	495	397	467	75.4853
18	maps/mazes/maze_039.map	512	512	341	89	328	113	75.1421
18	maps/mazes/maze_039.map	512	512	89	503	106	508	75.0711
18	maps/mazes/maze_039.map	512	512	348	124	330	113	75.1421
17	maps/mazes/maze_039.map	512	512	167	253	129	264	71.4853
17	maps/mazes/maze_039.map	512	512	479	28	479	1	71.2426
17	maps/mazes/maze_039.map	512	512	329	165	288	172	71.8995
17	maps/mazes/maze_039.map	512	512	361	314	393	302	71.8995
17	maps/mazes/maze_039.map	512	512	202	8	160	5	71.9706
17	maps/mazes/maze_039.map	512	512	200	2	249	10	71.7279
17	maps/mazes/maze_039.map	512	512	389	92	420	59	71.5563
17	maps/mazes/maze_039.map	512	512	486	337	489	306	71.3137
17	maps/mazes/maze_039.map	512	512	140	245	140	253	71.3137
16	maps/mazes/maze_039.map	512	512	9	48	1	52	67.8995
16	maps/mazes/maze_039.map	512	512	431	392	441	390	67.0711
16	maps/mazes/maze_039.map	512	512	110	132	127	160	67.1421
16	maps/mazes/maze_039.map	512	512	334	5	369	18	67.5563
16	maps/mazes/maze_039.map	512	512	104	121	102	109	67.0711
16	maps/mazes/maze_039.map	512	512	59	460	49	453	67.2426
16	maps/mazes/maze_039.map	512	512	160	162	193	157	67.8995
16	maps/mazes/maze_039.map	512	512	121	432	79	436	67.8995
16	maps/mazes/maze_039.map	512	512	393	64	355	85	67.4853
16	maps/mazes/maze_039.map	512	512	415	193	425	207	67.6569
15	maps/mazes/maze_039.map	512	512	58	245	76	263	63.6569
15	maps/mazes/maze_039.map	512	512	465	63	488	88	63.6569
15	maps/mazes/maze_039.map	512	512	290	92	305	110	62.6569
15	maps/mazes/maze_039.map	512	512	42	188	23	216	63.7279
15	maps/mazes/maze_039.map	512	512	33	444	15	460	63.8995
15	maps/mazes/maze_039.map	512	512	489	297	507	269	63.8995
15	maps/mazes/maze_039.map	512	512	164	388	173	396	63.4853
15	maps/mazes/maze_039.map	512	512	335	60	309	59	63.7279
15	maps/mazes/maze_039.map	512	512	472	45	458	29	63.8995
14	maps/mazes/maze_039.map	512	512	454	232	460	263	59.7279
14	maps/mazes/maze_039.map	512	512	200	66	190	56	59.8995
14	maps/mazes/maze_039.map	512	512	374	416	379	448	59.7279
14	maps/mazes/maze_039.map	512	512	380	384	373	364	59.8284
14	maps/mazes/maze_039.map	512	512	158	424	179	421	59.0711
14	maps/mazes/maze_039.map	512	512	174	425	167	421	59.2426
14	maps/mazes/maze_039.map	512	512	102	320	105	287	59.6569
14	maps/mazes/maze_039.map	512	512	69	312	89	322	59.8995
14	maps/mazes/maze_039.map	512	512	173	409	161	423	59.8995
14	maps/mazes/maze_039.map	512	512	465	29	477	8	59.2426
13	maps/mazes/maze_039.map	512	512	288	325	268	309	54.8284
13	maps/mazes/maze_039.map	512	512	111	9	105	23	55.6569
13	maps/mazes/maze_039.map	512	512	204	456	240	480	55.8995
13	maps/mazes/maze_039.map	512	512	281	294	282	261	55.6569
13	maps/mazes/maze_039.map	512	512	180	408	169	420	55.4853
13	maps/mazes/maze_039.map	512	512	331	73	367	69	55.3137
13	maps/mazes/maze_039.map	512	512	264	0	293	20	55.7279
13	maps/mazes/maze_039.map	512	512	317	312	320	314	55.7279
13	maps/mazes/maze_039.map	512	512	60	373	66	352	55.2426
13	maps/mazes/maze_039.map	512	512	201	244	197	210	55.3137
12	maps/mazes/maze_039.map	512	512	110	125	130	113	51.6569
12	maps/mazes/maze_039.map	512	512	482	393	492	368	51.7279
12	maps/mazes/maze_039.map	512	512	336	319	326	325	51.6569
12	maps/mazes/maze_039.map	512	512	397	319	388	315	51.2426
12	maps/mazes/maze_039.map	512	512	34	89	59	96	51.0711
12	maps/mazes/maze_039.map	512	512	56	305	38	284	51.2426
12	maps/mazes/maze_039.map	512	512	224	314	240	316	51.6569
12	maps/mazes/maze_039.map	512	512	504	17	504	35	51.6569
12	maps/mazes/maze_039.map	512	512	221	202	229	202	51.0711
12	maps/mazes/maze_039.map	512	512	397	265	405	231	51.6569
11	maps/mazes/maze_039.map	512	512	120	145	132	162	47.4853
11	maps/mazes/maze_039.map	512	512	280	230	292	213	47.8284
11	maps/mazes/maze_039.map	512	512	177	484	197	488	47.8995
11	maps/mazes/maze_039.map	512	512	480	52	462	41	47.4853
11	maps/mazes/maze_039.map	512	512	153	219	180	217	47.1421
11	maps/mazes/maze_039.map	512	512	101	121	101	93	47.6569
11	maps/mazes/maze_039.map	512	512	201	457	196	418	47.0711
11	maps/mazes/maze_039.map	512	512	413	280	417	307	47.4853
11	maps/mazes/maze_039.map	512	512	424	200	440	171	47.4853
10	maps/mazes/maze_039.map	512	512	431	484	416	480	43.8284
10	maps/mazes/maze_039.map	512	512	452	440	451	424	43.8284
10	maps/mazes/maze_039.map	512	512	180	196	169	186	43.2426
10	maps/mazes/maze_039.map	512	512	413	83	432	57	43.2426
10	maps/mazes/maze_039.map	512	512	108	505	116	504	43.2426
10	maps/mazes/maze_039.map	512	512	337	18	313	5	43.4853
10	maps/mazes/maze_039.map	512	512	173	388	197	396	43.0711
10	maps/mazes/maze_039.map	512	512	188	90	173	104	43.8284
10	maps/mazes/maze_039.map	512	512	376	312	373	291	43.6569
10	maps/mazes/maze_039.map	512	512	441	140	441	132	43.6569
9	maps/mazes/maze_039.map	512	512	480	410	489	411	39.6569
9	maps/mazes/maze_039.map	512	512	175	153	148	137	39.4853
9	maps/mazes/maze_039.map	512	512	27	196	34	180	39.2426
9	maps/mazes/maze_039.map	512	512	112	27	95	25	39.8284
9	maps/mazes/maze_039.map	512	512	420	366	413	387	39.0711
9	maps/mazes/maze_039.map	512	512	433	55	413	77	39.6569
9	maps/mazes/maze_039.map	512	512	482	8	499	25	39.6569
9	maps/mazes/maze_039.map	512	512	347	108	318	117	39.8995
9	maps/mazes/maze_039.map	512	512	317	230	308	240	39.4853
8	maps/mazes/maze_039.map	512	512	68	422	76	421	35.2426
8	maps/mazes/maze_039.map	512	512	37	481	15	464	35.4853
8	maps/mazes/maze_039.map	512	512	172	486	185	496	35.4853
8	maps/mazes/maze_039.map	512	512	389	96	402	85	35.6569
8	maps/mazes/maze_039.map	512	512	209	466	203	440	35.6569
8	maps/mazes/maze_039.map	512	512	357	131	363	140	35.8284
8	maps/mazes/maze_039.map	512	512	245	265	245	258	35.8284
8	maps/mazes/maze_039.map	512	512	112	458	120	476	35.8995
8	maps/mazes/maze_039.map	512	512	254	53	253	70	35.0711
8	maps/mazes/maze_039.map	512	512	102	9	95	21	35.2426
7	maps/mazes/maze_039.map	512	512	160	109	141	101	31.2426
7	maps/mazes/maze_039.map	512	512	104	312	114	328	31.4142
7	maps/mazes/maze_039.map	512	512	424	206	436	185	31.8284
7	maps/mazes/maze_039.map	512	512	224	152	240	157	31.2426
7	maps/mazes/maze_039.map	512	512	414	16	394	29	31.2426
7	maps/mazes/maze_039.map	512	512	364	509	369	500	31.0711
7	maps/mazes/maze_039.map	512	512	352	97	341	90	31.6569
7	maps/mazes/maze_039.map	512	512	94	372	92	345	31.8284
7	maps/mazes/maze_039.map	512	512	33	328	37	342	31.0711
7	maps/mazes/maze_039.map	512	512	126	141	110	133	31.0711
6	maps/mazes/maze_039.map	512	512	413	368	418	380	27.2426
6	maps/mazes/maze_039.map	512	512	493	380	485	364	27.6569
6	maps/mazes/maze_039.map	512	512	453	305	437	305	27.0711
6	maps/mazes/maze_039.map	512	512	403	32	409	52	27.0711
6	maps/mazes/maze_039.map	512	512	443	472	434	461	27.6569
6	maps/mazes/maze_039.map	512	512	152	444	136	437	27.8284
6	maps/mazes/maze_039.map	512	512	82	421	84	410	27.8284
6	maps/mazes/maze_039.map	512	512	475	237	488	249	27.2426
6	maps/mazes/maze_039.map	512	512	436	55	452	55	27.6569
6	maps/mazes/maze_039.map	512	512	173	434	176	443	27.6569
5	maps/mazes/maze_039.map	512	512	361	264	360	274	23.8284
5	maps/mazes/maze_039.map	512	512	436	1	456	3	23.4142
5	maps/mazes/maze_039.map	512	512	73	404	62	412	23.8284
5	maps/mazes/maze_039.map	512	512	81	438	65	440	23.0711
5	maps/mazes/maze_039.map	512	512	149	333	140	337	23.8284
5	maps/mazes/maze_039.map	512	512	430	504	428	499	23.8284
5	maps/mazes/maze_039.map	512	512	179	344	177	337	23.8284
5	maps/mazes/maze_039.map	512	512	60	316	67	305	23.4142
5	maps/mazes/maze_039.map	512	512	309	192	319	184	23.4142
5	maps/mazes/maze_039.map	512	512	116	501	106	508	23.8284
4	maps/mazes/maze_039.map	512	512	123	393	133	395	19.6569
4	maps/mazes/maze_039.map	512	512	204	226	216	233	19.2426
4	maps/mazes/maze_039.map	512	512	184	168	196	165	19.8284
4	maps/mazes/maze_039.map	512	512	274	421	261	413	19.8284
4	maps/mazes/maze_039.map	512	512	245	346	237	332	19.6569
4	maps/mazes/maze_039.map	512	512	494	297	502	308	19.8284
4	maps/mazes/maze_039.map	512	512	396	268	413	272	19.8284
4	maps/mazes/maze_039.map	512	512	27	465	36	453	19.2426
4	maps/mazes/maze_039.map	512	512	263	165	256	160	19.4142
4	maps/mazes/maze_039.map	512	512	316	382	313	390	19.8284
3	maps/mazes/maze_039.map	512	512	161	462	157	462	15.4142
3	maps/mazes/maze_039.map	512	512	329	180	340	186	15.2426
3	maps/mazes/maze_039.map	512	512	264	240	262	252	15.4142
3	maps/mazes/maze_039.map	512	512	147	436	136	438	15.2426
3	maps/mazes/maze_039.map	512	512	60	336	49	341	15.4142
3	maps/mazes/maze_039.map	512	512	483	76	488	73	15.4142
3	maps/mazes/maze_039.map	512	512	217	349	221	346	15.8284
3	maps/mazes/maze_039.map	512	512	81	10	93	10	15.4142
3	maps/mazes/maze_039.map	512	512	199	260	189	256	15.4142
2	maps/mazes/maze_039.map	512	512	244	232	252	237	11.8284
2	maps/mazes/maze_039.map	512	512	165	268	172	273	11.4142
2	maps/mazes/maze_039.map	512	512	64	197	56	200	11
2	maps/mazes/maze_039.map	512	512	84	322	79	328	11
2	maps/mazes/maze_039.map	512	512	150	188	159	192	11.8284
2	maps/mazes/maze_039.map	512	512	496	32	505	36	11.8284
2	maps/mazes/maze_039.map	512	512	289	478	282	484	11.2426
2	maps/mazes/maze_039.map	512	512	117	437	122	429	11.8284
2	maps/mazes/maze_039.map	512	512	124	281	126	284	11
2	maps/mazes/maze_039.map	512	512	16	134	17	123	11.4142
1	maps/mazes/maze_039.map	512	512	110	89	117	89	7
1	maps/mazes/maze_039.map	512	512	216	121	213	117	7
1	maps/mazes/maze_039.map	512	512	377	177	373	180	7
1	maps/mazes/maze_039.map	512	512	58	473	63	469	7.82843
1	maps/mazes/maze_039.map	512	512	240	480	235	476	7.82843
1	maps/mazes/maze_039.map	512	512	233	112	238	109	7.41421
1	maps/mazes/maze_039.map	512	512	305	319	306	313	7
1	maps/mazes/maze_039.map	512	512	427	221	421	222	7
1	maps/mazes/maze_039.map	512	512	57	408	60	403	7.41421
0	maps/mazes/maze_039.map	512	512	264	157	261	156	3.41421
0	maps/mazes/maze_039.map	512	512	324	12	325	15	3.41421
0	maps/mazes/maze_039.map	512	512	164	145	161	145	3
0	maps/mazes/maze_039.map	512	512	205	177	202	177	3
0	maps/mazes/maze_039.map	512	512	204	129	201	128	3.41421
0	maps/mazes/maze_039.map	512	512	17	240	14	240	3
0	maps/mazes/maze_039.map	512	512	224	155	227	156	3.41421
0	maps/mazes/maze_039.map	512	512	79	225	81	222	3.82843
0	maps/mazes/maze_039.map	512	512	457	497	457	494	3
0	maps/mazes/maze_039.map	512	512	293	239	294	237	3
