version 1
127	maps/mazes/maze_072.map	512	512	24	25	237	51	511.368
127	maps/mazes/maze_072.map	512	512	78	369	119	328	511.539
127	maps/mazes/maze_072.map	512	512	432	61	444	33	511.296
127	maps/mazes/maze_072.map	512	512	36	207	61	120	511.296
127	maps/mazes/maze_072.map	512	512	237	324	133	322	511.296
127	maps/mazes/maze_072.map	512	512	80	331	54	132	511.368
127	maps/mazes/maze_072.map	512	512	441	497	373	434	511.61
127	maps/mazes/maze_072.map	512	512	298	100	266	29	511.368
127	maps/mazes/maze_072.map	512	512	456	423	434	276	511.468
127	maps/mazes/maze_072.map	512	512	72	424	97	256	511.368
126	maps/mazes/maze_072.map	512	512	298	461	315	500	507.539
126	maps/mazes/maze_072.map	512	512	372	337	436	253	507.439
126	maps/mazes/maze_072.map	512	512	245	392	181	457	507.125
78	maps/mazes/maze_072.map	512	512	257	16	364	72	314.255
126	maps/mazes/maze_072.map	512	512	309	430	355	504	507.64
126	maps/mazes/maze_072.map	512	512	438	180	426	265	507.267
126	maps/mazes/maze_072.map	512	512	28	289	88	145	507.882
126	maps/mazes/maze_072.map	512	512	1	312	84	196	507.368
126	maps/mazes/maze_072.map	512	512	40	226	37	270	507.61
126	maps/mazes/maze_072.map	512	512	81	64	149	1	507.225
126	maps/mazes/maze_072.map	512	512	64	97	45	15	507.125
125	maps/mazes/maze_072.map	512	512	117	55	19	5	503.296
125	maps/mazes/maze_072.map	512	512	157	96	274	96	503.953
125	maps/mazes/maze_072.map	512	512	29	285	86	164	503.539
125	maps/mazes/maze_072.map	512	512	238	184	253	26	503.125
125	maps/mazes/maze_072.map	512	512	5	140	49	2	503.782
125	maps/mazes/maze_072.map	512	512	181	392	84	325	503.882
125	maps/mazes/maze_072.map	512	512	404	174	464	86	503.196
125	maps/mazes/maze_072.map	512	512	314	40	162	96	503.296
125	maps/mazes/maze_072.map	512	512	329	450	216	334	503.569
125	maps/mazes/maze_072.map	512	512	221	487	130	485	503.024
124	maps/mazes/maze_072.map	512	512	332	417	205	323	499.569
124	maps/mazes/maze_072.map	512	512	492	160	501	137	499.782
124	maps/mazes/maze_072.map	512	512	365	106	280	16	499.711
124	maps/mazes/maze_072.map	512	512	293	227	184	99	499.125
124	maps/mazes/maze_072.map	512	512	73	429	101	260	499.711
124	maps/mazes/maze_072.map	512	512	366	56	231	61	499.054
124	maps/mazes/maze_072.map	512	512	337	410	212	325	499.397
124	maps/mazes/maze_072.map	512	512	317	130	231	105	499.811
124	maps/mazes/maze_072.map	512	512	360	162	443	192	499.468
124	maps/mazes/maze_072.map	512	512	80	384	104	321	499.711
123	maps/mazes/maze_072.map	512	512	242	452	310	448	494.61
123	maps/mazes/maze_072.map	512	512	104	271	86	145	495.539
123	maps/mazes/maze_072.map	512	512	0	27	173	119	494.882
123	maps/mazes/maze_072.map	512	512	57	309	68	133	495.61
123	maps/mazes/maze_072.map	512	512	217	273	165	333	495.296
123	maps/mazes/maze_072.map	512	512	430	88	448	28	495.882
123	maps/mazes/maze_072.map	512	512	156	40	233	54	495.125
123	maps/mazes/maze_072.map	512	512	280	400	316	492	495.196
123	maps/mazes/maze_072.map	512	512	265	128	72	37	495.054
123	maps/mazes/maze_072.map	512	512	341	320	396	256	495.61
122	maps/mazes/maze_072.map	512	512	61	443	73	321	491.882
122	maps/mazes/maze_072.map	512	512	499	20	460	77	491.296
122	maps/mazes/maze_072.map	512	512	379	20	466	77	491.782
122	maps/mazes/maze_072.map	512	512	1	17	213	103	491.296
122	maps/mazes/maze_072.map	512	512	297	469	397	445	491.983
122	maps/mazes/maze_072.map	512	512	472	488	493	347	491.054
122	maps/mazes/maze_072.map	512	512	468	155	436	269	491.539
122	maps/mazes/maze_072.map	512	512	253	16	135	93	491.711
122	maps/mazes/maze_072.map	512	512	29	50	82	164	491.569
122	maps/mazes/maze_072.map	512	512	384	151	409	195	491.711
121	maps/mazes/maze_072.map	512	512	475	100	468	17	487.539
121	maps/mazes/maze_072.map	512	512	53	507	79	305	487.882
121	maps/mazes/maze_072.map	512	512	491	492	491	320	487.154
121	maps/mazes/maze_072.map	512	512	504	289	452	186	487.368
121	maps/mazes/maze_072.map	512	512	351	1	472	19	487.569
121	maps/mazes/maze_072.map	512	512	260	157	248	130	487.225
121	maps/mazes/maze_072.map	512	512	221	479	181	462	487.125
121	maps/mazes/maze_072.map	512	512	413	277	420	182	486.953
121	maps/mazes/maze_072.map	512	512	175	333	286	388	487.397
121	maps/mazes/maze_072.map	512	512	405	173	459	77	487.539
120	maps/mazes/maze_072.map	512	512	373	186	400	169	483.539
120	maps/mazes/maze_072.map	512	512	367	192	502	133	483.882
69	maps/mazes/maze_072.map	512	512	405	401	389	343	279.012
120	maps/mazes/maze_072.map	512	512	144	16	184	102	483.64
120	maps/mazes/maze_072.map	512	512	92	25	9	47	483.711
120	maps/mazes/maze_072.map	512	512	236	268	304	275	483.468
120	maps/mazes/maze_072.map	512	512	477	409	450	280	483.64
120	maps/mazes/maze_072.map	512	512	318	269	448	237	483.338
120	maps/mazes/maze_072.map	512	512	231	149	55	5	483.882
120	maps/mazes/maze_072.map	512	512	85	504	77	344	483.054
120	maps/mazes/maze_072.map	512	512	292	150	245	132	483.569
119	maps/mazes/maze_072.map	512	512	183	88	12	50	479.711
119	maps/mazes/maze_072.map	512	512	220	331	85	318	479.882
119	maps/mazes/maze_072.map	512	512	433	108	403	48	479.054
0	maps/mazes/maze_072.map	512	512	269	152	272	153	3.41421
119	maps/mazes/maze_072.map	512	512	35	448	80	411	479.64
119	maps/mazes/maze_072.map	512	512	89	437	98	344	479.64
119	maps/mazes/maze_072.map	512	512	397	172	452	90	479.125
119	maps/mazes/maze_072.map	512	512	156	340	89	226	479.953
119	maps/mazes/maze_072.map	512	512	316	271	444	241	479.338
3	maps/mazes/maze_072.map	512	512	432	358	429	365	12
119	maps/mazes/maze_072.map	512	512	97	494	77	312	479.397
119	maps/mazes/maze_072.map	512	512	314	293	418	233	479.095
118	maps/mazes/maze_072.map	512	512	129	140	30	5	475.296
118	maps/mazes/maze_072.map	512	512	269	304	229	194	475.983
118	maps/mazes/maze_072.map	512	512	462	85	492	31	475.882
118	maps/mazes/maze_072.map	512	512	264	284	272	252	475.397
118	maps/mazes/maze_072.map	512	512	233	64	241	99	474.882
118	maps/mazes/maze_072.map	512	512	509	31	299	12	475.326
118	maps/mazes/maze_072.map	512	512	28	260	68	250	475.539
118	maps/mazes/maze_072.map	512	512	56	459	97	299	475.468
118	maps/mazes/maze_072.map	512	512	447	13	384	5	475.811
118	maps/mazes/maze_072.map	512	512	406	325	408	195	475.439
117	maps/mazes/maze_072.map	512	512	224	202	292	285	471.225
117	maps/mazes/maze_072.map	512	512	21	378	87	244	471.782
117	maps/mazes/maze_072.map	512	512	9	10	51	101	471.225
117	maps/mazes/maze_072.map	512	512	455	504	372	446	471.953
26	maps/mazes/maze_072.map	512	512	387	485	391	505	106.385
117	maps/mazes/maze_072.map	512	512	455	248	492	103	471.539
117	maps/mazes/maze_072.map	512	512	130	221	93	153	471.468
117	maps/mazes/maze_072.map	512	512	397	248	508	151	471.196
117	maps/mazes/maze_072.map	512	512	456	499	508	339	471.154
117	maps/mazes/maze_072.map	512	512	102	485	82	364	471.811
117	maps/mazes/maze_072.map	512	512	16	128	66	17	471.468
116	maps/mazes/maze_072.map	512	512	15	228	65	286	467.782
116	maps/mazes/maze_072.map	512	512	81	192	100	328	467.61
99	maps/mazes/maze_072.map	512	512	72	73	43	176	399.154
116	maps/mazes/maze_072.map	512	512	269	49	176	91	467.225
116	maps/mazes/maze_072.map	512	512	188	396	193	311	467.64
116	maps/mazes/maze_072.map	512	512	393	44	425	18	467.983
116	maps/mazes/maze_072.map	512	512	324	217	437	222	467.539
116	maps/mazes/maze_072.map	512	512	425	491	365	428	467.125
116	maps/mazes/maze_072.map	512	512	16	52	76	150	467.154
116	maps/mazes/maze_072.map	512	512	384	500	357	453	467.196
116	maps/mazes/maze_072.map	512	512	85	70	42	81	467.054
115	maps/mazes/maze_072.map	512	512	385	344	437	224	463.782
115	maps/mazes/maze_072.map	512	512	483	8	333	5	463.083
115	maps/mazes/maze_072.map	512	512	129	343	85	141	463.296
115	maps/mazes/maze_072.map	512	512	486	385	426	205	463.296
115	maps/mazes/maze_072.map	512	512	332	501	369	437	463.569
115	maps/mazes/maze_072.map	512	512	468	348	411	216	463.711
115	maps/mazes/maze_072.map	512	512	75	280	121	181	463.711
115	maps/mazes/maze_072.map	512	512	341	390	179	321	463.569
115	maps/mazes/maze_072.map	512	512	316	312	184	139	463.811
115	maps/mazes/maze_072.map	512	512	117	73	17	55	463.054
114	maps/mazes/maze_072.map	512	512	447	28	468	93	459.296
114	maps/mazes/maze_072.map	512	512	373	415	273	380	459.811
114	maps/mazes/maze_072.map	512	512	9	505	81	362	459.711
114	maps/mazes/maze_072.map	512	512	444	476	401	448	459.711
114	maps/mazes/maze_072.map	512	512	382	257	405	188	459.882
114	maps/mazes/maze_072.map	512	512	148	194	68	97	459.912
114	maps/mazes/maze_072.map	512	512	190	357	129	321	458.64
114	maps/mazes/maze_072.map	512	512	255	425	122	508	459.054
114	maps/mazes/maze_072.map	512	512	409	188	455	73	459.125
87	maps/mazes/maze_072.map	512	512	97	150	117	301	350.983
114	maps/mazes/maze_072.map	512	512	182	405	98	344	459.225
113	maps/mazes/maze_072.map	512	512	437	363	411	193	455.296
113	maps/mazes/maze_072.map	512	512	349	412	402	304	455.953
113	maps/mazes/maze_072.map	512	512	252	505	160	486	455.368
113	maps/mazes/maze_072.map	512	512	325	8	249	102	455.983
113	maps/mazes/maze_072.map	512	512	39	61	56	28	455.882
113	maps/mazes/maze_072.map	512	512	89	361	109	169	455.882
113	maps/mazes/maze_072.map	512	512	306	48	196	95	455.711
113	maps/mazes/maze_072.map	512	512	461	433	420	339	455.468
113	maps/mazes/maze_072.map	512	512	28	339	92	256	455.125
113	maps/mazes/maze_072.map	512	512	51	52	54	137	455.154
112	maps/mazes/maze_072.map	512	512	439	273	486	140	451.64
112	maps/mazes/maze_072.map	512	512	320	228	358	269	451.368
112	maps/mazes/maze_072.map	512	512	505	88	460	57	451.64
112	maps/mazes/maze_072.map	512	512	501	491	489	314	451.326
112	maps/mazes/maze_072.map	512	512	496	86	388	199	451.468
112	maps/mazes/maze_072.map	512	512	356	229	474	137	451.882
112	maps/mazes/maze_072.map	512	512	42	49	53	108	451.154
112	maps/mazes/maze_072.map	512	512	129	184	92	98	451.912
112	maps/mazes/maze_072.map	512	512	349	346	392	299	450.953
112	maps/mazes/maze_072.map	512	512	4	113	75	133	451.083
111	maps/mazes/maze_072.map	512	512	322	232	437	269	447.095
111	maps/mazes/maze_072.map	512	512	328	375	424	288	447.953
111	maps/mazes/maze_072.map	512	512	129	320	109	167	447.125
111	maps/mazes/maze_072.map	512	512	31	297	88	169	446.74
111	maps/mazes/maze_072.map	512	512	44	481	77	307	447.225
111	maps/mazes/maze_072.map	512	512	68	172	55	137	447.154
103	maps/mazes/maze_072.map	512	512	454	248	331	244	412.439
91	maps/mazes/maze_072.map	512	512	77	434	59	401	365.811
111	maps/mazes/maze_072.map	512	512	298	308	237	228	447.326
111	maps/mazes/maze_072.map	512	512	366	68	247	45	447.154
111	maps/mazes/maze_072.map	512	512	305	289	184	119	447.811
56	maps/mazes/maze_072.map	512	512	452	336	508	299	226.012
111	maps/mazes/maze_072.map	512	512	308	432	353	500	447.811
110	maps/mazes/maze_072.map	512	512	52	385	69	347	443.225
110	maps/mazes/maze_072.map	512	512	121	204	81	161	443.225
110	maps/mazes/maze_072.map	512	512	308	165	201	110	443.497
110	maps/mazes/maze_072.map	512	512	78	464	215	468	442.983
110	maps/mazes/maze_072.map	512	512	275	208	169	153	443.711
23	maps/mazes/maze_072.map	512	512	387	329	370	272	94.2843
110	maps/mazes/maze_072.map	512	512	222	421	122	497	443.054
110	maps/mazes/maze_072.map	512	512	125	345	106	145	443.468
110	maps/mazes/maze_072.map	512	512	229	33	429	26	443.669
110	maps/mazes/maze_072.map	512	512	424	484	375	428	443.125
23	maps/mazes/maze_072.map	512	512	93	423	74	469	94.3137
110	maps/mazes/maze_072.map	512	512	72	373	109	169	443.468
109	maps/mazes/maze_072.map	512	512	5	168	87	257	439.711
109	maps/mazes/maze_072.map	512	512	48	281	96	151	439.397
109	maps/mazes/maze_072.map	512	512	163	493	232	442	439.64
109	maps/mazes/maze_072.map	512	512	224	4	389	5	439.255
109	maps/mazes/maze_072.map	512	512	43	472	85	439	439.569
109	maps/mazes/maze_072.map	512	512	190	356	146	324	439.64
6	maps/mazes/maze_072.map	512	512	461	135	476	125	25.8284
109	maps/mazes/maze_072.map	512	512	305	157	279	129	439.74
109	maps/mazes/maze_072.map	512	512	497	69	462	165	439.711
109	maps/mazes/maze_072.map	512	512	280	340	424	312	439.539
109	maps/mazes/maze_072.map	512	512	477	277	456	173	439.811
108	maps/mazes/maze_072.map	512	512	345	64	212	76	435.225
108	maps/mazes/maze_072.map	512	512	433	258	449	181	435.711
108	maps/mazes/maze_072.map	512	512	257	271	319	325	435.397
108	maps/mazes/maze_072.map	512	512	93	321	77	149	435.882
108	maps/mazes/maze_072.map	512	512	353	152	294	112	435.569
108	maps/mazes/maze_072.map	512	512	389	286	415	205	435.953
108	maps/mazes/maze_072.map	512	512	253	484	317	447	435.953
108	maps/mazes/maze_072.map	512	512	377	125	307	64	435.811
108	maps/mazes/maze_072.map	512	512	351	125	351	65	435.054
108	maps/mazes/maze_072.map	512	512	212	187	214	69	435.397
107	maps/mazes/maze_072.map	512	512	397	213	400	219	431.225
107	maps/mazes/maze_072.map	512	512	2	281	77	193	431.225
107	maps/mazes/maze_072.map	512	512	184	157	48	17	431.397
107	maps/mazes/maze_072.map	512	512	417	351	405	241	431.782
107	maps/mazes/maze_072.map	512	512	484	333	438	221	431.64
107	maps/mazes/maze_072.map	512	512	121	162	109	92	431.497
107	maps/mazes/maze_072.map	512	512	5	433	48	429	431.811
107	maps/mazes/maze_072.map	512	512	324	439	221	337	431.083
107	maps/mazes/maze_072.map	512	512	253	82	243	108	431.74
107	maps/mazes/maze_072.map	512	512	143	328	105	259	430.882
106	maps/mazes/maze_072.map	512	512	296	228	183	117	427.64
106	maps/mazes/maze_072.map	512	512	193	160	49	9	427.225
106	maps/mazes/maze_072.map	512	512	407	373	444	229	427.225
106	maps/mazes/maze_072.map	512	512	68	180	63	97	427.983
106	maps/mazes/maze_072.map	512	512	40	375	73	353	427.569
106	maps/mazes/maze_072.map	512	512	228	473	126	485	427.882
106	maps/mazes/maze_072.map	512	512	410	180	460	89	426.882
106	maps/mazes/maze_072.map	512	512	440	452	369	475	427.64
106	maps/mazes/maze_072.map	512	512	65	85	69	30	427.225
106	maps/mazes/maze_072.map	512	512	369	327	372	279	427.225
105	maps/mazes/maze_072.map	512	512	473	412	452	371	423.74
105	maps/mazes/maze_072.map	512	512	241	309	165	335	423.983
105	maps/mazes/maze_072.map	512	512	265	402	220	472	423.811
105	maps/mazes/maze_072.map	512	512	68	17	231	100	423.74
105	maps/mazes/maze_072.map	512	512	371	488	321	445	423.225
105	maps/mazes/maze_072.map	512	512	100	212	72	113	423.912
105	maps/mazes/maze_072.map	512	512	424	450	401	499	423.983
105	maps/mazes/maze_072.map	512	512	340	408	357	268	423.811
105	maps/mazes/maze_072.map	512	512	121	149	24	20	423.397
105	maps/mazes/maze_072.map	512	512	409	304	408	187	423.64
104	maps/mazes/maze_072.map	512	512	454	445	459	276	419.497
104	maps/mazes/maze_072.map	512	512	501	92	432	205	419.64
104	maps/mazes/maze_072.map	512	512	321	0	212	70	419.326
104	maps/mazes/maze_072.map	512	512	380	456	324	416	419.397
104	maps/mazes/maze_072.map	512	512	473	328	439	224	419.64
104	maps/mazes/maze_072.map	512	512	191	508	206	456	419.225
104	maps/mazes/maze_072.map	512	512	29	253	53	261	419.64
104	maps/mazes/maze_072.map	512	512	196	54	165	175	419.497
104	maps/mazes/maze_072.map	512	512	334	33	308	52	419.326
104	maps/mazes/maze_072.map	512	512	316	120	233	55	419.054
103	maps/mazes/maze_072.map	512	512	208	420	148	331	415.811
103	maps/mazes/maze_072.map	512	512	80	218	96	311	415.125
103	maps/mazes/maze_072.map	512	512	345	195	456	174	415.983
103	maps/mazes/maze_072.map	512	512	312	163	273	123	415.912
103	maps/mazes/maze_072.map	512	512	472	193	415	201	415.225
103	maps/mazes/maze_072.map	512	512	260	360	143	377	415.054
103	maps/mazes/maze_072.map	512	512	170	225	257	120	415.397
103	maps/mazes/maze_072.map	512	512	68	247	48	137	415.154
103	maps/mazes/maze_072.map	512	512	340	489	373	501	415.77
102	maps/mazes/maze_072.map	512	512	323	313	177	190	410.983
102	maps/mazes/maze_072.map	512	512	108	466	93	416	411.083
102	maps/mazes/maze_072.map	512	512	124	28	2	68	411.983
102	maps/mazes/maze_072.map	512	512	420	106	399	53	411.154
102	maps/mazes/maze_072.map	512	512	28	354	92	256	411.539
102	maps/mazes/maze_072.map	512	512	161	157	273	121	411.74
102	maps/mazes/maze_072.map	512	512	506	153	464	62	411.225
102	maps/mazes/maze_072.map	512	512	36	298	89	171	411.74
102	maps/mazes/maze_072.map	512	512	43	428	77	390	411.74
102	maps/mazes/maze_072.map	512	512	364	491	322	453	411.397
101	maps/mazes/maze_072.map	512	512	289	329	424	304	407.296
101	maps/mazes/maze_072.map	512	512	313	37	214	104	407.983
101	maps/mazes/maze_072.map	512	512	194	305	102	336	407.569
101	maps/mazes/maze_072.map	512	512	472	121	405	194	407.054
101	maps/mazes/maze_072.map	512	512	205	492	187	472	407.397
101	maps/mazes/maze_072.map	512	512	505	235	470	144	407.296
101	maps/mazes/maze_072.map	512	512	17	410	100	286	406.983
101	maps/mazes/maze_072.map	512	512	272	95	237	47	407.711
101	maps/mazes/maze_072.map	512	512	440	400	493	342	407.083
101	maps/mazes/maze_072.map	512	512	222	12	181	112	406.64
87	maps/mazes/maze_072.map	512	512	442	345	393	244	348.569
100	maps/mazes/maze_072.map	512	512	250	209	254	108	403.569
100	maps/mazes/maze_072.map	512	512	361	237	464	162	403.397
100	maps/mazes/maze_072.map	512	512	506	364	437	248	403.083
100	maps/mazes/maze_072.map	512	512	153	493	55	368	403.426
100	maps/mazes/maze_072.map	512	512	64	236	105	303	403.882
100	maps/mazes/maze_072.map	512	512	92	9	158	52	403.083
100	maps/mazes/maze_072.map	512	512	341	492	380	504	403.77
100	maps/mazes/maze_072.map	512	512	191	28	140	65	403.154
100	maps/mazes/maze_072.map	512	512	165	358	95	320	403.74
100	maps/mazes/maze_072.map	512	512	105	206	92	154	403.225
99	maps/mazes/maze_072.map	512	512	60	305	93	154	399.983
99	maps/mazes/maze_072.map	512	512	165	275	182	204	399.154
99	maps/mazes/maze_072.map	512	512	365	34	308	49	399.255
99	maps/mazes/maze_072.map	512	512	226	93	305	5	399.669
99	maps/mazes/maze_072.map	512	512	21	410	102	284	399.811
99	maps/mazes/maze_072.map	512	512	292	219	184	151	399.64
99	maps/mazes/maze_072.map	512	512	154	432	141	489	399.296
99	maps/mazes/maze_072.map	512	512	129	108	230	37	399.397
99	maps/mazes/maze_072.map	512	512	372	101	466	49	399.983
98	maps/mazes/maze_072.map	512	512	289	120	253	27	395.225
98	maps/mazes/maze_072.map	512	512	100	404	84	313	395.569
98	maps/mazes/maze_072.map	512	512	430	101	417	37	395.326
79	maps/mazes/maze_072.map	512	512	77	448	73	385	316.497
98	maps/mazes/maze_072.map	512	512	449	489	404	446	395.397
98	maps/mazes/maze_072.map	512	512	149	141	5	56	395.569
98	maps/mazes/maze_072.map	512	512	428	379	439	224	395.64
98	maps/mazes/maze_072.map	512	512	160	293	137	317	395.468
98	maps/mazes/maze_072.map	512	512	413	337	439	224	395.125
84	maps/mazes/maze_072.map	512	512	197	309	89	329	336.083
98	maps/mazes/maze_072.map	512	512	313	377	422	312	395.296
98	maps/mazes/maze_072.map	512	512	457	362	448	269	395.397
97	maps/mazes/maze_072.map	512	512	103	320	101	178	391.054
97	maps/mazes/maze_072.map	512	512	301	33	219	104	391.225
97	maps/mazes/maze_072.map	512	512	385	58	294	25	391.497
97	maps/mazes/maze_072.map	512	512	237	8	425	7	391.426
97	maps/mazes/maze_072.map	512	512	455	476	383	476	391.983
97	maps/mazes/maze_072.map	512	512	136	312	89	228	391.225
97	maps/mazes/maze_072.map	512	512	77	287	106	156	391.397
97	maps/mazes/maze_072.map	512	512	323	200	405	219	391.225
97	maps/mazes/maze_072.map	512	512	474	32	455	73	391.154
97	maps/mazes/maze_072.map	512	512	213	453	124	485	391.225
96	maps/mazes/maze_072.map	512	512	116	280	113	405	387.154
96	maps/mazes/maze_072.map	512	512	334	45	305	57	387.083
96	maps/mazes/maze_072.map	512	512	426	53	425	18	387.497
96	maps/mazes/maze_072.map	512	512	67	29	241	99	386.912
96	maps/mazes/maze_072.map	512	512	4	55	53	103	387.083
96	maps/mazes/maze_072.map	512	512	478	8	400	2	387.012
96	maps/mazes/maze_072.map	512	512	354	165	420	190	387.912
96	maps/mazes/maze_072.map	512	512	186	293	118	328	387.225
96	maps/mazes/maze_072.map	512	512	251	181	301	101	387.497
96	maps/mazes/maze_072.map	512	512	313	407	227	337	387.255
95	maps/mazes/maze_072.map	512	512	313	204	217	166	383.941
95	maps/mazes/maze_072.map	512	512	430	216	504	150	383.154
95	maps/mazes/maze_072.map	512	512	251	457	293	430	383.468
95	maps/mazes/maze_072.map	512	512	212	248	297	276	383.912
95	maps/mazes/maze_072.map	512	512	417	249	444	190	383.397
95	maps/mazes/maze_072.map	512	512	321	393	216	327	383.184
95	maps/mazes/maze_072.map	512	512	138	428	69	345	383.74
95	maps/mazes/maze_072.map	512	512	197	127	56	5	383.912
95	maps/mazes/maze_072.map	512	512	301	286	271	237	383.426
95	maps/mazes/maze_072.map	512	512	243	405	220	465	383.569
94	maps/mazes/maze_072.map	512	512	119	40	56	28	379.912
94	maps/mazes/maze_072.map	512	512	53	208	20	280	378.74
94	maps/mazes/maze_072.map	512	512	286	460	285	479	379.74
94	maps/mazes/maze_072.map	512	512	349	433	441	344	379.569
94	maps/mazes/maze_072.map	512	512	293	293	272	229	379.426
94	maps/mazes/maze_072.map	512	512	109	280	77	134	379.154
94	maps/mazes/maze_072.map	512	512	473	27	421	11	379.841
94	maps/mazes/maze_072.map	512	512	509	480	508	328	379.083
94	maps/mazes/maze_072.map	512	512	480	404	446	280	379.497
94	maps/mazes/maze_072.map	512	512	329	466	272	334	379.426
93	maps/mazes/maze_072.map	512	512	308	409	219	344	375.012
93	maps/mazes/maze_072.map	512	512	260	164	201	103	375.012
93	maps/mazes/maze_072.map	512	512	180	280	184	119	375.083
93	maps/mazes/maze_072.map	512	512	36	299	77	179	375.083
93	maps/mazes/maze_072.map	512	512	36	451	43	392	375.497
93	maps/mazes/maze_072.map	512	512	60	400	78	360	375.74
93	maps/mazes/maze_072.map	512	512	425	97	412	45	375.083
93	maps/mazes/maze_072.map	512	512	56	188	50	129	375.912
71	maps/mazes/maze_072.map	512	512	75	88	42	48	285.77
93	maps/mazes/maze_072.map	512	512	79	180	72	116	375.912
93	maps/mazes/maze_072.map	512	512	263	441	305	459	375.882
92	maps/mazes/maze_072.map	512	512	300	370	356	261	371.326
92	maps/mazes/maze_072.map	512	512	329	447	386	469	371.569
92	maps/mazes/maze_072.map	512	512	142	445	69	333	371.669
92	maps/mazes/maze_072.map	512	512	173	48	29	5	371.669
92	maps/mazes/maze_072.map	512	512	450	485	369	477	371.569
92	maps/mazes/maze_072.map	512	512	276	240	184	132	371.983
92	maps/mazes/maze_072.map	512	512	432	274	456	173	371.326
92	maps/mazes/maze_072.map	512	512	85	433	97	296	371.669
92	maps/mazes/maze_072.map	512	512	357	65	229	26	371.083
92	maps/mazes/maze_072.map	512	512	272	257	184	135	371.983
91	maps/mazes/maze_072.map	512	512	284	353	372	274	367.326
91	maps/mazes/maze_072.map	512	512	262	52	261	108	367.912
91	maps/mazes/maze_072.map	512	512	294	405	304	462	367.811
24	maps/mazes/maze_072.map	512	512	425	141	452	140	96.1421
91	maps/mazes/maze_072.map	512	512	332	12	231	61	367.355
91	maps/mazes/maze_072.map	512	512	253	24	175	92	367.74
91	maps/mazes/maze_072.map	512	512	313	32	250	108	367.326
91	maps/mazes/maze_072.map	512	512	320	213	232	185	367.113
91	maps/mazes/maze_072.map	512	512	73	302	90	141	367.74
91	maps/mazes/maze_072.map	512	512	83	369	117	269	367.983
90	maps/mazes/maze_072.map	512	512	100	211	49	114	363.841
90	maps/mazes/maze_072.map	512	512	453	417	453	306	363.426
90	maps/mazes/maze_072.map	512	512	452	108	492	65	363.569
90	maps/mazes/maze_072.map	512	512	325	39	472	4	363.255
90	maps/mazes/maze_072.map	512	512	260	202	221	188	363.811
90	maps/mazes/maze_072.map	512	512	81	132	10	53	363.255
90	maps/mazes/maze_072.map	512	512	258	144	285	109	363.255
90	maps/mazes/maze_072.map	512	512	186	77	47	13	363.184
90	maps/mazes/maze_072.map	512	512	456	326	405	214	363.326
90	maps/mazes/maze_072.map	512	512	133	114	234	100	363.912
89	maps/mazes/maze_072.map	512	512	64	295	89	209	359.326
89	maps/mazes/maze_072.map	512	512	156	213	60	134	359.669
89	maps/mazes/maze_072.map	512	512	196	101	252	21	359.497
89	maps/mazes/maze_072.map	512	512	333	296	424	267	359.64
89	maps/mazes/maze_072.map	512	512	406	180	458	101	359.569
89	maps/mazes/maze_072.map	512	512	185	172	245	130	359.255
89	maps/mazes/maze_072.map	512	512	488	253	492	324	359.669
89	maps/mazes/maze_072.map	512	512	26	369	60	309	359.841
89	maps/mazes/maze_072.map	512	512	94	421	99	305	359.912
89	maps/mazes/maze_072.map	512	512	117	29	18	13	359.912
88	maps/mazes/maze_072.map	512	512	274	196	212	186	355.397
88	maps/mazes/maze_072.map	512	512	154	160	49	118	355.426
51	maps/mazes/maze_072.map	512	512	277	348	209	341	207.042
88	maps/mazes/maze_072.map	512	512	238	381	196	467	355.983
88	maps/mazes/maze_072.map	512	512	340	460	262	320	355.941
39	maps/mazes/maze_072.map	512	512	205	505	220	497	158.213
88	maps/mazes/maze_072.map	512	512	506	125	385	190	355.74
88	maps/mazes/maze_072.map	512	512	372	61	259	29	355.669
88	maps/mazes/maze_072.map	512	512	258	125	145	93	355.669
88	maps/mazes/maze_072.map	512	512	368	123	363	61	355.225
88	maps/mazes/maze_072.map	512	512	97	4	137	53	355.184
88	maps/mazes/maze_072.map	512	512	201	189	232	100	355.841
87	maps/mazes/maze_072.map	512	512	33	377	63	312	350.841
87	maps/mazes/maze_072.map	512	512	296	112	170	92	351.255
87	maps/mazes/maze_072.map	512	512	384	457	328	434	351.326
87	maps/mazes/maze_072.map	512	512	197	401	137	345	351.497
87	maps/mazes/maze_072.map	512	512	314	305	207	185	351.083
87	maps/mazes/maze_072.map	512	512	456	485	385	484	351.154
87	maps/mazes/maze_072.map	512	512	380	289	437	223	351.468
87	maps/mazes/maze_072.map	512	512	376	308	390	297	351.326
86	maps/mazes/maze_072.map	512	512	41	344	96	250	347.468
86	maps/mazes/maze_072.map	512	512	119	485	57	376	347.77
86	maps/mazes/maze_072.map	512	512	438	0	289	3	347.598
86	maps/mazes/maze_072.map	512	512	153	189	49	107	347.841
86	maps/mazes/maze_072.map	512	512	51	397	68	380	347.497
86	maps/mazes/maze_072.map	512	512	207	436	145	475	347.225
86	maps/mazes/maze_072.map	512	512	51	100	90	213	347.255
86	maps/mazes/maze_072.map	512	512	318	149	293	106	347.255
86	maps/mazes/maze_072.map	512	512	5	164	67	105	347.083
86	maps/mazes/maze_072.map	512	512	455	253	368	249	347.912
85	maps/mazes/maze_072.map	512	512	296	407	305	452	343.154
85	maps/mazes/maze_072.map	512	512	276	255	178	152	343.569
61	maps/mazes/maze_072.map	512	512	368	196	415	201	245.355
85	maps/mazes/maze_072.map	512	512	189	346	140	356	343.912
85	maps/mazes/maze_072.map	512	512	413	76	482	41	343.497
85	maps/mazes/maze_072.map	512	512	396	216	497	144	343.912
85	maps/mazes/maze_072.map	512	512	411	448	419	485	343.669
85	maps/mazes/maze_072.map	512	512	187	381	133	335	343.497
85	maps/mazes/maze_072.map	512	512	323	228	415	229	343.326
85	maps/mazes/maze_072.map	512	512	68	66	61	19	343.154
85	maps/mazes/maze_072.map	512	512	40	375	68	322	343.083
84	maps/mazes/maze_072.map	512	512	159	5	130	65	339.426
84	maps/mazes/maze_072.map	512	512	448	107	456	60	339.669
84	maps/mazes/maze_072.map	512	512	498	441	480	405	339.012
84	maps/mazes/maze_072.map	512	512	493	420	464	459	339.841
84	maps/mazes/maze_072.map	512	512	75	384	101	285	339.083
29	maps/mazes/maze_072.map	512	512	124	332	101	317	117.556
84	maps/mazes/maze_072.map	512	512	363	8	488	57	339.983
84	maps/mazes/maze_072.map	512	512	30	360	121	265	339.397
84	maps/mazes/maze_072.map	512	512	29	506	61	382	339.841
84	maps/mazes/maze_072.map	512	512	172	501	226	444	339.083
83	maps/mazes/maze_072.map	512	512	65	348	77	200	335.154
83	maps/mazes/maze_072.map	512	512	277	404	301	449	335.569
83	maps/mazes/maze_072.map	512	512	410	377	436	269	335.497
83	maps/mazes/maze_072.map	512	512	473	279	408	185	335.083
83	maps/mazes/maze_072.map	512	512	144	237	89	234	335.497
83	maps/mazes/maze_072.map	512	512	280	438	312	484	335.983
83	maps/mazes/maze_072.map	512	512	268	108	204	216	335.841
83	maps/mazes/maze_072.map	512	512	114	401	72	333	335.74
83	maps/mazes/maze_072.map	512	512	213	308	117	323	335.912
83	maps/mazes/maze_072.map	512	512	384	226	410	280	335.74
82	maps/mazes/maze_072.map	512	512	182	117	251	45	331.326
82	maps/mazes/maze_072.map	512	512	276	309	276	229	331.941
82	maps/mazes/maze_072.map	512	512	484	65	499	57	331.669
82	maps/mazes/maze_072.map	512	512	286	484	380	488	331.941
82	maps/mazes/maze_072.map	512	512	460	84	465	17	331.497
82	maps/mazes/maze_072.map	512	512	384	275	416	231	331.841
82	maps/mazes/maze_072.map	512	512	389	402	460	275	331.497
82	maps/mazes/maze_072.map	512	512	436	140	484	139	331.912
82	maps/mazes/maze_072.map	512	512	477	291	404	247	331.326
82	maps/mazes/maze_072.map	512	512	56	205	109	281	330.983
31	maps/mazes/maze_072.map	512	512	281	53	301	17	126.971
81	maps/mazes/maze_072.map	512	512	153	262	183	232	327.012
81	maps/mazes/maze_072.map	512	512	49	169	29	91	327.154
81	maps/mazes/maze_072.map	512	512	181	204	99	73	327.184
81	maps/mazes/maze_072.map	512	512	176	465	85	465	327.426
81	maps/mazes/maze_072.map	512	512	240	148	77	47	327.841
81	maps/mazes/maze_072.map	512	512	445	480	388	491	327.497
81	maps/mazes/maze_072.map	512	512	251	200	244	198	327.326
81	maps/mazes/maze_072.map	512	512	112	106	3	33	327.255
81	maps/mazes/maze_072.map	512	512	0	100	61	115	327.941
81	maps/mazes/maze_072.map	512	512	89	137	5	61	327.255
80	maps/mazes/maze_072.map	512	512	25	115	63	120	323.77
80	maps/mazes/maze_072.map	512	512	194	33	149	41	323.669
80	maps/mazes/maze_072.map	512	512	322	300	423	288	323.811
80	maps/mazes/maze_072.map	512	512	233	167	344	143	323.426
80	maps/mazes/maze_072.map	512	512	476	344	444	270	323.841
80	maps/mazes/maze_072.map	512	512	405	128	502	129	323.497
80	maps/mazes/maze_072.map	512	512	424	385	445	264	323.497
80	maps/mazes/maze_072.map	512	512	269	250	183	153	323.912
80	maps/mazes/maze_072.map	512	512	418	265	405	192	323.74
80	maps/mazes/maze_072.map	512	512	425	0	292	4	323.77
79	maps/mazes/maze_072.map	512	512	125	278	72	341	319.983
79	maps/mazes/maze_072.map	512	512	67	364	85	324	319.841
79	maps/mazes/maze_072.map	512	512	84	8	132	50	319.941
79	maps/mazes/maze_072.map	512	512	473	141	468	75	319.083
79	maps/mazes/maze_072.map	512	512	12	153	7	53	319.083
79	maps/mazes/maze_072.map	512	512	17	485	53	398	319.184
79	maps/mazes/maze_072.map	512	512	504	310	438	221	319.669
79	maps/mazes/maze_072.map	512	512	249	15	259	104	319.912
79	maps/mazes/maze_072.map	512	512	32	334	88	256	319.64
78	maps/mazes/maze_072.map	512	512	297	96	244	108	315.426
78	maps/mazes/maze_072.map	512	512	205	406	138	356	315.912
69	maps/mazes/maze_072.map	512	512	395	265	385	225	277.255
78	maps/mazes/maze_072.map	512	512	376	13	444	51	315.74
78	maps/mazes/maze_072.map	512	512	496	361	444	260	315.426
78	maps/mazes/maze_072.map	512	512	316	212	266	189	315.284
78	maps/mazes/maze_072.map	512	512	283	185	242	197	315.912
78	maps/mazes/maze_072.map	512	512	461	335	444	263	315.083
78	maps/mazes/maze_072.map	512	512	50	461	74	412	314.941
78	maps/mazes/maze_072.map	512	512	60	0	57	79	315.497
77	maps/mazes/maze_072.map	512	512	69	453	69	376	311.083
77	maps/mazes/maze_072.map	512	512	453	373	437	241	311.255
77	maps/mazes/maze_072.map	512	512	26	424	45	467	311.74
77	maps/mazes/maze_072.map	512	512	110	436	58	365	311.426
77	maps/mazes/maze_072.map	512	512	181	276	165	164	311.012
77	maps/mazes/maze_072.map	512	512	264	112	112	73	311.184
77	maps/mazes/maze_072.map	512	512	10	429	53	455	311.326
77	maps/mazes/maze_072.map	512	512	374	88	436	55	311.426
77	maps/mazes/maze_072.map	512	512	48	291	97	178	311.841
77	maps/mazes/maze_072.map	512	512	316	191	273	184	311.113
76	maps/mazes/maze_072.map	512	512	305	385	210	336	307.941
76	maps/mazes/maze_072.map	512	512	104	508	55	369	307.941
76	maps/mazes/maze_072.map	512	512	341	385	334	272	307.012
76	maps/mazes/maze_072.map	512	512	403	100	400	69	307.598
76	maps/mazes/maze_072.map	512	512	67	165	67	97	307.598
76	maps/mazes/maze_072.map	512	512	288	429	312	424	307.912
76	maps/mazes/maze_072.map	512	512	225	255	299	272	307.426
76	maps/mazes/maze_072.map	512	512	48	24	5	58	307.326
76	maps/mazes/maze_072.map	512	512	438	468	394	484	307.841
76	maps/mazes/maze_072.map	512	512	413	96	423	80	307.598
75	maps/mazes/maze_072.map	512	512	480	208	420	185	303.326
75	maps/mazes/maze_072.map	512	512	296	96	255	108	303.426
75	maps/mazes/maze_072.map	512	512	61	219	90	144	303.598
75	maps/mazes/maze_072.map	512	512	261	312	179	320	303.012
75	maps/mazes/maze_072.map	512	512	503	289	428	205	303.326
75	maps/mazes/maze_072.map	512	512	325	142	332	126	303.77
75	maps/mazes/maze_072.map	512	512	77	398	61	368	303.255
75	maps/mazes/maze_072.map	512	512	42	228	18	253	303.426
75	maps/mazes/maze_072.map	512	512	479	472	488	453	303.841
75	maps/mazes/maze_072.map	512	512	25	99	53	105	303.355
74	maps/mazes/maze_072.map	512	512	273	431	307	424	299.912
74	maps/mazes/maze_072.map	512	512	86	236	49	131	299.598
74	maps/mazes/maze_072.map	512	512	254	312	182	320	299.012
74	maps/mazes/maze_072.map	512	512	273	344	200	384	299.669
74	maps/mazes/maze_072.map	512	512	252	209	185	108	299.841
74	maps/mazes/maze_072.map	512	512	501	504	477	429	299.527
74	maps/mazes/maze_072.map	512	512	8	141	97	97	299.426
74	maps/mazes/maze_072.map	512	512	121	36	202	100	299.184
74	maps/mazes/maze_072.map	512	512	104	277	65	205	299.184
74	maps/mazes/maze_072.map	512	512	111	361	106	297	299.527
73	maps/mazes/maze_072.map	512	512	241	342	168	324	295.184
73	maps/mazes/maze_072.map	512	512	1	224	84	201	295.255
73	maps/mazes/maze_072.map	512	512	320	133	273	121	295.77
73	maps/mazes/maze_072.map	512	512	72	505	61	387	295.77
73	maps/mazes/maze_072.map	512	512	480	269	414	204	295.426
73	maps/mazes/maze_072.map	512	512	175	224	173	93	295.426
73	maps/mazes/maze_072.map	512	512	241	112	167	161	295.77
73	maps/mazes/maze_072.map	512	512	73	367	91	337	295.598
73	maps/mazes/maze_072.map	512	512	325	209	416	255	295.426
73	maps/mazes/maze_072.map	512	512	376	184	332	199	295.669
72	maps/mazes/maze_072.map	512	512	453	131	465	143	291.841
72	maps/mazes/maze_072.map	512	512	251	329	185	327	291.012
72	maps/mazes/maze_072.map	512	512	311	269	424	306	291.397
72	maps/mazes/maze_072.map	512	512	104	124	4	64	291.598
72	maps/mazes/maze_072.map	512	512	389	204	351	188	291.012
72	maps/mazes/maze_072.map	512	512	410	93	426	77	291.598
72	maps/mazes/maze_072.map	512	512	396	480	378	444	291.255
72	maps/mazes/maze_072.map	512	512	178	268	170	189	291.426
72	maps/mazes/maze_072.map	512	512	210	260	205	340	291.083
72	maps/mazes/maze_072.map	512	512	337	200	400	185	291.012
71	maps/mazes/maze_072.map	512	512	368	356	346	281	287.184
71	maps/mazes/maze_072.map	512	512	313	211	260	185	287.87
71	maps/mazes/maze_072.map	512	512	260	375	181	408	287.012
71	maps/mazes/maze_072.map	512	512	303	384	213	344	287.113
71	maps/mazes/maze_072.map	512	512	13	269	25	284	287.912
71	maps/mazes/maze_072.map	512	512	304	496	357	465	287.456
71	maps/mazes/maze_072.map	512	512	256	237	233	280	287.941
71	maps/mazes/maze_072.map	512	512	264	164	232	142	287.698
71	maps/mazes/maze_072.map	512	512	113	170	112	280	287.669
70	maps/mazes/maze_072.map	512	512	382	33	481	33	283.669
70	maps/mazes/maze_072.map	512	512	336	264	394	256	283.154
70	maps/mazes/maze_072.map	512	512	324	413	254	324	283.284
70	maps/mazes/maze_072.map	512	512	92	449	69	348	283.355
70	maps/mazes/maze_072.map	512	512	229	338	168	321	283.355
70	maps/mazes/maze_072.map	512	512	470	433	452	315	283.355
70	maps/mazes/maze_072.map	512	512	472	218	420	191	283.912
70	maps/mazes/maze_072.map	512	512	505	454	480	426	283.184
70	maps/mazes/maze_072.map	512	512	296	238	193	196	283.912
70	maps/mazes/maze_072.map	512	512	161	500	213	491	283.77
69	maps/mazes/maze_072.map	512	512	113	394	72	364	279.083
69	maps/mazes/maze_072.map	512	512	324	171	400	171	279.012
69	maps/mazes/maze_072.map	512	512	392	148	373	209	279.012
69	maps/mazes/maze_072.map	512	512	224	184	238	100	279.598
69	maps/mazes/maze_072.map	512	512	129	408	84	358	279.083
69	maps/mazes/maze_072.map	512	512	238	92	273	129	278.77
69	maps/mazes/maze_072.map	512	512	44	221	20	260	278.598
69	maps/mazes/maze_072.map	512	512	128	61	62	37	279.355
68	maps/mazes/maze_072.map	512	512	497	80	500	75	275.255
68	maps/mazes/maze_072.map	512	512	208	296	252	338	275.255
68	maps/mazes/maze_072.map	512	512	36	199	96	149	275.841
68	maps/mazes/maze_072.map	512	512	365	449	295	385	275.113
68	maps/mazes/maze_072.map	512	512	314	500	360	460	275.456
68	maps/mazes/maze_072.map	512	512	365	339	331	277	275.355
68	maps/mazes/maze_072.map	512	512	439	201	497	121	275.598
68	maps/mazes/maze_072.map	512	512	144	341	129	322	275.355
68	maps/mazes/maze_072.map	512	512	4	76	22	65	275.527
68	maps/mazes/maze_072.map	512	512	141	467	71	360	275.669
67	maps/mazes/maze_072.map	512	512	484	412	508	482	271.355
67	maps/mazes/maze_072.map	512	512	212	28	128	52	271.941
67	maps/mazes/maze_072.map	512	512	45	497	89	398	271.184
67	maps/mazes/maze_072.map	512	512	283	241	190	196	271.497
67	maps/mazes/maze_072.map	512	512	200	480	217	436	271.184
15	maps/mazes/maze_072.map	512	512	270	332	260	304	63.0711
67	maps/mazes/maze_072.map	512	512	489	304	448	232	271.77
67	maps/mazes/maze_072.map	512	512	103	472	81	453	271.527
67	maps/mazes/maze_072.map	512	512	334	337	408	309	271.497
67	maps/mazes/maze_072.map	512	512	44	413	56	392	271.77
67	maps/mazes/maze_072.map	512	512	312	293	417	310	271.154
66	maps/mazes/maze_072.map	512	512	417	44	496	29	267.012
66	maps/mazes/maze_072.map	512	512	0	59	95	100	267.941
66	maps/mazes/maze_072.map	512	512	300	72	371	137	267.355
66	maps/mazes/maze_072.map	512	512	319	389	236	340	267.698
66	maps/mazes/maze_072.map	512	512	125	361	97	304	267.284
66	maps/mazes/maze_072.map	512	512	263	169	228	142	267.113
66	maps/mazes/maze_072.map	512	512	400	90	385	91	267.113
66	maps/mazes/maze_072.map	512	512	21	1	24	73	267.77
66	maps/mazes/maze_072.map	512	512	201	364	138	356	267.77
66	maps/mazes/maze_072.map	512	512	33	127	67	105	267.113
65	maps/mazes/maze_072.map	512	512	477	20	441	5	263.527
65	maps/mazes/maze_072.map	512	512	210	304	139	309	263.598
65	maps/mazes/maze_072.map	512	512	244	427	200	486	263.77
65	maps/mazes/maze_072.map	512	512	122	393	70	333	263.941
65	maps/mazes/maze_072.map	512	512	87	460	81	352	263.355
65	maps/mazes/maze_072.map	512	512	166	60	197	134	263.527
65	maps/mazes/maze_072.map	512	512	509	161	471	197	263.598
65	maps/mazes/maze_072.map	512	512	187	381	152	379	263.426
65	maps/mazes/maze_072.map	512	512	281	256	190	196	263.083
65	maps/mazes/maze_072.map	512	512	157	265	193	277	263.598
64	maps/mazes/maze_072.map	512	512	268	41	213	85	259.527
64	maps/mazes/maze_072.map	512	512	0	498	84	440	259.012
64	maps/mazes/maze_072.map	512	512	81	81	197	121	259.355
64	maps/mazes/maze_072.map	512	512	332	468	404	438	259.012
64	maps/mazes/maze_072.map	512	512	265	471	317	480	259.669
64	maps/mazes/maze_072.map	512	512	450	120	478	68	259.598
64	maps/mazes/maze_072.map	512	512	21	6	53	73	259.426
64	maps/mazes/maze_072.map	512	512	84	476	76	483	259.527
64	maps/mazes/maze_072.map	512	512	429	45	475	68	259.184
64	maps/mazes/maze_072.map	512	512	85	253	79	157	259.355
63	maps/mazes/maze_072.map	512	512	413	23	504	57	255.426
63	maps/mazes/maze_072.map	512	512	173	501	225	485	255.698
63	maps/mazes/maze_072.map	512	512	284	435	317	442	255.012
63	maps/mazes/maze_072.map	512	512	164	424	214	464	255.255
63	maps/mazes/maze_072.map	512	512	240	121	229	27	255.426
63	maps/mazes/maze_072.map	512	512	282	288	321	328	255.77
63	maps/mazes/maze_072.map	512	512	89	104	25	76	255.113
63	maps/mazes/maze_072.map	512	512	153	299	190	332	255.497
63	maps/mazes/maze_072.map	512	512	43	265	73	194	255.284
63	maps/mazes/maze_072.map	512	512	89	121	21	69	255.355
62	maps/mazes/maze_072.map	512	512	418	341	429	272	251.255
62	maps/mazes/maze_072.map	512	512	485	207	408	251	251.912
62	maps/mazes/maze_072.map	512	512	439	157	493	120	251.77
62	maps/mazes/maze_072.map	512	512	347	273	399	253	251.497
62	maps/mazes/maze_072.map	512	512	269	19	233	100	251.77
62	maps/mazes/maze_072.map	512	512	229	201	253	271	251.113
62	maps/mazes/maze_072.map	512	512	465	331	457	279	251.598
62	maps/mazes/maze_072.map	512	512	73	232	105	145	251.184
62	maps/mazes/maze_072.map	512	512	125	53	102	73	251.77
62	maps/mazes/maze_072.map	512	512	176	437	169	462	251.598
61	maps/mazes/maze_072.map	512	512	258	324	181	305	247.698
61	maps/mazes/maze_072.map	512	512	238	341	178	325	247.113
61	maps/mazes/maze_072.map	512	512	116	492	76	488	247.698
61	maps/mazes/maze_072.map	512	512	191	104	289	127	247.527
61	maps/mazes/maze_072.map	512	512	84	388	77	313	247.941
61	maps/mazes/maze_072.map	512	512	348	472	376	427	247.426
61	maps/mazes/maze_072.map	512	512	257	470	279	460	247.012
61	maps/mazes/maze_072.map	512	512	396	57	449	48	247.012
61	maps/mazes/maze_072.map	512	512	348	341	345	286	247.355
60	maps/mazes/maze_072.map	512	512	456	324	444	242	243.941
26	maps/mazes/maze_072.map	512	512	477	349	428	361	104.213
60	maps/mazes/maze_072.map	512	512	60	407	68	379	243.355
60	maps/mazes/maze_072.map	512	512	441	208	508	144	243.77
60	maps/mazes/maze_072.map	512	512	154	428	76	392	243.113
3	maps/mazes/maze_072.map	512	512	152	273	152	263	14.8284
60	maps/mazes/maze_072.map	512	512	309	440	315	484	243.012
60	maps/mazes/maze_072.map	512	512	486	57	440	18	243.627
60	maps/mazes/maze_072.map	512	512	465	4	376	5	243.113
60	maps/mazes/maze_072.map	512	512	401	401	452	314	243.012
60	maps/mazes/maze_072.map	512	512	461	285	407	256	243.184
60	maps/mazes/maze_072.map	512	512	182	337	139	373	243.184
59	maps/mazes/maze_072.map	512	512	140	499	188	488	239.527
59	maps/mazes/maze_072.map	512	512	217	417	199	461	239.355
59	maps/mazes/maze_072.map	512	512	340	416	336	328	239.941
59	maps/mazes/maze_072.map	512	512	285	380	221	337	239.042
59	maps/mazes/maze_072.map	512	512	253	100	291	121	239.284
59	maps/mazes/maze_072.map	512	512	4	247	39	268	239.841
59	maps/mazes/maze_072.map	512	512	167	392	164	317	239.355
59	maps/mazes/maze_072.map	512	512	481	124	498	145	239.598
59	maps/mazes/maze_072.map	512	512	508	208	468	162	239.355
59	maps/mazes/maze_072.map	512	512	263	152	338	133	239.456
58	maps/mazes/maze_072.map	512	512	309	487	276	505	235.284
58	maps/mazes/maze_072.map	512	512	149	410	94	424	235.527
58	maps/mazes/maze_072.map	512	512	168	252	192	283	235.527
58	maps/mazes/maze_072.map	512	512	234	92	273	123	235.113
58	maps/mazes/maze_072.map	512	512	363	69	308	50	235.456
58	maps/mazes/maze_072.map	512	512	211	276	222	337	235.598
58	maps/mazes/maze_072.map	512	512	33	217	109	165	234.77
58	maps/mazes/maze_072.map	512	512	87	105	34	84	235.698
58	maps/mazes/maze_072.map	512	512	461	432	498	337	235.941
58	maps/mazes/maze_072.map	512	512	288	353	328	304	235.87
57	maps/mazes/maze_072.map	512	512	33	196	100	180	231.527
57	maps/mazes/maze_072.map	512	512	261	19	207	85	231.941
57	maps/mazes/maze_072.map	512	512	111	36	169	94	231.113
57	maps/mazes/maze_072.map	512	512	501	385	497	445	231.113
57	maps/mazes/maze_072.map	512	512	257	33	327	16	231.385
57	maps/mazes/maze_072.map	512	512	101	385	84	363	231.426
57	maps/mazes/maze_072.map	512	512	429	240	432	205	231.598
57	maps/mazes/maze_072.map	512	512	244	504	200	454	231.598
57	maps/mazes/maze_072.map	512	512	240	76	273	123	231.113
57	maps/mazes/maze_072.map	512	512	392	9	450	21	231.598
56	maps/mazes/maze_072.map	512	512	42	5	21	72	227.941
56	maps/mazes/maze_072.map	512	512	396	205	451	177	227.527
56	maps/mazes/maze_072.map	512	512	393	471	417	505	226.77
56	maps/mazes/maze_072.map	512	512	484	346	455	269	227.355
56	maps/mazes/maze_072.map	512	512	280	288	301	321	227.113
56	maps/mazes/maze_072.map	512	512	186	416	181	457	227.598
56	maps/mazes/maze_072.map	512	512	479	280	436	269	227.113
56	maps/mazes/maze_072.map	512	512	284	50	229	32	227.77
56	maps/mazes/maze_072.map	512	512	89	70	198	93	227.698
55	maps/mazes/maze_072.map	512	512	373	52	339	76	223.941
55	maps/mazes/maze_072.map	512	512	464	467	500	338	223.042
55	maps/mazes/maze_072.map	512	512	277	116	231	105	223.284
55	maps/mazes/maze_072.map	512	512	508	212	465	171	223.941
55	maps/mazes/maze_072.map	512	512	146	180	74	132	223.456
55	maps/mazes/maze_072.map	512	512	138	196	84	159	223.87
55	maps/mazes/maze_072.map	512	512	485	437	479	453	223.113
55	maps/mazes/maze_072.map	512	512	47	480	61	384	223.698
55	maps/mazes/maze_072.map	512	512	473	425	496	324	223.456
55	maps/mazes/maze_072.map	512	512	417	447	432	491	222.698
54	maps/mazes/maze_072.map	512	512	304	321	262	241	219.799
54	maps/mazes/maze_072.map	512	512	117	453	118	508	219.698
54	maps/mazes/maze_072.map	512	512	404	198	504	150	219.355
54	maps/mazes/maze_072.map	512	512	236	152	130	97	219.284
54	maps/mazes/maze_072.map	512	512	322	29	276	28	218.799
54	maps/mazes/maze_072.map	512	512	358	177	388	221	219.698
54	maps/mazes/maze_072.map	512	512	409	329	467	280	219.426
54	maps/mazes/maze_072.map	512	512	60	12	5	61	219.355
54	maps/mazes/maze_072.map	512	512	390	332	459	293	219.012
54	maps/mazes/maze_072.map	512	512	397	45	486	57	219.77
53	maps/mazes/maze_072.map	512	512	458	4	370	4	215.456
53	maps/mazes/maze_072.map	512	512	325	193	272	165	215.627
53	maps/mazes/maze_072.map	512	512	471	445	502	365	214.598
53	maps/mazes/maze_072.map	512	512	428	66	448	26	215.113
53	maps/mazes/maze_072.map	512	512	39	92	70	120	215.042
53	maps/mazes/maze_072.map	512	512	79	113	41	81	215.698
53	maps/mazes/maze_072.map	512	512	498	228	412	196	215.012
53	maps/mazes/maze_072.map	512	512	472	129	460	83	215.113
53	maps/mazes/maze_072.map	512	512	136	280	92	214	215.698
53	maps/mazes/maze_072.map	512	512	404	168	504	131	215.77
52	maps/mazes/maze_072.map	512	512	355	508	397	445	211.87
52	maps/mazes/maze_072.map	512	512	380	395	432	338	211.527
52	maps/mazes/maze_072.map	512	512	29	484	33	421	211.627
52	maps/mazes/maze_072.map	512	512	322	264	409	309	211.841
52	maps/mazes/maze_072.map	512	512	494	121	464	77	211.941
52	maps/mazes/maze_072.map	512	512	188	308	140	307	211.284
52	maps/mazes/maze_072.map	512	512	181	44	175	93	211.284
52	maps/mazes/maze_072.map	512	512	217	61	198	93	211.284
52	maps/mazes/maze_072.map	512	512	264	154	337	145	211.213
52	maps/mazes/maze_072.map	512	512	416	341	454	269	211.012
51	maps/mazes/maze_072.map	512	512	270	133	209	77	207.527
51	maps/mazes/maze_072.map	512	512	368	150	370	201	207.527
51	maps/mazes/maze_072.map	512	512	126	1	159	29	207.385
51	maps/mazes/maze_072.map	512	512	260	281	292	269	207.698
51	maps/mazes/maze_072.map	512	512	224	55	257	3	207.042
51	maps/mazes/maze_072.map	512	512	349	81	388	134	207.113
51	maps/mazes/maze_072.map	512	512	265	288	281	311	207.527
51	maps/mazes/maze_072.map	512	512	235	381	217	433	207.113
51	maps/mazes/maze_072.map	512	512	328	375	352	281	207.698
50	maps/mazes/maze_072.map	512	512	220	55	121	89	203.87
50	maps/mazes/maze_072.map	512	512	193	448	152	483	203.355
50	maps/mazes/maze_072.map	512	512	308	116	247	140	203.87
50	maps/mazes/maze_072.map	512	512	333	356	351	273	203.284
50	maps/mazes/maze_072.map	512	512	132	473	56	373	203.113
50	maps/mazes/maze_072.map	512	512	251	309	324	322	203.113
50	maps/mazes/maze_072.map	512	512	380	248	407	197	203.698
50	maps/mazes/maze_072.map	512	512	425	249	436	211	203.77
50	maps/mazes/maze_072.map	512	512	157	297	221	338	203.527
50	maps/mazes/maze_072.map	512	512	120	172	65	130	203.042
49	maps/mazes/maze_072.map	512	512	65	24	130	96	199.284
49	maps/mazes/maze_072.map	512	512	470	8	407	4	199.042
49	maps/mazes/maze_072.map	512	512	365	281	336	299	199.87
49	maps/mazes/maze_072.map	512	512	417	73	357	63	199.456
49	maps/mazes/maze_072.map	512	512	211	48	124	73	199.698
49	maps/mazes/maze_072.map	512	512	7	289	41	276	199.77
49	maps/mazes/maze_072.map	512	512	193	438	151	472	199.941
49	maps/mazes/maze_072.map	512	512	240	469	265	454	199.113
49	maps/mazes/maze_072.map	512	512	200	208	185	109	199.456
49	maps/mazes/maze_072.map	512	512	281	224	242	217	199.113
48	maps/mazes/maze_072.map	512	512	374	316	348	281	195.627
48	maps/mazes/maze_072.map	512	512	259	476	264	431	195.941
48	maps/mazes/maze_072.map	512	512	473	468	500	360	195.042
48	maps/mazes/maze_072.map	512	512	109	456	121	503	195.87
48	maps/mazes/maze_072.map	512	512	32	469	21	444	195.698
48	maps/mazes/maze_072.map	512	512	446	324	394	245	195.527
48	maps/mazes/maze_072.map	512	512	329	345	340	290	195.941
48	maps/mazes/maze_072.map	512	512	193	89	124	78	195.799
48	maps/mazes/maze_072.map	512	512	277	121	247	101	195.456
48	maps/mazes/maze_072.map	512	512	333	270	424	268	195.77
47	maps/mazes/maze_072.map	512	512	272	104	294	112	191.213
47	maps/mazes/maze_072.map	512	512	338	276	427	264	191.77
47	maps/mazes/maze_072.map	512	512	247	276	291	269	191.87
47	maps/mazes/maze_072.map	512	512	70	77	11	53	191.87
47	maps/mazes/maze_072.map	512	512	64	40	16	8	190.87
47	maps/mazes/maze_072.map	512	512	469	144	470	97	191.698
47	maps/mazes/maze_072.map	512	512	285	326	323	261	191.627
47	maps/mazes/maze_072.map	512	512	233	412	200	453	191.113
47	maps/mazes/maze_072.map	512	512	105	326	101	289	191.042
47	maps/mazes/maze_072.map	512	512	86	29	49	1	191.284
46	maps/mazes/maze_072.map	512	512	272	474	297	451	187.698
46	maps/mazes/maze_072.map	512	512	61	268	77	180	186.87
46	maps/mazes/maze_072.map	512	512	101	178	121	267	187.284
46	maps/mazes/maze_072.map	512	512	92	428	69	373	187.456
46	maps/mazes/maze_072.map	512	512	248	12	236	48	187.456
46	maps/mazes/maze_072.map	512	512	280	473	355	496	187.456
46	maps/mazes/maze_072.map	512	512	277	237	202	188	187.941
46	maps/mazes/maze_072.map	512	512	69	150	46	77	187.213
46	maps/mazes/maze_072.map	512	512	84	476	93	494	187.042
46	maps/mazes/maze_072.map	512	512	152	489	76	491	187.556
25	maps/mazes/maze_072.map	512	512	320	20	275	4	100.657
45	maps/mazes/maze_072.map	512	512	413	361	472	279	183.527
45	maps/mazes/maze_072.map	512	512	1	234	19	261	183.527
45	maps/mazes/maze_072.map	512	512	302	121	264	132	183.627
45	maps/mazes/maze_072.map	512	512	202	109	213	71	183.87
45	maps/mazes/maze_072.map	512	512	188	336	161	396	183.042
45	maps/mazes/maze_072.map	512	512	267	508	349	504	183.556
45	maps/mazes/maze_072.map	512	512	215	384	217	430	182.87
45	maps/mazes/maze_072.map	512	512	192	452	220	472	183.113
45	maps/mazes/maze_072.map	512	512	332	478	273	507	183.799
45	maps/mazes/maze_072.map	512	512	183	489	210	508	183.456
44	maps/mazes/maze_072.map	512	512	63	72	91	85	179.627
44	maps/mazes/maze_072.map	512	512	332	169	400	220	179.627
44	maps/mazes/maze_072.map	512	512	340	220	408	263	179.627
44	maps/mazes/maze_072.map	512	512	16	453	53	454	179.941
44	maps/mazes/maze_072.map	512	512	129	140	61	87	179.627
44	maps/mazes/maze_072.map	512	512	456	323	502	365	179.556
44	maps/mazes/maze_072.map	512	512	50	312	94	301	179.87
44	maps/mazes/maze_072.map	512	512	108	256	105	160	179.284
44	maps/mazes/maze_072.map	512	512	390	97	394	56	179.87
44	maps/mazes/maze_072.map	512	512	187	76	121	95	179.385
43	maps/mazes/maze_072.map	512	512	492	440	489	460	175.87
43	maps/mazes/maze_072.map	512	512	508	16	461	1	174.728
43	maps/mazes/maze_072.map	512	512	465	249	416	250	175.113
43	maps/mazes/maze_072.map	512	512	155	104	67	37	175.627
43	maps/mazes/maze_072.map	512	512	204	424	182	396	174.87
43	maps/mazes/maze_072.map	512	512	476	148	475	93	175.113
43	maps/mazes/maze_072.map	512	512	180	300	185	327	175.941
43	maps/mazes/maze_072.map	512	512	494	208	463	193	174.627
43	maps/mazes/maze_072.map	512	512	89	456	61	372	175.213
43	maps/mazes/maze_072.map	512	512	210	209	183	117	175.971
42	maps/mazes/maze_072.map	512	512	468	113	448	99	171.456
42	maps/mazes/maze_072.map	512	512	472	76	451	48	171.971
42	maps/mazes/maze_072.map	512	512	417	69	360	61	171.627
42	maps/mazes/maze_072.map	512	512	345	350	345	328	171.113
40	maps/mazes/maze_072.map	512	512	76	189	136	169	162.87
42	maps/mazes/maze_072.map	512	512	201	93	93	62	171.042
42	maps/mazes/maze_072.map	512	512	400	501	400	463	170.87
42	maps/mazes/maze_072.map	512	512	502	433	508	484	171.971
42	maps/mazes/maze_072.map	512	512	181	70	135	93	171.87
42	maps/mazes/maze_072.map	512	512	498	460	465	458	171.042
42	maps/mazes/maze_072.map	512	512	40	111	100	89	171.213
41	maps/mazes/maze_072.map	512	512	194	481	225	467	167.627
41	maps/mazes/maze_072.map	512	512	142	420	128	445	167.627
41	maps/mazes/maze_072.map	512	512	356	422	406	380	167.698
41	maps/mazes/maze_072.map	512	512	3	332	57	343	167.042
41	maps/mazes/maze_072.map	512	512	390	449	385	417	167.042
41	maps/mazes/maze_072.map	512	512	417	144	383	89	167.971
41	maps/mazes/maze_072.map	512	512	224	363	194	381	167.456
41	maps/mazes/maze_072.map	512	512	281	350	240	341	167.799
41	maps/mazes/maze_072.map	512	512	413	385	452	340	167.456
41	maps/mazes/maze_072.map	512	512	171	120	110	72	167.042
40	maps/mazes/maze_072.map	512	512	105	149	88	203	163.87
40	maps/mazes/maze_072.map	512	512	252	81	287	105	163.385
40	maps/mazes/maze_072.map	512	512	229	353	186	308	163.799
40	maps/mazes/maze_072.map	512	512	73	101	51	133	163.799
40	maps/mazes/maze_072.map	512	512	346	137	274	121	163.456
40	maps/mazes/maze_072.map	512	512	79	404	96	434	163.87
40	maps/mazes/maze_072.map	512	512	485	113	458	77	163.042
40	maps/mazes/maze_072.map	512	512	60	289	58	205	163.213
40	maps/mazes/maze_072.map	512	512	347	165	380	212	163.213
39	maps/mazes/maze_072.map	512	512	485	148	475	93	159.87
39	maps/mazes/maze_072.map	512	512	365	45	333	58	159.627
39	maps/mazes/maze_072.map	512	512	420	121	424	80	159.627
39	maps/mazes/maze_072.map	512	512	182	0	129	48	159.971
39	maps/mazes/maze_072.map	512	512	41	102	97	91	159.385
39	maps/mazes/maze_072.map	512	512	272	504	360	498	159.556
39	maps/mazes/maze_072.map	512	512	0	357	23	320	159.799
39	maps/mazes/maze_072.map	512	512	129	336	101	286	159.799
39	maps/mazes/maze_072.map	512	512	305	216	266	237	159.799
38	maps/mazes/maze_072.map	512	512	375	81	427	57	155.213
38	maps/mazes/maze_072.map	512	512	21	484	26	429	155.213
38	maps/mazes/maze_072.map	512	512	503	20	456	4	155.728
38	maps/mazes/maze_072.map	512	512	397	330	456	320	155.284
38	maps/mazes/maze_072.map	512	512	226	177	298	129	155.456
38	maps/mazes/maze_072.map	512	512	121	164	76	154	155.385
38	maps/mazes/maze_072.map	512	512	244	220	170	189	155.284
38	maps/mazes/maze_072.map	512	512	221	451	220	470	155.456
38	maps/mazes/maze_072.map	512	512	188	97	224	97	155.213
38	maps/mazes/maze_072.map	512	512	245	166	310	132	155.627
37	maps/mazes/maze_072.map	512	512	262	25	292	2	151.142
37	maps/mazes/maze_072.map	512	512	448	485	444	508	151.627
37	maps/mazes/maze_072.map	512	512	161	495	204	505	151.385
37	maps/mazes/maze_072.map	512	512	216	162	204	94	151.456
37	maps/mazes/maze_072.map	512	512	4	261	25	286	151.113
37	maps/mazes/maze_072.map	512	512	77	500	76	488	151.042
37	maps/mazes/maze_072.map	512	512	101	188	92	220	151.042
37	maps/mazes/maze_072.map	512	512	431	53	484	50	151.456
37	maps/mazes/maze_072.map	512	512	115	337	106	284	151.799
37	maps/mazes/maze_072.map	512	512	325	347	333	322	151.284
36	maps/mazes/maze_072.map	512	512	385	496	369	473	147.042
36	maps/mazes/maze_072.map	512	512	326	349	336	326	147.284
36	maps/mazes/maze_072.map	512	512	28	315	63	312	147.799
36	maps/mazes/maze_072.map	512	512	410	473	428	494	147.042
36	maps/mazes/maze_072.map	512	512	238	353	188	309	147.556
36	maps/mazes/maze_072.map	512	512	30	1	56	37	147.799
36	maps/mazes/maze_072.map	512	512	167	401	175	417	147.456
36	maps/mazes/maze_072.map	512	512	442	400	488	372	147.213
36	maps/mazes/maze_072.map	512	512	139	309	96	337	147.627
36	maps/mazes/maze_072.map	512	512	152	194	108	151	147.971
35	maps/mazes/maze_072.map	512	512	322	433	316	478	143.042
35	maps/mazes/maze_072.map	512	512	410	404	437	339	143.799
35	maps/mazes/maze_072.map	512	512	370	144	347	180	143.385
35	maps/mazes/maze_072.map	512	512	142	321	85	327	143.971
35	maps/mazes/maze_072.map	512	512	388	335	450	341	143.698
35	maps/mazes/maze_072.map	512	512	182	488	195	480	143.385
35	maps/mazes/maze_072.map	512	512	384	158	353	165	143.456
35	maps/mazes/maze_072.map	512	512	102	16	146	9	143.728
35	maps/mazes/maze_072.map	512	512	386	105	428	58	143.042
35	maps/mazes/maze_072.map	512	512	160	377	135	329	143.142
34	maps/mazes/maze_072.map	512	512	352	109	379	137	139.385
34	maps/mazes/maze_072.map	512	512	352	330	360	318	139.799
34	maps/mazes/maze_072.map	512	512	401	356	445	304	139.213
34	maps/mazes/maze_072.map	512	512	460	387	464	359	139.213
34	maps/mazes/maze_072.map	512	512	481	273	437	242	139.385
34	maps/mazes/maze_072.map	512	512	68	216	69	180	139.142
34	maps/mazes/maze_072.map	512	512	15	256	10	300	139.627
34	maps/mazes/maze_072.map	512	512	469	308	452	273	139.213
34	maps/mazes/maze_072.map	512	512	500	57	472	3	139.556
34	maps/mazes/maze_072.map	512	512	32	373	34	364	139.971
33	maps/mazes/maze_072.map	512	512	397	277	401	248	135.142
33	maps/mazes/maze_072.map	512	512	401	204	408	194	135.627
33	maps/mazes/maze_072.map	512	512	401	165	359	176	135.042
33	maps/mazes/maze_072.map	512	512	336	401	324	380	135.971
33	maps/mazes/maze_072.map	512	512	169	201	113	154	135.042
33	maps/mazes/maze_072.map	512	512	77	224	85	169	135.385
33	maps/mazes/maze_072.map	512	512	48	137	76	100	135.971
33	maps/mazes/maze_072.map	512	512	468	313	480	275	135.799
33	maps/mazes/maze_072.map	512	512	126	265	118	257	135.456
33	maps/mazes/maze_072.map	512	512	36	139	49	79	135.385
32	maps/mazes/maze_072.map	512	512	440	262	413	233	131.213
32	maps/mazes/maze_072.map	512	512	128	227	124	229	131.556
32	maps/mazes/maze_072.map	512	512	421	465	451	508	131.042
32	maps/mazes/maze_072.map	512	512	248	409	210	388	131.728
32	maps/mazes/maze_072.map	512	512	152	145	101	96	131.799
32	maps/mazes/maze_072.map	512	512	173	409	149	372	131.627
32	maps/mazes/maze_072.map	512	512	101	111	63	120	131.142
32	maps/mazes/maze_072.map	512	512	77	352	96	300	131.728
32	maps/mazes/maze_072.map	512	512	294	325	323	300	131.556
32	maps/mazes/maze_072.map	512	512	56	41	17	58	131.213
31	maps/mazes/maze_072.map	512	512	419	0	419	5	127.971
31	maps/mazes/maze_072.map	512	512	395	329	448	345	127.042
31	maps/mazes/maze_072.map	512	512	489	309	460	294	127.556
31	maps/mazes/maze_072.map	512	512	500	121	443	96	127.213
31	maps/mazes/maze_072.map	512	512	138	325	85	325	127.385
31	maps/mazes/maze_072.map	512	512	309	94	360	131	127.556
31	maps/mazes/maze_072.map	512	512	37	108	36	84	127.385
31	maps/mazes/maze_072.map	512	512	332	85	362	113	127.799
31	maps/mazes/maze_072.map	512	512	504	348	499	324	127.485
30	maps/mazes/maze_072.map	512	512	225	77	245	40	123.385
30	maps/mazes/maze_072.map	512	512	265	257	214	245	123.142
30	maps/mazes/maze_072.map	512	512	28	409	1	473	123.385
30	maps/mazes/maze_072.map	512	512	403	80	436	95	123.799
30	maps/mazes/maze_072.map	512	512	144	137	129	101	123.627
30	maps/mazes/maze_072.map	512	512	226	493	217	444	122.627
30	maps/mazes/maze_072.map	512	512	485	424	508	450	123.728
30	maps/mazes/maze_072.map	512	512	492	445	495	484	123.556
30	maps/mazes/maze_072.map	512	512	181	122	196	196	123.485
30	maps/mazes/maze_072.map	512	512	37	378	40	364	123.142
29	maps/mazes/maze_072.map	512	512	180	312	165	338	119.728
29	maps/mazes/maze_072.map	512	512	306	509	382	504	119.971
29	maps/mazes/maze_072.map	512	512	472	271	438	249	118.728
29	maps/mazes/maze_072.map	512	512	90	220	108	154	119.799
29	maps/mazes/maze_072.map	512	512	329	170	375	209	119.385
29	maps/mazes/maze_072.map	512	512	325	344	340	341	119.213
29	maps/mazes/maze_072.map	512	512	444	41	481	48	118.971
29	maps/mazes/maze_072.map	512	512	352	226	389	226	119.627
29	maps/mazes/maze_072.map	512	512	458	461	457	497	119.042
28	maps/mazes/maze_072.map	512	512	233	191	275	229	115.799
28	maps/mazes/maze_072.map	512	512	464	204	475	149	115.799
28	maps/mazes/maze_072.map	512	512	129	269	89	237	115.799
28	maps/mazes/maze_072.map	512	512	374	157	341	179	115.142
28	maps/mazes/maze_072.map	512	512	168	364	153	331	115.556
28	maps/mazes/maze_072.map	512	512	187	452	191	437	115.385
28	maps/mazes/maze_072.map	512	512	204	17	184	9	115.799
28	maps/mazes/maze_072.map	512	512	259	425	198	432	115.314
28	maps/mazes/maze_072.map	512	512	306	149	309	132	115.556
28	maps/mazes/maze_072.map	512	512	403	124	450	148	115.385
27	maps/mazes/maze_072.map	512	512	337	33	367	44	111.385
27	maps/mazes/maze_072.map	512	512	182	429	212	468	111.627
27	maps/mazes/maze_072.map	512	512	280	35	244	4	111.728
27	maps/mazes/maze_072.map	512	512	125	472	93	413	111.385
27	maps/mazes/maze_072.map	512	512	445	413	480	419	111.142
27	maps/mazes/maze_072.map	512	512	325	60	285	20	111.556
27	maps/mazes/maze_072.map	512	512	46	1	1	28	111.556
27	maps/mazes/maze_072.map	512	512	179	269	199	225	111.899
27	maps/mazes/maze_072.map	512	512	418	385	425	357	111.728
27	maps/mazes/maze_072.map	512	512	149	477	117	508	111.728
26	maps/mazes/maze_072.map	512	512	93	200	108	147	107.556
26	maps/mazes/maze_072.map	512	512	248	472	265	432	107.971
26	maps/mazes/maze_072.map	512	512	289	160	252	173	107.314
26	maps/mazes/maze_072.map	512	512	262	236	245	208	107.385
26	maps/mazes/maze_072.map	512	512	448	61	482	76	107.485
26	maps/mazes/maze_072.map	512	512	69	171	41	104	107.971
26	maps/mazes/maze_072.map	512	512	10	148	29	132	107.627
26	maps/mazes/maze_072.map	512	512	312	477	319	492	107.314
25	maps/mazes/maze_072.map	512	512	54	52	25	74	103.142
25	maps/mazes/maze_072.map	512	512	140	448	185	432	103.971
25	maps/mazes/maze_072.map	512	512	276	350	319	389	103.314
25	maps/mazes/maze_072.map	512	512	471	49	474	33	103.385
25	maps/mazes/maze_072.map	512	512	406	264	420	261	103.728
25	maps/mazes/maze_072.map	512	512	41	113	72	83	103.142
25	maps/mazes/maze_072.map	512	512	397	238	385	179	103.971
25	maps/mazes/maze_072.map	512	512	324	380	340	343	103.385
25	maps/mazes/maze_072.map	512	512	12	499	52	489	103.556
24	maps/mazes/maze_072.map	512	512	505	146	490	101	99.3137
24	maps/mazes/maze_072.map	512	512	248	217	277	242	99.5563
24	maps/mazes/maze_072.map	512	512	432	460	411	472	99.4853
24	maps/mazes/maze_072.map	512	512	320	235	382	284	99.8701
24	maps/mazes/maze_072.map	512	512	480	379	448	347	99.5563
24	maps/mazes/maze_072.map	512	512	508	211	473	185	99.7279
24	maps/mazes/maze_072.map	512	512	392	56	428	53	99.7279
24	maps/mazes/maze_072.map	512	512	372	273	424	301	99.2132
24	maps/mazes/maze_072.map	512	512	181	220	171	189	99.3848
23	maps/mazes/maze_072.map	512	512	93	504	85	463	95.7279
23	maps/mazes/maze_072.map	512	512	60	468	83	440	95.1421
23	maps/mazes/maze_072.map	512	512	253	81	303	85	95.3137
23	maps/mazes/maze_072.map	512	512	89	398	65	380	95.5563
23	maps/mazes/maze_072.map	512	512	473	149	501	128	95.9706
23	maps/mazes/maze_072.map	512	512	411	249	421	233	95.5563
23	maps/mazes/maze_072.map	512	512	389	98	427	77	95.9706
23	maps/mazes/maze_072.map	512	512	36	288	49	288	95.7279
22	maps/mazes/maze_072.map	512	512	3	272	17	287	91.7279
22	maps/mazes/maze_072.map	512	512	125	88	184	98	91.7279
22	maps/mazes/maze_072.map	512	512	400	359	452	337	91.5563
22	maps/mazes/maze_072.map	512	512	378	380	401	331	91.5563
22	maps/mazes/maze_072.map	512	512	66	304	64	264	91.6569
22	maps/mazes/maze_072.map	512	512	57	325	94	301	91.1421
22	maps/mazes/maze_072.map	512	512	471	432	504	368	91.1421
22	maps/mazes/maze_072.map	512	512	204	181	229	143	91.9706
22	maps/mazes/maze_072.map	512	512	145	306	113	321	91.3848
22	maps/mazes/maze_072.map	512	512	154	172	111	160	91.1421
21	maps/mazes/maze_072.map	512	512	41	209	33	234	87.4853
21	maps/mazes/maze_072.map	512	512	195	200	172	152	87.7279
21	maps/mazes/maze_072.map	512	512	477	328	449	357	87.7279
21	maps/mazes/maze_072.map	512	512	175	500	185	493	87.4853
21	maps/mazes/maze_072.map	512	512	136	338	154	309	87.4853
21	maps/mazes/maze_072.map	512	512	16	236	24	249	87.9706
21	maps/mazes/maze_072.map	512	512	448	3	488	25	87.8995
21	maps/mazes/maze_072.map	512	512	239	96	218	104	87.7279
21	maps/mazes/maze_072.map	512	512	176	281	181	270	87.3137
21	maps/mazes/maze_072.map	512	512	376	424	385	420	87.1421
20	maps/mazes/maze_072.map	512	512	97	405	57	375	83.3137
20	maps/mazes/maze_072.map	512	512	345	141	307	101	83.5563
20	maps/mazes/maze_072.map	512	512	369	273	419	309	83.799
20	maps/mazes/maze_072.map	512	512	190	241	204	218	83.9706
20	maps/mazes/maze_072.map	512	512	212	464	173	469	83.8995
20	maps/mazes/maze_072.map	512	512	312	460	332	481	83.1421
20	maps/mazes/maze_072.map	512	512	437	475	450	500	83.3137
20	maps/mazes/maze_072.map	512	512	202	12	252	44	82.7279
20	maps/mazes/maze_072.map	512	512	279	89	278	101	83.4853
20	maps/mazes/maze_072.map	512	512	508	210	487	181	83.8995
19	maps/mazes/maze_072.map	512	512	181	278	202	241	79.0711
19	maps/mazes/maze_072.map	512	512	338	17	344	42	79.7279
19	maps/mazes/maze_072.map	512	512	435	260	429	323	79.7279
19	maps/mazes/maze_072.map	512	512	31	136	38	97	79.8995
19	maps/mazes/maze_072.map	512	512	360	81	341	110	79.3137
19	maps/mazes/maze_072.map	512	512	497	105	472	99	79.4853
19	maps/mazes/maze_072.map	512	512	497	288	448	280	79.1421
19	maps/mazes/maze_072.map	512	512	263	304	263	336	79.3137
19	maps/mazes/maze_072.map	512	512	34	64	5	53	79.3137
19	maps/mazes/maze_072.map	512	512	457	122	445	84	79.3137
18	maps/mazes/maze_072.map	512	512	503	449	508	482	75.3137
18	maps/mazes/maze_072.map	512	512	157	180	129	159	75.7279
18	maps/mazes/maze_072.map	512	512	413	222	451	233	75.4853
18	maps/mazes/maze_072.map	512	512	40	197	79	189	75.2426
18	maps/mazes/maze_072.map	512	512	381	194	394	137	75.5563
18	maps/mazes/maze_072.map	512	512	336	232	348	249	75.7279
18	maps/mazes/maze_072.map	512	512	316	345	324	363	74.7279
18	maps/mazes/maze_072.map	512	512	185	246	193	264	75.8995
18	maps/mazes/maze_072.map	512	512	16	368	40	356	75.8995
18	maps/mazes/maze_072.map	512	512	172	128	180	110	75.3137
17	maps/mazes/maze_072.map	512	512	187	433	208	461	71.1421
17	maps/mazes/maze_072.map	512	512	156	428	148	452	71.8995
17	maps/mazes/maze_072.map	512	512	492	485	483	453	71.1421
17	maps/mazes/maze_072.map	512	512	417	264	396	247	71.0711
17	maps/mazes/maze_072.map	512	512	44	257	3	252	71.8995
17	maps/mazes/maze_072.map	512	512	400	56	358	44	71.6569
17	maps/mazes/maze_072.map	512	512	469	461	459	445	71.0711
17	maps/mazes/maze_072.map	512	512	408	100	427	97	71.3137
17	maps/mazes/maze_072.map	512	512	110	432	135	440	71.4853
17	maps/mazes/maze_072.map	512	512	82	489	112	488	70.8995
16	maps/mazes/maze_072.map	512	512	43	197	79	192	67.2426
16	maps/mazes/maze_072.map	512	512	381	79	395	85	67.8995
16	maps/mazes/maze_072.map	512	512	261	463	248	473	67.1421
16	maps/mazes/maze_072.map	512	512	417	128	443	145	67.1421
16	maps/mazes/maze_072.map	512	512	96	199	110	181	67.3137
16	maps/mazes/maze_072.map	512	512	31	260	8	256	67.1421
16	maps/mazes/maze_072.map	512	512	0	494	37	494	67.7279
16	maps/mazes/maze_072.map	512	512	361	333	356	342	67.0711
16	maps/mazes/maze_072.map	512	512	240	398	247	385	66.8284
16	maps/mazes/maze_072.map	512	512	198	509	192	478	67.4853
15	maps/mazes/maze_072.map	512	512	295	477	272	500	63.3137
15	maps/mazes/maze_072.map	512	512	120	342	94	336	63.6569
15	maps/mazes/maze_072.map	512	512	440	293	440	316	63.2426
15	maps/mazes/maze_072.map	512	512	360	92	348	113	63.4853
15	maps/mazes/maze_072.map	512	512	278	232	239	224	63.4853
15	maps/mazes/maze_072.map	512	512	13	332	27	324	63.6569
15	maps/mazes/maze_072.map	512	512	77	282	72	303	63.8995
15	maps/mazes/maze_072.map	512	512	59	464	92	457	62.7279
15	maps/mazes/maze_072.map	512	512	154	228	164	252	63.8995
14	maps/mazes/maze_072.map	512	512	125	44	121	59	59.7279
14	maps/mazes/maze_072.map	512	512	263	340	256	359	59.8995
14	maps/mazes/maze_072.map	512	512	173	38	148	57	59.6569
14	maps/mazes/maze_072.map	512	512	289	481	276	506	59.8995
14	maps/mazes/maze_072.map	512	512	321	282	308	258	59.7279
14	maps/mazes/maze_072.map	512	512	384	462	402	428	59.0711
14	maps/mazes/maze_072.map	512	512	110	4	153	1	59.0711
14	maps/mazes/maze_072.map	512	512	417	337	424	304	59.0711
14	maps/mazes/maze_072.map	512	512	143	348	160	348	59.2426
14	maps/mazes/maze_072.map	512	512	460	280	429	276	59.4853
13	maps/mazes/maze_072.map	512	512	195	337	184	364	55.6569
13	maps/mazes/maze_072.map	512	512	144	1	148	4	55
13	maps/mazes/maze_072.map	512	512	302	433	285	450	55.0711
13	maps/mazes/maze_072.map	512	512	368	59	358	73	55.0711
13	maps/mazes/maze_072.map	512	512	478	8	508	21	55.2426
13	maps/mazes/maze_072.map	512	512	500	468	500	484	55.0711
13	maps/mazes/maze_072.map	512	512	78	205	76	177	55.0711
13	maps/mazes/maze_072.map	512	512	488	358	445	358	55.2426
13	maps/mazes/maze_072.map	512	512	188	111	185	96	55.6569
13	maps/mazes/maze_072.map	512	512	123	108	164	96	55.4853
12	maps/mazes/maze_072.map	512	512	349	188	366	201	51.3137
12	maps/mazes/maze_072.map	512	512	257	165	264	176	51.6569
12	maps/mazes/maze_072.map	512	512	472	489	459	500	51.3137
12	maps/mazes/maze_072.map	512	512	227	29	245	45	51.0711
12	maps/mazes/maze_072.map	512	512	60	116	61	99	51.6569
12	maps/mazes/maze_072.map	512	512	253	257	241	233	51.6569
12	maps/mazes/maze_072.map	512	512	232	314	261	329	51.3137
12	maps/mazes/maze_072.map	512	512	229	101	259	108	51.4853
12	maps/mazes/maze_072.map	512	512	373	33	380	48	51.0711
12	maps/mazes/maze_072.map	512	512	501	112	470	93	51.8995
11	maps/mazes/maze_072.map	512	512	297	451	310	480	46.7279
11	maps/mazes/maze_072.map	512	512	37	98	55	88	47.0711
11	maps/mazes/maze_072.map	512	512	461	369	472	390	47.6569
11	maps/mazes/maze_072.map	512	512	77	392	93	419	47.2426
11	maps/mazes/maze_072.map	512	512	188	277	202	248	47.2426
11	maps/mazes/maze_072.map	512	512	157	366	137	343	47.8284
11	maps/mazes/maze_072.map	512	512	96	49	109	56	47.0711
11	maps/mazes/maze_072.map	512	512	134	149	105	134	47.0711
11	maps/mazes/maze_072.map	512	512	117	16	121	18	47.6569
11	maps/mazes/maze_072.map	512	512	40	357	33	335	47.2426
10	maps/mazes/maze_072.map	512	512	391	492	374	473	43.6569
10	maps/mazes/maze_072.map	512	512	193	76	178	84	43.8284
10	maps/mazes/maze_072.map	512	512	509	364	495	337	43.8284
10	maps/mazes/maze_072.map	512	512	493	22	499	21	43.8284
10	maps/mazes/maze_072.map	512	512	228	341	205	339	43.2426
10	maps/mazes/maze_072.map	512	512	41	445	30	429	43.2426
10	maps/mazes/maze_072.map	512	512	14	209	35	201	43.2426
10	maps/mazes/maze_072.map	512	512	424	428	422	433	43.4853
10	maps/mazes/maze_072.map	512	512	332	492	305	476	43
10	maps/mazes/maze_072.map	512	512	289	40	283	56	43.6569
9	maps/mazes/maze_072.map	512	512	469	298	480	299	39.6569
9	maps/mazes/maze_072.map	512	512	185	215	200	211	39.4853
9	maps/mazes/maze_072.map	512	512	137	430	136	452	39.4853
9	maps/mazes/maze_072.map	512	512	101	379	93	361	39.6569
9	maps/mazes/maze_072.map	512	512	373	34	386	41	39.0711
9	maps/mazes/maze_072.map	512	512	56	69	21	67	39.8284
9	maps/mazes/maze_072.map	512	512	449	329	428	314	39.6569
9	maps/mazes/maze_072.map	512	512	292	313	313	328	39.0711
9	maps/mazes/maze_072.map	512	512	269	325	253	338	39.2426
9	maps/mazes/maze_072.map	512	512	230	73	244	93	39.0711
8	maps/mazes/maze_072.map	512	512	176	476	171	496	35.2426
8	maps/mazes/maze_072.map	512	512	52	440	21	442	35.8284
8	maps/mazes/maze_072.map	512	512	221	41	219	56	35.2426
8	maps/mazes/maze_072.map	512	512	48	244	46	241	35.2426
8	maps/mazes/maze_072.map	512	512	93	156	84	158	35.8284
8	maps/mazes/maze_072.map	512	512	208	283	197	263	35.2426
8	maps/mazes/maze_072.map	512	512	259	181	275	185	35.0711
8	maps/mazes/maze_072.map	512	512	428	293	434	305	35.6569
8	maps/mazes/maze_072.map	512	512	325	353	328	358	34.8284
8	maps/mazes/maze_072.map	512	512	352	37	357	42	34.8284
7	maps/mazes/maze_072.map	512	512	418	388	407	381	31.4142
7	maps/mazes/maze_072.map	512	512	461	407	469	421	31.6569
7	maps/mazes/maze_072.map	512	512	257	255	248	236	31.6569
7	maps/mazes/maze_072.map	512	512	166	393	149	399	31.2426
7	maps/mazes/maze_072.map	512	512	80	37	77	59	31.2426
7	maps/mazes/maze_072.map	512	512	56	228	51	241	31.4142
7	maps/mazes/maze_072.map	512	512	1	477	19	461	31.6569
7	maps/mazes/maze_072.map	512	512	62	177	45	164	31.6569
7	maps/mazes/maze_072.map	512	512	101	2	129	5	31.8284
7	maps/mazes/maze_072.map	512	512	43	32	61	28	31.3137
6	maps/mazes/maze_072.map	512	512	25	196	33	200	27.4142
6	maps/mazes/maze_072.map	512	512	239	104	216	104	27.8284
6	maps/mazes/maze_072.map	512	512	275	304	287	309	27.2426
6	maps/mazes/maze_072.map	512	512	18	481	32	472	27.2426
6	maps/mazes/maze_072.map	512	512	484	50	480	37	27.2426
6	maps/mazes/maze_072.map	512	512	477	25	482	32	27.4142
6	maps/mazes/maze_072.map	512	512	77	117	97	110	27.2426
6	maps/mazes/maze_072.map	512	512	282	137	265	148	26.8284
6	maps/mazes/maze_072.map	512	512	392	133	396	120	27.8284
5	maps/mazes/maze_072.map	512	512	397	444	404	434	23.8284
5	maps/mazes/maze_072.map	512	512	206	489	211	508	23.4142
5	maps/mazes/maze_072.map	512	512	62	176	48	169	23.8284
5	maps/mazes/maze_072.map	512	512	240	318	248	321	23.8284
5	maps/mazes/maze_072.map	512	512	241	464	249	469	23.2426
5	maps/mazes/maze_072.map	512	512	403	264	394	273	23.6569
5	maps/mazes/maze_072.map	512	512	289	482	276	488	23.2426
5	maps/mazes/maze_072.map	512	512	276	301	275	305	23.2426
5	maps/mazes/maze_072.map	512	512	490	328	482	332	23.4142
5	maps/mazes/maze_072.map	512	512	405	476	416	475	22.8284
4	maps/mazes/maze_072.map	512	512	96	244	90	253	19.2426
4	maps/mazes/maze_072.map	512	512	201	308	210	308	19
4	maps/mazes/maze_072.map	512	512	476	457	472	467	19.4142
4	maps/mazes/maze_072.map	512	512	484	194	492	201	19.2426
4	maps/mazes/maze_072.map	512	512	481	288	488	298	19.8284
4	maps/mazes/maze_072.map	512	512	268	106	250	105	19
4	maps/mazes/maze_072.map	512	512	84	504	67	508	19.8284
4	maps/mazes/maze_072.map	512	512	21	385	17	368	19.8284
4	maps/mazes/maze_072.map	512	512	401	29	414	37	19.8284
4	maps/mazes/maze_072.map	512	512	413	11	413	26	19.8284
3	maps/mazes/maze_072.map	512	512	248	4	261	1	15.4142
3	maps/mazes/maze_072.map	512	512	133	481	127	484	15
3	maps/mazes/maze_072.map	512	512	492	227	488	229	15.4142
3	maps/mazes/maze_072.map	512	512	24	53	15	61	15.8284
3	maps/mazes/maze_072.map	512	512	313	368	320	368	15
3	maps/mazes/maze_072.map	512	512	158	345	173	345	15
3	maps/mazes/maze_072.map	512	512	307	36	308	22	15
3	maps/mazes/maze_072.map	512	512	113	373	101	368	15.2426
2	maps/mazes/maze_072.map	512	512	356	57	364	54	11.8284
2	maps/mazes/maze_072.map	512	512	425	69	414	68	11.4142
2	maps/mazes/maze_072.map	512	512	390	388	396	390	10.8284
2	maps/mazes/maze_072.map	512	512	115	60	124	57	11.4142
2	maps/mazes/maze_072.map	512	512	373	264	362	264	11
2	maps/mazes/maze_072.map	512	512	421	38	424	47	11.4142
2	maps/mazes/maze_072.map	512	512	73	128	81	124	11.4142
2	maps/mazes/maze_072.map	512	512	285	280	277	284	11.4142
2	maps/mazes/maze_072.map	512	512	76	329	76	324	11.8284
2	maps/mazes/maze_072.map	512	512	258	109	247	109	11
1	maps/mazes/maze_072.map	512	512	226	12	221	8	7.82843
1	maps/mazes/maze_072.map	512	512	190	92	192	89	7
1	maps/mazes/maze_072.map	512	512	68	184	65	180	7
1	maps/mazes/maze_072.map	512	512	118	484	123	488	7.82843
1	maps/mazes/maze_072.map	512	512	368	69	361	68	7.41421
1	maps/mazes/maze_072.map	512	512	266	205	269	199	7.82843
1	maps/mazes/maze_072.map	512	512	389	404	393	401	7
1	maps/mazes/maze_072.map	512	512	396	477	393	481	7
1	maps/mazes/maze_072.map	512	512	260	456	257	460	7
1	maps/mazes/maze_072.map	512	512	413	152	416	156	7
0	maps/mazes/maze_072.map	512	512	311	473	309	474	3
0	maps/mazes/maze_072.map	512	512	169	506	170	508	3
0	maps/mazes/maze_072.map	512	512	480	244	480	247	3
0	maps/mazes/maze_072.map	512	512	345	224	348	225	3.41421
0	maps/mazes/maze_072.map	512	512	129	16	126	17	3.41421
0	maps/mazes/maze_072.map	512	512	229	109	229	106	3
0	maps/mazes/maze_072.map	512	512	296	500	297	497	3.41421
0	maps/mazes/maze_072.map	512	512	340	411	340	414	3
0	maps/mazes/maze_072.map	512	512	399	129	402	129	3
