version 1
127	maps/mazes/maze_056.map	512	512	131	341	29	284	511.225
127	maps/mazes/maze_056.map	512	512	412	381	344	331	511.054
127	maps/mazes/maze_056.map	512	512	132	25	73	28	510.711
127	maps/mazes/maze_056.map	512	512	342	405	315	384	511.439
127	maps/mazes/maze_056.map	512	512	26	121	145	1	511.468
127	maps/mazes/maze_056.map	512	512	153	181	30	53	510.882
111	maps/mazes/maze_056.map	512	512	500	118	497	84	446.64
127	maps/mazes/maze_056.map	512	512	63	144	60	18	511.811
127	maps/mazes/maze_056.map	512	512	460	361	403	205	511.368
127	maps/mazes/maze_056.map	512	512	477	434	392	388	511.711
56	maps/mazes/maze_056.map	512	512	316	484	305	408	225.426
127	maps/mazes/maze_056.map	512	512	401	449	376	313	511.468
126	maps/mazes/maze_056.map	512	512	236	321	345	262	507.539
126	maps/mazes/maze_056.map	512	512	264	292	316	274	507.296
126	maps/mazes/maze_056.map	512	512	272	442	268	326	507.983
126	maps/mazes/maze_056.map	512	512	268	481	324	381	507.782
126	maps/mazes/maze_056.map	512	512	284	412	358	269	507.468
126	maps/mazes/maze_056.map	512	512	109	36	253	53	507.225
126	maps/mazes/maze_056.map	512	512	379	480	380	360	507.368
126	maps/mazes/maze_056.map	512	512	272	261	348	335	507.539
126	maps/mazes/maze_056.map	512	512	63	320	48	272	507.569
126	maps/mazes/maze_056.map	512	512	401	176	440	124	507.953
125	maps/mazes/maze_056.map	512	512	348	221	276	126	503.468
125	maps/mazes/maze_056.map	512	512	323	436	364	279	503.64
125	maps/mazes/maze_056.map	512	512	421	8	308	15	503.196
125	maps/mazes/maze_056.map	512	512	248	482	321	316	503.225
125	maps/mazes/maze_056.map	512	512	85	1	278	97	503.225
125	maps/mazes/maze_056.map	512	512	140	326	70	229	503.326
125	maps/mazes/maze_056.map	512	512	40	388	4	325	503.125
125	maps/mazes/maze_056.map	512	512	316	177	216	13	503.054
125	maps/mazes/maze_056.map	512	512	345	48	270	101	503.882
125	maps/mazes/maze_056.map	512	512	240	81	329	47	503.569
124	maps/mazes/maze_056.map	512	512	384	502	428	431	499.468
124	maps/mazes/maze_056.map	512	512	210	389	244	432	499.368
124	maps/mazes/maze_056.map	512	512	460	49	329	46	499.882
100	maps/mazes/maze_056.map	512	512	267	52	269	140	400.326
124	maps/mazes/maze_056.map	512	512	203	73	274	104	499.095
124	maps/mazes/maze_056.map	512	512	137	300	175	308	499.539
124	maps/mazes/maze_056.map	512	512	364	40	245	20	499.953
124	maps/mazes/maze_056.map	512	512	141	371	200	436	499.054
35	maps/mazes/maze_056.map	512	512	424	74	393	49	142.971
124	maps/mazes/maze_056.map	512	512	97	33	261	97	499.296
124	maps/mazes/maze_056.map	512	512	308	253	265	101	499.468
124	maps/mazes/maze_056.map	512	512	259	401	172	393	499.368
123	maps/mazes/maze_056.map	512	512	327	469	357	326	495.953
123	maps/mazes/maze_056.map	512	512	421	450	404	343	495.64
123	maps/mazes/maze_056.map	512	512	480	217	376	206	494.681
123	maps/mazes/maze_056.map	512	512	486	469	386	372	495.569
123	maps/mazes/maze_056.map	512	512	80	141	60	22	495.811
123	maps/mazes/maze_056.map	512	512	188	172	121	77	495.296
123	maps/mazes/maze_056.map	512	512	488	489	422	384	495.225
123	maps/mazes/maze_056.map	512	512	461	52	329	48	495.882
123	maps/mazes/maze_056.map	512	512	271	456	357	298	495.782
123	maps/mazes/maze_056.map	512	512	465	350	387	205	495.368
122	maps/mazes/maze_056.map	512	512	173	68	245	85	491.953
122	maps/mazes/maze_056.map	512	512	54	37	68	169	491.054
122	maps/mazes/maze_056.map	512	512	76	43	153	102	491.882
122	maps/mazes/maze_056.map	512	512	389	221	361	186	491.368
122	maps/mazes/maze_056.map	512	512	112	433	225	446	491.64
122	maps/mazes/maze_056.map	512	512	187	429	237	358	491.953
122	maps/mazes/maze_056.map	512	512	88	182	72	117	491.368
122	maps/mazes/maze_056.map	512	512	507	400	370	384	491.711
122	maps/mazes/maze_056.map	512	512	227	392	382	333	491.983
122	maps/mazes/maze_056.map	512	512	259	101	277	160	491.468
121	maps/mazes/maze_056.map	512	512	470	197	389	200	487.439
60	maps/mazes/maze_056.map	512	512	258	216	217	274	242.598
121	maps/mazes/maze_056.map	512	512	24	501	152	468	487.468
121	maps/mazes/maze_056.map	512	512	213	232	312	205	487.196
121	maps/mazes/maze_056.map	512	512	447	112	288	1	487.296
121	maps/mazes/maze_056.map	512	512	40	433	129	469	487.125
121	maps/mazes/maze_056.map	512	512	245	284	273	136	487.296
117	maps/mazes/maze_056.map	512	512	268	327	248	471	468.811
121	maps/mazes/maze_056.map	512	512	103	32	246	93	487.882
121	maps/mazes/maze_056.map	512	512	269	115	280	21	487.468
121	maps/mazes/maze_056.map	512	512	280	152	321	220	487.711
121	maps/mazes/maze_056.map	512	512	85	348	202	404	486.882
120	maps/mazes/maze_056.map	512	512	316	404	301	424	483.953
68	maps/mazes/maze_056.map	512	512	201	227	235	237	274.083
120	maps/mazes/maze_056.map	512	512	137	87	217	25	483.64
120	maps/mazes/maze_056.map	512	512	79	309	132	238	483.054
120	maps/mazes/maze_056.map	512	512	254	93	69	34	483.397
120	maps/mazes/maze_056.map	512	512	198	465	237	360	483.64
120	maps/mazes/maze_056.map	512	512	227	285	284	128	483.296
120	maps/mazes/maze_056.map	512	512	160	19	312	97	483.882
120	maps/mazes/maze_056.map	512	512	171	260	222	353	483.439
120	maps/mazes/maze_056.map	512	512	196	70	248	94	483.439
120	maps/mazes/maze_056.map	512	512	244	413	357	299	483.468
119	maps/mazes/maze_056.map	512	512	64	362	192	389	479.953
119	maps/mazes/maze_056.map	512	512	400	437	454	433	479.64
119	maps/mazes/maze_056.map	512	512	258	401	349	331	479.225
119	maps/mazes/maze_056.map	512	512	349	1	258	21	479.368
119	maps/mazes/maze_056.map	512	512	371	416	326	344	479.711
119	maps/mazes/maze_056.map	512	512	31	477	104	500	479.539
119	maps/mazes/maze_056.map	512	512	351	181	256	72	478.811
119	maps/mazes/maze_056.map	512	512	141	464	196	407	479.054
119	maps/mazes/maze_056.map	512	512	0	341	125	376	479.196
119	maps/mazes/maze_056.map	512	512	151	508	248	445	479.397
118	maps/mazes/maze_056.map	512	512	16	132	108	77	475.912
118	maps/mazes/maze_056.map	512	512	20	484	136	504	475.882
118	maps/mazes/maze_056.map	512	512	496	171	401	53	475.711
118	maps/mazes/maze_056.map	512	512	373	93	338	125	475.125
118	maps/mazes/maze_056.map	512	512	498	265	421	390	475.296
118	maps/mazes/maze_056.map	512	512	509	130	361	26	475.983
118	maps/mazes/maze_056.map	512	512	304	444	357	277	475.054
118	maps/mazes/maze_056.map	512	512	403	85	317	174	474.782
118	maps/mazes/maze_056.map	512	512	484	138	407	61	475.296
118	maps/mazes/maze_056.map	512	512	124	62	27	77	475.882
117	maps/mazes/maze_056.map	512	512	176	497	237	446	471.983
117	maps/mazes/maze_056.map	512	512	40	178	42	56	471.64
117	maps/mazes/maze_056.map	512	512	232	83	306	97	471.154
117	maps/mazes/maze_056.map	512	512	337	149	252	76	471.397
117	maps/mazes/maze_056.map	512	512	301	179	363	285	471.983
117	maps/mazes/maze_056.map	512	512	325	209	248	79	471.468
117	maps/mazes/maze_056.map	512	512	312	430	358	273	471.225
117	maps/mazes/maze_056.map	512	512	420	464	424	377	471.225
117	maps/mazes/maze_056.map	512	512	169	416	233	408	471.882
116	maps/mazes/maze_056.map	512	512	356	335	300	264	467.811
116	maps/mazes/maze_056.map	512	512	292	45	92	19	467.983
116	maps/mazes/maze_056.map	512	512	333	290	384	317	467.64
116	maps/mazes/maze_056.map	512	512	276	14	307	105	467.983
116	maps/mazes/maze_056.map	512	512	15	316	137	359	467.61
116	maps/mazes/maze_056.map	512	512	262	468	293	332	467.225
116	maps/mazes/maze_056.map	512	512	344	200	289	140	467.811
116	maps/mazes/maze_056.map	512	512	89	409	209	396	467.225
116	maps/mazes/maze_056.map	512	512	320	112	309	243	467.296
116	maps/mazes/maze_056.map	512	512	5	1	237	29	467.497
115	maps/mazes/maze_056.map	512	512	142	408	237	367	463.296
115	maps/mazes/maze_056.map	512	512	75	412	170	396	463.569
115	maps/mazes/maze_056.map	512	512	375	493	377	336	463.125
115	maps/mazes/maze_056.map	512	512	467	289	373	217	463.882
115	maps/mazes/maze_056.map	512	512	76	424	176	386	463.154
115	maps/mazes/maze_056.map	512	512	484	496	415	396	463.912
115	maps/mazes/maze_056.map	512	512	236	368	371	276	463.225
115	maps/mazes/maze_056.map	512	512	401	204	320	135	463.64
115	maps/mazes/maze_056.map	512	512	276	12	248	145	463.225
115	maps/mazes/maze_056.map	512	512	249	15	293	97	463.397
114	maps/mazes/maze_056.map	512	512	357	376	361	273	459.711
114	maps/mazes/maze_056.map	512	512	42	197	71	81	459.468
114	maps/mazes/maze_056.map	512	512	347	428	281	389	459.811
114	maps/mazes/maze_056.map	512	512	281	447	368	278	459.983
114	maps/mazes/maze_056.map	512	512	296	77	245	12	459.64
114	maps/mazes/maze_056.map	512	512	498	293	396	377	459.397
114	maps/mazes/maze_056.map	512	512	100	119	44	27	459.154
114	maps/mazes/maze_056.map	512	512	148	82	189	2	459.468
114	maps/mazes/maze_056.map	512	512	129	16	338	72	459.912
114	maps/mazes/maze_056.map	512	512	268	39	292	144	459.811
113	maps/mazes/maze_056.map	512	512	193	58	297	106	455.154
113	maps/mazes/maze_056.map	512	512	278	177	264	102	455.468
113	maps/mazes/maze_056.map	512	512	327	57	302	97	455.468
113	maps/mazes/maze_056.map	512	512	9	65	162	9	455.569
113	maps/mazes/maze_056.map	512	512	24	93	141	13	455.811
113	maps/mazes/maze_056.map	512	512	36	401	53	356	455.054
113	maps/mazes/maze_056.map	512	512	488	54	362	49	455.225
79	maps/mazes/maze_056.map	512	512	257	25	264	87	317.184
113	maps/mazes/maze_056.map	512	512	81	184	81	95	455.125
113	maps/mazes/maze_056.map	512	512	30	4	243	44	455.083
113	maps/mazes/maze_056.map	512	512	231	412	368	301	455.397
112	maps/mazes/maze_056.map	512	512	466	237	393	208	451.196
112	maps/mazes/maze_056.map	512	512	1	496	74	444	451.225
112	maps/mazes/maze_056.map	512	512	48	124	57	3	451.397
112	maps/mazes/maze_056.map	512	512	137	185	53	82	451.225
112	maps/mazes/maze_056.map	512	512	302	441	364	304	451.569
112	maps/mazes/maze_056.map	512	512	312	189	269	151	451.468
112	maps/mazes/maze_056.map	512	512	324	161	252	42	451.811
112	maps/mazes/maze_056.map	512	512	136	493	178	408	450.983
112	maps/mazes/maze_056.map	512	512	70	321	29	290	451.74
112	maps/mazes/maze_056.map	512	512	509	309	393	388	451.811
111	maps/mazes/maze_056.map	512	512	257	35	312	104	447.154
111	maps/mazes/maze_056.map	512	512	60	300	129	230	447.225
111	maps/mazes/maze_056.map	512	512	212	340	324	201	447.225
111	maps/mazes/maze_056.map	512	512	36	25	194	5	447.74
111	maps/mazes/maze_056.map	512	512	161	236	114	77	447.882
111	maps/mazes/maze_056.map	512	512	424	132	334	72	447.882
111	maps/mazes/maze_056.map	512	512	74	460	151	473	447.983
111	maps/mazes/maze_056.map	512	512	501	285	426	392	447.64
111	maps/mazes/maze_056.map	512	512	484	117	351	17	447.326
110	maps/mazes/maze_056.map	512	512	25	237	24	93	443.569
110	maps/mazes/maze_056.map	512	512	505	206	452	45	443.296
110	maps/mazes/maze_056.map	512	512	460	159	397	44	443.983
110	maps/mazes/maze_056.map	512	512	364	165	289	137	443.468
85	maps/mazes/maze_056.map	512	512	257	87	264	141	340.841
110	maps/mazes/maze_056.map	512	512	433	217	389	201	443.782
110	maps/mazes/maze_056.map	512	512	382	188	293	161	443.983
110	maps/mazes/maze_056.map	512	512	485	253	484	377	443.569
110	maps/mazes/maze_056.map	512	512	256	317	344	263	443.983
110	maps/mazes/maze_056.map	512	512	88	462	145	448	443.811
110	maps/mazes/maze_056.map	512	512	120	429	196	431	443.397
109	maps/mazes/maze_056.map	512	512	117	271	181	328	439.953
109	maps/mazes/maze_056.map	512	512	194	152	38	52	439.74
50	maps/mazes/maze_056.map	512	512	114	169	131	220	201.456
109	maps/mazes/maze_056.map	512	512	0	293	11	45	439.225
109	maps/mazes/maze_056.map	512	512	160	401	237	348	439.054
109	maps/mazes/maze_056.map	512	512	2	340	100	357	438.882
109	maps/mazes/maze_056.map	512	512	277	448	360	292	439.912
109	maps/mazes/maze_056.map	512	512	369	468	384	317	439.054
109	maps/mazes/maze_056.map	512	512	173	130	44	53	439.154
44	maps/mazes/maze_056.map	512	512	428	80	456	44	178.284
109	maps/mazes/maze_056.map	512	512	405	444	413	362	439.882
109	maps/mazes/maze_056.map	512	512	288	93	328	188	439.912
108	maps/mazes/maze_056.map	512	512	454	248	372	197	435.953
108	maps/mazes/maze_056.map	512	512	484	272	424	387	435.225
108	maps/mazes/maze_056.map	512	512	148	245	105	74	435.64
108	maps/mazes/maze_056.map	512	512	52	389	19	356	435.296
108	maps/mazes/maze_056.map	512	512	308	243	282	100	435.225
108	maps/mazes/maze_056.map	512	512	105	226	133	136	435.64
108	maps/mazes/maze_056.map	512	512	172	470	245	447	435.983
108	maps/mazes/maze_056.map	512	512	96	192	110	160	435.539
108	maps/mazes/maze_056.map	512	512	12	29	208	6	435.912
108	maps/mazes/maze_056.map	512	512	96	460	152	464	435.983
107	maps/mazes/maze_056.map	512	512	53	9	249	41	431.255
107	maps/mazes/maze_056.map	512	512	320	70	307	105	431.983
107	maps/mazes/maze_056.map	512	512	144	463	172	404	431.811
107	maps/mazes/maze_056.map	512	512	242	492	309	314	431.326
107	maps/mazes/maze_056.map	512	512	207	424	258	329	431.983
107	maps/mazes/maze_056.map	512	512	394	73	272	27	431.054
107	maps/mazes/maze_056.map	512	512	403	488	440	472	431.811
107	maps/mazes/maze_056.map	512	512	26	364	4	346	431.054
107	maps/mazes/maze_056.map	512	512	378	28	245	32	431.468
107	maps/mazes/maze_056.map	512	512	345	229	278	141	431.569
106	maps/mazes/maze_056.map	512	512	427	272	360	188	427.468
106	maps/mazes/maze_056.map	512	512	64	176	84	135	427.711
106	maps/mazes/maze_056.map	512	512	4	468	120	491	427.468
106	maps/mazes/maze_056.map	512	512	148	82	170	9	427.225
106	maps/mazes/maze_056.map	512	512	220	389	209	452	427.397
106	maps/mazes/maze_056.map	512	512	474	464	398	380	427.983
106	maps/mazes/maze_056.map	512	512	238	449	136	454	427.811
106	maps/mazes/maze_056.map	512	512	245	29	392	38	427.64
106	maps/mazes/maze_056.map	512	512	500	177	424	68	427.225
106	maps/mazes/maze_056.map	512	512	176	288	231	352	427.953
105	maps/mazes/maze_056.map	512	512	500	86	392	59	423.569
105	maps/mazes/maze_056.map	512	512	133	254	135	104	423.74
105	maps/mazes/maze_056.map	512	512	344	200	283	97	423.497
105	maps/mazes/maze_056.map	512	512	20	289	133	224	423.64
105	maps/mazes/maze_056.map	512	512	288	349	356	265	423.983
105	maps/mazes/maze_056.map	512	512	197	504	258	340	423.569
105	maps/mazes/maze_056.map	512	512	429	466	378	397	423.74
105	maps/mazes/maze_056.map	512	512	34	345	53	368	423.983
105	maps/mazes/maze_056.map	512	512	449	25	390	53	423.225
105	maps/mazes/maze_056.map	512	512	372	409	302	396	423.468
104	maps/mazes/maze_056.map	512	512	111	461	153	434	419.569
104	maps/mazes/maze_056.map	512	512	253	305	298	177	418.983
104	maps/mazes/maze_056.map	512	512	309	389	230	376	419.255
104	maps/mazes/maze_056.map	512	512	481	290	454	377	419.397
104	maps/mazes/maze_056.map	512	512	322	348	301	285	419.983
104	maps/mazes/maze_056.map	512	512	336	149	265	104	419.497
15	maps/mazes/maze_056.map	512	512	297	432	289	436	61.0711
104	maps/mazes/maze_056.map	512	512	397	501	443	465	419.397
104	maps/mazes/maze_056.map	512	512	360	1	277	6	419.054
104	maps/mazes/maze_056.map	512	512	52	353	200	381	419.882
104	maps/mazes/maze_056.map	512	512	149	289	198	341	419.125
103	maps/mazes/maze_056.map	512	512	131	465	157	419	415.397
103	maps/mazes/maze_056.map	512	512	264	4	73	25	415.841
103	maps/mazes/maze_056.map	512	512	346	157	279	136	415.397
103	maps/mazes/maze_056.map	512	512	132	217	100	67	415.397
103	maps/mazes/maze_056.map	512	512	181	449	295	332	415.811
103	maps/mazes/maze_056.map	512	512	403	421	389	400	415.912
103	maps/mazes/maze_056.map	512	512	457	56	358	61	415.154
103	maps/mazes/maze_056.map	512	512	257	69	288	167	414.983
22	maps/mazes/maze_056.map	512	512	51	360	0	349	89.0711
103	maps/mazes/maze_056.map	512	512	353	417	301	418	415.569
103	maps/mazes/maze_056.map	512	512	392	344	391	396	415.569
102	maps/mazes/maze_056.map	512	512	121	405	187	404	411.912
102	maps/mazes/maze_056.map	512	512	495	461	423	384	411.912
102	maps/mazes/maze_056.map	512	512	31	105	101	3	411.154
102	maps/mazes/maze_056.map	512	512	394	249	351	209	411.225
102	maps/mazes/maze_056.map	512	512	148	140	12	8	411.983
102	maps/mazes/maze_056.map	512	512	393	129	343	113	411.882
102	maps/mazes/maze_056.map	512	512	67	505	32	445	411.326
102	maps/mazes/maze_056.map	512	512	279	177	278	101	411.225
102	maps/mazes/maze_056.map	512	512	8	348	60	340	411.154
102	maps/mazes/maze_056.map	512	512	360	380	361	273	411.397
101	maps/mazes/maze_056.map	512	512	289	361	363	304	407.569
101	maps/mazes/maze_056.map	512	512	448	48	344	68	407.74
101	maps/mazes/maze_056.map	512	512	274	276	359	293	407.154
101	maps/mazes/maze_056.map	512	512	2	341	86	337	407.64
101	maps/mazes/maze_056.map	512	512	21	409	26	324	407.74
101	maps/mazes/maze_056.map	512	512	185	12	296	120	407.912
101	maps/mazes/maze_056.map	512	512	198	0	292	142	407.154
101	maps/mazes/maze_056.map	512	512	435	200	371	205	407.953
101	maps/mazes/maze_056.map	512	512	16	269	117	255	407.811
101	maps/mazes/maze_056.map	512	512	73	502	33	441	407.912
100	maps/mazes/maze_056.map	512	512	199	145	278	141	403.669
100	maps/mazes/maze_056.map	512	512	313	44	280	104	403.225
100	maps/mazes/maze_056.map	512	512	221	412	362	332	403.912
100	maps/mazes/maze_056.map	512	512	414	352	359	273	403.497
100	maps/mazes/maze_056.map	512	512	420	340	373	305	403.255
100	maps/mazes/maze_056.map	512	512	237	508	253	335	403.326
100	maps/mazes/maze_056.map	512	512	204	149	72	93	403.74
100	maps/mazes/maze_056.map	512	512	107	113	41	58	403.669
100	maps/mazes/maze_056.map	512	512	359	456	324	435	403.74
99	maps/mazes/maze_056.map	512	512	9	100	73	25	399.912
99	maps/mazes/maze_056.map	512	512	184	119	120	205	399.497
99	maps/mazes/maze_056.map	512	512	85	147	20	17	399.669
99	maps/mazes/maze_056.map	512	512	477	76	361	25	399.426
99	maps/mazes/maze_056.map	512	512	268	226	356	265	399.569
99	maps/mazes/maze_056.map	512	512	340	289	366	329	399.983
55	maps/mazes/maze_056.map	512	512	379	245	425	217	221.698
99	maps/mazes/maze_056.map	512	512	53	341	137	366	399.953
99	maps/mazes/maze_056.map	512	512	248	65	89	12	399.497
99	maps/mazes/maze_056.map	512	512	198	4	313	143	399.841
99	maps/mazes/maze_056.map	512	512	156	492	178	389	399.912
98	maps/mazes/maze_056.map	512	512	188	130	40	53	395.083
98	maps/mazes/maze_056.map	512	512	486	25	352	33	395.154
98	maps/mazes/maze_056.map	512	512	288	24	73	28	394.841
98	maps/mazes/maze_056.map	512	512	154	197	132	101	395.497
98	maps/mazes/maze_056.map	512	512	112	85	60	23	395.74
98	maps/mazes/maze_056.map	512	512	208	325	320	257	395.74
98	maps/mazes/maze_056.map	512	512	5	412	21	317	395.326
98	maps/mazes/maze_056.map	512	512	21	326	130	377	395.882
98	maps/mazes/maze_056.map	512	512	109	312	29	276	395.255
98	maps/mazes/maze_056.map	512	512	163	325	183	292	395.912
97	maps/mazes/maze_056.map	512	512	263	261	279	136	391.225
96	maps/mazes/maze_056.map	512	512	422	16	407	60	386.012
97	maps/mazes/maze_056.map	512	512	136	353	94	324	391.912
97	maps/mazes/maze_056.map	512	512	324	335	357	283	391.811
97	maps/mazes/maze_056.map	512	512	192	504	237	352	391.326
97	maps/mazes/maze_056.map	512	512	97	193	80	172	391.64
97	maps/mazes/maze_056.map	512	512	467	293	410	229	391.811
97	maps/mazes/maze_056.map	512	512	444	405	401	361	391.669
97	maps/mazes/maze_056.map	512	512	108	362	214	396	391.983
97	maps/mazes/maze_056.map	512	512	293	290	273	138	391.983
97	maps/mazes/maze_056.map	512	512	128	392	125	408	391.569
96	maps/mazes/maze_056.map	512	512	481	143	397	35	387.497
96	maps/mazes/maze_056.map	512	512	222	68	225	126	387.468
96	maps/mazes/maze_056.map	512	512	269	270	329	272	387.154
96	maps/mazes/maze_056.map	512	512	493	1	392	39	387.669
96	maps/mazes/maze_056.map	512	512	492	472	438	401	387.669
96	maps/mazes/maze_056.map	512	512	40	147	43	53	387.669
96	maps/mazes/maze_056.map	512	512	372	357	257	341	387.912
96	maps/mazes/maze_056.map	512	512	257	63	269	152	387.569
96	maps/mazes/maze_056.map	512	512	13	349	52	333	387.083
95	maps/mazes/maze_056.map	512	512	129	500	209	451	383.569
95	maps/mazes/maze_056.map	512	512	100	181	89	167	383.811
95	maps/mazes/maze_056.map	512	512	493	252	492	357	383.255
95	maps/mazes/maze_056.map	512	512	257	92	290	5	383.74
95	maps/mazes/maze_056.map	512	512	253	170	105	65	383.083
95	maps/mazes/maze_056.map	512	512	5	42	103	1	383.669
95	maps/mazes/maze_056.map	512	512	181	490	225	373	383.326
95	maps/mazes/maze_056.map	512	512	50	345	183	372	383.054
95	maps/mazes/maze_056.map	512	512	88	147	38	21	383.841
95	maps/mazes/maze_056.map	512	512	371	429	312	383	383.569
94	maps/mazes/maze_056.map	512	512	12	192	32	150	379.497
94	maps/mazes/maze_056.map	512	512	399	416	365	329	379.912
94	maps/mazes/maze_056.map	512	512	132	372	28	343	379.468
94	maps/mazes/maze_056.map	512	512	353	329	285	276	379.912
94	maps/mazes/maze_056.map	512	512	420	447	381	397	379.083
94	maps/mazes/maze_056.map	512	512	215	493	256	348	379.497
94	maps/mazes/maze_056.map	512	512	278	200	312	288	379.983
94	maps/mazes/maze_056.map	512	512	347	208	311	97	379.083
94	maps/mazes/maze_056.map	512	512	262	241	297	286	379.397
94	maps/mazes/maze_056.map	512	512	176	48	279	97	379.497
93	maps/mazes/maze_056.map	512	512	488	174	444	56	375.983
93	maps/mazes/maze_056.map	512	512	424	465	442	404	375.083
93	maps/mazes/maze_056.map	512	512	49	280	124	200	375.912
93	maps/mazes/maze_056.map	512	512	78	204	78	129	375.225
93	maps/mazes/maze_056.map	512	512	9	406	11	317	375.912
93	maps/mazes/maze_056.map	512	512	364	67	362	124	375.225
93	maps/mazes/maze_056.map	512	512	168	4	44	28	375.841
93	maps/mazes/maze_056.map	512	512	89	428	180	381	375.841
93	maps/mazes/maze_056.map	512	512	332	237	374	321	375.255
93	maps/mazes/maze_056.map	512	512	293	301	360	301	375.912
92	maps/mazes/maze_056.map	512	512	131	416	246	448	371.326
92	maps/mazes/maze_056.map	512	512	64	100	76	29	371.326
92	maps/mazes/maze_056.map	512	512	169	449	241	480	371.083
92	maps/mazes/maze_056.map	512	512	401	48	292	9	371.497
92	maps/mazes/maze_056.map	512	512	208	100	237	129	371.64
92	maps/mazes/maze_056.map	512	512	444	82	343	25	371.255
92	maps/mazes/maze_056.map	512	512	453	189	402	208	371.64
92	maps/mazes/maze_056.map	512	512	113	432	212	429	371.255
92	maps/mazes/maze_056.map	512	512	121	340	68	310	371.669
92	maps/mazes/maze_056.map	512	512	173	388	240	448	371.326
91	maps/mazes/maze_056.map	512	512	318	248	294	113	367.569
91	maps/mazes/maze_056.map	512	512	31	324	110	365	367.054
91	maps/mazes/maze_056.map	512	512	506	429	402	396	367.083
91	maps/mazes/maze_056.map	512	512	41	119	33	21	367.841
91	maps/mazes/maze_056.map	512	512	140	488	157	417	366.912
91	maps/mazes/maze_056.map	512	512	500	332	392	396	367.497
91	maps/mazes/maze_056.map	512	512	36	196	93	94	367.225
91	maps/mazes/maze_056.map	512	512	373	499	404	341	367.326
91	maps/mazes/maze_056.map	512	512	128	232	123	81	367.154
91	maps/mazes/maze_056.map	512	512	485	315	392	372	367.497
90	maps/mazes/maze_056.map	512	512	99	136	29	51	363.426
90	maps/mazes/maze_056.map	512	512	376	97	347	141	363.811
87	maps/mazes/maze_056.map	512	512	225	438	293	327	349.326
90	maps/mazes/maze_056.map	512	512	384	287	360	284	363.326
90	maps/mazes/maze_056.map	512	512	341	144	288	104	363.669
90	maps/mazes/maze_056.map	512	512	199	504	233	370	363.497
90	maps/mazes/maze_056.map	512	512	201	109	307	97	363.841
90	maps/mazes/maze_056.map	512	512	292	136	311	268	363.569
90	maps/mazes/maze_056.map	512	512	318	45	252	75	363.154
90	maps/mazes/maze_056.map	512	512	45	188	93	96	363.983
90	maps/mazes/maze_056.map	512	512	489	167	412	81	363.083
89	maps/mazes/maze_056.map	512	512	12	417	9	333	359.326
89	maps/mazes/maze_056.map	512	512	277	444	376	309	359.012
89	maps/mazes/maze_056.map	512	512	353	499	369	382	359.326
89	maps/mazes/maze_056.map	512	512	397	443	280	385	358.983
89	maps/mazes/maze_056.map	512	512	353	499	369	382	359.326
89	maps/mazes/maze_056.map	512	512	284	192	281	136	359.225
89	maps/mazes/maze_056.map	512	512	311	396	342	460	359.225
89	maps/mazes/maze_056.map	512	512	433	105	329	45	359.983
89	maps/mazes/maze_056.map	512	512	464	388	386	400	359.497
89	maps/mazes/maze_056.map	512	512	341	337	297	274	359.083
88	maps/mazes/maze_056.map	512	512	112	135	45	78	355.012
88	maps/mazes/maze_056.map	512	512	45	188	93	88	355.983
88	maps/mazes/maze_056.map	512	512	484	478	447	408	355.426
88	maps/mazes/maze_056.map	512	512	343	17	184	6	355.012
88	maps/mazes/maze_056.map	512	512	285	258	272	139	355.154
88	maps/mazes/maze_056.map	512	512	481	165	426	61	355.326
88	maps/mazes/maze_056.map	512	512	71	40	250	21	355.355
88	maps/mazes/maze_056.map	512	512	320	59	245	88	355.154
88	maps/mazes/maze_056.map	512	512	299	265	278	141	355.569
88	maps/mazes/maze_056.map	512	512	427	332	369	338	355.598
87	maps/mazes/maze_056.map	512	512	495	60	369	32	351.598
87	maps/mazes/maze_056.map	512	512	230	341	300	221	351.497
87	maps/mazes/maze_056.map	512	512	189	135	53	85	351.598
87	maps/mazes/maze_056.map	512	512	270	120	299	296	351.326
87	maps/mazes/maze_056.map	512	512	416	189	386	192	351.811
87	maps/mazes/maze_056.map	512	512	154	396	243	409	351.74
87	maps/mazes/maze_056.map	512	512	45	397	42	309	351.426
87	maps/mazes/maze_056.map	512	512	147	88	141	3	351.326
87	maps/mazes/maze_056.map	512	512	340	308	244	429	351.426
86	maps/mazes/maze_056.map	512	512	306	9	245	19	347.083
86	maps/mazes/maze_056.map	512	512	442	293	369	202	347.397
86	maps/mazes/maze_056.map	512	512	449	221	364	194	347.64
86	maps/mazes/maze_056.map	512	512	382	277	316	243	347.497
86	maps/mazes/maze_056.map	512	512	221	364	208	268	347.811
86	maps/mazes/maze_056.map	512	512	420	275	385	193	346.983
86	maps/mazes/maze_056.map	512	512	392	288	364	285	347.083
86	maps/mazes/maze_056.map	512	512	449	200	369	201	347.468
86	maps/mazes/maze_056.map	512	512	472	284	430	229	347.912
86	maps/mazes/maze_056.map	512	512	212	57	288	103	347.497
85	maps/mazes/maze_056.map	512	512	180	351	153	358	343.497
85	maps/mazes/maze_056.map	512	512	84	354	170	381	343.083
85	maps/mazes/maze_056.map	512	512	258	64	265	124	343.083
85	maps/mazes/maze_056.map	512	512	309	309	352	325	343.426
85	maps/mazes/maze_056.map	512	512	29	95	89	84	343.184
85	maps/mazes/maze_056.map	512	512	74	261	133	167	343.669
85	maps/mazes/maze_056.map	512	512	468	164	411	89	343.012
85	maps/mazes/maze_056.map	512	512	306	284	261	140	343.083
85	maps/mazes/maze_056.map	512	512	443	380	374	365	343.598
84	maps/mazes/maze_056.map	512	512	121	160	61	59	339.669
84	maps/mazes/maze_056.map	512	512	348	85	321	177	339.569
84	maps/mazes/maze_056.map	512	512	432	420	400	407	339.77
84	maps/mazes/maze_056.map	512	512	265	262	312	288	339.083
84	maps/mazes/maze_056.map	512	512	231	496	256	347	339.255
84	maps/mazes/maze_056.map	512	512	428	448	415	400	339.77
84	maps/mazes/maze_056.map	512	512	130	444	133	408	339.669
84	maps/mazes/maze_056.map	512	512	386	292	416	400	339.983
84	maps/mazes/maze_056.map	512	512	379	13	329	51	339.983
84	maps/mazes/maze_056.map	512	512	121	17	257	71	338.77
83	maps/mazes/maze_056.map	512	512	403	0	350	29	335.983
83	maps/mazes/maze_056.map	512	512	176	433	241	445	335.326
83	maps/mazes/maze_056.map	512	512	329	220	289	97	335.184
83	maps/mazes/maze_056.map	512	512	228	308	314	192	335.841
83	maps/mazes/maze_056.map	512	512	397	476	404	344	335.912
83	maps/mazes/maze_056.map	512	512	500	45	385	58	335.255
83	maps/mazes/maze_056.map	512	512	449	412	387	380	335.255
83	maps/mazes/maze_056.map	512	512	504	50	385	50	335.426
83	maps/mazes/maze_056.map	512	512	317	509	288	381	335.569
83	maps/mazes/maze_056.map	512	512	351	433	304	414	335.497
82	maps/mazes/maze_056.map	512	512	336	352	271	325	331.012
82	maps/mazes/maze_056.map	512	512	321	27	212	13	331.426
82	maps/mazes/maze_056.map	512	512	299	149	240	38	331.598
82	maps/mazes/maze_056.map	512	512	304	61	294	109	331.598
82	maps/mazes/maze_056.map	512	512	213	168	133	104	331.355
82	maps/mazes/maze_056.map	512	512	341	491	393	404	331.326
51	maps/mazes/maze_056.map	512	512	148	194	178	169	205.627
82	maps/mazes/maze_056.map	512	512	505	432	440	413	331.74
82	maps/mazes/maze_056.map	512	512	16	502	35	448	331.426
82	maps/mazes/maze_056.map	512	512	37	411	23	356	331.083
82	maps/mazes/maze_056.map	512	512	64	409	165	365	331.426
81	maps/mazes/maze_056.map	512	512	368	82	344	115	326.74
81	maps/mazes/maze_056.map	512	512	80	81	75	40	327.598
81	maps/mazes/maze_056.map	512	512	487	121	389	46	327.184
81	maps/mazes/maze_056.map	512	512	136	450	209	441	327.841
81	maps/mazes/maze_056.map	512	512	17	65	92	17	327.426
81	maps/mazes/maze_056.map	512	512	128	418	219	456	327.426
65	maps/mazes/maze_056.map	512	512	84	66	128	93	260.113
81	maps/mazes/maze_056.map	512	512	452	415	385	380	327.841
81	maps/mazes/maze_056.map	512	512	80	224	142	161	327.669
81	maps/mazes/maze_056.map	512	512	356	210	357	103	327.012
81	maps/mazes/maze_056.map	512	512	161	243	125	136	327.083
80	maps/mazes/maze_056.map	512	512	437	106	333	70	323.74
80	maps/mazes/maze_056.map	512	512	138	312	177	261	323.841
80	maps/mazes/maze_056.map	512	512	336	396	317	439	323.983
80	maps/mazes/maze_056.map	512	512	107	56	144	106	323.669
80	maps/mazes/maze_056.map	512	512	25	160	80	77	323.941
27	maps/mazes/maze_056.map	512	512	77	94	69	140	109.314
80	maps/mazes/maze_056.map	512	512	56	276	125	217	323.255
80	maps/mazes/maze_056.map	512	512	9	324	81	354	323.154
80	maps/mazes/maze_056.map	512	512	425	264	462	213	323.497
80	maps/mazes/maze_056.map	512	512	352	508	369	380	323.669
80	maps/mazes/maze_056.map	512	512	204	484	221	456	323.77
79	maps/mazes/maze_056.map	512	512	180	231	288	220	319.811
79	maps/mazes/maze_056.map	512	512	441	194	384	233	319.397
79	maps/mazes/maze_056.map	512	512	434	461	404	388	319.77
79	maps/mazes/maze_056.map	512	512	21	149	43	32	319.77
79	maps/mazes/maze_056.map	512	512	8	302	32	146	319.497
79	maps/mazes/maze_056.map	512	512	479	360	401	308	319.698
79	maps/mazes/maze_056.map	512	512	432	356	381	337	319.355
79	maps/mazes/maze_056.map	512	512	310	316	350	261	319.912
79	maps/mazes/maze_056.map	512	512	384	29	290	5	318.912
78	maps/mazes/maze_056.map	512	512	467	41	357	27	315.355
78	maps/mazes/maze_056.map	512	512	125	208	111	77	315.083
78	maps/mazes/maze_056.map	512	512	2	345	59	372	315.497
78	maps/mazes/maze_056.map	512	512	20	24	144	12	315.841
78	maps/mazes/maze_056.map	512	512	61	411	150	368	315.355
78	maps/mazes/maze_056.map	512	512	338	272	321	213	315.355
78	maps/mazes/maze_056.map	512	512	96	86	48	1	315.184
78	maps/mazes/maze_056.map	512	512	277	261	360	269	315.426
78	maps/mazes/maze_056.map	512	512	229	449	297	323	315.012
75	maps/mazes/maze_056.map	512	512	1	178	25	213	301.184
78	maps/mazes/maze_056.map	512	512	401	408	372	360	315.426
77	maps/mazes/maze_056.map	512	512	340	345	373	389	311.426
77	maps/mazes/maze_056.map	512	512	24	74	75	29	311.598
77	maps/mazes/maze_056.map	512	512	294	505	284	399	311.497
77	maps/mazes/maze_056.map	512	512	453	93	354	21	310.941
77	maps/mazes/maze_056.map	512	512	354	357	368	305	311.841
77	maps/mazes/maze_056.map	512	512	148	152	59	85	311.012
77	maps/mazes/maze_056.map	512	512	321	457	325	377	311.598
77	maps/mazes/maze_056.map	512	512	334	76	289	92	311.912
77	maps/mazes/maze_056.map	512	512	310	85	272	101	311.255
77	maps/mazes/maze_056.map	512	512	476	504	417	383	311.012
76	maps/mazes/maze_056.map	512	512	261	361	236	447	307.184
76	maps/mazes/maze_056.map	512	512	51	353	156	365	306.74
76	maps/mazes/maze_056.map	512	512	267	364	356	325	307.012
76	maps/mazes/maze_056.map	512	512	224	326	312	226	307.012
76	maps/mazes/maze_056.map	512	512	446	380	372	397	307.184
76	maps/mazes/maze_056.map	512	512	509	2	397	42	307.841
76	maps/mazes/maze_056.map	512	512	125	484	150	440	307.426
76	maps/mazes/maze_056.map	512	512	406	408	385	360	307.426
76	maps/mazes/maze_056.map	512	512	36	472	112	469	306.841
76	maps/mazes/maze_056.map	512	512	425	504	452	470	306.598
75	maps/mazes/maze_056.map	512	512	444	130	352	36	303.255
75	maps/mazes/maze_056.map	512	512	301	374	361	332	303.012
75	maps/mazes/maze_056.map	512	512	381	132	300	153	303.74
75	maps/mazes/maze_056.map	512	512	224	49	267	104	303.012
75	maps/mazes/maze_056.map	512	512	313	429	339	328	303.77
75	maps/mazes/maze_056.map	512	512	128	68	16	13	303.426
75	maps/mazes/maze_056.map	512	512	89	125	98	73	303.184
75	maps/mazes/maze_056.map	512	512	397	393	374	321	303.184
75	maps/mazes/maze_056.map	512	512	61	203	72	120	303.497
74	maps/mazes/maze_056.map	512	512	405	11	352	47	299.669
74	maps/mazes/maze_056.map	512	512	265	435	327	344	299.527
74	maps/mazes/maze_056.map	512	512	221	289	316	230	299.598
74	maps/mazes/maze_056.map	512	512	228	94	245	140	299.569
74	maps/mazes/maze_056.map	512	512	151	376	210	429	299.255
74	maps/mazes/maze_056.map	512	512	350	180	316	116	299.012
74	maps/mazes/maze_056.map	512	512	412	375	404	346	299.77
74	maps/mazes/maze_056.map	512	512	340	4	245	12	299.77
74	maps/mazes/maze_056.map	512	512	32	392	9	333	299.012
58	maps/mazes/maze_056.map	512	512	337	180	381	137	235.527
74	maps/mazes/maze_056.map	512	512	185	358	96	310	299.87
73	maps/mazes/maze_056.map	512	512	53	487	141	473	295.012
73	maps/mazes/maze_056.map	512	512	43	381	46	397	295.669
73	maps/mazes/maze_056.map	512	512	381	338	325	266	295.355
73	maps/mazes/maze_056.map	512	512	500	80	410	68	295.255
73	maps/mazes/maze_056.map	512	512	245	475	256	334	295.598
73	maps/mazes/maze_056.map	512	512	461	104	352	39	295.841
73	maps/mazes/maze_056.map	512	512	173	109	29	52	295.184
73	maps/mazes/maze_056.map	512	512	405	296	337	322	295.012
73	maps/mazes/maze_056.map	512	512	171	72	181	24	295.497
73	maps/mazes/maze_056.map	512	512	334	261	315	244	295.941
72	maps/mazes/maze_056.map	512	512	302	20	172	16	291.355
72	maps/mazes/maze_056.map	512	512	256	55	291	149	291.184
72	maps/mazes/maze_056.map	512	512	501	365	436	380	291.255
72	maps/mazes/maze_056.map	512	512	488	164	440	99	291.184
72	maps/mazes/maze_056.map	512	512	476	379	404	388	291.77
72	maps/mazes/maze_056.map	512	512	317	136	241	41	291.527
72	maps/mazes/maze_056.map	512	512	75	441	112	460	291.255
72	maps/mazes/maze_056.map	512	512	312	457	325	343	291.426
72	maps/mazes/maze_056.map	512	512	137	272	192	291	291.841
72	maps/mazes/maze_056.map	512	512	86	301	65	233	291.527
71	maps/mazes/maze_056.map	512	512	449	121	349	17	287.012
71	maps/mazes/maze_056.map	512	512	448	124	341	21	287.841
71	maps/mazes/maze_056.map	512	512	111	292	48	226	287.87
71	maps/mazes/maze_056.map	512	512	401	439	376	321	287.669
71	maps/mazes/maze_056.map	512	512	44	73	76	25	287.355
71	maps/mazes/maze_056.map	512	512	45	108	29	46	287.355
71	maps/mazes/maze_056.map	512	512	264	317	319	256	287.255
71	maps/mazes/maze_056.map	512	512	132	121	172	191	287.355
71	maps/mazes/maze_056.map	512	512	493	100	401	45	287.77
71	maps/mazes/maze_056.map	512	512	417	209	403	208	287.083
70	maps/mazes/maze_056.map	512	512	506	300	449	381	283.841
70	maps/mazes/maze_056.map	512	512	283	325	368	303	283.77
70	maps/mazes/maze_056.map	512	512	389	355	329	244	283.527
70	maps/mazes/maze_056.map	512	512	218	501	237	478	283.598
70	maps/mazes/maze_056.map	512	512	308	301	348	333	283.355
70	maps/mazes/maze_056.map	512	512	184	353	192	356	283.669
70	maps/mazes/maze_056.map	512	512	205	188	237	120	283.012
70	maps/mazes/maze_056.map	512	512	421	147	385	33	283.355
70	maps/mazes/maze_056.map	512	512	0	391	44	370	283.083
70	maps/mazes/maze_056.map	512	512	140	335	56	293	283.456
69	maps/mazes/maze_056.map	512	512	208	267	217	349	279.569
69	maps/mazes/maze_056.map	512	512	448	48	360	26	279.113
69	maps/mazes/maze_056.map	512	512	461	96	356	22	279.77
69	maps/mazes/maze_056.map	512	512	306	248	273	139	279.012
69	maps/mazes/maze_056.map	512	512	68	460	132	476	279.012
69	maps/mazes/maze_056.map	512	512	17	169	33	21	279.113
69	maps/mazes/maze_056.map	512	512	336	296	318	249	279.527
69	maps/mazes/maze_056.map	512	512	320	481	300	395	279.841
69	maps/mazes/maze_056.map	512	512	285	257	265	133	279.841
69	maps/mazes/maze_056.map	512	512	379	257	400	202	279.841
68	maps/mazes/maze_056.map	512	512	180	253	184	340	275.083
68	maps/mazes/maze_056.map	512	512	208	475	242	460	275.527
68	maps/mazes/maze_056.map	512	512	31	69	71	40	275.184
68	maps/mazes/maze_056.map	512	512	459	412	423	380	275.012
68	maps/mazes/maze_056.map	512	512	317	188	296	119	275.598
68	maps/mazes/maze_056.map	512	512	452	415	473	382	275.012
68	maps/mazes/maze_056.map	512	512	275	169	294	296	275.012
68	maps/mazes/maze_056.map	512	512	153	20	240	41	275.012
68	maps/mazes/maze_056.map	512	512	196	125	245	50	275.598
67	maps/mazes/maze_056.map	512	512	425	467	434	460	271.355
67	maps/mazes/maze_056.map	512	512	299	217	270	144	271.497
67	maps/mazes/maze_056.map	512	512	484	324	428	390	271.841
67	maps/mazes/maze_056.map	512	512	490	109	412	45	271.598
67	maps/mazes/maze_056.map	512	512	88	145	133	104	271.012
67	maps/mazes/maze_056.map	512	512	169	257	175	309	271.841
67	maps/mazes/maze_056.map	512	512	432	419	395	396	271.698
67	maps/mazes/maze_056.map	512	512	444	505	448	407	271.355
67	maps/mazes/maze_056.map	512	512	117	444	178	412	271.284
67	maps/mazes/maze_056.map	512	512	259	496	233	369	271.77
66	maps/mazes/maze_056.map	512	512	217	14	294	97	267.941
66	maps/mazes/maze_056.map	512	512	51	72	57	32	267.355
66	maps/mazes/maze_056.map	512	512	23	120	34	4	267.184
66	maps/mazes/maze_056.map	512	512	209	385	212	409	267.77
66	maps/mazes/maze_056.map	512	512	69	0	216	13	267.698
66	maps/mazes/maze_056.map	512	512	217	410	241	436	267.255
66	maps/mazes/maze_056.map	512	512	69	76	23	1	267.77
66	maps/mazes/maze_056.map	512	512	405	81	336	64	267.841
66	maps/mazes/maze_056.map	512	512	410	121	332	101	267.012
66	maps/mazes/maze_056.map	512	512	64	186	49	173	267.012
65	maps/mazes/maze_056.map	512	512	267	52	302	97	263.355
65	maps/mazes/maze_056.map	512	512	391	161	434	161	263.77
65	maps/mazes/maze_056.map	512	512	364	445	376	449	263.698
65	maps/mazes/maze_056.map	512	512	49	345	140	376	263.497
65	maps/mazes/maze_056.map	512	512	177	223	261	219	263.255
65	maps/mazes/maze_056.map	512	512	265	213	297	288	263.184
65	maps/mazes/maze_056.map	512	512	56	505	39	432	263.113
65	maps/mazes/maze_056.map	512	512	377	159	430	149	263.184
65	maps/mazes/maze_056.map	512	512	371	17	329	42	263.426
64	maps/mazes/maze_056.map	512	512	277	255	309	182	258.941
64	maps/mazes/maze_056.map	512	512	509	35	412	46	259.255
64	maps/mazes/maze_056.map	512	512	444	486	424	439	259.284
64	maps/mazes/maze_056.map	512	512	275	273	317	192	259.77
64	maps/mazes/maze_056.map	512	512	245	2	333	71	259.184
64	maps/mazes/maze_056.map	512	512	19	253	21	119	259.941
64	maps/mazes/maze_056.map	512	512	289	154	357	189	259.527
64	maps/mazes/maze_056.map	512	512	257	124	323	129	259.042
64	maps/mazes/maze_056.map	512	512	150	268	187	285	259.012
64	maps/mazes/maze_056.map	512	512	389	476	369	376	259.355
63	maps/mazes/maze_056.map	512	512	500	439	428	444	255.669
63	maps/mazes/maze_056.map	512	512	178	433	219	437	255.184
63	maps/mazes/maze_056.map	512	512	5	429	69	386	255.184
63	maps/mazes/maze_056.map	512	512	308	429	321	342	255.698
63	maps/mazes/maze_056.map	512	512	152	30	105	6	255.184
63	maps/mazes/maze_056.map	512	512	293	112	307	181	255.669
63	maps/mazes/maze_056.map	512	512	272	468	312	480	255.355
63	maps/mazes/maze_056.map	512	512	420	442	393	388	255.527
63	maps/mazes/maze_056.map	512	512	340	261	328	323	255.598
63	maps/mazes/maze_056.map	512	512	37	504	61	434	255.113
62	maps/mazes/maze_056.map	512	512	152	92	131	197	251.355
62	maps/mazes/maze_056.map	512	512	466	456	442	404	251.355
62	maps/mazes/maze_056.map	512	512	60	41	112	77	251.355
62	maps/mazes/maze_056.map	512	512	364	54	265	24	251.77
62	maps/mazes/maze_056.map	512	512	44	130	93	90	251.77
62	maps/mazes/maze_056.map	512	512	144	413	217	438	251.355
62	maps/mazes/maze_056.map	512	512	507	209	500	135	251.426
62	maps/mazes/maze_056.map	512	512	472	201	448	230	251.426
62	maps/mazes/maze_056.map	512	512	476	252	424	221	251.426
62	maps/mazes/maze_056.map	512	512	449	206	392	236	251.083
61	maps/mazes/maze_056.map	512	512	493	59	404	46	247.941
61	maps/mazes/maze_056.map	512	512	356	60	259	21	247.355
61	maps/mazes/maze_056.map	512	512	444	469	423	384	247.941
32	maps/mazes/maze_056.map	512	512	392	461	339	504	128.142
61	maps/mazes/maze_056.map	512	512	429	199	368	191	246.841
61	maps/mazes/maze_056.map	512	512	125	488	145	490	247.113
61	maps/mazes/maze_056.map	512	512	200	189	237	110	247.355
61	maps/mazes/maze_056.map	512	512	58	29	175	9	247.87
61	maps/mazes/maze_056.map	512	512	16	505	72	425	247.698
61	maps/mazes/maze_056.map	512	512	80	31	18	45	247.355
61	maps/mazes/maze_056.map	512	512	12	106	15	5	247.941
60	maps/mazes/maze_056.map	512	512	21	185	17	47	243.113
60	maps/mazes/maze_056.map	512	512	497	269	491	360	243.284
60	maps/mazes/maze_056.map	512	512	128	448	185	408	243.87
60	maps/mazes/maze_056.map	512	512	25	0	141	6	243.698
60	maps/mazes/maze_056.map	512	512	366	297	384	360	243.426
60	maps/mazes/maze_056.map	512	512	72	465	112	488	243.527
60	maps/mazes/maze_056.map	512	512	118	77	41	21	243.284
60	maps/mazes/maze_056.map	512	512	93	353	190	369	243.184
60	maps/mazes/maze_056.map	512	512	396	134	428	153	243.527
59	maps/mazes/maze_056.map	512	512	321	484	277	374	239.598
59	maps/mazes/maze_056.map	512	512	73	335	164	366	239.598
59	maps/mazes/maze_056.map	512	512	337	34	244	23	239.698
59	maps/mazes/maze_056.map	512	512	119	396	109	452	239.355
59	maps/mazes/maze_056.map	512	512	341	451	368	462	239.113
59	maps/mazes/maze_056.map	512	512	237	154	137	118	239.456
59	maps/mazes/maze_056.map	512	512	508	361	468	377	239.012
16	maps/mazes/maze_056.map	512	512	436	365	421	340	66.2426
59	maps/mazes/maze_056.map	512	512	421	217	376	206	239.598
59	maps/mazes/maze_056.map	512	512	13	136	14	52	239.042
59	maps/mazes/maze_056.map	512	512	184	448	228	381	238.598
58	maps/mazes/maze_056.map	512	512	472	278	428	198	235.355
58	maps/mazes/maze_056.map	512	512	465	283	429	184	234.698
58	maps/mazes/maze_056.map	512	512	139	316	64	301	235.213
58	maps/mazes/maze_056.map	512	512	0	387	71	396	235.355
58	maps/mazes/maze_056.map	512	512	321	168	292	109	235.941
58	maps/mazes/maze_056.map	512	512	443	52	391	33	235.627
58	maps/mazes/maze_056.map	512	512	363	12	350	48	235.77
58	maps/mazes/maze_056.map	512	512	364	358	345	334	235.527
58	maps/mazes/maze_056.map	512	512	61	118	43	61	235.042
57	maps/mazes/maze_056.map	512	512	500	325	452	378	231.184
57	maps/mazes/maze_056.map	512	512	200	347	180	364	231.77
57	maps/mazes/maze_056.map	512	512	255	104	311	97	231.284
57	maps/mazes/maze_056.map	512	512	0	301	24	189	231.598
57	maps/mazes/maze_056.map	512	512	189	506	229	445	231.87
57	maps/mazes/maze_056.map	512	512	208	31	285	104	231.941
57	maps/mazes/maze_056.map	512	512	125	361	123	293	231.941
57	maps/mazes/maze_056.map	512	512	97	335	96	322	231.698
57	maps/mazes/maze_056.map	512	512	231	157	137	133	231.456
57	maps/mazes/maze_056.map	512	512	392	260	362	200	231.941
56	maps/mazes/maze_056.map	512	512	468	80	410	33	227.284
56	maps/mazes/maze_056.map	512	512	120	395	109	438	227.355
56	maps/mazes/maze_056.map	512	512	68	424	73	460	227.77
56	maps/mazes/maze_056.map	512	512	307	224	307	281	227.284
56	maps/mazes/maze_056.map	512	512	120	307	60	300	227.042
56	maps/mazes/maze_056.map	512	512	106	60	106	65	227.284
56	maps/mazes/maze_056.map	512	512	19	108	41	59	227.042
56	maps/mazes/maze_056.map	512	512	179	301	251	264	227.042
56	maps/mazes/maze_056.map	512	512	6	100	29	18	227.284
55	maps/mazes/maze_056.map	512	512	203	25	103	1	223.456
55	maps/mazes/maze_056.map	512	512	415	17	355	21	223.941
55	maps/mazes/maze_056.map	512	512	173	28	240	29	223.698
55	maps/mazes/maze_056.map	512	512	353	369	321	346	223.184
55	maps/mazes/maze_056.map	512	512	7	4	80	78	223.284
55	maps/mazes/maze_056.map	512	512	13	505	52	429	223.042
55	maps/mazes/maze_056.map	512	512	17	52	62	33	223.113
55	maps/mazes/maze_056.map	512	512	257	184	196	217	223.113
55	maps/mazes/maze_056.map	512	512	141	210	136	135	223.113
54	maps/mazes/maze_056.map	512	512	93	345	164	366	218.77
54	maps/mazes/maze_056.map	512	512	210	369	189	359	219.527
54	maps/mazes/maze_056.map	512	512	92	269	113	268	219.456
54	maps/mazes/maze_056.map	512	512	495	264	508	318	219.284
54	maps/mazes/maze_056.map	512	512	0	328	51	333	219.698
54	maps/mazes/maze_056.map	512	512	137	80	60	13	219.698
54	maps/mazes/maze_056.map	512	512	277	148	319	193	219.184
54	maps/mazes/maze_056.map	512	512	251	12	328	37	219.355
54	maps/mazes/maze_056.map	512	512	135	165	121	83	219.355
7	maps/mazes/maze_056.map	512	512	61	37	38	41	30.6569
54	maps/mazes/maze_056.map	512	512	364	405	336	454	219.426
53	maps/mazes/maze_056.map	512	512	399	41	359	48	215.284
53	maps/mazes/maze_056.map	512	512	45	308	85	338	215.012
53	maps/mazes/maze_056.map	512	512	241	476	225	378	215.113
53	maps/mazes/maze_056.map	512	512	361	31	313	37	215.355
53	maps/mazes/maze_056.map	512	512	284	78	223	32	215.284
53	maps/mazes/maze_056.map	512	512	108	101	71	97	215.042
53	maps/mazes/maze_056.map	512	512	252	8	222	25	215.87
53	maps/mazes/maze_056.map	512	512	495	368	470	380	215.77
53	maps/mazes/maze_056.map	512	512	80	238	131	249	215.941
53	maps/mazes/maze_056.map	512	512	400	330	369	315	215.799
52	maps/mazes/maze_056.map	512	512	497	101	447	53	211.113
52	maps/mazes/maze_056.map	512	512	276	427	312	465	211.841
52	maps/mazes/maze_056.map	512	512	461	136	400	69	211.698
52	maps/mazes/maze_056.map	512	512	244	157	122	152	211.042
52	maps/mazes/maze_056.map	512	512	432	106	444	166	211.456
52	maps/mazes/maze_056.map	512	512	173	217	261	152	211.284
52	maps/mazes/maze_056.map	512	512	382	453	373	388	211.941
52	maps/mazes/maze_056.map	512	512	292	245	309	183	211.284
52	maps/mazes/maze_056.map	512	512	179	508	216	460	211.042
52	maps/mazes/maze_056.map	512	512	383	84	357	85	211.284
51	maps/mazes/maze_056.map	512	512	472	144	467	49	207.456
51	maps/mazes/maze_056.map	512	512	476	13	481	58	207.113
51	maps/mazes/maze_056.map	512	512	45	48	60	16	207.87
51	maps/mazes/maze_056.map	512	512	159	429	197	440	207.87
51	maps/mazes/maze_056.map	512	512	445	58	385	50	207.799
51	maps/mazes/maze_056.map	512	512	171	96	88	33	207.698
51	maps/mazes/maze_056.map	512	512	121	218	128	140	207.527
51	maps/mazes/maze_056.map	512	512	452	278	364	196	207.941
51	maps/mazes/maze_056.map	512	512	77	94	37	53	207.627
50	maps/mazes/maze_056.map	512	512	408	20	360	28	203.113
50	maps/mazes/maze_056.map	512	512	76	492	112	494	203.698
50	maps/mazes/maze_056.map	512	512	345	353	348	329	203.042
50	maps/mazes/maze_056.map	512	512	486	253	498	293	203.456
50	maps/mazes/maze_056.map	512	512	453	343	421	292	203.627
50	maps/mazes/maze_056.map	512	512	296	368	318	313	203.87
50	maps/mazes/maze_056.map	512	512	372	328	341	325	203.456
50	maps/mazes/maze_056.map	512	512	3	105	40	20	203.456
50	maps/mazes/maze_056.map	512	512	195	157	122	201	203.042
49	maps/mazes/maze_056.map	512	512	178	217	240	251	199.598
49	maps/mazes/maze_056.map	512	512	310	441	308	386	199.87
49	maps/mazes/maze_056.map	512	512	499	325	476	386	199.113
49	maps/mazes/maze_056.map	512	512	469	440	428	391	199.113
49	maps/mazes/maze_056.map	512	512	193	40	272	25	199.213
49	maps/mazes/maze_056.map	512	512	109	392	101	425	199.284
20	maps/mazes/maze_056.map	512	512	99	136	74	136	82.8995
49	maps/mazes/maze_056.map	512	512	8	340	53	335	199.456
18	maps/mazes/maze_056.map	512	512	273	141	299	116	72.3137
49	maps/mazes/maze_056.map	512	512	324	40	298	64	199.113
49	maps/mazes/maze_056.map	512	512	377	272	368	318	199.77
49	maps/mazes/maze_056.map	512	512	352	137	293	150	199.941
48	maps/mazes/maze_056.map	512	512	52	303	47	312	195.456
48	maps/mazes/maze_056.map	512	512	133	133	70	81	195.284
48	maps/mazes/maze_056.map	512	512	436	300	428	230	195.698
48	maps/mazes/maze_056.map	512	512	152	52	141	4	195.284
48	maps/mazes/maze_056.map	512	512	0	369	36	384	195.284
48	maps/mazes/maze_056.map	512	512	301	285	357	274	195.87
48	maps/mazes/maze_056.map	512	512	328	10	277	12	195.87
48	maps/mazes/maze_056.map	512	512	97	220	120	256	195.527
48	maps/mazes/maze_056.map	512	512	320	425	380	432	195.527
48	maps/mazes/maze_056.map	512	512	368	188	357	195	194.87
47	maps/mazes/maze_056.map	512	512	340	3	277	11	191.042
47	maps/mazes/maze_056.map	512	512	267	168	288	144	191.87
47	maps/mazes/maze_056.map	512	512	396	200	346	228	191.456
47	maps/mazes/maze_056.map	512	512	352	32	306	13	191.042
47	maps/mazes/maze_056.map	512	512	60	84	17	5	191.456
47	maps/mazes/maze_056.map	512	512	133	93	76	38	191.113
47	maps/mazes/maze_056.map	512	512	273	128	320	227	191.113
47	maps/mazes/maze_056.map	512	512	296	285	320	220	191.042
47	maps/mazes/maze_056.map	512	512	495	8	412	66	191.527
47	maps/mazes/maze_056.map	512	512	444	437	447	404	191.113
46	maps/mazes/maze_056.map	512	512	209	322	257	264	187.799
46	maps/mazes/maze_056.map	512	512	336	52	258	21	187.042
46	maps/mazes/maze_056.map	512	512	449	429	421	390	187.87
46	maps/mazes/maze_056.map	512	512	29	388	4	342	187.284
46	maps/mazes/maze_056.map	512	512	380	374	372	388	187.456
46	maps/mazes/maze_056.map	512	512	29	397	50	372	187.113
46	maps/mazes/maze_056.map	512	512	308	83	284	83	187.113
46	maps/mazes/maze_056.map	512	512	429	13	382	17	187.284
13	maps/mazes/maze_056.map	512	512	49	265	28	285	52.0711
46	maps/mazes/maze_056.map	512	512	360	248	310	276	187.698
46	maps/mazes/maze_056.map	512	512	352	220	289	158	187.627
45	maps/mazes/maze_056.map	512	512	265	226	297	263	183.284
45	maps/mazes/maze_056.map	512	512	131	60	92	9	183.456
45	maps/mazes/maze_056.map	512	512	417	268	376	230	183.527
45	maps/mazes/maze_056.map	512	512	181	341	212	376	183.698
45	maps/mazes/maze_056.map	512	512	246	449	262	340	183.87
45	maps/mazes/maze_056.map	512	512	84	410	9	331	183.456
45	maps/mazes/maze_056.map	512	512	472	488	452	479	183.042
45	maps/mazes/maze_056.map	512	512	124	265	177	263	183.87
45	maps/mazes/maze_056.map	512	512	288	164	308	262	183.698
45	maps/mazes/maze_056.map	512	512	56	432	64	457	182.698
44	maps/mazes/maze_056.map	512	512	115	509	170	404	179.698
44	maps/mazes/maze_056.map	512	512	297	105	256	59	179.042
44	maps/mazes/maze_056.map	512	512	361	289	301	278	179.042
44	maps/mazes/maze_056.map	512	512	276	61	266	104	179.042
44	maps/mazes/maze_056.map	512	512	309	211	268	129	179.527
44	maps/mazes/maze_056.map	512	512	85	372	4	342	179.87
44	maps/mazes/maze_056.map	512	512	382	121	352	91	179.698
44	maps/mazes/maze_056.map	512	512	284	441	360	462	179.87
44	maps/mazes/maze_056.map	512	512	376	503	386	412	179.627
43	maps/mazes/maze_056.map	512	512	80	77	31	21	175.385
43	maps/mazes/maze_056.map	512	512	404	426	421	391	175.456
43	maps/mazes/maze_056.map	512	512	460	433	472	482	175.627
43	maps/mazes/maze_056.map	512	512	148	308	133	271	175.456
43	maps/mazes/maze_056.map	512	512	417	259	377	229	175.113
43	maps/mazes/maze_056.map	512	512	493	319	488	388	175.456
43	maps/mazes/maze_056.map	512	512	435	12	370	17	175.113
43	maps/mazes/maze_056.map	512	512	44	185	104	164	174.698
43	maps/mazes/maze_056.map	512	512	204	332	218	360	174.627
43	maps/mazes/maze_056.map	512	512	37	493	100	472	175.456
42	maps/mazes/maze_056.map	512	512	474	504	429	445	171.213
42	maps/mazes/maze_056.map	512	512	381	167	464	169	171.87
42	maps/mazes/maze_056.map	512	512	217	121	228	131	171.385
42	maps/mazes/maze_056.map	512	512	285	287	293	290	171.87
42	maps/mazes/maze_056.map	512	512	62	172	43	200	171.284
42	maps/mazes/maze_056.map	512	512	388	325	369	355	171.385
42	maps/mazes/maze_056.map	512	512	312	210	297	264	171.042
42	maps/mazes/maze_056.map	512	512	60	228	120	236	171.698
42	maps/mazes/maze_056.map	512	512	136	136	76	77	171.87
42	maps/mazes/maze_056.map	512	512	321	324	328	357	171.113
41	maps/mazes/maze_056.map	512	512	476	498	449	483	167.213
41	maps/mazes/maze_056.map	512	512	79	65	33	29	167.799
41	maps/mazes/maze_056.map	512	512	217	452	233	373	167.87
41	maps/mazes/maze_056.map	512	512	164	121	99	69	167.87
41	maps/mazes/maze_056.map	512	512	365	216	369	183	167.042
41	maps/mazes/maze_056.map	512	512	92	157	96	92	167.627
41	maps/mazes/maze_056.map	512	512	352	297	297	287	167.385
41	maps/mazes/maze_056.map	512	512	62	65	44	28	167.627
41	maps/mazes/maze_056.map	512	512	53	105	41	29	167.698
41	maps/mazes/maze_056.map	512	512	475	473	484	491	167.971
40	maps/mazes/maze_056.map	512	512	388	121	347	85	163.284
40	maps/mazes/maze_056.map	512	512	420	16	386	21	163.042
40	maps/mazes/maze_056.map	512	512	398	20	369	24	163.042
40	maps/mazes/maze_056.map	512	512	184	469	196	457	163.213
40	maps/mazes/maze_056.map	512	512	141	271	185	258	163.042
40	maps/mazes/maze_056.map	512	512	300	42	254	21	163.042
40	maps/mazes/maze_056.map	512	512	501	416	444	441	163.456
40	maps/mazes/maze_056.map	512	512	488	260	496	308	163.799
40	maps/mazes/maze_056.map	512	512	188	361	148	320	163.142
40	maps/mazes/maze_056.map	512	512	306	120	287	144	163.385
39	maps/mazes/maze_056.map	512	512	130	488	94	493	159.627
39	maps/mazes/maze_056.map	512	512	161	278	193	258	159.456
39	maps/mazes/maze_056.map	512	512	74	93	128	99	159.456
39	maps/mazes/maze_056.map	512	512	2	185	9	243	159.971
39	maps/mazes/maze_056.map	512	512	476	187	481	133	159.284
39	maps/mazes/maze_056.map	512	512	451	477	445	404	159.627
39	maps/mazes/maze_056.map	512	512	393	438	342	460	159.527
39	maps/mazes/maze_056.map	512	512	297	133	292	131	159.971
39	maps/mazes/maze_056.map	512	512	49	230	105	212	159.456
39	maps/mazes/maze_056.map	512	512	57	107	74	81	159.385
38	maps/mazes/maze_056.map	512	512	353	376	325	377	155.87
38	maps/mazes/maze_056.map	512	512	40	251	24	160	155.042
38	maps/mazes/maze_056.map	512	512	90	261	131	249	155.627
38	maps/mazes/maze_056.map	512	512	220	129	196	105	155.698
38	maps/mazes/maze_056.map	512	512	113	385	157	368	155.042
38	maps/mazes/maze_056.map	512	512	138	180	116	249	155.385
38	maps/mazes/maze_056.map	512	512	208	18	249	79	155.213
38	maps/mazes/maze_056.map	512	512	504	125	421	81	155.385
38	maps/mazes/maze_056.map	512	512	213	293	233	254	155.971
38	maps/mazes/maze_056.map	512	512	202	313	229	264	155.556
37	maps/mazes/maze_056.map	512	512	324	461	304	412	151.971
37	maps/mazes/maze_056.map	512	512	324	281	326	269	150.627
37	maps/mazes/maze_056.map	512	512	330	265	374	305	151.456
37	maps/mazes/maze_056.map	512	512	24	340	53	354	151.87
37	maps/mazes/maze_056.map	512	512	343	509	412	445	151.971
37	maps/mazes/maze_056.map	512	512	241	489	199	441	151.213
37	maps/mazes/maze_056.map	512	512	121	88	45	77	151.385
37	maps/mazes/maze_056.map	512	512	6	148	19	81	151.314
37	maps/mazes/maze_056.map	512	512	112	232	121	210	151.385
37	maps/mazes/maze_056.map	512	512	252	462	244	460	151.213
36	maps/mazes/maze_056.map	512	512	442	17	353	5	147.042
36	maps/mazes/maze_056.map	512	512	236	469	242	432	147.042
36	maps/mazes/maze_056.map	512	512	330	80	299	84	147.87
36	maps/mazes/maze_056.map	512	512	223	152	124	160	147.142
31	maps/mazes/maze_056.map	512	512	289	398	312	375	125.799
36	maps/mazes/maze_056.map	512	512	32	346	5	326	147.971
36	maps/mazes/maze_056.map	512	512	420	236	372	205	147.284
36	maps/mazes/maze_056.map	512	512	413	228	379	205	147.284
36	maps/mazes/maze_056.map	512	512	18	24	58	29	147.042
36	maps/mazes/maze_056.map	512	512	233	490	237	448	147.213
36	maps/mazes/maze_056.map	512	512	373	505	399	436	147.971
35	maps/mazes/maze_056.map	512	512	165	400	212	434	143.385
35	maps/mazes/maze_056.map	512	512	266	188	203	225	143.799
35	maps/mazes/maze_056.map	512	512	312	433	289	391	143.971
35	maps/mazes/maze_056.map	512	512	44	316	72	350	143.113
35	maps/mazes/maze_056.map	512	512	339	16	281	1	143.385
35	maps/mazes/maze_056.map	512	512	20	6	91	25	142.728
35	maps/mazes/maze_056.map	512	512	338	373	340	317	143.556
35	maps/mazes/maze_056.map	512	512	166	61	157	22	143.799
35	maps/mazes/maze_056.map	512	512	269	464	308	508	143.627
34	maps/mazes/maze_056.map	512	512	385	482	386	417	139.556
34	maps/mazes/maze_056.map	512	512	293	300	296	316	139.142
34	maps/mazes/maze_056.map	512	512	16	418	33	388	139.971
34	maps/mazes/maze_056.map	512	512	138	201	124	162	139.627
34	maps/mazes/maze_056.map	512	512	359	76	394	89	139.799
34	maps/mazes/maze_056.map	512	512	145	467	112	495	139.042
34	maps/mazes/maze_056.map	512	512	83	140	96	96	139.385
34	maps/mazes/maze_056.map	512	512	109	156	77	96	139.556
34	maps/mazes/maze_056.map	512	512	192	393	179	376	139.213
34	maps/mazes/maze_056.map	512	512	340	239	332	271	139.213
33	maps/mazes/maze_056.map	512	512	190	465	229	493	135.971
33	maps/mazes/maze_056.map	512	512	463	21	496	32	135.213
33	maps/mazes/maze_056.map	512	512	7	233	33	223	135.799
33	maps/mazes/maze_056.map	512	512	421	49	406	61	135.042
33	maps/mazes/maze_056.map	512	512	213	413	212	441	135.385
33	maps/mazes/maze_056.map	512	512	332	245	298	273	135.314
33	maps/mazes/maze_056.map	512	512	385	304	396	306	135.042
33	maps/mazes/maze_056.map	512	512	141	83	100	35	135.385
33	maps/mazes/maze_056.map	512	512	8	54	13	15	135.799
33	maps/mazes/maze_056.map	512	512	253	144	258	97	135.213
32	maps/mazes/maze_056.map	512	512	191	468	228	483	131.556
32	maps/mazes/maze_056.map	512	512	471	204	432	191	131.213
32	maps/mazes/maze_056.map	512	512	219	457	229	388	131.627
32	maps/mazes/maze_056.map	512	512	156	427	185	416	131.556
32	maps/mazes/maze_056.map	512	512	83	441	121	460	131.385
32	maps/mazes/maze_056.map	512	512	100	28	92	18	131.799
16	maps/mazes/maze_056.map	512	512	136	413	152	396	66.0711
32	maps/mazes/maze_056.map	512	512	400	357	378	340	131.385
32	maps/mazes/maze_056.map	512	512	164	449	208	475	131.213
14	maps/mazes/maze_056.map	512	512	194	432	194	409	59.4853
32	maps/mazes/maze_056.map	512	512	432	413	424	372	131.385
31	maps/mazes/maze_056.map	512	512	172	226	236	219	127.284
31	maps/mazes/maze_056.map	512	512	56	204	16	161	127.142
31	maps/mazes/maze_056.map	512	512	27	421	29	381	127.556
31	maps/mazes/maze_056.map	512	512	238	85	208	52	127.142
31	maps/mazes/maze_056.map	512	512	285	392	328	368	127.385
31	maps/mazes/maze_056.map	512	512	185	156	128	145	127.314
31	maps/mazes/maze_056.map	512	512	380	140	348	150	127.799
31	maps/mazes/maze_056.map	512	512	472	448	468	444	127.213
31	maps/mazes/maze_056.map	512	512	190	444	241	445	127.213
30	maps/mazes/maze_056.map	512	512	124	213	127	176	123.799
30	maps/mazes/maze_056.map	512	512	232	264	272	252	123.556
30	maps/mazes/maze_056.map	512	512	488	12	455	45	123.799
30	maps/mazes/maze_056.map	512	512	241	252	281	223	123.971
30	maps/mazes/maze_056.map	512	512	368	9	385	21	123.142
30	maps/mazes/maze_056.map	512	512	395	304	392	354	123.627
30	maps/mazes/maze_056.map	512	512	173	341	133	303	123.071
30	maps/mazes/maze_056.map	512	512	430	121	399	104	123.213
30	maps/mazes/maze_056.map	512	512	262	332	320	313	123.142
30	maps/mazes/maze_056.map	512	512	466	293	464	221	123.556
29	maps/mazes/maze_056.map	512	512	127	88	66	81	119.556
29	maps/mazes/maze_056.map	512	512	181	462	198	476	119.385
29	maps/mazes/maze_056.map	512	512	200	263	173	313	119.042
29	maps/mazes/maze_056.map	512	512	357	348	359	292	119.556
29	maps/mazes/maze_056.map	512	512	408	149	453	168	119.556
29	maps/mazes/maze_056.map	512	512	142	69	99	33	119.971
29	maps/mazes/maze_056.map	512	512	333	243	357	275	119.556
29	maps/mazes/maze_056.map	512	512	115	481	108	504	119.556
29	maps/mazes/maze_056.map	512	512	488	447	450	440	119.971
29	maps/mazes/maze_056.map	512	512	255	209	188	222	119.556
28	maps/mazes/maze_056.map	512	512	475	396	422	385	115.799
28	maps/mazes/maze_056.map	512	512	28	373	5	416	115.556
28	maps/mazes/maze_056.map	512	512	456	24	504	28	115.799
28	maps/mazes/maze_056.map	512	512	268	262	309	238	115.627
28	maps/mazes/maze_056.map	512	512	308	17	262	21	115.799
28	maps/mazes/maze_056.map	512	512	314	265	320	192	115.142
28	maps/mazes/maze_056.map	512	512	241	223	261	234	115.385
28	maps/mazes/maze_056.map	512	512	348	352	325	348	115.971
28	maps/mazes/maze_056.map	512	512	364	311	330	281	115.556
28	maps/mazes/maze_056.map	512	512	261	177	268	127	115.385
27	maps/mazes/maze_056.map	512	512	377	472	398	437	111.556
27	maps/mazes/maze_056.map	512	512	259	316	285	286	111.556
27	maps/mazes/maze_056.map	512	512	221	72	201	79	111.042
27	maps/mazes/maze_056.map	512	512	413	463	459	508	111.142
27	maps/mazes/maze_056.map	512	512	304	509	313	476	111.556
27	maps/mazes/maze_056.map	512	512	297	468	292	397	111.213
27	maps/mazes/maze_056.map	512	512	332	166	320	181	111.385
27	maps/mazes/maze_056.map	512	512	412	112	390	93	111.971
27	maps/mazes/maze_056.map	512	512	149	316	106	293	111.899
26	maps/mazes/maze_056.map	512	512	136	40	158	21	107.728
26	maps/mazes/maze_056.map	512	512	116	424	101	427	106.971
26	maps/mazes/maze_056.map	512	512	496	441	468	406	107.728
26	maps/mazes/maze_056.map	512	512	284	13	247	32	107.556
26	maps/mazes/maze_056.map	512	512	402	112	388	100	107.556
26	maps/mazes/maze_056.map	512	512	149	475	167	404	107.385
26	maps/mazes/maze_056.map	512	512	254	277	287	229	107.385
26	maps/mazes/maze_056.map	512	512	496	28	445	55	106.971
26	maps/mazes/maze_056.map	512	512	392	130	411	108	107.142
26	maps/mazes/maze_056.map	512	512	284	370	273	333	107.556
25	maps/mazes/maze_056.map	512	512	131	112	80	78	103.385
25	maps/mazes/maze_056.map	512	512	205	246	251	229	103.385
25	maps/mazes/maze_056.map	512	512	385	255	406	240	103.556
25	maps/mazes/maze_056.map	512	512	464	400	432	381	103.385
25	maps/mazes/maze_056.map	512	512	341	96	368	120	102.799
25	maps/mazes/maze_056.map	512	512	89	234	105	213	103.142
25	maps/mazes/maze_056.map	512	512	256	29	201	4	103.899
25	maps/mazes/maze_056.map	512	512	90	445	136	449	103.899
25	maps/mazes/maze_056.map	512	512	439	284	429	229	103.142
25	maps/mazes/maze_056.map	512	512	456	245	448	192	103.142
24	maps/mazes/maze_056.map	512	512	416	275	436	234	99.9706
24	maps/mazes/maze_056.map	512	512	153	179	132	166	99.5563
24	maps/mazes/maze_056.map	512	512	363	136	355	128	99.799
24	maps/mazes/maze_056.map	512	512	446	125	414	101	99.3137
24	maps/mazes/maze_056.map	512	512	283	312	311	316	99.3137
24	maps/mazes/maze_056.map	512	512	11	353	33	364	99.9706
24	maps/mazes/maze_056.map	512	512	98	357	137	361	99.9706
24	maps/mazes/maze_056.map	512	512	76	496	93	474	99.3848
24	maps/mazes/maze_056.map	512	512	358	504	380	482	99.8995
24	maps/mazes/maze_056.map	512	512	97	472	115	488	99.8995
23	maps/mazes/maze_056.map	512	512	320	80	308	73	95.9706
23	maps/mazes/maze_056.map	512	512	292	228	324	196	95.3137
23	maps/mazes/maze_056.map	512	512	246	344	282	329	95.7279
23	maps/mazes/maze_056.map	512	512	150	73	141	26	95.799
23	maps/mazes/maze_056.map	512	512	151	112	113	77	95.1421
23	maps/mazes/maze_056.map	512	512	229	5	219	32	95.4853
23	maps/mazes/maze_056.map	512	512	440	20	477	9	95.799
23	maps/mazes/maze_056.map	512	512	72	432	33	446	95.7279
23	maps/mazes/maze_056.map	512	512	167	396	224	399	95.5563
23	maps/mazes/maze_056.map	512	512	173	428	196	405	95.3137
22	maps/mazes/maze_056.map	512	512	431	33	416	65	91.3848
22	maps/mazes/maze_056.map	512	512	44	112	85	81	91.5563
22	maps/mazes/maze_056.map	512	512	161	360	149	334	91.0711
22	maps/mazes/maze_056.map	512	512	8	496	17	451	91.8995
22	maps/mazes/maze_056.map	512	512	509	482	481	488	91.0711
22	maps/mazes/maze_056.map	512	512	368	444	329	443	91.3137
22	maps/mazes/maze_056.map	512	512	474	140	437	130	91.4853
22	maps/mazes/maze_056.map	512	512	403	164	381	174	91.2132
22	maps/mazes/maze_056.map	512	512	287	325	317	315	91.0711
21	maps/mazes/maze_056.map	512	512	106	93	60	81	87.8995
21	maps/mazes/maze_056.map	512	512	96	49	85	25	87.1421
21	maps/mazes/maze_056.map	512	512	285	316	305	313	87.4853
21	maps/mazes/maze_056.map	512	512	29	287	48	236	87.0711
21	maps/mazes/maze_056.map	512	512	467	229	456	182	87.5563
21	maps/mazes/maze_056.map	512	512	66	285	89	291	87.4853
21	maps/mazes/maze_056.map	512	512	497	369	500	402	87.3137
21	maps/mazes/maze_056.map	512	512	481	417	476	385	87.9706
21	maps/mazes/maze_056.map	512	512	418	201	441	229	87.7279
21	maps/mazes/maze_056.map	512	512	355	68	378	73	87.5563
20	maps/mazes/maze_056.map	512	512	281	109	249	123	83.3137
20	maps/mazes/maze_056.map	512	512	234	132	245	88	83.7279
20	maps/mazes/maze_056.map	512	512	354	93	345	116	83.799
20	maps/mazes/maze_056.map	512	512	160	206	133	191	83.0711
19	maps/mazes/maze_056.map	512	512	165	249	137	260	77.1421
20	maps/mazes/maze_056.map	512	512	217	500	190	464	83.1421
20	maps/mazes/maze_056.map	512	512	173	461	192	486	83.8995
20	maps/mazes/maze_056.map	512	512	480	444	441	455	83.3137
20	maps/mazes/maze_056.map	512	512	492	109	481	59	83.7279
20	maps/mazes/maze_056.map	512	512	481	504	456	467	83.8995
19	maps/mazes/maze_056.map	512	512	342	393	375	408	78.7279
19	maps/mazes/maze_056.map	512	512	504	489	501	461	79.7279
19	maps/mazes/maze_056.map	512	512	460	88	440	100	79.3137
19	maps/mazes/maze_056.map	512	512	302	225	320	264	79.4853
19	maps/mazes/maze_056.map	512	512	427	153	448	126	79.0711
19	maps/mazes/maze_056.map	512	512	242	480	231	445	79.8995
19	maps/mazes/maze_056.map	512	512	54	337	64	367	79.5563
19	maps/mazes/maze_056.map	512	512	282	309	276	331	79.8995
19	maps/mazes/maze_056.map	512	512	428	376	425	340	79.4853
18	maps/mazes/maze_056.map	512	512	47	181	78	172	75.5563
18	maps/mazes/maze_056.map	512	512	236	28	208	6	75.8995
18	maps/mazes/maze_056.map	512	512	216	460	225	481	75.8995
18	maps/mazes/maze_056.map	512	512	221	209	228	183	75.4853
18	maps/mazes/maze_056.map	512	512	477	245	500	249	75.4853
18	maps/mazes/maze_056.map	512	512	188	104	152	106	75.0711
18	maps/mazes/maze_056.map	512	512	299	152	318	117	75.3137
18	maps/mazes/maze_056.map	512	512	444	8	415	17	75.3137
18	maps/mazes/maze_056.map	512	512	273	241	305	230	75.7279
17	maps/mazes/maze_056.map	512	512	297	18	283	29	71.1421
17	maps/mazes/maze_056.map	512	512	140	392	177	404	71.4853
17	maps/mazes/maze_056.map	512	512	84	253	103	256	71.3137
17	maps/mazes/maze_056.map	512	512	293	440	288	402	71.4853
17	maps/mazes/maze_056.map	512	512	52	464	84	447	71.4853
17	maps/mazes/maze_056.map	512	512	58	1	76	31	71.6569
17	maps/mazes/maze_056.map	512	512	252	245	264	247	71.3137
17	maps/mazes/maze_056.map	512	512	191	445	212	448	71.3137
17	maps/mazes/maze_056.map	512	512	487	353	454	372	71.6569
17	maps/mazes/maze_056.map	512	512	145	254	133	246	71.3137
16	maps/mazes/maze_056.map	512	512	244	277	242	264	67.2426
16	maps/mazes/maze_056.map	512	512	38	376	8	377	67.4853
16	maps/mazes/maze_056.map	512	512	96	232	82	228	67.8995
16	maps/mazes/maze_056.map	512	512	121	371	137	359	67.8995
16	maps/mazes/maze_056.map	512	512	243	149	229	129	66.8284
16	maps/mazes/maze_056.map	512	512	60	341	65	369	67.9706
16	maps/mazes/maze_056.map	512	512	91	60	77	66	67.8995
16	maps/mazes/maze_056.map	512	512	416	344	414	312	67.0711
15	maps/mazes/maze_056.map	512	512	297	72	281	66	63.8995
15	maps/mazes/maze_056.map	512	512	92	394	114	408	63.3137
15	maps/mazes/maze_056.map	512	512	100	2	76	32	63.6569
15	maps/mazes/maze_056.map	512	512	45	356	22	357	63.6569
15	maps/mazes/maze_056.map	512	512	392	68	376	33	63.8284
15	maps/mazes/maze_056.map	512	512	152	13	184	7	63.6569
15	maps/mazes/maze_056.map	512	512	363	173	346	209	63.7279
15	maps/mazes/maze_056.map	512	512	484	477	508	484	63.7279
15	maps/mazes/maze_056.map	512	512	332	260	365	279	63.8995
14	maps/mazes/maze_056.map	512	512	448	324	461	295	59.0711
14	maps/mazes/maze_056.map	512	512	11	361	5	383	59.8995
14	maps/mazes/maze_056.map	512	512	90	224	116	214	59.0711
14	maps/mazes/maze_056.map	512	512	170	288	185	259	59.0711
14	maps/mazes/maze_056.map	512	512	470	169	448	153	59.0711
14	maps/mazes/maze_056.map	512	512	75	277	61	255	59.8995
14	maps/mazes/maze_056.map	512	512	133	152	128	139	59.6569
14	maps/mazes/maze_056.map	512	512	349	279	332	292	59.6569
14	maps/mazes/maze_056.map	512	512	20	377	41	400	59.8995
13	maps/mazes/maze_056.map	512	512	9	433	13	398	55.4853
13	maps/mazes/maze_056.map	512	512	154	21	170	37	55.3137
13	maps/mazes/maze_056.map	512	512	70	1	101	3	55.8284
13	maps/mazes/maze_056.map	512	512	208	416	193	430	55.4853
13	maps/mazes/maze_056.map	512	512	341	305	344	329	55.2426
13	maps/mazes/maze_056.map	512	512	266	117	258	117	55.3137
13	maps/mazes/maze_056.map	512	512	58	216	27	216	55.2426
13	maps/mazes/maze_056.map	512	512	265	37	295	53	55.3137
13	maps/mazes/maze_056.map	512	512	198	117	184	104	55.2426
12	maps/mazes/maze_056.map	512	512	473	65	445	47	51.8995
12	maps/mazes/maze_056.map	512	512	212	317	214	309	51.6569
3	maps/mazes/maze_056.map	512	512	297	244	290	237	13.4142
12	maps/mazes/maze_056.map	512	512	9	243	37	264	51.4853
12	maps/mazes/maze_056.map	512	512	72	436	29	441	51.0711
12	maps/mazes/maze_056.map	512	512	234	433	208	421	51.8995
12	maps/mazes/maze_056.map	512	512	9	296	2	297	51.0711
12	maps/mazes/maze_056.map	512	512	342	12	344	44	51.8995
12	maps/mazes/maze_056.map	512	512	130	348	125	342	51.2426
12	maps/mazes/maze_056.map	512	512	277	354	277	365	51.4853
12	maps/mazes/maze_056.map	512	512	22	192	15	161	51.0711
11	maps/mazes/maze_056.map	512	512	181	125	192	139	47.4853
11	maps/mazes/maze_056.map	512	512	456	205	462	185	47.0711
11	maps/mazes/maze_056.map	512	512	128	243	116	249	47.0711
11	maps/mazes/maze_056.map	512	512	504	408	477	415	47.6569
11	maps/mazes/maze_056.map	512	512	343	508	373	500	47.0711
11	maps/mazes/maze_056.map	512	512	186	257	196	257	47.0711
11	maps/mazes/maze_056.map	512	512	332	203	320	182	47.2426
11	maps/mazes/maze_056.map	512	512	240	400	266	405	47.4853
11	maps/mazes/maze_056.map	512	512	139	389	161	399	47.6569
11	maps/mazes/maze_056.map	512	512	176	460	188	484	47.6569
10	maps/mazes/maze_056.map	512	512	34	116	17	87	43.6569
10	maps/mazes/maze_056.map	512	512	71	157	88	149	43.2426
10	maps/mazes/maze_056.map	512	512	4	52	25	41	43.0711
10	maps/mazes/maze_056.map	512	512	361	144	367	156	43.6569
10	maps/mazes/maze_056.map	512	512	178	248	193	249	43.6569
10	maps/mazes/maze_056.map	512	512	355	45	344	63	43.4853
10	maps/mazes/maze_056.map	512	512	362	136	376	152	43.8995
10	maps/mazes/maze_056.map	512	512	296	205	307	189	43.4853
10	maps/mazes/maze_056.map	512	512	63	500	44	497	43.6569
10	maps/mazes/maze_056.map	512	512	59	232	85	228	43.8995
9	maps/mazes/maze_056.map	512	512	76	69	61	57	39.2426
9	maps/mazes/maze_056.map	512	512	162	301	159	320	39.0711
9	maps/mazes/maze_056.map	512	512	441	481	445	498	39.8284
9	maps/mazes/maze_056.map	512	512	349	209	346	228	39.6569
9	maps/mazes/maze_056.map	512	512	420	4	428	24	39.0711
9	maps/mazes/maze_056.map	512	512	295	161	291	149	39.0711
9	maps/mazes/maze_056.map	512	512	357	404	372	423	39.0711
9	maps/mazes/maze_056.map	512	512	56	252	84	254	39.0711
9	maps/mazes/maze_056.map	512	512	120	315	123	305	39.2426
9	maps/mazes/maze_056.map	512	512	81	353	71	349	39.0711
8	maps/mazes/maze_056.map	512	512	480	223	504	223	35.6569
8	maps/mazes/maze_056.map	512	512	120	428	101	409	35.0711
8	maps/mazes/maze_056.map	512	512	365	142	364	155	35.6569
8	maps/mazes/maze_056.map	512	512	252	230	237	245	35.0711
8	maps/mazes/maze_056.map	512	512	472	227	465	230	35.6569
8	maps/mazes/maze_056.map	512	512	221	117	217	97	35.6569
8	maps/mazes/maze_056.map	512	512	196	442	217	437	35.0711
8	maps/mazes/maze_056.map	512	512	366	60	388	76	35.0711
8	maps/mazes/maze_056.map	512	512	203	100	217	113	35.4853
8	maps/mazes/maze_056.map	512	512	99	264	73	258	35.6569
7	maps/mazes/maze_056.map	512	512	102	432	113	450	31.2426
7	maps/mazes/maze_056.map	512	512	235	228	245	230	31.6569
7	maps/mazes/maze_056.map	512	512	209	236	212	228	31.2426
7	maps/mazes/maze_056.map	512	512	377	271	361	253	31.0711
7	maps/mazes/maze_056.map	512	512	312	367	307	376	31.0711
7	maps/mazes/maze_056.map	512	512	139	93	137	81	31.6569
7	maps/mazes/maze_056.map	512	512	188	3	171	9	31.8284
7	maps/mazes/maze_056.map	512	512	293	441	301	417	30.8284
7	maps/mazes/maze_056.map	512	512	304	133	301	124	31.6569
6	maps/mazes/maze_056.map	512	512	508	279	493	292	27.4142
6	maps/mazes/maze_056.map	512	512	435	113	433	97	27.4142
6	maps/mazes/maze_056.map	512	512	115	149	93	145	27.4142
6	maps/mazes/maze_056.map	512	512	70	308	68	303	27.2426
6	maps/mazes/maze_056.map	512	512	122	461	144	462	27.8284
6	maps/mazes/maze_056.map	512	512	85	484	93	471	27.2426
6	maps/mazes/maze_056.map	512	512	65	4	77	11	27.2426
6	maps/mazes/maze_056.map	512	512	384	129	368	136	27.4853
6	maps/mazes/maze_056.map	512	512	368	218	377	236	27.8284
6	maps/mazes/maze_056.map	512	512	277	202	269	205	27.8284
5	maps/mazes/maze_056.map	512	512	386	408	401	414	23.2426
5	maps/mazes/maze_056.map	512	512	345	93	350	92	23.4142
5	maps/mazes/maze_056.map	512	512	179	140	191	137	23.8284
5	maps/mazes/maze_056.map	512	512	463	1	468	7	23.8284
5	maps/mazes/maze_056.map	512	512	386	245	388	248	23
5	maps/mazes/maze_056.map	512	512	284	233	290	248	23.8284
5	maps/mazes/maze_056.map	512	512	416	500	409	506	23.2426
5	maps/mazes/maze_056.map	512	512	405	413	398	401	23.2426
5	maps/mazes/maze_056.map	512	512	319	396	312	412	23.2426
5	maps/mazes/maze_056.map	512	512	73	351	73	340	23.2426
4	maps/mazes/maze_056.map	512	512	371	108	363	121	19.2426
4	maps/mazes/maze_056.map	512	512	351	49	364	50	19.6569
4	maps/mazes/maze_056.map	512	512	85	217	87	228	19.8284
4	maps/mazes/maze_056.map	512	512	276	347	277	353	19.2426
4	maps/mazes/maze_056.map	512	512	238	37	249	41	19.8284
4	maps/mazes/maze_056.map	512	512	237	417	234	428	19.4142
4	maps/mazes/maze_056.map	512	512	448	99	466	97	19.4142
4	maps/mazes/maze_056.map	512	512	244	439	244	424	19.8284
4	maps/mazes/maze_056.map	512	512	197	100	205	114	19.6569
4	maps/mazes/maze_056.map	512	512	369	312	369	331	19
3	maps/mazes/maze_056.map	512	512	422	68	411	68	15.8284
3	maps/mazes/maze_056.map	512	512	245	363	241	371	15.4142
3	maps/mazes/maze_056.map	512	512	255	385	251	380	15.8284
3	maps/mazes/maze_056.map	512	512	1	198	13	201	15.8284
3	maps/mazes/maze_056.map	512	512	422	477	432	476	15.2426
3	maps/mazes/maze_056.map	512	512	41	107	41	96	15.8284
3	maps/mazes/maze_056.map	512	512	24	364	20	368	15.4142
3	maps/mazes/maze_056.map	512	512	438	189	439	200	15.4142
3	maps/mazes/maze_056.map	512	512	379	340	390	340	15.8284
2	maps/mazes/maze_056.map	512	512	199	508	203	505	11
2	maps/mazes/maze_056.map	512	512	181	66	173	61	11.2426
2	maps/mazes/maze_056.map	512	512	13	316	24	317	11.4142
2	maps/mazes/maze_056.map	512	512	404	416	404	427	11
2	maps/mazes/maze_056.map	512	512	400	408	396	402	11.4142
2	maps/mazes/maze_056.map	512	512	497	175	504	176	11.4142
2	maps/mazes/maze_056.map	512	512	381	353	389	350	11.2426
2	maps/mazes/maze_056.map	512	512	137	246	128	250	11.2426
2	maps/mazes/maze_056.map	512	512	497	304	500	296	11
2	maps/mazes/maze_056.map	512	512	251	473	252	462	11.4142
1	maps/mazes/maze_056.map	512	512	296	393	301	396	7.41421
1	maps/mazes/maze_056.map	512	512	271	32	273	39	7.82843
1	maps/mazes/maze_056.map	512	512	354	5	354	9	7.41421
1	maps/mazes/maze_056.map	512	512	158	149	151	149	7
1	maps/mazes/maze_056.map	512	512	53	468	60	468	7
1	maps/mazes/maze_056.map	512	512	5	225	1	220	7.82843
1	maps/mazes/maze_056.map	512	512	47	360	41	362	7.41421
1	maps/mazes/maze_056.map	512	512	416	368	413	372	7
1	maps/mazes/maze_056.map	512	512	481	460	476	464	7.82843
1	maps/mazes/maze_056.map	512	512	25	409	30	412	7.41421
0	maps/mazes/maze_056.map	512	512	62	281	61	278	3.41421
0	maps/mazes/maze_056.map	512	512	261	57	261	54	3
0	maps/mazes/maze_056.map	512	512	188	320	188	317	3
0	maps/mazes/maze_056.map	512	512	97	332	97	335	3
0	maps/mazes/maze_056.map	512	512	269	428	269	431	3
0	maps/mazes/maze_056.map	512	512	20	108	17	108	3
0	maps/mazes/maze_056.map	512	512	381	224	381	221	3
0	maps/mazes/maze_056.map	512	512	449	301	449	298	3
0	maps/mazes/maze_056.map	512	512	261	26	259	28	3.41421
0	maps/mazes/maze_056.map	512	512	403	429	405	431	3.41421
