version 1
127	maps/mazes/maze_029.map	512	512	25	172	125	105	511.225
127	maps/mazes/maze_029.map	512	512	469	114	489	134	511.296
127	maps/mazes/maze_029.map	512	512	338	472	288	421	511.953
127	maps/mazes/maze_029.map	512	512	348	73	329	117	511.711
127	maps/mazes/maze_029.map	512	512	138	505	147	432	511.882
127	maps/mazes/maze_029.map	512	512	473	379	442	396	511.539
127	maps/mazes/maze_029.map	512	512	400	27	472	36	511.225
127	maps/mazes/maze_029.map	512	512	105	132	180	73	511.882
127	maps/mazes/maze_029.map	512	512	12	305	101	214	511.439
127	maps/mazes/maze_029.map	512	512	56	362	127	244	511.267
126	maps/mazes/maze_029.map	512	512	112	184	163	108	507.468
126	maps/mazes/maze_029.map	512	512	221	24	119	101	507.711
126	maps/mazes/maze_029.map	512	512	25	99	115	108	507.225
126	maps/mazes/maze_029.map	512	512	2	192	120	233	507.953
126	maps/mazes/maze_029.map	512	512	505	275	308	288	507.196
126	maps/mazes/maze_029.map	512	512	438	212	245	114	507.468
126	maps/mazes/maze_029.map	512	512	60	369	125	246	507.439
126	maps/mazes/maze_029.map	512	512	56	100	66	161	507.225
126	maps/mazes/maze_029.map	512	512	333	312	206	249	507.983
126	maps/mazes/maze_029.map	512	512	492	385	460	413	507.539
125	maps/mazes/maze_029.map	512	512	255	16	161	111	503.711
125	maps/mazes/maze_029.map	512	512	420	326	274	340	503.882
125	maps/mazes/maze_029.map	512	512	241	509	233	386	503.912
125	maps/mazes/maze_029.map	512	512	444	5	410	61	503.64
125	maps/mazes/maze_029.map	512	512	141	173	205	276	503.61
125	maps/mazes/maze_029.map	512	512	103	308	205	249	503.024
125	maps/mazes/maze_029.map	512	512	501	125	385	70	503.61
36	maps/mazes/maze_029.map	512	512	487	377	461	332	144.213
125	maps/mazes/maze_029.map	512	512	296	205	226	133	503.782
125	maps/mazes/maze_029.map	512	512	36	311	64	99	503.882
125	maps/mazes/maze_029.map	512	512	435	37	336	1	503.225
124	maps/mazes/maze_029.map	512	512	429	419	376	418	499.539
124	maps/mazes/maze_029.map	512	512	277	342	369	408	499.74
124	maps/mazes/maze_029.map	512	512	233	228	173	206	499.054
124	maps/mazes/maze_029.map	512	512	20	184	187	228	499.61
124	maps/mazes/maze_029.map	512	512	324	452	342	453	499.853
124	maps/mazes/maze_029.map	512	512	79	360	120	245	499.196
124	maps/mazes/maze_029.map	512	512	466	245	461	272	499.782
124	maps/mazes/maze_029.map	512	512	55	217	49	301	499.782
124	maps/mazes/maze_029.map	512	512	113	152	209	253	499.267
124	maps/mazes/maze_029.map	512	512	463	112	487	141	499.711
123	maps/mazes/maze_029.map	512	512	420	238	331	261	495.539
123	maps/mazes/maze_029.map	512	512	136	282	217	277	495.782
123	maps/mazes/maze_029.map	512	512	119	468	212	270	495.468
123	maps/mazes/maze_029.map	512	512	112	166	209	289	495.196
123	maps/mazes/maze_029.map	512	512	15	461	200	398	495.64
96	maps/mazes/maze_029.map	512	512	311	281	283	205	384.225
123	maps/mazes/maze_029.map	512	512	504	103	406	77	495.439
123	maps/mazes/maze_029.map	512	512	457	377	459	424	495.711
123	maps/mazes/maze_029.map	512	512	216	259	340	313	495.74
123	maps/mazes/maze_029.map	512	512	109	437	234	316	495.882
123	maps/mazes/maze_029.map	512	512	439	252	348	254	495.125
122	maps/mazes/maze_029.map	512	512	309	469	345	456	491.267
122	maps/mazes/maze_029.map	512	512	254	133	221	274	491.882
122	maps/mazes/maze_029.map	512	512	33	243	133	101	491.882
122	maps/mazes/maze_029.map	512	512	469	56	469	197	491.853
122	maps/mazes/maze_029.map	512	512	285	236	242	297	491.296
122	maps/mazes/maze_029.map	512	512	459	85	425	150	491.853
122	maps/mazes/maze_029.map	512	512	308	404	384	358	491.054
122	maps/mazes/maze_029.map	512	512	324	498	201	348	491.468
122	maps/mazes/maze_029.map	512	512	261	312	169	205	491.468
122	maps/mazes/maze_029.map	512	512	280	266	221	268	491.711
121	maps/mazes/maze_029.map	512	512	364	307	254	224	487.711
121	maps/mazes/maze_029.map	512	512	333	197	181	114	487.368
121	maps/mazes/maze_029.map	512	512	475	192	333	25	487.711
121	maps/mazes/maze_029.map	512	512	372	226	368	125	487.711
121	maps/mazes/maze_029.map	512	512	168	148	157	112	487.468
121	maps/mazes/maze_029.map	512	512	464	405	384	415	487.64
121	maps/mazes/maze_029.map	512	512	271	469	185	236	487.711
121	maps/mazes/maze_029.map	512	512	185	284	63	161	487.953
121	maps/mazes/maze_029.map	512	512	456	316	293	320	487.711
121	maps/mazes/maze_029.map	512	512	176	48	65	127	487.296
120	maps/mazes/maze_029.map	512	512	100	128	181	64	483.468
120	maps/mazes/maze_029.map	512	512	1	52	156	90	483.811
120	maps/mazes/maze_029.map	512	512	65	180	29	17	483.811
120	maps/mazes/maze_029.map	512	512	355	81	367	125	483.882
120	maps/mazes/maze_029.map	512	512	35	489	205	379	483.296
120	maps/mazes/maze_029.map	512	512	65	65	117	190	483.711
120	maps/mazes/maze_029.map	512	512	384	209	290	120	483.225
120	maps/mazes/maze_029.map	512	512	95	461	201	347	483.296
120	maps/mazes/maze_029.map	512	512	46	212	157	205	483.196
120	maps/mazes/maze_029.map	512	512	363	12	240	5	483.882
119	maps/mazes/maze_029.map	512	512	176	146	56	158	479.296
119	maps/mazes/maze_029.map	512	512	292	468	332	456	479.439
119	maps/mazes/maze_029.map	512	512	316	449	352	367	479.64
119	maps/mazes/maze_029.map	512	512	392	308	310	304	479.296
119	maps/mazes/maze_029.map	512	512	313	72	308	132	479.468
110	maps/mazes/maze_029.map	512	512	188	299	182	357	441.296
119	maps/mazes/maze_029.map	512	512	341	493	300	426	479.882
119	maps/mazes/maze_029.map	512	512	297	223	220	151	479.711
119	maps/mazes/maze_029.map	512	512	121	392	221	273	479.811
119	maps/mazes/maze_029.map	512	512	371	144	181	184	479.296
119	maps/mazes/maze_029.map	512	512	81	145	191	249	479.439
118	maps/mazes/maze_029.map	512	512	294	144	225	247	475.397
118	maps/mazes/maze_029.map	512	512	252	476	268	337	474.74
118	maps/mazes/maze_029.map	512	512	241	249	89	225	475.539
118	maps/mazes/maze_029.map	512	512	486	272	444	260	475.539
118	maps/mazes/maze_029.map	512	512	464	25	412	29	475.397
118	maps/mazes/maze_029.map	512	512	255	172	186	73	475.296
118	maps/mazes/maze_029.map	512	512	44	16	125	108	475.61
118	maps/mazes/maze_029.map	512	512	446	225	462	268	475.125
118	maps/mazes/maze_029.map	512	512	229	368	145	205	475.468
118	maps/mazes/maze_029.map	512	512	163	172	96	175	475.296
117	maps/mazes/maze_029.map	512	512	312	501	201	352	471.154
117	maps/mazes/maze_029.map	512	512	463	508	353	440	471.296
117	maps/mazes/maze_029.map	512	512	181	318	83	232	471.539
117	maps/mazes/maze_029.map	512	512	231	9	144	108	470.711
117	maps/mazes/maze_029.map	512	512	445	248	317	284	470.711
117	maps/mazes/maze_029.map	512	512	292	164	307	129	471.296
117	maps/mazes/maze_029.map	512	512	252	1	141	109	471.468
117	maps/mazes/maze_029.map	512	512	360	489	280	403	471.397
117	maps/mazes/maze_029.map	512	512	33	308	60	117	471.64
117	maps/mazes/maze_029.map	512	512	449	4	392	39	471.74
116	maps/mazes/maze_029.map	512	512	289	161	305	129	467.882
116	maps/mazes/maze_029.map	512	512	132	320	76	169	467.468
116	maps/mazes/maze_029.map	512	512	424	289	269	231	467.468
116	maps/mazes/maze_029.map	512	512	380	504	396	429	467.125
116	maps/mazes/maze_029.map	512	512	178	336	124	272	467.539
116	maps/mazes/maze_029.map	512	512	473	304	349	348	467.64
116	maps/mazes/maze_029.map	512	512	209	321	101	211	467.196
116	maps/mazes/maze_029.map	512	512	418	29	372	30	467.326
116	maps/mazes/maze_029.map	512	512	264	181	188	242	467.468
116	maps/mazes/maze_029.map	512	512	337	82	279	120	467.64
115	maps/mazes/maze_029.map	512	512	320	197	235	121	463.711
115	maps/mazes/maze_029.map	512	512	40	315	97	207	463.468
115	maps/mazes/maze_029.map	512	512	444	378	333	338	463.083
115	maps/mazes/maze_029.map	512	512	428	453	392	429	463.64
115	maps/mazes/maze_029.map	512	512	100	35	92	108	462.882
115	maps/mazes/maze_029.map	512	512	190	0	168	94	463.539
92	maps/mazes/maze_029.map	512	512	276	127	304	197	371.983
115	maps/mazes/maze_029.map	512	512	79	377	124	271	463.368
115	maps/mazes/maze_029.map	512	512	436	356	449	397	463.054
115	maps/mazes/maze_029.map	512	512	352	55	339	117	463.468
115	maps/mazes/maze_029.map	512	512	201	25	181	175	463.782
114	maps/mazes/maze_029.map	512	512	226	509	225	442	459.983
114	maps/mazes/maze_029.map	512	512	2	153	93	221	459.468
114	maps/mazes/maze_029.map	512	512	188	478	186	432	459.497
114	maps/mazes/maze_029.map	512	512	329	71	320	121	459.811
114	maps/mazes/maze_029.map	512	512	369	256	236	229	459.296
114	maps/mazes/maze_029.map	512	512	147	300	199	249	459.61
114	maps/mazes/maze_029.map	512	512	208	472	129	470	459.426
114	maps/mazes/maze_029.map	512	512	121	356	91	172	459.054
114	maps/mazes/maze_029.map	512	512	333	344	332	405	459.154
114	maps/mazes/maze_029.map	512	512	331	364	332	313	459.74
113	maps/mazes/maze_029.map	512	512	132	79	97	108	455.64
113	maps/mazes/maze_029.map	512	512	133	154	181	219	455.024
113	maps/mazes/maze_029.map	512	512	324	400	333	338	455.326
113	maps/mazes/maze_029.map	512	512	170	317	119	232	455.296
113	maps/mazes/maze_029.map	512	512	53	184	196	252	455.368
42	maps/mazes/maze_029.map	512	512	280	306	219	344	171.971
80	maps/mazes/maze_029.map	512	512	135	181	44	182	321.497
113	maps/mazes/maze_029.map	512	512	479	212	312	136	455.569
113	maps/mazes/maze_029.map	512	512	294	285	220	222	455.225
113	maps/mazes/maze_029.map	512	512	407	200	232	121	455.64
113	maps/mazes/maze_029.map	512	512	442	44	380	10	455.74
113	maps/mazes/maze_029.map	512	512	129	93	115	105	455.296
112	maps/mazes/maze_029.map	512	512	509	157	416	128	451.296
112	maps/mazes/maze_029.map	512	512	424	421	398	413	451.397
112	maps/mazes/maze_029.map	512	512	341	331	207	349	451.497
112	maps/mazes/maze_029.map	512	512	420	337	324	324	451.326
112	maps/mazes/maze_029.map	512	512	189	257	101	213	451.296
112	maps/mazes/maze_029.map	512	512	289	357	360	356	451.74
112	maps/mazes/maze_029.map	512	512	90	496	127	420	451.225
112	maps/mazes/maze_029.map	512	512	459	92	499	89	451.225
112	maps/mazes/maze_029.map	512	512	145	509	137	420	451.468
112	maps/mazes/maze_029.map	512	512	175	352	121	276	451.296
111	maps/mazes/maze_029.map	512	512	9	350	57	187	447.125
111	maps/mazes/maze_029.map	512	512	433	329	429	397	447.054
111	maps/mazes/maze_029.map	512	512	288	340	237	319	447.154
111	maps/mazes/maze_029.map	512	512	381	157	290	120	447.296
111	maps/mazes/maze_029.map	512	512	292	10	156	53	447.569
111	maps/mazes/maze_029.map	512	512	38	393	205	363	447.811
111	maps/mazes/maze_029.map	512	512	134	192	95	105	447.882
111	maps/mazes/maze_029.map	512	512	509	163	419	129	447.296
111	maps/mazes/maze_029.map	512	512	144	69	265	33	447.569
111	maps/mazes/maze_029.map	512	512	429	424	397	406	447.983
110	maps/mazes/maze_029.map	512	512	292	485	202	352	443.811
110	maps/mazes/maze_029.map	512	512	253	476	240	301	443.497
110	maps/mazes/maze_029.map	512	512	124	437	257	465	442.74
110	maps/mazes/maze_029.map	512	512	221	128	160	76	443.125
45	maps/mazes/maze_029.map	512	512	141	460	188	436	183.87
110	maps/mazes/maze_029.map	512	512	114	105	108	196	443.811
110	maps/mazes/maze_029.map	512	512	267	24	144	70	443.569
26	maps/mazes/maze_029.map	512	512	348	425	368	436	105.728
107	maps/mazes/maze_029.map	512	512	221	457	236	365	431.225
110	maps/mazes/maze_029.map	512	512	471	240	457	272	443.296
110	maps/mazes/maze_029.map	512	512	376	326	270	229	443.225
110	maps/mazes/maze_029.map	512	512	495	128	412	86	443.125
109	maps/mazes/maze_029.map	512	512	380	428	334	452	439.983
109	maps/mazes/maze_029.map	512	512	48	21	125	102	439.296
109	maps/mazes/maze_029.map	512	512	83	285	169	205	439.782
109	maps/mazes/maze_029.map	512	512	227	316	358	341	439.154
109	maps/mazes/maze_029.map	512	512	129	208	216	233	439.054
109	maps/mazes/maze_029.map	512	512	156	220	131	249	439.296
109	maps/mazes/maze_029.map	512	512	339	340	217	275	439.326
109	maps/mazes/maze_029.map	512	512	492	59	420	3	439.497
109	maps/mazes/maze_029.map	512	512	213	319	129	272	439.125
109	maps/mazes/maze_029.map	512	512	353	77	356	132	439.054
108	maps/mazes/maze_029.map	512	512	377	91	335	105	435.154
108	maps/mazes/maze_029.map	512	512	209	199	175	60	435.468
108	maps/mazes/maze_029.map	512	512	22	68	156	89	435.326
108	maps/mazes/maze_029.map	512	512	363	508	308	397	435.154
108	maps/mazes/maze_029.map	512	512	115	53	69	114	435.225
108	maps/mazes/maze_029.map	512	512	289	404	376	376	435.225
108	maps/mazes/maze_029.map	512	512	41	421	205	373	435.397
108	maps/mazes/maze_029.map	512	512	29	471	197	419	435.983
108	maps/mazes/maze_029.map	512	512	496	361	484	394	435.811
108	maps/mazes/maze_029.map	512	512	408	456	331	456	435.225
107	maps/mazes/maze_029.map	512	512	225	46	160	85	431.497
39	maps/mazes/maze_029.map	512	512	184	194	209	165	157.213
107	maps/mazes/maze_029.map	512	512	74	4	124	44	431.054
107	maps/mazes/maze_029.map	512	512	261	166	212	277	431.64
107	maps/mazes/maze_029.map	512	512	278	421	354	400	431.811
107	maps/mazes/maze_029.map	512	512	190	157	164	93	431.882
107	maps/mazes/maze_029.map	512	512	108	240	89	109	431.64
107	maps/mazes/maze_029.map	512	512	125	41	81	110	431.811
66	maps/mazes/maze_029.map	512	512	220	288	263	308	264.355
107	maps/mazes/maze_029.map	512	512	413	192	342	117	431.397
107	maps/mazes/maze_029.map	512	512	229	166	171	73	431.468
106	maps/mazes/maze_029.map	512	512	486	313	392	334	427.811
106	maps/mazes/maze_029.map	512	512	212	1	333	25	427.569
106	maps/mazes/maze_029.map	512	512	106	273	209	289	427.468
106	maps/mazes/maze_029.map	512	512	116	40	92	116	427.64
106	maps/mazes/maze_029.map	512	512	154	425	202	292	427.468
106	maps/mazes/maze_029.map	512	512	238	385	212	271	427.397
106	maps/mazes/maze_029.map	512	512	405	476	436	467	427.397
106	maps/mazes/maze_029.map	512	512	146	365	118	233	427.154
106	maps/mazes/maze_029.map	512	512	8	204	116	93	427.811
106	maps/mazes/maze_029.map	512	512	173	379	109	256	427.326
105	maps/mazes/maze_029.map	512	512	26	280	1	289	423.397
105	maps/mazes/maze_029.map	512	512	509	208	422	232	423.468
105	maps/mazes/maze_029.map	512	512	113	417	202	356	423.054
105	maps/mazes/maze_029.map	512	512	322	361	325	446	423.74
105	maps/mazes/maze_029.map	512	512	217	329	125	191	423.74
105	maps/mazes/maze_029.map	512	512	362	185	181	182	423.882
105	maps/mazes/maze_029.map	512	512	53	96	80	111	423.74
105	maps/mazes/maze_029.map	512	512	441	408	352	436	423.225
105	maps/mazes/maze_029.map	512	512	252	42	141	67	423.012
105	maps/mazes/maze_029.map	512	512	369	77	344	110	423.983
104	maps/mazes/maze_029.map	512	512	341	25	228	17	419.326
104	maps/mazes/maze_029.map	512	512	60	68	101	225	419.983
104	maps/mazes/maze_029.map	512	512	280	344	258	337	419.912
104	maps/mazes/maze_029.map	512	512	89	125	90	213	419.811
104	maps/mazes/maze_029.map	512	512	441	199	320	117	419.326
104	maps/mazes/maze_029.map	512	512	201	400	88	488	419.811
104	maps/mazes/maze_029.map	512	512	81	102	140	191	419.054
104	maps/mazes/maze_029.map	512	512	40	291	68	113	419.74
104	maps/mazes/maze_029.map	512	512	129	85	236	24	418.912
104	maps/mazes/maze_029.map	512	512	16	109	101	103	419.669
103	maps/mazes/maze_029.map	512	512	460	160	441	145	415.296
103	maps/mazes/maze_029.map	512	512	460	37	501	177	415.953
103	maps/mazes/maze_029.map	512	512	294	485	204	376	415.569
103	maps/mazes/maze_029.map	512	512	299	116	172	81	414.711
103	maps/mazes/maze_029.map	512	512	293	386	365	377	415.225
103	maps/mazes/maze_029.map	512	512	172	488	204	345	414.74
103	maps/mazes/maze_029.map	512	512	89	149	185	224	415.125
103	maps/mazes/maze_029.map	512	512	241	406	203	249	415.326
45	maps/mazes/maze_029.map	512	512	53	480	4	494	183.284
103	maps/mazes/maze_029.map	512	512	330	20	189	48	415.569
103	maps/mazes/maze_029.map	512	512	47	16	208	91	415.397
102	maps/mazes/maze_029.map	512	512	54	137	165	208	411.64
102	maps/mazes/maze_029.map	512	512	445	8	412	26	411.083
102	maps/mazes/maze_029.map	512	512	12	129	53	161	411.912
102	maps/mazes/maze_029.map	512	512	304	60	233	120	411.912
102	maps/mazes/maze_029.map	512	512	379	0	271	13	410.983
102	maps/mazes/maze_029.map	512	512	291	24	191	49	411.326
102	maps/mazes/maze_029.map	512	512	370	480	390	456	411.054
102	maps/mazes/maze_029.map	512	512	481	488	491	349	411.912
102	maps/mazes/maze_029.map	512	512	315	17	197	21	411.74
102	maps/mazes/maze_029.map	512	512	466	281	305	288	411.64
101	maps/mazes/maze_029.map	512	512	53	268	87	213	407.811
101	maps/mazes/maze_029.map	512	512	392	40	301	13	407.983
101	maps/mazes/maze_029.map	512	512	250	416	204	284	407.64
101	maps/mazes/maze_029.map	512	512	142	185	65	113	407.811
101	maps/mazes/maze_029.map	512	512	505	177	390	76	407.64
101	maps/mazes/maze_029.map	512	512	276	348	181	210	407.569
1	maps/mazes/maze_029.map	512	512	394	321	396	316	6.41421
101	maps/mazes/maze_029.map	512	512	504	234	409	237	407.397
101	maps/mazes/maze_029.map	512	512	449	453	469	472	407.569
101	maps/mazes/maze_029.map	512	512	283	180	237	311	407.811
101	maps/mazes/maze_029.map	512	512	70	8	164	108	407.539
100	maps/mazes/maze_029.map	512	512	277	496	205	368	403.255
100	maps/mazes/maze_029.map	512	512	312	205	252	109	403.397
100	maps/mazes/maze_029.map	512	512	249	64	267	120	403.497
100	maps/mazes/maze_029.map	512	512	136	328	138	189	403.225
100	maps/mazes/maze_029.map	512	512	501	220	415	233	403.569
100	maps/mazes/maze_029.map	512	512	113	269	59	116	403.811
37	maps/mazes/maze_029.map	512	512	9	249	9	262	151.627
100	maps/mazes/maze_029.map	512	512	474	272	448	249	403.569
100	maps/mazes/maze_029.map	512	512	156	101	56	158	403.912
100	maps/mazes/maze_029.map	512	512	101	126	108	200	402.983
100	maps/mazes/maze_029.map	512	512	299	257	220	251	403.569
99	maps/mazes/maze_029.map	512	512	317	297	245	220	399.811
99	maps/mazes/maze_029.map	512	512	500	390	500	424	399.64
99	maps/mazes/maze_029.map	512	512	424	279	300	251	399.74
99	maps/mazes/maze_029.map	512	512	267	185	205	261	399.983
99	maps/mazes/maze_029.map	512	512	36	267	108	227	399.983
99	maps/mazes/maze_029.map	512	512	452	265	296	287	399.154
99	maps/mazes/maze_029.map	512	512	482	133	478	104	399.912
99	maps/mazes/maze_029.map	512	512	191	188	166	49	399.397
99	maps/mazes/maze_029.map	512	512	302	168	320	153	399.569
99	maps/mazes/maze_029.map	512	512	53	37	93	170	399.569
98	maps/mazes/maze_029.map	512	512	244	161	185	84	395.154
98	maps/mazes/maze_029.map	512	512	491	101	466	97	395.669
98	maps/mazes/maze_029.map	512	512	127	212	237	319	395.569
98	maps/mazes/maze_029.map	512	512	441	376	381	353	395.426
98	maps/mazes/maze_029.map	512	512	340	144	257	116	395.711
98	maps/mazes/maze_029.map	512	512	458	277	310	288	395.811
98	maps/mazes/maze_029.map	512	512	89	107	107	201	395.154
98	maps/mazes/maze_029.map	512	512	240	173	204	97	395.397
98	maps/mazes/maze_029.map	512	512	85	220	213	273	395.811
98	maps/mazes/maze_029.map	512	512	354	164	273	119	395.64
97	maps/mazes/maze_029.map	512	512	460	20	441	44	391.326
97	maps/mazes/maze_029.map	512	512	360	450	312	411	391.912
97	maps/mazes/maze_029.map	512	512	397	252	290	268	391.912
97	maps/mazes/maze_029.map	512	512	478	108	484	89	391.083
97	maps/mazes/maze_029.map	512	512	456	26	432	65	391.912
97	maps/mazes/maze_029.map	512	512	245	349	145	193	391.497
97	maps/mazes/maze_029.map	512	512	320	435	317	368	391.497
97	maps/mazes/maze_029.map	512	512	383	113	339	25	391.983
97	maps/mazes/maze_029.map	512	512	40	147	162	109	391.497
97	maps/mazes/maze_029.map	512	512	425	476	352	436	390.983
96	maps/mazes/maze_029.map	512	512	72	105	122	189	387.397
96	maps/mazes/maze_029.map	512	512	64	225	185	240	387.882
96	maps/mazes/maze_029.map	512	512	15	404	125	388	387.74
96	maps/mazes/maze_029.map	512	512	214	89	188	158	387.125
96	maps/mazes/maze_029.map	512	512	169	249	122	232	387.983
96	maps/mazes/maze_029.map	512	512	12	89	85	169	387.912
96	maps/mazes/maze_029.map	512	512	261	176	179	88	387.154
96	maps/mazes/maze_029.map	512	512	460	428	472	463	387.912
96	maps/mazes/maze_029.map	512	512	272	157	225	280	387.983
95	maps/mazes/maze_029.map	512	512	445	340	460	387	383.983
95	maps/mazes/maze_029.map	512	512	285	174	317	152	383.983
95	maps/mazes/maze_029.map	512	512	325	376	364	354	383.669
95	maps/mazes/maze_029.map	512	512	316	121	189	145	383.225
95	maps/mazes/maze_029.map	512	512	333	236	232	129	383.74
95	maps/mazes/maze_029.map	512	512	2	473	197	424	383.397
95	maps/mazes/maze_029.map	512	512	100	52	199	89	383.74
95	maps/mazes/maze_029.map	512	512	472	447	503	440	383.983
95	maps/mazes/maze_029.map	512	512	91	281	146	205	383.711
95	maps/mazes/maze_029.map	512	512	456	166	356	29	383.569
94	maps/mazes/maze_029.map	512	512	80	453	216	350	379.569
94	maps/mazes/maze_029.map	512	512	233	116	208	97	379.882
94	maps/mazes/maze_029.map	512	512	384	177	300	124	379.225
94	maps/mazes/maze_029.map	512	512	60	61	81	218	379.154
94	maps/mazes/maze_029.map	512	512	226	212	188	231	379.326
94	maps/mazes/maze_029.map	512	512	72	124	104	181	379.326
94	maps/mazes/maze_029.map	512	512	460	406	408	409	379.669
94	maps/mazes/maze_029.map	512	512	285	222	213	269	379.569
94	maps/mazes/maze_029.map	512	512	138	400	243	296	379.326
94	maps/mazes/maze_029.map	512	512	149	253	105	218	379.569
93	maps/mazes/maze_029.map	512	512	492	104	451	85	375.012
93	maps/mazes/maze_029.map	512	512	434	328	457	424	375.569
93	maps/mazes/maze_029.map	512	512	33	284	53	137	375.083
93	maps/mazes/maze_029.map	512	512	358	436	314	397	375.669
93	maps/mazes/maze_029.map	512	512	459	93	480	95	375.426
93	maps/mazes/maze_029.map	512	512	345	426	281	414	375.497
93	maps/mazes/maze_029.map	512	512	28	0	69	35	375.74
93	maps/mazes/maze_029.map	512	512	489	68	496	180	375.225
93	maps/mazes/maze_029.map	512	512	457	325	433	365	375.74
93	maps/mazes/maze_029.map	512	512	56	275	117	232	375.397
92	maps/mazes/maze_029.map	512	512	219	352	160	205	371.255
92	maps/mazes/maze_029.map	512	512	197	70	197	169	371.711
92	maps/mazes/maze_029.map	512	512	325	188	300	125	371.154
92	maps/mazes/maze_029.map	512	512	254	9	173	49	371.083
92	maps/mazes/maze_029.map	512	512	128	129	159	80	371.983
67	maps/mazes/maze_029.map	512	512	117	204	215	264	268.426
92	maps/mazes/maze_029.map	512	512	359	480	306	440	370.74
92	maps/mazes/maze_029.map	512	512	280	393	376	405	371.983
92	maps/mazes/maze_029.map	512	512	211	288	127	233	371.225
92	maps/mazes/maze_029.map	512	512	212	308	101	293	371.154
91	maps/mazes/maze_029.map	512	512	507	412	385	325	367.669
91	maps/mazes/maze_029.map	512	512	38	421	199	424	367.255
91	maps/mazes/maze_029.map	512	512	16	257	82	232	367.225
91	maps/mazes/maze_029.map	512	512	276	80	244	115	367.669
91	maps/mazes/maze_029.map	512	512	204	111	184	55	367.397
91	maps/mazes/maze_029.map	512	512	105	101	101	195	367.497
91	maps/mazes/maze_029.map	512	512	88	245	205	266	367.64
91	maps/mazes/maze_029.map	512	512	166	201	53	161	367.569
91	maps/mazes/maze_029.map	512	512	348	468	306	417	367.326
91	maps/mazes/maze_029.map	512	512	99	1	112	29	366.74
90	maps/mazes/maze_029.map	512	512	158	477	213	352	363.154
90	maps/mazes/maze_029.map	512	512	161	323	97	221	363.983
90	maps/mazes/maze_029.map	512	512	411	228	313	136	363.841
90	maps/mazes/maze_029.map	512	512	109	189	114	101	363.912
90	maps/mazes/maze_029.map	512	512	156	14	45	11	363.012
90	maps/mazes/maze_029.map	512	512	450	389	447	401	363.912
90	maps/mazes/maze_029.map	512	512	43	212	105	204	363.397
45	maps/mazes/maze_029.map	512	512	332	330	358	300	180.87
90	maps/mazes/maze_029.map	512	512	372	280	265	236	363.326
90	maps/mazes/maze_029.map	512	512	429	31	402	68	363.255
90	maps/mazes/maze_029.map	512	512	161	257	274	337	363.669
89	maps/mazes/maze_029.map	512	512	412	345	333	347	359.426
89	maps/mazes/maze_029.map	512	512	34	308	80	169	359.912
89	maps/mazes/maze_029.map	512	512	41	428	197	429	358.598
89	maps/mazes/maze_029.map	512	512	356	249	392	154	359.569
89	maps/mazes/maze_029.map	512	512	27	353	8	225	359.083
89	maps/mazes/maze_029.map	512	512	422	124	508	111	359.912
89	maps/mazes/maze_029.map	512	512	430	152	446	161	359.569
89	maps/mazes/maze_029.map	512	512	388	372	317	323	359.012
89	maps/mazes/maze_029.map	512	512	130	361	125	246	359.497
89	maps/mazes/maze_029.map	512	512	176	330	132	233	359.569
88	maps/mazes/maze_029.map	512	512	321	305	228	260	355.255
2	maps/mazes/maze_029.map	512	512	434	29	440	31	8
88	maps/mazes/maze_029.map	512	512	384	501	400	454	355.326
88	maps/mazes/maze_029.map	512	512	60	27	152	85	355.397
88	maps/mazes/maze_029.map	512	512	261	193	205	266	355.326
88	maps/mazes/maze_029.map	512	512	44	157	108	228	355.912
88	maps/mazes/maze_029.map	512	512	89	278	104	188	355.569
88	maps/mazes/maze_029.map	512	512	13	67	81	172	355.083
88	maps/mazes/maze_029.map	512	512	168	220	122	268	355.397
88	maps/mazes/maze_029.map	512	512	279	113	209	148	355.669
88	maps/mazes/maze_029.map	512	512	161	24	39	13	355.426
87	maps/mazes/maze_029.map	512	512	372	228	398	181	351.326
87	maps/mazes/maze_029.map	512	512	160	83	175	109	351.326
87	maps/mazes/maze_029.map	512	512	341	9	417	158	351.912
87	maps/mazes/maze_029.map	512	512	20	480	121	447	351.74
87	maps/mazes/maze_029.map	512	512	468	175	373	60	351.983
87	maps/mazes/maze_029.map	512	512	393	373	317	316	351.184
87	maps/mazes/maze_029.map	512	512	185	401	229	257	351.983
87	maps/mazes/maze_029.map	512	512	134	8	82	25	351.326
87	maps/mazes/maze_029.map	512	512	460	388	442	405	351.669
87	maps/mazes/maze_029.map	512	512	277	204	212	274	351.326
86	maps/mazes/maze_029.map	512	512	461	232	431	256	347.497
86	maps/mazes/maze_029.map	512	512	268	501	248	449	347.598
86	maps/mazes/maze_029.map	512	512	220	168	176	73	347.225
86	maps/mazes/maze_029.map	512	512	193	108	142	112	347.669
86	maps/mazes/maze_029.map	512	512	333	273	280	237	347.569
86	maps/mazes/maze_029.map	512	512	100	12	113	34	347.326
86	maps/mazes/maze_029.map	512	512	104	312	143	185	347.154
86	maps/mazes/maze_029.map	512	512	401	82	279	37	347.669
86	maps/mazes/maze_029.map	512	512	485	29	448	5	347.426
86	maps/mazes/maze_029.map	512	512	186	153	96	106	347.569
85	maps/mazes/maze_029.map	512	512	64	327	109	258	343.74
85	maps/mazes/maze_029.map	512	512	205	414	213	351	343.326
85	maps/mazes/maze_029.map	512	512	200	383	128	298	343.184
85	maps/mazes/maze_029.map	512	512	272	136	264	193	343.77
85	maps/mazes/maze_029.map	512	512	417	115	508	99	343.912
85	maps/mazes/maze_029.map	512	512	57	297	101	311	343.841
85	maps/mazes/maze_029.map	512	512	176	314	120	277	343.326
85	maps/mazes/maze_029.map	512	512	492	138	428	134	343.983
14	maps/mazes/maze_029.map	512	512	109	500	105	484	59.6569
85	maps/mazes/maze_029.map	512	512	121	256	198	248	343.225
85	maps/mazes/maze_029.map	512	512	355	381	333	337	343.598
84	maps/mazes/maze_029.map	512	512	492	255	416	243	339.841
84	maps/mazes/maze_029.map	512	512	171	365	112	268	339.841
84	maps/mazes/maze_029.map	512	512	349	506	294	444	339.669
84	maps/mazes/maze_029.map	512	512	153	392	112	406	339.669
84	maps/mazes/maze_029.map	512	512	14	93	93	73	339.426
84	maps/mazes/maze_029.map	512	512	384	167	256	107	339.255
84	maps/mazes/maze_029.map	512	512	236	426	321	340	339.912
84	maps/mazes/maze_029.map	512	512	130	421	235	316	339.841
84	maps/mazes/maze_029.map	512	512	162	301	104	181	338.912
84	maps/mazes/maze_029.map	512	512	416	394	333	320	338.941
83	maps/mazes/maze_029.map	512	512	121	376	116	231	335.497
83	maps/mazes/maze_029.map	512	512	356	376	333	340	335.77
83	maps/mazes/maze_029.map	512	512	40	172	63	113	335.012
83	maps/mazes/maze_029.map	512	512	44	253	111	269	335.083
83	maps/mazes/maze_029.map	512	512	95	117	100	221	335.669
68	maps/mazes/maze_029.map	512	512	351	185	236	124	272.426
83	maps/mazes/maze_029.map	512	512	199	308	117	304	335.497
83	maps/mazes/maze_029.map	512	512	394	201	336	167	335.397
83	maps/mazes/maze_029.map	512	512	240	438	232	316	335.355
83	maps/mazes/maze_029.map	512	512	475	453	492	466	335.255
83	maps/mazes/maze_029.map	512	512	318	292	288	244	335.154
82	maps/mazes/maze_029.map	512	512	29	18	57	112	331.841
82	maps/mazes/maze_029.map	512	512	117	151	139	185	331.983
82	maps/mazes/maze_029.map	512	512	148	261	121	233	331.669
82	maps/mazes/maze_029.map	512	512	109	468	233	405	331.912
82	maps/mazes/maze_029.map	512	512	444	29	505	108	331.397
82	maps/mazes/maze_029.map	512	512	36	345	28	213	331.497
73	maps/mazes/maze_029.map	512	512	267	337	184	408	295.255
82	maps/mazes/maze_029.map	512	512	493	261	445	236	331.083
82	maps/mazes/maze_029.map	512	512	112	435	204	374	331.326
82	maps/mazes/maze_029.map	512	512	35	205	126	192	331.154
82	maps/mazes/maze_029.map	512	512	72	244	125	303	331.841
81	maps/mazes/maze_029.map	512	512	153	152	101	102	327.841
81	maps/mazes/maze_029.map	512	512	228	307	319	317	327.77
81	maps/mazes/maze_029.map	512	512	340	19	257	4	327.598
81	maps/mazes/maze_029.map	512	512	207	101	147	105	327.255
81	maps/mazes/maze_029.map	512	512	435	361	457	418	327.669
81	maps/mazes/maze_029.map	512	512	304	9	194	37	327.255
81	maps/mazes/maze_029.map	512	512	309	51	400	57	327.083
81	maps/mazes/maze_029.map	512	512	72	457	184	432	327.184
81	maps/mazes/maze_029.map	512	512	280	418	352	363	327.669
81	maps/mazes/maze_029.map	512	512	265	341	338	353	327.77
80	maps/mazes/maze_029.map	512	512	239	385	245	328	323.083
80	maps/mazes/maze_029.map	512	512	90	260	121	276	323.669
80	maps/mazes/maze_029.map	512	512	188	249	96	207	323.74
80	maps/mazes/maze_029.map	512	512	229	7	153	57	323.841
80	maps/mazes/maze_029.map	512	512	300	295	235	229	323.912
80	maps/mazes/maze_029.map	512	512	76	459	186	432	323.184
80	maps/mazes/maze_029.map	512	512	129	188	222	281	323.255
80	maps/mazes/maze_029.map	512	512	6	17	89	97	323.426
80	maps/mazes/maze_029.map	512	512	48	507	126	420	323.083
79	maps/mazes/maze_029.map	512	512	275	9	176	60	319.255
79	maps/mazes/maze_029.map	512	512	231	241	227	293	319.255
79	maps/mazes/maze_029.map	512	512	296	361	197	251	319.77
79	maps/mazes/maze_029.map	512	512	349	293	241	300	319.184
79	maps/mazes/maze_029.map	512	512	485	302	434	324	319.184
79	maps/mazes/maze_029.map	512	512	293	285	235	228	319.912
79	maps/mazes/maze_029.map	512	512	152	456	152	432	319.941
79	maps/mazes/maze_029.map	512	512	76	304	128	300	319.598
79	maps/mazes/maze_029.map	512	512	8	299	70	165	318.912
79	maps/mazes/maze_029.map	512	512	163	389	225	284	319.912
78	maps/mazes/maze_029.map	512	512	189	499	145	453	315.698
78	maps/mazes/maze_029.map	512	512	212	48	166	76	315.598
78	maps/mazes/maze_029.map	512	512	56	111	102	217	314.669
78	maps/mazes/maze_029.map	512	512	56	192	145	188	315.912
78	maps/mazes/maze_029.map	512	512	344	445	383	353	315.77
78	maps/mazes/maze_029.map	512	512	185	249	84	238	315.983
78	maps/mazes/maze_029.map	512	512	9	35	55	161	315.598
78	maps/mazes/maze_029.map	512	512	132	478	124	449	315.669
78	maps/mazes/maze_029.map	512	512	369	275	297	254	315.912
77	maps/mazes/maze_029.map	512	512	248	195	255	261	308.841
78	maps/mazes/maze_029.map	512	512	430	464	360	448	315.255
77	maps/mazes/maze_029.map	512	512	423	201	305	124	311.184
77	maps/mazes/maze_029.map	512	512	122	132	92	172	311.497
77	maps/mazes/maze_029.map	512	512	413	103	494	85	311.083
77	maps/mazes/maze_029.map	512	512	476	37	444	37	311.841
77	maps/mazes/maze_029.map	512	512	175	228	143	304	311.255
77	maps/mazes/maze_029.map	512	512	396	156	257	116	311.77
77	maps/mazes/maze_029.map	512	512	417	474	436	502	311.426
77	maps/mazes/maze_029.map	512	512	52	3	46	25	311.841
77	maps/mazes/maze_029.map	512	512	365	398	314	324	311.527
76	maps/mazes/maze_029.map	512	512	252	344	333	320	306.941
76	maps/mazes/maze_029.map	512	512	205	396	204	273	307.355
76	maps/mazes/maze_029.map	512	512	408	118	310	13	307.426
76	maps/mazes/maze_029.map	512	512	268	267	243	209	307.083
76	maps/mazes/maze_029.map	512	512	479	113	448	79	307.527
36	maps/mazes/maze_029.map	512	512	85	464	32	464	145.87
76	maps/mazes/maze_029.map	512	512	104	434	200	400	307.255
76	maps/mazes/maze_029.map	512	512	453	478	356	425	307.841
76	maps/mazes/maze_029.map	512	512	112	151	57	109	307.669
76	maps/mazes/maze_029.map	512	512	295	488	232	413	307.941
76	maps/mazes/maze_029.map	512	512	372	53	264	40	307.426
75	maps/mazes/maze_029.map	512	512	384	217	379	153	303.184
75	maps/mazes/maze_029.map	512	512	452	483	356	426	303.426
75	maps/mazes/maze_029.map	512	512	185	481	129	470	303.284
75	maps/mazes/maze_029.map	512	512	133	338	127	241	303.083
75	maps/mazes/maze_029.map	512	512	165	426	217	309	303.326
75	maps/mazes/maze_029.map	512	512	178	508	164	473	303.87
75	maps/mazes/maze_029.map	512	512	118	41	117	101	303.669
75	maps/mazes/maze_029.map	512	512	352	164	320	158	303.74
75	maps/mazes/maze_029.map	512	512	355	0	264	29	303.841
75	maps/mazes/maze_029.map	512	512	400	261	296	286	303.77
74	maps/mazes/maze_029.map	512	512	100	349	128	233	299.012
74	maps/mazes/maze_029.map	512	512	16	109	57	112	299.941
74	maps/mazes/maze_029.map	512	512	464	241	446	245	299.255
74	maps/mazes/maze_029.map	512	512	184	389	109	300	299.113
74	maps/mazes/maze_029.map	512	512	468	452	472	458	299.355
74	maps/mazes/maze_029.map	512	512	381	425	445	426	299.426
74	maps/mazes/maze_029.map	512	512	175	145	105	124	299.669
74	maps/mazes/maze_029.map	512	512	197	343	121	302	299.083
74	maps/mazes/maze_029.map	512	512	252	375	254	364	299.083
74	maps/mazes/maze_029.map	512	512	201	486	146	449	299.113
73	maps/mazes/maze_029.map	512	512	143	344	126	245	295.255
73	maps/mazes/maze_029.map	512	512	153	92	59	133	295.77
73	maps/mazes/maze_029.map	512	512	435	88	479	104	295.841
73	maps/mazes/maze_029.map	512	512	472	184	404	102	295.841
73	maps/mazes/maze_029.map	512	512	9	26	73	71	295.426
73	maps/mazes/maze_029.map	512	512	159	44	134	9	295.012
73	maps/mazes/maze_029.map	512	512	13	123	69	94	295.527
73	maps/mazes/maze_029.map	512	512	341	183	321	192	295.669
73	maps/mazes/maze_029.map	512	512	255	416	237	309	295.083
72	maps/mazes/maze_029.map	512	512	308	75	376	117	291.255
72	maps/mazes/maze_029.map	512	512	108	508	52	467	291.426
72	maps/mazes/maze_029.map	512	512	240	7	153	50	291.355
72	maps/mazes/maze_029.map	512	512	415	389	333	345	291.698
72	maps/mazes/maze_029.map	512	512	101	260	188	244	291.083
72	maps/mazes/maze_029.map	512	512	416	11	426	65	291.598
72	maps/mazes/maze_029.map	512	512	113	34	128	102	291.669
72	maps/mazes/maze_029.map	512	512	278	208	223	269	291.255
72	maps/mazes/maze_029.map	512	512	21	232	64	98	290.841
72	maps/mazes/maze_029.map	512	512	365	385	333	295	291.113
65	maps/mazes/maze_029.map	512	512	35	389	137	417	261.355
71	maps/mazes/maze_029.map	512	512	496	353	433	365	287.184
71	maps/mazes/maze_029.map	512	512	56	280	128	243	287.669
71	maps/mazes/maze_029.map	512	512	65	77	95	169	287.598
71	maps/mazes/maze_029.map	512	512	377	333	307	325	287.598
71	maps/mazes/maze_029.map	512	512	25	15	92	97	287.77
71	maps/mazes/maze_029.map	512	512	154	341	117	244	287.598
71	maps/mazes/maze_029.map	512	512	380	401	312	319	287.698
71	maps/mazes/maze_029.map	512	512	132	155	105	204	287.74
71	maps/mazes/maze_029.map	512	512	374	189	279	120	287.355
71	maps/mazes/maze_029.map	512	512	12	25	61	62	287.598
70	maps/mazes/maze_029.map	512	512	328	140	317	142	283.326
70	maps/mazes/maze_029.map	512	512	114	48	217	13	283.355
70	maps/mazes/maze_029.map	512	512	114	189	203	292	283.841
70	maps/mazes/maze_029.map	512	512	489	136	419	149	283.669
70	maps/mazes/maze_029.map	512	512	117	186	56	155	283.255
70	maps/mazes/maze_029.map	512	512	193	479	133	472	283.284
70	maps/mazes/maze_029.map	512	512	405	449	361	446	283.426
70	maps/mazes/maze_029.map	512	512	233	509	252	489	283.77
70	maps/mazes/maze_029.map	512	512	463	200	374	128	283.77
70	maps/mazes/maze_029.map	512	512	269	0	168	65	283.012
69	maps/mazes/maze_029.map	512	512	453	232	447	244	279.598
69	maps/mazes/maze_029.map	512	512	211	229	300	337	279.77
69	maps/mazes/maze_029.map	512	512	81	181	94	252	279.012
69	maps/mazes/maze_029.map	512	512	480	405	443	404	279.355
69	maps/mazes/maze_029.map	512	512	285	290	234	241	279.255
69	maps/mazes/maze_029.map	512	512	136	64	105	93	279.255
69	maps/mazes/maze_029.map	512	512	388	493	444	465	279.355
69	maps/mazes/maze_029.map	512	512	248	271	185	237	279.77
69	maps/mazes/maze_029.map	512	512	310	393	384	397	279.598
69	maps/mazes/maze_029.map	512	512	321	237	213	239	279.012
68	maps/mazes/maze_029.map	512	512	111	425	177	430	275.184
68	maps/mazes/maze_029.map	512	512	50	101	77	71	275.184
68	maps/mazes/maze_029.map	512	512	228	455	220	343	275.255
68	maps/mazes/maze_029.map	512	512	386	381	333	346	275.698
68	maps/mazes/maze_029.map	512	512	443	433	415	400	275.184
68	maps/mazes/maze_029.map	512	512	33	363	41	269	275.255
68	maps/mazes/maze_029.map	512	512	40	214	81	222	275.669
68	maps/mazes/maze_029.map	512	512	45	281	72	167	275.77
68	maps/mazes/maze_029.map	512	512	426	468	372	432	275.255
67	maps/mazes/maze_029.map	512	512	430	257	381	283	271.184
67	maps/mazes/maze_029.map	512	512	365	97	411	81	271.841
67	maps/mazes/maze_029.map	512	512	319	169	355	201	271.841
67	maps/mazes/maze_029.map	512	512	21	437	133	405	271.355
67	maps/mazes/maze_029.map	512	512	273	254	228	209	271.012
67	maps/mazes/maze_029.map	512	512	304	340	216	262	271.456
67	maps/mazes/maze_029.map	512	512	320	390	374	408	271.355
67	maps/mazes/maze_029.map	512	512	26	189	90	221	271.841
67	maps/mazes/maze_029.map	512	512	373	108	400	73	271.255
66	maps/mazes/maze_029.map	512	512	349	81	293	86	267.527
66	maps/mazes/maze_029.map	512	512	404	279	284	298	267.77
66	maps/mazes/maze_029.map	512	512	136	364	123	296	267.527
66	maps/mazes/maze_029.map	512	512	181	162	96	106	267.184
66	maps/mazes/maze_029.map	512	512	436	213	352	127	267.598
66	maps/mazes/maze_029.map	512	512	220	465	240	402	267.284
66	maps/mazes/maze_029.map	512	512	465	109	464	71	267.284
66	maps/mazes/maze_029.map	512	512	276	421	321	368	267.598
66	maps/mazes/maze_029.map	512	512	149	25	75	9	267.456
65	maps/mazes/maze_029.map	512	512	92	292	124	232	263.255
65	maps/mazes/maze_029.map	512	512	259	12	190	33	263.355
65	maps/mazes/maze_029.map	512	512	427	272	300	285	263.355
65	maps/mazes/maze_029.map	512	512	436	17	439	41	263.527
65	maps/mazes/maze_029.map	512	512	201	97	209	154	263.083
65	maps/mazes/maze_029.map	512	512	497	133	438	161	263.77
65	maps/mazes/maze_029.map	512	512	185	342	140	312	263.426
61	maps/mazes/maze_029.map	512	512	171	188	188	217	244.426
65	maps/mazes/maze_029.map	512	512	188	224	125	191	263.012
65	maps/mazes/maze_029.map	512	512	96	244	53	141	263.012
64	maps/mazes/maze_029.map	512	512	209	109	178	73	259.426
64	maps/mazes/maze_029.map	512	512	176	321	121	303	259.426
64	maps/mazes/maze_029.map	512	512	316	120	268	73	258.698
64	maps/mazes/maze_029.map	512	512	487	277	381	278	259.184
64	maps/mazes/maze_029.map	512	512	2	132	96	78	259.698
64	maps/mazes/maze_029.map	512	512	59	113	84	232	258.77
64	maps/mazes/maze_029.map	512	512	141	257	105	262	259.77
64	maps/mazes/maze_029.map	512	512	394	460	361	441	259.355
64	maps/mazes/maze_029.map	512	512	509	480	493	376	259.941
64	maps/mazes/maze_029.map	512	512	457	172	342	121	259.355
63	maps/mazes/maze_029.map	512	512	193	177	196	86	255.255
63	maps/mazes/maze_029.map	512	512	102	276	101	210	255.669
53	maps/mazes/maze_029.map	512	512	45	15	89	9	214.627
63	maps/mazes/maze_029.map	512	512	157	121	92	108	255.113
63	maps/mazes/maze_029.map	512	512	360	506	322	440	255.012
63	maps/mazes/maze_029.map	512	512	433	116	488	79	254.77
63	maps/mazes/maze_029.map	512	512	459	313	367	340	255.184
63	maps/mazes/maze_029.map	512	512	244	170	189	143	255.698
63	maps/mazes/maze_029.map	512	512	102	361	119	245	255.77
63	maps/mazes/maze_029.map	512	512	208	468	232	422	255.941
63	maps/mazes/maze_029.map	512	512	226	244	202	357	255.77
62	maps/mazes/maze_029.map	512	512	433	406	390	429	251.355
62	maps/mazes/maze_029.map	512	512	234	197	210	225	251.941
62	maps/mazes/maze_029.map	512	512	484	10	426	12	251.941
62	maps/mazes/maze_029.map	512	512	195	325	121	294	251.184
62	maps/mazes/maze_029.map	512	512	300	236	206	228	251.941
62	maps/mazes/maze_029.map	512	512	398	493	456	471	251.355
62	maps/mazes/maze_029.map	512	512	476	1	433	1	251.527
62	maps/mazes/maze_029.map	512	512	32	467	124	449	251.012
62	maps/mazes/maze_029.map	512	512	312	239	210	220	251.184
62	maps/mazes/maze_029.map	512	512	226	492	241	492	251.527
61	maps/mazes/maze_029.map	512	512	126	57	125	108	247.598
61	maps/mazes/maze_029.map	512	512	130	285	99	277	247.426
61	maps/mazes/maze_029.map	512	512	327	220	335	161	247.77
61	maps/mazes/maze_029.map	512	512	306	168	334	216	247.012
61	maps/mazes/maze_029.map	512	512	505	117	441	81	247.698
61	maps/mazes/maze_029.map	512	512	488	248	441	220	247.284
61	maps/mazes/maze_029.map	512	512	83	405	186	432	247.698
61	maps/mazes/maze_029.map	512	512	238	372	204	366	247.698
61	maps/mazes/maze_029.map	512	512	420	104	478	104	247.355
60	maps/mazes/maze_029.map	512	512	497	90	469	181	243.77
60	maps/mazes/maze_029.map	512	512	172	180	114	129	243.527
60	maps/mazes/maze_029.map	512	512	297	344	301	314	243.941
60	maps/mazes/maze_029.map	512	512	160	73	242	21	243.113
60	maps/mazes/maze_029.map	512	512	99	309	106	221	243.77
60	maps/mazes/maze_029.map	512	512	306	252	296	254	243.355
60	maps/mazes/maze_029.map	512	512	156	160	90	113	243.426
60	maps/mazes/maze_029.map	512	512	117	75	157	100	242.598
60	maps/mazes/maze_029.map	512	512	436	28	397	36	243.87
60	maps/mazes/maze_029.map	512	512	121	71	149	96	243.426
59	maps/mazes/maze_029.map	512	512	252	475	225	383	239.042
59	maps/mazes/maze_029.map	512	512	473	100	501	177	239.426
59	maps/mazes/maze_029.map	512	512	397	205	369	145	239.698
59	maps/mazes/maze_029.map	512	512	364	149	335	169	238.841
59	maps/mazes/maze_029.map	512	512	69	413	142	416	239.698
59	maps/mazes/maze_029.map	512	512	228	255	180	211	239.355
59	maps/mazes/maze_029.map	512	512	293	86	352	130	239.426
59	maps/mazes/maze_029.map	512	512	343	68	300	89	239.456
59	maps/mazes/maze_029.map	512	512	408	108	464	95	239.527
59	maps/mazes/maze_029.map	512	512	246	221	221	275	239.527
58	maps/mazes/maze_029.map	512	512	228	457	136	415	235.113
58	maps/mazes/maze_029.map	512	512	13	198	81	218	235.012
58	maps/mazes/maze_029.map	512	512	217	274	151	204	235.941
58	maps/mazes/maze_029.map	512	512	382	41	328	36	235.184
58	maps/mazes/maze_029.map	512	512	310	60	241	8	234.698
58	maps/mazes/maze_029.map	512	512	137	504	73	481	235.284
58	maps/mazes/maze_029.map	512	512	303	305	205	273	235.698
58	maps/mazes/maze_029.map	512	512	360	238	400	192	235.355
58	maps/mazes/maze_029.map	512	512	274	89	322	124	235.042
58	maps/mazes/maze_029.map	512	512	223	69	236	120	234.669
57	maps/mazes/maze_029.map	512	512	196	134	173	101	231.355
57	maps/mazes/maze_029.map	512	512	421	497	398	456	231.941
35	maps/mazes/maze_029.map	512	512	104	251	80	222	140.456
57	maps/mazes/maze_029.map	512	512	125	144	69	164	231.841
57	maps/mazes/maze_029.map	512	512	60	200	108	200	231.012
57	maps/mazes/maze_029.map	512	512	489	268	424	220	231.284
57	maps/mazes/maze_029.map	512	512	213	330	101	323	231.184
57	maps/mazes/maze_029.map	512	512	412	253	395	284	231.941
57	maps/mazes/maze_029.map	512	512	334	232	300	126	231.113
57	maps/mazes/maze_029.map	512	512	240	400	240	308	231.698
57	maps/mazes/maze_029.map	512	512	364	412	341	457	231.698
56	maps/mazes/maze_029.map	512	512	3	320	9	206	227.355
56	maps/mazes/maze_029.map	512	512	130	488	32	492	227.113
56	maps/mazes/maze_029.map	512	512	240	209	222	280	227.527
56	maps/mazes/maze_029.map	512	512	478	437	416	408	227.527
56	maps/mazes/maze_029.map	512	512	89	60	141	75	227.77
56	maps/mazes/maze_029.map	512	512	460	95	444	72	227.627
56	maps/mazes/maze_029.map	512	512	253	285	205	261	227.698
56	maps/mazes/maze_029.map	512	512	114	104	72	165	227.87
56	maps/mazes/maze_029.map	512	512	127	197	208	261	227.184
56	maps/mazes/maze_029.map	512	512	452	285	356	257	227.941
55	maps/mazes/maze_029.map	512	512	205	452	217	323	223.77
55	maps/mazes/maze_029.map	512	512	8	425	62	409	223.698
55	maps/mazes/maze_029.map	512	512	219	201	204	220	223.355
55	maps/mazes/maze_029.map	512	512	198	493	175	468	223.799
55	maps/mazes/maze_029.map	512	512	165	441	202	392	223.113
55	maps/mazes/maze_029.map	512	512	16	485	49	441	223.284
55	maps/mazes/maze_029.map	512	512	121	92	157	100	223.355
55	maps/mazes/maze_029.map	512	512	485	297	398	301	223.627
55	maps/mazes/maze_029.map	512	512	221	17	141	61	223.113
55	maps/mazes/maze_029.map	512	512	207	72	278	120	223.083
54	maps/mazes/maze_029.map	512	512	13	289	11	356	219.284
54	maps/mazes/maze_029.map	512	512	484	125	441	83	219.87
54	maps/mazes/maze_029.map	512	512	1	5	47	64	219.527
54	maps/mazes/maze_029.map	512	512	46	496	98	456	219.698
54	maps/mazes/maze_029.map	512	512	434	24	406	25	219.042
54	maps/mazes/maze_029.map	512	512	176	160	115	125	219.113
54	maps/mazes/maze_029.map	512	512	376	377	312	310	219.627
54	maps/mazes/maze_029.map	512	512	389	161	314	128	218.627
54	maps/mazes/maze_029.map	512	512	210	221	201	290	219.113
54	maps/mazes/maze_029.map	512	512	4	161	45	137	219.284
53	maps/mazes/maze_029.map	512	512	483	28	488	17	215.456
53	maps/mazes/maze_029.map	512	512	105	403	196	430	215.799
53	maps/mazes/maze_029.map	512	512	362	85	336	80	215.627
53	maps/mazes/maze_029.map	512	512	130	425	204	427	215.213
53	maps/mazes/maze_029.map	512	512	134	417	204	353	215.698
53	maps/mazes/maze_029.map	512	512	243	184	211	225	215.284
53	maps/mazes/maze_029.map	512	512	210	156	176	87	215.184
53	maps/mazes/maze_029.map	512	512	329	260	300	249	215.113
53	maps/mazes/maze_029.map	512	512	181	32	125	31	215.527
52	maps/mazes/maze_029.map	512	512	180	366	100	328	211.456
52	maps/mazes/maze_029.map	512	512	6	5	44	64	211.527
52	maps/mazes/maze_029.map	512	512	365	24	300	16	211.527
52	maps/mazes/maze_029.map	512	512	208	90	148	80	211.456
52	maps/mazes/maze_029.map	512	512	448	453	476	508	211.77
47	maps/mazes/maze_029.map	512	512	121	333	113	313	189.456
52	maps/mazes/maze_029.map	512	512	489	465	477	349	211.799
52	maps/mazes/maze_029.map	512	512	285	240	247	220	211.355
52	maps/mazes/maze_029.map	512	512	405	485	416	496	211.113
52	maps/mazes/maze_029.map	512	512	358	37	290	21	211.698
52	maps/mazes/maze_029.map	512	512	90	433	155	432	211.698
51	maps/mazes/maze_029.map	512	512	268	388	261	337	207.113
51	maps/mazes/maze_029.map	512	512	509	140	476	198	207.527
51	maps/mazes/maze_029.map	512	512	229	419	204	392	207.698
51	maps/mazes/maze_029.map	512	512	352	196	264	117	207.042
51	maps/mazes/maze_029.map	512	512	318	136	209	141	207.355
51	maps/mazes/maze_029.map	512	512	4	0	37	55	207.355
51	maps/mazes/maze_029.map	512	512	486	68	489	92	206.941
51	maps/mazes/maze_029.map	512	512	162	16	102	21	207.87
51	maps/mazes/maze_029.map	512	512	81	213	65	129	207.113
51	maps/mazes/maze_029.map	512	512	484	474	500	377	207.87
50	maps/mazes/maze_029.map	512	512	336	64	302	92	203.213
50	maps/mazes/maze_029.map	512	512	241	400	224	309	203.456
50	maps/mazes/maze_029.map	512	512	354	277	311	288	203.941
50	maps/mazes/maze_029.map	512	512	466	121	421	121	203.627
50	maps/mazes/maze_029.map	512	512	57	265	14	209	202.799
50	maps/mazes/maze_029.map	512	512	45	262	56	196	202.698
50	maps/mazes/maze_029.map	512	512	248	152	253	190	203.627
50	maps/mazes/maze_029.map	512	512	503	176	414	161	203.113
50	maps/mazes/maze_029.map	512	512	251	296	200	249	203.799
50	maps/mazes/maze_029.map	512	512	299	1	237	2	203.87
49	maps/mazes/maze_029.map	512	512	90	428	148	422	199.113
49	maps/mazes/maze_029.map	512	512	82	65	116	108	199.87
49	maps/mazes/maze_029.map	512	512	417	27	417	68	199.87
49	maps/mazes/maze_029.map	512	512	325	147	367	180	199.426
49	maps/mazes/maze_029.map	512	512	501	41	461	20	199.627
49	maps/mazes/maze_029.map	512	512	68	278	128	302	199.113
49	maps/mazes/maze_029.map	512	512	205	30	185	49	199.042
49	maps/mazes/maze_029.map	512	512	444	414	407	416	199.042
49	maps/mazes/maze_029.map	512	512	277	32	225	18	199.456
49	maps/mazes/maze_029.map	512	512	152	116	176	54	199.113
48	maps/mazes/maze_029.map	512	512	229	72	263	97	195.77
48	maps/mazes/maze_029.map	512	512	352	441	324	440	195.527
48	maps/mazes/maze_029.map	512	512	81	273	88	277	195.627
48	maps/mazes/maze_029.map	512	512	20	287	14	364	195.87
48	maps/mazes/maze_029.map	512	512	401	483	413	492	195.284
48	maps/mazes/maze_029.map	512	512	33	493	100	457	195.87
48	maps/mazes/maze_029.map	512	512	414	292	317	272	195.87
48	maps/mazes/maze_029.map	512	512	328	386	353	400	195.284
48	maps/mazes/maze_029.map	512	512	84	130	65	125	195.698
27	maps/mazes/maze_029.map	512	512	161	52	184	23	111.799
48	maps/mazes/maze_029.map	512	512	428	135	372	45	195.456
47	maps/mazes/maze_029.map	512	512	121	283	115	193	191.113
47	maps/mazes/maze_029.map	512	512	255	500	260	493	191.213
47	maps/mazes/maze_029.map	512	512	357	477	293	434	191.87
47	maps/mazes/maze_029.map	512	512	480	213	396	166	191.284
47	maps/mazes/maze_029.map	512	512	506	320	402	297	191.385
47	maps/mazes/maze_029.map	512	512	49	464	124	425	191.456
47	maps/mazes/maze_029.map	512	512	413	1	425	39	191.456
47	maps/mazes/maze_029.map	512	512	489	360	431	329	191.042
47	maps/mazes/maze_029.map	512	512	84	285	109	243	191.527
46	maps/mazes/maze_029.map	512	512	64	69	53	143	187.042
46	maps/mazes/maze_029.map	512	512	81	222	143	205	187.527
46	maps/mazes/maze_029.map	512	512	137	316	121	275	187.87
46	maps/mazes/maze_029.map	512	512	17	173	63	168	187.042
46	maps/mazes/maze_029.map	512	512	81	122	57	115	187.042
46	maps/mazes/maze_029.map	512	512	117	110	145	105	187.042
46	maps/mazes/maze_029.map	512	512	37	46	57	109	187.042
46	maps/mazes/maze_029.map	512	512	505	427	469	337	187.556
46	maps/mazes/maze_029.map	512	512	464	70	508	100	187.113
46	maps/mazes/maze_029.map	512	512	432	57	401	25	187.385
45	maps/mazes/maze_029.map	512	512	64	478	117	453	183.941
45	maps/mazes/maze_029.map	512	512	293	63	327	117	183.799
45	maps/mazes/maze_029.map	512	512	124	121	65	118	183.698
45	maps/mazes/maze_029.map	512	512	308	145	276	160	183.385
45	maps/mazes/maze_029.map	512	512	232	357	237	328	183.113
45	maps/mazes/maze_029.map	512	512	240	305	301	331	183.971
45	maps/mazes/maze_029.map	512	512	451	188	397	187	183.042
44	maps/mazes/maze_029.map	512	512	127	280	94	208	179.042
44	maps/mazes/maze_029.map	512	512	481	116	425	124	179.213
44	maps/mazes/maze_029.map	512	512	445	441	429	399	179.799
44	maps/mazes/maze_029.map	512	512	4	169	49	153	179.87
44	maps/mazes/maze_029.map	512	512	437	500	400	456	179.284
44	maps/mazes/maze_029.map	512	512	268	437	242	328	179.527
44	maps/mazes/maze_029.map	512	512	141	253	175	209	179.456
44	maps/mazes/maze_029.map	512	512	450	300	420	315	179.042
44	maps/mazes/maze_029.map	512	512	108	285	124	189	179.113
44	maps/mazes/maze_029.map	512	512	340	181	273	119	179.627
43	maps/mazes/maze_029.map	512	512	390	188	348	158	175.698
43	maps/mazes/maze_029.map	512	512	65	417	133	401	175.213
43	maps/mazes/maze_029.map	512	512	460	276	408	291	175.527
43	maps/mazes/maze_029.map	512	512	18	257	37	196	175.941
43	maps/mazes/maze_029.map	512	512	19	181	64	166	175.456
43	maps/mazes/maze_029.map	512	512	341	89	336	83	175.627
43	maps/mazes/maze_029.map	512	512	275	441	261	361	175.113
43	maps/mazes/maze_029.map	512	512	15	405	33	418	175.87
43	maps/mazes/maze_029.map	512	512	152	449	152	470	175.385
43	maps/mazes/maze_029.map	512	512	169	416	207	348	175.941
42	maps/mazes/maze_029.map	512	512	372	280	299	285	171.456
42	maps/mazes/maze_029.map	512	512	201	345	275	344	171.385
42	maps/mazes/maze_029.map	512	512	180	341	203	312	171.213
42	maps/mazes/maze_029.map	512	512	409	336	352	324	171.627
42	maps/mazes/maze_029.map	512	512	501	404	449	396	171.799
42	maps/mazes/maze_029.map	512	512	197	466	262	456	171.87
42	maps/mazes/maze_029.map	512	512	100	313	114	241	171.213
42	maps/mazes/maze_029.map	512	512	345	419	345	476	171.042
42	maps/mazes/maze_029.map	512	512	350	125	277	120	171.556
41	maps/mazes/maze_029.map	512	512	78	152	83	172	167.527
41	maps/mazes/maze_029.map	512	512	213	101	260	104	167.941
41	maps/mazes/maze_029.map	512	512	189	259	153	286	167.042
41	maps/mazes/maze_029.map	512	512	101	452	132	420	167.87
41	maps/mazes/maze_029.map	512	512	483	405	462	424	167.213
41	maps/mazes/maze_029.map	512	512	77	217	108	200	167.941
41	maps/mazes/maze_029.map	512	512	89	318	107	269	167.627
41	maps/mazes/maze_029.map	512	512	229	143	190	149	167.042
41	maps/mazes/maze_029.map	512	512	481	10	444	18	167.042
41	maps/mazes/maze_029.map	512	512	249	289	235	293	167.456
40	maps/mazes/maze_029.map	512	512	485	90	486	145	163.113
40	maps/mazes/maze_029.map	512	512	141	357	102	328	163.799
40	maps/mazes/maze_029.map	512	512	312	267	292	256	163.042
40	maps/mazes/maze_029.map	512	512	377	420	367	460	163.799
40	maps/mazes/maze_029.map	512	512	189	240	121	188	163.456
40	maps/mazes/maze_029.map	512	512	393	341	360	328	163.799
40	maps/mazes/maze_029.map	512	512	479	344	406	333	163.456
40	maps/mazes/maze_029.map	512	512	404	124	392	65	163.042
40	maps/mazes/maze_029.map	512	512	390	477	408	489	163.213
40	maps/mazes/maze_029.map	512	512	332	247	334	161	163.799
39	maps/mazes/maze_029.map	512	512	430	456	440	391	159.385
39	maps/mazes/maze_029.map	512	512	341	173	268	118	159.213
39	maps/mazes/maze_029.map	512	512	173	453	149	484	159.385
39	maps/mazes/maze_029.map	512	512	268	418	255	337	159.456
39	maps/mazes/maze_029.map	512	512	89	293	121	269	159.698
39	maps/mazes/maze_029.map	512	512	81	303	111	268	159.627
39	maps/mazes/maze_029.map	512	512	452	381	492	422	159.042
39	maps/mazes/maze_029.map	512	512	497	432	446	396	159.385
39	maps/mazes/maze_029.map	512	512	0	310	1	244	159.042
38	maps/mazes/maze_029.map	512	512	15	316	1	348	155.799
38	maps/mazes/maze_029.map	512	512	449	379	500	414	155.456
38	maps/mazes/maze_029.map	512	512	187	433	212	354	155.698
38	maps/mazes/maze_029.map	512	512	400	80	336	25	155.971
38	maps/mazes/maze_029.map	512	512	480	307	403	297	155.385
38	maps/mazes/maze_029.map	512	512	256	113	211	156	154.87
38	maps/mazes/maze_029.map	512	512	501	421	443	396	155.385
38	maps/mazes/maze_029.map	512	512	324	509	234	469	155.213
38	maps/mazes/maze_029.map	512	512	4	325	12	260	155.042
38	maps/mazes/maze_029.map	512	512	508	404	477	480	155.042
37	maps/mazes/maze_029.map	512	512	257	407	269	405	151.213
37	maps/mazes/maze_029.map	512	512	27	432	121	445	151.87
37	maps/mazes/maze_029.map	512	512	180	61	205	99	151.971
37	maps/mazes/maze_029.map	512	512	353	349	325	303	151.799
37	maps/mazes/maze_029.map	512	512	253	442	264	361	151.113
37	maps/mazes/maze_029.map	512	512	156	327	117	304	151.456
37	maps/mazes/maze_029.map	512	512	489	189	413	168	151.042
37	maps/mazes/maze_029.map	512	512	113	395	176	430	151.556
37	maps/mazes/maze_029.map	512	512	351	409	360	438	151.799
36	maps/mazes/maze_029.map	512	512	169	161	121	134	147.385
36	maps/mazes/maze_029.map	512	512	272	13	223	13	147.971
36	maps/mazes/maze_029.map	512	512	252	251	240	251	147.213
36	maps/mazes/maze_029.map	512	512	477	336	485	316	147.556
36	maps/mazes/maze_029.map	512	512	182	12	225	23	147.113
36	maps/mazes/maze_029.map	512	512	336	192	278	120	147.556
36	maps/mazes/maze_029.map	512	512	509	384	467	333	147.142
36	maps/mazes/maze_029.map	512	512	390	93	337	55	147.385
35	maps/mazes/maze_029.map	512	512	77	289	101	317	143.799
35	maps/mazes/maze_029.map	512	512	204	97	192	135	143.698
35	maps/mazes/maze_029.map	512	512	79	141	94	180	143.456
35	maps/mazes/maze_029.map	512	512	216	279	185	248	143.556
35	maps/mazes/maze_029.map	512	512	222	277	215	349	143.728
35	maps/mazes/maze_029.map	512	512	369	153	306	124	143.556
35	maps/mazes/maze_029.map	512	512	469	72	492	93	143.698
35	maps/mazes/maze_029.map	512	512	57	128	115	104	143.799
35	maps/mazes/maze_029.map	512	512	444	260	417	272	143.385
34	maps/mazes/maze_029.map	512	512	482	0	469	36	139.385
34	maps/mazes/maze_029.map	512	512	430	68	432	99	139.042
34	maps/mazes/maze_029.map	512	512	432	252	427	260	139.627
34	maps/mazes/maze_029.map	512	512	188	490	185	508	139.385
34	maps/mazes/maze_029.map	512	512	349	500	361	461	139.971
34	maps/mazes/maze_029.map	512	512	227	24	187	49	139.385
34	maps/mazes/maze_029.map	512	512	357	159	333	180	139.87
34	maps/mazes/maze_029.map	512	512	140	241	161	207	139.627
34	maps/mazes/maze_029.map	512	512	124	444	169	432	139.485
34	maps/mazes/maze_029.map	512	512	235	288	223	269	139.042
33	maps/mazes/maze_029.map	512	512	391	341	345	344	135.971
33	maps/mazes/maze_029.map	512	512	136	172	61	164	135.042
33	maps/mazes/maze_029.map	512	512	193	217	204	275	135.385
33	maps/mazes/maze_029.map	512	512	105	40	147	80	135.799
33	maps/mazes/maze_029.map	512	512	357	481	377	468	135.385
33	maps/mazes/maze_029.map	512	512	219	489	192	478	135.314
33	maps/mazes/maze_029.map	512	512	67	304	49	287	135.142
33	maps/mazes/maze_029.map	512	512	436	311	406	316	135.142
33	maps/mazes/maze_029.map	512	512	338	129	364	176	135.87
33	maps/mazes/maze_029.map	512	512	420	492	448	472	135.799
32	maps/mazes/maze_029.map	512	512	421	144	408	79	131.799
32	maps/mazes/maze_029.map	512	512	261	204	236	221	130.627
32	maps/mazes/maze_029.map	512	512	106	321	122	269	131.799
32	maps/mazes/maze_029.map	512	512	188	52	217	107	131.213
32	maps/mazes/maze_029.map	512	512	13	320	7	356	131.556
32	maps/mazes/maze_029.map	512	512	356	467	324	440	131.042
32	maps/mazes/maze_029.map	512	512	21	397	13	442	131.385
32	maps/mazes/maze_029.map	512	512	94	137	74	116	131.971
32	maps/mazes/maze_029.map	512	512	472	374	427	356	131.971
32	maps/mazes/maze_029.map	512	512	424	450	440	438	130.728
31	maps/mazes/maze_029.map	512	512	390	480	389	500	127.142
31	maps/mazes/maze_029.map	512	512	437	318	392	334	127.627
31	maps/mazes/maze_029.map	512	512	317	477	353	492	127.87
31	maps/mazes/maze_029.map	512	512	85	320	118	288	127.627
31	maps/mazes/maze_029.map	512	512	16	412	21	447	127.799
31	maps/mazes/maze_029.map	512	512	202	217	237	253	127.971
31	maps/mazes/maze_029.map	512	512	306	308	314	340	127.799
31	maps/mazes/maze_029.map	512	512	26	352	5	339	127.314
31	maps/mazes/maze_029.map	512	512	129	358	97	343	127.971
31	maps/mazes/maze_029.map	512	512	349	373	325	402	127.385
30	maps/mazes/maze_029.map	512	512	393	234	409	231	123.971
30	maps/mazes/maze_029.map	512	512	164	319	157	323	123.385
30	maps/mazes/maze_029.map	512	512	88	460	67	448	123.142
30	maps/mazes/maze_029.map	512	512	207	225	221	276	123.627
30	maps/mazes/maze_029.map	512	512	409	124	389	61	123.385
30	maps/mazes/maze_029.map	512	512	384	158	352	141	123.142
30	maps/mazes/maze_029.map	512	512	215	84	245	101	123.627
30	maps/mazes/maze_029.map	512	512	433	368	475	404	123.213
30	maps/mazes/maze_029.map	512	512	356	87	328	70	123.971
30	maps/mazes/maze_029.map	512	512	54	149	90	113	123.556
29	maps/mazes/maze_029.map	512	512	199	480	208	508	119.385
29	maps/mazes/maze_029.map	512	512	481	33	484	6	119.314
29	maps/mazes/maze_029.map	512	512	73	280	94	280	119.142
29	maps/mazes/maze_029.map	512	512	137	397	104	385	119.728
29	maps/mazes/maze_029.map	512	512	417	280	368	258	119.971
29	maps/mazes/maze_029.map	512	512	176	296	124	270	119.556
29	maps/mazes/maze_029.map	512	512	130	80	135	64	119.142
29	maps/mazes/maze_029.map	512	512	116	126	119	101	119.556
16	maps/mazes/maze_029.map	512	512	308	50	335	28	67.7279
0	maps/mazes/maze_029.map	512	512	61	353	60	353	1
29	maps/mazes/maze_029.map	512	512	133	8	107	24	119.556
29	maps/mazes/maze_029.map	512	512	164	272	186	228	119.213
28	maps/mazes/maze_029.map	512	512	9	481	45	467	115.799
28	maps/mazes/maze_029.map	512	512	499	144	504	176	115.971
28	maps/mazes/maze_029.map	512	512	257	308	275	316	115.799
28	maps/mazes/maze_029.map	512	512	493	45	497	1	115.314
28	maps/mazes/maze_029.map	512	512	159	152	137	153	115.485
28	maps/mazes/maze_029.map	512	512	178	44	145	11	115.799
28	maps/mazes/maze_029.map	512	512	301	469	329	480	115.042
28	maps/mazes/maze_029.map	512	512	129	49	163	97	115.799
28	maps/mazes/maze_029.map	512	512	124	192	127	240	115.627
28	maps/mazes/maze_029.map	512	512	149	245	153	286	115.971
27	maps/mazes/maze_029.map	512	512	9	452	45	410	111.556
27	maps/mazes/maze_029.map	512	512	410	301	412	315	111.899
27	maps/mazes/maze_029.map	512	512	416	215	388	164	111.142
27	maps/mazes/maze_029.map	512	512	424	168	440	146	111.556
27	maps/mazes/maze_029.map	512	512	92	146	97	198	111.042
27	maps/mazes/maze_029.map	512	512	383	317	355	288	111.728
27	maps/mazes/maze_029.map	512	512	311	60	303	13	111.142
27	maps/mazes/maze_029.map	512	512	340	175	300	125	111.556
27	maps/mazes/maze_029.map	512	512	337	248	341	201	111.728
26	maps/mazes/maze_029.map	512	512	208	136	181	181	107.556
26	maps/mazes/maze_029.map	512	512	201	305	189	318	107.142
26	maps/mazes/maze_029.map	512	512	244	323	268	294	107.385
26	maps/mazes/maze_029.map	512	512	368	112	395	125	107.799
26	maps/mazes/maze_029.map	512	512	103	505	49	505	107.899
26	maps/mazes/maze_029.map	512	512	487	208	424	205	107.556
26	maps/mazes/maze_029.map	512	512	368	67	364	31	107.314
26	maps/mazes/maze_029.map	512	512	308	101	290	113	107.556
26	maps/mazes/maze_029.map	512	512	240	141	205	169	107.728
25	maps/mazes/maze_029.map	512	512	217	4	246	24	103.627
25	maps/mazes/maze_029.map	512	512	481	31	497	1	103.314
25	maps/mazes/maze_029.map	512	512	392	241	400	220	103.728
25	maps/mazes/maze_029.map	512	512	289	269	272	235	103.971
25	maps/mazes/maze_029.map	512	512	147	304	96	278	103.627
25	maps/mazes/maze_029.map	512	512	468	161	476	143	102.728
25	maps/mazes/maze_029.map	512	512	316	157	305	200	103.556
25	maps/mazes/maze_029.map	512	512	164	444	148	422	103.899
25	maps/mazes/maze_029.map	512	512	228	481	198	508	103.728
25	maps/mazes/maze_029.map	512	512	412	217	392	162	103.142
24	maps/mazes/maze_029.map	512	512	109	119	120	100	99.8995
24	maps/mazes/maze_029.map	512	512	293	389	309	387	99.799
24	maps/mazes/maze_029.map	512	512	171	453	168	474	99.8995
24	maps/mazes/maze_029.map	512	512	35	480	41	451	99.1421
24	maps/mazes/maze_029.map	512	512	260	317	266	328	99.9706
24	maps/mazes/maze_029.map	512	512	0	364	4	352	99.8995
24	maps/mazes/maze_029.map	512	512	376	422	340	432	99.3137
24	maps/mazes/maze_029.map	512	512	165	476	140	443	99.5563
24	maps/mazes/maze_029.map	512	512	28	236	45	193	99.799
24	maps/mazes/maze_029.map	512	512	60	458	47	441	99.0711
23	maps/mazes/maze_029.map	512	512	362	169	356	150	95.3848
23	maps/mazes/maze_029.map	512	512	444	70	452	85	95.7279
23	maps/mazes/maze_029.map	512	512	96	410	78	432	95.8995
23	maps/mazes/maze_029.map	512	512	281	282	282	236	95.9706
23	maps/mazes/maze_029.map	512	512	129	261	101	214	95.9706
23	maps/mazes/maze_029.map	512	512	280	465	245	472	94.9706
23	maps/mazes/maze_029.map	512	512	104	204	117	243	95.799
23	maps/mazes/maze_029.map	512	512	37	200	84	172	95.7279
23	maps/mazes/maze_029.map	512	512	174	292	146	304	95.8995
23	maps/mazes/maze_029.map	512	512	68	192	57	200	95.7279
22	maps/mazes/maze_029.map	512	512	36	280	33	256	91.4853
22	maps/mazes/maze_029.map	512	512	272	422	269	364	91.3848
22	maps/mazes/maze_029.map	512	512	123	441	166	432	91.0711
22	maps/mazes/maze_029.map	512	512	57	346	29	289	91.3848
22	maps/mazes/maze_029.map	512	512	78	112	101	103	91.8995
22	maps/mazes/maze_029.map	512	512	12	196	57	184	91.1421
22	maps/mazes/maze_029.map	512	512	142	405	181	419	91.3848
22	maps/mazes/maze_029.map	512	512	49	101	15	105	91.5563
22	maps/mazes/maze_029.map	512	512	348	272	318	273	91.7279
22	maps/mazes/maze_029.map	512	512	505	175	469	191	91.5563
21	maps/mazes/maze_029.map	512	512	166	376	165	365	87.3137
21	maps/mazes/maze_029.map	512	512	144	405	180	417	86.9706
21	maps/mazes/maze_029.map	512	512	160	476	140	445	87.7279
21	maps/mazes/maze_029.map	512	512	271	216	236	230	87.3848
21	maps/mazes/maze_029.map	512	512	312	263	370	260	87.1421
21	maps/mazes/maze_029.map	512	512	391	356	393	393	87.3848
21	maps/mazes/maze_029.map	512	512	437	453	454	428	87.8995
21	maps/mazes/maze_029.map	512	512	349	224	386	233	87.799
21	maps/mazes/maze_029.map	512	512	69	145	85	122	87.1421
21	maps/mazes/maze_029.map	512	512	35	40	21	47	87.1421
20	maps/mazes/maze_029.map	512	512	468	355	488	381	83.3137
20	maps/mazes/maze_029.map	512	512	288	29	269	39	83.1421
20	maps/mazes/maze_029.map	512	512	344	504	378	464	83.3137
20	maps/mazes/maze_029.map	512	512	147	44	172	33	83.3137
20	maps/mazes/maze_029.map	512	512	284	5	260	17	83.3137
20	maps/mazes/maze_029.map	512	512	290	289	292	264	83.7279
20	maps/mazes/maze_029.map	512	512	25	352	4	349	83.0711
20	maps/mazes/maze_029.map	512	512	8	453	38	420	83.7279
20	maps/mazes/maze_029.map	512	512	389	279	381	266	83.4853
20	maps/mazes/maze_029.map	512	512	77	62	72	93	83.3137
19	maps/mazes/maze_029.map	512	512	280	56	296	38	79.8995
19	maps/mazes/maze_029.map	512	512	429	64	406	25	79.0711
19	maps/mazes/maze_029.map	512	512	329	177	316	215	79.7279
19	maps/mazes/maze_029.map	512	512	47	385	61	368	79.7279
19	maps/mazes/maze_029.map	512	512	420	351	391	360	79.6569
19	maps/mazes/maze_029.map	512	512	237	71	220	79	79.7279
19	maps/mazes/maze_029.map	512	512	233	150	280	175	79.8995
19	maps/mazes/maze_029.map	512	512	308	446	278	424	79.6569
19	maps/mazes/maze_029.map	512	512	257	235	252	228	79.8995
19	maps/mazes/maze_029.map	512	512	328	411	322	369	79.3137
18	maps/mazes/maze_029.map	512	512	37	201	69	173	75.8995
18	maps/mazes/maze_029.map	512	512	404	113	425	104	75.3137
18	maps/mazes/maze_029.map	512	512	24	376	34	368	75.3137
18	maps/mazes/maze_029.map	512	512	11	360	16	343	75.6569
18	maps/mazes/maze_029.map	512	512	59	216	84	237	75.8995
18	maps/mazes/maze_029.map	512	512	492	176	469	189	75.3137
18	maps/mazes/maze_029.map	512	512	298	332	296	337	75.4853
18	maps/mazes/maze_029.map	512	512	136	273	128	245	75.8995
18	maps/mazes/maze_029.map	512	512	308	21	300	25	75.8995
18	maps/mazes/maze_029.map	512	512	337	324	312	318	75.7279
17	maps/mazes/maze_029.map	512	512	441	61	420	43	71.2426
17	maps/mazes/maze_029.map	512	512	20	60	65	65	71.3137
17	maps/mazes/maze_029.map	512	512	206	500	177	486	71.8284
17	maps/mazes/maze_029.map	512	512	16	360	16	342	71.6569
17	maps/mazes/maze_029.map	512	512	252	488	249	477	71.8995
17	maps/mazes/maze_029.map	512	512	45	468	60	445	71.6569
17	maps/mazes/maze_029.map	512	512	217	451	198	424	71.8995
17	maps/mazes/maze_029.map	512	512	84	221	99	196	71.8995
17	maps/mazes/maze_029.map	512	512	268	128	302	144	71.3137
17	maps/mazes/maze_029.map	512	512	1	461	41	444	71.9706
16	maps/mazes/maze_029.map	512	512	281	493	247	489	67.0711
16	maps/mazes/maze_029.map	512	512	384	106	392	137	67.1421
16	maps/mazes/maze_029.map	512	512	53	370	84	327	67.5563
16	maps/mazes/maze_029.map	512	512	77	316	72	332	67.1421
16	maps/mazes/maze_029.map	512	512	273	17	272	12	67.8995
16	maps/mazes/maze_029.map	512	512	29	257	17	232	67.4853
16	maps/mazes/maze_029.map	512	512	240	15	243	21	67.9706
16	maps/mazes/maze_029.map	512	512	324	296	300	318	67.8995
16	maps/mazes/maze_029.map	512	512	359	313	379	288	67.4853
15	maps/mazes/maze_029.map	512	512	208	229	237	248	63.8995
15	maps/mazes/maze_029.map	512	512	273	405	278	368	63.8995
15	maps/mazes/maze_029.map	512	512	277	470	244	477	63.3137
15	maps/mazes/maze_029.map	512	512	398	257	396	275	63.6569
15	maps/mazes/maze_029.map	512	512	413	150	368	127	63.8995
15	maps/mazes/maze_029.map	512	512	126	252	116	230	63.8995
15	maps/mazes/maze_029.map	512	512	172	221	145	239	63.4853
15	maps/mazes/maze_029.map	512	512	458	228	480	221	63.4853
15	maps/mazes/maze_029.map	512	512	32	39	17	37	63.7279
15	maps/mazes/maze_029.map	512	512	10	200	40	196	63.3137
14	maps/mazes/maze_029.map	512	512	144	483	103	473	59.4853
14	maps/mazes/maze_029.map	512	512	342	485	349	490	59.5563
14	maps/mazes/maze_029.map	512	512	381	300	384	295	59.0711
14	maps/mazes/maze_029.map	512	512	214	36	231	20	59.8284
14	maps/mazes/maze_029.map	512	512	64	508	29	492	59.4853
14	maps/mazes/maze_029.map	512	512	140	232	136	195	59.4853
14	maps/mazes/maze_029.map	512	512	45	132	21	113	59.2426
14	maps/mazes/maze_029.map	512	512	225	413	213	437	59.6569
14	maps/mazes/maze_029.map	512	512	203	473	220	461	59.1421
13	maps/mazes/maze_029.map	512	512	140	273	157	278	55.3137
13	maps/mazes/maze_029.map	512	512	233	37	226	13	55.2426
13	maps/mazes/maze_029.map	512	512	49	216	31	212	55.3137
13	maps/mazes/maze_029.map	512	512	275	249	270	260	55.8995
13	maps/mazes/maze_029.map	512	512	97	78	69	94	55.6569
13	maps/mazes/maze_029.map	512	512	500	22	484	5	55.2426
13	maps/mazes/maze_029.map	512	512	236	134	259	113	55.0711
13	maps/mazes/maze_029.map	512	512	45	498	39	485	55.4853
13	maps/mazes/maze_029.map	512	512	208	225	225	248	55.8995
13	maps/mazes/maze_029.map	512	512	64	101	62	136	55.4853
12	maps/mazes/maze_029.map	512	512	128	375	99	356	51.0711
12	maps/mazes/maze_029.map	512	512	64	103	84	109	51.6569
12	maps/mazes/maze_029.map	512	512	495	324	500	315	51.8995
12	maps/mazes/maze_029.map	512	512	93	224	81	227	51.2426
12	maps/mazes/maze_029.map	512	512	149	328	129	332	51.0711
12	maps/mazes/maze_029.map	512	512	253	389	265	393	51.6569
12	maps/mazes/maze_029.map	512	512	505	300	489	316	51.6569
12	maps/mazes/maze_029.map	512	512	285	105	265	111	51.3137
12	maps/mazes/maze_029.map	512	512	286	177	313	192	51.0711
12	maps/mazes/maze_029.map	512	512	234	452	214	437	51.4853
11	maps/mazes/maze_029.map	512	512	49	136	61	168	47.6569
11	maps/mazes/maze_029.map	512	512	144	25	125	32	47.4142
11	maps/mazes/maze_029.map	512	512	295	472	308	485	47.8995
11	maps/mazes/maze_029.map	512	512	435	381	417	357	47.4142
11	maps/mazes/maze_029.map	512	512	384	301	364	288	47.2426
11	maps/mazes/maze_029.map	512	512	216	450	207	433	46.8284
11	maps/mazes/maze_029.map	512	512	156	71	181	66	47.8995
11	maps/mazes/maze_029.map	512	512	9	264	7	228	47.0711
11	maps/mazes/maze_029.map	512	512	425	279	405	285	47.0711
11	maps/mazes/maze_029.map	512	512	315	113	305	117	47.4142
10	maps/mazes/maze_029.map	512	512	81	164	53	167	43.8284
10	maps/mazes/maze_029.map	512	512	173	188	144	200	43.4853
10	maps/mazes/maze_029.map	512	512	437	421	445	423	43.6569
10	maps/mazes/maze_029.map	512	512	312	472	289	458	43.4853
10	maps/mazes/maze_029.map	512	512	340	140	350	160	43.8995
10	maps/mazes/maze_029.map	512	512	420	347	405	345	43.8284
10	maps/mazes/maze_029.map	512	512	133	378	111	372	43.0711
10	maps/mazes/maze_029.map	512	512	253	37	225	48	43.8284
10	maps/mazes/maze_029.map	512	512	152	388	157	406	43.4853
10	maps/mazes/maze_029.map	512	512	237	16	241	8	43.3137
9	maps/mazes/maze_029.map	512	512	501	393	473	384	39.4853
9	maps/mazes/maze_029.map	512	512	129	346	107	345	39.4853
9	maps/mazes/maze_029.map	512	512	227	0	205	6	39.0711
9	maps/mazes/maze_029.map	512	512	494	352	488	368	39.6569
9	maps/mazes/maze_029.map	512	512	362	76	351	89	39.6569
9	maps/mazes/maze_029.map	512	512	226	377	240	367	39.6569
9	maps/mazes/maze_029.map	512	512	299	461	304	469	39.4853
9	maps/mazes/maze_029.map	512	512	220	196	244	184	39.6569
9	maps/mazes/maze_029.map	512	512	498	349	478	345	39.4142
9	maps/mazes/maze_029.map	512	512	10	464	33	451	39.8995
8	maps/mazes/maze_029.map	512	512	232	60	205	70	35.2426
8	maps/mazes/maze_029.map	512	512	412	257	436	265	35.6569
8	maps/mazes/maze_029.map	512	512	432	162	413	165	35.0711
8	maps/mazes/maze_029.map	512	512	504	268	505	243	35.0711
8	maps/mazes/maze_029.map	512	512	241	207	218	216	35.0711
8	maps/mazes/maze_029.map	512	512	219	220	215	217	35
8	maps/mazes/maze_029.map	512	512	128	243	117	231	35.2426
8	maps/mazes/maze_029.map	512	512	193	46	180	65	35.0711
8	maps/mazes/maze_029.map	512	512	204	156	196	157	35.2426
8	maps/mazes/maze_029.map	512	512	90	13	108	22	35.2426
7	maps/mazes/maze_029.map	512	512	213	357	217	340	31.8284
7	maps/mazes/maze_029.map	512	512	153	476	164	478	31.2426
7	maps/mazes/maze_029.map	512	512	100	448	115	436	31.8284
7	maps/mazes/maze_029.map	512	512	41	171	14	165	31.2426
7	maps/mazes/maze_029.map	512	512	70	320	48	318	31.6569
7	maps/mazes/maze_029.map	512	512	370	268	354	256	31.6569
7	maps/mazes/maze_029.map	512	512	329	424	340	402	31.8284
7	maps/mazes/maze_029.map	512	512	244	309	248	318	31.2426
7	maps/mazes/maze_029.map	512	512	365	313	384	300	31.4142
7	maps/mazes/maze_029.map	512	512	112	117	121	135	31.2426
6	maps/mazes/maze_029.map	512	512	468	354	481	364	27.2426
6	maps/mazes/maze_029.map	512	512	432	101	441	87	27.2426
6	maps/mazes/maze_029.map	512	512	321	395	311	380	27.2426
6	maps/mazes/maze_029.map	512	512	203	332	208	319	27.4142
6	maps/mazes/maze_029.map	512	512	35	40	25	34	26.8284
6	maps/mazes/maze_029.map	512	512	25	275	13	287	27.6569
6	maps/mazes/maze_029.map	512	512	509	227	504	203	27.2426
6	maps/mazes/maze_029.map	512	512	200	196	178	204	27.6569
6	maps/mazes/maze_029.map	512	512	405	401	419	400	27.4853
6	maps/mazes/maze_029.map	512	512	456	452	447	464	27.2426
5	maps/mazes/maze_029.map	512	512	417	492	420	494	23.8284
5	maps/mazes/maze_029.map	512	512	456	80	466	97	23.4853
5	maps/mazes/maze_029.map	512	512	476	227	457	227	23
5	maps/mazes/maze_029.map	512	512	71	484	68	471	23.6569
5	maps/mazes/maze_029.map	512	512	351	460	363	472	23.0711
5	maps/mazes/maze_029.map	512	512	345	41	359	53	23.0711
5	maps/mazes/maze_029.map	512	512	197	429	197	418	23.8284
5	maps/mazes/maze_029.map	512	512	430	392	439	400	23.2426
5	maps/mazes/maze_029.map	512	512	236	296	238	305	23.8284
5	maps/mazes/maze_029.map	512	512	324	355	337	364	23.6569
4	maps/mazes/maze_029.map	512	512	144	49	148	60	19.8284
4	maps/mazes/maze_029.map	512	512	188	224	193	209	19.4142
4	maps/mazes/maze_029.map	512	512	340	360	333	347	19.4142
4	maps/mazes/maze_029.map	512	512	196	443	200	460	19.8284
4	maps/mazes/maze_029.map	512	512	452	277	458	288	18.6569
4	maps/mazes/maze_029.map	512	512	62	464	53	454	19
4	maps/mazes/maze_029.map	512	512	312	84	296	83	19.8284
4	maps/mazes/maze_029.map	512	512	372	155	373	144	19.4142
4	maps/mazes/maze_029.map	512	512	371	425	376	416	19.4142
4	maps/mazes/maze_029.map	512	512	303	344	305	357	19.8284
3	maps/mazes/maze_029.map	512	512	201	219	215	221	15.4142
3	maps/mazes/maze_029.map	512	512	89	169	96	172	15.4142
3	maps/mazes/maze_029.map	512	512	189	21	194	29	15.2426
3	maps/mazes/maze_029.map	512	512	461	452	456	464	15.2426
3	maps/mazes/maze_029.map	512	512	357	265	358	273	15.2426
3	maps/mazes/maze_029.map	512	512	302	144	287	144	15
3	maps/mazes/maze_029.map	512	512	204	417	212	415	15.4142
3	maps/mazes/maze_029.map	512	512	337	83	322	84	15.4142
3	maps/mazes/maze_029.map	512	512	37	280	42	292	15.8284
3	maps/mazes/maze_029.map	512	512	140	8	150	16	15.6569
2	maps/mazes/maze_029.map	512	512	185	401	177	398	11.8284
2	maps/mazes/maze_029.map	512	512	157	308	153	299	11.8284
2	maps/mazes/maze_029.map	512	512	49	507	47	496	11.8284
2	maps/mazes/maze_029.map	512	512	425	288	424	282	11.8284
2	maps/mazes/maze_029.map	512	512	147	81	153	80	11.2426
2	maps/mazes/maze_029.map	512	512	360	286	352	288	11.4142
2	maps/mazes/maze_029.map	512	512	405	509	397	505	11.4142
2	maps/mazes/maze_029.map	512	512	375	440	366	437	11.4142
2	maps/mazes/maze_029.map	512	512	54	509	49	502	11.4142
1	maps/mazes/maze_029.map	512	512	503	340	508	343	7.41421
1	maps/mazes/maze_029.map	512	512	367	168	361	167	7
1	maps/mazes/maze_029.map	512	512	317	69	310	69	7
1	maps/mazes/maze_029.map	512	512	13	345	16	340	7.41421
1	maps/mazes/maze_029.map	512	512	420	343	419	337	7
1	maps/mazes/maze_029.map	512	512	313	170	309	175	7.82843
1	maps/mazes/maze_029.map	512	512	256	161	263	161	7
1	maps/mazes/maze_029.map	512	512	245	313	245	320	7
1	maps/mazes/maze_029.map	512	512	129	37	125	32	7.82843
0	maps/mazes/maze_029.map	512	512	186	424	185	422	3
0	maps/mazes/maze_029.map	512	512	505	220	505	223	3
0	maps/mazes/maze_029.map	512	512	450	449	453	447	3.82843
0	maps/mazes/maze_029.map	512	512	107	297	105	298	3
0	maps/mazes/maze_029.map	512	512	265	455	262	456	3.41421
0	maps/mazes/maze_029.map	512	512	280	472	277	472	3
0	maps/mazes/maze_029.map	512	512	427	97	428	94	3.41421
0	maps/mazes/maze_029.map	512	512	21	207	21	210	3
0	maps/mazes/maze_029.map	512	512	342	277	340	274	3.82843
