version 1
127	maps/mazes/maze_087.map	512	512	263	392	149	240	511.64
127	maps/mazes/maze_087.map	512	512	25	260	102	248	511.468
127	maps/mazes/maze_087.map	512	512	269	127	210	4	511.64
127	maps/mazes/maze_087.map	512	512	509	337	444	412	511.296
127	maps/mazes/maze_087.map	512	512	287	233	199	161	511.782
127	maps/mazes/maze_087.map	512	512	113	37	5	85	511.983
127	maps/mazes/maze_087.map	512	512	116	193	184	137	511.539
127	maps/mazes/maze_087.map	512	512	194	217	107	120	511.054
127	maps/mazes/maze_087.map	512	512	432	2	334	41	511.225
127	maps/mazes/maze_087.map	512	512	169	418	141	475	511.61
126	maps/mazes/maze_087.map	512	512	229	41	85	141	507.64
126	maps/mazes/maze_087.map	512	512	502	244	344	194	507.054
126	maps/mazes/maze_087.map	512	512	454	177	396	205	507.296
126	maps/mazes/maze_087.map	512	512	200	175	304	204	507.711
126	maps/mazes/maze_087.map	512	512	217	152	172	61	507.296
126	maps/mazes/maze_087.map	512	512	422	81	334	33	507.882
126	maps/mazes/maze_087.map	512	512	112	466	159	400	507.125
126	maps/mazes/maze_087.map	512	512	476	48	385	16	507.61
126	maps/mazes/maze_087.map	512	512	454	465	472	456	507.468
126	maps/mazes/maze_087.map	512	512	205	245	112	104	507.64
125	maps/mazes/maze_087.map	512	512	77	474	170	297	503.296
125	maps/mazes/maze_087.map	512	512	128	406	160	213	503.953
125	maps/mazes/maze_087.map	512	512	428	269	421	328	503.296
125	maps/mazes/maze_087.map	512	512	393	499	508	399	503.953
125	maps/mazes/maze_087.map	512	512	357	57	392	29	503.711
125	maps/mazes/maze_087.map	512	512	509	169	466	224	503.296
125	maps/mazes/maze_087.map	512	512	194	57	193	153	503.711
125	maps/mazes/maze_087.map	512	512	412	43	412	34	503.468
125	maps/mazes/maze_087.map	512	512	412	461	448	494	503.125
125	maps/mazes/maze_087.map	512	512	49	245	82	260	503.64
124	maps/mazes/maze_087.map	512	512	105	93	165	11	499.74
124	maps/mazes/maze_087.map	512	512	213	137	404	225	499.711
124	maps/mazes/maze_087.map	512	512	369	160	382	212	499.711
124	maps/mazes/maze_087.map	512	512	465	132	483	204	499.296
124	maps/mazes/maze_087.map	512	512	499	64	474	13	499.397
124	maps/mazes/maze_087.map	512	512	354	305	210	396	498.882
124	maps/mazes/maze_087.map	512	512	395	152	456	170	499.368
124	maps/mazes/maze_087.map	512	512	40	186	157	109	499.782
72	maps/mazes/maze_087.map	512	512	173	316	157	424	290.426
111	maps/mazes/maze_087.map	512	512	184	187	61	175	444.64
124	maps/mazes/maze_087.map	512	512	240	71	91	153	499.125
124	maps/mazes/maze_087.map	512	512	4	477	135	412	499.64
119	maps/mazes/maze_087.map	512	512	272	264	309	129	477.64
123	maps/mazes/maze_087.map	512	512	171	368	170	220	495.953
123	maps/mazes/maze_087.map	512	512	395	229	392	266	495.196
123	maps/mazes/maze_087.map	512	512	184	320	140	194	495.882
123	maps/mazes/maze_087.map	512	512	138	432	161	402	495.024
123	maps/mazes/maze_087.map	512	512	1	374	109	258	495.296
123	maps/mazes/maze_087.map	512	512	500	135	384	1	495.74
123	maps/mazes/maze_087.map	512	512	465	197	385	213	495.296
123	maps/mazes/maze_087.map	512	512	489	376	430	420	495.368
123	maps/mazes/maze_087.map	512	512	225	231	85	147	495.64
123	maps/mazes/maze_087.map	512	512	245	196	268	190	495.61
122	maps/mazes/maze_087.map	512	512	4	444	58	329	491.711
121	maps/mazes/maze_087.map	512	512	241	82	140	1	485.64
122	maps/mazes/maze_087.map	512	512	136	377	158	208	491.711
122	maps/mazes/maze_087.map	512	512	445	479	464	433	491.125
122	maps/mazes/maze_087.map	512	512	336	285	419	228	491.64
122	maps/mazes/maze_087.map	512	512	308	353	167	297	491.125
122	maps/mazes/maze_087.map	512	512	153	449	165	316	491.368
122	maps/mazes/maze_087.map	512	512	404	245	298	204	491.468
122	maps/mazes/maze_087.map	512	512	120	398	172	220	491.782
122	maps/mazes/maze_087.map	512	512	420	205	283	220	491.054
122	maps/mazes/maze_087.map	512	512	180	249	109	116	491.782
121	maps/mazes/maze_087.map	512	512	58	260	90	153	487.853
121	maps/mazes/maze_087.map	512	512	130	33	131	181	487.711
121	maps/mazes/maze_087.map	512	512	46	444	30	329	487.468
121	maps/mazes/maze_087.map	512	512	69	145	220	217	487.468
121	maps/mazes/maze_087.map	512	512	155	173	332	193	487.368
121	maps/mazes/maze_087.map	512	512	149	131	153	37	487.054
121	maps/mazes/maze_087.map	512	512	418	197	226	161	487.64
100	maps/mazes/maze_087.map	512	512	133	413	69	509	400.326
121	maps/mazes/maze_087.map	512	512	253	341	259	248	487.368
121	maps/mazes/maze_087.map	512	512	329	400	162	297	487.882
120	maps/mazes/maze_087.map	512	512	329	332	176	322	483.953
120	maps/mazes/maze_087.map	512	512	341	258	281	220	483.154
120	maps/mazes/maze_087.map	512	512	435	85	345	21	483.64
120	maps/mazes/maze_087.map	512	512	141	236	84	134	483.61
120	maps/mazes/maze_087.map	512	512	292	409	176	287	483.296
120	maps/mazes/maze_087.map	512	512	224	125	121	174	483.64
120	maps/mazes/maze_087.map	512	512	340	424	204	400	483.539
120	maps/mazes/maze_087.map	512	512	87	285	93	134	483.51
120	maps/mazes/maze_087.map	512	512	220	426	96	412	483.296
120	maps/mazes/maze_087.map	512	512	45	487	168	404	483.054
119	maps/mazes/maze_087.map	512	512	230	509	301	419	479.468
119	maps/mazes/maze_087.map	512	512	1	348	88	243	479.983
119	maps/mazes/maze_087.map	512	512	234	105	84	136	478.983
119	maps/mazes/maze_087.map	512	512	0	365	105	253	479.468
17	maps/mazes/maze_087.map	512	512	381	439	374	448	71.8995
119	maps/mazes/maze_087.map	512	512	456	121	476	202	479.811
119	maps/mazes/maze_087.map	512	512	417	81	488	194	479.64
119	maps/mazes/maze_087.map	512	512	165	329	333	389	479.539
119	maps/mazes/maze_087.map	512	512	259	17	368	116	479.539
119	maps/mazes/maze_087.map	512	512	398	464	499	456	479.711
118	maps/mazes/maze_087.map	512	512	266	29	93	135	474.74
118	maps/mazes/maze_087.map	512	512	308	76	179	41	475.64
118	maps/mazes/maze_087.map	512	512	325	240	393	223	475.569
118	maps/mazes/maze_087.map	512	512	145	301	175	317	475.539
118	maps/mazes/maze_087.map	512	512	480	282	413	209	475.154
118	maps/mazes/maze_087.map	512	512	428	245	285	214	475.397
118	maps/mazes/maze_087.map	512	512	242	385	149	246	475.64
118	maps/mazes/maze_087.map	512	512	315	480	322	408	475.61
118	maps/mazes/maze_087.map	512	512	253	333	253	245	475.782
118	maps/mazes/maze_087.map	512	512	293	429	450	440	475.539
117	maps/mazes/maze_087.map	512	512	344	77	413	113	471.912
93	maps/mazes/maze_087.map	512	512	157	12	78	41	374.77
117	maps/mazes/maze_087.map	512	512	334	424	164	367	471.125
117	maps/mazes/maze_087.map	512	512	263	332	241	257	471.368
117	maps/mazes/maze_087.map	512	512	237	397	168	461	470.64
117	maps/mazes/maze_087.map	512	512	1	361	105	249	471.64
90	maps/mazes/maze_087.map	512	512	361	365	352	428	363.497
117	maps/mazes/maze_087.map	512	512	477	372	508	238	471.326
117	maps/mazes/maze_087.map	512	512	298	289	216	164	471.711
117	maps/mazes/maze_087.map	512	512	414	252	294	216	471.983
117	maps/mazes/maze_087.map	512	512	264	441	169	337	471.125
117	maps/mazes/maze_087.map	512	512	497	344	441	400	471.64
116	maps/mazes/maze_087.map	512	512	168	72	129	213	467.64
116	maps/mazes/maze_087.map	512	512	290	297	299	212	467.154
116	maps/mazes/maze_087.map	512	512	269	137	129	43	466.811
116	maps/mazes/maze_087.map	512	512	282	157	164	41	467.397
116	maps/mazes/maze_087.map	512	512	489	258	430	169	467.983
116	maps/mazes/maze_087.map	512	512	429	379	271	372	467.61
116	maps/mazes/maze_087.map	512	512	390	1	364	115	467.497
116	maps/mazes/maze_087.map	512	512	457	104	437	12	467.397
116	maps/mazes/maze_087.map	512	512	22	488	93	412	467.225
116	maps/mazes/maze_087.map	512	512	488	317	460	210	467.326
115	maps/mazes/maze_087.map	512	512	422	393	302	412	463.61
115	maps/mazes/maze_087.map	512	512	188	439	109	424	463.539
115	maps/mazes/maze_087.map	512	512	377	344	392	263	463.983
115	maps/mazes/maze_087.map	512	512	190	236	101	117	463.539
92	maps/mazes/maze_087.map	512	512	316	169	405	275	368.255
115	maps/mazes/maze_087.map	512	512	432	80	350	21	463.811
115	maps/mazes/maze_087.map	512	512	163	385	145	206	463.569
115	maps/mazes/maze_087.map	512	512	88	138	161	264	463.125
115	maps/mazes/maze_087.map	512	512	119	85	296	218	463.054
115	maps/mazes/maze_087.map	512	512	395	229	376	275	463.125
115	maps/mazes/maze_087.map	512	512	83	469	89	434	463.326
114	maps/mazes/maze_087.map	512	512	53	7	123	85	459.397
114	maps/mazes/maze_087.map	512	512	228	300	196	143	459.125
114	maps/mazes/maze_087.map	512	512	441	361	312	376	459.782
114	maps/mazes/maze_087.map	512	512	384	68	350	33	459.225
114	maps/mazes/maze_087.map	512	512	213	108	162	121	459.497
114	maps/mazes/maze_087.map	512	512	481	350	491	237	459.326
114	maps/mazes/maze_087.map	512	512	352	125	250	76	459.368
114	maps/mazes/maze_087.map	512	512	433	217	369	182	459.811
114	maps/mazes/maze_087.map	512	512	484	460	460	424	459.882
114	maps/mazes/maze_087.map	512	512	368	433	244	391	459.64
113	maps/mazes/maze_087.map	512	512	100	121	268	191	455.296
113	maps/mazes/maze_087.map	512	512	18	412	26	344	455.296
113	maps/mazes/maze_087.map	512	512	236	321	293	212	455.74
113	maps/mazes/maze_087.map	512	512	15	48	161	30	455.054
113	maps/mazes/maze_087.map	512	512	340	332	201	394	455.225
113	maps/mazes/maze_087.map	512	512	341	140	308	121	455.539
113	maps/mazes/maze_087.map	512	512	245	479	316	414	455.397
113	maps/mazes/maze_087.map	512	512	428	453	470	456	455.811
113	maps/mazes/maze_087.map	512	512	333	207	380	233	455.468
113	maps/mazes/maze_087.map	512	512	32	501	163	384	455.882
112	maps/mazes/maze_087.map	512	512	4	477	109	424	451.397
112	maps/mazes/maze_087.map	512	512	344	353	199	384	451.397
112	maps/mazes/maze_087.map	512	512	313	14	358	96	450.64
112	maps/mazes/maze_087.map	512	512	237	456	132	453	451.64
112	maps/mazes/maze_087.map	512	512	12	452	37	336	451.225
112	maps/mazes/maze_087.map	512	512	297	508	392	443	451.539
112	maps/mazes/maze_087.map	512	512	372	176	432	175	451.225
112	maps/mazes/maze_087.map	512	512	114	324	176	274	451.64
112	maps/mazes/maze_087.map	512	512	225	396	355	437	451.811
112	maps/mazes/maze_087.map	512	512	152	29	136	223	451.054
111	maps/mazes/maze_087.map	512	512	232	379	148	232	447.811
111	maps/mazes/maze_087.map	512	512	96	47	97	24	447.497
111	maps/mazes/maze_087.map	512	512	271	101	124	57	447.569
111	maps/mazes/maze_087.map	512	512	409	166	260	182	447.569
111	maps/mazes/maze_087.map	512	512	39	4	124	53	447.64
22	maps/mazes/maze_087.map	512	512	81	116	52	157	88.9706
111	maps/mazes/maze_087.map	512	512	276	499	368	449	447.882
111	maps/mazes/maze_087.map	512	512	121	62	162	12	447.669
111	maps/mazes/maze_087.map	512	512	498	20	389	27	447.74
111	maps/mazes/maze_087.map	512	512	449	480	489	417	447.225
110	maps/mazes/maze_087.map	512	512	136	388	169	508	443.953
110	maps/mazes/maze_087.map	512	512	333	24	400	88	443.083
110	maps/mazes/maze_087.map	512	512	368	376	237	392	443.711
110	maps/mazes/maze_087.map	512	512	356	41	386	1	443.397
110	maps/mazes/maze_087.map	512	512	168	210	157	109	443.882
110	maps/mazes/maze_087.map	512	512	267	480	333	438	443.154
110	maps/mazes/maze_087.map	512	512	367	244	431	172	443.983
110	maps/mazes/maze_087.map	512	512	388	427	271	388	443.054
110	maps/mazes/maze_087.map	512	512	166	8	202	164	443.882
110	maps/mazes/maze_087.map	512	512	41	146	70	84	443.225
109	maps/mazes/maze_087.map	512	512	160	241	105	115	439.711
109	maps/mazes/maze_087.map	512	512	461	494	491	388	439.154
109	maps/mazes/maze_087.map	512	512	93	223	165	122	438.64
109	maps/mazes/maze_087.map	512	512	318	233	249	191	439.569
109	maps/mazes/maze_087.map	512	512	184	55	61	84	439.397
17	maps/mazes/maze_087.map	512	512	79	208	71	204	71.0711
109	maps/mazes/maze_087.map	512	512	212	171	101	166	439.74
109	maps/mazes/maze_087.map	512	512	276	498	368	456	439.882
109	maps/mazes/maze_087.map	512	512	49	72	4	44	439.811
109	maps/mazes/maze_087.map	512	512	393	299	473	319	439.64
109	maps/mazes/maze_087.map	512	512	8	104	87	13	439.74
108	maps/mazes/maze_087.map	512	512	165	363	145	201	435.74
108	maps/mazes/maze_087.map	512	512	372	285	400	221	435.497
108	maps/mazes/maze_087.map	512	512	164	185	118	89	435.054
108	maps/mazes/maze_087.map	512	512	84	364	93	457	435.054
108	maps/mazes/maze_087.map	512	512	309	308	236	180	435.468
108	maps/mazes/maze_087.map	512	512	105	85	140	21	435.426
108	maps/mazes/maze_087.map	512	512	13	325	142	229	435.811
108	maps/mazes/maze_087.map	512	512	47	340	172	209	435.154
108	maps/mazes/maze_087.map	512	512	20	44	169	25	435.397
108	maps/mazes/maze_087.map	512	512	413	252	300	210	435.569
107	maps/mazes/maze_087.map	512	512	89	329	101	155	431.296
107	maps/mazes/maze_087.map	512	512	68	486	161	355	431.64
107	maps/mazes/maze_087.map	512	512	12	462	60	326	431.154
107	maps/mazes/maze_087.map	512	512	196	348	153	210	431.225
66	maps/mazes/maze_087.map	512	512	34	332	41	251	264.77
107	maps/mazes/maze_087.map	512	512	458	8	324	37	431.912
107	maps/mazes/maze_087.map	512	512	65	290	132	206	431.368
107	maps/mazes/maze_087.map	512	512	271	464	326	449	431.154
107	maps/mazes/maze_087.map	512	512	101	80	134	221	431.296
104	maps/mazes/maze_087.map	512	512	124	299	36	317	417.882
107	maps/mazes/maze_087.map	512	512	273	412	209	397	430.882
107	maps/mazes/maze_087.map	512	512	453	169	426	185	431.225
106	maps/mazes/maze_087.map	512	512	208	184	93	130	427.711
106	maps/mazes/maze_087.map	512	512	317	275	324	193	427.326
106	maps/mazes/maze_087.map	512	512	276	396	176	320	427.882
106	maps/mazes/maze_087.map	512	512	345	481	321	443	427.054
106	maps/mazes/maze_087.map	512	512	489	442	340	436	427.468
106	maps/mazes/maze_087.map	512	512	394	20	391	113	427.598
106	maps/mazes/maze_087.map	512	512	317	505	368	447	427.125
106	maps/mazes/maze_087.map	512	512	228	134	89	139	427.397
106	maps/mazes/maze_087.map	512	512	316	311	249	195	427.811
106	maps/mazes/maze_087.map	512	512	81	0	185	41	427.468
105	maps/mazes/maze_087.map	512	512	98	441	172	279	423.74
105	maps/mazes/maze_087.map	512	512	475	56	427	21	423.468
105	maps/mazes/maze_087.map	512	512	505	269	440	234	423.983
105	maps/mazes/maze_087.map	512	512	280	400	176	317	423.468
105	maps/mazes/maze_087.map	512	512	76	232	133	224	423.953
105	maps/mazes/maze_087.map	512	512	284	399	164	367	423.882
105	maps/mazes/maze_087.map	512	512	188	60	118	169	423.912
105	maps/mazes/maze_087.map	512	512	493	133	423	13	423.255
105	maps/mazes/maze_087.map	512	512	214	181	107	169	423.326
105	maps/mazes/maze_087.map	512	512	433	160	408	113	423.397
104	maps/mazes/maze_087.map	512	512	268	52	134	69	419.326
104	maps/mazes/maze_087.map	512	512	12	509	89	433	419.326
104	maps/mazes/maze_087.map	512	512	85	41	177	14	419.426
104	maps/mazes/maze_087.map	512	512	337	374	172	331	419.64
104	maps/mazes/maze_087.map	512	512	457	277	398	313	419.083
104	maps/mazes/maze_087.map	512	512	175	445	105	424	419.711
104	maps/mazes/maze_087.map	512	512	395	328	489	320	419.64
104	maps/mazes/maze_087.map	512	512	89	220	100	155	419.054
104	maps/mazes/maze_087.map	512	512	225	349	172	277	419.811
103	maps/mazes/maze_087.map	512	512	20	261	57	268	415.497
103	maps/mazes/maze_087.map	512	512	287	169	180	69	415.912
103	maps/mazes/maze_087.map	512	512	223	488	118	440	415.569
103	maps/mazes/maze_087.map	512	512	301	313	253	182	415.811
103	maps/mazes/maze_087.map	512	512	13	177	59	128	415.569
103	maps/mazes/maze_087.map	512	512	361	217	355	253	415.397
103	maps/mazes/maze_087.map	512	512	232	99	126	89	415.497
103	maps/mazes/maze_087.map	512	512	505	9	391	9	415.497
103	maps/mazes/maze_087.map	512	512	69	320	139	192	415.196
103	maps/mazes/maze_087.map	512	512	58	232	29	302	415.569
102	maps/mazes/maze_087.map	512	512	489	407	392	435	411.225
94	maps/mazes/maze_087.map	512	512	91	48	25	0	377.841
102	maps/mazes/maze_087.map	512	512	450	208	304	202	411.154
102	maps/mazes/maze_087.map	512	512	469	333	440	326	411.983
58	maps/mazes/maze_087.map	512	512	172	466	236	429	234.113
102	maps/mazes/maze_087.map	512	512	164	28	56	105	411.225
102	maps/mazes/maze_087.map	512	512	304	244	385	224	411.912
102	maps/mazes/maze_087.map	512	512	124	367	172	238	411.912
102	maps/mazes/maze_087.map	512	512	280	430	208	391	411.225
102	maps/mazes/maze_087.map	512	512	330	333	163	376	411.64
102	maps/mazes/maze_087.map	512	512	83	156	221	166	411.397
102	maps/mazes/maze_087.map	512	512	465	436	336	448	411.225
101	maps/mazes/maze_087.map	512	512	166	313	125	228	407.154
101	maps/mazes/maze_087.map	512	512	168	354	318	408	407.397
101	maps/mazes/maze_087.map	512	512	365	501	508	438	407.397
101	maps/mazes/maze_087.map	512	512	432	306	415	316	407.569
101	maps/mazes/maze_087.map	512	512	1	76	120	31	407.497
101	maps/mazes/maze_087.map	512	512	165	229	41	317	407.74
101	maps/mazes/maze_087.map	512	512	377	221	214	164	407.983
101	maps/mazes/maze_087.map	512	512	164	204	109	112	407.468
101	maps/mazes/maze_087.map	512	512	8	227	69	84	407.983
101	maps/mazes/maze_087.map	512	512	60	396	77	384	406.64
100	maps/mazes/maze_087.map	512	512	478	432	369	441	402.811
100	maps/mazes/maze_087.map	512	512	441	182	272	204	403.669
100	maps/mazes/maze_087.map	512	512	404	422	413	501	403.983
100	maps/mazes/maze_087.map	512	512	60	450	38	356	403.74
100	maps/mazes/maze_087.map	512	512	181	48	52	11	403.983
100	maps/mazes/maze_087.map	512	512	388	324	485	317	403.64
100	maps/mazes/maze_087.map	512	512	254	313	272	286	403.711
100	maps/mazes/maze_087.map	512	512	284	485	317	400	403.154
100	maps/mazes/maze_087.map	512	512	384	244	413	220	403.912
99	maps/mazes/maze_087.map	512	512	376	192	267	193	399.012
99	maps/mazes/maze_087.map	512	512	20	126	31	8	399.326
99	maps/mazes/maze_087.map	512	512	344	95	412	116	399.669
99	maps/mazes/maze_087.map	512	512	39	477	105	432	399.083
99	maps/mazes/maze_087.map	512	512	363	16	351	89	399.083
99	maps/mazes/maze_087.map	512	512	395	21	369	116	399.184
99	maps/mazes/maze_087.map	512	512	76	154	150	201	399.468
99	maps/mazes/maze_087.map	512	512	343	153	322	129	399.225
99	maps/mazes/maze_087.map	512	512	294	297	232	173	399.983
99	maps/mazes/maze_087.map	512	512	141	345	163	264	399.326
98	maps/mazes/maze_087.map	512	512	493	133	428	24	395.841
98	maps/mazes/maze_087.map	512	512	297	102	237	49	395.225
98	maps/mazes/maze_087.map	512	512	357	245	288	211	395.912
98	maps/mazes/maze_087.map	512	512	133	117	107	148	395.225
98	maps/mazes/maze_087.map	512	512	69	212	97	111	395.225
98	maps/mazes/maze_087.map	512	512	125	504	164	365	394.811
98	maps/mazes/maze_087.map	512	512	62	173	132	210	395.225
98	maps/mazes/maze_087.map	512	512	155	317	176	279	395.326
98	maps/mazes/maze_087.map	512	512	347	469	315	400	395.569
98	maps/mazes/maze_087.map	512	512	257	58	124	67	395.054
97	maps/mazes/maze_087.map	512	512	242	477	324	456	391.083
97	maps/mazes/maze_087.map	512	512	261	389	168	259	391.326
97	maps/mazes/maze_087.map	512	512	341	27	376	91	390.598
97	maps/mazes/maze_087.map	512	512	429	460	376	493	391.74
97	maps/mazes/maze_087.map	512	512	36	100	12	17	391.326
97	maps/mazes/maze_087.map	512	512	344	52	424	89	391.426
97	maps/mazes/maze_087.map	512	512	249	178	149	101	391.225
41	maps/mazes/maze_087.map	512	512	256	184	297	156	166.799
97	maps/mazes/maze_087.map	512	512	481	62	393	4	391.154
97	maps/mazes/maze_087.map	512	512	154	136	125	224	391.811
97	maps/mazes/maze_087.map	512	512	244	154	196	78	391.154
96	maps/mazes/maze_087.map	512	512	288	169	198	77	387.497
96	maps/mazes/maze_087.map	512	512	69	249	170	209	387.225
96	maps/mazes/maze_087.map	512	512	509	87	423	8	387.426
96	maps/mazes/maze_087.map	512	512	450	260	440	235	387.912
96	maps/mazes/maze_087.map	512	512	20	185	76	101	387.154
96	maps/mazes/maze_087.map	512	512	452	229	432	226	387.326
96	maps/mazes/maze_087.map	512	512	308	349	161	351	387.811
96	maps/mazes/maze_087.map	512	512	230	97	124	75	387.255
96	maps/mazes/maze_087.map	512	512	279	73	140	28	387.054
96	maps/mazes/maze_087.map	512	512	168	84	168	124	387.841
95	maps/mazes/maze_087.map	512	512	473	433	352	436	383.397
95	maps/mazes/maze_087.map	512	512	449	284	390	305	383.497
95	maps/mazes/maze_087.map	512	512	249	178	393	204	383.497
95	maps/mazes/maze_087.map	512	512	285	411	325	390	383.811
95	maps/mazes/maze_087.map	512	512	178	113	88	140	383.426
95	maps/mazes/maze_087.map	512	512	233	445	150	480	383.497
95	maps/mazes/maze_087.map	512	512	46	385	93	387	383.811
54	maps/mazes/maze_087.map	512	512	233	261	178	184	219.941
89	maps/mazes/maze_087.map	512	512	132	393	165	473	359.569
95	maps/mazes/maze_087.map	512	512	242	109	144	37	383.598
95	maps/mazes/maze_087.map	512	512	281	240	281	215	383.912
95	maps/mazes/maze_087.map	512	512	287	132	201	104	382.669
94	maps/mazes/maze_087.map	512	512	470	88	415	8	379.912
94	maps/mazes/maze_087.map	512	512	139	380	153	248	379.497
94	maps/mazes/maze_087.map	512	512	410	429	384	507	379.154
94	maps/mazes/maze_087.map	512	512	202	292	169	128	379.811
94	maps/mazes/maze_087.map	512	512	262	217	123	89	379.083
94	maps/mazes/maze_087.map	512	512	385	461	293	372	379.912
64	maps/mazes/maze_087.map	512	512	140	416	209	397	257.355
94	maps/mazes/maze_087.map	512	512	459	201	330	193	379.912
94	maps/mazes/maze_087.map	512	512	145	418	170	273	379.255
94	maps/mazes/maze_087.map	512	512	139	304	151	356	379.983
93	maps/mazes/maze_087.map	512	512	351	321	271	392	375.326
93	maps/mazes/maze_087.map	512	512	221	255	164	113	375.326
93	maps/mazes/maze_087.map	512	512	257	67	121	41	375.64
93	maps/mazes/maze_087.map	512	512	460	272	425	213	375.255
93	maps/mazes/maze_087.map	512	512	204	196	104	153	375.225
93	maps/mazes/maze_087.map	512	512	411	388	309	373	375.711
93	maps/mazes/maze_087.map	512	512	373	125	336	140	375.054
93	maps/mazes/maze_087.map	512	512	344	450	286	372	375.497
93	maps/mazes/maze_087.map	512	512	49	212	45	113	375.326
92	maps/mazes/maze_087.map	512	512	195	400	153	474	371.154
92	maps/mazes/maze_087.map	512	512	141	299	152	355	371.569
92	maps/mazes/maze_087.map	512	512	35	317	156	216	371.983
92	maps/mazes/maze_087.map	512	512	264	202	141	96	371.811
92	maps/mazes/maze_087.map	512	512	492	223	490	180	371.912
92	maps/mazes/maze_087.map	512	512	141	146	168	117	371.497
92	maps/mazes/maze_087.map	512	512	260	404	211	464	371.912
92	maps/mazes/maze_087.map	512	512	164	72	101	167	371.841
92	maps/mazes/maze_087.map	512	512	276	163	197	79	371.083
91	maps/mazes/maze_087.map	512	512	461	3	363	21	367.255
91	maps/mazes/maze_087.map	512	512	279	449	332	458	366.912
91	maps/mazes/maze_087.map	512	512	285	332	255	245	367.811
91	maps/mazes/maze_087.map	512	512	73	488	96	415	367.841
91	maps/mazes/maze_087.map	512	512	369	73	385	16	367.326
91	maps/mazes/maze_087.map	512	512	237	505	333	438	367.669
91	maps/mazes/maze_087.map	512	512	363	148	321	128	367.983
91	maps/mazes/maze_087.map	512	512	349	205	360	265	367.569
91	maps/mazes/maze_087.map	512	512	196	235	159	116	367.841
91	maps/mazes/maze_087.map	512	512	240	141	297	207	367.912
90	maps/mazes/maze_087.map	512	512	220	21	129	37	363.669
90	maps/mazes/maze_087.map	512	512	445	37	445	75	363.012
90	maps/mazes/maze_087.map	512	512	68	384	90	416	363.497
90	maps/mazes/maze_087.map	512	512	270	128	164	37	363.669
90	maps/mazes/maze_087.map	512	512	487	80	508	41	363.255
90	maps/mazes/maze_087.map	512	512	222	85	124	89	363.012
90	maps/mazes/maze_087.map	512	512	140	218	124	78	363.983
90	maps/mazes/maze_087.map	512	512	421	286	412	351	363.497
90	maps/mazes/maze_087.map	512	512	52	353	50	268	363.083
89	maps/mazes/maze_087.map	512	512	275	500	322	473	359.497
89	maps/mazes/maze_087.map	512	512	196	180	93	156	359.669
89	maps/mazes/maze_087.map	512	512	180	204	165	284	359.326
89	maps/mazes/maze_087.map	512	512	17	379	84	410	359.397
89	maps/mazes/maze_087.map	512	512	297	267	401	225	359.255
89	maps/mazes/maze_087.map	512	512	332	424	216	393	359.912
89	maps/mazes/maze_087.map	512	512	109	31	101	113	359.497
89	maps/mazes/maze_087.map	512	512	108	265	149	240	359.054
89	maps/mazes/maze_087.map	512	512	229	105	124	73	359.426
88	maps/mazes/maze_087.map	512	512	316	3	317	89	355.569
88	maps/mazes/maze_087.map	512	512	457	83	476	14	355.497
88	maps/mazes/maze_087.map	512	512	331	16	312	65	355.497
88	maps/mazes/maze_087.map	512	512	55	172	178	125	355.497
88	maps/mazes/maze_087.map	512	512	90	196	128	89	355.912
88	maps/mazes/maze_087.map	512	512	8	277	42	357	355.497
88	maps/mazes/maze_087.map	512	512	216	212	135	88	355.912
88	maps/mazes/maze_087.map	512	512	281	467	319	408	355.326
88	maps/mazes/maze_087.map	512	512	157	250	64	269	355.64
88	maps/mazes/maze_087.map	512	512	74	212	119	85	355.983
87	maps/mazes/maze_087.map	512	512	400	60	392	25	351.669
87	maps/mazes/maze_087.map	512	512	325	222	268	237	351.255
87	maps/mazes/maze_087.map	512	512	85	379	101	448	351.669
87	maps/mazes/maze_087.map	512	512	436	421	328	406	351.912
87	maps/mazes/maze_087.map	512	512	509	325	476	438	351.012
87	maps/mazes/maze_087.map	512	512	293	272	397	236	351.841
87	maps/mazes/maze_087.map	512	512	477	252	444	227	351.255
87	maps/mazes/maze_087.map	512	512	501	416	455	440	351.154
87	maps/mazes/maze_087.map	512	512	228	16	129	89	351.841
87	maps/mazes/maze_087.map	512	512	453	507	508	447	351.669
86	maps/mazes/maze_087.map	512	512	363	25	406	37	347.083
86	maps/mazes/maze_087.map	512	512	130	252	175	273	347.497
86	maps/mazes/maze_087.map	512	512	20	29	141	21	347.184
86	maps/mazes/maze_087.map	512	512	105	121	216	206	347.255
86	maps/mazes/maze_087.map	512	512	141	369	155	241	347.841
86	maps/mazes/maze_087.map	512	512	338	400	212	396	347.74
86	maps/mazes/maze_087.map	512	512	424	302	441	340	347.669
86	maps/mazes/maze_087.map	512	512	392	405	316	405	347.154
86	maps/mazes/maze_087.map	512	512	247	368	171	273	347.669
86	maps/mazes/maze_087.map	512	512	122	305	157	241	347.326
85	maps/mazes/maze_087.map	512	512	20	336	88	244	343.012
85	maps/mazes/maze_087.map	512	512	49	4	161	46	343.255
85	maps/mazes/maze_087.map	512	512	382	424	309	388	343.326
85	maps/mazes/maze_087.map	512	512	442	348	368	393	343.569
85	maps/mazes/maze_087.map	512	512	173	500	121	447	343.912
85	maps/mazes/maze_087.map	512	512	119	144	108	259	343.397
85	maps/mazes/maze_087.map	512	512	99	108	224	169	343.497
85	maps/mazes/maze_087.map	512	512	424	255	365	197	343.426
85	maps/mazes/maze_087.map	512	512	280	93	189	80	343.74
85	maps/mazes/maze_087.map	512	512	65	420	9	397	343.912
84	maps/mazes/maze_087.map	512	512	373	200	294	220	339.184
84	maps/mazes/maze_087.map	512	512	351	384	256	385	339.497
84	maps/mazes/maze_087.map	512	512	495	421	404	414	339.154
84	maps/mazes/maze_087.map	512	512	320	164	222	169	338.74
84	maps/mazes/maze_087.map	512	512	339	85	411	97	339.598
84	maps/mazes/maze_087.map	512	512	393	464	445	476	339.255
84	maps/mazes/maze_087.map	512	512	112	26	108	117	339.912
84	maps/mazes/maze_087.map	512	512	498	500	503	465	338.669
84	maps/mazes/maze_087.map	512	512	74	380	144	472	339.255
84	maps/mazes/maze_087.map	512	512	109	383	234	392	339.983
83	maps/mazes/maze_087.map	512	512	58	173	121	173	335.669
83	maps/mazes/maze_087.map	512	512	30	385	81	408	335.154
83	maps/mazes/maze_087.map	512	512	194	413	147	480	335.497
83	maps/mazes/maze_087.map	512	512	495	420	406	412	335.912
83	maps/mazes/maze_087.map	512	512	171	508	105	422	335.154
83	maps/mazes/maze_087.map	512	512	254	461	316	452	335.083
83	maps/mazes/maze_087.map	512	512	146	128	113	93	335.255
83	maps/mazes/maze_087.map	512	512	352	191	373	272	335.255
83	maps/mazes/maze_087.map	512	512	162	104	278	201	335.326
83	maps/mazes/maze_087.map	512	512	208	320	232	396	335.74
82	maps/mazes/maze_087.map	512	512	437	316	424	338	331.083
82	maps/mazes/maze_087.map	512	512	193	102	168	107	331.598
82	maps/mazes/maze_087.map	512	512	168	232	162	344	331.841
82	maps/mazes/maze_087.map	512	512	246	285	290	220	331.426
82	maps/mazes/maze_087.map	512	512	399	432	379	484	331.255
82	maps/mazes/maze_087.map	512	512	460	469	492	399	331.497
82	maps/mazes/maze_087.map	512	512	189	174	129	70	331.012
82	maps/mazes/maze_087.map	512	512	281	377	350	356	331.598
82	maps/mazes/maze_087.map	512	512	413	474	368	486	330.598
82	maps/mazes/maze_087.map	512	512	164	74	92	156	331.598
81	maps/mazes/maze_087.map	512	512	509	105	444	24	327.941
81	maps/mazes/maze_087.map	512	512	249	158	197	86	326.669
81	maps/mazes/maze_087.map	512	512	322	361	277	370	327.255
81	maps/mazes/maze_087.map	512	512	99	276	169	221	327.326
81	maps/mazes/maze_087.map	512	512	469	196	436	179	327.255
81	maps/mazes/maze_087.map	512	512	412	146	332	33	327.184
81	maps/mazes/maze_087.map	512	512	73	360	72	428	327.669
81	maps/mazes/maze_087.map	512	512	194	348	148	246	327.255
81	maps/mazes/maze_087.map	512	512	303	344	178	384	327.083
81	maps/mazes/maze_087.map	512	512	449	181	331	193	327.841
80	maps/mazes/maze_087.map	512	512	176	281	136	224	323.669
80	maps/mazes/maze_087.map	512	512	282	361	169	333	323.669
80	maps/mazes/maze_087.map	512	512	440	487	508	448	323.669
80	maps/mazes/maze_087.map	512	512	32	24	148	21	323.77
80	maps/mazes/maze_087.map	512	512	141	5	141	26	323.083
80	maps/mazes/maze_087.map	512	512	253	412	209	455	323.426
80	maps/mazes/maze_087.map	512	512	331	125	228	60	322.912
80	maps/mazes/maze_087.map	512	512	130	349	176	289	323.255
80	maps/mazes/maze_087.map	512	512	225	412	201	438	323.255
80	maps/mazes/maze_087.map	512	512	427	444	389	485	323.669
79	maps/mazes/maze_087.map	512	512	212	200	244	172	318.912
79	maps/mazes/maze_087.map	512	512	265	101	163	33	319.012
79	maps/mazes/maze_087.map	512	512	271	332	273	287	319.326
79	maps/mazes/maze_087.map	512	512	181	130	97	160	319.841
79	maps/mazes/maze_087.map	512	512	121	62	101	13	319.527
79	maps/mazes/maze_087.map	512	512	409	432	366	481	319.841
79	maps/mazes/maze_087.map	512	512	506	456	460	423	319.669
79	maps/mazes/maze_087.map	512	512	393	291	358	265	319.77
79	maps/mazes/maze_087.map	512	512	103	1	124	54	319.497
79	maps/mazes/maze_087.map	512	512	189	373	167	237	319.598
78	maps/mazes/maze_087.map	512	512	326	416	242	392	315.255
78	maps/mazes/maze_087.map	512	512	177	121	265	223	315.497
78	maps/mazes/maze_087.map	512	512	136	336	158	297	315.669
78	maps/mazes/maze_087.map	512	512	131	9	152	37	315.083
78	maps/mazes/maze_087.map	512	512	53	75	4	128	315.255
78	maps/mazes/maze_087.map	512	512	233	336	109	418	315.497
78	maps/mazes/maze_087.map	512	512	409	24	368	21	315.841
78	maps/mazes/maze_087.map	512	512	396	325	478	336	315.083
36	maps/mazes/maze_087.map	512	512	337	378	338	357	146.385
78	maps/mazes/maze_087.map	512	512	409	12	361	84	315.941
78	maps/mazes/maze_087.map	512	512	5	261	53	330	315.426
77	maps/mazes/maze_087.map	512	512	346	276	401	234	311.426
77	maps/mazes/maze_087.map	512	512	244	218	182	129	311.083
77	maps/mazes/maze_087.map	512	512	133	129	117	88	311.426
77	maps/mazes/maze_087.map	512	512	369	373	208	400	311.841
77	maps/mazes/maze_087.map	512	512	136	229	169	276	311.255
77	maps/mazes/maze_087.map	512	512	80	268	9	305	311.941
57	maps/mazes/maze_087.map	512	512	184	312	177	352	229.527
77	maps/mazes/maze_087.map	512	512	449	312	424	337	311.841
77	maps/mazes/maze_087.map	512	512	88	330	126	217	311.669
77	maps/mazes/maze_087.map	512	512	498	265	473	318	311.841
77	maps/mazes/maze_087.map	512	512	401	153	320	193	311.426
76	maps/mazes/maze_087.map	512	512	68	84	165	122	306.841
76	maps/mazes/maze_087.map	512	512	89	139	168	222	307.497
76	maps/mazes/maze_087.map	512	512	265	428	216	395	307.255
76	maps/mazes/maze_087.map	512	512	448	394	395	428	307.083
76	maps/mazes/maze_087.map	512	512	231	88	145	38	306.77
76	maps/mazes/maze_087.map	512	512	503	385	447	440	307.083
76	maps/mazes/maze_087.map	512	512	12	218	68	130	307.841
76	maps/mazes/maze_087.map	512	512	267	17	313	90	307.326
76	maps/mazes/maze_087.map	512	512	137	509	157	400	307.669
76	maps/mazes/maze_087.map	512	512	442	361	355	400	307.74
75	maps/mazes/maze_087.map	512	512	73	89	184	121	303.669
75	maps/mazes/maze_087.map	512	512	172	360	149	230	303.527
75	maps/mazes/maze_087.map	512	512	176	486	132	454	303.255
75	maps/mazes/maze_087.map	512	512	481	280	460	216	303.184
75	maps/mazes/maze_087.map	512	512	345	336	262	376	303.426
75	maps/mazes/maze_087.map	512	512	428	23	352	27	303.355
75	maps/mazes/maze_087.map	512	512	492	405	432	414	303.083
75	maps/mazes/maze_087.map	512	512	251	373	173	325	302.669
75	maps/mazes/maze_087.map	512	512	161	317	176	319	303.083
75	maps/mazes/maze_087.map	512	512	113	503	123	409	303.841
74	maps/mazes/maze_087.map	512	512	144	419	130	412	299.083
74	maps/mazes/maze_087.map	512	512	7	204	53	103	299.669
74	maps/mazes/maze_087.map	512	512	317	384	164	377	298.669
74	maps/mazes/maze_087.map	512	512	103	209	116	85	299.669
74	maps/mazes/maze_087.map	512	512	34	472	1	365	299.355
74	maps/mazes/maze_087.map	512	512	506	137	468	28	299.284
74	maps/mazes/maze_087.map	512	512	488	224	386	193	299.527
74	maps/mazes/maze_087.map	512	512	301	453	301	419	299.012
74	maps/mazes/maze_087.map	512	512	288	168	208	104	299.598
74	maps/mazes/maze_087.map	512	512	150	444	119	412	299.083
73	maps/mazes/maze_087.map	512	512	29	149	66	117	295.426
73	maps/mazes/maze_087.map	512	512	194	416	154	472	295.841
73	maps/mazes/maze_087.map	512	512	480	120	473	10	295.527
73	maps/mazes/maze_087.map	512	512	88	369	82	432	295.184
73	maps/mazes/maze_087.map	512	512	139	25	129	179	295.941
73	maps/mazes/maze_087.map	512	512	452	334	472	292	295.598
73	maps/mazes/maze_087.map	512	512	504	228	410	201	295.527
73	maps/mazes/maze_087.map	512	512	98	61	52	28	295.527
73	maps/mazes/maze_087.map	512	512	372	250	397	204	295.184
73	maps/mazes/maze_087.map	512	512	473	485	508	430	295.355
72	maps/mazes/maze_087.map	512	512	83	333	136	222	291.255
72	maps/mazes/maze_087.map	512	512	481	261	439	236	291.77
72	maps/mazes/maze_087.map	512	512	209	102	184	1	291.355
72	maps/mazes/maze_087.map	512	512	472	248	460	211	291.77
72	maps/mazes/maze_087.map	512	512	476	429	397	418	291.841
72	maps/mazes/maze_087.map	512	512	400	266	378	233	291.426
72	maps/mazes/maze_087.map	512	512	40	139	13	25	291.426
72	maps/mazes/maze_087.map	512	512	391	113	405	121	291.598
72	maps/mazes/maze_087.map	512	512	72	452	82	480	291.113
71	maps/mazes/maze_087.map	512	512	113	189	106	120	287.841
71	maps/mazes/maze_087.map	512	512	432	334	488	296	287.598
71	maps/mazes/maze_087.map	512	512	432	412	324	416	287.598
71	maps/mazes/maze_087.map	512	512	271	41	147	41	287.941
71	maps/mazes/maze_087.map	512	512	279	156	208	90	287.426
71	maps/mazes/maze_087.map	512	512	80	236	106	253	287.912
71	maps/mazes/maze_087.map	512	512	417	505	504	447	287.426
71	maps/mazes/maze_087.map	512	512	260	246	210	164	287.255
71	maps/mazes/maze_087.map	512	512	387	105	409	124	287.77
71	maps/mazes/maze_087.map	512	512	293	464	338	436	287.669
70	maps/mazes/maze_087.map	512	512	54	112	97	117	283.497
70	maps/mazes/maze_087.map	512	512	428	26	349	21	283.941
70	maps/mazes/maze_087.map	512	512	82	453	53	485	283.284
70	maps/mazes/maze_087.map	512	512	356	40	404	49	283.77
70	maps/mazes/maze_087.map	512	512	34	429	9	402	283.012
70	maps/mazes/maze_087.map	512	512	295	29	352	93	283.426
70	maps/mazes/maze_087.map	512	512	347	460	317	408	283.598
70	maps/mazes/maze_087.map	512	512	292	121	185	42	283.841
70	maps/mazes/maze_087.map	512	512	76	420	89	422	283.184
70	maps/mazes/maze_087.map	512	512	479	325	488	408	283.698
69	maps/mazes/maze_087.map	512	512	464	459	488	381	278.77
69	maps/mazes/maze_087.map	512	512	268	197	164	128	279.083
69	maps/mazes/maze_087.map	512	512	324	109	251	41	279.426
69	maps/mazes/maze_087.map	512	512	157	201	176	284	279.598
69	maps/mazes/maze_087.map	512	512	105	285	134	220	279.74
69	maps/mazes/maze_087.map	512	512	434	61	461	64	279.355
69	maps/mazes/maze_087.map	512	512	52	28	175	9	279.698
69	maps/mazes/maze_087.map	512	512	37	266	125	225	279.326
69	maps/mazes/maze_087.map	512	512	411	257	376	222	279.355
69	maps/mazes/maze_087.map	512	512	424	27	357	21	279.77
68	maps/mazes/maze_087.map	512	512	489	289	481	240	274.698
68	maps/mazes/maze_087.map	512	512	484	284	478	232	275.355
68	maps/mazes/maze_087.map	512	512	24	425	13	334	275.355
68	maps/mazes/maze_087.map	512	512	332	91	401	85	275.527
68	maps/mazes/maze_087.map	512	512	181	61	160	111	275.184
68	maps/mazes/maze_087.map	512	512	157	400	257	378	275.841
68	maps/mazes/maze_087.map	512	512	389	470	420	500	275.77
68	maps/mazes/maze_087.map	512	512	240	465	280	471	275.355
68	maps/mazes/maze_087.map	512	512	135	21	248	21	275.284
68	maps/mazes/maze_087.map	512	512	188	288	210	180	275.355
67	maps/mazes/maze_087.map	512	512	201	312	144	353	271.841
67	maps/mazes/maze_087.map	512	512	181	194	121	174	271.497
67	maps/mazes/maze_087.map	512	512	17	442	26	372	271.184
67	maps/mazes/maze_087.map	512	512	63	312	137	235	271.083
67	maps/mazes/maze_087.map	512	512	425	259	401	221	271.941
67	maps/mazes/maze_087.map	512	512	312	367	306	372	270.841
67	maps/mazes/maze_087.map	512	512	452	399	407	412	271.012
67	maps/mazes/maze_087.map	512	512	116	280	127	228	271.669
67	maps/mazes/maze_087.map	512	512	288	37	174	21	271.698
67	maps/mazes/maze_087.map	512	512	252	136	158	113	271.77
66	maps/mazes/maze_087.map	512	512	217	280	225	199	267.083
66	maps/mazes/maze_087.map	512	512	388	111	401	116	267.941
66	maps/mazes/maze_087.map	512	512	7	113	17	10	267.527
66	maps/mazes/maze_087.map	512	512	148	311	123	380	267.012
66	maps/mazes/maze_087.map	512	512	332	223	256	280	267.184
66	maps/mazes/maze_087.map	512	512	280	444	300	447	267.184
66	maps/mazes/maze_087.map	512	512	417	440	412	503	267.355
66	maps/mazes/maze_087.map	512	512	373	365	248	388	267.355
66	maps/mazes/maze_087.map	512	512	405	79	401	1	267.941
65	maps/mazes/maze_087.map	512	512	193	51	185	11	263.698
65	maps/mazes/maze_087.map	512	512	116	508	108	415	263.77
65	maps/mazes/maze_087.map	512	512	96	380	89	446	263.184
65	maps/mazes/maze_087.map	512	512	193	49	185	12	262.698
65	maps/mazes/maze_087.map	512	512	209	198	223	164	263.598
65	maps/mazes/maze_087.map	512	512	369	9	350	25	263.77
65	maps/mazes/maze_087.map	512	512	343	189	224	172	263.941
65	maps/mazes/maze_087.map	512	512	461	361	380	384	263.598
65	maps/mazes/maze_087.map	512	512	324	20	308	33	263.527
65	maps/mazes/maze_087.map	512	512	162	369	282	369	263.012
64	maps/mazes/maze_087.map	512	512	447	100	508	27	259.598
64	maps/mazes/maze_087.map	512	512	300	421	260	386	259.77
64	maps/mazes/maze_087.map	512	512	300	107	265	88	259.012
64	maps/mazes/maze_087.map	512	512	245	163	236	89	259.669
64	maps/mazes/maze_087.map	512	512	505	212	436	186	259.77
64	maps/mazes/maze_087.map	512	512	468	129	493	181	259.77
64	maps/mazes/maze_087.map	512	512	341	72	389	81	259.87
64	maps/mazes/maze_087.map	512	512	221	173	117	87	259.698
64	maps/mazes/maze_087.map	512	512	417	12	350	21	259.113
63	maps/mazes/maze_087.map	512	512	340	90	388	82	254.87
63	maps/mazes/maze_087.map	512	512	281	313	288	304	255.497
63	maps/mazes/maze_087.map	512	512	137	37	233	57	255.598
63	maps/mazes/maze_087.map	512	512	452	393	489	384	255.841
63	maps/mazes/maze_087.map	512	512	371	296	333	272	255.113
63	maps/mazes/maze_087.map	512	512	380	365	259	389	255.527
63	maps/mazes/maze_087.map	512	512	114	237	73	157	254.941
63	maps/mazes/maze_087.map	512	512	294	237	275	213	255.184
63	maps/mazes/maze_087.map	512	512	213	503	316	452	255.598
63	maps/mazes/maze_087.map	512	512	457	500	488	482	255.527
62	maps/mazes/maze_087.map	512	512	290	309	258	248	251.527
62	maps/mazes/maze_087.map	512	512	214	400	226	428	251.841
62	maps/mazes/maze_087.map	512	512	11	469	84	478	251.113
62	maps/mazes/maze_087.map	512	512	181	57	109	109	251.113
62	maps/mazes/maze_087.map	512	512	117	416	100	436	251.083
62	maps/mazes/maze_087.map	512	512	488	356	491	417	251.113
62	maps/mazes/maze_087.map	512	512	412	284	357	197	251.698
62	maps/mazes/maze_087.map	512	512	197	98	122	41	251.698
62	maps/mazes/maze_087.map	512	512	315	153	267	237	251.113
62	maps/mazes/maze_087.map	512	512	47	213	14	185	251.77
61	maps/mazes/maze_087.map	512	512	337	398	301	414	247.012
61	maps/mazes/maze_087.map	512	512	456	95	508	57	247.012
61	maps/mazes/maze_087.map	512	512	121	25	145	11	247.941
61	maps/mazes/maze_087.map	512	512	13	274	60	328	247.77
61	maps/mazes/maze_087.map	512	512	214	169	137	88	247.113
61	maps/mazes/maze_087.map	512	512	358	173	392	241	247.941
35	maps/mazes/maze_087.map	512	512	303	468	356	480	142.213
61	maps/mazes/maze_087.map	512	512	353	410	323	408	247.841
61	maps/mazes/maze_087.map	512	512	238	25	144	37	247.113
61	maps/mazes/maze_087.map	512	512	137	47	101	168	246.698
61	maps/mazes/maze_087.map	512	512	237	29	149	48	247.87
60	maps/mazes/maze_087.map	512	512	381	439	328	404	243.355
60	maps/mazes/maze_087.map	512	512	306	53	194	5	243.698
60	maps/mazes/maze_087.map	512	512	83	128	152	46	243.527
60	maps/mazes/maze_087.map	512	512	420	9	351	25	243.527
60	maps/mazes/maze_087.map	512	512	60	149	101	167	243.184
60	maps/mazes/maze_087.map	512	512	160	411	221	396	243.941
60	maps/mazes/maze_087.map	512	512	291	24	358	81	243.012
60	maps/mazes/maze_087.map	512	512	464	68	409	37	243.941
60	maps/mazes/maze_087.map	512	512	245	456	228	458	243.87
60	maps/mazes/maze_087.map	512	512	113	53	77	25	243.213
59	maps/mazes/maze_087.map	512	512	63	209	101	125	239.598
59	maps/mazes/maze_087.map	512	512	441	183	506	208	239.355
59	maps/mazes/maze_087.map	512	512	419	437	404	472	239.598
59	maps/mazes/maze_087.map	512	512	429	67	496	56	239.113
59	maps/mazes/maze_087.map	512	512	177	141	101	123	239.698
59	maps/mazes/maze_087.map	512	512	343	380	250	385	239.113
59	maps/mazes/maze_087.map	512	512	152	414	169	339	239.355
59	maps/mazes/maze_087.map	512	512	358	97	413	100	239.698
59	maps/mazes/maze_087.map	512	512	131	133	101	117	239.941
59	maps/mazes/maze_087.map	512	512	391	373	458	364	239.355
58	maps/mazes/maze_087.map	512	512	348	8	356	31	235.527
58	maps/mazes/maze_087.map	512	512	360	17	333	33	235.527
58	maps/mazes/maze_087.map	512	512	462	200	392	203	235.284
58	maps/mazes/maze_087.map	512	512	148	334	160	340	235.355
58	maps/mazes/maze_087.map	512	512	420	328	494	320	235.113
58	maps/mazes/maze_087.map	512	512	448	265	492	237	235.698
58	maps/mazes/maze_087.map	512	512	481	400	445	428	235.355
58	maps/mazes/maze_087.map	512	512	492	136	488	28	234.87
58	maps/mazes/maze_087.map	512	512	242	149	235	97	235.77
57	maps/mazes/maze_087.map	512	512	74	304	105	255	231.012
57	maps/mazes/maze_087.map	512	512	421	304	412	326	231.527
57	maps/mazes/maze_087.map	512	512	272	363	161	364	231.355
57	maps/mazes/maze_087.map	512	512	237	97	161	47	231.698
57	maps/mazes/maze_087.map	512	512	445	240	493	237	231.284
57	maps/mazes/maze_087.map	512	512	428	60	496	54	231.113
57	maps/mazes/maze_087.map	512	512	380	4	322	33	231.284
57	maps/mazes/maze_087.map	512	512	452	379	371	380	231.941
57	maps/mazes/maze_087.map	512	512	455	104	508	44	231.77
56	maps/mazes/maze_087.map	512	512	441	112	491	188	227.355
56	maps/mazes/maze_087.map	512	512	291	216	202	164	227.527
56	maps/mazes/maze_087.map	512	512	72	318	125	255	227.113
56	maps/mazes/maze_087.map	512	512	461	469	508	415	227.527
56	maps/mazes/maze_087.map	512	512	477	423	473	331	227.698
56	maps/mazes/maze_087.map	512	512	222	25	188	13	227.213
56	maps/mazes/maze_087.map	512	512	508	302	496	253	227.284
56	maps/mazes/maze_087.map	512	512	461	355	405	398	226.698
56	maps/mazes/maze_087.map	512	512	334	504	320	473	227.77
56	maps/mazes/maze_087.map	512	512	348	305	349	368	227.113
55	maps/mazes/maze_087.map	512	512	125	159	121	85	223.456
55	maps/mazes/maze_087.map	512	512	252	324	321	312	223.426
55	maps/mazes/maze_087.map	512	512	430	140	378	101	223.527
55	maps/mazes/maze_087.map	512	512	99	292	136	236	222.598
55	maps/mazes/maze_087.map	512	512	64	354	44	337	222.941
55	maps/mazes/maze_087.map	512	512	8	80	21	16	223.284
55	maps/mazes/maze_087.map	512	512	336	327	261	362	223.355
55	maps/mazes/maze_087.map	512	512	123	400	157	304	223.012
55	maps/mazes/maze_087.map	512	512	224	269	189	171	223.527
55	maps/mazes/maze_087.map	512	512	284	344	219	372	223.527
54	maps/mazes/maze_087.map	512	512	423	456	397	452	219.113
54	maps/mazes/maze_087.map	512	512	65	245	108	249	219.184
54	maps/mazes/maze_087.map	512	512	404	189	329	181	219.042
54	maps/mazes/maze_087.map	512	512	440	345	480	355	219.941
54	maps/mazes/maze_087.map	512	512	12	298	29	315	219.113
54	maps/mazes/maze_087.map	512	512	147	276	135	224	219.113
54	maps/mazes/maze_087.map	512	512	401	177	340	166	219.698
54	maps/mazes/maze_087.map	512	512	351	168	291	216	219.213
54	maps/mazes/maze_087.map	512	512	173	420	161	360	219.941
53	maps/mazes/maze_087.map	512	512	469	329	396	313	215.042
53	maps/mazes/maze_087.map	512	512	268	348	314	320	215.355
53	maps/mazes/maze_087.map	512	512	433	220	365	195	215.284
53	maps/mazes/maze_087.map	512	512	474	196	456	203	215.527
53	maps/mazes/maze_087.map	512	512	291	300	265	228	215.113
53	maps/mazes/maze_087.map	512	512	303	469	380	433	215.184
15	maps/mazes/maze_087.map	512	512	213	138	244	133	62.4853
53	maps/mazes/maze_087.map	512	512	200	505	308	442	215.527
53	maps/mazes/maze_087.map	512	512	158	153	166	105	215.698
53	maps/mazes/maze_087.map	512	512	93	476	109	418	215.456
53	maps/mazes/maze_087.map	512	512	209	369	272	381	215.284
52	maps/mazes/maze_087.map	512	512	288	131	276	102	211.042
52	maps/mazes/maze_087.map	512	512	485	210	460	201	211.113
52	maps/mazes/maze_087.map	512	512	469	224	416	200	211.627
52	maps/mazes/maze_087.map	512	512	124	120	129	122	211.527
52	maps/mazes/maze_087.map	512	512	29	331	73	263	211.213
52	maps/mazes/maze_087.map	512	512	490	397	459	448	211.113
52	maps/mazes/maze_087.map	512	512	257	351	317	320	211.77
52	maps/mazes/maze_087.map	512	512	252	333	324	319	211.598
52	maps/mazes/maze_087.map	512	512	65	219	109	104	211.184
52	maps/mazes/maze_087.map	512	512	276	505	353	483	211.87
51	maps/mazes/maze_087.map	512	512	262	257	281	215	207.87
51	maps/mazes/maze_087.map	512	512	209	82	164	39	207.941
51	maps/mazes/maze_087.map	512	512	125	8	177	15	207.87
51	maps/mazes/maze_087.map	512	512	473	437	428	407	207.527
51	maps/mazes/maze_087.map	512	512	37	227	17	186	207.87
51	maps/mazes/maze_087.map	512	512	437	236	376	214	207.042
51	maps/mazes/maze_087.map	512	512	488	432	442	400	207.355
51	maps/mazes/maze_087.map	512	512	468	158	499	213	207.113
51	maps/mazes/maze_087.map	512	512	452	317	402	316	207.042
51	maps/mazes/maze_087.map	512	512	252	281	250	200	207.042
50	maps/mazes/maze_087.map	512	512	157	220	137	192	203.355
50	maps/mazes/maze_087.map	512	512	56	308	108	258	203.941
50	maps/mazes/maze_087.map	512	512	216	278	248	236	203.355
50	maps/mazes/maze_087.map	512	512	508	97	483	36	203.213
50	maps/mazes/maze_087.map	512	512	492	253	441	212	203.213
50	maps/mazes/maze_087.map	512	512	336	165	273	176	203.698
50	maps/mazes/maze_087.map	512	512	226	228	178	148	203.456
9	maps/mazes/maze_087.map	512	512	332	254	304	249	36.4142
50	maps/mazes/maze_087.map	512	512	278	488	343	440	203.284
50	maps/mazes/maze_087.map	512	512	460	209	390	196	203.042
50	maps/mazes/maze_087.map	512	512	328	480	362	428	203.941
49	maps/mazes/maze_087.map	512	512	389	52	383	5	199.284
49	maps/mazes/maze_087.map	512	512	346	385	313	392	199.698
49	maps/mazes/maze_087.map	512	512	365	37	413	73	199.113
49	maps/mazes/maze_087.map	512	512	163	493	153	464	199.042
49	maps/mazes/maze_087.map	512	512	368	332	357	298	199.385
49	maps/mazes/maze_087.map	512	512	357	491	340	472	199.355
49	maps/mazes/maze_087.map	512	512	114	264	135	204	199.77
49	maps/mazes/maze_087.map	512	512	295	260	357	264	199.456
49	maps/mazes/maze_087.map	512	512	36	247	9	199	199.042
49	maps/mazes/maze_087.map	512	512	312	457	330	416	199.87
48	maps/mazes/maze_087.map	512	512	389	5	345	26	195.042
21	maps/mazes/maze_087.map	512	512	80	153	121	175	84.8995
48	maps/mazes/maze_087.map	512	512	1	413	17	341	195.456
48	maps/mazes/maze_087.map	512	512	107	445	129	412	195.87
48	maps/mazes/maze_087.map	512	512	102	336	125	249	195.456
48	maps/mazes/maze_087.map	512	512	180	49	124	53	195.698
48	maps/mazes/maze_087.map	512	512	365	305	369	368	195.042
48	maps/mazes/maze_087.map	512	512	493	90	496	134	195.284
48	maps/mazes/maze_087.map	512	512	212	118	168	124	195.698
48	maps/mazes/maze_087.map	512	512	365	155	372	193	195.284
48	maps/mazes/maze_087.map	512	512	13	277	30	329	195.87
47	maps/mazes/maze_087.map	512	512	462	69	389	56	191.698
47	maps/mazes/maze_087.map	512	512	139	396	175	316	191.113
47	maps/mazes/maze_087.map	512	512	24	394	24	440	191.456
47	maps/mazes/maze_087.map	512	512	480	336	476	287	191.042
47	maps/mazes/maze_087.map	512	512	220	35	192	5	191.799
47	maps/mazes/maze_087.map	512	512	192	5	124	55	191.113
47	maps/mazes/maze_087.map	512	512	96	95	53	46	190.627
47	maps/mazes/maze_087.map	512	512	420	320	394	301	191.527
47	maps/mazes/maze_087.map	512	512	504	20	448	13	191.042
47	maps/mazes/maze_087.map	512	512	52	445	18	424	191.284
46	maps/mazes/maze_087.map	512	512	164	24	104	10	187.456
46	maps/mazes/maze_087.map	512	512	506	508	460	460	187.213
46	maps/mazes/maze_087.map	512	512	36	74	28	125	187.284
46	maps/mazes/maze_087.map	512	512	508	189	452	153	187.213
46	maps/mazes/maze_087.map	512	512	483	57	421	80	186.941
46	maps/mazes/maze_087.map	512	512	84	368	84	413	187.284
46	maps/mazes/maze_087.map	512	512	40	500	120	448	187.456
46	maps/mazes/maze_087.map	512	512	432	462	424	441	187.284
44	maps/mazes/maze_087.map	512	512	225	385	292	383	178.456
46	maps/mazes/maze_087.map	512	512	249	213	185	152	187.042
46	maps/mazes/maze_087.map	512	512	300	121	245	34	187.456
45	maps/mazes/maze_087.map	512	512	224	100	172	57	183.971
45	maps/mazes/maze_087.map	512	512	496	128	501	20	183.385
45	maps/mazes/maze_087.map	512	512	267	248	236	180	183.284
45	maps/mazes/maze_087.map	512	512	325	56	350	89	183.113
45	maps/mazes/maze_087.map	512	512	64	224	97	120	183.527
45	maps/mazes/maze_087.map	512	512	115	424	133	456	183.355
45	maps/mazes/maze_087.map	512	512	9	198	68	127	183.698
45	maps/mazes/maze_087.map	512	512	134	340	149	358	183.284
45	maps/mazes/maze_087.map	512	512	404	219	299	205	183.87
45	maps/mazes/maze_087.map	512	512	138	348	156	355	183.87
44	maps/mazes/maze_087.map	512	512	33	18	88	9	179.456
44	maps/mazes/maze_087.map	512	512	288	329	309	294	179.698
44	maps/mazes/maze_087.map	512	512	449	208	415	200	179.213
44	maps/mazes/maze_087.map	512	512	285	260	268	232	179.87
44	maps/mazes/maze_087.map	512	512	268	115	173	106	179.213
44	maps/mazes/maze_087.map	512	512	481	132	491	177	179.042
44	maps/mazes/maze_087.map	512	512	409	89	412	122	179.213
44	maps/mazes/maze_087.map	512	512	4	128	5	30	179.042
44	maps/mazes/maze_087.map	512	512	349	414	394	428	179.527
43	maps/mazes/maze_087.map	512	512	173	11	124	73	175.284
43	maps/mazes/maze_087.map	512	512	36	268	126	241	175.527
43	maps/mazes/maze_087.map	512	512	497	349	488	393	175.971
43	maps/mazes/maze_087.map	512	512	316	424	333	457	175.456
43	maps/mazes/maze_087.map	512	512	432	345	456	342	175.87
43	maps/mazes/maze_087.map	512	512	165	68	124	54	175.042
43	maps/mazes/maze_087.map	512	512	393	209	308	197	175.627
43	maps/mazes/maze_087.map	512	512	485	8	437	14	175.213
43	maps/mazes/maze_087.map	512	512	373	59	396	59	175.627
43	maps/mazes/maze_087.map	512	512	97	234	91	165	175.042
42	maps/mazes/maze_087.map	512	512	300	131	268	187	171.456
42	maps/mazes/maze_087.map	512	512	500	192	443	153	171.799
42	maps/mazes/maze_087.map	512	512	255	56	178	41	171.698
42	maps/mazes/maze_087.map	512	512	5	17	77	25	171.799
42	maps/mazes/maze_087.map	512	512	493	112	493	117	171.627
42	maps/mazes/maze_087.map	512	512	373	370	328	401	171.456
42	maps/mazes/maze_087.map	512	512	113	49	55	29	171.556
42	maps/mazes/maze_087.map	512	512	323	49	350	81	171.284
42	maps/mazes/maze_087.map	512	512	25	84	25	20	171.213
42	maps/mazes/maze_087.map	512	512	91	69	67	52	171.728
41	maps/mazes/maze_087.map	512	512	142	97	93	159	167.627
41	maps/mazes/maze_087.map	512	512	245	103	176	104	166.971
41	maps/mazes/maze_087.map	512	512	205	227	177	138	166.799
41	maps/mazes/maze_087.map	512	512	248	338	222	376	167.113
41	maps/mazes/maze_087.map	512	512	448	332	417	351	167.213
41	maps/mazes/maze_087.map	512	512	62	97	93	124	167.698
41	maps/mazes/maze_087.map	512	512	390	413	360	423	167.456
41	maps/mazes/maze_087.map	512	512	148	219	81	272	167.113
41	maps/mazes/maze_087.map	512	512	313	64	364	93	167.213
40	maps/mazes/maze_087.map	512	512	130	145	135	185	163.627
40	maps/mazes/maze_087.map	512	512	109	159	94	129	163.627
40	maps/mazes/maze_087.map	512	512	353	304	376	352	163.042
40	maps/mazes/maze_087.map	512	512	233	133	182	121	163.627
40	maps/mazes/maze_087.map	512	512	405	99	438	105	163.385
40	maps/mazes/maze_087.map	512	512	169	320	166	252	163.142
40	maps/mazes/maze_087.map	512	512	381	137	350	121	163.87
40	maps/mazes/maze_087.map	512	512	140	309	128	340	163.627
40	maps/mazes/maze_087.map	512	512	200	216	218	205	163.627
40	maps/mazes/maze_087.map	512	512	347	356	309	372	163.799
39	maps/mazes/maze_087.map	512	512	358	313	369	354	159.213
39	maps/mazes/maze_087.map	512	512	101	107	165	122	159.971
39	maps/mazes/maze_087.map	512	512	317	132	265	177	159.042
39	maps/mazes/maze_087.map	512	512	340	192	389	194	159.284
39	maps/mazes/maze_087.map	512	512	441	482	463	452	159.799
39	maps/mazes/maze_087.map	512	512	396	78	409	37	159.799
39	maps/mazes/maze_087.map	512	512	138	437	122	452	159.284
39	maps/mazes/maze_087.map	512	512	11	124	4	88	159.627
39	maps/mazes/maze_087.map	512	512	220	449	195	436	159.556
39	maps/mazes/maze_087.map	512	512	35	76	21	117	159.627
38	maps/mazes/maze_087.map	512	512	156	477	121	450	155.456
38	maps/mazes/maze_087.map	512	512	479	208	464	222	155.284
38	maps/mazes/maze_087.map	512	512	213	304	180	309	155.456
38	maps/mazes/maze_087.map	512	512	225	348	209	369	155.284
38	maps/mazes/maze_087.map	512	512	308	33	314	92	155.87
38	maps/mazes/maze_087.map	512	512	339	53	356	93	155.142
38	maps/mazes/maze_087.map	512	512	509	372	484	377	155.556
38	maps/mazes/maze_087.map	512	512	460	249	504	229	155.799
38	maps/mazes/maze_087.map	512	512	244	173	181	133	155.042
38	maps/mazes/maze_087.map	512	512	173	348	137	405	155.042
37	maps/mazes/maze_087.map	512	512	369	190	344	180	151.971
37	maps/mazes/maze_087.map	512	512	113	264	160	201	151.213
37	maps/mazes/maze_087.map	512	512	163	156	175	125	151.87
37	maps/mazes/maze_087.map	512	512	88	349	24	351	151.213
37	maps/mazes/maze_087.map	512	512	21	136	20	172	151.385
37	maps/mazes/maze_087.map	512	512	232	133	187	129	150.799
37	maps/mazes/maze_087.map	512	512	321	311	279	292	151.042
37	maps/mazes/maze_087.map	512	512	59	208	91	121	151.284
37	maps/mazes/maze_087.map	512	512	177	352	165	304	151.698
37	maps/mazes/maze_087.map	512	512	104	114	168	112	151.799
36	maps/mazes/maze_087.map	512	512	16	240	25	212	147.971
36	maps/mazes/maze_087.map	512	512	499	224	445	169	147.385
36	maps/mazes/maze_087.map	512	512	499	332	508	385	147.314
36	maps/mazes/maze_087.map	512	512	450	96	500	132	147.698
36	maps/mazes/maze_087.map	512	512	108	409	119	449	147.385
36	maps/mazes/maze_087.map	512	512	390	141	356	117	147.456
36	maps/mazes/maze_087.map	512	512	185	362	163	304	147.456
36	maps/mazes/maze_087.map	512	512	493	207	464	217	147.042
36	maps/mazes/maze_087.map	512	512	370	284	320	279	147.971
35	maps/mazes/maze_087.map	512	512	244	103	182	116	143.971
35	maps/mazes/maze_087.map	512	512	330	472	332	419	143.971
35	maps/mazes/maze_087.map	512	512	261	12	300	32	143.87
35	maps/mazes/maze_087.map	512	512	449	69	388	64	143.799
35	maps/mazes/maze_087.map	512	512	405	377	460	380	143.456
35	maps/mazes/maze_087.map	512	512	224	266	225	200	143.87
35	maps/mazes/maze_087.map	512	512	336	299	290	341	143.698
35	maps/mazes/maze_087.map	512	512	344	152	337	115	143.799
35	maps/mazes/maze_087.map	512	512	222	97	200	69	143.556
34	maps/mazes/maze_087.map	512	512	153	490	142	469	138.87
34	maps/mazes/maze_087.map	512	512	37	483	65	481	139.314
34	maps/mazes/maze_087.map	512	512	414	129	410	145	139.799
34	maps/mazes/maze_087.map	512	512	292	479	316	450	139.87
34	maps/mazes/maze_087.map	512	512	489	9	458	9	139.971
34	maps/mazes/maze_087.map	512	512	480	501	472	452	139.142
34	maps/mazes/maze_087.map	512	512	52	222	1	216	139.627
34	maps/mazes/maze_087.map	512	512	370	205	296	212	139.385
34	maps/mazes/maze_087.map	512	512	197	333	205	332	139.87
34	maps/mazes/maze_087.map	512	512	305	457	321	453	139.556
33	maps/mazes/maze_087.map	512	512	105	441	120	410	134.971
33	maps/mazes/maze_087.map	512	512	173	317	163	265	135.314
33	maps/mazes/maze_087.map	512	512	179	308	164	268	135.728
33	maps/mazes/maze_087.map	512	512	85	193	118	180	135.799
33	maps/mazes/maze_087.map	512	512	230	120	184	122	135.213
33	maps/mazes/maze_087.map	512	512	438	436	408	475	135.385
33	maps/mazes/maze_087.map	512	512	321	488	357	465	135.87
33	maps/mazes/maze_087.map	512	512	311	489	369	453	135.698
33	maps/mazes/maze_087.map	512	512	241	12	195	5	135.485
33	maps/mazes/maze_087.map	512	512	477	89	476	109	135.142
32	maps/mazes/maze_087.map	512	512	61	123	66	84	131.799
32	maps/mazes/maze_087.map	512	512	368	320	358	352	131.213
32	maps/mazes/maze_087.map	512	512	220	177	157	121	131.142
32	maps/mazes/maze_087.map	512	512	81	20	127	32	131.556
32	maps/mazes/maze_087.map	512	512	292	236	244	260	131.799
32	maps/mazes/maze_087.map	512	512	470	405	479	345	131.142
32	maps/mazes/maze_087.map	512	512	408	292	400	228	131.899
32	maps/mazes/maze_087.map	512	512	404	364	433	349	131.799
32	maps/mazes/maze_087.map	512	512	58	320	71	273	131.799
32	maps/mazes/maze_087.map	512	512	221	40	205	2	131.556
31	maps/mazes/maze_087.map	512	512	102	340	109	277	127.556
31	maps/mazes/maze_087.map	512	512	266	29	180	1	127.314
31	maps/mazes/maze_087.map	512	512	138	376	137	336	127.385
31	maps/mazes/maze_087.map	512	512	299	425	277	403	127.556
31	maps/mazes/maze_087.map	512	512	182	468	152	480	127.799
31	maps/mazes/maze_087.map	512	512	195	413	153	432	127.728
31	maps/mazes/maze_087.map	512	512	329	88	364	114	127.728
31	maps/mazes/maze_087.map	512	512	78	428	120	445	127.971
25	maps/mazes/maze_087.map	512	512	251	240	237	267	101.627
31	maps/mazes/maze_087.map	512	512	359	268	391	277	126.799
31	maps/mazes/maze_087.map	512	512	211	416	252	430	127.042
30	maps/mazes/maze_087.map	512	512	77	133	101	126	123.142
30	maps/mazes/maze_087.map	512	512	305	377	269	391	123.556
30	maps/mazes/maze_087.map	512	512	384	288	351	297	123.899
30	maps/mazes/maze_087.map	512	512	448	34	444	54	123.899
30	maps/mazes/maze_087.map	512	512	333	116	305	104	123.799
30	maps/mazes/maze_087.map	512	512	500	296	457	263	123.314
30	maps/mazes/maze_087.map	512	512	404	181	368	172	123.971
30	maps/mazes/maze_087.map	512	512	17	157	21	155	123.556
30	maps/mazes/maze_087.map	512	512	60	40	90	25	123.485
30	maps/mazes/maze_087.map	512	512	71	104	84	82	123.385
29	maps/mazes/maze_087.map	512	512	140	195	160	207	119.799
29	maps/mazes/maze_087.map	512	512	493	165	504	153	119.385
29	maps/mazes/maze_087.map	512	512	103	461	89	419	119.556
29	maps/mazes/maze_087.map	512	512	97	49	116	58	119.556
29	maps/mazes/maze_087.map	512	512	413	373	457	375	119.213
29	maps/mazes/maze_087.map	512	512	174	384	248	388	119.799
29	maps/mazes/maze_087.map	512	512	162	153	182	149	119.799
29	maps/mazes/maze_087.map	512	512	332	496	340	488	119.213
29	maps/mazes/maze_087.map	512	512	456	437	431	400	119.799
29	maps/mazes/maze_087.map	512	512	333	261	313	284	119.385
28	maps/mazes/maze_087.map	512	512	110	397	141	393	115.971
28	maps/mazes/maze_087.map	512	512	249	192	226	160	115.627
28	maps/mazes/maze_087.map	512	512	137	210	122	176	115.87
28	maps/mazes/maze_087.map	512	512	277	166	275	109	115.142
28	maps/mazes/maze_087.map	512	512	155	465	115	440	115.385
28	maps/mazes/maze_087.map	512	512	101	194	101	178	115.213
28	maps/mazes/maze_087.map	512	512	218	465	159	457	115.971
28	maps/mazes/maze_087.map	512	512	501	261	457	263	115.799
28	maps/mazes/maze_087.map	512	512	480	258	502	237	115.142
28	maps/mazes/maze_087.map	512	512	136	124	134	157	115.728
27	maps/mazes/maze_087.map	512	512	294	268	325	270	111.142
27	maps/mazes/maze_087.map	512	512	104	120	104	159	111.728
27	maps/mazes/maze_087.map	512	512	351	248	384	241	111.799
27	maps/mazes/maze_087.map	512	512	472	354	496	319	111.728
27	maps/mazes/maze_087.map	512	512	100	126	147	101	111.556
27	maps/mazes/maze_087.map	512	512	442	220	413	222	111.142
27	maps/mazes/maze_087.map	512	512	509	154	496	177	111.556
27	maps/mazes/maze_087.map	512	512	486	81	447	97	111.243
27	maps/mazes/maze_087.map	512	512	131	253	84	256	110.627
27	maps/mazes/maze_087.map	512	512	0	107	1	62	111.556
26	maps/mazes/maze_087.map	512	512	437	10	413	8	107.899
26	maps/mazes/maze_087.map	512	512	494	357	505	384	107.071
26	maps/mazes/maze_087.map	512	512	364	153	406	176	107.385
26	maps/mazes/maze_087.map	512	512	479	381	489	432	107.142
26	maps/mazes/maze_087.map	512	512	156	424	177	436	107.142
26	maps/mazes/maze_087.map	512	512	100	25	165	11	107.142
26	maps/mazes/maze_087.map	512	512	47	505	93	475	107.799
26	maps/mazes/maze_087.map	512	512	22	93	40	106	107.142
26	maps/mazes/maze_087.map	512	512	266	252	257	276	107.142
26	maps/mazes/maze_087.map	512	512	93	420	124	411	106.728
25	maps/mazes/maze_087.map	512	512	189	44	216	20	103.728
25	maps/mazes/maze_087.map	512	512	314	393	267	384	103.556
25	maps/mazes/maze_087.map	512	512	449	32	427	56	103.899
25	maps/mazes/maze_087.map	512	512	68	56	57	18	103.728
25	maps/mazes/maze_087.map	512	512	461	216	432	215	103.556
25	maps/mazes/maze_087.map	512	512	236	496	280	474	103.314
25	maps/mazes/maze_087.map	512	512	50	468	24	496	103.071
25	maps/mazes/maze_087.map	512	512	301	195	248	171	103.728
25	maps/mazes/maze_087.map	512	512	133	454	93	409	103.971
24	maps/mazes/maze_087.map	512	512	256	13	292	17	99.5563
24	maps/mazes/maze_087.map	512	512	224	63	174	53	99.5563
24	maps/mazes/maze_087.map	512	512	268	37	213	1	99.4853
24	maps/mazes/maze_087.map	512	512	117	187	105	177	99.799
24	maps/mazes/maze_087.map	512	512	78	301	51	300	99.2132
24	maps/mazes/maze_087.map	512	512	323	69	330	89	99.3848
24	maps/mazes/maze_087.map	512	512	126	309	127	332	99.5563
24	maps/mazes/maze_087.map	512	512	375	340	387	285	99.4853
24	maps/mazes/maze_087.map	512	512	316	316	306	292	99.5563
24	maps/mazes/maze_087.map	512	512	156	158	184	153	99.9706
23	maps/mazes/maze_087.map	512	512	340	150	360	126	95.3137
23	maps/mazes/maze_087.map	512	512	340	25	339	45	95.1421
23	maps/mazes/maze_087.map	512	512	466	93	451	89	95.9706
23	maps/mazes/maze_087.map	512	512	383	480	401	472	95.5563
23	maps/mazes/maze_087.map	512	512	422	93	400	112	94.8995
23	maps/mazes/maze_087.map	512	512	145	358	165	331	95.1421
23	maps/mazes/maze_087.map	512	512	462	280	489	264	95.7279
23	maps/mazes/maze_087.map	512	512	337	149	349	134	95.4853
23	maps/mazes/maze_087.map	512	512	118	481	100	500	95.1421
23	maps/mazes/maze_087.map	512	512	440	452	430	476	95.5563
4	maps/mazes/maze_087.map	512	512	31	268	40	272	17.2426
22	maps/mazes/maze_087.map	512	512	88	482	48	508	91.6569
22	maps/mazes/maze_087.map	512	512	280	128	270	148	91.8995
22	maps/mazes/maze_087.map	512	512	116	259	137	209	91.9706
22	maps/mazes/maze_087.map	512	512	179	176	185	151	91.1421
22	maps/mazes/maze_087.map	512	512	140	308	112	317	91.1421
22	maps/mazes/maze_087.map	512	512	334	284	337	253	91.5563
22	maps/mazes/maze_087.map	512	512	502	464	508	409	91.4853
22	maps/mazes/maze_087.map	512	512	37	318	63	281	91.1421
22	maps/mazes/maze_087.map	512	512	68	160	100	105	91.9706
21	maps/mazes/maze_087.map	512	512	148	348	166	329	87.1421
21	maps/mazes/maze_087.map	512	512	148	12	97	26	87.4853
21	maps/mazes/maze_087.map	512	512	404	431	423	424	86.7279
21	maps/mazes/maze_087.map	512	512	141	438	154	472	87.7279
21	maps/mazes/maze_087.map	512	512	312	501	332	508	87.1421
21	maps/mazes/maze_087.map	512	512	433	161	398	137	86.8995
21	maps/mazes/maze_087.map	512	512	212	393	166	380	87.1421
21	maps/mazes/maze_087.map	512	512	166	325	162	297	87.8995
21	maps/mazes/maze_087.map	512	512	504	447	489	388	87.6569
20	maps/mazes/maze_087.map	512	512	163	457	143	468	83.7279
20	maps/mazes/maze_087.map	512	512	184	493	179	504	83.8995
20	maps/mazes/maze_087.map	512	512	142	441	156	472	83.1421
20	maps/mazes/maze_087.map	512	512	394	77	383	61	83.4853
20	maps/mazes/maze_087.map	512	512	131	136	117	100	83.3137
20	maps/mazes/maze_087.map	512	512	484	318	505	300	82.8995
20	maps/mazes/maze_087.map	512	512	373	300	361	289	83.4853
20	maps/mazes/maze_087.map	512	512	14	305	19	332	83.3137
20	maps/mazes/maze_087.map	512	512	240	274	259	256	83.7279
20	maps/mazes/maze_087.map	512	512	116	477	97	496	83.3137
19	maps/mazes/maze_087.map	512	512	206	116	185	103	79.0711
19	maps/mazes/maze_087.map	512	512	183	72	137	82	79.0711
19	maps/mazes/maze_087.map	512	512	145	216	133	208	79.5563
19	maps/mazes/maze_087.map	512	512	506	413	477	387	79.7279
19	maps/mazes/maze_087.map	512	512	488	477	500	444	79.1421
19	maps/mazes/maze_087.map	512	512	67	105	61	79	79.3137
19	maps/mazes/maze_087.map	512	512	370	464	399	456	79.1421
19	maps/mazes/maze_087.map	512	512	268	168	270	128	79.0711
19	maps/mazes/maze_087.map	512	512	61	356	12	365	79.5563
19	maps/mazes/maze_087.map	512	512	297	279	325	271	79.0711
18	maps/mazes/maze_087.map	512	512	418	133	429	141	75.4853
18	maps/mazes/maze_087.map	512	512	406	277	377	241	75.2426
18	maps/mazes/maze_087.map	512	512	278	244	255	280	75.1421
18	maps/mazes/maze_087.map	512	512	394	237	376	215	75.8995
18	maps/mazes/maze_087.map	512	512	220	298	241	264	75.7279
18	maps/mazes/maze_087.map	512	512	25	212	25	191	75.7279
18	maps/mazes/maze_087.map	512	512	312	161	324	181	75.8995
18	maps/mazes/maze_087.map	512	512	305	184	265	195	75.4853
18	maps/mazes/maze_087.map	512	512	236	240	229	256	75.7279
18	maps/mazes/maze_087.map	512	512	493	409	476	439	75.4853
17	maps/mazes/maze_087.map	512	512	158	440	118	420	71.8995
17	maps/mazes/maze_087.map	512	512	184	121	200	161	71.3137
17	maps/mazes/maze_087.map	512	512	101	93	117	59	71.8995
17	maps/mazes/maze_087.map	512	512	124	277	117	298	71.8995
17	maps/mazes/maze_087.map	512	512	332	27	322	33	71.8995
17	maps/mazes/maze_087.map	512	512	94	432	105	423	71.3137
17	maps/mazes/maze_087.map	512	512	419	133	428	144	71.0711
17	maps/mazes/maze_087.map	512	512	392	87	421	99	70.8995
16	maps/mazes/maze_087.map	512	512	300	272	316	269	67.4853
16	maps/mazes/maze_087.map	512	512	364	388	384	418	67.3137
16	maps/mazes/maze_087.map	512	512	256	20	213	2	67.2426
16	maps/mazes/maze_087.map	512	512	16	477	29	486	67.8995
16	maps/mazes/maze_087.map	512	512	76	374	93	360	67.1421
16	maps/mazes/maze_087.map	512	512	248	51	239	49	67.1421
16	maps/mazes/maze_087.map	512	512	341	239	301	248	66.8995
16	maps/mazes/maze_087.map	512	512	277	312	311	333	67.7279
16	maps/mazes/maze_087.map	512	512	289	468	326	476	67.7279
16	maps/mazes/maze_087.map	512	512	105	50	91	72	67.3137
15	maps/mazes/maze_087.map	512	512	172	214	147	201	63.6569
15	maps/mazes/maze_087.map	512	512	233	501	260	497	63.2426
15	maps/mazes/maze_087.map	512	512	185	376	188	380	63.4853
15	maps/mazes/maze_087.map	512	512	21	406	44	426	63.4853
15	maps/mazes/maze_087.map	512	512	4	110	24	83	63.4853
15	maps/mazes/maze_087.map	512	512	92	380	65	383	63.0711
15	maps/mazes/maze_087.map	512	512	16	310	9	313	63.6569
15	maps/mazes/maze_087.map	512	512	45	445	25	439	63.0711
15	maps/mazes/maze_087.map	512	512	457	347	488	335	63.4853
14	maps/mazes/maze_087.map	512	512	206	4	194	5	59.8284
14	maps/mazes/maze_087.map	512	512	501	49	456	63	59.7279
14	maps/mazes/maze_087.map	512	512	147	316	139	344	59.0711
14	maps/mazes/maze_087.map	512	512	208	8	227	17	59.6569
14	maps/mazes/maze_087.map	512	512	211	460	203	464	59.6569
14	maps/mazes/maze_087.map	512	512	16	41	36	17	59.8995
14	maps/mazes/maze_087.map	512	512	22	17	51	4	59.3137
14	maps/mazes/maze_087.map	512	512	315	329	324	315	59.1421
14	maps/mazes/maze_087.map	512	512	414	500	446	496	59.3137
14	maps/mazes/maze_087.map	512	512	481	431	456	432	59.0711
13	maps/mazes/maze_087.map	512	512	72	195	85	209	55.4853
13	maps/mazes/maze_087.map	512	512	256	380	258	396	55.0711
13	maps/mazes/maze_087.map	512	512	149	416	158	416	54.6569
13	maps/mazes/maze_087.map	512	512	384	321	403	324	55.8995
13	maps/mazes/maze_087.map	512	512	471	0	448	11	55.0711
13	maps/mazes/maze_087.map	512	512	389	249	356	254	55.0711
13	maps/mazes/maze_087.map	512	512	184	370	189	378	55.4853
13	maps/mazes/maze_087.map	512	512	448	62	454	52	55.6569
13	maps/mazes/maze_087.map	512	512	204	81	218	61	55.0711
13	maps/mazes/maze_087.map	512	512	241	293	241	268	55.4853
12	maps/mazes/maze_087.map	512	512	405	37	421	17	51.8995
12	maps/mazes/maze_087.map	512	512	72	32	96	41	51.4853
12	maps/mazes/maze_087.map	512	512	195	81	173	59	51.6569
12	maps/mazes/maze_087.map	512	512	74	65	118	69	51.6569
12	maps/mazes/maze_087.map	512	512	505	45	500	9	51.8284
12	maps/mazes/maze_087.map	512	512	453	468	468	451	51.0711
12	maps/mazes/maze_087.map	512	512	216	17	216	1	51.0711
12	maps/mazes/maze_087.map	512	512	69	308	50	289	51.3137
12	maps/mazes/maze_087.map	512	512	8	7	49	2	51.6569
12	maps/mazes/maze_087.map	512	512	210	273	216	231	51.0711
11	maps/mazes/maze_087.map	512	512	472	277	462	261	47.0711
11	maps/mazes/maze_087.map	512	512	377	15	401	1	47.6569
11	maps/mazes/maze_087.map	512	512	101	316	109	328	47.6569
11	maps/mazes/maze_087.map	512	512	364	314	345	336	47.2426
11	maps/mazes/maze_087.map	512	512	277	152	271	168	47.0711
11	maps/mazes/maze_087.map	512	512	412	429	422	424	47.4853
11	maps/mazes/maze_087.map	512	512	120	434	152	441	47.4853
11	maps/mazes/maze_087.map	512	512	482	248	496	249	47.4853
11	maps/mazes/maze_087.map	512	512	505	313	508	305	47.8284
11	maps/mazes/maze_087.map	512	512	282	77	269	77	47.2426
10	maps/mazes/maze_087.map	512	512	320	301	323	320	43.6569
10	maps/mazes/maze_087.map	512	512	275	93	252	78	43.0711
10	maps/mazes/maze_087.map	512	512	269	374	299	380	43.0711
10	maps/mazes/maze_087.map	512	512	257	244	268	239	43.6569
10	maps/mazes/maze_087.map	512	512	435	9	428	26	43.0711
10	maps/mazes/maze_087.map	512	512	321	392	334	380	43.4853
10	maps/mazes/maze_087.map	512	512	419	20	414	29	43.6569
10	maps/mazes/maze_087.map	512	512	5	429	9	424	43.8284
10	maps/mazes/maze_087.map	512	512	495	488	501	508	43.0711
10	maps/mazes/maze_087.map	512	512	469	224	496	227	43.6569
9	maps/mazes/maze_087.map	512	512	72	332	95	321	39.6569
9	maps/mazes/maze_087.map	512	512	189	322	165	310	39.6569
9	maps/mazes/maze_087.map	512	512	237	96	225	90	39.0711
9	maps/mazes/maze_087.map	512	512	173	261	169	245	39.0711
9	maps/mazes/maze_087.map	512	512	500	376	508	357	39.2426
9	maps/mazes/maze_087.map	512	512	301	262	309	284	39.6569
9	maps/mazes/maze_087.map	512	512	50	377	43	388	39.4142
9	maps/mazes/maze_087.map	512	512	169	489	172	504	39.6569
9	maps/mazes/maze_087.map	512	512	41	249	24	268	39.0711
8	maps/mazes/maze_087.map	512	512	429	112	442	109	35.4142
8	maps/mazes/maze_087.map	512	512	148	230	169	225	35.8995
8	maps/mazes/maze_087.map	512	512	180	39	177	60	35.0711
8	maps/mazes/maze_087.map	512	512	153	404	165	393	35.2426
8	maps/mazes/maze_087.map	512	512	449	78	438	85	35.6569
8	maps/mazes/maze_087.map	512	512	148	191	160	206	35.2426
8	maps/mazes/maze_087.map	512	512	57	1	61	22	35.8284
8	maps/mazes/maze_087.map	512	512	380	449	373	457	35.4853
8	maps/mazes/maze_087.map	512	512	195	268	205	270	35.4142
8	maps/mazes/maze_087.map	512	512	494	385	490	388	35
7	maps/mazes/maze_087.map	512	512	156	448	152	464	31.6569
7	maps/mazes/maze_087.map	512	512	189	360	208	352	31.8284
7	maps/mazes/maze_087.map	512	512	69	421	53	425	31.4142
7	maps/mazes/maze_087.map	512	512	489	45	476	25	31.2426
7	maps/mazes/maze_087.map	512	512	224	468	224	479	31.8284
7	maps/mazes/maze_087.map	512	512	27	112	37	106	31.6569
7	maps/mazes/maze_087.map	512	512	368	45	352	41	31.0711
7	maps/mazes/maze_087.map	512	512	500	64	495	73	31.6569
6	maps/mazes/maze_087.map	512	512	401	84	421	85	25.2426
7	maps/mazes/maze_087.map	512	512	355	44	368	50	31.2426
7	maps/mazes/maze_087.map	512	512	345	340	357	340	31.6569
6	maps/mazes/maze_087.map	512	512	64	470	83	480	27.4853
6	maps/mazes/maze_087.map	512	512	174	249	164	238	27.2426
6	maps/mazes/maze_087.map	512	512	282	156	270	168	27.6569
6	maps/mazes/maze_087.map	512	512	325	445	333	452	27.8284
6	maps/mazes/maze_087.map	512	512	440	25	425	17	27.8284
6	maps/mazes/maze_087.map	512	512	18	285	16	302	27.8284
6	maps/mazes/maze_087.map	512	512	90	72	115	69	27.4142
6	maps/mazes/maze_087.map	512	512	185	102	185	93	27
6	maps/mazes/maze_087.map	512	512	188	84	178	77	27
5	maps/mazes/maze_087.map	512	512	500	416	508	421	23.8284
5	maps/mazes/maze_087.map	512	512	241	130	233	125	23.2426
5	maps/mazes/maze_087.map	512	512	484	28	481	36	23.8284
5	maps/mazes/maze_087.map	512	512	488	39	476	26	23.8284
5	maps/mazes/maze_087.map	512	512	81	156	89	139	23.2426
5	maps/mazes/maze_087.map	512	512	300	280	315	280	23.8284
5	maps/mazes/maze_087.map	512	512	388	322	396	313	23.2426
5	maps/mazes/maze_087.map	512	512	10	329	17	316	23.6569
5	maps/mazes/maze_087.map	512	512	237	138	229	121	23.2426
5	maps/mazes/maze_087.map	512	512	13	69	1	68	23.8284
4	maps/mazes/maze_087.map	512	512	152	7	165	9	19.8284
4	maps/mazes/maze_087.map	512	512	226	457	216	464	19.8284
4	maps/mazes/maze_087.map	512	512	500	484	502	496	19.4142
4	maps/mazes/maze_087.map	512	512	138	489	141	473	19.2426
4	maps/mazes/maze_087.map	512	512	33	138	40	152	19.2426
4	maps/mazes/maze_087.map	512	512	154	137	148	129	18.8284
4	maps/mazes/maze_087.map	512	512	224	260	230	256	19.6569
4	maps/mazes/maze_087.map	512	512	133	509	139	496	19.8284
4	maps/mazes/maze_087.map	512	512	173	467	183	472	19.8284
3	maps/mazes/maze_087.map	512	512	304	405	297	396	15.4142
3	maps/mazes/maze_087.map	512	512	296	124	300	136	15.4142
3	maps/mazes/maze_087.map	512	512	430	97	441	97	15.8284
3	maps/mazes/maze_087.map	512	512	311	416	321	417	15.2426
3	maps/mazes/maze_087.map	512	512	420	509	414	500	15.8284
3	maps/mazes/maze_087.map	512	512	107	404	116	398	15
3	maps/mazes/maze_087.map	512	512	441	118	436	121	14.8284
3	maps/mazes/maze_087.map	512	512	429	165	432	159	15.8284
3	maps/mazes/maze_087.map	512	512	296	193	292	199	15.4142
3	maps/mazes/maze_087.map	512	512	508	84	501	74	15.2426
2	maps/mazes/maze_087.map	512	512	333	217	324	213	11.8284
2	maps/mazes/maze_087.map	512	512	162	236	158	240	11.4142
2	maps/mazes/maze_087.map	512	512	434	269	434	277	11.4142
2	maps/mazes/maze_087.map	512	512	392	114	388	105	11.8284
2	maps/mazes/maze_087.map	512	512	269	276	263	269	11.2426
2	maps/mazes/maze_087.map	512	512	295	308	284	308	11
2	maps/mazes/maze_087.map	512	512	172	184	165	188	11
2	maps/mazes/maze_087.map	512	512	20	348	21	354	11.8284
2	maps/mazes/maze_087.map	512	512	412	370	421	372	11.8284
2	maps/mazes/maze_087.map	512	512	347	200	339	205	11.2426
1	maps/mazes/maze_087.map	512	512	408	297	401	297	7
1	maps/mazes/maze_087.map	512	512	344	440	340	437	7
1	maps/mazes/maze_087.map	512	512	332	505	333	498	7.41421
1	maps/mazes/maze_087.map	512	512	467	484	461	483	7
1	maps/mazes/maze_087.map	512	512	63	237	57	238	7
1	maps/mazes/maze_087.map	512	512	460	361	464	357	7.41421
1	maps/mazes/maze_087.map	512	512	408	284	412	289	7.82843
1	maps/mazes/maze_087.map	512	512	278	301	278	297	7.41421
1	maps/mazes/maze_087.map	512	512	109	73	112	68	7.41421
1	maps/mazes/maze_087.map	512	512	364	313	360	317	7.41421
0	maps/mazes/maze_087.map	512	512	250	489	249	491	3
0	maps/mazes/maze_087.map	512	512	473	10	475	9	3
0	maps/mazes/maze_087.map	512	512	347	33	344	33	3
0	maps/mazes/maze_087.map	512	512	496	446	499	444	3.82843
0	maps/mazes/maze_087.map	512	512	151	101	148	101	3
0	maps/mazes/maze_087.map	512	512	185	265	182	265	3
0	maps/mazes/maze_087.map	512	512	289	230	291	229	3
0	maps/mazes/maze_087.map	512	512	141	308	141	305	3
0	maps/mazes/maze_087.map	512	512	109	292	112	293	3.41421
0	maps/mazes/maze_087.map	512	512	120	416	123	416	3
