version 1
127	maps/mazes/maze_097.map	512	512	44	104	112	114	511.983
127	maps/mazes/maze_097.map	512	512	63	296	40	185	511.296
127	maps/mazes/maze_097.map	512	512	84	73	145	130	511.782
127	maps/mazes/maze_097.map	512	512	31	152	80	221	511.782
127	maps/mazes/maze_097.map	512	512	2	465	183	489	511.51
127	maps/mazes/maze_097.map	512	512	471	509	372	408	511.539
127	maps/mazes/maze_097.map	512	512	248	184	105	111	511.983
127	maps/mazes/maze_097.map	512	512	172	384	189	308	511.711
127	maps/mazes/maze_097.map	512	512	305	436	196	275	511.397
127	maps/mazes/maze_097.map	512	512	331	81	324	14	511.539
126	maps/mazes/maze_097.map	512	512	203	388	224	254	507.368
126	maps/mazes/maze_097.map	512	512	174	68	104	85	507.953
126	maps/mazes/maze_097.map	512	512	468	353	402	396	507.61
126	maps/mazes/maze_097.map	512	512	15	5	125	148	507.225
126	maps/mazes/maze_097.map	512	512	394	292	272	174	507.196
126	maps/mazes/maze_097.map	512	512	252	28	105	22	507.225
126	maps/mazes/maze_097.map	512	512	120	328	118	373	507.468
126	maps/mazes/maze_097.map	512	512	33	200	28	85	507.054
126	maps/mazes/maze_097.map	512	512	182	505	235	440	507.882
126	maps/mazes/maze_097.map	512	512	441	209	319	145	507.539
125	maps/mazes/maze_097.map	512	512	277	251	216	320	503.439
125	maps/mazes/maze_097.map	512	512	413	492	349	361	503.61
27	maps/mazes/maze_097.map	512	512	316	434	358	436	108.971
125	maps/mazes/maze_097.map	512	512	396	339	368	404	503.368
125	maps/mazes/maze_097.map	512	512	289	113	198	197	503.468
125	maps/mazes/maze_097.map	512	512	508	456	508	277	503.569
125	maps/mazes/maze_097.map	512	512	192	387	188	316	503.711
125	maps/mazes/maze_097.map	512	512	395	309	352	327	503.125
125	maps/mazes/maze_097.map	512	512	361	168	208	192	503.711
125	maps/mazes/maze_097.map	512	512	282	373	218	264	503.368
125	maps/mazes/maze_097.map	512	512	261	288	271	173	503.468
124	maps/mazes/maze_097.map	512	512	324	348	240	255	499.811
124	maps/mazes/maze_097.map	512	512	20	217	64	111	498.711
124	maps/mazes/maze_097.map	512	512	236	508	229	317	499.882
124	maps/mazes/maze_097.map	512	512	400	389	440	463	499.397
124	maps/mazes/maze_097.map	512	512	287	160	185	173	499.225
124	maps/mazes/maze_097.map	512	512	508	418	437	283	499.983
124	maps/mazes/maze_097.map	512	512	186	56	114	108	499.539
124	maps/mazes/maze_097.map	512	512	373	508	234	352	499.225
124	maps/mazes/maze_097.map	512	512	291	192	351	169	499.368
124	maps/mazes/maze_097.map	512	512	208	308	208	178	499.196
123	maps/mazes/maze_097.map	512	512	62	104	109	113	495.74
123	maps/mazes/maze_097.map	512	512	103	153	9	57	495.154
123	maps/mazes/maze_097.map	512	512	173	416	226	317	495.397
97	maps/mazes/maze_097.map	512	512	275	220	369	322	390.326
123	maps/mazes/maze_097.map	512	512	368	273	364	165	495.64
123	maps/mazes/maze_097.map	512	512	157	171	64	109	494.64
122	maps/mazes/maze_097.map	512	512	80	104	102	112	490.912
123	maps/mazes/maze_097.map	512	512	244	149	220	139	495.64
123	maps/mazes/maze_097.map	512	512	322	89	373	162	495.154
123	maps/mazes/maze_097.map	512	512	225	309	210	200	495.439
123	maps/mazes/maze_097.map	512	512	344	160	256	189	495.711
123	maps/mazes/maze_097.map	512	512	460	393	357	411	495.953
122	maps/mazes/maze_097.map	512	512	261	49	128	37	491.811
122	maps/mazes/maze_097.map	512	512	332	103	392	12	491.225
122	maps/mazes/maze_097.map	512	512	445	504	353	337	491.024
122	maps/mazes/maze_097.map	512	512	457	381	427	444	491.711
122	maps/mazes/maze_097.map	512	512	238	85	113	57	491.125
122	maps/mazes/maze_097.map	512	512	193	1	57	43	491.64
122	maps/mazes/maze_097.map	512	512	374	348	292	201	491.225
122	maps/mazes/maze_097.map	512	512	292	270	185	163	491.64
122	maps/mazes/maze_097.map	512	512	100	221	65	164	491.782
121	maps/mazes/maze_097.map	512	512	333	224	237	162	487.64
121	maps/mazes/maze_097.map	512	512	48	321	53	236	487.296
121	maps/mazes/maze_097.map	512	512	194	428	185	271	487.054
121	maps/mazes/maze_097.map	512	512	82	405	37	348	487.296
121	maps/mazes/maze_097.map	512	512	375	152	248	147	487.983
121	maps/mazes/maze_097.map	512	512	215	445	196	276	487.154
121	maps/mazes/maze_097.map	512	512	173	273	209	152	487.711
121	maps/mazes/maze_097.map	512	512	58	429	81	319	487.125
121	maps/mazes/maze_097.map	512	512	353	228	262	172	487.468
121	maps/mazes/maze_097.map	512	512	153	279	237	396	487.468
120	maps/mazes/maze_097.map	512	512	168	9	53	21	483.569
120	maps/mazes/maze_097.map	512	512	247	125	240	216	483.539
120	maps/mazes/maze_097.map	512	512	255	357	245	224	483.368
120	maps/mazes/maze_097.map	512	512	70	236	50	120	483.64
120	maps/mazes/maze_097.map	512	512	327	76	334	17	482.711
120	maps/mazes/maze_097.map	512	512	172	49	129	106	483.539
120	maps/mazes/maze_097.map	512	512	56	273	65	151	483.711
120	maps/mazes/maze_097.map	512	512	401	165	348	138	483.296
120	maps/mazes/maze_097.map	512	512	482	272	369	227	483.539
120	maps/mazes/maze_097.map	512	512	364	417	475	489	483.125
119	maps/mazes/maze_097.map	512	512	338	116	396	7	478.983
119	maps/mazes/maze_097.map	512	512	16	464	157	497	479.539
119	maps/mazes/maze_097.map	512	512	420	337	390	397	479.296
119	maps/mazes/maze_097.map	512	512	306	257	365	160	479.64
119	maps/mazes/maze_097.map	512	512	243	293	218	148	479.64
119	maps/mazes/maze_097.map	512	512	496	156	366	136	479.782
119	maps/mazes/maze_097.map	512	512	53	393	85	297	479.882
119	maps/mazes/maze_097.map	512	512	104	317	120	375	479.64
119	maps/mazes/maze_097.map	512	512	227	248	162	133	479.397
119	maps/mazes/maze_097.map	512	512	68	358	197	393	479.64
118	maps/mazes/maze_097.map	512	512	54	501	176	505	474.953
118	maps/mazes/maze_097.map	512	512	344	116	353	20	474.64
118	maps/mazes/maze_097.map	512	512	325	269	269	214	475.468
118	maps/mazes/maze_097.map	512	512	149	454	208	410	475.569
118	maps/mazes/maze_097.map	512	512	140	345	85	365	475.225
118	maps/mazes/maze_097.map	512	512	504	459	489	313	475.083
118	maps/mazes/maze_097.map	512	512	44	204	82	124	475.882
118	maps/mazes/maze_097.map	512	512	409	342	370	397	475.882
118	maps/mazes/maze_097.map	512	512	160	282	237	229	474.711
118	maps/mazes/maze_097.map	512	512	70	88	125	78	475.468
117	maps/mazes/maze_097.map	512	512	508	116	347	140	471.368
117	maps/mazes/maze_097.map	512	512	305	370	225	232	471.397
117	maps/mazes/maze_097.map	512	512	436	17	503	84	471.296
117	maps/mazes/maze_097.map	512	512	273	240	145	120	471.397
117	maps/mazes/maze_097.map	512	512	236	220	135	117	471.397
117	maps/mazes/maze_097.map	512	512	365	81	326	25	471.711
117	maps/mazes/maze_097.map	512	512	368	497	257	363	471.569
117	maps/mazes/maze_097.map	512	512	365	474	375	324	471.054
117	maps/mazes/maze_097.map	512	512	326	484	239	324	471.811
117	maps/mazes/maze_097.map	512	512	355	289	260	172	471.539
116	maps/mazes/maze_097.map	512	512	155	269	233	246	467.953
116	maps/mazes/maze_097.map	512	512	196	270	241	177	467.539
116	maps/mazes/maze_097.map	512	512	13	140	68	115	467.64
116	maps/mazes/maze_097.map	512	512	275	505	250	324	467.64
116	maps/mazes/maze_097.map	512	512	164	193	57	111	467.569
116	maps/mazes/maze_097.map	512	512	214	489	245	416	467.296
116	maps/mazes/maze_097.map	512	512	45	329	6	281	467.368
29	maps/mazes/maze_097.map	512	512	101	312	122	349	119.899
116	maps/mazes/maze_097.map	512	512	37	16	148	121	467.054
66	maps/mazes/maze_097.map	512	512	23	105	49	41	267.113
116	maps/mazes/maze_097.map	512	512	364	129	413	272	467.882
116	maps/mazes/maze_097.map	512	512	265	448	241	392	467.983
115	maps/mazes/maze_097.map	512	512	480	388	428	271	463.225
115	maps/mazes/maze_097.map	512	512	445	375	428	385	463.125
115	maps/mazes/maze_097.map	512	512	34	320	57	236	463.468
115	maps/mazes/maze_097.map	512	512	400	169	429	141	463.811
115	maps/mazes/maze_097.map	512	512	304	393	240	255	463.397
115	maps/mazes/maze_097.map	512	512	22	41	185	125	463.225
115	maps/mazes/maze_097.map	512	512	188	33	49	48	463.983
115	maps/mazes/maze_097.map	512	512	497	445	497	285	463.154
115	maps/mazes/maze_097.map	512	512	29	120	154	157	463.154
115	maps/mazes/maze_097.map	512	512	412	28	492	108	463.882
114	maps/mazes/maze_097.map	512	512	69	264	69	201	459.225
114	maps/mazes/maze_097.map	512	512	368	287	249	177	459.125
114	maps/mazes/maze_097.map	512	512	83	384	217	417	459.811
114	maps/mazes/maze_097.map	512	512	358	5	298	33	459.782
114	maps/mazes/maze_097.map	512	512	145	70	112	90	459.711
114	maps/mazes/maze_097.map	512	512	55	121	117	114	459.326
114	maps/mazes/maze_097.map	512	512	320	356	240	262	459.397
114	maps/mazes/maze_097.map	512	512	163	312	99	341	459.569
23	maps/mazes/maze_097.map	512	512	76	141	68	165	93.8995
114	maps/mazes/maze_097.map	512	512	258	244	242	325	459.711
114	maps/mazes/maze_097.map	512	512	348	413	320	289	459.054
113	maps/mazes/maze_097.map	512	512	28	48	125	122	455.225
113	maps/mazes/maze_097.map	512	512	285	323	242	208	455.296
113	maps/mazes/maze_097.map	512	512	289	165	194	197	455.811
113	maps/mazes/maze_097.map	512	512	75	409	27	360	455.811
113	maps/mazes/maze_097.map	512	512	197	382	204	266	454.882
113	maps/mazes/maze_097.map	512	512	373	25	350	33	455.711
113	maps/mazes/maze_097.map	512	512	184	443	234	320	455.326
113	maps/mazes/maze_097.map	512	512	180	41	33	12	455.983
113	maps/mazes/maze_097.map	512	512	137	414	249	374	455.397
113	maps/mazes/maze_097.map	512	512	300	394	245	274	455.326
112	maps/mazes/maze_097.map	512	512	396	62	449	149	450.811
112	maps/mazes/maze_097.map	512	512	80	12	49	93	451.054
112	maps/mazes/maze_097.map	512	512	486	405	444	285	451.74
112	maps/mazes/maze_097.map	512	512	228	348	239	212	451.953
25	maps/mazes/maze_097.map	512	512	172	179	138	140	103.728
112	maps/mazes/maze_097.map	512	512	125	427	241	395	451.983
15	maps/mazes/maze_097.map	512	512	51	189	65	228	62.8995
112	maps/mazes/maze_097.map	512	512	80	212	69	177	451.296
112	maps/mazes/maze_097.map	512	512	330	172	238	169	451.468
112	maps/mazes/maze_097.map	512	512	400	40	350	33	451.125
112	maps/mazes/maze_097.map	512	512	485	272	357	248	451.054
112	maps/mazes/maze_097.map	512	512	297	204	208	184	451.569
111	maps/mazes/maze_097.map	512	512	80	480	73	505	447.296
111	maps/mazes/maze_097.map	512	512	388	144	416	267	447.468
111	maps/mazes/maze_097.map	512	512	62	361	176	400	447.569
111	maps/mazes/maze_097.map	512	512	159	409	229	348	447.912
111	maps/mazes/maze_097.map	512	512	277	269	185	140	447.569
111	maps/mazes/maze_097.map	512	512	416	289	320	214	447.811
111	maps/mazes/maze_097.map	512	512	85	65	11	57	447.154
111	maps/mazes/maze_097.map	512	512	375	305	362	320	447.64
111	maps/mazes/maze_097.map	512	512	127	380	250	364	446.64
111	maps/mazes/maze_097.map	512	512	407	473	397	492	447.953
110	maps/mazes/maze_097.map	512	512	304	462	373	312	442.882
110	maps/mazes/maze_097.map	512	512	53	415	43	504	443.267
110	maps/mazes/maze_097.map	512	512	344	285	259	180	443.539
110	maps/mazes/maze_097.map	512	512	157	169	73	113	443.983
85	maps/mazes/maze_097.map	512	512	184	13	180	48	342.598
110	maps/mazes/maze_097.map	512	512	357	253	359	165	443.154
110	maps/mazes/maze_097.map	512	512	332	110	393	1	443.983
110	maps/mazes/maze_097.map	512	512	281	366	204	266	442.64
41	maps/mazes/maze_097.map	512	512	80	429	77	473	164.213
110	maps/mazes/maze_097.map	512	512	412	387	415	452	443.154
110	maps/mazes/maze_097.map	512	512	353	176	252	171	443.64
110	maps/mazes/maze_097.map	512	512	428	353	410	388	443.225
109	maps/mazes/maze_097.map	512	512	1	295	30	205	439.225
109	maps/mazes/maze_097.map	512	512	99	489	220	457	439.711
109	maps/mazes/maze_097.map	512	512	416	372	399	420	439.468
109	maps/mazes/maze_097.map	512	512	432	222	428	270	439.539
109	maps/mazes/maze_097.map	512	512	328	116	382	9	439.569
109	maps/mazes/maze_097.map	512	512	267	449	248	409	439.569
109	maps/mazes/maze_097.map	512	512	472	72	326	17	439.953
109	maps/mazes/maze_097.map	512	512	323	452	250	372	439.912
109	maps/mazes/maze_097.map	512	512	250	484	234	320	439.397
109	maps/mazes/maze_097.map	512	512	249	70	209	93	439.225
108	maps/mazes/maze_097.map	512	512	322	84	264	191	435.811
108	maps/mazes/maze_097.map	512	512	413	45	469	141	435.983
108	maps/mazes/maze_097.map	512	512	444	192	309	158	435.711
108	maps/mazes/maze_097.map	512	512	127	192	68	157	435.054
108	maps/mazes/maze_097.map	512	512	417	89	464	127	435.912
108	maps/mazes/maze_097.map	512	512	373	101	336	17	435.811
108	maps/mazes/maze_097.map	512	512	213	185	309	165	435.983
108	maps/mazes/maze_097.map	512	512	300	39	356	23	435.296
108	maps/mazes/maze_097.map	512	512	332	21	227	33	435.811
108	maps/mazes/maze_097.map	512	512	509	372	411	264	435.64
107	maps/mazes/maze_097.map	512	512	232	391	201	268	431.882
107	maps/mazes/maze_097.map	512	512	146	32	33	10	430.983
107	maps/mazes/maze_097.map	512	512	52	421	38	488	431.368
107	maps/mazes/maze_097.map	512	512	220	41	95	13	431.669
107	maps/mazes/maze_097.map	512	512	353	169	358	245	431.326
107	maps/mazes/maze_097.map	512	512	37	480	155	504	431.054
107	maps/mazes/maze_097.map	512	512	11	41	65	136	431.083
107	maps/mazes/maze_097.map	512	512	241	259	190	132	431.74
107	maps/mazes/maze_097.map	512	512	467	449	365	416	431.468
107	maps/mazes/maze_097.map	512	512	400	93	432	137	431.154
106	maps/mazes/maze_097.map	512	512	279	488	251	360	427.74
106	maps/mazes/maze_097.map	512	512	509	416	484	288	427.912
106	maps/mazes/maze_097.map	512	512	316	278	270	216	427.054
106	maps/mazes/maze_097.map	512	512	401	211	320	145	427.225
106	maps/mazes/maze_097.map	512	512	152	209	76	188	427.468
106	maps/mazes/maze_097.map	512	512	418	441	485	461	427.811
106	maps/mazes/maze_097.map	512	512	443	385	412	426	427.054
106	maps/mazes/maze_097.map	512	512	221	44	231	89	427.468
106	maps/mazes/maze_097.map	512	512	248	449	210	320	427.912
106	maps/mazes/maze_097.map	512	512	200	180	105	104	427.326
105	maps/mazes/maze_097.map	512	512	73	201	29	104	423.912
105	maps/mazes/maze_097.map	512	512	136	365	85	366	423.64
105	maps/mazes/maze_097.map	512	512	299	164	379	201	423.326
105	maps/mazes/maze_097.map	512	512	313	479	229	342	423.912
105	maps/mazes/maze_097.map	512	512	361	54	325	29	422.64
105	maps/mazes/maze_097.map	512	512	485	133	398	133	423.468
105	maps/mazes/maze_097.map	512	512	445	260	390	253	423.64
105	maps/mazes/maze_097.map	512	512	219	196	121	121	423.083
105	maps/mazes/maze_097.map	512	512	237	498	231	340	423.154
105	maps/mazes/maze_097.map	512	512	81	332	36	213	423.74
104	maps/mazes/maze_097.map	512	512	153	483	170	397	419.669
104	maps/mazes/maze_097.map	512	512	272	288	183	316	419.225
104	maps/mazes/maze_097.map	512	512	472	227	497	312	419.983
104	maps/mazes/maze_097.map	512	512	207	144	209	253	419.083
104	maps/mazes/maze_097.map	512	512	37	421	109	498	419.953
104	maps/mazes/maze_097.map	512	512	216	276	232	244	419.539
104	maps/mazes/maze_097.map	512	512	200	474	272	435	419.811
104	maps/mazes/maze_097.map	512	512	117	356	232	392	419.569
104	maps/mazes/maze_097.map	512	512	104	245	196	305	419.397
104	maps/mazes/maze_097.map	512	512	459	232	425	265	419.225
103	maps/mazes/maze_097.map	512	512	47	388	6	472	415.125
103	maps/mazes/maze_097.map	512	512	456	333	449	380	415.054
103	maps/mazes/maze_097.map	512	512	264	409	196	286	415.912
103	maps/mazes/maze_097.map	512	512	373	167	264	195	415.811
103	maps/mazes/maze_097.map	512	512	57	429	61	328	415.225
103	maps/mazes/maze_097.map	512	512	173	84	132	100	415.468
103	maps/mazes/maze_097.map	512	512	224	252	199	132	415.326
103	maps/mazes/maze_097.map	512	512	416	248	410	272	415.882
103	maps/mazes/maze_097.map	512	512	65	196	38	117	415.74
103	maps/mazes/maze_097.map	512	512	147	136	240	216	415.669
102	maps/mazes/maze_097.map	512	512	155	208	84	192	411.811
102	maps/mazes/maze_097.map	512	512	421	217	496	332	411.64
102	maps/mazes/maze_097.map	512	512	370	32	324	39	411.811
102	maps/mazes/maze_097.map	512	512	401	300	280	212	411.811
102	maps/mazes/maze_097.map	512	512	320	388	269	257	411.74
93	maps/mazes/maze_097.map	512	512	47	69	80	22	372.569
102	maps/mazes/maze_097.map	512	512	109	392	13	334	411.74
102	maps/mazes/maze_097.map	512	512	21	404	77	508	411.539
102	maps/mazes/maze_097.map	512	512	71	425	17	358	411.569
102	maps/mazes/maze_097.map	512	512	125	177	68	153	411.811
102	maps/mazes/maze_097.map	512	512	23	49	146	136	411.983
101	maps/mazes/maze_097.map	512	512	274	233	245	159	407.811
101	maps/mazes/maze_097.map	512	512	397	124	357	6	407.255
101	maps/mazes/maze_097.map	512	512	183	272	232	400	407.326
101	maps/mazes/maze_097.map	512	512	447	365	481	380	407.225
101	maps/mazes/maze_097.map	512	512	233	428	197	305	407.912
101	maps/mazes/maze_097.map	512	512	481	310	358	252	407.811
101	maps/mazes/maze_097.map	512	512	152	236	187	272	407.225
101	maps/mazes/maze_097.map	512	512	100	200	69	184	407.468
101	maps/mazes/maze_097.map	512	512	423	112	398	12	407.912
11	maps/mazes/maze_097.map	512	512	103	49	88	77	46.0711
101	maps/mazes/maze_097.map	512	512	349	343	301	255	407.255
100	maps/mazes/maze_097.map	512	512	383	76	333	11	403.569
100	maps/mazes/maze_097.map	512	512	269	221	164	136	403.497
100	maps/mazes/maze_097.map	512	512	485	296	361	249	403.569
100	maps/mazes/maze_097.map	512	512	168	335	78	381	403.497
100	maps/mazes/maze_097.map	512	512	84	152	59	236	403.811
100	maps/mazes/maze_097.map	512	512	421	137	333	168	402.64
100	maps/mazes/maze_097.map	512	512	472	29	504	67	403.983
100	maps/mazes/maze_097.map	512	512	71	88	201	146	403.154
100	maps/mazes/maze_097.map	512	512	114	309	134	300	403.225
100	maps/mazes/maze_097.map	512	512	371	461	384	480	403.882
95	maps/mazes/maze_097.map	512	512	161	141	136	109	382.154
99	maps/mazes/maze_097.map	512	512	232	455	226	317	399.397
99	maps/mazes/maze_097.map	512	512	276	213	321	168	399.983
99	maps/mazes/maze_097.map	512	512	336	420	353	325	399.983
99	maps/mazes/maze_097.map	512	512	431	240	472	286	399.468
99	maps/mazes/maze_097.map	512	512	417	195	410	145	399.326
99	maps/mazes/maze_097.map	512	512	257	489	241	406	399.569
99	maps/mazes/maze_097.map	512	512	356	309	290	205	399.154
99	maps/mazes/maze_097.map	512	512	449	307	410	337	399.468
99	maps/mazes/maze_097.map	512	512	142	112	237	177	399.012
99	maps/mazes/maze_097.map	512	512	83	193	29	106	399.083
98	maps/mazes/maze_097.map	512	512	448	225	450	284	395.569
98	maps/mazes/maze_097.map	512	512	75	152	5	64	395.841
98	maps/mazes/maze_097.map	512	512	14	112	117	114	395.669
98	maps/mazes/maze_097.map	512	512	12	321	61	278	395.882
98	maps/mazes/maze_097.map	512	512	320	60	269	95	395.154
98	maps/mazes/maze_097.map	512	512	96	250	190	316	395.397
98	maps/mazes/maze_097.map	512	512	281	294	221	194	395.154
98	maps/mazes/maze_097.map	512	512	40	62	110	113	395.326
98	maps/mazes/maze_097.map	512	512	96	218	65	203	395.983
98	maps/mazes/maze_097.map	512	512	428	457	477	439	395.225
97	maps/mazes/maze_097.map	512	512	156	112	257	194	391.184
97	maps/mazes/maze_097.map	512	512	420	321	368	313	391.74
97	maps/mazes/maze_097.map	512	512	236	201	248	145	391.154
97	maps/mazes/maze_097.map	512	512	453	45	488	102	391.983
97	maps/mazes/maze_097.map	512	512	133	68	94	81	391.983
97	maps/mazes/maze_097.map	512	512	272	54	289	76	390.74
97	maps/mazes/maze_097.map	512	512	440	465	496	420	391.569
97	maps/mazes/maze_097.map	512	512	11	100	101	117	391.669
97	maps/mazes/maze_097.map	512	512	504	157	384	148	391.225
96	maps/mazes/maze_097.map	512	512	393	129	357	7	387.841
96	maps/mazes/maze_097.map	512	512	379	373	334	316	387.74
96	maps/mazes/maze_097.map	512	512	206	225	171	273	387.225
96	maps/mazes/maze_097.map	512	512	300	336	321	302	387.669
96	maps/mazes/maze_097.map	512	512	505	363	433	277	387.74
96	maps/mazes/maze_097.map	512	512	241	82	227	53	387.811
96	maps/mazes/maze_097.map	512	512	233	460	204	401	387.154
96	maps/mazes/maze_097.map	512	512	436	236	460	284	387.154
96	maps/mazes/maze_097.map	512	512	57	108	28	197	387.983
96	maps/mazes/maze_097.map	512	512	221	391	175	273	387.983
95	maps/mazes/maze_097.map	512	512	337	243	328	135	383.811
95	maps/mazes/maze_097.map	512	512	425	396	435	392	383.054
95	maps/mazes/maze_097.map	512	512	388	244	500	261	383.125
95	maps/mazes/maze_097.map	512	512	19	508	156	495	383.397
95	maps/mazes/maze_097.map	512	512	37	420	84	507	383.296
95	maps/mazes/maze_097.map	512	512	117	256	98	129	383.983
95	maps/mazes/maze_097.map	512	512	144	376	193	340	383.326
95	maps/mazes/maze_097.map	512	512	280	421	263	249	383.669
95	maps/mazes/maze_097.map	512	512	404	277	320	289	383.74
94	maps/mazes/maze_097.map	512	512	500	380	495	332	379.527
94	maps/mazes/maze_097.map	512	512	278	292	234	196	379.154
87	maps/mazes/maze_097.map	512	512	498	441	447	464	349.154
94	maps/mazes/maze_097.map	512	512	133	149	5	75	379.841
94	maps/mazes/maze_097.map	512	512	354	1	303	17	379.811
94	maps/mazes/maze_097.map	512	512	70	97	197	145	379.326
94	maps/mazes/maze_097.map	512	512	348	413	353	328	379.154
94	maps/mazes/maze_097.map	512	512	45	344	60	242	379.083
94	maps/mazes/maze_097.map	512	512	206	129	118	113	379.397
94	maps/mazes/maze_097.map	512	512	448	140	367	160	379.326
94	maps/mazes/maze_097.map	512	512	413	423	484	489	379.326
93	maps/mazes/maze_097.map	512	512	416	281	306	272	375.912
93	maps/mazes/maze_097.map	512	512	149	89	218	188	375.598
93	maps/mazes/maze_097.map	512	512	340	288	271	216	375.569
93	maps/mazes/maze_097.map	512	512	369	238	375	160	375.598
93	maps/mazes/maze_097.map	512	512	333	248	318	144	375.326
93	maps/mazes/maze_097.map	512	512	21	188	86	121	375.841
93	maps/mazes/maze_097.map	512	512	257	62	206	96	375.569
93	maps/mazes/maze_097.map	512	512	280	272	220	196	375.983
93	maps/mazes/maze_097.map	512	512	421	288	308	260	375.326
92	maps/mazes/maze_097.map	512	512	349	472	368	351	371.74
92	maps/mazes/maze_097.map	512	512	201	158	247	149	371.912
92	maps/mazes/maze_097.map	512	512	140	217	51	189	371.326
92	maps/mazes/maze_097.map	512	512	341	164	243	169	371.326
92	maps/mazes/maze_097.map	512	512	131	69	109	87	371.154
92	maps/mazes/maze_097.map	512	512	4	476	129	494	371.225
92	maps/mazes/maze_097.map	512	512	417	356	455	385	371.912
92	maps/mazes/maze_097.map	512	512	272	151	213	192	371.154
92	maps/mazes/maze_097.map	512	512	180	395	230	353	370.912
92	maps/mazes/maze_097.map	512	512	380	448	393	488	371.225
91	maps/mazes/maze_097.map	512	512	105	497	189	476	367.569
91	maps/mazes/maze_097.map	512	512	32	233	13	221	366.74
91	maps/mazes/maze_097.map	512	512	470	216	484	292	367.74
46	maps/mazes/maze_097.map	512	512	351	293	463	296	185.042
91	maps/mazes/maze_097.map	512	512	54	0	61	10	367.669
91	maps/mazes/maze_097.map	512	512	496	253	360	271	367.154
91	maps/mazes/maze_097.map	512	512	100	460	36	384	367.598
91	maps/mazes/maze_097.map	512	512	97	337	126	369	367.912
91	maps/mazes/maze_097.map	512	512	500	405	489	276	367.012
91	maps/mazes/maze_097.map	512	512	25	4	101	118	367.497
91	maps/mazes/maze_097.map	512	512	369	297	368	349	366.74
90	maps/mazes/maze_097.map	512	512	172	460	236	409	363.669
90	maps/mazes/maze_097.map	512	512	115	216	76	129	363.74
62	maps/mazes/maze_097.map	512	512	229	80	224	100	248.456
90	maps/mazes/maze_097.map	512	512	293	29	188	33	363.083
90	maps/mazes/maze_097.map	512	512	183	224	140	157	363.255
90	maps/mazes/maze_097.map	512	512	465	204	488	284	363.326
90	maps/mazes/maze_097.map	512	512	212	191	310	265	363.154
90	maps/mazes/maze_097.map	512	512	169	244	109	171	363.426
90	maps/mazes/maze_097.map	512	512	363	401	443	465	363.255
90	maps/mazes/maze_097.map	512	512	133	47	81	100	363.912
62	maps/mazes/maze_097.map	512	512	272	205	265	145	249.426
90	maps/mazes/maze_097.map	512	512	37	49	105	109	363.841
89	maps/mazes/maze_097.map	512	512	369	163	252	171	359.083
89	maps/mazes/maze_097.map	512	512	163	24	44	33	359.255
89	maps/mazes/maze_097.map	512	512	241	422	204	319	359.255
89	maps/mazes/maze_097.map	512	512	442	136	344	160	359.74
89	maps/mazes/maze_097.map	512	512	183	468	114	357	359.012
89	maps/mazes/maze_097.map	512	512	18	473	110	489	359.74
89	maps/mazes/maze_097.map	512	512	156	454	200	393	359.184
89	maps/mazes/maze_097.map	512	512	175	56	109	64	359.74
89	maps/mazes/maze_097.map	512	512	41	9	52	21	359.669
89	maps/mazes/maze_097.map	512	512	368	114	361	12	359.426
88	maps/mazes/maze_097.map	512	512	282	173	228	180	355.326
88	maps/mazes/maze_097.map	512	512	384	176	329	165	355.255
88	maps/mazes/maze_097.map	512	512	32	93	60	20	355.811
88	maps/mazes/maze_097.map	512	512	75	212	47	113	355.669
88	maps/mazes/maze_097.map	512	512	226	221	175	269	355.569
88	maps/mazes/maze_097.map	512	512	53	333	49	241	355.255
88	maps/mazes/maze_097.map	512	512	36	208	75	129	355.74
88	maps/mazes/maze_097.map	512	512	228	42	293	101	355.983
88	maps/mazes/maze_097.map	512	512	440	169	469	133	355.912
88	maps/mazes/maze_097.map	512	512	253	492	242	352	355.912
87	maps/mazes/maze_097.map	512	512	416	23	504	50	351.912
87	maps/mazes/maze_097.map	512	512	222	165	313	237	351.669
87	maps/mazes/maze_097.map	512	512	109	447	73	429	351.255
87	maps/mazes/maze_097.map	512	512	119	136	94	236	351.083
87	maps/mazes/maze_097.map	512	512	228	485	264	422	351.426
87	maps/mazes/maze_097.map	512	512	480	147	440	149	351.397
87	maps/mazes/maze_097.map	512	512	380	100	356	23	351.426
87	maps/mazes/maze_097.map	512	512	501	213	408	257	351.083
87	maps/mazes/maze_097.map	512	512	413	38	330	44	351.811
86	maps/mazes/maze_097.map	512	512	82	496	183	496	347.569
86	maps/mazes/maze_097.map	512	512	397	177	401	151	347.255
86	maps/mazes/maze_097.map	512	512	364	136	284	165	347.426
86	maps/mazes/maze_097.map	512	512	69	165	29	112	347.184
86	maps/mazes/maze_097.map	512	512	181	507	157	406	347.669
86	maps/mazes/maze_097.map	512	512	321	361	262	273	347.426
86	maps/mazes/maze_097.map	512	512	483	464	500	335	347.355
86	maps/mazes/maze_097.map	512	512	67	432	26	337	347.255
86	maps/mazes/maze_097.map	512	512	484	353	449	344	347.154
86	maps/mazes/maze_097.map	512	512	381	343	302	261	347.426
85	maps/mazes/maze_097.map	512	512	305	313	359	325	343.598
85	maps/mazes/maze_097.map	512	512	245	232	272	212	342.841
85	maps/mazes/maze_097.map	512	512	49	468	61	496	343.983
85	maps/mazes/maze_097.map	512	512	380	276	292	201	343.912
85	maps/mazes/maze_097.map	512	512	205	17	89	17	343.941
85	maps/mazes/maze_097.map	512	512	476	87	412	135	343.154
85	maps/mazes/maze_097.map	512	512	216	67	131	53	343.912
85	maps/mazes/maze_097.map	512	512	118	321	92	372	343.912
85	maps/mazes/maze_097.map	512	512	488	141	432	136	343.569
84	maps/mazes/maze_097.map	512	512	410	385	432	444	339.083
84	maps/mazes/maze_097.map	512	512	32	313	65	282	338.912
84	maps/mazes/maze_097.map	512	512	257	116	252	186	339.326
84	maps/mazes/maze_097.map	512	512	447	112	338	140	339.811
84	maps/mazes/maze_097.map	512	512	53	388	29	444	339.397
84	maps/mazes/maze_097.map	512	512	212	405	251	453	339.326
84	maps/mazes/maze_097.map	512	512	433	448	492	451	339.74
84	maps/mazes/maze_097.map	512	512	88	27	34	13	338.669
50	maps/mazes/maze_097.map	512	512	240	160	310	169	200.213
84	maps/mazes/maze_097.map	512	512	436	504	345	440	339.326
84	maps/mazes/maze_097.map	512	512	167	156	79	121	338.841
83	maps/mazes/maze_097.map	512	512	404	243	505	252	335.054
83	maps/mazes/maze_097.map	512	512	421	14	498	41	335.497
83	maps/mazes/maze_097.map	512	512	313	0	202	33	334.669
83	maps/mazes/maze_097.map	512	512	129	5	49	42	334.841
83	maps/mazes/maze_097.map	512	512	304	313	364	328	335.184
83	maps/mazes/maze_097.map	512	512	437	283	502	349	335.669
83	maps/mazes/maze_097.map	512	512	509	118	413	136	335.497
83	maps/mazes/maze_097.map	512	512	244	384	282	313	335.77
83	maps/mazes/maze_097.map	512	512	125	438	194	408	335.77
83	maps/mazes/maze_097.map	512	512	365	189	351	137	335.012
82	maps/mazes/maze_097.map	512	512	300	481	236	391	331.841
82	maps/mazes/maze_097.map	512	512	117	31	34	13	330.841
82	maps/mazes/maze_097.map	512	512	293	298	225	259	331.669
82	maps/mazes/maze_097.map	512	512	168	494	149	425	331.841
82	maps/mazes/maze_097.map	512	512	165	119	234	177	331.284
82	maps/mazes/maze_097.map	512	512	48	305	58	241	331.497
82	maps/mazes/maze_097.map	512	512	15	385	15	476	331.569
82	maps/mazes/maze_097.map	512	512	255	164	188	159	331.355
82	maps/mazes/maze_097.map	512	512	360	147	318	168	331.669
82	maps/mazes/maze_097.map	512	512	305	18	216	5	331.255
81	maps/mazes/maze_097.map	512	512	294	52	220	21	327.912
81	maps/mazes/maze_097.map	512	512	13	68	145	130	327.255
81	maps/mazes/maze_097.map	512	512	486	192	496	231	327.326
81	maps/mazes/maze_097.map	512	512	402	405	410	441	327.841
81	maps/mazes/maze_097.map	512	512	469	201	408	169	327.912
81	maps/mazes/maze_097.map	512	512	508	454	500	328	327.113
81	maps/mazes/maze_097.map	512	512	429	213	492	275	327.569
81	maps/mazes/maze_097.map	512	512	340	172	272	174	327.255
81	maps/mazes/maze_097.map	512	512	346	168	269	168	327.669
81	maps/mazes/maze_097.map	512	512	113	296	133	286	327.74
80	maps/mazes/maze_097.map	512	512	469	296	415	344	323.255
80	maps/mazes/maze_097.map	512	512	101	141	65	110	323.669
80	maps/mazes/maze_097.map	512	512	174	412	231	352	323.426
80	maps/mazes/maze_097.map	512	512	379	45	363	21	323.841
80	maps/mazes/maze_097.map	512	512	341	477	341	349	323.255
80	maps/mazes/maze_097.map	512	512	257	0	171	41	323.77
80	maps/mazes/maze_097.map	512	512	393	369	399	412	323.669
80	maps/mazes/maze_097.map	512	512	509	192	502	248	323.669
80	maps/mazes/maze_097.map	512	512	375	9	326	48	323.983
80	maps/mazes/maze_097.map	512	512	254	173	188	140	323.527
30	maps/mazes/maze_097.map	512	512	193	174	225	213	120.899
79	maps/mazes/maze_097.map	512	512	251	388	283	316	319.941
79	maps/mazes/maze_097.map	512	512	316	93	254	161	319.598
79	maps/mazes/maze_097.map	512	512	66	393	43	380	319.841
79	maps/mazes/maze_097.map	512	512	385	206	369	140	319.255
79	maps/mazes/maze_097.map	512	512	56	41	51	96	319.841
79	maps/mazes/maze_097.map	512	512	44	269	17	215	319.184
79	maps/mazes/maze_097.map	512	512	461	164	337	140	319.74
79	maps/mazes/maze_097.map	512	512	0	491	115	504	319.154
79	maps/mazes/maze_097.map	512	512	52	220	71	240	319.669
79	maps/mazes/maze_097.map	512	512	392	278	384	331	319.184
78	maps/mazes/maze_097.map	512	512	84	478	45	506	315.326
78	maps/mazes/maze_097.map	512	512	353	289	288	197	315.426
78	maps/mazes/maze_097.map	512	512	337	191	255	172	315.669
78	maps/mazes/maze_097.map	512	512	353	249	352	139	315.083
78	maps/mazes/maze_097.map	512	512	144	4	113	20	314.598
78	maps/mazes/maze_097.map	512	512	430	484	364	444	315.497
78	maps/mazes/maze_097.map	512	512	474	304	420	345	315.669
78	maps/mazes/maze_097.map	512	512	136	444	180	390	315.355
78	maps/mazes/maze_097.map	512	512	263	332	196	283	315.255
78	maps/mazes/maze_097.map	512	512	417	365	488	378	315.255
77	maps/mazes/maze_097.map	512	512	221	133	268	188	311.941
77	maps/mazes/maze_097.map	512	512	465	46	504	49	311.255
2	maps/mazes/maze_097.map	512	512	9	296	2	300	10.4142
47	maps/mazes/maze_097.map	512	512	441	0	473	26	191.355
77	maps/mazes/maze_097.map	512	512	355	485	353	349	311.497
77	maps/mazes/maze_097.map	512	512	227	225	292	203	311.184
77	maps/mazes/maze_097.map	512	512	8	420	62	504	311.054
77	maps/mazes/maze_097.map	512	512	53	104	53	74	311.113
77	maps/mazes/maze_097.map	512	512	400	306	368	351	311.083
77	maps/mazes/maze_097.map	512	512	368	466	356	345	311.669
77	maps/mazes/maze_097.map	512	512	177	269	261	357	311.841
77	maps/mazes/maze_097.map	512	512	297	193	373	324	311.426
76	maps/mazes/maze_097.map	512	512	49	509	151	504	307.669
76	maps/mazes/maze_097.map	512	512	481	251	492	268	307.012
76	maps/mazes/maze_097.map	512	512	65	268	29	182	307.598
76	maps/mazes/maze_097.map	512	512	355	193	233	149	307.012
76	maps/mazes/maze_097.map	512	512	218	232	176	168	307.012
76	maps/mazes/maze_097.map	512	512	365	190	329	136	306.77
76	maps/mazes/maze_097.map	512	512	372	269	321	125	307.184
76	maps/mazes/maze_097.map	512	512	276	21	202	33	306.669
76	maps/mazes/maze_097.map	512	512	306	473	248	374	306.941
76	maps/mazes/maze_097.map	512	512	201	188	247	149	307.083
75	maps/mazes/maze_097.map	512	512	419	253	483	305	303.497
75	maps/mazes/maze_097.map	512	512	413	483	362	480	303.983
75	maps/mazes/maze_097.map	512	512	264	136	309	158	303.77
75	maps/mazes/maze_097.map	512	512	116	363	193	409	303.184
75	maps/mazes/maze_097.map	512	512	464	368	405	371	303.497
75	maps/mazes/maze_097.map	512	512	237	471	253	455	303.941
75	maps/mazes/maze_097.map	512	512	304	173	243	172	303.598
75	maps/mazes/maze_097.map	512	512	437	186	328	127	303.497
75	maps/mazes/maze_097.map	512	512	461	319	444	356	302.669
51	maps/mazes/maze_097.map	512	512	277	333	353	381	207.456
75	maps/mazes/maze_097.map	512	512	83	113	9	46	303.284
74	maps/mazes/maze_097.map	512	512	394	57	340	5	299.841
74	maps/mazes/maze_097.map	512	512	9	207	67	125	299.941
74	maps/mazes/maze_097.map	512	512	477	117	465	149	299.74
74	maps/mazes/maze_097.map	512	512	168	330	71	360	299.77
74	maps/mazes/maze_097.map	512	512	142	41	59	49	299.426
74	maps/mazes/maze_097.map	512	512	67	89	32	9	299.77
74	maps/mazes/maze_097.map	512	512	138	125	120	143	299.598
74	maps/mazes/maze_097.map	512	512	327	453	281	432	299.77
74	maps/mazes/maze_097.map	512	512	426	121	402	48	299.184
74	maps/mazes/maze_097.map	512	512	422	24	500	33	299.426
73	maps/mazes/maze_097.map	512	512	248	168	345	169	295.598
73	maps/mazes/maze_097.map	512	512	281	295	237	229	294.77
73	maps/mazes/maze_097.map	512	512	161	131	198	197	295.284
73	maps/mazes/maze_097.map	512	512	313	227	228	188	295.012
73	maps/mazes/maze_097.map	512	512	155	145	208	170	295.113
73	maps/mazes/maze_097.map	512	512	440	480	348	398	295.841
73	maps/mazes/maze_097.map	512	512	345	214	376	157	295.012
73	maps/mazes/maze_097.map	512	512	380	286	320	207	295.426
73	maps/mazes/maze_097.map	512	512	110	348	65	353	295.941
73	maps/mazes/maze_097.map	512	512	309	130	281	165	295.184
72	maps/mazes/maze_097.map	512	512	282	181	320	141	291.012
72	maps/mazes/maze_097.map	512	512	8	405	36	493	291.983
72	maps/mazes/maze_097.map	512	512	422	448	488	473	291.912
72	maps/mazes/maze_097.map	512	512	44	287	53	234	291.841
72	maps/mazes/maze_097.map	512	512	4	149	54	173	291.598
72	maps/mazes/maze_097.map	512	512	64	144	38	113	291.527
72	maps/mazes/maze_097.map	512	512	207	1	103	9	291.598
72	maps/mazes/maze_097.map	512	512	53	164	77	111	291.184
72	maps/mazes/maze_097.map	512	512	420	32	497	25	291.012
72	maps/mazes/maze_097.map	512	512	424	88	440	89	291.284
71	maps/mazes/maze_097.map	512	512	469	221	483	292	287.426
71	maps/mazes/maze_097.map	512	512	500	384	500	347	287.627
71	maps/mazes/maze_097.map	512	512	280	236	262	181	287.426
71	maps/mazes/maze_097.map	512	512	200	261	170	160	287.77
71	maps/mazes/maze_097.map	512	512	376	268	328	133	287.77
71	maps/mazes/maze_097.map	512	512	355	464	348	344	287.083
71	maps/mazes/maze_097.map	512	512	97	104	220	130	287.77
71	maps/mazes/maze_097.map	512	512	417	248	485	285	287.083
71	maps/mazes/maze_097.map	512	512	132	196	61	211	287.598
71	maps/mazes/maze_097.map	512	512	500	101	484	9	287.255
70	maps/mazes/maze_097.map	512	512	128	338	61	374	283.426
70	maps/mazes/maze_097.map	512	512	96	153	122	157	283.941
70	maps/mazes/maze_097.map	512	512	251	176	201	132	283.456
70	maps/mazes/maze_097.map	512	512	104	476	67	444	283.284
70	maps/mazes/maze_097.map	512	512	204	198	291	193	283.355
70	maps/mazes/maze_097.map	512	512	411	389	417	429	283.012
70	maps/mazes/maze_097.map	512	512	49	113	57	87	283.113
70	maps/mazes/maze_097.map	512	512	145	349	85	352	283.184
70	maps/mazes/maze_097.map	512	512	376	425	422	496	283.426
70	maps/mazes/maze_097.map	512	512	425	424	472	431	283.841
69	maps/mazes/maze_097.map	512	512	353	494	261	424	279.113
69	maps/mazes/maze_097.map	512	512	189	124	220	143	279.941
69	maps/mazes/maze_097.map	512	512	307	225	229	177	279.598
69	maps/mazes/maze_097.map	512	512	347	129	330	160	279.598
69	maps/mazes/maze_097.map	512	512	49	400	38	440	279.083
69	maps/mazes/maze_097.map	512	512	285	257	245	249	279.598
69	maps/mazes/maze_097.map	512	512	311	481	242	408	279.941
69	maps/mazes/maze_097.map	512	512	106	57	135	108	279.841
69	maps/mazes/maze_097.map	512	512	465	218	508	256	279.426
69	maps/mazes/maze_097.map	512	512	360	357	321	287	279.527
68	maps/mazes/maze_097.map	512	512	458	76	432	129	275.669
68	maps/mazes/maze_097.map	512	512	332	329	352	321	275.941
68	maps/mazes/maze_097.map	512	512	185	502	145	433	274.941
68	maps/mazes/maze_097.map	512	512	493	29	488	100	275.012
68	maps/mazes/maze_097.map	512	512	301	269	219	253	275.355
68	maps/mazes/maze_097.map	512	512	458	89	393	133	275.669
68	maps/mazes/maze_097.map	512	512	8	324	75	300	275.083
68	maps/mazes/maze_097.map	512	512	439	341	485	373	275.841
68	maps/mazes/maze_097.map	512	512	450	77	428	134	275.669
68	maps/mazes/maze_097.map	512	512	12	462	90	492	275.598
67	maps/mazes/maze_097.map	512	512	234	196	176	275	271.669
67	maps/mazes/maze_097.map	512	512	405	195	436	162	271.355
67	maps/mazes/maze_097.map	512	512	468	109	408	131	271.841
67	maps/mazes/maze_097.map	512	512	369	315	320	214	271.941
23	maps/mazes/maze_097.map	512	512	503	276	495	329	93.1421
67	maps/mazes/maze_097.map	512	512	409	237	464	268	271.154
67	maps/mazes/maze_097.map	512	512	440	400	456	438	271.012
67	maps/mazes/maze_097.map	512	512	177	34	74	24	271.527
67	maps/mazes/maze_097.map	512	512	384	226	319	141	271.698
67	maps/mazes/maze_097.map	512	512	176	299	225	230	271.255
67	maps/mazes/maze_097.map	512	512	444	11	502	41	271.598
66	maps/mazes/maze_097.map	512	512	349	240	381	156	267.841
66	maps/mazes/maze_097.map	512	512	49	95	154	136	267.598
66	maps/mazes/maze_097.map	512	512	42	376	33	359	267.598
66	maps/mazes/maze_097.map	512	512	489	33	489	93	267.012
66	maps/mazes/maze_097.map	512	512	489	141	470	145	267.669
66	maps/mazes/maze_097.map	512	512	169	25	95	17	267.941
66	maps/mazes/maze_097.map	512	512	112	400	41	377	267.941
66	maps/mazes/maze_097.map	512	512	201	81	137	60	267.184
66	maps/mazes/maze_097.map	512	512	375	468	425	466	267.598
44	maps/mazes/maze_097.map	512	512	52	368	24	360	176.627
65	maps/mazes/maze_097.map	512	512	4	204	82	193	263.77
65	maps/mazes/maze_097.map	512	512	403	253	460	264	263.74
65	maps/mazes/maze_097.map	512	512	481	138	463	169	262.598
65	maps/mazes/maze_097.map	512	512	483	305	412	262	263.012
65	maps/mazes/maze_097.map	512	512	54	469	45	489	263.426
65	maps/mazes/maze_097.map	512	512	297	318	398	381	263.012
34	maps/mazes/maze_097.map	512	512	181	144	204	198	136.071
65	maps/mazes/maze_097.map	512	512	91	272	35	205	263.77
65	maps/mazes/maze_097.map	512	512	461	77	428	140	263.255
65	maps/mazes/maze_097.map	512	512	453	336	450	356	263.426
65	maps/mazes/maze_097.map	512	512	167	28	79	24	263.941
64	maps/mazes/maze_097.map	512	512	272	49	262	69	259.113
64	maps/mazes/maze_097.map	512	512	145	501	117	426	259.284
21	maps/mazes/maze_097.map	512	512	301	121	352	132	86.7279
64	maps/mazes/maze_097.map	512	512	61	493	149	505	259.598
64	maps/mazes/maze_097.map	512	512	201	144	238	217	259.698
64	maps/mazes/maze_097.map	512	512	16	237	65	132	259.012
64	maps/mazes/maze_097.map	512	512	316	425	286	293	259.456
64	maps/mazes/maze_097.map	512	512	216	370	233	320	259.77
64	maps/mazes/maze_097.map	512	512	113	305	162	264	258.77
64	maps/mazes/maze_097.map	512	512	123	29	61	45	259.355
64	maps/mazes/maze_097.map	512	512	398	16	332	13	259.426
63	maps/mazes/maze_097.map	512	512	10	17	85	97	255.527
63	maps/mazes/maze_097.map	512	512	183	184	105	171	255.284
33	maps/mazes/maze_097.map	512	512	225	85	299	96	135.385
63	maps/mazes/maze_097.map	512	512	389	319	392	382	254.77
63	maps/mazes/maze_097.map	512	512	392	373	405	392	255.598
63	maps/mazes/maze_097.map	512	512	336	32	290	40	255.113
63	maps/mazes/maze_097.map	512	512	100	504	188	492	255.598
63	maps/mazes/maze_097.map	512	512	441	312	456	363	255.941
63	maps/mazes/maze_097.map	512	512	264	135	258	197	255.012
63	maps/mazes/maze_097.map	512	512	384	160	364	159	254.698
63	maps/mazes/maze_097.map	512	512	444	345	462	380	255.426
62	maps/mazes/maze_097.map	512	512	464	239	508	256	251.77
62	maps/mazes/maze_097.map	512	512	336	297	317	227	251.527
62	maps/mazes/maze_097.map	512	512	168	24	168	47	251.527
62	maps/mazes/maze_097.map	512	512	130	148	52	110	251.698
62	maps/mazes/maze_097.map	512	512	80	504	169	508	251.184
62	maps/mazes/maze_097.map	512	512	238	332	191	260	250.941
62	maps/mazes/maze_097.map	512	512	2	264	49	236	251.77
62	maps/mazes/maze_097.map	512	512	56	188	91	125	251.355
61	maps/mazes/maze_097.map	512	512	121	22	64	47	247.355
61	maps/mazes/maze_097.map	512	512	93	443	43	489	247.255
61	maps/mazes/maze_097.map	512	512	394	416	440	455	247.87
61	maps/mazes/maze_097.map	512	512	395	212	339	140	247.456
61	maps/mazes/maze_097.map	512	512	420	410	465	438	247.184
61	maps/mazes/maze_097.map	512	512	169	165	128	129	247.284
61	maps/mazes/maze_097.map	512	512	273	211	185	161	247.799
61	maps/mazes/maze_097.map	512	512	34	137	11	21	247.284
61	maps/mazes/maze_097.map	512	512	145	208	96	232	247.527
61	maps/mazes/maze_097.map	512	512	89	486	48	496	247.426
60	maps/mazes/maze_097.map	512	512	160	253	175	153	243.284
60	maps/mazes/maze_097.map	512	512	89	276	34	205	243.941
60	maps/mazes/maze_097.map	512	512	100	290	43	205	243.941
60	maps/mazes/maze_097.map	512	512	188	424	249	357	243.113
60	maps/mazes/maze_097.map	512	512	436	4	481	9	243.941
60	maps/mazes/maze_097.map	512	512	170	116	201	169	243.456
60	maps/mazes/maze_097.map	512	512	401	152	316	160	243.184
60	maps/mazes/maze_097.map	512	512	172	85	254	104	243.77
60	maps/mazes/maze_097.map	512	512	25	485	109	494	243.426
60	maps/mazes/maze_097.map	512	512	303	277	249	306	243.284
59	maps/mazes/maze_097.map	512	512	42	137	13	68	238.627
59	maps/mazes/maze_097.map	512	512	93	446	48	489	239.255
59	maps/mazes/maze_097.map	512	512	430	445	467	472	239.941
59	maps/mazes/maze_097.map	512	512	461	289	357	253	239.941
59	maps/mazes/maze_097.map	512	512	229	509	254	424	239.113
59	maps/mazes/maze_097.map	512	512	69	377	123	376	239.284
59	maps/mazes/maze_097.map	512	512	88	390	53	397	239.941
59	maps/mazes/maze_097.map	512	512	96	500	175	492	239.77
59	maps/mazes/maze_097.map	512	512	132	240	127	296	239.426
59	maps/mazes/maze_097.map	512	512	453	213	493	226	239.527
58	maps/mazes/maze_097.map	512	512	176	2	121	7	235.113
58	maps/mazes/maze_097.map	512	512	112	275	124	289	235.598
58	maps/mazes/maze_097.map	512	512	348	380	279	324	235.042
58	maps/mazes/maze_097.map	512	512	75	216	88	224	235.184
58	maps/mazes/maze_097.map	512	512	308	149	249	165	235.527
58	maps/mazes/maze_097.map	512	512	388	228	468	274	235.497
58	maps/mazes/maze_097.map	512	512	206	428	249	365	235.113
58	maps/mazes/maze_097.map	512	512	156	126	208	169	235.042
58	maps/mazes/maze_097.map	512	512	328	237	377	210	235.255
58	maps/mazes/maze_097.map	512	512	61	508	123	500	235.941
57	maps/mazes/maze_097.map	512	512	56	173	5	225	231.284
57	maps/mazes/maze_097.map	512	512	172	490	185	457	231.355
57	maps/mazes/maze_097.map	512	512	493	4	439	56	231.113
57	maps/mazes/maze_097.map	512	512	203	224	225	234	231.941
57	maps/mazes/maze_097.map	512	512	188	381	185	326	231.113
57	maps/mazes/maze_097.map	512	512	393	492	356	392	231.284
57	maps/mazes/maze_097.map	512	512	110	260	29	188	231.77
57	maps/mazes/maze_097.map	512	512	176	30	84	13	231.284
57	maps/mazes/maze_097.map	512	512	16	108	67	113	231.213
57	maps/mazes/maze_097.map	512	512	23	485	104	504	231.012
56	maps/mazes/maze_097.map	512	512	29	231	17	211	227.941
56	maps/mazes/maze_097.map	512	512	77	36	58	45	227.355
56	maps/mazes/maze_097.map	512	512	199	368	195	332	227.698
56	maps/mazes/maze_097.map	512	512	477	0	480	36	227.77
56	maps/mazes/maze_097.map	512	512	507	69	470	89	226.598
56	maps/mazes/maze_097.map	512	512	97	333	66	384	227.355
56	maps/mazes/maze_097.map	512	512	274	372	241	318	227.284
56	maps/mazes/maze_097.map	512	512	65	298	59	249	226.698
56	maps/mazes/maze_097.map	512	512	207	281	193	263	227.941
56	maps/mazes/maze_097.map	512	512	104	113	5	63	227.87
55	maps/mazes/maze_097.map	512	512	245	452	257	357	223.77
55	maps/mazes/maze_097.map	512	512	52	26	28	9	223.184
55	maps/mazes/maze_097.map	512	512	410	352	440	384	223.355
55	maps/mazes/maze_097.map	512	512	28	332	69	297	223.355
55	maps/mazes/maze_097.map	512	512	104	306	60	226	223.456
55	maps/mazes/maze_097.map	512	512	411	208	408	160	223.87
55	maps/mazes/maze_097.map	512	512	58	509	120	505	223.941
55	maps/mazes/maze_097.map	512	512	196	176	164	134	223.456
55	maps/mazes/maze_097.map	512	512	316	409	284	296	223.042
55	maps/mazes/maze_097.map	512	512	241	462	261	360	223.355
54	maps/mazes/maze_097.map	512	512	207	176	228	245	219.941
54	maps/mazes/maze_097.map	512	512	353	215	294	165	219.527
54	maps/mazes/maze_097.map	512	512	69	87	16	34	219.456
54	maps/mazes/maze_097.map	512	512	425	416	436	432	219.77
54	maps/mazes/maze_097.map	512	512	55	16	102	9	219.698
54	maps/mazes/maze_097.map	512	512	48	11	92	9	219.113
54	maps/mazes/maze_097.map	512	512	473	114	457	127	219.184
54	maps/mazes/maze_097.map	512	512	48	159	78	128	219.627
54	maps/mazes/maze_097.map	512	512	321	97	245	134	219.627
54	maps/mazes/maze_097.map	512	512	497	418	500	331	219.799
53	maps/mazes/maze_097.map	512	512	429	285	365	284	215.042
53	maps/mazes/maze_097.map	512	512	136	433	176	400	215.042
53	maps/mazes/maze_097.map	512	512	281	363	241	319	214.87
53	maps/mazes/maze_097.map	512	512	263	140	264	181	215.941
53	maps/mazes/maze_097.map	512	512	61	277	40	213	215.042
53	maps/mazes/maze_097.map	512	512	490	232	491	220	215.284
53	maps/mazes/maze_097.map	512	512	327	377	285	294	215.042
53	maps/mazes/maze_097.map	512	512	408	492	412	478	215.941
53	maps/mazes/maze_097.map	512	512	64	453	39	496	215.113
53	maps/mazes/maze_097.map	512	512	469	324	456	353	215.113
52	maps/mazes/maze_097.map	512	512	506	417	500	308	211.385
52	maps/mazes/maze_097.map	512	512	96	428	57	436	211.627
52	maps/mazes/maze_097.map	512	512	389	376	361	309	211.284
52	maps/mazes/maze_097.map	512	512	300	492	296	439	211.87
52	maps/mazes/maze_097.map	512	512	296	56	237	60	211.87
52	maps/mazes/maze_097.map	512	512	433	369	439	392	211.87
52	maps/mazes/maze_097.map	512	512	390	5	328	18	211.77
52	maps/mazes/maze_097.map	512	512	106	117	215	132	211.698
52	maps/mazes/maze_097.map	512	512	270	392	217	385	210.87
52	maps/mazes/maze_097.map	512	512	285	121	241	161	211.456
51	maps/mazes/maze_097.map	512	512	23	352	80	322	207.527
51	maps/mazes/maze_097.map	512	512	244	101	180	81	207.113
51	maps/mazes/maze_097.map	512	512	368	293	317	231	207.527
51	maps/mazes/maze_097.map	512	512	252	173	283	172	207.113
51	maps/mazes/maze_097.map	512	512	24	483	86	505	207.598
51	maps/mazes/maze_097.map	512	512	405	195	436	187	207.87
51	maps/mazes/maze_097.map	512	512	213	325	239	320	207.284
51	maps/mazes/maze_097.map	512	512	338	413	360	352	207.184
51	maps/mazes/maze_097.map	512	512	9	189	46	169	207.284
50	maps/mazes/maze_097.map	512	512	216	156	236	211	203.87
27	maps/mazes/maze_097.map	512	512	488	284	498	245	109.728
50	maps/mazes/maze_097.map	512	512	184	79	119	53	203.284
50	maps/mazes/maze_097.map	512	512	32	309	61	295	203.527
50	maps/mazes/maze_097.map	512	512	138	152	65	136	203.042
50	maps/mazes/maze_097.map	512	512	64	457	51	492	203.355
50	maps/mazes/maze_097.map	512	512	297	349	280	282	203.213
50	maps/mazes/maze_097.map	512	512	54	120	9	67	203.799
50	maps/mazes/maze_097.map	512	512	85	5	76	16	202.87
50	maps/mazes/maze_097.map	512	512	111	25	42	33	203.042
49	maps/mazes/maze_097.map	512	512	290	140	242	145	199.87
49	maps/mazes/maze_097.map	512	512	417	168	321	128	199.113
49	maps/mazes/maze_097.map	512	512	484	388	491	464	199.627
49	maps/mazes/maze_097.map	512	512	272	449	257	508	199.213
49	maps/mazes/maze_097.map	512	512	119	176	101	126	198.627
49	maps/mazes/maze_097.map	512	512	369	176	282	172	199.042
49	maps/mazes/maze_097.map	512	512	401	375	453	348	199.527
49	maps/mazes/maze_097.map	512	512	32	349	72	311	199.113
49	maps/mazes/maze_097.map	512	512	70	244	76	129	199.284
31	maps/mazes/maze_097.map	512	512	379	141	317	147	125.799
49	maps/mazes/maze_097.map	512	512	368	338	374	328	199.213
48	maps/mazes/maze_097.map	512	512	266	160	272	175	195.284
48	maps/mazes/maze_097.map	512	512	89	387	61	426	195.87
48	maps/mazes/maze_097.map	512	512	78	120	28	93	195.971
48	maps/mazes/maze_097.map	512	512	454	184	419	136	195.284
48	maps/mazes/maze_097.map	512	512	472	61	394	1	195.941
48	maps/mazes/maze_097.map	512	512	345	144	374	157	195.456
48	maps/mazes/maze_097.map	512	512	137	152	57	109	195.87
48	maps/mazes/maze_097.map	512	512	365	216	366	168	195.284
48	maps/mazes/maze_097.map	512	512	26	316	73	298	195.527
48	maps/mazes/maze_097.map	512	512	21	220	81	198	195.698
47	maps/mazes/maze_097.map	512	512	252	215	208	258	191.527
47	maps/mazes/maze_097.map	512	512	393	444	463	468	190.87
47	maps/mazes/maze_097.map	512	512	381	28	377	20	191.113
47	maps/mazes/maze_097.map	512	512	244	201	181	141	191.385
47	maps/mazes/maze_097.map	512	512	241	62	284	82	191.284
47	maps/mazes/maze_097.map	512	512	25	261	31	205	191.113
47	maps/mazes/maze_097.map	512	512	377	208	322	141	191.799
47	maps/mazes/maze_097.map	512	512	333	505	312	482	191.213
47	maps/mazes/maze_097.map	512	512	46	20	8	28	191.355
46	maps/mazes/maze_097.map	512	512	341	476	345	430	187.799
46	maps/mazes/maze_097.map	512	512	32	507	96	496	187.87
46	maps/mazes/maze_097.map	512	512	296	316	373	356	187.87
46	maps/mazes/maze_097.map	512	512	170	133	105	108	187.941
46	maps/mazes/maze_097.map	512	512	9	240	59	156	187.213
46	maps/mazes/maze_097.map	512	512	315	416	273	323	187.971
46	maps/mazes/maze_097.map	512	512	214	432	236	424	187.456
46	maps/mazes/maze_097.map	512	512	31	33	37	24	187.527
46	maps/mazes/maze_097.map	512	512	177	175	105	174	187.627
45	maps/mazes/maze_097.map	512	512	192	32	120	36	183.799
45	maps/mazes/maze_097.map	512	512	505	235	493	273	182.87
45	maps/mazes/maze_097.map	512	512	413	408	404	418	183.87
45	maps/mazes/maze_097.map	512	512	492	320	487	285	183.456
45	maps/mazes/maze_097.map	512	512	158	124	185	163	183.799
45	maps/mazes/maze_097.map	512	512	477	436	492	376	183.385
45	maps/mazes/maze_097.map	512	512	509	496	504	431	183.456
45	maps/mazes/maze_097.map	512	512	451	228	500	233	183.698
45	maps/mazes/maze_097.map	512	512	234	1	213	9	183.971
45	maps/mazes/maze_097.map	512	512	324	129	417	136	183.941
44	maps/mazes/maze_097.map	512	512	73	57	65	10	179.627
44	maps/mazes/maze_097.map	512	512	148	75	137	60	179.456
44	maps/mazes/maze_097.map	512	512	68	320	66	285	179.627
44	maps/mazes/maze_097.map	512	512	325	84	240	120	179.385
44	maps/mazes/maze_097.map	512	512	0	363	25	360	179.113
44	maps/mazes/maze_097.map	512	512	209	417	249	360	179.627
44	maps/mazes/maze_097.map	512	512	75	128	65	110	179.456
44	maps/mazes/maze_097.map	512	512	31	493	74	508	179.698
44	maps/mazes/maze_097.map	512	512	473	128	395	133	179.284
43	maps/mazes/maze_097.map	512	512	500	132	505	157	175.213
43	maps/mazes/maze_097.map	512	512	241	108	194	101	175.456
43	maps/mazes/maze_097.map	512	512	42	400	16	401	174.698
43	maps/mazes/maze_097.map	512	512	477	461	500	408	175.213
43	maps/mazes/maze_097.map	512	512	352	76	381	20	175.042
43	maps/mazes/maze_097.map	512	512	446	152	366	137	175.87
43	maps/mazes/maze_097.map	512	512	349	89	360	81	175.284
43	maps/mazes/maze_097.map	512	512	124	67	104	48	175.042
18	maps/mazes/maze_097.map	512	512	429	174	400	165	72.7279
43	maps/mazes/maze_097.map	512	512	53	164	82	133	175.799
43	maps/mazes/maze_097.map	512	512	269	230	240	261	175.113
42	maps/mazes/maze_097.map	512	512	361	9	317	29	171.941
42	maps/mazes/maze_097.map	512	512	421	412	436	425	171.698
42	maps/mazes/maze_097.map	512	512	396	280	423	293	171.456
42	maps/mazes/maze_097.map	512	512	115	165	76	117	171.042
42	maps/mazes/maze_097.map	512	512	24	187	53	178	171.799
42	maps/mazes/maze_097.map	512	512	201	153	237	205	171.799
42	maps/mazes/maze_097.map	512	512	104	359	171	397	171.042
42	maps/mazes/maze_097.map	512	512	16	392	40	420	171.698
42	maps/mazes/maze_097.map	512	512	456	160	415	136	171.284
42	maps/mazes/maze_097.map	512	512	376	264	384	177	171.042
41	maps/mazes/maze_097.map	512	512	190	165	240	205	167.213
41	maps/mazes/maze_097.map	512	512	324	14	323	45	167.698
41	maps/mazes/maze_097.map	512	512	420	10	485	36	167.042
41	maps/mazes/maze_097.map	512	512	509	109	456	125	167.042
41	maps/mazes/maze_097.map	512	512	225	452	248	408	167.284
41	maps/mazes/maze_097.map	512	512	244	192	252	157	167.284
41	maps/mazes/maze_097.map	512	512	16	481	99	496	167.113
41	maps/mazes/maze_097.map	512	512	52	91	121	114	167.456
41	maps/mazes/maze_097.map	512	512	302	489	312	446	167.042
40	maps/mazes/maze_097.map	512	512	456	149	379	145	163.627
40	maps/mazes/maze_097.map	512	512	250	45	218	25	163.698
40	maps/mazes/maze_097.map	512	512	304	463	344	419	163.213
40	maps/mazes/maze_097.map	512	512	298	348	278	304	163.556
40	maps/mazes/maze_097.map	512	512	167	205	105	208	163.627
40	maps/mazes/maze_097.map	512	512	272	301	255	273	163.627
40	maps/mazes/maze_097.map	512	512	308	313	264	267	163.799
40	maps/mazes/maze_097.map	512	512	142	316	86	333	163.385
40	maps/mazes/maze_097.map	512	512	264	191	209	200	163.556
40	maps/mazes/maze_097.map	512	512	168	9	153	23	163.971
39	maps/mazes/maze_097.map	512	512	288	504	256	456	159.556
39	maps/mazes/maze_097.map	512	512	454	133	370	117	159.456
39	maps/mazes/maze_097.map	512	512	345	414	353	343	159.527
39	maps/mazes/maze_097.map	512	512	334	280	324	283	159.284
39	maps/mazes/maze_097.map	512	512	191	356	126	316	159.971
39	maps/mazes/maze_097.map	512	512	112	253	69	204	159.456
39	maps/mazes/maze_097.map	512	512	501	425	501	367	159.314
34	maps/mazes/maze_097.map	512	512	200	301	207	300	138.87
39	maps/mazes/maze_097.map	512	512	93	195	101	227	159.456
39	maps/mazes/maze_097.map	512	512	42	212	44	189	159.042
39	maps/mazes/maze_097.map	512	512	447	137	372	141	159.627
38	maps/mazes/maze_097.map	512	512	252	361	207	320	155.799
38	maps/mazes/maze_097.map	512	512	237	472	229	508	155.799
38	maps/mazes/maze_097.map	512	512	249	272	246	224	155.87
38	maps/mazes/maze_097.map	512	512	17	496	61	498	155.941
38	maps/mazes/maze_097.map	512	512	247	456	246	420	155.87
38	maps/mazes/maze_097.map	512	512	28	234	33	217	155.456
38	maps/mazes/maze_097.map	512	512	32	164	61	184	155.627
38	maps/mazes/maze_097.map	512	512	507	184	469	225	155.627
38	maps/mazes/maze_097.map	512	512	480	133	480	165	155.456
38	maps/mazes/maze_097.map	512	512	165	193	132	167	155.971
37	maps/mazes/maze_097.map	512	512	261	26	236	31	151.456
37	maps/mazes/maze_097.map	512	512	353	177	348	168	151.456
37	maps/mazes/maze_097.map	512	512	440	488	365	484	150.698
37	maps/mazes/maze_097.map	512	512	211	469	157	437	151.556
37	maps/mazes/maze_097.map	512	512	481	264	473	296	150.627
37	maps/mazes/maze_097.map	512	512	13	193	38	168	150.971
37	maps/mazes/maze_097.map	512	512	26	40	34	116	151.213
37	maps/mazes/maze_097.map	512	512	5	284	45	275	151.627
37	maps/mazes/maze_097.map	512	512	501	307	508	275	151.042
37	maps/mazes/maze_097.map	512	512	352	84	345	77	151.456
36	maps/mazes/maze_097.map	512	512	337	245	357	255	147.698
23	maps/mazes/maze_097.map	512	512	121	333	164	320	93.3137
36	maps/mazes/maze_097.map	512	512	8	460	69	489	147.941
36	maps/mazes/maze_097.map	512	512	369	344	357	311	147.142
36	maps/mazes/maze_097.map	512	512	37	38	70	24	147.284
36	maps/mazes/maze_097.map	512	512	480	472	482	465	147.042
36	maps/mazes/maze_097.map	512	512	15	137	4	77	147.971
36	maps/mazes/maze_097.map	512	512	491	396	492	367	147.899
36	maps/mazes/maze_097.map	512	512	176	3	153	21	147.971
36	maps/mazes/maze_097.map	512	512	130	305	89	330	147.556
36	maps/mazes/maze_097.map	512	512	192	453	145	401	147.385
35	maps/mazes/maze_097.map	512	512	268	385	242	381	143.213
35	maps/mazes/maze_097.map	512	512	8	142	38	169	143.627
35	maps/mazes/maze_097.map	512	512	156	296	188	275	143.627
35	maps/mazes/maze_097.map	512	512	328	427	356	374	143.284
35	maps/mazes/maze_097.map	512	512	470	192	407	208	143.042
35	maps/mazes/maze_097.map	512	512	28	190	69	172	143.87
35	maps/mazes/maze_097.map	512	512	286	61	213	45	143.971
35	maps/mazes/maze_097.map	512	512	66	24	39	41	143.456
35	maps/mazes/maze_097.map	512	512	508	222	497	261	143.213
35	maps/mazes/maze_097.map	512	512	19	436	5	469	143.627
34	maps/mazes/maze_097.map	512	512	1	130	3	57	139.142
34	maps/mazes/maze_097.map	512	512	264	325	240	259	139.799
34	maps/mazes/maze_097.map	512	512	208	177	216	148	139.971
34	maps/mazes/maze_097.map	512	512	489	372	404	398	139.042
34	maps/mazes/maze_097.map	512	512	192	88	126	73	139.627
34	maps/mazes/maze_097.map	512	512	325	472	360	458	139.971
34	maps/mazes/maze_097.map	512	512	233	298	240	216	139.385
34	maps/mazes/maze_097.map	512	512	364	121	321	140	139.799
33	maps/mazes/maze_097.map	512	512	226	44	253	78	135.627
33	maps/mazes/maze_097.map	512	512	440	465	482	488	135.042
31	maps/mazes/maze_097.map	512	512	284	201	297	237	127.142
33	maps/mazes/maze_097.map	512	512	386	253	359	240	135.799
33	maps/mazes/maze_097.map	512	512	340	285	325	283	135.627
33	maps/mazes/maze_097.map	512	512	128	161	126	149	135.556
33	maps/mazes/maze_097.map	512	512	317	343	377	353	135.799
33	maps/mazes/maze_097.map	512	512	160	184	136	160	135.556
33	maps/mazes/maze_097.map	512	512	396	148	349	145	135.456
33	maps/mazes/maze_097.map	512	512	325	492	359	493	135.142
32	maps/mazes/maze_097.map	512	512	260	329	245	368	131.456
32	maps/mazes/maze_097.map	512	512	252	300	226	229	131.142
32	maps/mazes/maze_097.map	512	512	68	159	95	125	131.142
32	maps/mazes/maze_097.map	512	512	212	382	194	324	131.556
32	maps/mazes/maze_097.map	512	512	244	366	216	320	131.556
32	maps/mazes/maze_097.map	512	512	16	32	49	89	131.556
32	maps/mazes/maze_097.map	512	512	177	33	116	26	131.799
32	maps/mazes/maze_097.map	512	512	300	138	265	138	131.385
32	maps/mazes/maze_097.map	512	512	264	133	309	165	131.142
32	maps/mazes/maze_097.map	512	512	499	501	488	429	131.142
31	maps/mazes/maze_097.map	512	512	353	161	321	125	127.556
31	maps/mazes/maze_097.map	512	512	96	420	145	391	127.556
31	maps/mazes/maze_097.map	512	512	112	240	142	249	127.971
31	maps/mazes/maze_097.map	512	512	433	469	401	500	127.042
31	maps/mazes/maze_097.map	512	512	371	92	337	93	127.971
31	maps/mazes/maze_097.map	512	512	289	205	252	183	127.627
31	maps/mazes/maze_097.map	512	512	165	295	184	277	127.385
31	maps/mazes/maze_097.map	512	512	289	331	292	305	127.971
30	maps/mazes/maze_097.map	512	512	320	257	366	233	123.799
30	maps/mazes/maze_097.map	512	512	477	402	451	388	123.213
30	maps/mazes/maze_097.map	512	512	340	197	287	193	123.142
30	maps/mazes/maze_097.map	512	512	492	13	501	73	123.971
30	maps/mazes/maze_097.map	512	512	1	424	48	435	123.799
30	maps/mazes/maze_097.map	512	512	402	469	427	484	123.456
30	maps/mazes/maze_097.map	512	512	132	37	74	16	123.142
30	maps/mazes/maze_097.map	512	512	216	468	165	447	123.899
30	maps/mazes/maze_097.map	512	512	38	104	61	97	123.556
29	maps/mazes/maze_097.map	512	512	149	196	109	219	119.385
29	maps/mazes/maze_097.map	512	512	301	470	332	423	119.556
29	maps/mazes/maze_097.map	512	512	505	222	508	255	119.799
29	maps/mazes/maze_097.map	512	512	140	96	80	81	119.971
29	maps/mazes/maze_097.map	512	512	427	476	400	497	119.213
29	maps/mazes/maze_097.map	512	512	413	425	393	441	119.314
29	maps/mazes/maze_097.map	512	512	300	336	353	352	119.971
29	maps/mazes/maze_097.map	512	512	75	501	76	504	119.556
29	maps/mazes/maze_097.map	512	512	133	288	183	316	119.556
28	maps/mazes/maze_097.map	512	512	25	153	40	169	115.142
28	maps/mazes/maze_097.map	512	512	362	421	392	454	115.971
28	maps/mazes/maze_097.map	512	512	193	458	145	434	115.314
28	maps/mazes/maze_097.map	512	512	508	112	456	100	115.314
28	maps/mazes/maze_097.map	512	512	181	332	129	312	115.899
28	maps/mazes/maze_097.map	512	512	505	185	453	230	115.971
28	maps/mazes/maze_097.map	512	512	219	448	273	429	115.385
28	maps/mazes/maze_097.map	512	512	355	269	377	199	115.799
28	maps/mazes/maze_097.map	512	512	92	28	65	26	115.728
28	maps/mazes/maze_097.map	512	512	104	461	98	409	115.657
27	maps/mazes/maze_097.map	512	512	493	412	462	388	111.971
27	maps/mazes/maze_097.map	512	512	276	5	232	29	111.556
27	maps/mazes/maze_097.map	512	512	80	213	115	193	111.971
27	maps/mazes/maze_097.map	512	512	498	501	477	432	111.314
27	maps/mazes/maze_097.map	512	512	404	60	389	91	111.556
27	maps/mazes/maze_097.map	512	512	485	392	481	386	111.071
27	maps/mazes/maze_097.map	512	512	81	72	127	97	111.385
27	maps/mazes/maze_097.map	512	512	135	281	128	285	111.385
26	maps/mazes/maze_097.map	512	512	461	173	429	140	107.385
26	maps/mazes/maze_097.map	512	512	97	5	109	25	106.728
26	maps/mazes/maze_097.map	512	512	20	466	50	493	107.728
26	maps/mazes/maze_097.map	512	512	489	432	484	404	107.728
26	maps/mazes/maze_097.map	512	512	145	65	102	49	107.971
26	maps/mazes/maze_097.map	512	512	341	300	320	296	107.728
26	maps/mazes/maze_097.map	512	512	77	175	108	205	107.627
26	maps/mazes/maze_097.map	512	512	145	220	132	216	107.142
26	maps/mazes/maze_097.map	512	512	1	167	21	148	107.142
26	maps/mazes/maze_097.map	512	512	437	405	456	405	107.385
25	maps/mazes/maze_097.map	512	512	97	59	145	100	103.385
25	maps/mazes/maze_097.map	512	512	295	73	258	105	103.971
25	maps/mazes/maze_097.map	512	512	364	165	309	160	103.314
25	maps/mazes/maze_097.map	512	512	430	336	452	358	103.799
25	maps/mazes/maze_097.map	512	512	468	260	475	221	103.899
25	maps/mazes/maze_097.map	512	512	77	259	81	200	103.142
25	maps/mazes/maze_097.map	512	512	56	504	100	495	103.142
25	maps/mazes/maze_097.map	512	512	403	432	431	440	103.556
25	maps/mazes/maze_097.map	512	512	501	459	505	441	103.314
11	maps/mazes/maze_097.map	512	512	110	352	145	354	44.0711
24	maps/mazes/maze_097.map	512	512	94	36	68	24	99.8995
24	maps/mazes/maze_097.map	512	512	17	109	28	87	99.7279
24	maps/mazes/maze_097.map	512	512	75	393	92	397	99.1421
24	maps/mazes/maze_097.map	512	512	349	289	325	310	99.7279
24	maps/mazes/maze_097.map	512	512	318	45	293	11	99.1421
24	maps/mazes/maze_097.map	512	512	56	432	45	380	99.1421
24	maps/mazes/maze_097.map	512	512	269	72	280	100	99.3848
24	maps/mazes/maze_097.map	512	512	181	228	157	239	99.1421
24	maps/mazes/maze_097.map	512	512	488	463	494	417	99.3137
24	maps/mazes/maze_097.map	512	512	244	479	210	493	99.3137
23	maps/mazes/maze_097.map	512	512	346	161	336	171	95.5563
23	maps/mazes/maze_097.map	512	512	173	138	178	121	95.5563
23	maps/mazes/maze_097.map	512	512	264	493	282	504	95.1421
23	maps/mazes/maze_097.map	512	512	381	102	399	56	95.8995
23	maps/mazes/maze_097.map	512	512	248	416	295	409	95.0711
23	maps/mazes/maze_097.map	512	512	55	457	89	460	95.7279
23	maps/mazes/maze_097.map	512	512	377	85	348	116	95.3137
22	maps/mazes/maze_097.map	512	512	273	153	241	145	91.8995
22	maps/mazes/maze_097.map	512	512	431	385	406	409	91.1421
22	maps/mazes/maze_097.map	512	512	300	18	285	23	91.5563
22	maps/mazes/maze_097.map	512	512	261	119	260	109	91.4853
22	maps/mazes/maze_097.map	512	512	319	28	352	38	91.9706
22	maps/mazes/maze_097.map	512	512	84	447	63	449	91.3848
22	maps/mazes/maze_097.map	512	512	460	432	454	437	91.4853
22	maps/mazes/maze_097.map	512	512	270	312	233	281	91.3137
22	maps/mazes/maze_097.map	512	512	277	101	295	101	91.5563
22	maps/mazes/maze_097.map	512	512	132	117	163	125	91.1421
21	maps/mazes/maze_097.map	512	512	161	119	151	136	87.7279
21	maps/mazes/maze_097.map	512	512	97	303	65	282	86.8995
21	maps/mazes/maze_097.map	512	512	489	31	500	15	87.1421
21	maps/mazes/maze_097.map	512	512	121	168	119	148	87.3137
21	maps/mazes/maze_097.map	512	512	439	149	402	136	87.8995
21	maps/mazes/maze_097.map	512	512	286	33	238	5	87.5563
21	maps/mazes/maze_097.map	512	512	316	224	281	198	87.4853
21	maps/mazes/maze_097.map	512	512	100	239	65	206	87.3137
21	maps/mazes/maze_097.map	512	512	32	344	30	360	87.5563
20	maps/mazes/maze_097.map	512	512	413	184	384	191	83.0711
20	maps/mazes/maze_097.map	512	512	489	40	508	1	83.0711
20	maps/mazes/maze_097.map	512	512	493	119	456	96	83.8995
20	maps/mazes/maze_097.map	512	512	80	9	69	24	83.0711
20	maps/mazes/maze_097.map	512	512	489	364	476	321	83.5563
20	maps/mazes/maze_097.map	512	512	121	397	169	401	83.3137
20	maps/mazes/maze_097.map	512	512	204	354	170	340	83.5563
20	maps/mazes/maze_097.map	512	512	421	72	397	81	83.1421
20	maps/mazes/maze_097.map	512	512	168	229	179	185	83.1421
20	maps/mazes/maze_097.map	512	512	260	356	236	335	83.7279
19	maps/mazes/maze_097.map	512	512	120	84	133	108	79.1421
19	maps/mazes/maze_097.map	512	512	462	141	425	142	79.3137
19	maps/mazes/maze_097.map	512	512	309	301	301	250	79.1421
19	maps/mazes/maze_097.map	512	512	16	29	26	69	79.3137
19	maps/mazes/maze_097.map	512	512	48	101	52	111	79.8995
19	maps/mazes/maze_097.map	512	512	80	390	85	400	79.7279
19	maps/mazes/maze_097.map	512	512	7	236	21	186	79.8995
19	maps/mazes/maze_097.map	512	512	381	408	416	433	79.3137
19	maps/mazes/maze_097.map	512	512	364	396	381	415	79.5563
19	maps/mazes/maze_097.map	512	512	302	277	261	252	79.3137
18	maps/mazes/maze_097.map	512	512	180	20	155	29	75.6569
18	maps/mazes/maze_097.map	512	512	365	222	360	187	75.3137
18	maps/mazes/maze_097.map	512	512	189	170	190	141	75.0711
18	maps/mazes/maze_097.map	512	512	99	12	57	21	75.7279
18	maps/mazes/maze_097.map	512	512	272	402	273	385	75.3137
18	maps/mazes/maze_097.map	512	512	426	288	440	294	75.8995
18	maps/mazes/maze_097.map	512	512	314	365	279	348	75.0711
18	maps/mazes/maze_097.map	512	512	453	95	462	121	75.1421
18	maps/mazes/maze_097.map	512	512	48	289	99	308	75.5563
17	maps/mazes/maze_097.map	512	512	240	188	237	177	71.8995
17	maps/mazes/maze_097.map	512	512	192	500	218	508	71.3137
17	maps/mazes/maze_097.map	512	512	256	167	268	167	71.0711
17	maps/mazes/maze_097.map	512	512	129	501	162	488	71.8995
17	maps/mazes/maze_097.map	512	512	244	69	261	68	71.0711
17	maps/mazes/maze_097.map	512	512	460	484	423	504	71.7279
17	maps/mazes/maze_097.map	512	512	421	125	387	125	71.8995
17	maps/mazes/maze_097.map	512	512	355	1	332	5	71.1421
6	maps/mazes/maze_097.map	512	512	360	370	368	349	27.2426
17	maps/mazes/maze_097.map	512	512	125	136	106	129	71.8995
17	maps/mazes/maze_097.map	512	512	189	64	181	80	71.0711
16	maps/mazes/maze_097.map	512	512	296	241	305	212	67.0711
16	maps/mazes/maze_097.map	512	512	331	4	313	34	67.5563
16	maps/mazes/maze_097.map	512	512	449	274	470	280	67.4853
16	maps/mazes/maze_097.map	512	512	224	254	246	224	67.3137
16	maps/mazes/maze_097.map	512	512	16	228	16	202	67.6569
16	maps/mazes/maze_097.map	512	512	140	445	140	438	67.4853
16	maps/mazes/maze_097.map	512	512	43	1	80	4	67.3137
16	maps/mazes/maze_097.map	512	512	445	441	472	425	67.4853
16	maps/mazes/maze_097.map	512	512	44	168	66	184	67.8995
16	maps/mazes/maze_097.map	512	512	197	379	208	365	67.4853
15	maps/mazes/maze_097.map	512	512	492	350	480	321	63.1421
15	maps/mazes/maze_097.map	512	512	313	136	290	157	63.3137
15	maps/mazes/maze_097.map	512	512	293	345	328	358	63.0711
15	maps/mazes/maze_097.map	512	512	444	16	466	40	63.3137
15	maps/mazes/maze_097.map	512	512	25	381	31	404	63.4853
15	maps/mazes/maze_097.map	512	512	149	0	196	4	62.6569
15	maps/mazes/maze_097.map	512	512	380	436	400	454	63.6569
15	maps/mazes/maze_097.map	512	512	281	209	272	217	63.7279
15	maps/mazes/maze_097.map	512	512	465	106	445	111	63.4853
14	maps/mazes/maze_097.map	512	512	12	254	6	213	58.6569
14	maps/mazes/maze_097.map	512	512	456	398	449	423	59.3137
14	maps/mazes/maze_097.map	512	512	88	41	69	44	59.6569
14	maps/mazes/maze_097.map	512	512	109	292	101	246	59.8995
14	maps/mazes/maze_097.map	512	512	53	393	34	384	59.6569
14	maps/mazes/maze_097.map	512	512	97	487	85	507	59.8995
14	maps/mazes/maze_097.map	512	512	421	90	429	100	59.3137
14	maps/mazes/maze_097.map	512	512	17	257	31	237	59.0711
14	maps/mazes/maze_097.map	512	512	414	169	409	145	59.2426
14	maps/mazes/maze_097.map	512	512	238	225	243	208	59.8995
13	maps/mazes/maze_097.map	512	512	96	64	120	86	55.8995
13	maps/mazes/maze_097.map	512	512	472	270	489	256	55.4853
13	maps/mazes/maze_097.map	512	512	470	208	466	232	55.8995
13	maps/mazes/maze_097.map	512	512	396	69	396	93	55.8995
13	maps/mazes/maze_097.map	512	512	420	397	446	413	55.8995
13	maps/mazes/maze_097.map	512	512	248	374	250	364	55.8995
13	maps/mazes/maze_097.map	512	512	305	2	304	23	55.6569
13	maps/mazes/maze_097.map	512	512	191	332	176	321	55.3137
13	maps/mazes/maze_097.map	512	512	380	152	352	137	55.2426
13	maps/mazes/maze_097.map	512	512	369	18	380	20	55.8284
12	maps/mazes/maze_097.map	512	512	410	61	401	68	51.0711
12	maps/mazes/maze_097.map	512	512	86	297	101	286	51.6569
12	maps/mazes/maze_097.map	512	512	48	323	24	307	51.8995
12	maps/mazes/maze_097.map	512	512	65	384	100	376	51.4853
12	maps/mazes/maze_097.map	512	512	273	136	253	152	51.0711
12	maps/mazes/maze_097.map	512	512	473	171	445	187	51.0711
12	maps/mazes/maze_097.map	512	512	441	195	464	168	51.8995
12	maps/mazes/maze_097.map	512	512	470	265	483	261	50.6569
12	maps/mazes/maze_097.map	512	512	495	128	487	133	51.8284
12	maps/mazes/maze_097.map	512	512	424	313	460	307	51.8995
11	maps/mazes/maze_097.map	512	512	460	4	448	24	47.0711
11	maps/mazes/maze_097.map	512	512	168	159	149	159	47.2426
11	maps/mazes/maze_097.map	512	512	241	441	236	441	47.2426
11	maps/mazes/maze_097.map	512	512	261	54	241	37	47.2426
11	maps/mazes/maze_097.map	512	512	340	93	353	79	47.4853
11	maps/mazes/maze_097.map	512	512	221	119	181	108	47.4853
11	maps/mazes/maze_097.map	512	512	40	70	5	62	47.2426
11	maps/mazes/maze_097.map	512	512	337	312	320	286	47.2426
10	maps/mazes/maze_097.map	512	512	321	461	343	448	43.4853
10	maps/mazes/maze_097.map	512	512	360	377	341	349	42.8995
10	maps/mazes/maze_097.map	512	512	429	284	456	290	43.2426
10	maps/mazes/maze_097.map	512	512	143	289	124	296	43.6569
10	maps/mazes/maze_097.map	512	512	25	483	45	495	43.6569
10	maps/mazes/maze_097.map	512	512	453	375	456	362	43.0711
10	maps/mazes/maze_097.map	512	512	492	383	501	361	43.8284
10	maps/mazes/maze_097.map	512	512	404	117	389	101	43.2426
10	maps/mazes/maze_097.map	512	512	285	357	304	345	43.2426
10	maps/mazes/maze_097.map	512	512	40	399	18	392	43.4853
9	maps/mazes/maze_097.map	512	512	18	260	25	247	39.6569
9	maps/mazes/maze_097.map	512	512	33	373	1	364	39.2426
9	maps/mazes/maze_097.map	512	512	501	17	500	27	39.2426
9	maps/mazes/maze_097.map	512	512	64	1	93	2	39.0711
9	maps/mazes/maze_097.map	512	512	147	400	162	416	38.8995
9	maps/mazes/maze_097.map	512	512	277	485	285	496	39.8284
9	maps/mazes/maze_097.map	512	512	428	500	400	494	39.0711
9	maps/mazes/maze_097.map	512	512	188	439	224	444	39.2426
9	maps/mazes/maze_097.map	512	512	361	392	357	368	39.0711
9	maps/mazes/maze_097.map	512	512	393	244	392	232	39.2426
8	maps/mazes/maze_097.map	512	512	481	263	504	250	35.6569
8	maps/mazes/maze_097.map	512	512	149	466	124	471	35.6569
8	maps/mazes/maze_097.map	512	512	496	288	502	269	35.8284
8	maps/mazes/maze_097.map	512	512	395	13	364	6	35.6569
8	maps/mazes/maze_097.map	512	512	86	353	72	356	35.8284
8	maps/mazes/maze_097.map	512	512	202	425	217	417	35.2426
8	maps/mazes/maze_097.map	512	512	334	357	312	352	35.8284
8	maps/mazes/maze_097.map	512	512	205	457	177	460	35.8284
8	maps/mazes/maze_097.map	512	512	416	269	411	257	35.2426
8	maps/mazes/maze_097.map	512	512	401	468	409	461	35.8284
7	maps/mazes/maze_097.map	512	512	193	263	208	254	31.6569
7	maps/mazes/maze_097.map	512	512	25	0	14	17	31.0711
7	maps/mazes/maze_097.map	512	512	200	285	210	308	31.2426
7	maps/mazes/maze_097.map	512	512	344	16	330	5	31.2426
7	maps/mazes/maze_097.map	512	512	328	145	321	129	31
7	maps/mazes/maze_097.map	512	512	432	20	448	23	31.8284
7	maps/mazes/maze_097.map	512	512	269	372	264	357	31.6569
7	maps/mazes/maze_097.map	512	512	337	35	348	29	31.8284
7	maps/mazes/maze_097.map	512	512	397	51	401	34	31.8284
7	maps/mazes/maze_097.map	512	512	177	287	190	300	31.6569
6	maps/mazes/maze_097.map	512	512	261	465	252	464	27.4142
6	maps/mazes/maze_097.map	512	512	349	508	368	505	27.4142
6	maps/mazes/maze_097.map	512	512	501	489	508	474	27.6569
6	maps/mazes/maze_097.map	512	512	6	180	9	184	27
6	maps/mazes/maze_097.map	512	512	115	404	123	389	27.2426
6	maps/mazes/maze_097.map	512	512	296	409	293	384	27.4142
6	maps/mazes/maze_097.map	512	512	225	69	210	77	27.8284
6	maps/mazes/maze_097.map	512	512	371	409	381	415	27.0711
6	maps/mazes/maze_097.map	512	512	452	337	468	337	27.6569
5	maps/mazes/maze_097.map	512	512	348	12	344	3	23.2426
5	maps/mazes/maze_097.map	512	512	409	178	389	181	23.2426
5	maps/mazes/maze_097.map	512	512	425	384	410	388	22.6569
5	maps/mazes/maze_097.map	512	512	105	12	108	28	23.8284
5	maps/mazes/maze_097.map	512	512	40	192	56	195	23.8284
5	maps/mazes/maze_097.map	512	512	400	472	400	482	23.0711
5	maps/mazes/maze_097.map	512	512	17	471	27	457	22.8284
5	maps/mazes/maze_097.map	512	512	478	169	465	181	23.8284
5	maps/mazes/maze_097.map	512	512	69	229	61	212	23.2426
5	maps/mazes/maze_097.map	512	512	480	412	473	421	22.8284
4	maps/mazes/maze_097.map	512	512	396	400	382	400	19.4142
4	maps/mazes/maze_097.map	512	512	133	36	121	30	19.4142
4	maps/mazes/maze_097.map	512	512	33	463	48	464	19.4142
4	maps/mazes/maze_097.map	512	512	85	198	100	204	19.8284
4	maps/mazes/maze_097.map	512	512	182	464	167	464	19.8284
4	maps/mazes/maze_097.map	512	512	249	278	253	288	19.4142
4	maps/mazes/maze_097.map	512	512	391	0	395	5	19.8284
4	maps/mazes/maze_097.map	512	512	69	1	81	4	19.8284
4	maps/mazes/maze_097.map	512	512	125	500	131	493	19.8284
4	maps/mazes/maze_097.map	512	512	248	296	255	308	19.2426
3	maps/mazes/maze_097.map	512	512	140	79	140	88	15.8284
3	maps/mazes/maze_097.map	512	512	50	149	58	153	15.4142
3	maps/mazes/maze_097.map	512	512	412	173	408	160	15.8284
3	maps/mazes/maze_097.map	512	512	398	508	409	508	15.8284
3	maps/mazes/maze_097.map	512	512	96	472	108	467	15.8284
3	maps/mazes/maze_097.map	512	512	212	303	207	297	15.8284
3	maps/mazes/maze_097.map	512	512	233	205	240	215	15.2426
3	maps/mazes/maze_097.map	512	512	337	149	343	141	15.4142
3	maps/mazes/maze_097.map	512	512	113	448	124	454	15.2426
3	maps/mazes/maze_097.map	512	512	494	8	492	1	15
2	maps/mazes/maze_097.map	512	512	421	376	428	381	11.4142
2	maps/mazes/maze_097.map	512	512	5	368	1	361	11
2	maps/mazes/maze_097.map	512	512	324	236	333	240	11.8284
2	maps/mazes/maze_097.map	512	512	64	253	66	257	11.4142
2	maps/mazes/maze_097.map	512	512	312	384	316	384	11.4142
2	maps/mazes/maze_097.map	512	512	477	406	483	412	10.8284
2	maps/mazes/maze_097.map	512	512	108	297	102	297	11.4142
2	maps/mazes/maze_097.map	512	512	404	504	413	508	11.8284
2	maps/mazes/maze_097.map	512	512	0	367	1	356	11.4142
1	maps/mazes/maze_097.map	512	512	371	365	371	369	7.41421
1	maps/mazes/maze_097.map	512	512	463	401	468	405	7.82843
1	maps/mazes/maze_097.map	512	512	344	177	337	177	7
1	maps/mazes/maze_097.map	512	512	437	499	442	497	7
1	maps/mazes/maze_097.map	512	512	165	256	168	261	7.41421
1	maps/mazes/maze_097.map	512	512	133	168	129	173	7.82843
1	maps/mazes/maze_097.map	512	512	375	325	380	321	7.82843
1	maps/mazes/maze_097.map	512	512	116	44	109	44	7
1	maps/mazes/maze_097.map	512	512	429	412	436	412	7
1	maps/mazes/maze_097.map	512	512	42	41	37	38	7.41421
0	maps/mazes/maze_097.map	512	512	116	508	113	508	3
0	maps/mazes/maze_097.map	512	512	72	194	74	197	3.82843
0	maps/mazes/maze_097.map	512	512	201	380	198	381	3.41421
0	maps/mazes/maze_097.map	512	512	420	449	423	449	3
0	maps/mazes/maze_097.map	512	512	80	454	78	452	3.41421
0	maps/mazes/maze_097.map	512	512	125	365	124	368	3.41421
0	maps/mazes/maze_097.map	512	512	333	122	334	124	3
0	maps/mazes/maze_097.map	512	512	54	469	51	469	3
0	maps/mazes/maze_097.map	512	512	489	354	491	352	3.41421
0	maps/mazes/maze_097.map	512	512	188	120	189	117	3.41421
