version 1
127	maps/mazes/maze_026.map	512	512	58	268	92	209	511.953
127	maps/mazes/maze_026.map	512	512	168	491	93	263	511.953
127	maps/mazes/maze_026.map	512	512	253	468	216	421	511.054
127	maps/mazes/maze_026.map	512	512	158	308	185	344	511.61
127	maps/mazes/maze_026.map	512	512	504	243	496	296	511.953
127	maps/mazes/maze_026.map	512	512	457	210	305	309	511.953
127	maps/mazes/maze_026.map	512	512	194	449	276	325	511.64
127	maps/mazes/maze_026.map	512	512	398	301	345	228	511.338
127	maps/mazes/maze_026.map	512	512	224	505	216	444	511.711
127	maps/mazes/maze_026.map	512	512	273	8	344	30	511.61
126	maps/mazes/maze_026.map	512	512	318	376	280	325	507.125
126	maps/mazes/maze_026.map	512	512	227	448	200	255	507.439
126	maps/mazes/maze_026.map	512	512	331	105	220	110	507.74
126	maps/mazes/maze_026.map	512	512	433	343	369	284	507.711
126	maps/mazes/maze_026.map	512	512	487	256	502	308	507.953
126	maps/mazes/maze_026.map	512	512	234	221	177	177	507.811
126	maps/mazes/maze_026.map	512	512	405	191	493	152	507.711
66	maps/mazes/maze_026.map	512	512	360	201	307	201	267.184
126	maps/mazes/maze_026.map	512	512	494	144	380	182	507.439
126	maps/mazes/maze_026.map	512	512	135	345	92	228	507.154
126	maps/mazes/maze_026.map	512	512	493	332	405	369	507.953
125	maps/mazes/maze_026.map	512	512	465	244	353	300	502.711
125	maps/mazes/maze_026.map	512	512	503	232	493	296	503.782
125	maps/mazes/maze_026.map	512	512	328	45	343	29	503.368
125	maps/mazes/maze_026.map	512	512	492	336	452	423	503.468
125	maps/mazes/maze_026.map	512	512	76	288	101	122	503.468
125	maps/mazes/maze_026.map	512	512	235	361	408	358	503.054
125	maps/mazes/maze_026.map	512	512	237	166	298	248	503.125
125	maps/mazes/maze_026.map	512	512	204	66	76	76	502.61
125	maps/mazes/maze_026.map	512	512	497	107	442	124	503.397
125	maps/mazes/maze_026.map	512	512	104	96	111	193	503.439
124	maps/mazes/maze_026.map	512	512	372	339	260	313	499.882
124	maps/mazes/maze_026.map	512	512	63	21	90	93	499.953
124	maps/mazes/maze_026.map	512	512	231	437	202	264	499.196
124	maps/mazes/maze_026.map	512	512	473	29	374	184	499.296
124	maps/mazes/maze_026.map	512	512	180	45	89	99	499.368
124	maps/mazes/maze_026.map	512	512	88	318	117	191	499.296
124	maps/mazes/maze_026.map	512	512	68	125	100	5	499.64
124	maps/mazes/maze_026.map	512	512	468	328	472	369	499.711
124	maps/mazes/maze_026.map	512	512	90	269	137	184	499.054
124	maps/mazes/maze_026.map	512	512	409	228	374	236	499.51
123	maps/mazes/maze_026.map	512	512	399	357	281	323	495.296
123	maps/mazes/maze_026.map	512	512	124	272	273	198	495.711
123	maps/mazes/maze_026.map	512	512	132	37	252	132	495.225
123	maps/mazes/maze_026.map	512	512	458	13	458	65	495.882
123	maps/mazes/maze_026.map	512	512	123	153	145	37	495.196
123	maps/mazes/maze_026.map	512	512	496	476	449	429	495.054
123	maps/mazes/maze_026.map	512	512	301	400	197	299	495.711
123	maps/mazes/maze_026.map	512	512	94	13	121	147	495.368
123	maps/mazes/maze_026.map	512	512	165	155	283	229	495.64
123	maps/mazes/maze_026.map	512	512	301	88	220	99	495.296
122	maps/mazes/maze_026.map	512	512	416	409	361	433	491.953
122	maps/mazes/maze_026.map	512	512	440	493	449	437	491.468
122	maps/mazes/maze_026.map	512	512	166	449	81	245	491.125
122	maps/mazes/maze_026.map	512	512	278	197	201	286	491.296
122	maps/mazes/maze_026.map	512	512	208	468	233	365	491.397
122	maps/mazes/maze_026.map	512	512	368	254	329	277	491.539
122	maps/mazes/maze_026.map	512	512	131	508	76	377	490.711
122	maps/mazes/maze_026.map	512	512	493	329	408	357	491.953
122	maps/mazes/maze_026.map	512	512	303	356	389	258	491.64
122	maps/mazes/maze_026.map	512	512	17	181	20	21	491.711
121	maps/mazes/maze_026.map	512	512	356	457	225	397	487.368
121	maps/mazes/maze_026.map	512	512	190	493	239	372	487.054
121	maps/mazes/maze_026.map	512	512	225	135	146	41	487.225
121	maps/mazes/maze_026.map	512	512	78	164	30	53	487.953
121	maps/mazes/maze_026.map	512	512	224	41	189	86	487.64
121	maps/mazes/maze_026.map	512	512	413	493	400	394	487.054
121	maps/mazes/maze_026.map	512	512	381	149	249	169	487.054
121	maps/mazes/maze_026.map	512	512	92	478	46	329	487.953
121	maps/mazes/maze_026.map	512	512	16	279	69	188	487.882
121	maps/mazes/maze_026.map	512	512	208	297	126	196	487.953
120	maps/mazes/maze_026.map	512	512	288	81	214	97	483.882
120	maps/mazes/maze_026.map	512	512	288	40	361	88	483.368
84	maps/mazes/maze_026.map	512	512	453	57	484	78	336.184
120	maps/mazes/maze_026.map	512	512	409	113	252	97	483.468
120	maps/mazes/maze_026.map	512	512	104	206	119	181	483.782
120	maps/mazes/maze_026.map	512	512	33	416	1	487	483.225
120	maps/mazes/maze_026.map	512	512	304	444	278	304	483.196
117	maps/mazes/maze_026.map	512	512	412	501	401	397	471.225
120	maps/mazes/maze_026.map	512	512	165	395	180	212	483.782
120	maps/mazes/maze_026.map	512	512	11	361	84	256	483.296
120	maps/mazes/maze_026.map	512	512	102	409	69	429	483.125
120	maps/mazes/maze_026.map	512	512	177	380	200	281	483.539
119	maps/mazes/maze_026.map	512	512	205	311	140	164	479.539
119	maps/mazes/maze_026.map	512	512	422	137	452	104	478.782
83	maps/mazes/maze_026.map	512	512	332	1	329	79	333.326
119	maps/mazes/maze_026.map	512	512	319	316	345	297	479.811
119	maps/mazes/maze_026.map	512	512	20	480	96	474	479.64
119	maps/mazes/maze_026.map	512	512	413	164	452	103	479.196
119	maps/mazes/maze_026.map	512	512	76	218	141	156	479.125
119	maps/mazes/maze_026.map	512	512	52	444	149	486	479.811
119	maps/mazes/maze_026.map	512	512	128	65	141	189	479.368
119	maps/mazes/maze_026.map	512	512	8	69	104	61	479.397
119	maps/mazes/maze_026.map	512	512	464	235	353	281	479.468
25	maps/mazes/maze_026.map	512	512	317	68	295	60	100.971
118	maps/mazes/maze_026.map	512	512	322	216	402	260	474.752
118	maps/mazes/maze_026.map	512	512	471	45	380	160	475.64
118	maps/mazes/maze_026.map	512	512	181	264	120	166	475.468
118	maps/mazes/maze_026.map	512	512	271	164	202	69	475.154
118	maps/mazes/maze_026.map	512	512	128	264	139	200	475.125
118	maps/mazes/maze_026.map	512	512	396	144	265	161	475.64
118	maps/mazes/maze_026.map	512	512	272	229	342	268	475.468
118	maps/mazes/maze_026.map	512	512	440	352	409	281	475.296
118	maps/mazes/maze_026.map	512	512	12	309	58	188	475.811
118	maps/mazes/maze_026.map	512	512	403	225	340	281	475.711
117	maps/mazes/maze_026.map	512	512	109	288	101	127	471.811
117	maps/mazes/maze_026.map	512	512	176	444	188	225	470.882
117	maps/mazes/maze_026.map	512	512	188	508	235	365	471.397
117	maps/mazes/maze_026.map	512	512	321	353	354	300	471.397
117	maps/mazes/maze_026.map	512	512	452	63	348	193	471.054
117	maps/mazes/maze_026.map	512	512	84	353	92	201	471.196
117	maps/mazes/maze_026.map	512	512	125	343	89	254	471.569
117	maps/mazes/maze_026.map	512	512	433	396	362	400	471.569
117	maps/mazes/maze_026.map	512	512	118	317	88	185	470.912
116	maps/mazes/maze_026.map	512	512	194	161	135	196	467.054
116	maps/mazes/maze_026.map	512	512	392	354	329	267	467.154
65	maps/mazes/maze_026.map	512	512	397	337	364	307	262.698
116	maps/mazes/maze_026.map	512	512	437	257	308	294	467.882
116	maps/mazes/maze_026.map	512	512	21	273	64	188	467.64
116	maps/mazes/maze_026.map	512	512	136	188	118	53	467.953
116	maps/mazes/maze_026.map	512	512	364	73	249	97	467.953
116	maps/mazes/maze_026.map	512	512	232	148	146	29	467.811
116	maps/mazes/maze_026.map	512	512	97	320	117	180	467.397
116	maps/mazes/maze_026.map	512	512	394	9	501	33	467.468
116	maps/mazes/maze_026.map	512	512	89	379	72	188	467.64
115	maps/mazes/maze_026.map	512	512	465	75	319	192	463.225
115	maps/mazes/maze_026.map	512	512	373	356	280	324	463.468
115	maps/mazes/maze_026.map	512	512	281	111	208	77	463.225
115	maps/mazes/maze_026.map	512	512	396	4	495	41	463.882
73	maps/mazes/maze_026.map	512	512	210	293	196	429	295.012
115	maps/mazes/maze_026.map	512	512	474	500	416	394	463.983
115	maps/mazes/maze_026.map	512	512	5	476	82	488	463.811
115	maps/mazes/maze_026.map	512	512	317	212	393	261	463.752
115	maps/mazes/maze_026.map	512	512	502	508	441	395	463.983
115	maps/mazes/maze_026.map	512	512	341	280	260	241	463.64
115	maps/mazes/maze_026.map	512	512	100	476	53	335	463.296
114	maps/mazes/maze_026.map	512	512	49	152	9	44	459.64
114	maps/mazes/maze_026.map	512	512	143	364	53	187	459.083
114	maps/mazes/maze_026.map	512	512	492	259	487	281	459.711
114	maps/mazes/maze_026.map	512	512	256	124	164	38	459.154
114	maps/mazes/maze_026.map	512	512	177	450	173	298	459.397
114	maps/mazes/maze_026.map	512	512	319	349	406	272	459.154
114	maps/mazes/maze_026.map	512	512	493	108	333	201	459.711
114	maps/mazes/maze_026.map	512	512	146	28	102	129	459.711
114	maps/mazes/maze_026.map	512	512	476	380	499	453	459.882
114	maps/mazes/maze_026.map	512	512	452	282	335	297	459.64
113	maps/mazes/maze_026.map	512	512	76	461	78	348	455.024
113	maps/mazes/maze_026.map	512	512	181	188	253	247	455.569
113	maps/mazes/maze_026.map	512	512	0	472	91	496	455.811
113	maps/mazes/maze_026.map	512	512	369	137	257	137	455.983
113	maps/mazes/maze_026.map	512	512	68	373	85	249	455.853
113	maps/mazes/maze_026.map	512	512	230	85	202	45	455.397
113	maps/mazes/maze_026.map	512	512	14	217	30	44	455.711
113	maps/mazes/maze_026.map	512	512	264	487	217	431	455.811
113	maps/mazes/maze_026.map	512	512	37	314	80	195	455.983
113	maps/mazes/maze_026.map	512	512	407	93	268	108	455.64
112	maps/mazes/maze_026.map	512	512	331	301	446	216	451.296
112	maps/mazes/maze_026.map	512	512	76	40	73	79	451.296
112	maps/mazes/maze_026.map	512	512	339	396	268	293	451.054
112	maps/mazes/maze_026.map	512	512	34	16	160	57	451.326
112	maps/mazes/maze_026.map	512	512	215	392	270	305	451.64
112	maps/mazes/maze_026.map	512	512	386	125	234	105	451.782
112	maps/mazes/maze_026.map	512	512	228	36	212	77	451.811
112	maps/mazes/maze_026.map	512	512	354	505	441	432	451.882
61	maps/mazes/maze_026.map	512	512	424	501	317	508	244.184
112	maps/mazes/maze_026.map	512	512	77	238	84	84	451.811
112	maps/mazes/maze_026.map	512	512	60	237	128	197	451.054
111	maps/mazes/maze_026.map	512	512	10	380	124	329	446.983
111	maps/mazes/maze_026.map	512	512	416	264	308	289	447.468
111	maps/mazes/maze_026.map	512	512	308	421	284	301	447.882
111	maps/mazes/maze_026.map	512	512	69	457	71	344	446.782
111	maps/mazes/maze_026.map	512	512	135	324	111	284	447.74
111	maps/mazes/maze_026.map	512	512	477	451	500	502	447.64
111	maps/mazes/maze_026.map	512	512	123	149	193	240	447.225
111	maps/mazes/maze_026.map	512	512	418	433	383	416	447.74
111	maps/mazes/maze_026.map	512	512	351	92	249	126	447.539
111	maps/mazes/maze_026.map	512	512	276	466	250	428	447.397
110	maps/mazes/maze_026.map	512	512	272	146	166	45	443.569
110	maps/mazes/maze_026.map	512	512	123	24	81	173	443.711
110	maps/mazes/maze_026.map	512	512	133	501	86	412	443.054
110	maps/mazes/maze_026.map	512	512	177	276	141	200	443.64
110	maps/mazes/maze_026.map	512	512	449	380	412	447	443.882
110	maps/mazes/maze_026.map	512	512	0	44	109	63	442.912
110	maps/mazes/maze_026.map	512	512	20	458	72	501	443.811
110	maps/mazes/maze_026.map	512	512	322	93	227	113	443.711
110	maps/mazes/maze_026.map	512	512	77	378	124	313	443.439
110	maps/mazes/maze_026.map	512	512	112	376	80	187	443.225
109	maps/mazes/maze_026.map	512	512	188	289	148	180	439.125
109	maps/mazes/maze_026.map	512	512	20	45	145	18	439.497
109	maps/mazes/maze_026.map	512	512	401	141	348	221	439.711
109	maps/mazes/maze_026.map	512	512	16	95	25	14	439.397
109	maps/mazes/maze_026.map	512	512	450	284	344	303	439.225
109	maps/mazes/maze_026.map	512	512	320	456	225	399	439.296
109	maps/mazes/maze_026.map	512	512	73	44	80	72	438.882
109	maps/mazes/maze_026.map	512	512	384	63	290	81	439.154
109	maps/mazes/maze_026.map	512	512	180	497	237	370	439.983
109	maps/mazes/maze_026.map	512	512	216	264	277	199	439.397
108	maps/mazes/maze_026.map	512	512	60	344	92	224	435.782
108	maps/mazes/maze_026.map	512	512	185	105	137	60	435.225
108	maps/mazes/maze_026.map	512	512	380	106	228	86	435.296
108	maps/mazes/maze_026.map	512	512	228	149	166	37	435.154
108	maps/mazes/maze_026.map	512	512	237	241	265	307	435.983
108	maps/mazes/maze_026.map	512	512	37	167	17	45	435.296
108	maps/mazes/maze_026.map	512	512	53	332	78	204	435.711
108	maps/mazes/maze_026.map	512	512	87	461	53	320	435.125
108	maps/mazes/maze_026.map	512	512	499	181	489	109	435.64
108	maps/mazes/maze_026.map	512	512	114	200	122	196	435.296
107	maps/mazes/maze_026.map	512	512	22	97	17	12	431.983
107	maps/mazes/maze_026.map	512	512	313	389	252	330	431.054
107	maps/mazes/maze_026.map	512	512	82	116	32	148	431.397
107	maps/mazes/maze_026.map	512	512	461	176	458	109	431.054
107	maps/mazes/maze_026.map	512	512	113	284	147	200	431.154
107	maps/mazes/maze_026.map	512	512	61	470	53	323	431.711
107	maps/mazes/maze_026.map	512	512	91	240	94	89	431.154
107	maps/mazes/maze_026.map	512	512	344	408	283	312	431.811
107	maps/mazes/maze_026.map	512	512	221	266	144	150	431.468
107	maps/mazes/maze_026.map	512	512	329	323	319	308	431.669
106	maps/mazes/maze_026.map	512	512	220	62	209	77	427.74
106	maps/mazes/maze_026.map	512	512	169	18	85	83	427.125
106	maps/mazes/maze_026.map	512	512	205	193	104	189	427.225
106	maps/mazes/maze_026.map	512	512	30	360	65	453	427.296
106	maps/mazes/maze_026.map	512	512	240	15	119	57	427.225
106	maps/mazes/maze_026.map	512	512	492	333	462	368	427.811
106	maps/mazes/maze_026.map	512	512	212	194	200	261	427.711
106	maps/mazes/maze_026.map	512	512	233	256	165	185	427.811
106	maps/mazes/maze_026.map	512	512	413	156	464	96	427.125
106	maps/mazes/maze_026.map	512	512	157	414	197	300	427.983
105	maps/mazes/maze_026.map	512	512	82	365	85	251	423.61
105	maps/mazes/maze_026.map	512	512	285	46	342	77	423.882
105	maps/mazes/maze_026.map	512	512	399	440	368	406	423.569
99	maps/mazes/maze_026.map	512	512	240	442	302	456	397.882
105	maps/mazes/maze_026.map	512	512	437	504	412	392	423.569
105	maps/mazes/maze_026.map	512	512	416	194	507	145	423.296
105	maps/mazes/maze_026.map	512	512	380	235	305	311	423.225
105	maps/mazes/maze_026.map	512	512	18	453	66	508	423.569
105	maps/mazes/maze_026.map	512	512	402	184	456	138	423.154
18	maps/mazes/maze_026.map	512	512	246	296	198	301	73.4853
105	maps/mazes/maze_026.map	512	512	128	351	128	297	423.154
105	maps/mazes/maze_026.map	512	512	32	316	88	193	423.326
104	maps/mazes/maze_026.map	512	512	379	333	392	237	418.983
104	maps/mazes/maze_026.map	512	512	361	347	249	361	419.255
104	maps/mazes/maze_026.map	512	512	145	496	65	441	419.225
104	maps/mazes/maze_026.map	512	512	472	421	476	494	419.811
104	maps/mazes/maze_026.map	512	512	489	113	337	189	419.882
104	maps/mazes/maze_026.map	512	512	85	445	69	322	419.953
104	maps/mazes/maze_026.map	512	512	88	416	103	304	419.368
104	maps/mazes/maze_026.map	512	512	148	241	144	150	419.711
104	maps/mazes/maze_026.map	512	512	28	121	13	26	419.74
104	maps/mazes/maze_026.map	512	512	496	466	448	467	419.569
103	maps/mazes/maze_026.map	512	512	2	141	15	29	415.811
103	maps/mazes/maze_026.map	512	512	352	276	409	281	415.196
103	maps/mazes/maze_026.map	512	512	72	200	141	150	415.811
103	maps/mazes/maze_026.map	512	512	481	16	461	60	415.74
103	maps/mazes/maze_026.map	512	512	477	181	449	105	415.882
103	maps/mazes/maze_026.map	512	512	140	76	111	57	415.64
103	maps/mazes/maze_026.map	512	512	493	395	469	448	415.225
103	maps/mazes/maze_026.map	512	512	89	498	45	326	414.711
103	maps/mazes/maze_026.map	512	512	227	164	217	294	415.983
103	maps/mazes/maze_026.map	512	512	96	220	196	264	414.811
75	maps/mazes/maze_026.map	512	512	126	369	89	280	303.74
102	maps/mazes/maze_026.map	512	512	476	324	463	356	411.811
102	maps/mazes/maze_026.map	512	512	231	20	329	14	411.882
102	maps/mazes/maze_026.map	512	512	378	172	343	225	411.054
102	maps/mazes/maze_026.map	512	512	209	493	229	385	411.74
102	maps/mazes/maze_026.map	512	512	406	500	408	387	411.569
102	maps/mazes/maze_026.map	512	512	68	26	89	59	411.983
102	maps/mazes/maze_026.map	512	512	48	452	53	340	411.468
102	maps/mazes/maze_026.map	512	512	11	329	93	296	411.811
102	maps/mazes/maze_026.map	512	512	248	268	308	241	411.811
102	maps/mazes/maze_026.map	512	512	260	292	186	168	411.983
101	maps/mazes/maze_026.map	512	512	229	7	118	53	407.811
101	maps/mazes/maze_026.map	512	512	333	257	355	184	407.125
101	maps/mazes/maze_026.map	512	512	406	45	500	21	407.983
101	maps/mazes/maze_026.map	512	512	301	405	356	397	407.326
101	maps/mazes/maze_026.map	512	512	254	192	232	172	407.497
101	maps/mazes/maze_026.map	512	512	375	421	264	356	407.397
101	maps/mazes/maze_026.map	512	512	52	28	156	57	407.669
101	maps/mazes/maze_026.map	512	512	458	61	378	185	407.983
101	maps/mazes/maze_026.map	512	512	471	73	416	131	407.326
101	maps/mazes/maze_026.map	512	512	300	330	360	300	407.497
100	maps/mazes/maze_026.map	512	512	277	169	336	206	403.296
100	maps/mazes/maze_026.map	512	512	329	331	476	358	403.154
100	maps/mazes/maze_026.map	512	512	241	74	148	41	403.983
100	maps/mazes/maze_026.map	512	512	57	69	104	61	403.326
100	maps/mazes/maze_026.map	512	512	413	150	470	109	403.054
100	maps/mazes/maze_026.map	512	512	289	177	322	205	403.468
100	maps/mazes/maze_026.map	512	512	291	28	344	77	403.64
100	maps/mazes/maze_026.map	512	512	324	154	270	137	403.326
100	maps/mazes/maze_026.map	512	512	148	349	96	262	403.426
100	maps/mazes/maze_026.map	512	512	92	344	73	182	403.569
99	maps/mazes/maze_026.map	512	512	224	315	184	212	399.811
99	maps/mazes/maze_026.map	512	512	275	37	357	20	399.225
99	maps/mazes/maze_026.map	512	512	176	187	68	177	399.882
99	maps/mazes/maze_026.map	512	512	320	33	310	93	399.154
99	maps/mazes/maze_026.map	512	512	237	147	171	48	399.326
99	maps/mazes/maze_026.map	512	512	141	328	127	297	399.083
99	maps/mazes/maze_026.map	512	512	68	213	143	189	399.811
99	maps/mazes/maze_026.map	512	512	228	429	190	292	399.569
99	maps/mazes/maze_026.map	512	512	61	298	102	284	399.711
98	maps/mazes/maze_026.map	512	512	333	121	272	152	395.497
98	maps/mazes/maze_026.map	512	512	400	351	326	285	395.841
98	maps/mazes/maze_026.map	512	512	148	98	202	201	395.225
98	maps/mazes/maze_026.map	512	512	452	226	376	284	395.397
98	maps/mazes/maze_026.map	512	512	104	457	64	429	395.397
98	maps/mazes/maze_026.map	512	512	120	305	109	178	395.154
98	maps/mazes/maze_026.map	512	512	29	97	10	33	395.326
98	maps/mazes/maze_026.map	512	512	320	33	312	95	395.154
98	maps/mazes/maze_026.map	512	512	506	453	492	481	395.154
68	maps/mazes/maze_026.map	512	512	360	237	390	221	274.426
98	maps/mazes/maze_026.map	512	512	264	485	227	429	395.569
97	maps/mazes/maze_026.map	512	512	277	344	369	407	391.912
97	maps/mazes/maze_026.map	512	512	181	193	85	175	391.397
97	maps/mazes/maze_026.map	512	512	185	452	201	263	391.811
97	maps/mazes/maze_026.map	512	512	341	336	246	364	391.326
97	maps/mazes/maze_026.map	512	512	58	101	72	8	390.74
97	maps/mazes/maze_026.map	512	512	348	179	352	252	391.711
97	maps/mazes/maze_026.map	512	512	97	249	130	197	391.326
97	maps/mazes/maze_026.map	512	512	240	323	192	249	391.74
97	maps/mazes/maze_026.map	512	512	149	22	120	154	391.468
97	maps/mazes/maze_026.map	512	512	84	32	88	89	391.811
96	maps/mazes/maze_026.map	512	512	414	48	508	24	387.154
96	maps/mazes/maze_026.map	512	512	141	440	101	280	387.397
96	maps/mazes/maze_026.map	512	512	180	266	148	191	387.811
96	maps/mazes/maze_026.map	512	512	289	306	274	224	387.569
96	maps/mazes/maze_026.map	512	512	230	361	325	409	387.569
96	maps/mazes/maze_026.map	512	512	89	381	92	197	387.326
96	maps/mazes/maze_026.map	512	512	152	73	126	141	387.397
96	maps/mazes/maze_026.map	512	512	64	242	124	140	387.154
96	maps/mazes/maze_026.map	512	512	496	176	485	136	387.569
96	maps/mazes/maze_026.map	512	512	352	255	394	284	387.368
95	maps/mazes/maze_026.map	512	512	328	16	294	81	383.569
95	maps/mazes/maze_026.map	512	512	197	221	118	189	383.326
95	maps/mazes/maze_026.map	512	512	109	204	181	168	383.154
95	maps/mazes/maze_026.map	512	512	20	233	49	126	383.154
95	maps/mazes/maze_026.map	512	512	319	304	414	229	383.983
95	maps/mazes/maze_026.map	512	512	142	45	104	120	383.225
95	maps/mazes/maze_026.map	512	512	393	396	341	377	383.326
95	maps/mazes/maze_026.map	512	512	292	438	392	420	383.154
95	maps/mazes/maze_026.map	512	512	25	358	101	272	383.539
95	maps/mazes/maze_026.map	512	512	269	147	206	49	382.841
94	maps/mazes/maze_026.map	512	512	157	5	120	136	379.397
94	maps/mazes/maze_026.map	512	512	144	405	101	273	379.225
94	maps/mazes/maze_026.map	512	512	419	81	384	100	379.497
37	maps/mazes/maze_026.map	512	512	29	96	24	137	148.042
94	maps/mazes/maze_026.map	512	512	410	205	497	129	378.64
94	maps/mazes/maze_026.map	512	512	338	28	281	78	379.569
94	maps/mazes/maze_026.map	512	512	407	276	322	256	379.083
94	maps/mazes/maze_026.map	512	512	78	492	84	354	379.74
94	maps/mazes/maze_026.map	512	512	326	285	286	241	379.983
94	maps/mazes/maze_026.map	512	512	268	197	299	216	379.497
94	maps/mazes/maze_026.map	512	512	412	480	377	393	379.255
93	maps/mazes/maze_026.map	512	512	120	434	188	337	375.912
93	maps/mazes/maze_026.map	512	512	33	220	38	57	375.983
93	maps/mazes/maze_026.map	512	512	149	8	128	142	375.811
93	maps/mazes/maze_026.map	512	512	388	85	281	79	375.669
93	maps/mazes/maze_026.map	512	512	195	277	194	137	375.326
93	maps/mazes/maze_026.map	512	512	245	174	181	181	375.083
93	maps/mazes/maze_026.map	512	512	221	173	266	184	375.255
93	maps/mazes/maze_026.map	512	512	389	309	373	242	375.912
93	maps/mazes/maze_026.map	512	512	25	8	109	62	375.841
93	maps/mazes/maze_026.map	512	512	356	111	256	172	375.912
92	maps/mazes/maze_026.map	512	512	413	229	330	304	371.983
64	maps/mazes/maze_026.map	512	512	24	289	30	389	257.355
92	maps/mazes/maze_026.map	512	512	453	359	352	375	371.669
92	maps/mazes/maze_026.map	512	512	255	425	264	461	371.326
92	maps/mazes/maze_026.map	512	512	317	144	261	130	371.841
92	maps/mazes/maze_026.map	512	512	23	292	75	201	371.912
92	maps/mazes/maze_026.map	512	512	385	250	328	284	371.083
92	maps/mazes/maze_026.map	512	512	480	431	470	485	371.154
92	maps/mazes/maze_026.map	512	512	290	68	264	119	371.225
92	maps/mazes/maze_026.map	512	512	16	417	44	476	371.426
92	maps/mazes/maze_026.map	512	512	293	100	240	128	371.426
91	maps/mazes/maze_026.map	512	512	193	8	93	100	367.154
91	maps/mazes/maze_026.map	512	512	156	340	101	272	367.77
91	maps/mazes/maze_026.map	512	512	443	33	500	29	367.326
91	maps/mazes/maze_026.map	512	512	221	325	177	220	367.569
91	maps/mazes/maze_026.map	512	512	473	385	465	468	367.569
91	maps/mazes/maze_026.map	512	512	409	24	389	68	367.397
91	maps/mazes/maze_026.map	512	512	381	256	360	224	367.368
91	maps/mazes/maze_026.map	512	512	203	229	188	227	367.569
91	maps/mazes/maze_026.map	512	512	345	432	329	418	367.497
91	maps/mazes/maze_026.map	512	512	168	56	168	67	367.326
90	maps/mazes/maze_026.map	512	512	192	444	193	267	363.154
90	maps/mazes/maze_026.map	512	512	458	213	375	284	363.154
90	maps/mazes/maze_026.map	512	512	405	56	373	73	363.811
90	maps/mazes/maze_026.map	512	512	260	372	268	293	363.569
90	maps/mazes/maze_026.map	512	512	79	120	110	45	363.255
90	maps/mazes/maze_026.map	512	512	352	44	283	97	363.154
90	maps/mazes/maze_026.map	512	512	172	237	277	199	363.083
90	maps/mazes/maze_026.map	512	512	494	448	500	484	363.497
90	maps/mazes/maze_026.map	512	512	449	222	409	283	363.569
90	maps/mazes/maze_026.map	512	512	364	420	300	395	363.669
89	maps/mazes/maze_026.map	512	512	158	309	187	168	359.74
89	maps/mazes/maze_026.map	512	512	127	264	217	296	359.397
89	maps/mazes/maze_026.map	512	512	357	320	324	251	359.74
89	maps/mazes/maze_026.map	512	512	68	228	134	197	359.912
89	maps/mazes/maze_026.map	512	512	502	357	492	418	359.326
89	maps/mazes/maze_026.map	512	512	236	456	211	360	359.326
89	maps/mazes/maze_026.map	512	512	120	81	120	58	359.326
22	maps/mazes/maze_026.map	512	512	58	145	54	160	88.8995
89	maps/mazes/maze_026.map	512	512	273	444	264	439	359.397
89	maps/mazes/maze_026.map	512	512	337	102	272	152	359.426
89	maps/mazes/maze_026.map	512	512	479	480	450	468	359.669
88	maps/mazes/maze_026.map	512	512	172	182	128	143	355.912
88	maps/mazes/maze_026.map	512	512	329	22	352	93	355.497
88	maps/mazes/maze_026.map	512	512	108	481	83	364	355.497
88	maps/mazes/maze_026.map	512	512	117	385	92	224	355.74
88	maps/mazes/maze_026.map	512	512	437	345	392	249	355.083
88	maps/mazes/maze_026.map	512	512	446	325	390	360	355.811
88	maps/mazes/maze_026.map	512	512	174	240	135	196	355.569
88	maps/mazes/maze_026.map	512	512	181	82	165	64	355.74
88	maps/mazes/maze_026.map	512	512	501	378	474	444	355.083
88	maps/mazes/maze_026.map	512	512	402	241	353	291	355.811
87	maps/mazes/maze_026.map	512	512	365	222	376	261	351.539
87	maps/mazes/maze_026.map	512	512	420	484	402	385	351.426
87	maps/mazes/maze_026.map	512	512	436	464	392	391	351.426
87	maps/mazes/maze_026.map	512	512	340	376	381	417	351.497
87	maps/mazes/maze_026.map	512	512	237	472	213	378	351.255
87	maps/mazes/maze_026.map	512	512	302	205	333	214	351.397
87	maps/mazes/maze_026.map	512	512	384	42	394	65	351.811
87	maps/mazes/maze_026.map	512	512	223	265	204	200	351.154
87	maps/mazes/maze_026.map	512	512	184	477	100	380	351.669
87	maps/mazes/maze_026.map	512	512	52	405	48	317	351.154
86	maps/mazes/maze_026.map	512	512	12	325	63	316	347.154
86	maps/mazes/maze_026.map	512	512	16	413	46	468	347.184
86	maps/mazes/maze_026.map	512	512	129	357	113	349	347.497
86	maps/mazes/maze_026.map	512	512	80	12	93	47	347.255
86	maps/mazes/maze_026.map	512	512	241	428	180	323	347.74
86	maps/mazes/maze_026.map	512	512	152	38	96	92	347.397
86	maps/mazes/maze_026.map	512	512	356	68	245	85	347.74
86	maps/mazes/maze_026.map	512	512	284	509	420	462	347.326
86	maps/mazes/maze_026.map	512	512	41	432	56	477	347.012
86	maps/mazes/maze_026.map	512	512	141	80	108	70	347.912
85	maps/mazes/maze_026.map	512	512	41	211	40	66	343.983
85	maps/mazes/maze_026.map	512	512	265	25	364	15	343.326
85	maps/mazes/maze_026.map	512	512	196	5	161	63	343.569
85	maps/mazes/maze_026.map	512	512	63	269	101	297	343.74
48	maps/mazes/maze_026.map	512	512	248	433	192	484	193.042
85	maps/mazes/maze_026.map	512	512	350	285	326	224	343.669
85	maps/mazes/maze_026.map	512	512	476	384	471	448	343.912
85	maps/mazes/maze_026.map	512	512	136	302	165	244	343.326
85	maps/mazes/maze_026.map	512	512	332	173	338	209	342.912
85	maps/mazes/maze_026.map	512	512	252	457	205	346	343.74
85	maps/mazes/maze_026.map	512	512	409	59	380	66	343.983
84	maps/mazes/maze_026.map	512	512	276	232	202	193	339.426
84	maps/mazes/maze_026.map	512	512	489	509	447	408	339.669
84	maps/mazes/maze_026.map	512	512	289	152	218	117	339.113
84	maps/mazes/maze_026.map	512	512	260	96	253	129	339.983
55	maps/mazes/maze_026.map	512	512	128	313	72	233	222.042
84	maps/mazes/maze_026.map	512	512	65	9	96	44	339.255
84	maps/mazes/maze_026.map	512	512	312	52	302	85	339.083
84	maps/mazes/maze_026.map	512	512	298	121	247	132	339.598
84	maps/mazes/maze_026.map	512	512	499	500	441	420	339.255
84	maps/mazes/maze_026.map	512	512	1	487	96	474	339.841
83	maps/mazes/maze_026.map	512	512	86	293	93	190	335.841
83	maps/mazes/maze_026.map	512	512	48	465	97	504	335.841
83	maps/mazes/maze_026.map	512	512	106	81	72	5	335.012
83	maps/mazes/maze_026.map	512	512	164	401	188	328	335.426
83	maps/mazes/maze_026.map	512	512	316	220	257	241	335.255
83	maps/mazes/maze_026.map	512	512	36	14	119	45	335.012
83	maps/mazes/maze_026.map	512	512	141	80	105	77	335.912
83	maps/mazes/maze_026.map	512	512	453	173	470	89	335.569
83	maps/mazes/maze_026.map	512	512	100	447	88	454	335.326
82	maps/mazes/maze_026.map	512	512	69	468	84	355	331.497
82	maps/mazes/maze_026.map	512	512	36	69	59	8	331.012
82	maps/mazes/maze_026.map	512	512	356	78	241	87	331.74
82	maps/mazes/maze_026.map	512	512	12	494	93	479	331.012
82	maps/mazes/maze_026.map	512	512	379	445	353	393	331.012
82	maps/mazes/maze_026.map	512	512	104	247	117	191	331.669
82	maps/mazes/maze_026.map	512	512	232	249	265	316	331.012
82	maps/mazes/maze_026.map	512	512	257	272	299	216	331.841
82	maps/mazes/maze_026.map	512	512	72	116	18	17	330.841
82	maps/mazes/maze_026.map	512	512	497	332	498	409	331.841
81	maps/mazes/maze_026.map	512	512	106	384	101	302	327.669
81	maps/mazes/maze_026.map	512	512	73	469	60	360	327.74
81	maps/mazes/maze_026.map	512	512	63	497	69	362	327.669
81	maps/mazes/maze_026.map	512	512	509	414	498	453	327.497
81	maps/mazes/maze_026.map	512	512	340	272	408	284	327.598
81	maps/mazes/maze_026.map	512	512	130	433	200	354	327.184
81	maps/mazes/maze_026.map	512	512	216	89	189	85	327.77
81	maps/mazes/maze_026.map	512	512	208	196	217	282	327.326
81	maps/mazes/maze_026.map	512	512	92	115	17	172	327.841
81	maps/mazes/maze_026.map	512	512	233	372	215	264	327.154
80	maps/mazes/maze_026.map	512	512	113	153	142	68	323.397
80	maps/mazes/maze_026.map	512	512	164	473	81	447	323.912
80	maps/mazes/maze_026.map	512	512	325	138	285	137	323.912
80	maps/mazes/maze_026.map	512	512	469	96	359	185	323.669
80	maps/mazes/maze_026.map	512	512	36	78	32	52	323.255
80	maps/mazes/maze_026.map	512	512	237	262	196	168	323.184
80	maps/mazes/maze_026.map	512	512	475	473	436	481	323.184
80	maps/mazes/maze_026.map	512	512	101	352	79	204	323.113
80	maps/mazes/maze_026.map	512	512	228	260	267	316	323.184
80	maps/mazes/maze_026.map	512	512	454	109	327	189	323.669
79	maps/mazes/maze_026.map	512	512	150	96	179	172	319.083
79	maps/mazes/maze_026.map	512	512	108	252	120	188	319.012
79	maps/mazes/maze_026.map	512	512	102	25	85	61	319.083
79	maps/mazes/maze_026.map	512	512	49	357	70	345	319.811
79	maps/mazes/maze_026.map	512	512	229	117	174	69	319.77
50	maps/mazes/maze_026.map	512	512	398	192	413	217	203.799
79	maps/mazes/maze_026.map	512	512	77	328	84	233	319.598
79	maps/mazes/maze_026.map	512	512	498	164	501	156	319.669
79	maps/mazes/maze_026.map	512	512	425	390	280	381	319.941
79	maps/mazes/maze_026.map	512	512	207	212	241	297	319.669
79	maps/mazes/maze_026.map	512	512	421	182	453	136	319.255
78	maps/mazes/maze_026.map	512	512	201	422	196	277	315.497
78	maps/mazes/maze_026.map	512	512	278	185	281	223	315.426
78	maps/mazes/maze_026.map	512	512	210	96	164	33	315.669
78	maps/mazes/maze_026.map	512	512	303	8	354	60	315.912
78	maps/mazes/maze_026.map	512	512	290	469	255	456	315.497
78	maps/mazes/maze_026.map	512	512	105	241	109	178	315.426
78	maps/mazes/maze_026.map	512	512	2	293	81	241	315.083
78	maps/mazes/maze_026.map	512	512	401	148	297	119	315.669
78	maps/mazes/maze_026.map	512	512	328	409	258	313	315.497
78	maps/mazes/maze_026.map	512	512	21	358	109	293	315.083
77	maps/mazes/maze_026.map	512	512	332	28	317	100	310.841
77	maps/mazes/maze_026.map	512	512	100	248	97	190	311.426
77	maps/mazes/maze_026.map	512	512	105	132	148	162	311.77
77	maps/mazes/maze_026.map	512	512	12	458	5	465	311.012
77	maps/mazes/maze_026.map	512	512	180	87	142	41	311.255
77	maps/mazes/maze_026.map	512	512	288	309	377	258	311.012
77	maps/mazes/maze_026.map	512	512	316	277	301	248	311.255
77	maps/mazes/maze_026.map	512	512	484	263	477	229	311.426
77	maps/mazes/maze_026.map	512	512	501	432	497	462	311.841
77	maps/mazes/maze_026.map	512	512	33	72	39	1	311.77
76	maps/mazes/maze_026.map	512	512	357	379	254	373	306.598
76	maps/mazes/maze_026.map	512	512	97	92	137	192	307.012
76	maps/mazes/maze_026.map	512	512	104	70	121	136	307.569
76	maps/mazes/maze_026.map	512	512	188	301	170	193	307.841
76	maps/mazes/maze_026.map	512	512	166	509	96	351	307.598
76	maps/mazes/maze_026.map	512	512	464	61	388	163	307.255
76	maps/mazes/maze_026.map	512	512	180	325	182	200	307.669
76	maps/mazes/maze_026.map	512	512	257	222	173	166	307.355
76	maps/mazes/maze_026.map	512	512	249	440	228	380	307.426
76	maps/mazes/maze_026.map	512	512	251	292	208	190	307.669
75	maps/mazes/maze_026.map	512	512	268	301	193	250	303.255
75	maps/mazes/maze_026.map	512	512	257	16	284	38	303.669
75	maps/mazes/maze_026.map	512	512	22	77	22	13	303.012
75	maps/mazes/maze_026.map	512	512	478	444	501	484	303.426
75	maps/mazes/maze_026.map	512	512	344	42	346	93	303.426
75	maps/mazes/maze_026.map	512	512	104	392	105	298	303.669
75	maps/mazes/maze_026.map	512	512	364	320	339	281	303.255
75	maps/mazes/maze_026.map	512	512	156	73	93	101	303.083
75	maps/mazes/maze_026.map	512	512	432	214	402	257	303.326
74	maps/mazes/maze_026.map	512	512	369	362	322	368	299.284
74	maps/mazes/maze_026.map	512	512	472	13	478	49	299.841
74	maps/mazes/maze_026.map	512	512	329	241	291	253	299.841
74	maps/mazes/maze_026.map	512	512	132	226	197	262	299.426
74	maps/mazes/maze_026.map	512	512	278	288	312	217	299.912
74	maps/mazes/maze_026.map	512	512	61	125	69	161	299.255
74	maps/mazes/maze_026.map	512	512	53	173	79	80	299.426
74	maps/mazes/maze_026.map	512	512	224	161	178	220	299.426
74	maps/mazes/maze_026.map	512	512	320	497	441	462	299.497
74	maps/mazes/maze_026.map	512	512	328	472	451	468	299.912
73	maps/mazes/maze_026.map	512	512	36	240	67	197	295.841
73	maps/mazes/maze_026.map	512	512	486	437	481	464	295.841
73	maps/mazes/maze_026.map	512	512	320	428	268	343	295.426
73	maps/mazes/maze_026.map	512	512	328	93	252	97	295.497
73	maps/mazes/maze_026.map	512	512	131	129	85	88	295.569
73	maps/mazes/maze_026.map	512	512	264	368	378	329	295.669
73	maps/mazes/maze_026.map	512	512	403	12	483	13	295.669
73	maps/mazes/maze_026.map	512	512	408	408	371	441	295.841
73	maps/mazes/maze_026.map	512	512	225	213	196	157	295.184
72	maps/mazes/maze_026.map	512	512	504	209	466	272	291.184
72	maps/mazes/maze_026.map	512	512	77	281	57	181	291.355
72	maps/mazes/maze_026.map	512	512	164	61	96	90	291.912
72	maps/mazes/maze_026.map	512	512	288	253	215	165	291.527
72	maps/mazes/maze_026.map	512	512	453	134	485	109	291.083
72	maps/mazes/maze_026.map	512	512	477	464	461	500	291.941
62	maps/mazes/maze_026.map	512	512	251	161	293	96	248.113
72	maps/mazes/maze_026.map	512	512	270	101	212	136	291.184
72	maps/mazes/maze_026.map	512	512	457	314	444	322	291.527
72	maps/mazes/maze_026.map	512	512	471	337	444	322	291.355
72	maps/mazes/maze_026.map	512	512	200	11	89	59	291.426
71	maps/mazes/maze_026.map	512	512	449	208	401	263	287.083
71	maps/mazes/maze_026.map	512	512	133	451	86	456	287.841
32	maps/mazes/maze_026.map	512	512	509	252	501	221	128.556
71	maps/mazes/maze_026.map	512	512	297	479	259	461	287.012
71	maps/mazes/maze_026.map	512	512	442	473	429	497	287.77
71	maps/mazes/maze_026.map	512	512	92	460	65	361	287.255
71	maps/mazes/maze_026.map	512	512	380	4	451	1	287.355
71	maps/mazes/maze_026.map	512	512	509	188	501	140	287.012
71	maps/mazes/maze_026.map	512	512	336	235	369	268	287.054
71	maps/mazes/maze_026.map	512	512	100	501	69	372	287.497
71	maps/mazes/maze_026.map	512	512	459	421	500	457	287.426
70	maps/mazes/maze_026.map	512	512	92	384	96	264	283.841
70	maps/mazes/maze_026.map	512	512	476	241	478	224	283.184
70	maps/mazes/maze_026.map	512	512	90	33	101	57	283.77
70	maps/mazes/maze_026.map	512	512	193	86	225	97	282.698
70	maps/mazes/maze_026.map	512	512	109	28	141	42	283.355
70	maps/mazes/maze_026.map	512	512	300	426	249	326	283.083
70	maps/mazes/maze_026.map	512	512	240	8	277	60	283.669
70	maps/mazes/maze_026.map	512	512	301	317	411	328	283.184
70	maps/mazes/maze_026.map	512	512	193	125	197	202	283.77
70	maps/mazes/maze_026.map	512	512	241	156	201	201	283.184
69	maps/mazes/maze_026.map	512	512	169	14	189	88	279.497
69	maps/mazes/maze_026.map	512	512	162	85	177	135	279.669
69	maps/mazes/maze_026.map	512	512	451	421	469	487	279.841
69	maps/mazes/maze_026.map	512	512	128	18	101	126	279.669
69	maps/mazes/maze_026.map	512	512	334	0	357	56	279.426
69	maps/mazes/maze_026.map	512	512	279	53	365	17	279.012
69	maps/mazes/maze_026.map	512	512	256	456	222	381	279.426
69	maps/mazes/maze_026.map	512	512	268	61	340	13	279.012
69	maps/mazes/maze_026.map	512	512	260	368	272	309	279.426
69	maps/mazes/maze_026.map	512	512	502	24	458	29	279.184
68	maps/mazes/maze_026.map	512	512	229	447	185	329	275.255
68	maps/mazes/maze_026.map	512	512	292	365	362	325	275.012
68	maps/mazes/maze_026.map	512	512	145	110	120	71	275.012
68	maps/mazes/maze_026.map	512	512	304	433	255	325	275.912
68	maps/mazes/maze_026.map	512	512	428	454	440	391	275.184
68	maps/mazes/maze_026.map	512	512	368	312	312	287	274.598
68	maps/mazes/maze_026.map	512	512	360	241	366	261	275.154
68	maps/mazes/maze_026.map	512	512	280	164	209	118	275.284
68	maps/mazes/maze_026.map	512	512	298	209	362	216	275.426
67	maps/mazes/maze_026.map	512	512	241	55	218	117	271.184
67	maps/mazes/maze_026.map	512	512	488	115	380	160	271.083
67	maps/mazes/maze_026.map	512	512	49	85	26	37	271.77
67	maps/mazes/maze_026.map	512	512	307	408	249	317	271.426
67	maps/mazes/maze_026.map	512	512	244	40	248	67	271.083
67	maps/mazes/maze_026.map	512	512	489	297	440	315	271.527
67	maps/mazes/maze_026.map	512	512	36	152	38	49	271.184
67	maps/mazes/maze_026.map	512	512	224	8	167	65	271.255
67	maps/mazes/maze_026.map	512	512	255	180	259	184	271.598
67	maps/mazes/maze_026.map	512	512	254	180	190	172	271.113
66	maps/mazes/maze_026.map	512	512	401	357	253	382	267.87
66	maps/mazes/maze_026.map	512	512	265	183	194	208	267.941
66	maps/mazes/maze_026.map	512	512	140	84	185	145	267.841
66	maps/mazes/maze_026.map	512	512	177	48	141	69	267.527
66	maps/mazes/maze_026.map	512	512	473	68	484	86	267.284
66	maps/mazes/maze_026.map	512	512	504	433	484	455	267.598
66	maps/mazes/maze_026.map	512	512	504	470	465	468	267.77
66	maps/mazes/maze_026.map	512	512	262	236	273	215	267.355
66	maps/mazes/maze_026.map	512	512	388	100	277	107	267.355
65	maps/mazes/maze_026.map	512	512	367	193	350	248	263.255
65	maps/mazes/maze_026.map	512	512	265	400	313	465	262.941
65	maps/mazes/maze_026.map	512	512	46	209	109	177	263.77
65	maps/mazes/maze_026.map	512	512	125	217	199	192	263.426
65	maps/mazes/maze_026.map	512	512	343	48	322	89	263.598
65	maps/mazes/maze_026.map	512	512	149	339	137	355	263.355
65	maps/mazes/maze_026.map	512	512	220	502	217	444	263.87
65	maps/mazes/maze_026.map	512	512	153	354	113	342	263.456
65	maps/mazes/maze_026.map	512	512	237	347	240	293	263.527
64	maps/mazes/maze_026.map	512	512	508	89	459	57	259.284
64	maps/mazes/maze_026.map	512	512	273	177	168	169	258.698
64	maps/mazes/maze_026.map	512	512	197	144	181	192	259.941
64	maps/mazes/maze_026.map	512	512	128	286	167	168	259.426
64	maps/mazes/maze_026.map	512	512	57	141	24	53	259.77
64	maps/mazes/maze_026.map	512	512	425	149	496	145	259.426
64	maps/mazes/maze_026.map	512	512	220	146	173	67	259.113
64	maps/mazes/maze_026.map	512	512	234	385	187	300	259.012
64	maps/mazes/maze_026.map	512	512	221	328	201	264	259.012
63	maps/mazes/maze_026.map	512	512	381	77	374	100	255.698
63	maps/mazes/maze_026.map	512	512	232	303	208	295	255.941
63	maps/mazes/maze_026.map	512	512	420	433	353	441	254.698
63	maps/mazes/maze_026.map	512	512	385	357	256	376	255.456
63	maps/mazes/maze_026.map	512	512	461	318	449	317	255.284
63	maps/mazes/maze_026.map	512	512	379	89	322	100	255.012
63	maps/mazes/maze_026.map	512	512	5	130	33	62	255.355
63	maps/mazes/maze_026.map	512	512	301	40	342	97	255.598
63	maps/mazes/maze_026.map	512	512	312	343	403	328	255.598
63	maps/mazes/maze_026.map	512	512	92	412	59	332	254.841
62	maps/mazes/maze_026.map	512	512	164	290	198	180	251.012
62	maps/mazes/maze_026.map	512	512	166	132	125	70	251.184
62	maps/mazes/maze_026.map	512	512	311	285	285	219	251.598
62	maps/mazes/maze_026.map	512	512	325	276	284	229	251.941
62	maps/mazes/maze_026.map	512	512	452	316	472	369	250.841
62	maps/mazes/maze_026.map	512	512	160	245	137	186	251.598
62	maps/mazes/maze_026.map	512	512	60	129	20	64	250.941
24	maps/mazes/maze_026.map	512	512	303	12	293	37	96.8995
62	maps/mazes/maze_026.map	512	512	413	169	437	187	251.113
62	maps/mazes/maze_026.map	512	512	468	479	440	482	251.284
61	maps/mazes/maze_026.map	512	512	496	61	464	63	247.113
61	maps/mazes/maze_026.map	512	512	468	133	397	160	247.012
61	maps/mazes/maze_026.map	512	512	141	241	142	205	247.527
61	maps/mazes/maze_026.map	512	512	394	504	441	421	247.012
61	maps/mazes/maze_026.map	512	512	458	361	408	368	247.77
61	maps/mazes/maze_026.map	512	512	241	193	276	199	247.284
61	maps/mazes/maze_026.map	512	512	336	448	264	444	247.255
61	maps/mazes/maze_026.map	512	512	52	73	126	8	247.77
61	maps/mazes/maze_026.map	512	512	445	95	379	80	247.184
60	maps/mazes/maze_026.map	512	512	509	384	492	410	242.698
54	maps/mazes/maze_026.map	512	512	75	445	79	413	219.355
60	maps/mazes/maze_026.map	512	512	372	297	300	279	243.456
60	maps/mazes/maze_026.map	512	512	497	157	476	170	243.355
60	maps/mazes/maze_026.map	512	512	469	116	391	161	243.426
60	maps/mazes/maze_026.map	512	512	187	172	272	197	243.698
60	maps/mazes/maze_026.map	512	512	37	309	112	290	243.355
60	maps/mazes/maze_026.map	512	512	503	144	450	117	243.012
60	maps/mazes/maze_026.map	512	512	185	430	173	324	243.698
60	maps/mazes/maze_026.map	512	512	165	109	163	169	243.355
60	maps/mazes/maze_026.map	512	512	378	461	390	421	243.698
59	maps/mazes/maze_026.map	512	512	241	318	229	293	238.698
59	maps/mazes/maze_026.map	512	512	252	104	240	113	239.77
59	maps/mazes/maze_026.map	512	512	392	472	372	431	239.284
59	maps/mazes/maze_026.map	512	512	385	480	404	480	239.669
59	maps/mazes/maze_026.map	512	512	384	17	453	4	239.941
59	maps/mazes/maze_026.map	512	512	357	471	431	464	239.083
44	maps/mazes/maze_026.map	512	512	284	475	345	464	179.941
59	maps/mazes/maze_026.map	512	512	461	16	502	61	239.941
59	maps/mazes/maze_026.map	512	512	100	59	146	37	239.355
59	maps/mazes/maze_026.map	512	512	202	453	184	324	239.527
59	maps/mazes/maze_026.map	512	512	29	221	34	125	239.77
58	maps/mazes/maze_026.map	512	512	430	468	476	500	235.355
58	maps/mazes/maze_026.map	512	512	55	185	100	282	235.213
58	maps/mazes/maze_026.map	512	512	501	243	453	204	235.527
58	maps/mazes/maze_026.map	512	512	216	301	240	298	235.527
58	maps/mazes/maze_026.map	512	512	253	257	209	164	235.284
58	maps/mazes/maze_026.map	512	512	368	340	333	368	235.284
58	maps/mazes/maze_026.map	512	512	85	366	73	314	235.497
58	maps/mazes/maze_026.map	512	512	72	30	138	13	235.284
58	maps/mazes/maze_026.map	512	512	280	360	360	329	235.77
58	maps/mazes/maze_026.map	512	512	195	180	133	167	235.184
57	maps/mazes/maze_026.map	512	512	9	4	149	14	231.456
57	maps/mazes/maze_026.map	512	512	288	68	314	97	231.77
57	maps/mazes/maze_026.map	512	512	256	268	324	252	231.113
57	maps/mazes/maze_026.map	512	512	53	157	53	87	231.698
57	maps/mazes/maze_026.map	512	512	182	361	183	237	231.527
57	maps/mazes/maze_026.map	512	512	15	464	114	505	231.113
57	maps/mazes/maze_026.map	512	512	405	235	381	304	231.77
57	maps/mazes/maze_026.map	512	512	475	196	508	147	231.941
57	maps/mazes/maze_026.map	512	512	196	434	173	307	231.113
57	maps/mazes/maze_026.map	512	512	41	164	40	128	231.77
56	maps/mazes/maze_026.map	512	512	346	97	272	101	227.598
56	maps/mazes/maze_026.map	512	512	217	33	231	101	227.012
56	maps/mazes/maze_026.map	512	512	353	296	335	269	227.87
56	maps/mazes/maze_026.map	512	512	53	291	45	302	227.184
56	maps/mazes/maze_026.map	512	512	313	116	336	143	227.598
56	maps/mazes/maze_026.map	512	512	102	468	81	448	227.77
56	maps/mazes/maze_026.map	512	512	155	105	105	71	227.113
56	maps/mazes/maze_026.map	512	512	205	143	198	196	227.113
56	maps/mazes/maze_026.map	512	512	8	154	40	59	227.77
56	maps/mazes/maze_026.map	512	512	489	73	485	33	227.456
55	maps/mazes/maze_026.map	512	512	263	169	209	125	223.213
55	maps/mazes/maze_026.map	512	512	237	325	277	328	223.284
55	maps/mazes/maze_026.map	512	512	253	165	220	108	223.213
55	maps/mazes/maze_026.map	512	512	341	375	256	331	223.184
55	maps/mazes/maze_026.map	512	512	340	0	378	49	223.527
55	maps/mazes/maze_026.map	512	512	206	272	192	237	223.77
55	maps/mazes/maze_026.map	512	512	457	21	494	61	223.527
55	maps/mazes/maze_026.map	512	512	337	53	314	77	223.527
55	maps/mazes/maze_026.map	512	512	82	373	72	325	223.497
54	maps/mazes/maze_026.map	512	512	333	466	397	488	219.355
54	maps/mazes/maze_026.map	512	512	264	307	193	275	219.527
54	maps/mazes/maze_026.map	512	512	347	100	292	162	219.284
54	maps/mazes/maze_026.map	512	512	195	449	205	346	219.042
54	maps/mazes/maze_026.map	512	512	146	277	184	282	219.527
54	maps/mazes/maze_026.map	512	512	273	35	287	37	219.698
54	maps/mazes/maze_026.map	512	512	19	100	37	55	219.284
54	maps/mazes/maze_026.map	512	512	36	381	24	297	219.113
54	maps/mazes/maze_026.map	512	512	149	101	187	137	219.598
53	maps/mazes/maze_026.map	512	512	248	438	220	405	215.042
53	maps/mazes/maze_026.map	512	512	508	125	463	32	215.213
53	maps/mazes/maze_026.map	512	512	164	506	97	402	215.87
53	maps/mazes/maze_026.map	512	512	277	28	294	29	215.113
53	maps/mazes/maze_026.map	512	512	60	196	120	180	215.355
53	maps/mazes/maze_026.map	512	512	208	338	173	317	215.698
53	maps/mazes/maze_026.map	512	512	489	429	472	463	215.527
53	maps/mazes/maze_026.map	512	512	181	37	166	72	215.698
33	maps/mazes/maze_026.map	512	512	105	207	100	226	134.971
53	maps/mazes/maze_026.map	512	512	138	129	98	53	214.77
53	maps/mazes/maze_026.map	512	512	394	384	400	416	215.355
52	maps/mazes/maze_026.map	512	512	195	240	132	169	211.355
52	maps/mazes/maze_026.map	512	512	287	249	278	185	211.042
52	maps/mazes/maze_026.map	512	512	189	116	170	173	211.698
52	maps/mazes/maze_026.map	512	512	105	256	53	185	210.799
52	maps/mazes/maze_026.map	512	512	488	156	470	109	210.941
52	maps/mazes/maze_026.map	512	512	478	184	501	143	211.113
52	maps/mazes/maze_026.map	512	512	399	112	309	89	211.042
52	maps/mazes/maze_026.map	512	512	100	173	118	188	211.87
52	maps/mazes/maze_026.map	512	512	26	200	43	128	211.87
52	maps/mazes/maze_026.map	512	512	416	225	455	140	211.355
51	maps/mazes/maze_026.map	512	512	432	428	389	457	207.355
51	maps/mazes/maze_026.map	512	512	492	322	437	336	207.284
51	maps/mazes/maze_026.map	512	512	117	373	101	300	207.77
51	maps/mazes/maze_026.map	512	512	157	95	188	140	207.355
51	maps/mazes/maze_026.map	512	512	254	165	214	117	207.799
51	maps/mazes/maze_026.map	512	512	354	400	319	412	207.87
51	maps/mazes/maze_026.map	512	512	364	390	341	438	207.284
51	maps/mazes/maze_026.map	512	512	380	236	361	230	207.669
51	maps/mazes/maze_026.map	512	512	307	260	292	212	207.527
51	maps/mazes/maze_026.map	512	512	173	215	137	179	207.113
50	maps/mazes/maze_026.map	512	512	330	165	285	160	203.113
50	maps/mazes/maze_026.map	512	512	205	192	133	172	203.941
50	maps/mazes/maze_026.map	512	512	365	70	352	95	203.698
50	maps/mazes/maze_026.map	512	512	276	422	321	461	203.456
50	maps/mazes/maze_026.map	512	512	86	225	93	191	203.527
50	maps/mazes/maze_026.map	512	512	124	300	92	203	203.042
50	maps/mazes/maze_026.map	512	512	455	284	401	250	203.456
50	maps/mazes/maze_026.map	512	512	284	99	235	81	203.527
50	maps/mazes/maze_026.map	512	512	161	132	117	76	203.113
49	maps/mazes/maze_026.map	512	512	142	140	110	45	199.87
49	maps/mazes/maze_026.map	512	512	89	165	120	182	199.698
49	maps/mazes/maze_026.map	512	512	433	194	482	160	199.527
49	maps/mazes/maze_026.map	512	512	353	169	323	132	199.87
49	maps/mazes/maze_026.map	512	512	366	41	424	65	199.941
49	maps/mazes/maze_026.map	512	512	49	415	54	385	199.042
49	maps/mazes/maze_026.map	512	512	500	338	480	394	199.456
49	maps/mazes/maze_026.map	512	512	364	148	322	120	199.698
49	maps/mazes/maze_026.map	512	512	97	351	101	276	199.77
49	maps/mazes/maze_026.map	512	512	1	388	63	404	199.355
48	maps/mazes/maze_026.map	512	512	507	492	424	489	194.627
48	maps/mazes/maze_026.map	512	512	308	401	297	365	195.042
48	maps/mazes/maze_026.map	512	512	228	245	195	277	195.527
48	maps/mazes/maze_026.map	512	512	300	394	256	331	195.77
48	maps/mazes/maze_026.map	512	512	185	324	261	293	195.627
48	maps/mazes/maze_026.map	512	512	487	29	473	51	195.113
48	maps/mazes/maze_026.map	512	512	55	316	101	301	195.184
48	maps/mazes/maze_026.map	512	512	465	495	466	500	195.799
48	maps/mazes/maze_026.map	512	512	193	243	140	164	195.113
47	maps/mazes/maze_026.map	512	512	55	433	29	441	191.456
47	maps/mazes/maze_026.map	512	512	389	75	412	105	190.941
47	maps/mazes/maze_026.map	512	512	246	33	288	36	191.284
14	maps/mazes/maze_026.map	512	512	333	408	292	415	58.4853
47	maps/mazes/maze_026.map	512	512	304	436	297	375	191.113
47	maps/mazes/maze_026.map	512	512	490	404	508	415	191.284
47	maps/mazes/maze_026.map	512	512	433	0	496	21	191.941
47	maps/mazes/maze_026.map	512	512	34	416	24	442	190.627
47	maps/mazes/maze_026.map	512	512	317	157	353	181	191.698
47	maps/mazes/maze_026.map	512	512	265	68	253	97	191.77
47	maps/mazes/maze_026.map	512	512	100	497	67	432	191.698
46	maps/mazes/maze_026.map	512	512	8	58	50	1	187.042
46	maps/mazes/maze_026.map	512	512	156	347	113	368	187.799
46	maps/mazes/maze_026.map	512	512	377	214	332	218	187.284
39	maps/mazes/maze_026.map	512	512	141	376	58	332	158.941
46	maps/mazes/maze_026.map	512	512	465	487	466	500	187.799
46	maps/mazes/maze_026.map	512	512	481	233	508	294	187.698
46	maps/mazes/maze_026.map	512	512	281	124	244	78	187.87
46	maps/mazes/maze_026.map	512	512	205	468	242	444	187.627
46	maps/mazes/maze_026.map	512	512	265	453	225	398	187.042
46	maps/mazes/maze_026.map	512	512	445	271	394	249	187.87
46	maps/mazes/maze_026.map	512	512	445	195	457	271	187.456
45	maps/mazes/maze_026.map	512	512	124	224	176	185	183.284
45	maps/mazes/maze_026.map	512	512	121	165	127	176	183.042
45	maps/mazes/maze_026.map	512	512	229	251	193	294	183.87
45	maps/mazes/maze_026.map	512	512	189	425	180	322	183.456
45	maps/mazes/maze_026.map	512	512	36	117	32	57	182.627
45	maps/mazes/maze_026.map	512	512	42	256	55	309	183.113
45	maps/mazes/maze_026.map	512	512	102	349	98	293	183.213
45	maps/mazes/maze_026.map	512	512	362	285	300	282	183.627
45	maps/mazes/maze_026.map	512	512	78	420	57	346	183.87
45	maps/mazes/maze_026.map	512	512	136	1	106	64	183.627
44	maps/mazes/maze_026.map	512	512	269	315	221	296	179.627
44	maps/mazes/maze_026.map	512	512	209	413	173	309	179.456
44	maps/mazes/maze_026.map	512	512	128	149	149	181	179.971
44	maps/mazes/maze_026.map	512	512	257	154	209	127	179.971
44	maps/mazes/maze_026.map	512	512	110	193	137	170	179.213
44	maps/mazes/maze_026.map	512	512	120	184	128	165	179.627
44	maps/mazes/maze_026.map	512	512	212	452	218	481	179.627
44	maps/mazes/maze_026.map	512	512	347	289	305	284	179.385
44	maps/mazes/maze_026.map	512	512	369	73	345	90	179.87
43	maps/mazes/maze_026.map	512	512	180	431	188	333	174.627
43	maps/mazes/maze_026.map	512	512	117	178	125	175	175.042
43	maps/mazes/maze_026.map	512	512	45	146	30	37	175.698
43	maps/mazes/maze_026.map	512	512	316	136	344	118	175.113
43	maps/mazes/maze_026.map	512	512	253	232	232	172	175.627
43	maps/mazes/maze_026.map	512	512	20	185	56	122	175.627
43	maps/mazes/maze_026.map	512	512	129	189	146	165	175.042
43	maps/mazes/maze_026.map	512	512	346	361	296	374	175.385
43	maps/mazes/maze_026.map	512	512	257	262	332	232	175.042
43	maps/mazes/maze_026.map	512	512	168	449	97	378	175.456
42	maps/mazes/maze_026.map	512	512	461	423	469	456	171.87
42	maps/mazes/maze_026.map	512	512	233	258	200	284	171.87
42	maps/mazes/maze_026.map	512	512	69	39	124	5	171.627
42	maps/mazes/maze_026.map	512	512	68	448	82	392	171.698
42	maps/mazes/maze_026.map	512	512	150	393	73	315	171.87
42	maps/mazes/maze_026.map	512	512	66	24	120	5	171.042
42	maps/mazes/maze_026.map	512	512	227	204	229	246	171.698
42	maps/mazes/maze_026.map	512	512	5	490	115	505	171.385
42	maps/mazes/maze_026.map	512	512	155	221	141	149	171.941
42	maps/mazes/maze_026.map	512	512	432	273	408	252	171.284
41	maps/mazes/maze_026.map	512	512	345	161	308	127	167.042
41	maps/mazes/maze_026.map	512	512	437	177	426	201	167.042
41	maps/mazes/maze_026.map	512	512	353	450	388	406	167.042
41	maps/mazes/maze_026.map	512	512	186	445	194	352	167.627
41	maps/mazes/maze_026.map	512	512	92	31	136	16	167.385
41	maps/mazes/maze_026.map	512	512	458	109	380	164	167.284
41	maps/mazes/maze_026.map	512	512	26	5	123	5	167.385
41	maps/mazes/maze_026.map	512	512	464	40	457	56	167.142
41	maps/mazes/maze_026.map	512	512	328	59	343	96	167.213
41	maps/mazes/maze_026.map	512	512	290	376	248	332	167.113
40	maps/mazes/maze_026.map	512	512	136	501	101	479	163.042
40	maps/mazes/maze_026.map	512	512	308	256	310	213	163.042
40	maps/mazes/maze_026.map	512	512	161	93	188	115	163.284
40	maps/mazes/maze_026.map	512	512	325	35	295	65	163.556
40	maps/mazes/maze_026.map	512	512	484	352	415	368	163.042
40	maps/mazes/maze_026.map	512	512	68	260	20	293	163.042
40	maps/mazes/maze_026.map	512	512	172	260	184	284	163.456
40	maps/mazes/maze_026.map	512	512	182	357	184	271	163.456
40	maps/mazes/maze_026.map	512	512	221	469	222	429	163.042
40	maps/mazes/maze_026.map	512	512	81	404	64	356	163.042
39	maps/mazes/maze_026.map	512	512	63	165	115	197	159.456
39	maps/mazes/maze_026.map	512	512	451	445	440	394	159.556
39	maps/mazes/maze_026.map	512	512	468	373	372	357	159.213
39	maps/mazes/maze_026.map	512	512	189	217	206	297	159.87
39	maps/mazes/maze_026.map	512	512	477	466	469	488	159.213
39	maps/mazes/maze_026.map	512	512	176	377	168	295	159.456
39	maps/mazes/maze_026.map	512	512	483	484	464	500	159.971
39	maps/mazes/maze_026.map	512	512	489	140	455	109	159.284
39	maps/mazes/maze_026.map	512	512	185	360	184	282	159.627
38	maps/mazes/maze_026.map	512	512	293	384	253	377	154.799
38	maps/mazes/maze_026.map	512	512	456	488	500	503	155.385
38	maps/mazes/maze_026.map	512	512	128	207	164	180	155.284
38	maps/mazes/maze_026.map	512	512	92	61	122	141	155.799
38	maps/mazes/maze_026.map	512	512	444	438	442	416	155.213
38	maps/mazes/maze_026.map	512	512	388	346	351	364	155.142
38	maps/mazes/maze_026.map	512	512	249	10	255	33	155.284
38	maps/mazes/maze_026.map	512	512	124	336	170	372	155.213
38	maps/mazes/maze_026.map	512	512	209	173	193	177	155.556
38	maps/mazes/maze_026.map	512	512	19	436	52	438	155.627
37	maps/mazes/maze_026.map	512	512	48	123	29	37	151.284
37	maps/mazes/maze_026.map	512	512	250	476	247	497	151.799
37	maps/mazes/maze_026.map	512	512	301	337	380	329	151.042
37	maps/mazes/maze_026.map	512	512	216	113	177	70	151.799
37	maps/mazes/maze_026.map	512	512	236	6	264	18	151.456
37	maps/mazes/maze_026.map	512	512	420	145	460	138	151.042
37	maps/mazes/maze_026.map	512	512	221	165	205	184	151.971
37	maps/mazes/maze_026.map	512	512	446	13	472	21	151.456
37	maps/mazes/maze_026.map	512	512	505	362	477	392	151.556
36	maps/mazes/maze_026.map	512	512	416	428	393	436	147.627
36	maps/mazes/maze_026.map	512	512	216	97	185	64	147.456
36	maps/mazes/maze_026.map	512	512	50	112	29	78	147.142
36	maps/mazes/maze_026.map	512	512	253	266	324	249	147.213
36	maps/mazes/maze_026.map	512	512	408	56	429	98	147.87
36	maps/mazes/maze_026.map	512	512	417	136	468	144	147.042
36	maps/mazes/maze_026.map	512	512	200	322	225	341	147.213
36	maps/mazes/maze_026.map	512	512	231	373	179	321	147.456
36	maps/mazes/maze_026.map	512	512	332	251	396	235	147.113
36	maps/mazes/maze_026.map	512	512	441	227	399	248	147.042
35	maps/mazes/maze_026.map	512	512	176	169	183	213	143.627
35	maps/mazes/maze_026.map	512	512	289	329	368	330	143.799
35	maps/mazes/maze_026.map	512	512	308	116	287	161	143.799
35	maps/mazes/maze_026.map	512	512	324	441	294	405	143.213
35	maps/mazes/maze_026.map	512	512	29	360	53	323	143.87
35	maps/mazes/maze_026.map	512	512	115	209	169	195	143.456
35	maps/mazes/maze_026.map	512	512	288	73	272	103	143.698
35	maps/mazes/maze_026.map	512	512	373	30	416	57	143.799
35	maps/mazes/maze_026.map	512	512	84	418	69	355	143.213
35	maps/mazes/maze_026.map	512	512	200	124	177	65	143.456
34	maps/mazes/maze_026.map	512	512	80	229	62	188	139.142
34	maps/mazes/maze_026.map	512	512	466	457	503	480	138.971
34	maps/mazes/maze_026.map	512	512	57	12	131	8	139.556
34	maps/mazes/maze_026.map	512	512	374	329	420	316	139.728
34	maps/mazes/maze_026.map	512	512	208	10	154	29	139.87
34	maps/mazes/maze_026.map	512	512	68	119	27	41	139.042
34	maps/mazes/maze_026.map	512	512	96	282	81	250	139.627
34	maps/mazes/maze_026.map	512	512	185	499	232	472	139.556
34	maps/mazes/maze_026.map	512	512	0	436	52	439	139.627
34	maps/mazes/maze_026.map	512	512	405	20	424	11	139.799
33	maps/mazes/maze_026.map	512	512	4	213	15	137	135.728
33	maps/mazes/maze_026.map	512	512	449	49	472	92	135.799
33	maps/mazes/maze_026.map	512	512	230	28	227	53	135.213
33	maps/mazes/maze_026.map	512	512	8	476	65	507	135.799
33	maps/mazes/maze_026.map	512	512	361	381	331	413	135.799
33	maps/mazes/maze_026.map	512	512	459	412	472	463	135.456
33	maps/mazes/maze_026.map	512	512	464	351	470	308	135.971
33	maps/mazes/maze_026.map	512	512	380	141	358	121	135.799
33	maps/mazes/maze_026.map	512	512	449	169	505	160	135.042
32	maps/mazes/maze_026.map	512	512	29	117	1	96	131.142
32	maps/mazes/maze_026.map	512	512	403	8	436	30	131.142
32	maps/mazes/maze_026.map	512	512	361	364	324	368	131.142
32	maps/mazes/maze_026.map	512	512	161	176	193	255	131.142
32	maps/mazes/maze_026.map	512	512	52	181	115	193	131.87
32	maps/mazes/maze_026.map	512	512	68	272	17	265	131.213
32	maps/mazes/maze_026.map	512	512	162	385	97	372	131.799
32	maps/mazes/maze_026.map	512	512	400	434	372	457	131.385
32	maps/mazes/maze_026.map	512	512	189	262	185	224	131.799
31	maps/mazes/maze_026.map	512	512	265	8	253	36	126.627
31	maps/mazes/maze_026.map	512	512	368	400	343	417	127.799
31	maps/mazes/maze_026.map	512	512	6	317	65	311	127.042
31	maps/mazes/maze_026.map	512	512	365	492	354	492	127.971
7	maps/mazes/maze_026.map	512	512	145	152	136	157	31.6569
31	maps/mazes/maze_026.map	512	512	488	9	490	21	127.799
31	maps/mazes/maze_026.map	512	512	372	85	345	82	127.456
31	maps/mazes/maze_026.map	512	512	61	506	142	508	127.728
31	maps/mazes/maze_026.map	512	512	113	366	124	288	127.728
31	maps/mazes/maze_026.map	512	512	40	389	65	388	127.799
31	maps/mazes/maze_026.map	512	512	228	201	197	232	127.213
30	maps/mazes/maze_026.map	512	512	15	133	4	92	123.556
30	maps/mazes/maze_026.map	512	512	501	262	503	212	123.799
30	maps/mazes/maze_026.map	512	512	45	449	39	480	123.385
30	maps/mazes/maze_026.map	512	512	173	445	162	412	122.728
30	maps/mazes/maze_026.map	512	512	137	140	107	69	123.971
30	maps/mazes/maze_026.map	512	512	100	429	69	373	123.142
30	maps/mazes/maze_026.map	512	512	101	335	114	284	123.556
30	maps/mazes/maze_026.map	512	512	41	333	61	335	123.456
30	maps/mazes/maze_026.map	512	512	244	393	284	419	123.556
30	maps/mazes/maze_026.map	512	512	200	441	205	399	123.142
29	maps/mazes/maze_026.map	512	512	458	297	435	229	119.728
29	maps/mazes/maze_026.map	512	512	448	22	459	9	119.213
29	maps/mazes/maze_026.map	512	512	161	113	129	125	119.314
29	maps/mazes/maze_026.map	512	512	461	142	502	157	119.213
29	maps/mazes/maze_026.map	512	512	337	423	304	365	119.142
29	maps/mazes/maze_026.map	512	512	113	52	84	81	119.698
29	maps/mazes/maze_026.map	512	512	64	309	110	284	119.971
29	maps/mazes/maze_026.map	512	512	350	53	364	86	119.971
29	maps/mazes/maze_026.map	512	512	158	504	141	448	119.142
29	maps/mazes/maze_026.map	512	512	80	449	83	393	119.142
28	maps/mazes/maze_026.map	512	512	311	444	299	400	115.213
28	maps/mazes/maze_026.map	512	512	385	163	352	185	115.728
28	maps/mazes/maze_026.map	512	512	176	92	206	65	115.385
28	maps/mazes/maze_026.map	512	512	410	73	380	78	115.971
28	maps/mazes/maze_026.map	512	512	434	472	472	492	115.799
28	maps/mazes/maze_026.map	512	512	12	381	36	305	115.799
28	maps/mazes/maze_026.map	512	512	56	22	109	1	115.556
28	maps/mazes/maze_026.map	512	512	264	43	289	29	115.971
28	maps/mazes/maze_026.map	512	512	403	284	342	304	115.142
28	maps/mazes/maze_026.map	512	512	197	129	185	148	115.142
27	maps/mazes/maze_026.map	512	512	348	21	349	41	111.142
27	maps/mazes/maze_026.map	512	512	381	243	366	260	111.456
27	maps/mazes/maze_026.map	512	512	360	499	398	488	111.627
27	maps/mazes/maze_026.map	512	512	313	68	337	97	111.385
27	maps/mazes/maze_026.map	512	512	224	288	173	308	111.385
27	maps/mazes/maze_026.map	512	512	310	113	281	84	111.556
27	maps/mazes/maze_026.map	512	512	437	375	396	359	111.385
27	maps/mazes/maze_026.map	512	512	153	491	94	480	111.213
27	maps/mazes/maze_026.map	512	512	506	264	504	218	111.556
27	maps/mazes/maze_026.map	512	512	176	444	202	384	110.728
26	maps/mazes/maze_026.map	512	512	291	60	307	69	107.385
26	maps/mazes/maze_026.map	512	512	199	488	230	472	107.142
26	maps/mazes/maze_026.map	512	512	158	208	158	172	107.799
26	maps/mazes/maze_026.map	512	512	299	221	281	227	107.314
26	maps/mazes/maze_026.map	512	512	328	208	337	234	107.385
26	maps/mazes/maze_026.map	512	512	41	180	17	138	107.556
26	maps/mazes/maze_026.map	512	512	146	24	113	52	107.728
26	maps/mazes/maze_026.map	512	512	375	52	340	78	106.799
26	maps/mazes/maze_026.map	512	512	477	211	467	256	107.728
26	maps/mazes/maze_026.map	512	512	168	505	155	448	107.314
25	maps/mazes/maze_026.map	512	512	276	129	255	120	103.314
25	maps/mazes/maze_026.map	512	512	148	211	161	178	103.799
25	maps/mazes/maze_026.map	512	512	119	388	91	381	103.728
25	maps/mazes/maze_026.map	512	512	8	464	39	508	103.385
25	maps/mazes/maze_026.map	512	512	236	246	268	197	103.728
25	maps/mazes/maze_026.map	512	512	236	369	199	345	103.971
25	maps/mazes/maze_026.map	512	512	19	200	6	197	102.728
25	maps/mazes/maze_026.map	512	512	36	393	54	376	103.971
25	maps/mazes/maze_026.map	512	512	227	368	193	351	103.971
24	maps/mazes/maze_026.map	512	512	236	391	214	384	99.1421
24	maps/mazes/maze_026.map	512	512	187	457	176	484	99.8995
24	maps/mazes/maze_026.map	512	512	367	297	319	312	99.7279
24	maps/mazes/maze_026.map	512	512	417	484	456	460	99.7279
24	maps/mazes/maze_026.map	512	512	73	496	65	451	99.4853
24	maps/mazes/maze_026.map	512	512	261	474	269	492	99.8995
24	maps/mazes/maze_026.map	512	512	0	175	9	180	99.8995
24	maps/mazes/maze_026.map	512	512	28	88	1	95	99.3137
24	maps/mazes/maze_026.map	512	512	449	88	424	129	99.799
23	maps/mazes/maze_026.map	512	512	55	68	62	9	95.5563
23	maps/mazes/maze_026.map	512	512	309	107	281	86	95.7279
23	maps/mazes/maze_026.map	512	512	436	438	456	454	95.3137
23	maps/mazes/maze_026.map	512	512	438	112	397	137	95.5563
23	maps/mazes/maze_026.map	512	512	289	313	347	320	95.7279
23	maps/mazes/maze_026.map	512	512	9	25	33	1	95.8995
23	maps/mazes/maze_026.map	512	512	192	100	180	74	95.799
23	maps/mazes/maze_026.map	512	512	208	237	205	269	95.7279
23	maps/mazes/maze_026.map	512	512	366	477	397	508	95.2132
23	maps/mazes/maze_026.map	512	512	361	17	332	13	95.1421
22	maps/mazes/maze_026.map	512	512	176	377	168	340	91.1421
22	maps/mazes/maze_026.map	512	512	404	125	449	108	91.3137
22	maps/mazes/maze_026.map	512	512	376	493	368	481	91.3137
22	maps/mazes/maze_026.map	512	512	176	436	208	394	91.8995
22	maps/mazes/maze_026.map	512	512	1	178	6	177	91.0711
8	maps/mazes/maze_026.map	512	512	289	36	297	13	35.8284
22	maps/mazes/maze_026.map	512	512	288	56	309	4	91.7279
22	maps/mazes/maze_026.map	512	512	118	52	149	57	91.3137
22	maps/mazes/maze_026.map	512	512	52	112	1	99	91.6569
22	maps/mazes/maze_026.map	512	512	409	112	404	97	91.0711
21	maps/mazes/maze_026.map	512	512	181	161	205	182	87.7279
21	maps/mazes/maze_026.map	512	512	492	85	498	65	87.0711
21	maps/mazes/maze_026.map	512	512	5	45	28	7	87.7279
21	maps/mazes/maze_026.map	512	512	400	309	381	296	87.0711
21	maps/mazes/maze_026.map	512	512	460	350	492	369	87.9706
21	maps/mazes/maze_026.map	512	512	18	465	20	501	87.5563
21	maps/mazes/maze_026.map	512	512	100	333	128	309	87.8995
21	maps/mazes/maze_026.map	512	512	177	48	189	71	87.7279
21	maps/mazes/maze_026.map	512	512	33	384	20	349	87.3137
21	maps/mazes/maze_026.map	512	512	340	388	348	370	87.8995
20	maps/mazes/maze_026.map	512	512	141	500	129	470	83.0711
20	maps/mazes/maze_026.map	512	512	9	300	64	316	83.1421
20	maps/mazes/maze_026.map	512	512	400	59	398	80	83.1421
20	maps/mazes/maze_026.map	512	512	447	29	433	1	83.3137
20	maps/mazes/maze_026.map	512	512	493	6	499	33	83.7279
20	maps/mazes/maze_026.map	512	512	6	88	28	57	83.7279
20	maps/mazes/maze_026.map	512	512	161	284	183	276	83.5563
20	maps/mazes/maze_026.map	512	512	44	433	15	436	83.6569
20	maps/mazes/maze_026.map	512	512	72	501	121	505	83.4853
20	maps/mazes/maze_026.map	512	512	88	343	80	308	83.3848
19	maps/mazes/maze_026.map	512	512	132	50	160	53	79.7279
19	maps/mazes/maze_026.map	512	512	124	48	92	51	79.9706
19	maps/mazes/maze_026.map	512	512	469	377	419	376	79.1421
19	maps/mazes/maze_026.map	512	512	116	190	121	137	79.8995
19	maps/mazes/maze_026.map	512	512	121	70	100	47	79.5563
19	maps/mazes/maze_026.map	512	512	409	303	384	281	79.2426
19	maps/mazes/maze_026.map	512	512	313	494	325	504	79.0711
19	maps/mazes/maze_026.map	512	512	241	105	264	102	79.799
19	maps/mazes/maze_026.map	512	512	75	445	61	440	79.7279
19	maps/mazes/maze_026.map	512	512	284	216	290	232	79.0711
18	maps/mazes/maze_026.map	512	512	438	281	421	270	75.8995
18	maps/mazes/maze_026.map	512	512	120	112	106	69	75.7279
18	maps/mazes/maze_026.map	512	512	5	481	45	508	75.1421
18	maps/mazes/maze_026.map	512	512	352	385	348	421	75.5563
18	maps/mazes/maze_026.map	512	512	385	267	396	284	75.8995
18	maps/mazes/maze_026.map	512	512	141	301	168	249	75.4853
18	maps/mazes/maze_026.map	512	512	285	4	270	9	75.8995
18	maps/mazes/maze_026.map	512	512	60	193	80	191	75.8995
18	maps/mazes/maze_026.map	512	512	165	448	120	427	75.0711
17	maps/mazes/maze_026.map	512	512	160	124	144	141	71.4853
17	maps/mazes/maze_026.map	512	512	374	453	355	441	71.4853
17	maps/mazes/maze_026.map	512	512	247	68	232	109	71.5563
17	maps/mazes/maze_026.map	512	512	82	9	98	9	71.6569
17	maps/mazes/maze_026.map	512	512	503	481	472	492	71.8995
17	maps/mazes/maze_026.map	512	512	44	313	73	302	71.3137
17	maps/mazes/maze_026.map	512	512	266	397	280	414	71.4853
17	maps/mazes/maze_026.map	512	512	264	493	241	501	70.8995
17	maps/mazes/maze_026.map	512	512	343	140	362	141	71.3137
17	maps/mazes/maze_026.map	512	512	196	33	157	38	71.8995
16	maps/mazes/maze_026.map	512	512	236	424	225	440	67.4853
16	maps/mazes/maze_026.map	512	512	200	234	225	261	67.8995
16	maps/mazes/maze_026.map	512	512	337	109	325	108	66.8995
16	maps/mazes/maze_026.map	512	512	323	53	317	80	67.7279
16	maps/mazes/maze_026.map	512	512	475	112	452	103	67.3137
16	maps/mazes/maze_026.map	512	512	365	177	359	153	67.8995
16	maps/mazes/maze_026.map	512	512	188	0	221	3	67.0711
15	maps/mazes/maze_026.map	512	512	97	155	114	121	61.4853
16	maps/mazes/maze_026.map	512	512	337	48	307	57	67.4853
16	maps/mazes/maze_026.map	512	512	454	244	457	213	67.0711
16	maps/mazes/maze_026.map	512	512	324	109	308	120	67.8284
15	maps/mazes/maze_026.map	512	512	449	208	440	225	63.8995
15	maps/mazes/maze_026.map	512	512	335	132	361	143	63.7279
15	maps/mazes/maze_026.map	512	512	283	508	328	499	63.6569
15	maps/mazes/maze_026.map	512	512	380	144	368	139	63.4853
15	maps/mazes/maze_026.map	512	512	289	290	291	300	63.5563
15	maps/mazes/maze_026.map	512	512	353	333	377	333	63.0711
15	maps/mazes/maze_026.map	512	512	170	273	164	299	63.3137
15	maps/mazes/maze_026.map	512	512	68	256	13	261	63.0711
15	maps/mazes/maze_026.map	512	512	457	237	452	215	63.4853
14	maps/mazes/maze_026.map	512	512	341	320	368	330	59.4853
14	maps/mazes/maze_026.map	512	512	325	96	297	88	59.8995
14	maps/mazes/maze_026.map	512	512	149	28	145	41	59.2426
14	maps/mazes/maze_026.map	512	512	80	391	77	364	59.0711
14	maps/mazes/maze_026.map	512	512	153	419	169	416	59.2426
14	maps/mazes/maze_026.map	512	512	413	97	406	117	59.4853
14	maps/mazes/maze_026.map	512	512	28	173	13	170	59.8995
14	maps/mazes/maze_026.map	512	512	129	16	114	45	59.0711
14	maps/mazes/maze_026.map	512	512	469	500	429	498	59.6569
13	maps/mazes/maze_026.map	512	512	250	69	228	100	55.4853
13	maps/mazes/maze_026.map	512	512	181	45	165	37	55.0711
13	maps/mazes/maze_026.map	512	512	125	193	119	189	55.6569
13	maps/mazes/maze_026.map	512	512	53	377	76	380	55.6569
13	maps/mazes/maze_026.map	512	512	364	314	358	312	55.8995
13	maps/mazes/maze_026.map	512	512	153	285	165	297	54.7279
13	maps/mazes/maze_026.map	512	512	370	492	389	495	55.6569
13	maps/mazes/maze_026.map	512	512	471	460	488	451	55.0711
13	maps/mazes/maze_026.map	512	512	64	417	75	388	55.8995
13	maps/mazes/maze_026.map	512	512	64	332	73	332	55.7279
12	maps/mazes/maze_026.map	512	512	196	56	181	61	51.8995
12	maps/mazes/maze_026.map	512	512	288	423	297	382	51.8995
12	maps/mazes/maze_026.map	512	512	477	258	471	276	51.0711
12	maps/mazes/maze_026.map	512	512	313	464	296	495	51.3137
12	maps/mazes/maze_026.map	512	512	20	393	49	415	51.7279
12	maps/mazes/maze_026.map	512	512	4	290	37	301	51.3137
12	maps/mazes/maze_026.map	512	512	309	77	334	92	51.0711
12	maps/mazes/maze_026.map	512	512	474	313	440	305	51.0711
12	maps/mazes/maze_026.map	512	512	341	206	326	209	51.8995
12	maps/mazes/maze_026.map	512	512	64	229	49	196	51.0711
11	maps/mazes/maze_026.map	512	512	32	304	21	297	47.6569
11	maps/mazes/maze_026.map	512	512	337	53	311	41	47.6569
11	maps/mazes/maze_026.map	512	512	33	100	6	116	47.2426
11	maps/mazes/maze_026.map	512	512	297	364	267	384	47.0711
11	maps/mazes/maze_026.map	512	512	503	493	492	502	47.6569
11	maps/mazes/maze_026.map	512	512	184	304	204	300	47.3137
11	maps/mazes/maze_026.map	512	512	341	425	371	425	47.3137
11	maps/mazes/maze_026.map	512	512	181	196	204	200	47.4853
11	maps/mazes/maze_026.map	512	512	137	302	157	271	47.4853
11	maps/mazes/maze_026.map	512	512	77	451	76	441	47.4853
10	maps/mazes/maze_026.map	512	512	414	92	420	123	43.4853
10	maps/mazes/maze_026.map	512	512	240	137	214	133	43.0711
10	maps/mazes/maze_026.map	512	512	446	56	460	70	43.6569
10	maps/mazes/maze_026.map	512	512	417	444	416	463	43.0711
10	maps/mazes/maze_026.map	512	512	353	122	340	101	43.0711
10	maps/mazes/maze_026.map	512	512	293	276	278	281	43.3137
10	maps/mazes/maze_026.map	512	512	19	168	2	141	43.6569
10	maps/mazes/maze_026.map	512	512	195	201	181	217	43.6569
10	maps/mazes/maze_026.map	512	512	273	336	284	356	43.2426
10	maps/mazes/maze_026.map	512	512	321	274	325	243	43.4853
9	maps/mazes/maze_026.map	512	512	507	240	495	245	39.4853
9	maps/mazes/maze_026.map	512	512	346	360	376	370	39.6569
9	maps/mazes/maze_026.map	512	512	88	285	100	267	39.6569
9	maps/mazes/maze_026.map	512	512	92	331	107	344	39.0711
9	maps/mazes/maze_026.map	512	512	173	196	164	175	39.6569
9	maps/mazes/maze_026.map	512	512	384	262	402	280	39.0711
9	maps/mazes/maze_026.map	512	512	412	502	402	480	39.6569
9	maps/mazes/maze_026.map	512	512	377	461	373	452	39.2426
9	maps/mazes/maze_026.map	512	512	140	344	157	342	39.4853
9	maps/mazes/maze_026.map	512	512	436	313	437	337	39.4853
8	maps/mazes/maze_026.map	512	512	148	48	168	66	35.0711
8	maps/mazes/maze_026.map	512	512	201	384	200	362	35.8284
8	maps/mazes/maze_026.map	512	512	172	412	173	420	35.8284
8	maps/mazes/maze_026.map	512	512	110	485	91	496	35.4142
8	maps/mazes/maze_026.map	512	512	64	130	62	109	35.8284
8	maps/mazes/maze_026.map	512	512	400	45	424	46	35.2426
8	maps/mazes/maze_026.map	512	512	435	317	438	340	35.0711
8	maps/mazes/maze_026.map	512	512	214	17	199	25	35.4853
8	maps/mazes/maze_026.map	512	512	482	453	500	456	35.2426
7	maps/mazes/maze_026.map	512	512	481	169	463	165	31.6569
7	maps/mazes/maze_026.map	512	512	369	109	352	121	31.4853
7	maps/mazes/maze_026.map	512	512	326	429	309	419	31.2426
7	maps/mazes/maze_026.map	512	512	61	325	66	340	31.0711
7	maps/mazes/maze_026.map	512	512	101	152	111	129	31.8284
7	maps/mazes/maze_026.map	512	512	324	265	324	244	30.6569
7	maps/mazes/maze_026.map	512	512	200	114	205	101	30.8284
7	maps/mazes/maze_026.map	512	512	122	36	105	40	31
7	maps/mazes/maze_026.map	512	512	272	20	253	28	31.2426
6	maps/mazes/maze_026.map	512	512	26	64	37	62	27.8284
6	maps/mazes/maze_026.map	512	512	201	175	202	161	27.8284
6	maps/mazes/maze_026.map	512	512	482	244	488	222	26.8284
6	maps/mazes/maze_026.map	512	512	487	56	473	72	27.6569
6	maps/mazes/maze_026.map	512	512	380	119	368	101	27.6569
6	maps/mazes/maze_026.map	512	512	249	145	246	132	27.4142
6	maps/mazes/maze_026.map	512	512	497	425	500	410	27.4142
6	maps/mazes/maze_026.map	512	512	197	203	184	204	27.6569
6	maps/mazes/maze_026.map	512	512	416	240	415	248	27.2426
6	maps/mazes/maze_026.map	512	512	424	128	401	134	27.2426
5	maps/mazes/maze_026.map	512	512	304	504	310	508	23.4142
5	maps/mazes/maze_026.map	512	512	325	213	335	220	23.2426
5	maps/mazes/maze_026.map	512	512	188	237	173	241	23.2426
5	maps/mazes/maze_026.map	512	512	213	63	222	49	23
5	maps/mazes/maze_026.map	512	512	57	318	64	326	23.8284
5	maps/mazes/maze_026.map	512	512	234	212	229	214	23.8284
5	maps/mazes/maze_026.map	512	512	224	80	204	79	23.8284
5	maps/mazes/maze_026.map	512	512	301	67	315	57	22.8284
5	maps/mazes/maze_026.map	512	512	151	100	158	101	23.6569
5	maps/mazes/maze_026.map	512	512	17	380	18	372	23.2426
4	maps/mazes/maze_026.map	512	512	286	201	296	197	19.4142
4	maps/mazes/maze_026.map	512	512	240	284	251	292	19.2426
4	maps/mazes/maze_026.map	512	512	298	332	308	329	19.2426
4	maps/mazes/maze_026.map	512	512	160	144	151	145	18.8284
4	maps/mazes/maze_026.map	512	512	440	99	439	112	19.6569
4	maps/mazes/maze_026.map	512	512	386	117	393	125	19.2426
4	maps/mazes/maze_026.map	512	512	253	44	239	37	19.2426
4	maps/mazes/maze_026.map	512	512	4	353	13	364	19.4142
4	maps/mazes/maze_026.map	512	512	82	152	95	160	19.8284
4	maps/mazes/maze_026.map	512	512	366	45	372	49	19.4142
3	maps/mazes/maze_026.map	512	512	260	502	268	506	15.4142
3	maps/mazes/maze_026.map	512	512	377	343	363	341	15.4142
3	maps/mazes/maze_026.map	512	512	440	136	437	134	15
3	maps/mazes/maze_026.map	512	512	217	399	209	400	15.2426
3	maps/mazes/maze_026.map	512	512	292	25	280	30	15.2426
3	maps/mazes/maze_026.map	512	512	29	459	25	452	15.8284
3	maps/mazes/maze_026.map	512	512	500	282	486	281	15
3	maps/mazes/maze_026.map	512	512	80	347	74	336	15.2426
3	maps/mazes/maze_026.map	512	512	100	209	105	205	15.8284
3	maps/mazes/maze_026.map	512	512	52	168	61	176	15.2426
2	maps/mazes/maze_026.map	512	512	352	254	362	256	11.4142
2	maps/mazes/maze_026.map	512	512	2	404	4	413	11.8284
2	maps/mazes/maze_026.map	512	512	445	108	437	113	11.2426
2	maps/mazes/maze_026.map	512	512	133	72	125	69	11
2	maps/mazes/maze_026.map	512	512	156	152	165	149	11.4142
2	maps/mazes/maze_026.map	512	512	248	221	252	213	11.4142
2	maps/mazes/maze_026.map	512	512	42	380	40	373	11.8284
2	maps/mazes/maze_026.map	512	512	417	216	413	207	11.8284
2	maps/mazes/maze_026.map	512	512	357	466	360	475	11.4142
2	maps/mazes/maze_026.map	512	512	172	244	176	252	11.4142
1	maps/mazes/maze_026.map	512	512	262	373	268	374	7
1	maps/mazes/maze_026.map	512	512	469	211	471	216	7
1	maps/mazes/maze_026.map	512	512	46	425	41	428	7.41421
1	maps/mazes/maze_026.map	512	512	81	251	81	244	7
1	maps/mazes/maze_026.map	512	512	445	28	448	24	7
1	maps/mazes/maze_026.map	512	512	442	433	441	426	7.41421
1	maps/mazes/maze_026.map	512	512	32	196	37	194	7.82843
1	maps/mazes/maze_026.map	512	512	231	73	225	74	7
1	maps/mazes/maze_026.map	512	512	129	61	124	57	7.82843
1	maps/mazes/maze_026.map	512	512	146	56	153	57	7.41421
0	maps/mazes/maze_026.map	512	512	313	266	313	269	3
0	maps/mazes/maze_026.map	512	512	60	359	58	360	3
0	maps/mazes/maze_026.map	512	512	260	333	257	332	3.41421
0	maps/mazes/maze_026.map	512	512	218	141	217	143	3
0	maps/mazes/maze_026.map	512	512	452	170	455	169	3.41421
0	maps/mazes/maze_026.map	512	512	293	272	293	275	3
0	maps/mazes/maze_026.map	512	512	113	68	116	68	3
0	maps/mazes/maze_026.map	512	512	343	180	341	179	3
0	maps/mazes/maze_026.map	512	512	208	21	205	21	3
0	maps/mazes/maze_026.map	512	512	502	105	505	105	3
