1
127	maps/mazes/maze_004.map	512	512	489	212	396	219	511.196
66	maps/mazes/maze_004.map	512	512	437	64	492	58	267.77
127	maps/mazes/maze_004.map	512	512	504	110	421	170	511.953
127	maps/mazes/maze_004.map	512	512	5	218	81	128	511.782
127	maps/mazes/maze_004.map	512	512	80	242	135	209	511.882
127	maps/mazes/maze_004.map	512	512	405	469	360	448	511.64
127	maps/mazes/maze_004.map	512	512	14	493	117	383	511.711
127	maps/mazes/maze_004.map	512	512	501	96	322	41	511.196
127	maps/mazes/maze_004.map	512	512	431	181	421	220	511.368
127	maps/mazes/maze_004.map	512	512	458	216	431	221	510.711
127	maps/mazes/maze_004.map	512	512	296	200	176	200	511.882
126	maps/mazes/maze_004.map	512	512	144	206	33	127	507.296
126	maps/mazes/maze_004.map	512	512	387	496	375	432	506.711
126	maps/mazes/maze_004.map	512	512	484	97	496	154	507.024
126	maps/mazes/maze_004.map	512	512	361	133	227	149	507.782
126	maps/mazes/maze_004.map	512	512	400	447	336	353	507.64
126	maps/mazes/maze_004.map	512	512	411	153	280	148	507.196
36	maps/mazes/maze_004.map	512	512	230	5	144	1	146.142
126	maps/mazes/maze_004.map	512	512	258	124	134	132	507.539
126	maps/mazes/maze_004.map	512	512	300	477	285	458	507.539
126	maps/mazes/maze_004.map	512	512	43	49	6	169	506.983
126	maps/mazes/maze_004.map	512	512	44	468	116	406	507.782
125	maps/mazes/maze_004.map	512	512	303	193	156	122	503.054
125	maps/mazes/maze_004.map	512	512	376	285	225	247	503.125
125	maps/mazes/maze_004.map	512	512	229	313	140	288	503.882
125	maps/mazes/maze_004.map	512	512	317	289	324	270	503.539
125	maps/mazes/maze_004.map	512	512	165	135	22	128	502.711
125	maps/mazes/maze_004.map	512	512	337	8	153	17	503.125
125	maps/mazes/maze_004.map	512	512	36	188	40	53	502.983
125	maps/mazes/maze_004.map	512	512	96	78	77	77	503.539
125	maps/mazes/maze_004.map	512	512	168	203	61	270	503.64
125	maps/mazes/maze_004.map	512	512	49	160	4	141	503.196
124	maps/mazes/maze_004.map	512	512	137	17	73	45	499.054
124	maps/mazes/maze_004.map	512	512	221	113	295	25	499.054
124	maps/mazes/maze_004.map	512	512	441	392	280	255	499.983
124	maps/mazes/maze_004.map	512	512	148	0	54	84	499.882
124	maps/mazes/maze_004.map	512	512	329	6	151	24	499.296
124	maps/mazes/maze_004.map	512	512	101	475	142	373	499.024
124	maps/mazes/maze_004.map	512	512	340	10	160	31	499.125
124	maps/mazes/maze_004.map	512	512	257	68	289	184	498.953
124	maps/mazes/maze_004.map	512	512	4	244	101	202	499.711
59	maps/mazes/maze_004.map	512	512	222	329	160	359	239.113
124	maps/mazes/maze_004.map	512	512	231	345	130	380	499.539
123	maps/mazes/maze_004.map	512	512	130	501	194	380	495.953
123	maps/mazes/maze_004.map	512	512	160	448	118	424	495.64
123	maps/mazes/maze_004.map	512	512	319	345	293	245	495.296
123	maps/mazes/maze_004.map	512	512	76	85	20	137	495.64
92	maps/mazes/maze_004.map	512	512	57	500	152	506	368.154
123	maps/mazes/maze_004.map	512	512	377	161	236	167	495.953
123	maps/mazes/maze_004.map	512	512	240	247	128	181	495.296
123	maps/mazes/maze_004.map	512	512	138	184	34	108	495.397
123	maps/mazes/maze_004.map	512	512	136	488	140	368	495.196
99	maps/mazes/maze_004.map	512	512	6	205	108	192	398.74
123	maps/mazes/maze_004.map	512	512	176	394	196	445	495.468
123	maps/mazes/maze_004.map	512	512	505	191	498	33	495.468
122	maps/mazes/maze_004.map	512	512	417	31	474	105	491.468
122	maps/mazes/maze_004.map	512	512	140	312	120	413	491.225
122	maps/mazes/maze_004.map	512	512	350	304	336	277	491.569
122	maps/mazes/maze_004.map	512	512	432	189	348	139	491.539
122	maps/mazes/maze_004.map	512	512	421	169	493	119	491.539
122	maps/mazes/maze_004.map	512	512	4	365	1	159	491.125
122	maps/mazes/maze_004.map	512	512	349	268	168	249	491.882
122	maps/mazes/maze_004.map	512	512	76	1	11	81	491.953
122	maps/mazes/maze_004.map	512	512	133	44	35	53	491.368
122	maps/mazes/maze_004.map	512	512	277	360	205	315	491.468
115	maps/mazes/maze_004.map	512	512	63	209	202	292	463.782
121	maps/mazes/maze_004.map	512	512	457	28	229	1	486.782
67	maps/mazes/maze_004.map	512	512	400	225	425	185	269.184
121	maps/mazes/maze_004.map	512	512	477	127	381	17	487.539
121	maps/mazes/maze_004.map	512	512	389	452	258	484	487.125
121	maps/mazes/maze_004.map	512	512	121	62	45	77	487.711
121	maps/mazes/maze_004.map	512	512	425	244	503	297	487.953
121	maps/mazes/maze_004.map	512	512	277	336	140	233	487.296
121	maps/mazes/maze_004.map	512	512	72	12	329	36	487.811
121	maps/mazes/maze_004.map	512	512	391	333	289	287	487.296
78	maps/mazes/maze_004.map	512	512	193	144	268	182	312.012
121	maps/mazes/maze_004.map	512	512	28	189	79	121	487.225
121	maps/mazes/maze_004.map	512	512	346	128	235	177	487.539
26	maps/mazes/maze_004.map	512	512	67	160	125	191	105.485
120	maps/mazes/maze_004.map	512	512	304	356	172	282	483.882
120	maps/mazes/maze_004.map	512	512	462	465	360	402	483.811
61	maps/mazes/maze_004.map	512	512	22	44	41	54	244.456
120	maps/mazes/maze_004.map	512	512	277	241	166	201	483.225
120	maps/mazes/maze_004.map	512	512	262	220	168	204	483.64
120	maps/mazes/maze_004.map	512	512	160	381	139	236	483.74
120	maps/mazes/maze_004.map	512	512	492	178	505	51	483.882
120	maps/mazes/maze_004.map	512	512	179	136	128	129	483.782
120	maps/mazes/maze_004.map	512	512	345	309	334	237	483.225
120	maps/mazes/maze_004.map	512	512	150	464	101	467	483.397
120	maps/mazes/maze_004.map	512	512	280	489	224	417	483.054
119	maps/mazes/maze_004.map	512	512	452	505	416	386	479.225
119	maps/mazes/maze_004.map	512	512	316	476	283	476	479.711
119	maps/mazes/maze_004.map	512	512	225	25	143	21	479.296
119	maps/mazes/maze_004.map	512	512	413	376	232	245	479.64
119	maps/mazes/maze_004.map	512	512	229	268	61	160	479.983
119	maps/mazes/maze_004.map	512	512	352	196	205	170	479.225
119	maps/mazes/maze_004.map	512	512	211	277	122	157	479.811
80	maps/mazes/maze_004.map	512	512	424	208	509	240	323.669
119	maps/mazes/maze_004.map	512	512	482	0	386	8	479.296
119	maps/mazes/maze_004.map	512	512	73	380	149	310	479.054
119	maps/mazes/maze_004.map	512	512	397	80	419	128	479.64
118	maps/mazes/maze_004.map	512	512	132	317	118	220	475.569
118	maps/mazes/maze_004.map	512	512	128	473	113	479	475.811
118	maps/mazes/maze_004.map	512	512	141	180	233	180	475.154
118	maps/mazes/maze_004.map	512	512	136	440	181	439	475.64
118	maps/mazes/maze_004.map	512	512	213	202	196	157	475.64
118	maps/mazes/maze_004.map	512	512	272	282	413	393	475.64
118	maps/mazes/maze_004.map	512	512	470	108	452	136	475.439
118	maps/mazes/maze_004.map	512	512	92	263	152	277	475.882
25	maps/mazes/maze_004.map	512	512	490	496	479	485	102.385
118	maps/mazes/maze_004.map	512	512	189	197	121	209	475.296
118	maps/mazes/maze_004.map	512	512	444	244	505	278	475.125
60	maps/mazes/maze_004.map	512	512	316	424	253	476	241.77
117	maps/mazes/maze_004.map	512	512	248	485	290	321	471.64
117	maps/mazes/maze_004.map	512	512	148	373	140	229	471.74
117	maps/mazes/maze_004.map	512	512	445	297	485	343	471.882
117	maps/mazes/maze_004.map	512	512	245	403	240	307	471.811
117	maps/mazes/maze_004.map	512	512	269	161	401	148	471.711
117	maps/mazes/maze_004.map	512	512	371	221	454	285	471.953
117	maps/mazes/maze_004.map	512	512	40	281	128	166	471.468
117	maps/mazes/maze_004.map	512	512	136	502	196	382	471.539
117	maps/mazes/maze_004.map	512	512	257	75	289	193	471.539
117	maps/mazes/maze_004.map	512	512	380	141	280	143	471.539
116	maps/mazes/maze_004.map	512	512	32	73	40	167	467.983
116	maps/mazes/maze_004.map	512	512	393	160	272	185	467.539
116	maps/mazes/maze_004.map	512	512	13	428	189	377	467.61
116	maps/mazes/maze_004.map	512	512	493	241	394	185	467.711
116	maps/mazes/maze_004.map	512	512	326	324	296	245	467.225
116	maps/mazes/maze_004.map	512	512	508	104	332	32	467.539
116	maps/mazes/maze_004.map	512	512	133	71	53	84	467.125
116	maps/mazes/maze_004.map	512	512	316	142	210	157	467.125
116	maps/mazes/maze_004.map	512	512	37	424	133	334	467.882
116	maps/mazes/maze_004.map	512	512	201	476	148	337	467.882
115	maps/mazes/maze_004.map	512	512	272	401	227	284	463.64
115	maps/mazes/maze_004.map	512	512	445	417	345	256	463.912
115	maps/mazes/maze_004.map	512	512	73	339	146	228	463.054
115	maps/mazes/maze_004.map	512	512	361	145	233	129	463.882
115	maps/mazes/maze_004.map	512	512	220	173	82	109	463.054
115	maps/mazes/maze_004.map	512	512	217	89	81	1	463.397
115	maps/mazes/maze_004.map	512	512	332	184	183	153	463.983
115	maps/mazes/maze_004.map	512	512	149	308	165	233	463.912
8	maps/mazes/maze_004.map	512	512	64	100	34	101	35.2426
115	maps/mazes/maze_004.map	512	512	492	263	400	160	463.711
114	maps/mazes/maze_004.map	512	512	320	196	185	249	459.397
114	maps/mazes/maze_004.map	512	512	153	213	108	370	459.882
114	maps/mazes/maze_004.map	512	512	253	337	234	272	459.054
114	maps/mazes/maze_004.map	512	512	211	128	99	121	459.711
114	maps/mazes/maze_004.map	512	512	128	393	184	396	459.711
114	maps/mazes/maze_004.map	512	512	273	325	119	220	459.125
114	maps/mazes/maze_004.map	512	512	45	281	125	282	459.711
114	maps/mazes/maze_004.map	512	512	81	457	165	388	459.711
114	maps/mazes/maze_004.map	512	512	285	132	232	180	459.468
114	maps/mazes/maze_004.map	512	512	276	13	290	29	459.054
113	maps/mazes/maze_004.map	512	512	65	382	128	313	455.64
113	maps/mazes/maze_004.map	512	512	72	44	2	176	455.983
113	maps/mazes/maze_004.map	512	512	414	356	225	249	455.154
113	maps/mazes/maze_004.map	512	512	372	157	246	140	455.225
113	maps/mazes/maze_004.map	512	512	472	392	395	309	455.983
49	maps/mazes/maze_004.map	512	512	484	371	484	421	196.77
113	maps/mazes/maze_004.map	512	512	397	280	505	276	455.64
113	maps/mazes/maze_004.map	512	512	154	348	121	199	455.983
113	maps/mazes/maze_004.map	512	512	218	432	125	379	455.983
113	maps/mazes/maze_004.map	512	512	424	358	474	417	455.569
113	maps/mazes/maze_004.map	512	512	505	58	298	25	455.296
112	maps/mazes/maze_004.map	512	512	124	88	221	159	451.882
112	maps/mazes/maze_004.map	512	512	214	408	152	286	451.74
112	maps/mazes/maze_004.map	512	512	38	452	189	393	451.539
112	maps/mazes/maze_004.map	512	512	27	128	1	72	451.74
112	maps/mazes/maze_004.map	512	512	75	337	151	221	451.64
112	maps/mazes/maze_004.map	512	512	97	60	77	44	451.64
112	maps/mazes/maze_004.map	512	512	212	56	70	5	451.569
112	maps/mazes/maze_004.map	512	512	429	223	338	141	451.468
112	maps/mazes/maze_004.map	512	512	129	364	160	217	451.054
18	maps/mazes/maze_004.map	512	512	133	126	112	105	75.799
112	maps/mazes/maze_004.map	512	512	380	184	229	179	451.054
111	maps/mazes/maze_004.map	512	512	125	299	233	313	447.397
111	maps/mazes/maze_004.map	512	512	483	4	210	13	447.882
111	maps/mazes/maze_004.map	512	512	10	500	117	436	447.225
111	maps/mazes/maze_004.map	512	512	117	24	15	57	447.125
93	maps/mazes/maze_004.map	512	512	79	28	9	48	375.397
111	maps/mazes/maze_004.map	512	512	248	389	265	301	447.569
111	maps/mazes/maze_004.map	512	512	70	148	181	253	447.154
111	maps/mazes/maze_004.map	512	512	176	467	128	373	447.983
111	maps/mazes/maze_004.map	512	512	260	285	237	260	447.64
111	maps/mazes/maze_004.map	512	512	204	276	125	278	447.912
111	maps/mazes/maze_004.map	512	512	252	164	109	114	447.468
110	maps/mazes/maze_004.map	512	512	33	253	124	196	443.64
110	maps/mazes/maze_004.map	512	512	176	37	45	3	443.811
110	maps/mazes/maze_004.map	512	512	412	494	477	416	443.225
110	maps/mazes/maze_004.map	512	512	209	331	148	333	443.326
110	maps/mazes/maze_004.map	512	512	0	62	51	144	443.912
110	maps/mazes/maze_004.map	512	512	93	191	8	109	443.811
110	maps/mazes/maze_004.map	512	512	378	340	285	296	443.225
110	maps/mazes/maze_004.map	512	512	417	433	280	254	443.154
110	maps/mazes/maze_004.map	512	512	197	228	151	225	443.811
25	maps/mazes/maze_004.map	512	512	8	479	61	463	103.385
110	maps/mazes/maze_004.map	512	512	479	388	382	308	443.569
109	maps/mazes/maze_004.map	512	512	396	437	322	349	439.74
109	maps/mazes/maze_004.map	512	512	474	392	404	320	439.154
109	maps/mazes/maze_004.map	512	512	58	128	29	157	439.154
109	maps/mazes/maze_004.map	512	512	398	48	474	61	439.811
109	maps/mazes/maze_004.map	512	512	288	492	209	414	439.811
109	maps/mazes/maze_004.map	512	512	489	169	496	89	439.811
109	maps/mazes/maze_004.map	512	512	289	409	227	284	439.569
20	maps/mazes/maze_004.map	512	512	487	184	436	153	81.5563
109	maps/mazes/maze_004.map	512	512	120	324	145	227	439.74
109	maps/mazes/maze_004.map	512	512	500	349	387	260	439.74
109	maps/mazes/maze_004.map	512	512	356	317	272	276	439.569
108	maps/mazes/maze_004.map	512	512	360	184	280	152	435.64
108	maps/mazes/maze_004.map	512	512	25	34	10	109	435.154
108	maps/mazes/maze_004.map	512	512	146	193	68	109	435.497
108	maps/mazes/maze_004.map	512	512	137	9	376	12	435.154
108	maps/mazes/maze_004.map	512	512	33	120	26	88	435.326
108	maps/mazes/maze_004.map	512	512	192	417	117	374	435.397
108	maps/mazes/maze_004.map	512	512	478	149	508	77	435.054
108	maps/mazes/maze_004.map	512	512	341	160	376	77	435.64
108	maps/mazes/maze_004.map	512	512	81	328	120	220	435.569
108	maps/mazes/maze_004.map	512	512	188	504	121	412	435.569
107	maps/mazes/maze_004.map	512	512	227	161	93	132	431.225
107	maps/mazes/maze_004.map	512	512	41	142	143	213	431.811
107	maps/mazes/maze_004.map	512	512	321	121	243	129	431.64
107	maps/mazes/maze_004.map	512	512	81	85	1	163	431.74
107	maps/mazes/maze_004.map	512	512	344	472	264	464	431.054
107	maps/mazes/maze_004.map	512	512	148	142	61	115	431.054
107	maps/mazes/maze_004.map	512	512	117	134	222	133	431.397
107	maps/mazes/maze_004.map	512	512	429	48	472	52	431.326
107	maps/mazes/maze_004.map	512	512	354	181	280	152	431.468
107	maps/mazes/maze_004.map	512	512	205	401	140	285	431.326
106	maps/mazes/maze_004.map	512	512	335	508	191	489	427.912
106	maps/mazes/maze_004.map	512	512	14	305	89	164	427.539
106	maps/mazes/maze_004.map	512	512	253	343	108	220	427.054
106	maps/mazes/maze_004.map	512	512	118	349	148	332	427.225
106	maps/mazes/maze_004.map	512	512	207	97	76	1	427.326
106	maps/mazes/maze_004.map	512	512	305	148	219	169	427.225
106	maps/mazes/maze_004.map	512	512	434	233	359	121	427.225
106	maps/mazes/maze_004.map	512	512	14	97	101	205	427.912
106	maps/mazes/maze_004.map	512	512	369	248	480	289	427.296
106	maps/mazes/maze_004.map	512	512	125	320	148	224	427.083
105	maps/mazes/maze_004.map	512	512	333	76	281	190	423.882
105	maps/mazes/maze_004.map	512	512	101	357	157	237	423.397
105	maps/mazes/maze_004.map	512	512	457	130	490	101	423.397
105	maps/mazes/maze_004.map	512	512	424	29	488	82	423.225
105	maps/mazes/maze_004.map	512	512	133	467	169	465	423.397
105	maps/mazes/maze_004.map	512	512	246	105	161	149	423.569
105	maps/mazes/maze_004.map	512	512	403	229	309	153	423.397
105	maps/mazes/maze_004.map	512	512	345	101	420	95	423.225
105	maps/mazes/maze_004.map	512	512	31	368	133	378	423.882
105	maps/mazes/maze_004.map	512	512	60	224	133	240	423.468
104	maps/mazes/maze_004.map	512	512	74	284	126	213	418.74
104	maps/mazes/maze_004.map	512	512	480	215	413	195	418.64
104	maps/mazes/maze_004.map	512	512	341	153	232	129	419.468
93	maps/mazes/maze_004.map	512	512	125	365	131	313	375.983
104	maps/mazes/maze_004.map	512	512	252	497	244	415	419.64
104	maps/mazes/maze_004.map	512	512	369	102	446	85	419.64
104	maps/mazes/maze_004.map	512	512	412	126	285	147	419.054
104	maps/mazes/maze_004.map	512	512	318	276	265	246	419.569
104	maps/mazes/maze_004.map	512	512	56	357	86	373	419.882
104	maps/mazes/maze_004.map	512	512	263	61	308	178	419.882
104	maps/mazes/maze_004.map	512	512	298	229	189	158	419.74
103	maps/mazes/maze_004.map	512	512	32	267	32	132	415.811
103	maps/mazes/maze_004.map	512	512	127	69	80	58	415.882
103	maps/mazes/maze_004.map	512	512	380	12	157	27	415.983
103	maps/mazes/maze_004.map	512	512	285	311	267	461	415.154
103	maps/mazes/maze_004.map	512	512	496	392	409	332	415.811
103	maps/mazes/maze_004.map	512	512	253	99	161	144	415.569
52	maps/mazes/maze_004.map	512	512	198	92	157	97	211.698
103	maps/mazes/maze_004.map	512	512	178	412	121	418	415.811
103	maps/mazes/maze_004.map	512	512	360	146	262	137	415.811
103	maps/mazes/maze_004.map	512	512	221	121	49	21	415.154
103	maps/mazes/maze_004.map	512	512	8	463	187	396	415.296
102	maps/mazes/maze_004.map	512	512	440	200	446	241	411.569
102	maps/mazes/maze_004.map	512	512	38	509	125	404	411.64
102	maps/mazes/maze_004.map	512	512	131	25	51	64	411.225
102	maps/mazes/maze_004.map	512	512	42	361	115	376	411.882
102	maps/mazes/maze_004.map	512	512	257	229	189	167	411.154
102	maps/mazes/maze_004.map	512	512	441	205	362	124	411.983
102	maps/mazes/maze_004.map	512	512	240	488	316	330	411.983
102	maps/mazes/maze_004.map	512	512	489	226	408	207	411.64
102	maps/mazes/maze_004.map	512	512	305	457	313	444	411.569
102	maps/mazes/maze_004.map	512	512	224	373	148	339	411.497
101	maps/mazes/maze_004.map	512	512	420	207	340	148	407.811
101	maps/mazes/maze_004.map	512	512	103	301	189	300	407.326
101	maps/mazes/maze_004.map	512	512	450	413	347	304	407.497
101	maps/mazes/maze_004.map	512	512	194	508	128	432	407.497
101	maps/mazes/maze_004.map	512	512	464	188	425	213	407.983
101	maps/mazes/maze_004.map	512	512	13	276	64	148	407.225
101	maps/mazes/maze_004.map	512	512	233	177	101	139	407.983
101	maps/mazes/maze_004.map	512	512	33	438	149	377	407.468
101	maps/mazes/maze_004.map	512	512	124	335	141	206	407.497
101	maps/mazes/maze_004.map	512	512	110	461	155	372	407.054
100	maps/mazes/maze_004.map	512	512	437	406	325	237	403.426
100	maps/mazes/maze_004.map	512	512	500	354	393	284	403.669
100	maps/mazes/maze_004.map	512	512	148	377	160	298	403.326
100	maps/mazes/maze_004.map	512	512	298	161	217	174	403.397
100	maps/mazes/maze_004.map	512	512	457	180	430	233	403.154
100	maps/mazes/maze_004.map	512	512	20	372	127	376	403.468
100	maps/mazes/maze_004.map	512	512	345	492	284	472	403.225
100	maps/mazes/maze_004.map	512	512	188	498	118	424	403.497
100	maps/mazes/maze_004.map	512	512	231	100	273	185	403.711
100	maps/mazes/maze_004.map	512	512	286	421	275	469	403.811
99	maps/mazes/maze_004.map	512	512	486	444	352	304	399.74
99	maps/mazes/maze_004.map	512	512	212	169	81	138	399.154
99	maps/mazes/maze_004.map	512	512	157	461	159	476	399.326
99	maps/mazes/maze_004.map	512	512	445	316	396	290	399.912
99	maps/mazes/maze_004.map	512	512	360	386	315	425	399.397
99	maps/mazes/maze_004.map	512	512	349	340	288	280	399.912
99	maps/mazes/maze_004.map	512	512	398	424	302	245	399.326
99	maps/mazes/maze_004.map	512	512	241	156	329	163	399.225
99	maps/mazes/maze_004.map	512	512	328	256	208	264	399.74
98	maps/mazes/maze_004.map	512	512	357	104	420	90	395.811
71	maps/mazes/maze_004.map	512	512	412	344	479	437	287.941
98	maps/mazes/maze_004.map	512	512	413	316	496	474	395.912
98	maps/mazes/maze_004.map	512	512	175	128	165	119	395.225
98	maps/mazes/maze_004.map	512	512	181	211	160	277	395.569
98	maps/mazes/maze_004.map	512	512	52	289	105	215	395.326
98	maps/mazes/maze_004.map	512	512	180	8	83	45	395.154
98	maps/mazes/maze_004.map	512	512	199	309	205	171	395.397
98	maps/mazes/maze_004.map	512	512	130	336	129	225	395.497
98	maps/mazes/maze_004.map	512	512	388	276	240	260	395.397
98	maps/mazes/maze_004.map	512	512	29	34	3	101	395.669
97	maps/mazes/maze_004.map	512	512	264	409	249	300	391.74
97	maps/mazes/maze_004.map	512	512	334	436	276	450	391.983
97	maps/mazes/maze_004.map	512	512	246	49	160	64	391.326
97	maps/mazes/maze_004.map	512	512	59	104	1	120	391.497
97	maps/mazes/maze_004.map	512	512	214	401	160	299	391.841
97	maps/mazes/maze_004.map	512	512	141	234	37	161	391.326
97	maps/mazes/maze_004.map	512	512	165	175	153	117	391.154
97	maps/mazes/maze_004.map	512	512	300	50	160	39	391.811
97	maps/mazes/maze_004.map	512	512	224	345	146	352	391.669
97	maps/mazes/maze_004.map	512	512	324	21	244	1	391.74
96	maps/mazes/maze_004.map	512	512	366	385	352	264	387.326
96	maps/mazes/maze_004.map	512	512	244	348	136	208	387.983
96	maps/mazes/maze_004.map	512	512	479	209	413	210	387.569
96	maps/mazes/maze_004.map	512	512	173	445	127	380	387.083
96	maps/mazes/maze_004.map	512	512	101	316	137	235	387.326
96	maps/mazes/maze_004.map	512	512	276	129	159	132	387.497
96	maps/mazes/maze_004.map	512	512	451	345	265	246	387.669
96	maps/mazes/maze_004.map	512	512	80	27	190	72	387.912
96	maps/mazes/maze_004.map	512	512	257	137	159	113	387.74
57	maps/mazes/maze_004.map	512	512	156	193	104	132	231.87
96	maps/mazes/maze_004.map	512	512	261	341	123	216	387.569
95	maps/mazes/maze_004.map	512	512	477	264	395	185	383.569
95	maps/mazes/maze_004.map	512	512	136	470	166	460	383.74
92	maps/mazes/maze_004.map	512	512	464	310	411	316	369.083
95	maps/mazes/maze_004.map	512	512	417	68	380	145	383.154
95	maps/mazes/maze_004.map	512	512	450	429	310	241	383.255
95	maps/mazes/maze_004.map	512	512	329	365	304	447	383.326
95	maps/mazes/maze_004.map	512	512	128	129	24	132	383.912
95	maps/mazes/maze_004.map	512	512	194	441	117	437	383.326
66	maps/mazes/maze_004.map	512	512	189	42	159	64	267.012
95	maps/mazes/maze_004.map	512	512	380	33	464	41	383.397
95	maps/mazes/maze_004.map	512	512	345	461	247	472	383.569
95	maps/mazes/maze_004.map	512	512	255	229	197	163	383.74
94	maps/mazes/maze_004.map	512	512	154	268	144	205	379.083
94	maps/mazes/maze_004.map	512	512	200	110	69	1	379.841
94	maps/mazes/maze_004.map	512	512	292	397	236	289	379.255
94	maps/mazes/maze_004.map	512	512	404	380	346	305	379.912
94	maps/mazes/maze_004.map	512	512	352	460	290	476	379.983
94	maps/mazes/maze_004.map	512	512	157	469	167	476	379.326
94	maps/mazes/maze_004.map	512	512	236	134	142	129	379.326
94	maps/mazes/maze_004.map	512	512	43	84	136	21	379.154
94	maps/mazes/maze_004.map	512	512	141	484	170	388	379.811
94	maps/mazes/maze_004.map	512	512	120	322	130	209	379.669
93	maps/mazes/maze_004.map	512	512	11	5	43	5	375.64
93	maps/mazes/maze_004.map	512	512	185	167	129	249	374.669
93	maps/mazes/maze_004.map	512	512	448	500	461	425	375.74
93	maps/mazes/maze_004.map	512	512	372	223	419	297	375.569
93	maps/mazes/maze_004.map	512	512	5	73	78	153	375.912
93	maps/mazes/maze_004.map	512	512	269	430	305	447	375.326
93	maps/mazes/maze_004.map	512	512	424	311	380	301	375.497
93	maps/mazes/maze_004.map	512	512	154	293	125	189	375.326
92	maps/mazes/maze_004.map	512	512	25	485	121	445	371.154
92	maps/mazes/maze_004.map	512	512	209	351	145	372	371.669
92	maps/mazes/maze_004.map	512	512	359	504	281	469	371.569
92	maps/mazes/maze_004.map	512	512	214	184	179	237	371.497
92	maps/mazes/maze_004.map	512	512	293	337	146	228	371.983
92	maps/mazes/maze_004.map	512	512	412	183	404	172	371.569
92	maps/mazes/maze_004.map	512	512	241	208	181	224	371.154
92	maps/mazes/maze_004.map	512	512	357	413	341	411	371.154
91	maps/mazes/maze_004.map	512	512	165	249	137	267	367.012
91	maps/mazes/maze_004.map	512	512	215	264	128	159	367.497
91	maps/mazes/maze_004.map	512	512	211	273	202	260	367.841
91	maps/mazes/maze_004.map	512	512	200	180	132	221	367.083
91	maps/mazes/maze_004.map	512	512	428	431	348	246	367.669
91	maps/mazes/maze_004.map	512	512	128	178	21	115	367.841
91	maps/mazes/maze_004.map	512	512	45	132	101	201	367.083
91	maps/mazes/maze_004.map	512	512	352	431	336	397	367.397
91	maps/mazes/maze_004.map	512	512	108	125	44	125	367.841
91	maps/mazes/maze_004.map	512	512	70	29	9	58	367.397
90	maps/mazes/maze_004.map	512	512	430	69	465	81	363.083
90	maps/mazes/maze_004.map	512	512	228	248	131	209	363.255
90	maps/mazes/maze_004.map	512	512	218	484	296	358	363.154
90	maps/mazes/maze_004.map	512	512	460	208	488	242	363.255
90	maps/mazes/maze_004.map	512	512	434	428	345	256	363.083
90	maps/mazes/maze_004.map	512	512	387	396	352	265	363.255
90	maps/mazes/maze_004.map	512	512	116	183	9	151	363.326
90	maps/mazes/maze_004.map	512	512	57	408	140	361	363.983
90	maps/mazes/maze_004.map	512	512	200	127	167	113	363.569
90	maps/mazes/maze_004.map	512	512	465	293	452	304	363.74
89	maps/mazes/maze_004.map	512	512	236	177	100	120	359.083
89	maps/mazes/maze_004.map	512	512	295	280	273	249	359.669
89	maps/mazes/maze_004.map	512	512	276	436	278	301	359.326
89	maps/mazes/maze_004.map	512	512	473	416	352	265	359.012
89	maps/mazes/maze_004.map	512	512	89	473	153	379	359.154
89	maps/mazes/maze_004.map	512	512	481	169	495	128	359.326
89	maps/mazes/maze_004.map	512	512	486	149	508	64	359.912
89	maps/mazes/maze_004.map	512	512	153	442	180	403	359.841
89	maps/mazes/maze_004.map	512	512	47	341	96	266	359.74
89	maps/mazes/maze_004.map	512	512	315	305	269	276	359.083
88	maps/mazes/maze_004.map	512	512	175	253	285	256	355.326
88	maps/mazes/maze_004.map	512	512	273	427	271	316	355.912
88	maps/mazes/maze_004.map	512	512	481	341	386	261	355.669
88	maps/mazes/maze_004.map	512	512	377	384	351	285	355.083
88	maps/mazes/maze_004.map	512	512	234	401	188	394	355.326
88	maps/mazes/maze_004.map	512	512	85	7	38	53	355.811
88	maps/mazes/maze_004.map	512	512	81	131	183	152	355.912
88	maps/mazes/maze_004.map	512	512	57	380	148	342	355.569
88	maps/mazes/maze_004.map	512	512	396	489	409	450	355.74
88	maps/mazes/maze_004.map	512	512	116	108	22	129	355.669
87	maps/mazes/maze_004.map	512	512	249	221	177	242	351.326
87	maps/mazes/maze_004.map	512	512	397	485	409	449	351.154
87	maps/mazes/maze_004.map	512	512	86	188	140	282	351.154
87	maps/mazes/maze_004.map	512	512	300	497	223	508	351.255
87	maps/mazes/maze_004.map	512	512	72	48	157	23	351.497
87	maps/mazes/maze_004.map	512	512	277	277	392	289	351.326
87	maps/mazes/maze_004.map	512	512	196	485	209	403	351.569
87	maps/mazes/maze_004.map	512	512	1	229	25	132	351.912
87	maps/mazes/maze_004.map	512	512	124	7	52	1	351.598
87	maps/mazes/maze_004.map	512	512	370	276	290	244	350.669
86	maps/mazes/maze_004.map	512	512	16	272	36	157	347.326
86	maps/mazes/maze_004.map	512	512	200	479	193	378	347.983
86	maps/mazes/maze_004.map	512	512	409	61	416	139	347.083
86	maps/mazes/maze_004.map	512	512	440	460	356	450	347.598
86	maps/mazes/maze_004.map	512	512	461	121	481	20	347.083
86	maps/mazes/maze_004.map	512	512	284	495	227	449	347.912
86	maps/mazes/maze_004.map	512	512	259	337	144	209	347.912
86	maps/mazes/maze_004.map	512	512	376	207	404	277	347.64
86	maps/mazes/maze_004.map	512	512	191	377	152	285	347.77
86	maps/mazes/maze_004.map	512	512	121	33	81	71	347.154
85	maps/mazes/maze_004.map	512	512	205	488	197	402	343.154
74	maps/mazes/maze_004.map	512	512	122	217	227	312	297.497
85	maps/mazes/maze_004.map	512	512	425	507	484	418	343.497
85	maps/mazes/maze_004.map	512	512	473	268	381	301	343.669
48	maps/mazes/maze_004.map	512	512	20	39	31	4	194.042
85	maps/mazes/maze_004.map	512	512	462	413	352	267	343.598
85	maps/mazes/maze_004.map	512	512	274	320	241	294	343.527
85	maps/mazes/maze_004.map	512	512	189	204	141	217	343.083
85	maps/mazes/maze_004.map	512	512	80	220	109	297	343.74
85	maps/mazes/maze_004.map	512	512	375	425	355	380	343.426
85	maps/mazes/maze_004.map	512	512	308	212	181	218	343.669
85	maps/mazes/maze_004.map	512	512	49	177	169	247	343.64
84	maps/mazes/maze_004.map	512	512	308	369	292	454	339.912
84	maps/mazes/maze_004.map	512	512	88	54	57	5	339.012
84	maps/mazes/maze_004.map	512	512	439	68	480	85	339.598
84	maps/mazes/maze_004.map	512	512	121	152	52	120	339.426
84	maps/mazes/maze_004.map	512	512	445	401	390	308	339.255
84	maps/mazes/maze_004.map	512	512	162	509	118	376	339.326
84	maps/mazes/maze_004.map	512	512	504	305	402	305	339.841
84	maps/mazes/maze_004.map	512	512	317	403	270	469	339.669
84	maps/mazes/maze_004.map	512	512	261	303	135	265	339.497
84	maps/mazes/maze_004.map	512	512	136	147	72	109	339.497
83	maps/mazes/maze_004.map	512	512	413	177	395	196	335.912
83	maps/mazes/maze_004.map	512	512	56	497	121	417	335.326
79	maps/mazes/maze_004.map	512	512	365	506	333	398	317.598
83	maps/mazes/maze_004.map	512	512	341	230	184	205	335.355
83	maps/mazes/maze_004.map	512	512	59	312	108	276	335.912
83	maps/mazes/maze_004.map	512	512	330	248	408	364	335.598
83	maps/mazes/maze_004.map	512	512	480	283	390	304	335.669
83	maps/mazes/maze_004.map	512	512	284	408	260	299	335.426
83	maps/mazes/maze_004.map	512	512	404	393	351	305	335.669
83	maps/mazes/maze_004.map	512	512	253	400	272	304	335.669
83	maps/mazes/maze_004.map	512	512	278	420	287	456	335.669
82	maps/mazes/maze_004.map	512	512	129	173	197	258	331.083
82	maps/mazes/maze_004.map	512	512	101	156	155	216	331.255
82	maps/mazes/maze_004.map	512	512	41	52	69	2	331.983
82	maps/mazes/maze_004.map	512	512	98	373	168	467	331.841
82	maps/mazes/maze_004.map	512	512	189	61	111	5	331.497
82	maps/mazes/maze_004.map	512	512	476	40	412	40	331.255
82	maps/mazes/maze_004.map	512	512	299	440	287	456	331.255
82	maps/mazes/maze_004.map	512	512	47	461	98	373	331.569
82	maps/mazes/maze_004.map	512	512	376	245	444	280	331.326
82	maps/mazes/maze_004.map	512	512	424	57	414	141	331.497
81	maps/mazes/maze_004.map	512	512	202	433	82	452	327.426
81	maps/mazes/maze_004.map	512	512	409	288	491	304	327.841
81	maps/mazes/maze_004.map	512	512	497	184	460	113	327.74
81	maps/mazes/maze_004.map	512	512	27	381	89	374	327.569
81	maps/mazes/maze_004.map	512	512	36	458	87	373	327.74
81	maps/mazes/maze_004.map	512	512	351	473	297	451	327.497
81	maps/mazes/maze_004.map	512	512	393	507	393	463	327.497
81	maps/mazes/maze_004.map	512	512	52	188	9	146	327.083
81	maps/mazes/maze_004.map	512	512	132	68	136	21	327.083
81	maps/mazes/maze_004.map	512	512	444	248	500	262	327.497
80	maps/mazes/maze_004.map	512	512	28	92	19	160	323.912
80	maps/mazes/maze_004.map	512	512	229	179	112	113	323.669
80	maps/mazes/maze_004.map	512	512	325	328	292	275	323.841
80	maps/mazes/maze_004.map	512	512	428	181	470	236	323.669
80	maps/mazes/maze_004.map	512	512	253	392	299	301	323.669
80	maps/mazes/maze_004.map	512	512	304	48	172	13	323.912
80	maps/mazes/maze_004.map	512	512	104	73	85	45	323.669
80	maps/mazes/maze_004.map	512	512	45	135	121	200	323.426
80	maps/mazes/maze_004.map	512	512	28	0	1	103	323.841
79	maps/mazes/maze_004.map	512	512	491	333	372	257	319.669
79	maps/mazes/maze_004.map	512	512	375	296	267	269	319.083
79	maps/mazes/maze_004.map	512	512	384	68	316	112	319.255
79	maps/mazes/maze_004.map	512	512	168	417	158	440	319.669
79	maps/mazes/maze_004.map	512	512	328	341	272	283	319.598
79	maps/mazes/maze_004.map	512	512	265	308	278	393	319.598
79	maps/mazes/maze_004.map	512	512	279	105	280	190	319.497
79	maps/mazes/maze_004.map	512	512	34	372	69	386	319.326
79	maps/mazes/maze_004.map	512	512	340	422	225	480	319.426
78	maps/mazes/maze_004.map	512	512	321	416	281	451	315.426
78	maps/mazes/maze_004.map	512	512	277	253	199	260	315.669
78	maps/mazes/maze_004.map	512	512	444	336	294	245	315.184
78	maps/mazes/maze_004.map	512	512	255	101	209	158	315.669
78	maps/mazes/maze_004.map	512	512	472	129	482	20	315.669
78	maps/mazes/maze_004.map	512	512	473	159	447	140	315.083
78	maps/mazes/maze_004.map	512	512	153	244	170	280	315.184
78	maps/mazes/maze_004.map	512	512	384	77	311	113	315.669
78	maps/mazes/maze_004.map	512	512	175	281	128	166	315.255
77	maps/mazes/maze_004.map	512	512	417	323	409	305	311.841
77	maps/mazes/maze_004.map	512	512	310	405	289	477	310.841
77	maps/mazes/maze_004.map	512	512	18	164	4	69	311.527
32	maps/mazes/maze_004.map	512	512	285	235	233	203	128.042
77	maps/mazes/maze_004.map	512	512	1	93	97	164	311.184
77	maps/mazes/maze_004.map	512	512	86	45	10	93	311.012
77	maps/mazes/maze_004.map	512	512	309	285	303	245	311.841
77	maps/mazes/maze_004.map	512	512	255	100	210	161	311.841
77	maps/mazes/maze_004.map	512	512	115	249	125	189	311.255
77	maps/mazes/maze_004.map	512	512	33	333	31	176	311.326
77	maps/mazes/maze_004.map	512	512	388	337	323	329	310.841
76	maps/mazes/maze_004.map	512	512	276	78	329	93	307.012
76	maps/mazes/maze_004.map	512	512	212	84	156	60	307.012
76	maps/mazes/maze_004.map	512	512	41	482	121	437	306.841
76	maps/mazes/maze_004.map	512	512	369	353	412	401	307.669
76	maps/mazes/maze_004.map	512	512	127	312	90	285	307.012
76	maps/mazes/maze_004.map	512	512	491	441	405	353	307.598
76	maps/mazes/maze_004.map	512	512	337	321	293	274	307.426
76	maps/mazes/maze_004.map	512	512	161	411	122	468	307.355
76	maps/mazes/maze_004.map	512	512	433	365	353	304	307.184
76	maps/mazes/maze_004.map	512	512	157	143	80	109	307.669
75	maps/mazes/maze_004.map	512	512	45	0	9	64	303.74
75	maps/mazes/maze_004.map	512	512	275	364	257	485	303.426
75	maps/mazes/maze_004.map	512	512	174	460	123	428	303.77
75	maps/mazes/maze_004.map	512	512	356	27	340	85	303.841
75	maps/mazes/maze_004.map	512	512	64	456	56	392	303.497
75	maps/mazes/maze_004.map	512	512	84	236	119	297	303.497
75	maps/mazes/maze_004.map	512	512	345	353	412	373	303.083
75	maps/mazes/maze_004.map	512	512	281	348	136	260	302.841
75	maps/mazes/maze_004.map	512	512	508	484	414	388	303.113
75	maps/mazes/maze_004.map	512	512	241	68	301	110	303.497
74	maps/mazes/maze_004.map	512	512	33	359	15	420	299.326
74	maps/mazes/maze_004.map	512	512	333	493	301	449	299.841
74	maps/mazes/maze_004.map	512	512	85	96	17	82	299.355
74	maps/mazes/maze_004.map	512	512	129	217	247	265	298.77
74	maps/mazes/maze_004.map	512	512	310	388	289	469	299.841
74	maps/mazes/maze_004.map	512	512	385	364	348	342	299.083
74	maps/mazes/maze_004.map	512	512	407	280	481	293	299.184
74	maps/mazes/maze_004.map	512	512	257	489	273	365	299.012
74	maps/mazes/maze_004.map	512	512	170	321	136	215	299.355
73	maps/mazes/maze_004.map	512	512	72	1	242	1	295.941
73	maps/mazes/maze_004.map	512	512	193	373	156	320	295.113
73	maps/mazes/maze_004.map	512	512	389	290	264	268	295.426
73	maps/mazes/maze_004.map	512	512	40	48	17	84	295.527
73	maps/mazes/maze_004.map	512	512	15	32	30	81	295.941
73	maps/mazes/maze_004.map	512	512	384	320	343	276	295.083
73	maps/mazes/maze_004.map	512	512	394	308	261	279	295.698
73	maps/mazes/maze_004.map	512	512	166	101	185	6	295.012
73	maps/mazes/maze_004.map	512	512	108	340	93	304	295.083
73	maps/mazes/maze_004.map	512	512	224	174	286	196	295.012
72	maps/mazes/maze_004.map	512	512	345	149	276	185	291.912
72	maps/mazes/maze_004.map	512	512	504	408	416	386	291.012
72	maps/mazes/maze_004.map	512	512	241	441	160	376	291.841
72	maps/mazes/maze_004.map	512	512	85	222	92	297	290.669
72	maps/mazes/maze_004.map	512	512	213	409	129	342	290.941
72	maps/mazes/maze_004.map	512	512	129	428	189	377	291.669
72	maps/mazes/maze_004.map	512	512	322	300	292	290	291.598
72	maps/mazes/maze_004.map	512	512	469	137	460	113	291.669
72	maps/mazes/maze_004.map	512	512	245	508	213	437	291.184
72	maps/mazes/maze_004.map	512	512	179	209	153	230	291.669
71	maps/mazes/maze_004.map	512	512	154	209	123	116	287.941
71	maps/mazes/maze_004.map	512	512	81	130	47	144	287.598
71	maps/mazes/maze_004.map	512	512	503	188	479	128	287.598
71	maps/mazes/maze_004.map	512	512	67	300	132	239	287.355
71	maps/mazes/maze_004.map	512	512	214	432	128	430	287.355
71	maps/mazes/maze_004.map	512	512	73	65	17	93	287.355
71	maps/mazes/maze_004.map	512	512	401	16	377	100	287.355
71	maps/mazes/maze_004.map	512	512	144	76	49	24	287.426
71	maps/mazes/maze_004.map	512	512	493	142	487	125	287.426
70	maps/mazes/maze_004.map	512	512	37	369	54	392	283.255
70	maps/mazes/maze_004.map	512	512	213	333	186	368	283.355
70	maps/mazes/maze_004.map	512	512	420	453	364	445	283.698
70	maps/mazes/maze_004.map	512	512	189	65	154	41	282.598
70	maps/mazes/maze_004.map	512	512	369	204	245	140	282.77
70	maps/mazes/maze_004.map	512	512	193	269	148	237	283.77
70	maps/mazes/maze_004.map	512	512	429	92	360	121	283.841
70	maps/mazes/maze_004.map	512	512	2	436	107	376	283.083
70	maps/mazes/maze_004.map	512	512	230	488	276	357	282.598
70	maps/mazes/maze_004.map	512	512	477	457	409	405	282.77
69	maps/mazes/maze_004.map	512	512	295	132	274	141	279.598
69	maps/mazes/maze_004.map	512	512	144	241	133	300	279.113
69	maps/mazes/maze_004.map	512	512	100	452	156	384	279.355
69	maps/mazes/maze_004.map	512	512	165	162	124	150	279.669
69	maps/mazes/maze_004.map	512	512	10	208	12	108	279.941
69	maps/mazes/maze_004.map	512	512	108	317	91	249	279.912
69	maps/mazes/maze_004.map	512	512	118	349	117	226	279.841
69	maps/mazes/maze_004.map	512	512	381	352	361	340	279.841
69	maps/mazes/maze_004.map	512	512	239	264	308	241	279.012
69	maps/mazes/maze_004.map	512	512	392	375	325	337	279.426
68	maps/mazes/maze_004.map	512	512	85	483	132	401	275.083
68	maps/mazes/maze_004.map	512	512	256	373	312	344	275.184
68	maps/mazes/maze_004.map	512	512	160	103	177	13	275.77
41	maps/mazes/maze_004.map	512	512	406	289	433	297	167.971
68	maps/mazes/maze_004.map	512	512	417	412	345	251	275.527
68	maps/mazes/maze_004.map	512	512	448	357	345	258	275.698
68	maps/mazes/maze_004.map	512	512	452	105	508	168	275.083
68	maps/mazes/maze_004.map	512	512	174	233	154	212	275.184
68	maps/mazes/maze_004.map	512	512	469	348	436	408	275.083
68	maps/mazes/maze_004.map	512	512	458	64	492	78	275.012
68	maps/mazes/maze_004.map	512	512	469	192	448	232	275.184
67	maps/mazes/maze_004.map	512	512	195	112	69	2	271.698
67	maps/mazes/maze_004.map	512	512	264	12	388	10	271.012
67	maps/mazes/maze_004.map	512	512	454	324	383	305	271.941
67	maps/mazes/maze_004.map	512	512	300	373	321	440	271.598
67	maps/mazes/maze_004.map	512	512	181	236	164	208	271.77
67	maps/mazes/maze_004.map	512	512	216	324	184	361	271.77
67	maps/mazes/maze_004.map	512	512	160	412	126	452	271.113
67	maps/mazes/maze_004.map	512	512	368	397	345	296	271.598
67	maps/mazes/maze_004.map	512	512	131	509	132	390	271.255
66	maps/mazes/maze_004.map	512	512	280	429	324	444	267.184
66	maps/mazes/maze_004.map	512	512	200	334	188	384	267.941
66	maps/mazes/maze_004.map	512	512	173	446	113	407	267.77
66	maps/mazes/maze_004.map	512	512	67	73	78	28	267.598
66	maps/mazes/maze_004.map	512	512	409	455	348	452	267.456
66	maps/mazes/maze_004.map	512	512	489	330	391	284	267.355
66	maps/mazes/maze_004.map	512	512	404	11	248	7	267.598
66	maps/mazes/maze_004.map	512	512	244	169	157	114	267.941
65	maps/mazes/maze_004.map	512	512	368	398	345	303	263.598
65	maps/mazes/maze_004.map	512	512	204	302	126	209	263.284
65	maps/mazes/maze_004.map	512	512	304	173	221	136	263.941
65	maps/mazes/maze_004.map	512	512	474	96	455	160	263.669
65	maps/mazes/maze_004.map	512	512	115	128	64	117	263.355
65	maps/mazes/maze_004.map	512	512	315	416	302	449	263.355
65	maps/mazes/maze_004.map	512	512	308	189	220	152	263.527
65	maps/mazes/maze_004.map	512	512	60	316	93	252	262.598
65	maps/mazes/maze_004.map	512	512	12	261	13	182	263.598
65	maps/mazes/maze_004.map	512	512	41	135	7	109	263.113
64	maps/mazes/maze_004.map	512	512	234	197	208	249	259.355
64	maps/mazes/maze_004.map	512	512	444	481	469	413	259.184
64	maps/mazes/maze_004.map	512	512	137	349	149	284	259.284
64	maps/mazes/maze_004.map	512	512	337	280	300	273	259.698
64	maps/mazes/maze_004.map	512	512	47	236	36	157	259.012
64	maps/mazes/maze_004.map	512	512	216	387	150	365	259.598
64	maps/mazes/maze_004.map	512	512	176	436	164	460	259.113
64	maps/mazes/maze_004.map	512	512	434	385	405	355	259.284
64	maps/mazes/maze_004.map	512	512	113	208	17	156	259.698
64	maps/mazes/maze_004.map	512	512	444	86	390	149	259.184
63	maps/mazes/maze_004.map	512	512	405	482	409	449	255.184
63	maps/mazes/maze_004.map	512	512	280	352	268	316	255.941
63	maps/mazes/maze_004.map	512	512	277	408	304	304	255.77
63	maps/mazes/maze_004.map	512	512	137	272	128	181	255.012
63	maps/mazes/maze_004.map	512	512	169	297	131	220	255.527
63	maps/mazes/maze_004.map	512	512	252	356	180	344	255.941
63	maps/mazes/maze_004.map	512	512	400	105	357	133	255.426
63	maps/mazes/maze_004.map	512	512	477	127	456	26	255.941
63	maps/mazes/maze_004.map	512	512	201	119	92	5	255.527
63	maps/mazes/maze_004.map	512	512	241	307	137	275	255.598
62	maps/mazes/maze_004.map	512	512	73	349	16	405	251.77
62	maps/mazes/maze_004.map	512	512	246	480	269	407	251.698
62	maps/mazes/maze_004.map	512	512	15	364	5	221	251.527
62	maps/mazes/maze_004.map	512	512	291	373	279	301	251.941
62	maps/mazes/maze_004.map	512	512	374	328	338	312	251.012
62	maps/mazes/maze_004.map	512	512	282	397	265	404	250.669
62	maps/mazes/maze_004.map	512	512	5	455	116	376	251.598
62	maps/mazes/maze_004.map	512	512	5	464	109	376	251.012
62	maps/mazes/maze_004.map	512	512	89	397	58	404	251.698
62	maps/mazes/maze_004.map	512	512	219	0	105	5	251.284
61	maps/mazes/maze_004.map	512	512	76	121	45	126	247.941
61	maps/mazes/maze_004.map	512	512	472	168	471	153	247.598
61	maps/mazes/maze_004.map	512	512	241	173	168	115	247.527
61	maps/mazes/maze_004.map	512	512	315	173	243	129	247.113
61	maps/mazes/maze_004.map	512	512	133	195	96	121	247.042
61	maps/mazes/maze_004.map	512	512	165	138	97	148	247.598
61	maps/mazes/maze_004.map	512	512	49	154	9	87	247.77
61	maps/mazes/maze_004.map	512	512	379	308	267	256	247.456
61	maps/mazes/maze_004.map	512	512	344	464	284	469	247.77
60	maps/mazes/maze_004.map	512	512	333	68	311	113	243.184
60	maps/mazes/maze_004.map	512	512	407	121	329	148	243.184
60	maps/mazes/maze_004.map	512	512	158	72	59	5	243.113
60	maps/mazes/maze_004.map	512	512	25	196	36	157	243.598
60	maps/mazes/maze_004.map	512	512	94	420	132	403	243.426
60	maps/mazes/maze_004.map	512	512	311	249	276	252	243.698
60	maps/mazes/maze_004.map	512	512	496	265	404	305	243.355
60	maps/mazes/maze_004.map	512	512	474	265	401	200	242.77
60	maps/mazes/maze_004.map	512	512	232	89	297	137	243.426
59	maps/mazes/maze_004.map	512	512	177	222	164	201	239.698
59	maps/mazes/maze_004.map	512	512	190	224	192	174	239.355
59	maps/mazes/maze_004.map	512	512	85	236	92	297	239.012
59	maps/mazes/maze_004.map	512	512	52	453	20	456	239.184
59	maps/mazes/maze_004.map	512	512	403	472	414	444	239.184
59	maps/mazes/maze_004.map	512	512	19	400	8	253	239.698
59	maps/mazes/maze_004.map	512	512	156	423	155	468	239.113
59	maps/mazes/maze_004.map	512	512	209	197	166	221	239.77
59	maps/mazes/maze_004.map	512	512	41	425	156	388	239.355
58	maps/mazes/maze_004.map	512	512	315	101	277	177	235.941
58	maps/mazes/maze_004.map	512	512	240	296	145	276	235.184
58	maps/mazes/maze_004.map	512	512	356	192	261	137	235.698
58	maps/mazes/maze_004.map	512	512	213	432	117	453	235.284
58	maps/mazes/maze_004.map	512	512	314	408	285	445	235.941
58	maps/mazes/maze_004.map	512	512	208	385	160	358	234.698
58	maps/mazes/maze_004.map	512	512	235	117	143	21	235.113
58	maps/mazes/maze_004.map	512	512	356	252	282	236	235.456
58	maps/mazes/maze_004.map	512	512	15	5	15	93	235.698
58	maps/mazes/maze_004.map	512	512	25	196	39	161	235.184
57	maps/mazes/maze_004.map	512	512	222	369	177	367	231.527
57	maps/mazes/maze_004.map	512	512	21	199	87	164	231.184
57	maps/mazes/maze_004.map	512	512	381	72	329	95	231.87
57	maps/mazes/maze_004.map	512	512	197	216	161	211	231.527
57	maps/mazes/maze_004.map	512	512	197	146	231	157	231.184
57	maps/mazes/maze_004.map	512	512	245	30	390	17	231.113
57	maps/mazes/maze_004.map	512	512	17	241	61	151	231.598
57	maps/mazes/maze_004.map	512	512	66	261	108	271	231.113
57	maps/mazes/maze_004.map	512	512	241	364	177	340	231.698
56	maps/mazes/maze_004.map	512	512	142	384	148	440	227.456
56	maps/mazes/maze_004.map	512	512	468	370	430	424	227.355
56	maps/mazes/maze_004.map	512	512	190	249	177	178	227.113
56	maps/mazes/maze_004.map	512	512	401	356	334	329	227.355
56	maps/mazes/maze_004.map	512	512	173	321	148	326	227.456
56	maps/mazes/maze_004.map	512	512	170	481	181	447	227.284
56	maps/mazes/maze_004.map	512	512	460	310	365	257	227.113
56	maps/mazes/maze_004.map	512	512	316	164	272	141	227.042
56	maps/mazes/maze_004.map	512	512	55	88	32	87	227.941
56	maps/mazes/maze_004.map	512	512	152	111	102	148	227.184
55	maps/mazes/maze_004.map	512	512	331	509	299	508	223.284
55	maps/mazes/maze_004.map	512	512	196	436	121	445	222.87
55	maps/mazes/maze_004.map	512	512	60	509	81	441	223.87
55	maps/mazes/maze_004.map	512	512	241	359	185	293	223.355
55	maps/mazes/maze_004.map	512	512	257	89	295	161	223.598
55	maps/mazes/maze_004.map	512	512	493	442	409	415	223.87
55	maps/mazes/maze_004.map	512	512	452	474	393	463	223.113
55	maps/mazes/maze_004.map	512	512	343	221	221	246	223.042
55	maps/mazes/maze_004.map	512	512	201	281	159	213	223.456
55	maps/mazes/maze_004.map	512	512	313	205	252	244	223.355
54	maps/mazes/maze_004.map	512	512	353	431	312	358	219.941
54	maps/mazes/maze_004.map	512	512	28	100	111	121	218.87
54	maps/mazes/maze_004.map	512	512	268	5	358	1	219.113
42	maps/mazes/maze_004.map	512	512	448	231	486	264	168.456
54	maps/mazes/maze_004.map	512	512	182	504	162	460	219.456
54	maps/mazes/maze_004.map	512	512	219	400	145	325	219.87
54	maps/mazes/maze_004.map	512	512	361	91	393	76	219.77
54	maps/mazes/maze_004.map	512	512	33	22	15	73	219.042
54	maps/mazes/maze_004.map	512	512	214	492	267	404	219.527
54	maps/mazes/maze_004.map	512	512	491	349	441	303	218.87
20	maps/mazes/maze_004.map	512	512	309	84	344	70	80.8995
54	maps/mazes/maze_004.map	512	512	438	33	477	81	219.284
53	maps/mazes/maze_004.map	512	512	469	73	467	56	215.284
53	maps/mazes/maze_004.map	512	512	509	262	411	304	215.698
53	maps/mazes/maze_004.map	512	512	278	325	208	309	215.941
53	maps/mazes/maze_004.map	512	512	504	449	420	413	215.213
53	maps/mazes/maze_004.map	512	512	457	135	445	140	215.77
53	maps/mazes/maze_004.map	512	512	503	477	455	428	215.627
53	maps/mazes/maze_004.map	512	512	461	304	508	263	215.698
53	maps/mazes/maze_004.map	512	512	209	237	195	197	215.698
53	maps/mazes/maze_004.map	512	512	445	31	484	85	215.284
53	maps/mazes/maze_004.map	512	512	436	289	483	284	215.113
52	maps/mazes/maze_004.map	512	512	443	452	386	428	211.284
52	maps/mazes/maze_004.map	512	512	221	214	221	249	211.87
52	maps/mazes/maze_004.map	512	512	315	185	229	130	211.042
52	maps/mazes/maze_004.map	512	512	252	505	223	456	211.113
52	maps/mazes/maze_004.map	512	512	228	337	137	276	211.113
52	maps/mazes/maze_004.map	512	512	365	320	336	287	211.113
52	maps/mazes/maze_004.map	512	512	2	288	32	344	211.355
52	maps/mazes/maze_004.map	512	512	384	259	266	256	211.87
52	maps/mazes/maze_004.map	512	512	405	31	392	83	211.87
51	maps/mazes/maze_004.map	512	512	261	349	226	352	207.456
51	maps/mazes/maze_004.map	512	512	408	238	454	284	207.355
51	maps/mazes/maze_004.map	512	512	501	310	384	290	207.87
51	maps/mazes/maze_004.map	512	512	111	5	213	16	207.042
51	maps/mazes/maze_004.map	512	512	99	332	65	245	207.77
51	maps/mazes/maze_004.map	512	512	141	165	93	130	207.87
51	maps/mazes/maze_004.map	512	512	164	162	133	162	207.77
51	maps/mazes/maze_004.map	512	512	381	425	350	432	207.213
51	maps/mazes/maze_004.map	512	512	392	29	385	88	207.456
51	maps/mazes/maze_004.map	512	512	159	433	198	444	207.456
50	maps/mazes/maze_004.map	512	512	96	373	167	380	203.941
50	maps/mazes/maze_004.map	512	512	296	55	313	71	203.042
50	maps/mazes/maze_004.map	512	512	437	161	470	221	203.527
50	maps/mazes/maze_004.map	512	512	334	256	258	261	203.042
50	maps/mazes/maze_004.map	512	512	256	447	205	401	203.87
50	maps/mazes/maze_004.map	512	512	101	110	71	109	203.042
50	maps/mazes/maze_004.map	512	512	237	457	189	396	203.284
50	maps/mazes/maze_004.map	512	512	340	92	389	75	203.355
50	maps/mazes/maze_004.map	512	512	359	384	327	380	203.941
50	maps/mazes/maze_004.map	512	512	356	296	342	244	203.113
49	maps/mazes/maze_004.map	512	512	258	137	212	164	199.284
49	maps/mazes/maze_004.map	512	512	166	317	127	265	199.042
49	maps/mazes/maze_004.map	512	512	280	59	278	96	199.385
49	maps/mazes/maze_004.map	512	512	472	168	496	152	199.113
49	maps/mazes/maze_004.map	512	512	161	334	125	274	199.456
49	maps/mazes/maze_004.map	512	512	396	116	424	58	199.698
49	maps/mazes/maze_004.map	512	512	389	352	350	340	199.527
49	maps/mazes/maze_004.map	512	512	8	381	5	261	199.87
49	maps/mazes/maze_004.map	512	512	253	5	328	2	198.87
48	maps/mazes/maze_004.map	512	512	100	428	128	373	195.627
48	maps/mazes/maze_004.map	512	512	372	416	357	411	195.213
48	maps/mazes/maze_004.map	512	512	81	229	109	288	195.527
48	maps/mazes/maze_004.map	512	512	9	379	5	264	195.284
48	maps/mazes/maze_004.map	512	512	378	109	338	112	195.87
48	maps/mazes/maze_004.map	512	512	112	422	117	383	195.213
48	maps/mazes/maze_004.map	512	512	317	458	380	495	195.113
48	maps/mazes/maze_004.map	512	512	25	360	16	240	194.698
48	maps/mazes/maze_004.map	512	512	121	352	109	299	195.184
47	maps/mazes/maze_004.map	512	512	460	498	488	446	191.113
47	maps/mazes/maze_004.map	512	512	166	0	276	31	191.042
47	maps/mazes/maze_004.map	512	512	434	101	486	169	191.355
47	maps/mazes/maze_004.map	512	512	448	8	332	48	191.113
47	maps/mazes/maze_004.map	512	512	285	291	316	266	190.87
47	maps/mazes/maze_004.map	512	512	509	460	428	424	191.627
47	maps/mazes/maze_004.map	512	512	433	5	321	41	191.113
47	maps/mazes/maze_004.map	512	512	84	241	104	297	191.355
47	maps/mazes/maze_004.map	512	512	382	405	384	309	191.113
47	maps/mazes/maze_004.map	512	512	228	276	161	279	191.799
46	maps/mazes/maze_004.map	512	512	153	283	140	225	187.627
46	maps/mazes/maze_004.map	512	512	111	16	55	29	187.627
46	maps/mazes/maze_004.map	512	512	174	284	119	220	187.284
46	maps/mazes/maze_004.map	512	512	93	245	96	304	187.941
46	maps/mazes/maze_004.map	512	512	260	229	207	249	187.627
46	maps/mazes/maze_004.map	512	512	204	41	214	77	187.456
46	maps/mazes/maze_004.map	512	512	503	96	454	21	187.456
46	maps/mazes/maze_004.map	512	512	80	29	158	29	187.799
46	maps/mazes/maze_004.map	512	512	328	160	286	196	187.355
46	maps/mazes/maze_004.map	512	512	47	145	1	122	187.042
45	maps/mazes/maze_004.map	512	512	313	430	325	397	183.971
45	maps/mazes/maze_004.map	512	512	161	240	120	212	183.87
45	maps/mazes/maze_004.map	512	512	257	473	269	376	183.627
45	maps/mazes/maze_004.map	512	512	197	351	178	365	183.87
45	maps/mazes/maze_004.map	512	512	92	442	116	412	183.941
29	maps/mazes/maze_004.map	512	512	301	132	312	116	118.556
45	maps/mazes/maze_004.map	512	512	437	504	486	481	183.698
45	maps/mazes/maze_004.map	512	512	201	410	137	476	183.213
45	maps/mazes/maze_004.map	512	512	176	113	155	41	183.042
45	maps/mazes/maze_004.map	512	512	9	412	94	373	183.698
45	maps/mazes/maze_004.map	512	512	292	232	228	237	183.385
44	maps/mazes/maze_004.map	512	512	412	50	448	62	179.456
44	maps/mazes/maze_004.map	512	512	116	497	114	412	179.527
44	maps/mazes/maze_004.map	512	512	509	19	461	4	179.627
44	maps/mazes/maze_004.map	512	512	86	121	161	129	179.284
44	maps/mazes/maze_004.map	512	512	434	88	422	121	179.627
44	maps/mazes/maze_004.map	512	512	208	261	142	220	179.627
44	maps/mazes/maze_004.map	512	512	292	480	267	501	179.213
44	maps/mazes/maze_004.map	512	512	428	300	488	298	179.113
44	maps/mazes/maze_004.map	512	512	483	81	435	101	179.456
44	maps/mazes/maze_004.map	512	512	368	437	348	372	179.042
43	maps/mazes/maze_004.map	512	512	282	448	228	487	175.042
43	maps/mazes/maze_004.map	512	512	308	365	343	401	175.87
43	maps/mazes/maze_004.map	512	512	160	198	141	207	174.87
43	maps/mazes/maze_004.map	512	512	417	493	446	488	175.213
43	maps/mazes/maze_004.map	512	512	209	313	145	226	175.284
43	maps/mazes/maze_004.map	512	512	413	41	438	69	175.87
43	maps/mazes/maze_004.map	512	512	92	34	43	5	175.213
43	maps/mazes/maze_004.map	512	512	117	448	122	384	175.627
43	maps/mazes/maze_004.map	512	512	368	176	337	164	175.971
43	maps/mazes/maze_004.map	512	512	257	221	209	250	174.799
42	maps/mazes/maze_004.map	512	512	329	100	285	153	171.042
42	maps/mazes/maze_004.map	512	512	492	84	464	11	171.042
42	maps/mazes/maze_004.map	512	512	283	197	225	143	171.456
42	maps/mazes/maze_004.map	512	512	432	391	413	376	171.799
42	maps/mazes/maze_004.map	512	512	269	108	289	141	171.87
42	maps/mazes/maze_004.map	512	512	452	497	482	488	171.284
42	maps/mazes/maze_004.map	512	512	497	239	431	229	171.213
42	maps/mazes/maze_004.map	512	512	276	394	312	337	171.627
42	maps/mazes/maze_004.map	512	512	133	322	192	392	171.385
41	maps/mazes/maze_004.map	512	512	305	27	303	5	167.213
41	maps/mazes/maze_004.map	512	512	456	81	419	128	167.799
41	maps/mazes/maze_004.map	512	512	224	492	269	436	167.042
41	maps/mazes/maze_004.map	512	512	274	100	291	144	167.87
41	maps/mazes/maze_004.map	512	512	457	173	471	225	167.456
41	maps/mazes/maze_004.map	512	512	229	488	269	429	167.627
41	maps/mazes/maze_004.map	512	512	497	32	447	8	167.456
41	maps/mazes/maze_004.map	512	512	428	369	451	344	167.799
41	maps/mazes/maze_004.map	512	512	330	148	403	148	166.799
40	maps/mazes/maze_004.map	512	512	93	506	76	450	163.385
40	maps/mazes/maze_004.map	512	512	21	340	9	293	163.627
40	maps/mazes/maze_004.map	512	512	350	348	380	387	163.284
40	maps/mazes/maze_004.map	512	512	479	149	440	149	163.284
40	maps/mazes/maze_004.map	512	512	84	169	105	203	163.042
40	maps/mazes/maze_004.map	512	512	5	5	46	76	163.456
40	maps/mazes/maze_004.map	512	512	116	413	153	380	163.799
40	maps/mazes/maze_004.map	512	512	10	108	1	69	163.213
40	maps/mazes/maze_004.map	512	512	484	104	466	112	163.799
40	maps/mazes/maze_004.map	512	512	192	104	180	96	163.799
39	maps/mazes/maze_004.map	512	512	65	6	82	45	159.113
39	maps/mazes/maze_004.map	512	512	437	484	431	449	159.042
39	maps/mazes/maze_004.map	512	512	108	165	112	221	159.113
39	maps/mazes/maze_004.map	512	512	12	62	81	70	159.627
39	maps/mazes/maze_004.map	512	512	396	126	329	146	158.799
39	maps/mazes/maze_004.map	512	512	281	82	338	69	159.213
39	maps/mazes/maze_004.map	512	512	320	241	257	264	159.799
39	maps/mazes/maze_004.map	512	512	493	227	457	243	159.456
39	maps/mazes/maze_004.map	512	512	0	240	20	180	158.87
39	maps/mazes/maze_004.map	512	512	156	157	113	113	159.971
38	maps/mazes/maze_004.map	512	512	444	413	436	424	155.385
38	maps/mazes/maze_004.map	512	512	33	392	9	416	155.941
38	maps/mazes/maze_004.map	512	512	264	197	236	227	155.456
38	maps/mazes/maze_004.map	512	512	440	301	388	262	155.385
38	maps/mazes/maze_004.map	512	512	229	77	220	112	155.456
38	maps/mazes/maze_004.map	512	512	428	509	472	490	155.042
38	maps/mazes/maze_004.map	512	512	121	176	125	189	154.698
38	maps/mazes/maze_004.map	512	512	453	69	459	49	155.799
38	maps/mazes/maze_004.map	512	512	306	492	277	499	155.456
38	maps/mazes/maze_004.map	512	512	157	368	154	372	155.385
37	maps/mazes/maze_004.map	512	512	400	346	358	324	151.456
37	maps/mazes/maze_004.map	512	512	118	232	136	293	151.971
37	maps/mazes/maze_004.map	512	512	293	364	294	301	151.799
37	maps/mazes/maze_004.map	512	512	501	157	445	116	151.042
37	maps/mazes/maze_004.map	512	512	191	328	154	352	151.385
37	maps/mazes/maze_004.map	512	512	461	503	496	484	151.698
37	maps/mazes/maze_004.map	512	512	100	481	119	424	151.698
37	maps/mazes/maze_004.map	512	512	32	37	8	11	151.314
37	maps/mazes/maze_004.map	512	512	45	373	29	407	151.456
37	maps/mazes/maze_004.map	512	512	433	472	417	455	151.042
36	maps/mazes/maze_004.map	512	512	468	236	425	230	147.042
36	maps/mazes/maze_004.map	512	512	429	25	437	70	147.042
36	maps/mazes/maze_004.map	512	512	341	445	354	381	147.042
36	maps/mazes/maze_004.map	512	512	472	244	432	233	147.627
36	maps/mazes/maze_004.map	512	512	362	232	330	233	147.627
36	maps/mazes/maze_004.map	512	512	421	24	453	67	147.627
36	maps/mazes/maze_004.map	512	512	97	42	60	1	147.556
36	maps/mazes/maze_004.map	512	512	436	147	497	128	147.799
36	maps/mazes/maze_004.map	512	512	192	206	192	174	147.456
35	maps/mazes/maze_004.map	512	512	256	501	197	495	143.142
35	maps/mazes/maze_004.map	512	512	459	112	492	101	142.971
35	maps/mazes/maze_004.map	512	512	276	256	324	269	143.627
35	maps/mazes/maze_004.map	512	512	377	367	384	332	143.799
35	maps/mazes/maze_004.map	512	512	300	252	333	263	143.213
35	maps/mazes/maze_004.map	512	512	156	124	101	121	143.456
35	maps/mazes/maze_004.map	512	512	469	169	496	153	143.627
35	maps/mazes/maze_004.map	512	512	157	176	133	165	143.042
35	maps/mazes/maze_004.map	512	512	364	264	373	296	143.385
35	maps/mazes/maze_004.map	512	512	267	296	325	271	143.87
34	maps/mazes/maze_004.map	512	512	18	28	11	4	139.142
34	maps/mazes/maze_004.map	512	512	107	101	111	113	139.698
34	maps/mazes/maze_004.map	512	512	301	87	349	68	139.385
34	maps/mazes/maze_004.map	512	512	64	312	91	280	139.385
34	maps/mazes/maze_004.map	512	512	278	41	300	86	139.971
34	maps/mazes/maze_004.map	512	512	33	32	3	40	139.314
34	maps/mazes/maze_004.map	512	512	301	32	389	17	139.385
34	maps/mazes/maze_004.map	512	512	166	16	121	10	139.728
34	maps/mazes/maze_004.map	512	512	280	229	221	247	139.385
34	maps/mazes/maze_004.map	512	512	50	73	32	83	139.799
33	maps/mazes/maze_004.map	512	512	244	102	251	140	135.627
33	maps/mazes/maze_004.map	512	512	156	186	148	159	135.385
33	maps/mazes/maze_004.map	512	512	485	48	458	49	135.556
33	maps/mazes/maze_004.map	512	512	384	472	360	483	134.799
33	maps/mazes/maze_004.map	512	512	23	476	7	468	135.456
33	maps/mazes/maze_004.map	512	512	248	313	235	312	135.556
33	maps/mazes/maze_004.map	512	512	384	276	324	238	135.213
33	maps/mazes/maze_004.map	512	512	425	45	436	38	135.556
33	maps/mazes/maze_004.map	512	512	325	49	249	7	135.799
33	maps/mazes/maze_004.map	512	512	213	89	232	119	135.627
32	maps/mazes/maze_004.map	512	512	78	368	130	380	131.556
32	maps/mazes/maze_004.map	512	512	5	126	10	144	131.971
32	maps/mazes/maze_004.map	512	512	405	268	406	300	131.728
32	maps/mazes/maze_004.map	512	512	113	180	128	184	131.042
32	maps/mazes/maze_004.map	512	512	389	16	305	37	131.385
32	maps/mazes/maze_004.map	512	512	89	472	121	438	131.456
32	maps/mazes/maze_004.map	512	512	44	453	27	448	131.799
32	maps/mazes/maze_004.map	512	512	365	395	405	369	131.213
32	maps/mazes/maze_004.map	512	512	272	0	304	14	131.799
31	maps/mazes/maze_004.map	512	512	455	305	393	292	127.971
31	maps/mazes/maze_004.map	512	512	173	104	163	61	127.971
31	maps/mazes/maze_004.map	512	512	176	469	170	468	127.971
31	maps/mazes/maze_004.map	512	512	496	13	465	9	127.385
31	maps/mazes/maze_004.map	512	512	24	236	13	218	127.728
31	maps/mazes/maze_004.map	512	512	14	365	10	284	127.142
31	maps/mazes/maze_004.map	512	512	312	159	289	190	127.556
31	maps/mazes/maze_004.map	512	512	102	449	103	432	127.456
31	maps/mazes/maze_004.map	512	512	104	112	81	127	127.556
31	maps/mazes/maze_004.map	512	512	312	431	285	457	127.385
30	maps/mazes/maze_004.map	512	512	34	196	9	211	123.799
30	maps/mazes/maze_004.map	512	512	77	36	53	84	123.556
30	maps/mazes/maze_004.map	512	512	420	57	447	85	123.385
30	maps/mazes/maze_004.map	512	512	424	304	392	272	123.556
30	maps/mazes/maze_004.map	512	512	274	481	244	469	123.213
30	maps/mazes/maze_004.map	512	512	369	300	384	258	123.385
30	maps/mazes/maze_004.map	512	512	260	271	236	254	123.971
30	maps/mazes/maze_004.map	512	512	122	388	96	401	123.971
30	maps/mazes/maze_004.map	512	512	227	276	197	285	123.971
30	maps/mazes/maze_004.map	512	512	70	236	106	253	123.385
29	maps/mazes/maze_004.map	512	512	280	469	227	465	119.142
29	maps/mazes/maze_004.map	512	512	107	328	50	292	119.627
29	maps/mazes/maze_004.map	512	512	271	312	241	299	119.728
29	maps/mazes/maze_004.map	512	512	348	405	348	384	119.971
29	maps/mazes/maze_004.map	512	512	428	473	441	457	118.799
29	maps/mazes/maze_004.map	512	512	349	206	305	218	119.556
29	maps/mazes/maze_004.map	512	512	312	264	333	260	119.385
29	maps/mazes/maze_004.map	512	512	308	316	267	316	119.485
29	maps/mazes/maze_004.map	512	512	486	221	448	236	119.142
28	maps/mazes/maze_004.map	512	512	213	267	153	236	115.385
28	maps/mazes/maze_004.map	512	512	498	416	480	430	115.213
28	maps/mazes/maze_004.map	512	512	105	472	121	412	115.213
28	maps/mazes/maze_004.map	512	512	341	463	297	452	115.385
28	maps/mazes/maze_004.map	512	512	172	408	182	444	115.213
28	maps/mazes/maze_004.map	512	512	28	241	13	247	115.485
28	maps/mazes/maze_004.map	512	512	478	229	468	234	115.728
28	maps/mazes/maze_004.map	512	512	429	223	407	204	115.385
28	maps/mazes/maze_004.map	512	512	121	319	149	296	115.142
28	maps/mazes/maze_004.map	512	512	120	314	149	296	115.142
27	maps/mazes/maze_004.map	512	512	417	450	396	436	111.142
27	maps/mazes/maze_004.map	512	512	197	29	186	5	111.971
27	maps/mazes/maze_004.map	512	512	367	437	353	417	110.728
27	maps/mazes/maze_004.map	512	512	304	391	344	420	111.971
27	maps/mazes/maze_004.map	512	512	78	108	40	109	111.971
27	maps/mazes/maze_004.map	512	512	52	354	17	380	111.142
27	maps/mazes/maze_004.map	512	512	35	297	45	340	111.971
27	maps/mazes/maze_004.map	512	512	210	433	169	463	111.971
27	maps/mazes/maze_004.map	512	512	257	438	249	419	111.142
27	maps/mazes/maze_004.map	512	512	70	96	80	77	111.142
26	maps/mazes/maze_004.map	512	512	121	104	94	148	107.385
26	maps/mazes/maze_004.map	512	512	129	469	160	447	107.971
26	maps/mazes/maze_004.map	512	512	184	26	182	9	107.385
26	maps/mazes/maze_004.map	512	512	93	384	116	398	107.728
26	maps/mazes/maze_004.map	512	512	20	208	13	202	107.142
26	maps/mazes/maze_004.map	512	512	345	49	377	66	107.971
26	maps/mazes/maze_004.map	512	512	481	465	476	425	107.971
26	maps/mazes/maze_004.map	512	512	401	295	440	284	107.799
26	maps/mazes/maze_004.map	512	512	450	376	425	419	107.799
25	maps/mazes/maze_004.map	512	512	315	125	289	141	103.556
25	maps/mazes/maze_004.map	512	512	353	279	300	245	103.728
25	maps/mazes/maze_004.map	512	512	444	349	412	346	103.142
25	maps/mazes/maze_004.map	512	512	204	231	186	208	103.728
25	maps/mazes/maze_004.map	512	512	272	324	237	340	102.799
25	maps/mazes/maze_004.map	512	512	237	148	261	137	103.728
25	maps/mazes/maze_004.map	512	512	56	496	73	444	103.142
25	maps/mazes/maze_004.map	512	512	100	248	108	271	103.971
24	maps/mazes/maze_004.map	512	512	80	77	27	53	99.1421
24	maps/mazes/maze_004.map	512	512	468	124	499	105	99.3137
24	maps/mazes/maze_004.map	512	512	256	111	243	133	99.9706
24	maps/mazes/maze_004.map	512	512	423	137	480	167	99.9706
24	maps/mazes/maze_004.map	512	512	272	481	228	465	98.7279
24	maps/mazes/maze_004.map	512	512	209	244	178	236	99.9706
24	maps/mazes/maze_004.map	512	512	197	488	221	449	99.9706
24	maps/mazes/maze_004.map	512	512	432	442	405	426	99.1421
24	maps/mazes/maze_004.map	512	512	294	84	344	71	99.9706
24	maps/mazes/maze_004.map	512	512	214	73	168	81	99.5563
23	maps/mazes/maze_004.map	512	512	256	277	240	248	95.7279
23	maps/mazes/maze_004.map	512	512	228	197	228	213	95.0711
23	maps/mazes/maze_004.map	512	512	249	465	229	412	95.7279
23	maps/mazes/maze_004.map	512	512	128	1	155	17	95.7279
23	maps/mazes/maze_004.map	512	512	506	88	508	79	95.1421
23	maps/mazes/maze_004.map	512	512	165	393	157	415	95.6569
23	maps/mazes/maze_004.map	512	512	478	13	431	5	95.7279
23	maps/mazes/maze_004.map	512	512	352	117	371	128	95.0711
23	maps/mazes/maze_004.map	512	512	253	341	226	324	95.3137
23	maps/mazes/maze_004.map	512	512	335	289	305	281	95.8995
22	maps/mazes/maze_004.map	512	512	181	352	216	396	91.9706
22	maps/mazes/maze_004.map	512	512	199	68	192	85	90.9706
22	maps/mazes/maze_004.map	512	512	309	133	299	173	91.5563
22	maps/mazes/maze_004.map	512	512	98	433	120	408	91.7279
22	maps/mazes/maze_004.map	512	512	304	212	262	220	91.3137
22	maps/mazes/maze_004.map	512	512	129	144	124	121	91.8995
22	maps/mazes/maze_004.map	512	512	272	302	256	309	91.4853
22	maps/mazes/maze_004.map	512	512	384	71	377	85	90.8995
22	maps/mazes/maze_004.map	512	512	477	177	508	181	91.9706
22	maps/mazes/maze_004.map	512	512	27	197	9	223	91.8995
21	maps/mazes/maze_004.map	512	512	336	324	340	276	87.5563
21	maps/mazes/maze_004.map	512	512	389	436	365	465	87.7279
21	maps/mazes/maze_004.map	512	512	189	88	150	57	87.0711
21	maps/mazes/maze_004.map	512	512	58	468	28	452	87.5563
21	maps/mazes/maze_004.map	512	512	362	301	386	277	87.8995
21	maps/mazes/maze_004.map	512	512	360	232	352	216	87.8995
21	maps/mazes/maze_004.map	512	512	320	270	313	245	87.3137
21	maps/mazes/maze_004.map	512	512	126	473	157	449	87.9706
21	maps/mazes/maze_004.map	512	512	484	301	492	271	87.3137
21	maps/mazes/maze_004.map	512	512	340	113	293	116	87.5563
20	maps/mazes/maze_004.map	512	512	458	392	425	420	83.7279
20	maps/mazes/maze_004.map	512	512	192	496	223	456	83.9706
20	maps/mazes/maze_004.map	512	512	506	89	504	81	83.3137
20	maps/mazes/maze_004.map	512	512	432	443	412	430	83.1421
20	maps/mazes/maze_004.map	512	512	76	131	80	131	83.6569
20	maps/mazes/maze_004.map	512	512	389	27	360	37	83.4853
20	maps/mazes/maze_004.map	512	512	346	209	329	228	83.0711
20	maps/mazes/maze_004.map	512	512	187	285	139	277	83.8995
19	maps/mazes/maze_004.map	512	512	131	509	105	475	79.5563
19	maps/mazes/maze_004.map	512	512	397	218	406	205	79.3137
19	maps/mazes/maze_004.map	512	512	316	489	273	500	79.3137
19	maps/mazes/maze_004.map	512	512	504	444	482	417	79.4853
19	maps/mazes/maze_004.map	512	512	404	242	373	240	79.4853
19	maps/mazes/maze_004.map	512	512	428	144	462	161	79.7279
19	maps/mazes/maze_004.map	512	512	289	292	257	291	79.4853
19	maps/mazes/maze_004.map	512	512	397	39	412	36	79.5563
19	maps/mazes/maze_004.map	512	512	100	8	126	21	79.4853
19	maps/mazes/maze_004.map	512	512	145	360	177	356	79.8995
18	maps/mazes/maze_004.map	512	512	255	81	237	97	75.0711
18	maps/mazes/maze_004.map	512	512	347	369	336	374	75.3137
18	maps/mazes/maze_004.map	512	512	393	422	363	432	75.0711
18	maps/mazes/maze_004.map	512	512	468	159	488	171	75.8995
18	maps/mazes/maze_004.map	512	512	274	352	233	336	75.7279
18	maps/mazes/maze_004.map	512	512	402	421	416	379	75.3137
18	maps/mazes/maze_004.map	512	512	145	177	144	198	75.5563
18	maps/mazes/maze_004.map	512	512	463	140	504	151	75.5563
18	maps/mazes/maze_004.map	512	512	497	71	488	38	75.3137
17	maps/mazes/maze_004.map	512	512	465	407	436	399	71.4853
17	maps/mazes/maze_004.map	512	512	501	483	506	452	71.6569
17	maps/mazes/maze_004.map	512	512	352	350	367	356	71.4853
17	maps/mazes/maze_004.map	512	512	300	301	268	301	71.6569
17	maps/mazes/maze_004.map	512	512	165	440	181	440	71.0711
17	maps/mazes/maze_004.map	512	512	397	416	416	380	71.4853
17	maps/mazes/maze_004.map	512	512	276	410	289	394	71.1421
17	maps/mazes/maze_004.map	512	512	496	69	489	37	71.4853
17	maps/mazes/maze_004.map	512	512	468	201	464	188	71.1421
17	maps/mazes/maze_004.map	512	512	123	157	114	212	71.6569
16	maps/mazes/maze_004.map	512	512	185	105	164	66	67.8995
16	maps/mazes/maze_004.map	512	512	337	297	325	279	67.8995
16	maps/mazes/maze_004.map	512	512	225	350	193	346	67.0711
16	maps/mazes/maze_004.map	512	512	100	148	88	112	67.0711
16	maps/mazes/maze_004.map	512	512	293	121	289	141	67.0711
16	maps/mazes/maze_004.map	512	512	353	56	357	81	67.1421
16	maps/mazes/maze_004.map	512	512	393	24	374	25	67.0711
16	maps/mazes/maze_004.map	512	512	357	60	390	84	67.7279
16	maps/mazes/maze_004.map	512	512	192	294	143	277	67.0711
16	maps/mazes/maze_004.map	512	512	400	256	412	265	67.7279
15	maps/mazes/maze_004.map	512	512	233	163	214	176	63.0711
15	maps/mazes/maze_004.map	512	512	309	1	309	18	63.7279
15	maps/mazes/maze_004.map	512	512	308	150	299	180	63.1421
15	maps/mazes/maze_004.map	512	512	290	333	294	316	63.2426
15	maps/mazes/maze_004.map	512	512	422	56	426	77	63.7279
15	maps/mazes/maze_004.map	512	512	389	205	369	217	63.3137
15	maps/mazes/maze_004.map	512	512	160	492	144	508	63.0711
15	maps/mazes/maze_004.map	512	512	478	180	496	181	63.7279
15	maps/mazes/maze_004.map	512	512	44	470	46	460	63.8995
15	maps/mazes/maze_004.map	512	512	75	313	65	294	63.4853
14	maps/mazes/maze_004.map	512	512	68	39	44	4	59.1421
14	maps/mazes/maze_004.map	512	512	509	100	500	82	58.8995
14	maps/mazes/maze_004.map	512	512	460	400	439	400	58.6569
14	maps/mazes/maze_004.map	512	512	404	441	406	420	59.4853
14	maps/mazes/maze_004.map	512	512	84	15	68	9	59.0711
14	maps/mazes/maze_004.map	512	512	121	409	128	384	59.6569
14	maps/mazes/maze_004.map	512	512	364	351	369	383	59.7279
14	maps/mazes/maze_004.map	512	512	264	243	253	279	59.4853
14	maps/mazes/maze_004.map	512	512	472	485	482	461	59.8995
14	maps/mazes/maze_004.map	512	512	451	345	424	349	59.4853
13	maps/mazes/maze_004.map	512	512	481	47	500	41	54.6569
13	maps/mazes/maze_004.map	512	512	339	196	294	196	55.4853
13	maps/mazes/maze_004.map	512	512	93	36	89	18	55.0711
13	maps/mazes/maze_004.map	512	512	21	361	25	321	55.0711
13	maps/mazes/maze_004.map	512	512	57	197	71	181	55.3137
13	maps/mazes/maze_004.map	512	512	258	77	232	88	55.8284
13	maps/mazes/maze_004.map	512	512	289	23	286	9	55.4853
13	maps/mazes/maze_004.map	512	512	332	302	332	324	55.0711
13	maps/mazes/maze_004.map	512	512	192	343	166	349	55.6569
13	maps/mazes/maze_004.map	512	512	233	98	270	97	55.3137
12	maps/mazes/maze_004.map	512	512	137	423	168	418	51.6569
12	maps/mazes/maze_004.map	512	512	3	28	9	58	51.3137
12	maps/mazes/maze_004.map	512	512	441	409	460	394	51.6569
12	maps/mazes/maze_004.map	512	512	80	256	89	234	51.2426
12	maps/mazes/maze_004.map	512	512	389	338	392	347	51.0711
12	maps/mazes/maze_004.map	512	512	80	419	46	416	50.6569
12	maps/mazes/maze_004.map	512	512	286	133	292	142	51.8284
12	maps/mazes/maze_004.map	512	512	420	416	416	386	51.6569
12	maps/mazes/maze_004.map	512	512	165	484	188	499	51.3137
12	maps/mazes/maze_004.map	512	512	321	166	296	180	51.2426
11	maps/mazes/maze_004.map	512	512	276	431	301	418	47.8995
11	maps/mazes/maze_004.map	512	512	312	408	339	392	46.6569
11	maps/mazes/maze_004.map	512	512	437	425	409	416	47.2426
11	maps/mazes/maze_004.map	512	512	236	369	201	354	47.0711
11	maps/mazes/maze_004.map	512	512	35	436	7	432	47.3137
11	maps/mazes/maze_004.map	512	512	377	106	374	81	47.6569
11	maps/mazes/maze_004.map	512	512	32	468	34	452	47.8995
11	maps/mazes/maze_004.map	512	512	288	100	296	116	47.8995
11	maps/mazes/maze_004.map	512	512	193	408	204	433	47.0711
11	maps/mazes/maze_004.map	512	512	249	241	225	228	47.8284
10	maps/mazes/maze_004.map	512	512	73	449	79	437	43.0711
10	maps/mazes/maze_004.map	512	512	244	112	270	129	43.7279
10	maps/mazes/maze_004.map	512	512	397	255	420	258	43.8995
10	maps/mazes/maze_004.map	512	512	94	244	104	256	43.0711
10	maps/mazes/maze_004.map	512	512	225	285	236	310	43.4142
10	maps/mazes/maze_004.map	512	512	48	400	25	389	43.8995
10	maps/mazes/maze_004.map	512	512	438	145	445	125	43.4853
10	maps/mazes/maze_004.map	512	512	8	150	37	161	43.0711
10	maps/mazes/maze_004.map	512	512	440	497	431	465	43.2426
10	maps/mazes/maze_004.map	512	512	48	321	40	344	43.2426
9	maps/mazes/maze_004.map	512	512	140	480	115	477	39.8995
9	maps/mazes/maze_004.map	512	512	17	260	26	280	39.2426
9	maps/mazes/maze_004.map	512	512	102	53	105	27	39.4853
9	maps/mazes/maze_004.map	512	512	360	292	385	291	39.0711
9	maps/mazes/maze_004.map	512	512	349	206	332	216	39.2426
9	maps/mazes/maze_004.map	512	512	345	187	319	189	39.6569
9	maps/mazes/maze_004.map	512	512	407	173	400	158	39.6569
9	maps/mazes/maze_004.map	512	512	393	217	375	213	39.6569
9	maps/mazes/maze_004.map	512	512	396	319	396	333	39.6569
9	maps/mazes/maze_004.map	512	512	163	148	159	132	39.0711
8	maps/mazes/maze_004.map	512	512	52	364	41	367	35.4142
8	maps/mazes/maze_004.map	512	512	36	301	34	296	34.6569
8	maps/mazes/maze_004.map	512	512	491	333	495	309	35.0711
8	maps/mazes/maze_004.map	512	512	148	61	157	44	35.0711
8	maps/mazes/maze_004.map	512	512	172	463	193	450	35.0711
8	maps/mazes/maze_004.map	512	512	228	233	225	228	35.4142
8	maps/mazes/maze_004.map	512	512	232	301	221	319	35.2426
8	maps/mazes/maze_004.map	512	512	263	357	240	364	35.4142
8	maps/mazes/maze_004.map	512	512	145	344	145	330	35.6569
7	maps/mazes/maze_004.map	512	512	24	308	13	302	31.8284
7	maps/mazes/maze_004.map	512	512	75	164	66	156	31.2426
7	maps/mazes/maze_004.map	512	512	312	185	298	196	31.8284
7	maps/mazes/maze_004.map	512	512	80	285	80	304	30.6569
7	maps/mazes/maze_004.map	512	512	462	257	456	243	31.6569
7	maps/mazes/maze_004.map	512	512	56	357	45	371	31.8284
7	maps/mazes/maze_004.map	512	512	459	188	465	210	31.6569
7	maps/mazes/maze_004.map	512	512	493	444	500	433	31.6569
7	maps/mazes/maze_004.map	512	512	169	209	189	207	31.0711
7	maps/mazes/maze_004.map	512	512	429	432	409	432	31.6569
6	maps/mazes/maze_004.map	512	512	368	79	345	85	27.2426
6	maps/mazes/maze_004.map	512	512	433	144	449	137	27.2426
6	maps/mazes/maze_004.map	512	512	376	305	389	289	27.2426
6	maps/mazes/maze_004.map	512	512	59	297	64	279	27.2426
6	maps/mazes/maze_004.map	512	512	365	292	384	297	27.6569
6	maps/mazes/maze_004.map	512	512	117	293	106	281	27.2426
6	maps/mazes/maze_004.map	512	512	412	170	424	158	27.6569
6	maps/mazes/maze_004.map	512	512	272	73	277	82	27.4142
6	maps/mazes/maze_004.map	512	512	291	285	280	295	27.8284
6	maps/mazes/maze_004.map	512	512	104	252	93	262	27.8284
5	maps/mazes/maze_004.map	512	512	305	454	313	463	23.2426
5	maps/mazes/maze_004.map	512	512	272	441	272	422	23.8284
5	maps/mazes/maze_004.map	512	512	458	308	452	302	23.0711
5	maps/mazes/maze_004.map	512	512	422	112	430	117	23.8284
5	maps/mazes/maze_004.map	512	512	140	133	125	123	23.2426
5	maps/mazes/maze_004.map	512	512	281	280	299	273	23.2426
5	maps/mazes/maze_004.map	512	512	389	420	388	426	23.2426
5	maps/mazes/maze_004.map	512	512	417	16	422	17	23.4142
5	maps/mazes/maze_004.map	512	512	104	362	114	368	23.6569
5	maps/mazes/maze_004.map	512	512	269	369	279	360	23.2426
4	maps/mazes/maze_004.map	512	512	290	445	284	452	19
4	maps/mazes/maze_004.map	512	512	424	233	432	219	19.6569
4	maps/mazes/maze_004.map	512	512	396	99	408	95	19.6569
4	maps/mazes/maze_004.map	512	512	349	464	340	463	19.6569
4	maps/mazes/maze_004.map	512	512	439	157	452	158	19.6569
4	maps/mazes/maze_004.map	512	512	383	420	389	425	18.6569
4	maps/mazes/maze_004.map	512	512	368	304	349	304	19
4	maps/mazes/maze_004.map	512	512	133	236	140	229	19.4142
4	maps/mazes/maze_004.map	512	512	282	216	266	220	18.8284
4	maps/mazes/maze_004.map	512	512	213	110	223	105	19.8284
3	maps/mazes/maze_004.map	512	512	97	385	112	385	15
3	maps/mazes/maze_004.map	512	512	157	53	153	40	15.8284
3	maps/mazes/maze_004.map	512	512	316	307	324	309	14.8284
3	maps/mazes/maze_004.map	512	512	214	0	228	2	15.4142
3	maps/mazes/maze_004.map	512	512	52	387	57	379	15.8284
3	maps/mazes/maze_004.map	512	512	220	304	224	301	15
3	maps/mazes/maze_004.map	512	512	168	12	156	17	15.2426
3	maps/mazes/maze_004.map	512	512	447	428	434	424	15.8284
3	maps/mazes/maze_004.map	512	512	185	337	180	342	15.4142
3	maps/mazes/maze_004.map	512	512	488	499	502	497	15.4142
2	maps/mazes/maze_004.map	512	512	481	76	476	69	11.4142
2	maps/mazes/maze_004.map	512	512	191	88	185	84	11.4142
2	maps/mazes/maze_004.map	512	512	148	249	152	249	11.4142
2	maps/mazes/maze_004.map	512	512	296	485	304	480	11.8284
2	maps/mazes/maze_004.map	512	512	28	164	27	157	11.4142
2	maps/mazes/maze_004.map	512	512	489	305	488	299	11.2426
2	maps/mazes/maze_004.map	512	512	245	478	254	480	11
2	maps/mazes/maze_004.map	512	512	192	333	181	333	11
2	maps/mazes/maze_004.map	512	512	105	433	116	432	11.4142
2	maps/mazes/maze_004.map	512	512	109	435	118	432	11.4142
1	maps/mazes/maze_004.map	512	512	302	193	297	196	7.41421
1	maps/mazes/maze_004.map	512	512	325	120	329	117	7
1	maps/mazes/maze_004.map	512	512	384	256	377	256	7
1	maps/mazes/maze_004.map	512	512	181	320	184	325	7.41421
1	maps/mazes/maze_004.map	512	512	242	421	245	426	7.41421
1	maps/mazes/maze_004.map	512	512	32	69	33	62	7.41421
1	maps/mazes/maze_004.map	512	512	498	205	498	208	7
1	maps/mazes/maze_004.map	512	512	292	371	289	369	7
1	maps/mazes/maze_004.map	512	512	161	484	168	485	7.41421
1	maps/mazes/maze_004.map	512	512	451	412	446	416	7.82843
0	maps/mazes/maze_004.map	512	512	468	432	469	429	3.41421
0	maps/mazes/maze_004.map	512	512	253	175	254	173	3
0	maps/mazes/maze_004.map	512	512	48	58	46	57	3
0	maps/mazes/maze_004.map	512	512	499	164	496	164	3
0	maps/mazes/maze_004.map	512	512	61	333	60	336	3.41421
0	maps/mazes/maze_004.map	512	512	433	291	432	288	3.41421
0	maps/mazes/maze_004.map	512	512	473	317	470	316	3.41421
0	maps/mazes/maze_004.map	512	512	205	224	205	227	3
0	maps/mazes/maze_004.map	512	512	222	452	225	452	3
0	maps/mazes/maze_004.map	512	512	281	148	280	145	3.41421
