version 1
127	maps/mazes/maze_057.map	512	512	310	349	227	241	511.953
127	maps/mazes/maze_057.map	512	512	185	268	339	245	511.225
127	maps/mazes/maze_057.map	512	512	306	480	398	365	511.953
127	maps/mazes/maze_057.map	512	512	486	272	376	271	511.953
127	maps/mazes/maze_057.map	512	512	453	136	502	204	511.711
127	maps/mazes/maze_057.map	512	512	116	416	89	292	511.811
127	maps/mazes/maze_057.map	512	512	97	142	109	87	511.468
127	maps/mazes/maze_057.map	512	512	29	40	145	85	511.711
127	maps/mazes/maze_057.map	512	512	181	356	145	208	511.439
127	maps/mazes/maze_057.map	512	512	48	449	121	376	511.539
126	maps/mazes/maze_057.map	512	512	125	4	317	136	507.439
126	maps/mazes/maze_057.map	512	512	492	345	433	257	507.953
126	maps/mazes/maze_057.map	512	512	170	53	185	233	507.468
126	maps/mazes/maze_057.map	512	512	318	244	389	268	507.853
126	maps/mazes/maze_057.map	512	512	224	152	112	17	507.024
126	maps/mazes/maze_057.map	512	512	180	260	175	92	507.225
126	maps/mazes/maze_057.map	512	512	365	377	350	289	507.368
126	maps/mazes/maze_057.map	512	512	77	415	82	312	507.154
126	maps/mazes/maze_057.map	512	512	144	420	312	488	507.296
126	maps/mazes/maze_057.map	512	512	236	13	114	88	507.024
125	maps/mazes/maze_057.map	512	512	125	182	105	72	503.296
125	maps/mazes/maze_057.map	512	512	52	61	181	79	503.125
125	maps/mazes/maze_057.map	512	512	133	393	89	290	503.811
125	maps/mazes/maze_057.map	512	512	448	412	368	445	503.711
125	maps/mazes/maze_057.map	512	512	328	28	172	5	503.853
44	maps/mazes/maze_057.map	512	512	500	433	472	350	176.113
125	maps/mazes/maze_057.map	512	512	200	207	196	49	503.539
125	maps/mazes/maze_057.map	512	512	87	317	104	172	503.296
44	maps/mazes/maze_057.map	512	512	220	269	215	261	179.284
125	maps/mazes/maze_057.map	512	512	128	504	35	408	503.711
125	maps/mazes/maze_057.map	512	512	398	173	447	161	503.024
125	maps/mazes/maze_057.map	512	512	508	414	492	244	503.782
124	maps/mazes/maze_057.map	512	512	77	271	127	124	498.983
124	maps/mazes/maze_057.map	512	512	208	389	184	268	499.61
124	maps/mazes/maze_057.map	512	512	29	497	2	460	499.439
124	maps/mazes/maze_057.map	512	512	108	226	160	141	499.811
124	maps/mazes/maze_057.map	512	512	169	324	159	168	499.054
124	maps/mazes/maze_057.map	512	512	146	496	304	485	498.64
124	maps/mazes/maze_057.map	512	512	27	392	9	403	499.61
124	maps/mazes/maze_057.map	512	512	391	445	372	505	499.811
124	maps/mazes/maze_057.map	512	512	273	237	356	301	499.024
124	maps/mazes/maze_057.map	512	512	22	456	125	403	499.196
123	maps/mazes/maze_057.map	512	512	331	128	205	58	495.296
123	maps/mazes/maze_057.map	512	512	418	196	425	106	495.024
123	maps/mazes/maze_057.map	512	512	147	313	101	186	495.125
96	maps/mazes/maze_057.map	512	512	92	311	161	189	386.983
123	maps/mazes/maze_057.map	512	512	9	444	137	385	495.368
123	maps/mazes/maze_057.map	512	512	292	18	137	6	494.681
123	maps/mazes/maze_057.map	512	512	224	23	108	81	495.782
123	maps/mazes/maze_057.map	512	512	399	384	357	450	495.296
123	maps/mazes/maze_057.map	512	512	209	303	180	202	495.882
123	maps/mazes/maze_057.map	512	512	188	179	196	70	495.711
123	maps/mazes/maze_057.map	512	512	423	389	368	456	495.296
122	maps/mazes/maze_057.map	512	512	91	324	104	167	491.882
122	maps/mazes/maze_057.map	512	512	413	50	404	146	491.711
122	maps/mazes/maze_057.map	512	512	120	181	199	284	491.882
122	maps/mazes/maze_057.map	512	512	192	117	172	233	491.882
122	maps/mazes/maze_057.map	512	512	344	224	344	318	491.782
122	maps/mazes/maze_057.map	512	512	382	388	349	289	491.782
122	maps/mazes/maze_057.map	512	512	465	135	504	200	491.882
122	maps/mazes/maze_057.map	512	512	418	100	399	165	491.054
122	maps/mazes/maze_057.map	512	512	442	168	320	152	491.782
122	maps/mazes/maze_057.map	512	512	73	152	176	62	491.468
121	maps/mazes/maze_057.map	512	512	364	237	282	100	487.468
121	maps/mazes/maze_057.map	512	512	396	87	393	136	486.711
121	maps/mazes/maze_057.map	512	512	467	185	391	36	487.711
121	maps/mazes/maze_057.map	512	512	37	213	97	206	487.468
121	maps/mazes/maze_057.map	512	512	407	508	503	440	487.296
121	maps/mazes/maze_057.map	512	512	56	20	117	19	487.882
121	maps/mazes/maze_057.map	512	512	360	364	417	285	487.782
121	maps/mazes/maze_057.map	512	512	217	69	108	46	487.439
121	maps/mazes/maze_057.map	512	512	424	361	367	440	487.054
121	maps/mazes/maze_057.map	512	512	299	161	257	183	487.054
120	maps/mazes/maze_057.map	512	512	360	436	415	484	483.811
120	maps/mazes/maze_057.map	512	512	301	499	318	392	483.054
120	maps/mazes/maze_057.map	512	512	105	232	173	181	483.225
120	maps/mazes/maze_057.map	512	512	104	509	44	417	483.296
120	maps/mazes/maze_057.map	512	512	37	124	177	53	483.711
120	maps/mazes/maze_057.map	512	512	437	79	495	184	483.953
120	maps/mazes/maze_057.map	512	512	480	327	467	305	483.711
120	maps/mazes/maze_057.map	512	512	368	475	413	484	483.64
120	maps/mazes/maze_057.map	512	512	347	48	423	12	483.296
120	maps/mazes/maze_057.map	512	512	491	369	480	229	483.125
119	maps/mazes/maze_057.map	512	512	8	271	93	208	479.054
119	maps/mazes/maze_057.map	512	512	26	369	22	381	479.196
119	maps/mazes/maze_057.map	512	512	149	464	326	476	479.468
119	maps/mazes/maze_057.map	512	512	397	160	302	133	479.539
119	maps/mazes/maze_057.map	512	512	41	117	140	97	479.468
119	maps/mazes/maze_057.map	512	512	218	392	161	252	479.024
119	maps/mazes/maze_057.map	512	512	220	364	176	287	479.953
119	maps/mazes/maze_057.map	512	512	393	104	361	159	479.368
119	maps/mazes/maze_057.map	512	512	192	470	324	468	479.397
119	maps/mazes/maze_057.map	512	512	29	488	152	387	479.296
118	maps/mazes/maze_057.map	512	512	97	254	117	140	475.64
118	maps/mazes/maze_057.map	512	512	488	446	480	282	475.539
118	maps/mazes/maze_057.map	512	512	453	224	448	161	474.953
118	maps/mazes/maze_057.map	512	512	469	74	425	49	475.368
118	maps/mazes/maze_057.map	512	512	250	77	97	59	475.853
118	maps/mazes/maze_057.map	512	512	277	321	359	269	475.439
19	maps/mazes/maze_057.map	512	512	324	326	300	349	78.3137
118	maps/mazes/maze_057.map	512	512	20	476	128	385	475.125
118	maps/mazes/maze_057.map	512	512	431	108	311	4	475.397
118	maps/mazes/maze_057.map	512	512	234	84	88	42	475.196
118	maps/mazes/maze_057.map	512	512	263	449	412	325	475.125
117	maps/mazes/maze_057.map	512	512	109	270	121	129	471.811
90	maps/mazes/maze_057.map	512	512	60	347	0	303	363.154
117	maps/mazes/maze_057.map	512	512	488	388	500	230	471.054
117	maps/mazes/maze_057.map	512	512	378	480	413	484	471.811
117	maps/mazes/maze_057.map	512	512	488	390	501	229	471.054
117	maps/mazes/maze_057.map	512	512	357	422	436	320	471.711
117	maps/mazes/maze_057.map	512	512	281	296	172	218	471.811
117	maps/mazes/maze_057.map	512	512	328	227	345	321	471.368
117	maps/mazes/maze_057.map	512	512	260	412	364	355	471.225
117	maps/mazes/maze_057.map	512	512	133	308	101	187	471.225
117	maps/mazes/maze_057.map	512	512	12	145	107	72	471.054
116	maps/mazes/maze_057.map	512	512	176	404	228	492	467.296
116	maps/mazes/maze_057.map	512	512	366	404	392	430	467.397
116	maps/mazes/maze_057.map	512	512	176	236	139	112	467.569
116	maps/mazes/maze_057.map	512	512	236	229	206	256	467.912
116	maps/mazes/maze_057.map	512	512	229	456	344	384	467.953
14	maps/mazes/maze_057.map	512	512	144	478	162	501	59.7279
116	maps/mazes/maze_057.map	512	512	344	366	277	244	467.711
116	maps/mazes/maze_057.map	512	512	167	88	193	284	467.397
116	maps/mazes/maze_057.map	512	512	329	211	210	64	467.983
116	maps/mazes/maze_057.map	512	512	299	49	164	20	467.882
116	maps/mazes/maze_057.map	512	512	226	296	152	168	467.983
115	maps/mazes/maze_057.map	512	512	476	260	380	323	463.953
115	maps/mazes/maze_057.map	512	512	397	208	472	221	463.64
115	maps/mazes/maze_057.map	512	512	100	320	101	181	463.64
115	maps/mazes/maze_057.map	512	512	418	385	396	481	463.983
115	maps/mazes/maze_057.map	512	512	424	129	332	143	463.782
115	maps/mazes/maze_057.map	512	512	386	64	399	157	463.296
115	maps/mazes/maze_057.map	512	512	402	281	335	296	463.539
115	maps/mazes/maze_057.map	512	512	408	2	236	5	463.225
115	maps/mazes/maze_057.map	512	512	47	477	117	414	463.368
115	maps/mazes/maze_057.map	512	512	64	504	36	411	463.468
114	maps/mazes/maze_057.map	512	512	91	241	128	125	458.74
114	maps/mazes/maze_057.map	512	512	472	289	440	270	459.711
114	maps/mazes/maze_057.map	512	512	30	185	109	134	459.196
114	maps/mazes/maze_057.map	512	512	13	300	68	432	459.368
114	maps/mazes/maze_057.map	512	512	96	115	194	73	459.154
114	maps/mazes/maze_057.map	512	512	280	72	361	181	459.64
114	maps/mazes/maze_057.map	512	512	449	97	339	1	459.74
114	maps/mazes/maze_057.map	512	512	257	28	148	24	459.468
114	maps/mazes/maze_057.map	512	512	352	288	389	365	458.711
114	maps/mazes/maze_057.map	512	512	409	373	365	440	459.225
113	maps/mazes/maze_057.map	512	512	129	184	196	277	455.882
113	maps/mazes/maze_057.map	512	512	21	445	119	421	455.539
113	maps/mazes/maze_057.map	512	512	399	229	460	198	455.64
113	maps/mazes/maze_057.map	512	512	99	469	306	497	455.811
113	maps/mazes/maze_057.map	512	512	280	397	205	371	455.083
113	maps/mazes/maze_057.map	512	512	413	129	344	157	455.953
113	maps/mazes/maze_057.map	512	512	48	310	101	181	455.296
113	maps/mazes/maze_057.map	512	512	13	460	125	393	455.711
113	maps/mazes/maze_057.map	512	512	288	413	419	349	455.225
113	maps/mazes/maze_057.map	512	512	282	221	197	8	455.054
112	maps/mazes/maze_057.map	512	512	232	333	189	260	451.74
112	maps/mazes/maze_057.map	512	512	204	396	215	500	451.468
112	maps/mazes/maze_057.map	512	512	372	65	220	64	451.569
112	maps/mazes/maze_057.map	512	512	88	341	46	329	451.882
112	maps/mazes/maze_057.map	512	512	313	329	242	248	451.882
112	maps/mazes/maze_057.map	512	512	446	264	355	313	451.196
112	maps/mazes/maze_057.map	512	512	128	133	118	84	450.983
112	maps/mazes/maze_057.map	512	512	93	471	316	499	451.811
112	maps/mazes/maze_057.map	512	512	389	136	316	125	451.882
112	maps/mazes/maze_057.map	512	512	474	49	440	41	451.882
111	maps/mazes/maze_057.map	512	512	359	380	440	300	447.711
111	maps/mazes/maze_057.map	512	512	428	152	362	17	447.569
111	maps/mazes/maze_057.map	512	512	360	92	244	77	447.225
111	maps/mazes/maze_057.map	512	512	292	165	216	49	447.64
111	maps/mazes/maze_057.map	512	512	454	349	480	296	447.225
111	maps/mazes/maze_057.map	512	512	482	13	277	6	447.296
111	maps/mazes/maze_057.map	512	512	505	172	440	143	447.539
111	maps/mazes/maze_057.map	512	512	69	95	164	89	447.326
111	maps/mazes/maze_057.map	512	512	360	325	239	248	447.64
111	maps/mazes/maze_057.map	512	512	478	84	432	49	447.125
110	maps/mazes/maze_057.map	512	512	348	130	162	17	443.468
110	maps/mazes/maze_057.map	512	512	23	149	118	85	443.225
110	maps/mazes/maze_057.map	512	512	481	37	431	49	443.882
110	maps/mazes/maze_057.map	512	512	124	119	116	70	443.811
110	maps/mazes/maze_057.map	512	512	54	28	195	45	443.397
110	maps/mazes/maze_057.map	512	512	414	200	436	135	443.953
110	maps/mazes/maze_057.map	512	512	113	353	33	402	443.811
110	maps/mazes/maze_057.map	512	512	438	77	304	3	443.397
110	maps/mazes/maze_057.map	512	512	489	456	472	289	443.882
110	maps/mazes/maze_057.map	512	512	32	444	104	421	443.711
109	maps/mazes/maze_057.map	512	512	156	123	191	237	439.811
109	maps/mazes/maze_057.map	512	512	453	469	490	309	439.125
109	maps/mazes/maze_057.map	512	512	118	360	33	307	439.054
109	maps/mazes/maze_057.map	512	512	401	25	497	9	439.539
109	maps/mazes/maze_057.map	512	512	453	492	508	331	439.296
109	maps/mazes/maze_057.map	512	512	504	320	460	253	439.225
109	maps/mazes/maze_057.map	512	512	111	464	302	497	439.397
109	maps/mazes/maze_057.map	512	512	360	379	437	304	439.296
109	maps/mazes/maze_057.map	512	512	60	69	149	152	439.154
109	maps/mazes/maze_057.map	512	512	349	168	244	79	439.397
108	maps/mazes/maze_057.map	512	512	132	159	117	61	435.569
108	maps/mazes/maze_057.map	512	512	200	508	352	437	435.569
108	maps/mazes/maze_057.map	512	512	308	213	354	296	435.569
108	maps/mazes/maze_057.map	512	512	204	449	178	469	435.397
108	maps/mazes/maze_057.map	512	512	297	321	361	268	435.953
108	maps/mazes/maze_057.map	512	512	72	457	235	501	435.468
108	maps/mazes/maze_057.map	512	512	436	329	472	268	435.711
108	maps/mazes/maze_057.map	512	512	263	232	193	257	435.912
108	maps/mazes/maze_057.map	512	512	219	472	304	502	435.912
108	maps/mazes/maze_057.map	512	512	141	355	143	209	435.296
107	maps/mazes/maze_057.map	512	512	449	372	404	433	431.64
107	maps/mazes/maze_057.map	512	512	124	56	108	6	431.196
107	maps/mazes/maze_057.map	512	512	93	125	175	69	431.983
107	maps/mazes/maze_057.map	512	512	388	317	421	328	431.882
107	maps/mazes/maze_057.map	512	512	419	424	349	471	431.811
107	maps/mazes/maze_057.map	512	512	485	293	440	270	431.882
107	maps/mazes/maze_057.map	512	512	60	347	1	417	431.468
107	maps/mazes/maze_057.map	512	512	429	75	307	1	431.983
107	maps/mazes/maze_057.map	512	512	241	368	204	336	431.569
107	maps/mazes/maze_057.map	512	512	341	210	220	57	431.154
106	maps/mazes/maze_057.map	512	512	60	397	17	352	427.64
106	maps/mazes/maze_057.map	512	512	399	113	378	157	427.711
106	maps/mazes/maze_057.map	512	512	377	62	312	137	427.497
106	maps/mazes/maze_057.map	512	512	437	396	365	440	427.983
106	maps/mazes/maze_057.map	512	512	285	96	136	21	427.782
106	maps/mazes/maze_057.map	512	512	497	478	501	423	427.811
106	maps/mazes/maze_057.map	512	512	164	407	170	481	427.64
106	maps/mazes/maze_057.map	512	512	473	284	435	272	427.054
106	maps/mazes/maze_057.map	512	512	495	460	464	307	427.882
106	maps/mazes/maze_057.map	512	512	340	217	220	67	427.74
105	maps/mazes/maze_057.map	512	512	401	68	203	12	423.74
105	maps/mazes/maze_057.map	512	512	303	448	412	360	423.811
105	maps/mazes/maze_057.map	512	512	377	293	460	230	423.054
105	maps/mazes/maze_057.map	512	512	74	468	217	506	423.468
105	maps/mazes/maze_057.map	512	512	93	28	256	82	423.125
105	maps/mazes/maze_057.map	512	512	59	332	21	419	423.225
105	maps/mazes/maze_057.map	512	512	274	325	345	315	423.953
105	maps/mazes/maze_057.map	512	512	39	132	145	85	423.569
105	maps/mazes/maze_057.map	512	512	55	284	118	217	423.74
105	maps/mazes/maze_057.map	512	512	140	414	177	495	423.983
104	maps/mazes/maze_057.map	512	512	437	259	480	316	419.983
104	maps/mazes/maze_057.map	512	512	176	340	69	312	419.125
104	maps/mazes/maze_057.map	512	512	5	408	127	385	419.225
104	maps/mazes/maze_057.map	512	512	382	177	460	171	419.296
104	maps/mazes/maze_057.map	512	512	40	207	97	202	419.539
104	maps/mazes/maze_057.map	512	512	60	221	112	304	419.125
104	maps/mazes/maze_057.map	512	512	102	400	87	316	419.669
66	maps/mazes/maze_057.map	512	512	68	182	76	158	265.497
104	maps/mazes/maze_057.map	512	512	325	172	216	49	419.154
104	maps/mazes/maze_057.map	512	512	408	335	356	303	419.397
104	maps/mazes/maze_057.map	512	512	142	308	128	199	419.569
103	maps/mazes/maze_057.map	512	512	260	116	197	8	415.711
25	maps/mazes/maze_057.map	512	512	144	92	157	122	102.556
103	maps/mazes/maze_057.map	512	512	231	1	83	29	415.397
103	maps/mazes/maze_057.map	512	512	368	267	399	364	415.539
103	maps/mazes/maze_057.map	512	512	463	245	349	298	415.811
103	maps/mazes/maze_057.map	512	512	430	288	356	313	415.468
103	maps/mazes/maze_057.map	512	512	383	172	504	215	415.64
103	maps/mazes/maze_057.map	512	512	451	189	436	48	415.397
103	maps/mazes/maze_057.map	512	512	152	32	163	81	415.054
103	maps/mazes/maze_057.map	512	512	335	237	359	293	415.882
103	maps/mazes/maze_057.map	512	512	232	164	163	29	415.983
102	maps/mazes/maze_057.map	512	512	263	413	420	345	411.811
43	maps/mazes/maze_057.map	512	512	69	310	119	348	175.213
102	maps/mazes/maze_057.map	512	512	178	488	326	472	411.74
102	maps/mazes/maze_057.map	512	512	128	277	143	168	411.497
102	maps/mazes/maze_057.map	512	512	190	292	135	137	411.74
102	maps/mazes/maze_057.map	512	512	428	408	393	472	411.083
102	maps/mazes/maze_057.map	512	512	383	132	298	97	411.74
102	maps/mazes/maze_057.map	512	512	44	250	113	206	411.569
102	maps/mazes/maze_057.map	512	512	174	317	180	212	411.811
102	maps/mazes/maze_057.map	512	512	348	417	432	326	411.225
102	maps/mazes/maze_057.map	512	512	505	61	425	97	411.74
101	maps/mazes/maze_057.map	512	512	240	281	169	181	407.083
101	maps/mazes/maze_057.map	512	512	331	432	432	327	407.397
101	maps/mazes/maze_057.map	512	512	132	141	177	260	407.154
101	maps/mazes/maze_057.map	512	512	314	57	205	12	407.397
101	maps/mazes/maze_057.map	512	512	453	286	352	324	407.711
101	maps/mazes/maze_057.map	512	512	441	143	369	20	407.912
101	maps/mazes/maze_057.map	512	512	485	36	429	24	406.811
101	maps/mazes/maze_057.map	512	512	264	222	245	104	407.326
101	maps/mazes/maze_057.map	512	512	45	406	104	360	406.74
101	maps/mazes/maze_057.map	512	512	132	199	152	128	407.083
100	maps/mazes/maze_057.map	512	512	284	389	213	386	403.598
100	maps/mazes/maze_057.map	512	512	427	204	431	109	403.468
100	maps/mazes/maze_057.map	512	512	389	222	469	228	403.397
100	maps/mazes/maze_057.map	512	512	385	116	379	164	403.882
100	maps/mazes/maze_057.map	512	512	46	108	121	1	403.054
100	maps/mazes/maze_057.map	512	512	497	209	429	13	403.983
100	maps/mazes/maze_057.map	512	512	156	435	198	508	403.326
100	maps/mazes/maze_057.map	512	512	368	193	298	97	403.154
100	maps/mazes/maze_057.map	512	512	232	292	218	292	403.64
100	maps/mazes/maze_057.map	512	512	29	373	21	349	403.397
99	maps/mazes/maze_057.map	512	512	328	214	245	78	399.083
99	maps/mazes/maze_057.map	512	512	144	156	119	84	399.326
99	maps/mazes/maze_057.map	512	512	468	126	492	177	399.569
99	maps/mazes/maze_057.map	512	512	64	57	160	83	399.74
99	maps/mazes/maze_057.map	512	512	422	384	394	453	399.083
99	maps/mazes/maze_057.map	512	512	177	328	112	292	399.711
99	maps/mazes/maze_057.map	512	512	84	79	140	97	399.497
99	maps/mazes/maze_057.map	512	512	430	393	407	436	399.154
99	maps/mazes/maze_057.map	512	512	353	33	276	2	399.882
99	maps/mazes/maze_057.map	512	512	321	433	436	317	399.811
98	maps/mazes/maze_057.map	512	512	69	181	129	139	395.882
98	maps/mazes/maze_057.map	512	512	378	21	164	20	395.912
98	maps/mazes/maze_057.map	512	512	449	265	378	320	395.882
98	maps/mazes/maze_057.map	512	512	116	172	132	190	395.255
98	maps/mazes/maze_057.map	512	512	497	471	502	424	395.397
98	maps/mazes/maze_057.map	512	512	474	116	460	156	395.054
98	maps/mazes/maze_057.map	512	512	325	40	221	67	395.569
98	maps/mazes/maze_057.map	512	512	19	429	145	369	395.397
97	maps/mazes/maze_057.map	512	512	276	142	321	168	388.497
98	maps/mazes/maze_057.map	512	512	177	192	113	135	395.083
98	maps/mazes/maze_057.map	512	512	184	233	185	77	395.326
97	maps/mazes/maze_057.map	512	512	43	281	126	221	391.912
97	maps/mazes/maze_057.map	512	512	118	32	188	77	391.326
71	maps/mazes/maze_057.map	512	512	269	105	333	164	286.355
97	maps/mazes/maze_057.map	512	512	158	165	110	88	391.912
97	maps/mazes/maze_057.map	512	512	165	210	120	128	391.669
97	maps/mazes/maze_057.map	512	512	273	163	221	68	391.225
97	maps/mazes/maze_057.map	512	512	333	453	366	384	391.74
97	maps/mazes/maze_057.map	512	512	285	452	351	425	391.912
97	maps/mazes/maze_057.map	512	512	265	479	328	488	391.64
97	maps/mazes/maze_057.map	512	512	298	149	245	77	391.326
2	maps/mazes/maze_057.map	512	512	62	77	65	85	10.4142
96	maps/mazes/maze_057.map	512	512	201	360	99	232	387.64
96	maps/mazes/maze_057.map	512	512	418	360	397	445	387.74
52	maps/mazes/maze_057.map	512	512	65	484	128	504	211.284
96	maps/mazes/maze_057.map	512	512	112	9	259	41	386.64
96	maps/mazes/maze_057.map	512	512	140	52	285	6	387.569
96	maps/mazes/maze_057.map	512	512	24	9	131	85	387.669
96	maps/mazes/maze_057.map	512	512	15	457	113	431	387.64
96	maps/mazes/maze_057.map	512	512	395	152	323	168	387.882
96	maps/mazes/maze_057.map	512	512	220	145	148	29	387.983
96	maps/mazes/maze_057.map	512	512	295	460	387	361	387.326
95	maps/mazes/maze_057.map	512	512	385	87	223	69	383.497
95	maps/mazes/maze_057.map	512	512	160	229	116	129	383.841
94	maps/mazes/maze_057.map	512	512	440	7	423	28	377.397
95	maps/mazes/maze_057.map	512	512	140	442	314	500	383.497
95	maps/mazes/maze_057.map	512	512	213	284	168	164	383.426
95	maps/mazes/maze_057.map	512	512	1	350	53	433	383.225
95	maps/mazes/maze_057.map	512	512	109	5	24	76	383.397
95	maps/mazes/maze_057.map	512	512	345	125	262	93	383.912
95	maps/mazes/maze_057.map	512	512	85	243	120	201	383.083
95	maps/mazes/maze_057.map	512	512	57	185	109	121	383.054
95	maps/mazes/maze_057.map	512	512	485	428	461	303	383.811
94	maps/mazes/maze_057.map	512	512	255	381	197	348	379.083
94	maps/mazes/maze_057.map	512	512	233	312	185	249	379.912
94	maps/mazes/maze_057.map	512	512	37	488	33	469	379.468
94	maps/mazes/maze_057.map	512	512	478	388	469	449	379.983
94	maps/mazes/maze_057.map	512	512	318	257	236	247	379.497
94	maps/mazes/maze_057.map	512	512	177	329	125	291	379.882
94	maps/mazes/maze_057.map	512	512	253	507	345	430	379.083
94	maps/mazes/maze_057.map	512	512	457	175	436	20	379.74
94	maps/mazes/maze_057.map	512	512	56	497	58	465	379.054
93	maps/mazes/maze_057.map	512	512	431	448	352	470	375.669
93	maps/mazes/maze_057.map	512	512	208	82	105	29	375.882
93	maps/mazes/maze_057.map	512	512	315	25	215	21	375.64
93	maps/mazes/maze_057.map	512	512	336	433	409	325	375.569
93	maps/mazes/maze_057.map	512	512	261	347	249	245	375.397
73	maps/mazes/maze_057.map	512	512	196	55	227	108	292.77
93	maps/mazes/maze_057.map	512	512	373	304	285	240	375.054
93	maps/mazes/maze_057.map	512	512	60	129	148	85	375.598
93	maps/mazes/maze_057.map	512	512	480	461	488	332	375.326
93	maps/mazes/maze_057.map	512	512	252	53	253	86	375.154
93	maps/mazes/maze_057.map	512	512	181	32	109	48	375.64
57	maps/mazes/maze_057.map	512	512	377	306	388	312	230.941
92	maps/mazes/maze_057.map	512	512	382	289	336	310	371.811
92	maps/mazes/maze_057.map	512	512	189	189	144	255	371.083
92	maps/mazes/maze_057.map	512	512	476	230	384	277	371.569
92	maps/mazes/maze_057.map	512	512	281	416	372	384	371.083
92	maps/mazes/maze_057.map	512	512	266	1	432	13	370.912
92	maps/mazes/maze_057.map	512	512	464	112	404	39	371.569
92	maps/mazes/maze_057.map	512	512	353	198	256	76	371.669
92	maps/mazes/maze_057.map	512	512	141	300	116	192	371.326
92	maps/mazes/maze_057.map	512	512	44	145	148	146	371.468
84	maps/mazes/maze_057.map	512	512	102	301	183	356	338.326
92	maps/mazes/maze_057.map	512	512	89	283	102	181	371.912
91	maps/mazes/maze_057.map	512	512	172	45	97	29	367.811
91	maps/mazes/maze_057.map	512	512	489	25	480	11	367.912
91	maps/mazes/maze_057.map	512	512	192	64	104	29	367.083
91	maps/mazes/maze_057.map	512	512	324	413	437	313	367.811
91	maps/mazes/maze_057.map	512	512	404	423	409	401	367.326
91	maps/mazes/maze_057.map	512	512	200	164	96	142	367.154
91	maps/mazes/maze_057.map	512	512	17	149	89	68	367.326
91	maps/mazes/maze_057.map	512	512	205	278	321	245	367.669
91	maps/mazes/maze_057.map	512	512	352	53	417	65	367.912
91	maps/mazes/maze_057.map	512	512	344	43	253	5	367.811
90	maps/mazes/maze_057.map	512	512	25	311	41	413	363.397
90	maps/mazes/maze_057.map	512	512	492	204	425	82	363.912
90	maps/mazes/maze_057.map	512	512	309	279	266	240	363.841
90	maps/mazes/maze_057.map	512	512	503	456	505	325	363.569
90	maps/mazes/maze_057.map	512	512	289	290	207	292	363.983
90	maps/mazes/maze_057.map	512	512	378	501	429	496	363.841
90	maps/mazes/maze_057.map	512	512	358	464	397	501	363.255
90	maps/mazes/maze_057.map	512	512	185	438	185	471	363.083
90	maps/mazes/maze_057.map	512	512	451	77	345	21	363.255
89	maps/mazes/maze_057.map	512	512	501	389	477	275	359.983
89	maps/mazes/maze_057.map	512	512	145	24	124	85	359.983
89	maps/mazes/maze_057.map	512	512	167	93	29	80	359.669
89	maps/mazes/maze_057.map	512	512	477	440	503	324	359.983
89	maps/mazes/maze_057.map	512	512	67	229	77	273	359.397
89	maps/mazes/maze_057.map	512	512	98	144	180	183	359.326
89	maps/mazes/maze_057.map	512	512	485	152	508	127	359.497
89	maps/mazes/maze_057.map	512	512	310	5	118	1	359.74
89	maps/mazes/maze_057.map	512	512	428	44	236	9	359.912
89	maps/mazes/maze_057.map	512	512	85	199	101	151	359.255
88	maps/mazes/maze_057.map	512	512	471	356	484	290	355.912
88	maps/mazes/maze_057.map	512	512	472	220	445	34	355.326
88	maps/mazes/maze_057.map	512	512	147	317	136	196	355.983
88	maps/mazes/maze_057.map	512	512	429	366	364	436	355.426
88	maps/mazes/maze_057.map	512	512	30	193	92	142	354.983
88	maps/mazes/maze_057.map	512	512	151	76	166	164	355.669
88	maps/mazes/maze_057.map	512	512	364	437	350	504	355.669
88	maps/mazes/maze_057.map	512	512	164	117	107	72	355.255
88	maps/mazes/maze_057.map	512	512	139	276	172	174	355.426
88	maps/mazes/maze_057.map	512	512	137	395	80	320	355.012
87	maps/mazes/maze_057.map	512	512	322	32	177	5	351.64
87	maps/mazes/maze_057.map	512	512	505	268	467	264	351.154
87	maps/mazes/maze_057.map	512	512	461	484	496	435	350.669
87	maps/mazes/maze_057.map	512	512	453	33	493	35	351.255
87	maps/mazes/maze_057.map	512	512	249	51	136	5	351.569
87	maps/mazes/maze_057.map	512	512	489	9	346	13	351.083
87	maps/mazes/maze_057.map	512	512	506	213	452	43	351.74
87	maps/mazes/maze_057.map	512	512	428	245	468	181	351.74
87	maps/mazes/maze_057.map	512	512	133	408	188	477	351.497
87	maps/mazes/maze_057.map	512	512	157	267	170	220	351.497
86	maps/mazes/maze_057.map	512	512	236	37	221	67	347.569
86	maps/mazes/maze_057.map	512	512	142	164	197	270	347.77
86	maps/mazes/maze_057.map	512	512	372	445	345	505	347.083
86	maps/mazes/maze_057.map	512	512	28	498	46	468	347.983
86	maps/mazes/maze_057.map	512	512	457	330	380	311	347.74
86	maps/mazes/maze_057.map	512	512	450	205	425	89	347.912
86	maps/mazes/maze_057.map	512	512	82	412	105	336	347.426
86	maps/mazes/maze_057.map	512	512	140	40	141	11	347.397
86	maps/mazes/maze_057.map	512	512	114	241	191	292	347.255
86	maps/mazes/maze_057.map	512	512	33	405	136	369	347.669
85	maps/mazes/maze_057.map	512	512	261	310	364	275	343.983
85	maps/mazes/maze_057.map	512	512	61	192	120	140	343.811
85	maps/mazes/maze_057.map	512	512	325	137	207	9	343.74
85	maps/mazes/maze_057.map	512	512	289	36	179	5	343.569
85	maps/mazes/maze_057.map	512	512	422	29	423	13	343.326
85	maps/mazes/maze_057.map	512	512	364	125	285	98	343.598
85	maps/mazes/maze_057.map	512	512	194	137	114	69	343.012
85	maps/mazes/maze_057.map	512	512	405	34	208	8	342.598
85	maps/mazes/maze_057.map	512	512	17	62	87	53	343.669
85	maps/mazes/maze_057.map	512	512	439	284	367	316	343.983
84	maps/mazes/maze_057.map	512	512	417	405	385	453	339.598
84	maps/mazes/maze_057.map	512	512	165	248	263	248	339.355
84	maps/mazes/maze_057.map	512	512	167	457	297	499	339.012
84	maps/mazes/maze_057.map	512	512	156	181	109	119	339.426
84	maps/mazes/maze_057.map	512	512	29	365	37	324	339.912
84	maps/mazes/maze_057.map	512	512	500	481	488	451	339.497
84	maps/mazes/maze_057.map	512	512	73	493	34	401	339.669
84	maps/mazes/maze_057.map	512	512	284	180	258	89	339.326
53	maps/mazes/maze_057.map	512	512	180	91	225	120	214.284
84	maps/mazes/maze_057.map	512	512	244	156	149	145	339.255
83	maps/mazes/maze_057.map	512	512	252	11	437	47	335.669
83	maps/mazes/maze_057.map	512	512	371	192	316	120	335.426
83	maps/mazes/maze_057.map	512	512	12	64	95	29	335.74
83	maps/mazes/maze_057.map	512	512	25	224	138	221	335.497
83	maps/mazes/maze_057.map	512	512	189	252	145	119	335.426
83	maps/mazes/maze_057.map	512	512	501	9	352	22	335.497
83	maps/mazes/maze_057.map	512	512	93	490	29	416	335.841
83	maps/mazes/maze_057.map	512	512	268	455	392	364	335.912
83	maps/mazes/maze_057.map	512	512	124	37	138	9	334.811
83	maps/mazes/maze_057.map	512	512	350	113	254	89	334.669
82	maps/mazes/maze_057.map	512	512	408	201	460	171	331.154
25	maps/mazes/maze_057.map	512	512	207	57	224	85	100.899
82	maps/mazes/maze_057.map	512	512	291	249	198	284	331.598
82	maps/mazes/maze_057.map	512	512	289	305	260	237	331.326
82	maps/mazes/maze_057.map	512	512	191	457	204	508	331.012
82	maps/mazes/maze_057.map	512	512	232	465	308	405	331.497
82	maps/mazes/maze_057.map	512	512	100	236	114	197	331.083
82	maps/mazes/maze_057.map	512	512	417	108	397	162	331.74
82	maps/mazes/maze_057.map	512	512	2	377	61	426	331.497
82	maps/mazes/maze_057.map	512	512	213	428	224	500	331.669
82	maps/mazes/maze_057.map	512	512	151	332	143	232	331.74
81	maps/mazes/maze_057.map	512	512	438	265	356	306	327.912
81	maps/mazes/maze_057.map	512	512	212	188	117	122	327.326
81	maps/mazes/maze_057.map	512	512	272	237	185	256	327.355
81	maps/mazes/maze_057.map	512	512	82	337	108	228	327.083
81	maps/mazes/maze_057.map	512	512	13	119	110	81	327.083
81	maps/mazes/maze_057.map	512	512	42	440	117	418	327.811
81	maps/mazes/maze_057.map	512	512	354	213	284	100	327.184
81	maps/mazes/maze_057.map	512	512	250	417	352	382	327.426
81	maps/mazes/maze_057.map	512	512	235	9	417	58	327.426
81	maps/mazes/maze_057.map	512	512	17	473	80	413	327.569
80	maps/mazes/maze_057.map	512	512	188	323	142	285	323.983
80	maps/mazes/maze_057.map	512	512	453	112	419	68	323.598
80	maps/mazes/maze_057.map	512	512	253	498	344	457	323.497
80	maps/mazes/maze_057.map	512	512	11	256	76	229	323.598
80	maps/mazes/maze_057.map	512	512	310	97	161	13	323.326
80	maps/mazes/maze_057.map	512	512	415	344	402	328	323.669
80	maps/mazes/maze_057.map	512	512	443	388	402	452	323.426
80	maps/mazes/maze_057.map	512	512	452	64	416	54	323.255
80	maps/mazes/maze_057.map	512	512	133	249	200	242	323.841
80	maps/mazes/maze_057.map	512	512	188	469	310	497	323.355
79	maps/mazes/maze_057.map	512	512	419	432	508	395	319.255
79	maps/mazes/maze_057.map	512	512	290	36	197	4	319.326
79	maps/mazes/maze_057.map	512	512	262	65	241	5	319.326
79	maps/mazes/maze_057.map	512	512	209	145	117	124	319.669
79	maps/mazes/maze_057.map	512	512	296	308	318	324	319.154
79	maps/mazes/maze_057.map	512	512	351	41	293	4	319.326
79	maps/mazes/maze_057.map	512	512	12	306	29	414	319.083
79	maps/mazes/maze_057.map	512	512	209	42	85	40	319.154
79	maps/mazes/maze_057.map	512	512	129	136	196	245	319.255
79	maps/mazes/maze_057.map	512	512	288	199	209	53	319.426
78	maps/mazes/maze_057.map	512	512	377	376	416	291	315.74
78	maps/mazes/maze_057.map	512	512	506	88	501	201	315.255
78	maps/mazes/maze_057.map	512	512	109	56	146	89	315.598
78	maps/mazes/maze_057.map	512	512	48	371	61	329	315.669
78	maps/mazes/maze_057.map	512	512	453	46	347	13	315.77
78	maps/mazes/maze_057.map	512	512	425	164	361	157	314.841
78	maps/mazes/maze_057.map	512	512	487	216	426	112	315.912
78	maps/mazes/maze_057.map	512	512	105	105	85	71	315.841
78	maps/mazes/maze_057.map	512	512	379	145	311	117	315.841
78	maps/mazes/maze_057.map	512	512	83	361	59	341	315.841
77	maps/mazes/maze_057.map	512	512	452	360	496	309	311.083
77	maps/mazes/maze_057.map	512	512	106	65	140	106	311.184
77	maps/mazes/maze_057.map	512	512	115	49	209	20	311.225
77	maps/mazes/maze_057.map	512	512	81	452	188	491	311.497
77	maps/mazes/maze_057.map	512	512	78	409	116	354	311.184
77	maps/mazes/maze_057.map	512	512	336	421	420	347	311.255
77	maps/mazes/maze_057.map	512	512	347	173	318	136	311.598
54	maps/mazes/maze_057.map	512	512	403	17	300	0	217.941
77	maps/mazes/maze_057.map	512	512	97	156	145	160	311.255
77	maps/mazes/maze_057.map	512	512	320	25	222	49	311.154
77	maps/mazes/maze_057.map	512	512	48	209	85	164	311.154
76	maps/mazes/maze_057.map	512	512	153	173	101	142	307.669
76	maps/mazes/maze_057.map	512	512	68	395	62	428	307.083
76	maps/mazes/maze_057.map	512	512	100	200	79	257	307.841
74	maps/mazes/maze_057.map	512	512	434	20	414	29	298.255
76	maps/mazes/maze_057.map	512	512	420	486	478	441	307.083
76	maps/mazes/maze_057.map	512	512	508	455	488	358	307.083
76	maps/mazes/maze_057.map	512	512	196	28	115	29	307.154
76	maps/mazes/maze_057.map	512	512	317	151	229	69	307.598
76	maps/mazes/maze_057.map	512	512	501	180	433	148	307.74
76	maps/mazes/maze_057.map	512	512	289	109	205	16	307.083
76	maps/mazes/maze_057.map	512	512	141	325	112	292	307.497
75	maps/mazes/maze_057.map	512	512	462	92	417	56	303.426
75	maps/mazes/maze_057.map	512	512	446	4	335	1	303.012
75	maps/mazes/maze_057.map	512	512	212	224	213	280	303.77
75	maps/mazes/maze_057.map	512	512	77	454	179	488	303.497
75	maps/mazes/maze_057.map	512	512	389	224	436	189	303.012
75	maps/mazes/maze_057.map	512	512	504	349	500	238	303.184
75	maps/mazes/maze_057.map	512	512	301	397	437	320	303.912
75	maps/mazes/maze_057.map	512	512	217	140	218	5	303.841
75	maps/mazes/maze_057.map	512	512	490	89	479	185	303.426
75	maps/mazes/maze_057.map	512	512	24	292	143	232	303.569
74	maps/mazes/maze_057.map	512	512	454	157	441	6	299.012
74	maps/mazes/maze_057.map	512	512	239	29	160	5	299.083
74	maps/mazes/maze_057.map	512	512	481	289	480	260	299.841
74	maps/mazes/maze_057.map	512	512	119	361	107	305	299.012
74	maps/mazes/maze_057.map	512	512	417	304	400	364	298.74
74	maps/mazes/maze_057.map	512	512	420	175	347	169	299.083
74	maps/mazes/maze_057.map	512	512	213	9	83	25	299.497
74	maps/mazes/maze_057.map	512	512	140	137	74	169	298.669
74	maps/mazes/maze_057.map	512	512	351	213	303	93	299.941
73	maps/mazes/maze_057.map	512	512	416	157	373	165	295.426
73	maps/mazes/maze_057.map	512	512	304	199	367	265	295.77
73	maps/mazes/maze_057.map	512	512	235	37	168	5	295.083
73	maps/mazes/maze_057.map	512	512	371	37	436	20	295.598
73	maps/mazes/maze_057.map	512	512	197	507	336	501	294.598
73	maps/mazes/maze_057.map	512	512	154	296	189	238	295.184
73	maps/mazes/maze_057.map	512	512	195	165	113	129	295.841
73	maps/mazes/maze_057.map	512	512	167	97	173	181	295.012
73	maps/mazes/maze_057.map	512	512	173	255	152	161	295.77
72	maps/mazes/maze_057.map	512	512	54	409	52	329	291.255
72	maps/mazes/maze_057.map	512	512	13	280	61	226	291.698
72	maps/mazes/maze_057.map	512	512	462	281	465	256	291.255
72	maps/mazes/maze_057.map	512	512	500	89	490	192	291.184
72	maps/mazes/maze_057.map	512	512	392	125	394	133	291.497
72	maps/mazes/maze_057.map	512	512	493	16	496	37	291.355
72	maps/mazes/maze_057.map	512	512	164	311	182	269	291.012
72	maps/mazes/maze_057.map	512	512	381	269	353	316	291.326
72	maps/mazes/maze_057.map	512	512	72	175	110	128	291.569
72	maps/mazes/maze_057.map	512	512	285	86	198	9	290.669
71	maps/mazes/maze_057.map	512	512	409	488	456	432	287.426
71	maps/mazes/maze_057.map	512	512	505	344	496	235	287.598
71	maps/mazes/maze_057.map	512	512	97	372	45	354	287.598
71	maps/mazes/maze_057.map	512	512	393	217	444	206	287.355
71	maps/mazes/maze_057.map	512	512	37	197	101	212	287.426
71	maps/mazes/maze_057.map	512	512	315	348	374	305	286.669
71	maps/mazes/maze_057.map	512	512	450	68	389	30	287.77
71	maps/mazes/maze_057.map	512	512	200	299	184	280	287.77
71	maps/mazes/maze_057.map	512	512	307	61	256	4	287.497
70	maps/mazes/maze_057.map	512	512	466	133	507	125	283.77
70	maps/mazes/maze_057.map	512	512	414	108	435	165	283.497
70	maps/mazes/maze_057.map	512	512	352	19	209	18	283.355
70	maps/mazes/maze_057.map	512	512	237	329	204	260	283.012
70	maps/mazes/maze_057.map	512	512	181	421	213	494	283.184
70	maps/mazes/maze_057.map	512	512	326	88	255	85	283.598
70	maps/mazes/maze_057.map	512	512	33	209	115	217	283.598
70	maps/mazes/maze_057.map	512	512	129	81	202	44	283.497
70	maps/mazes/maze_057.map	512	512	504	340	496	234	283.012
70	maps/mazes/maze_057.map	512	512	37	44	109	88	283.598
69	maps/mazes/maze_057.map	512	512	197	413	153	402	279.669
69	maps/mazes/maze_057.map	512	512	29	12	90	68	279.77
69	maps/mazes/maze_057.map	512	512	352	337	416	333	279.841
69	maps/mazes/maze_057.map	512	512	468	368	466	305	279.426
69	maps/mazes/maze_057.map	512	512	257	434	303	389	279.77
69	maps/mazes/maze_057.map	512	512	333	5	157	6	279.77
69	maps/mazes/maze_057.map	512	512	328	109	230	68	279.426
69	maps/mazes/maze_057.map	512	512	37	212	119	216	279.598
69	maps/mazes/maze_057.map	512	512	214	25	345	14	279.941
69	maps/mazes/maze_057.map	512	512	376	421	425	377	279.426
68	maps/mazes/maze_057.map	512	512	61	25	97	66	275.77
68	maps/mazes/maze_057.map	512	512	208	446	323	428	275.912
68	maps/mazes/maze_057.map	512	512	221	66	116	4	275.912
68	maps/mazes/maze_057.map	512	512	472	279	466	256	275.426
68	maps/mazes/maze_057.map	512	512	310	472	305	421	275.598
68	maps/mazes/maze_057.map	512	512	295	457	328	389	275.527
68	maps/mazes/maze_057.map	512	512	425	54	276	5	275.598
68	maps/mazes/maze_057.map	512	512	433	114	417	68	275.941
68	maps/mazes/maze_057.map	512	512	469	40	477	8	275.598
68	maps/mazes/maze_057.map	512	512	75	9	64	69	275.77
67	maps/mazes/maze_057.map	512	512	251	405	188	426	271.497
67	maps/mazes/maze_057.map	512	512	83	24	205	10	271.497
67	maps/mazes/maze_057.map	512	512	496	132	472	197	271.426
67	maps/mazes/maze_057.map	512	512	257	136	210	5	271.012
67	maps/mazes/maze_057.map	512	512	134	268	172	219	271.527
67	maps/mazes/maze_057.map	512	512	32	97	81	26	271.255
67	maps/mazes/maze_057.map	512	512	160	48	138	9	271.426
67	maps/mazes/maze_057.map	512	512	502	17	496	60	271.527
67	maps/mazes/maze_057.map	512	512	452	50	368	22	271.941
67	maps/mazes/maze_057.map	512	512	172	13	86	25	271.497
66	maps/mazes/maze_057.map	512	512	196	112	109	87	267.113
66	maps/mazes/maze_057.map	512	512	272	388	257	393	267.698
66	maps/mazes/maze_057.map	512	512	212	432	230	476	266.77
66	maps/mazes/maze_057.map	512	512	80	51	54	69	267.841
66	maps/mazes/maze_057.map	512	512	430	477	488	454	267.669
66	maps/mazes/maze_057.map	512	512	1	440	104	418	267.083
66	maps/mazes/maze_057.map	512	512	482	77	506	5	266.77
66	maps/mazes/maze_057.map	512	512	444	378	409	444	266.941
66	maps/mazes/maze_057.map	512	512	247	189	157	163	267.012
65	maps/mazes/maze_057.map	512	512	94	373	33	366	263.355
65	maps/mazes/maze_057.map	512	512	347	52	348	1	263.598
65	maps/mazes/maze_057.map	512	512	293	241	353	318	263.426
65	maps/mazes/maze_057.map	512	512	56	505	52	473	263.598
65	maps/mazes/maze_057.map	512	512	398	217	446	221	263.113
65	maps/mazes/maze_057.map	512	512	205	49	117	32	263.083
65	maps/mazes/maze_057.map	512	512	508	57	443	13	263.184
65	maps/mazes/maze_057.map	512	512	385	193	448	216	263.941
65	maps/mazes/maze_057.map	512	512	151	332	93	223	263.426
65	maps/mazes/maze_057.map	512	512	63	441	73	426	263.669
64	maps/mazes/maze_057.map	512	512	339	77	321	91	259.113
64	maps/mazes/maze_057.map	512	512	424	445	482	452	259.669
64	maps/mazes/maze_057.map	512	512	64	270	29	229	259.113
64	maps/mazes/maze_057.map	512	512	144	472	287	501	259.941
64	maps/mazes/maze_057.map	512	512	205	227	157	151	259.941
64	maps/mazes/maze_057.map	512	512	41	144	29	80	259.598
64	maps/mazes/maze_057.map	512	512	496	97	493	172	259.941
64	maps/mazes/maze_057.map	512	512	343	49	344	14	258.77
64	maps/mazes/maze_057.map	512	512	59	300	80	230	259.87
64	maps/mazes/maze_057.map	512	512	141	92	105	84	259.941
63	maps/mazes/maze_057.map	512	512	409	89	377	128	255.87
63	maps/mazes/maze_057.map	512	512	340	240	352	296	255.355
63	maps/mazes/maze_057.map	512	512	467	305	475	232	255.184
63	maps/mazes/maze_057.map	512	512	17	86	96	68	254.598
63	maps/mazes/maze_057.map	512	512	170	40	120	29	255.669
59	maps/mazes/maze_057.map	512	512	347	0	428	16	238.113
63	maps/mazes/maze_057.map	512	512	468	425	496	395	255.941
63	maps/mazes/maze_057.map	512	512	132	126	180	205	255.184
63	maps/mazes/maze_057.map	512	512	374	461	358	500	255.184
63	maps/mazes/maze_057.map	512	512	135	325	148	296	255.012
63	maps/mazes/maze_057.map	512	512	436	239	457	222	255.841
62	maps/mazes/maze_057.map	512	512	20	269	29	234	251.113
62	maps/mazes/maze_057.map	512	512	220	156	218	57	251.527
62	maps/mazes/maze_057.map	512	512	77	169	136	144	250.77
62	maps/mazes/maze_057.map	512	512	64	365	33	388	251.941
62	maps/mazes/maze_057.map	512	512	369	464	346	500	251.184
62	maps/mazes/maze_057.map	512	512	277	405	257	396	251.87
62	maps/mazes/maze_057.map	512	512	373	95	309	89	251.698
62	maps/mazes/maze_057.map	512	512	313	118	215	53	251.184
62	maps/mazes/maze_057.map	512	512	140	329	146	292	251.426
62	maps/mazes/maze_057.map	512	512	387	200	448	218	251.527
61	maps/mazes/maze_057.map	512	512	162	280	198	248	247.355
61	maps/mazes/maze_057.map	512	512	29	267	35	237	247.113
61	maps/mazes/maze_057.map	512	512	24	303	86	317	247.598
61	maps/mazes/maze_057.map	512	512	302	496	349	436	247.77
61	maps/mazes/maze_057.map	512	512	219	397	159	428	247.426
61	maps/mazes/maze_057.map	512	512	363	76	269	78	247.456
61	maps/mazes/maze_057.map	512	512	405	52	276	5	247.355
61	maps/mazes/maze_057.map	512	512	488	476	448	488	247.941
61	maps/mazes/maze_057.map	512	512	61	180	85	173	247.426
61	maps/mazes/maze_057.map	512	512	456	485	461	464	247.355
60	maps/mazes/maze_057.map	512	512	406	276	360	295	243.527
60	maps/mazes/maze_057.map	512	512	338	328	344	264	243.598
60	maps/mazes/maze_057.map	512	512	0	72	112	81	243.77
60	maps/mazes/maze_057.map	512	512	469	44	499	29	243.527
60	maps/mazes/maze_057.map	512	512	116	97	69	78	243.941
60	maps/mazes/maze_057.map	512	512	184	221	148	151	243.698
60	maps/mazes/maze_057.map	512	512	71	364	33	389	243.527
60	maps/mazes/maze_057.map	512	512	29	275	35	237	243.698
60	maps/mazes/maze_057.map	512	512	485	196	425	88	243.598
60	maps/mazes/maze_057.map	512	512	436	273	366	304	243.77
59	maps/mazes/maze_057.map	512	512	432	485	468	440	239.77
59	maps/mazes/maze_057.map	512	512	324	240	230	245	238.698
59	maps/mazes/maze_057.map	512	512	256	74	164	21	239.184
59	maps/mazes/maze_057.map	512	512	179	252	167	173	239.87
59	maps/mazes/maze_057.map	512	512	508	25	424	57	239.012
59	maps/mazes/maze_057.map	512	512	244	389	240	309	239.598
59	maps/mazes/maze_057.map	512	512	199	97	205	58	239.527
59	maps/mazes/maze_057.map	512	512	436	165	354	165	239.355
59	maps/mazes/maze_057.map	512	512	417	144	379	157	239.184
58	maps/mazes/maze_057.map	512	512	478	60	472	6	235.355
58	maps/mazes/maze_057.map	512	512	171	460	292	507	235.456
58	maps/mazes/maze_057.map	512	512	487	109	504	137	235.527
49	maps/mazes/maze_057.map	512	512	368	261	420	312	197.284
58	maps/mazes/maze_057.map	512	512	184	469	285	505	235.87
58	maps/mazes/maze_057.map	512	512	167	136	157	150	235.113
58	maps/mazes/maze_057.map	512	512	396	32	250	5	235.527
30	maps/mazes/maze_057.map	512	512	268	73	305	111	121.971
58	maps/mazes/maze_057.map	512	512	251	140	209	24	235.941
58	maps/mazes/maze_057.map	512	512	177	481	304	502	234.627
58	maps/mazes/maze_057.map	512	512	385	405	409	399	235.941
58	maps/mazes/maze_057.map	512	512	205	109	150	152	235.113
15	maps/mazes/maze_057.map	512	512	509	301	509	284	60.0711
57	maps/mazes/maze_057.map	512	512	128	493	41	467	231.284
57	maps/mazes/maze_057.map	512	512	377	379	316	408	231.113
57	maps/mazes/maze_057.map	512	512	440	171	359	160	231.941
57	maps/mazes/maze_057.map	512	512	277	371	378	337	231.669
57	maps/mazes/maze_057.map	512	512	237	213	257	166	231.284
57	maps/mazes/maze_057.map	512	512	420	433	484	430	230.941
57	maps/mazes/maze_057.map	512	512	408	357	405	288	231.841
57	maps/mazes/maze_057.map	512	512	333	425	389	367	231.355
57	maps/mazes/maze_057.map	512	512	201	114	161	154	231.698
56	maps/mazes/maze_057.map	512	512	45	96	112	70	226.698
56	maps/mazes/maze_057.map	512	512	292	222	246	89	227.87
56	maps/mazes/maze_057.map	512	512	260	340	245	279	227.941
56	maps/mazes/maze_057.map	512	512	505	118	473	190	227.941
56	maps/mazes/maze_057.map	512	512	23	192	60	139	227.698
56	maps/mazes/maze_057.map	512	512	157	9	85	35	227.012
56	maps/mazes/maze_057.map	512	512	4	439	44	439	227.456
56	maps/mazes/maze_057.map	512	512	372	453	396	456	227.87
56	maps/mazes/maze_057.map	512	512	148	120	160	142	227.698
56	maps/mazes/maze_057.map	512	512	208	237	153	160	227.456
55	maps/mazes/maze_057.map	512	512	252	236	200	244	223.456
55	maps/mazes/maze_057.map	512	512	209	464	173	488	223.113
55	maps/mazes/maze_057.map	512	512	407	417	408	386	223.113
55	maps/mazes/maze_057.map	512	512	71	41	37	74	223.77
55	maps/mazes/maze_057.map	512	512	65	296	49	224	222.627
55	maps/mazes/maze_057.map	512	512	248	281	190	276	223.042
55	maps/mazes/maze_057.map	512	512	57	348	24	313	223.113
55	maps/mazes/maze_057.map	512	512	362	117	328	124	223.284
55	maps/mazes/maze_057.map	512	512	156	188	104	162	223.698
55	maps/mazes/maze_057.map	512	512	121	413	112	329	223.042
54	maps/mazes/maze_057.map	512	512	10	469	59	425	219.184
54	maps/mazes/maze_057.map	512	512	401	364	324	413	219.941
54	maps/mazes/maze_057.map	512	512	430	416	409	405	219.598
54	maps/mazes/maze_057.map	512	512	120	193	79	257	219.527
54	maps/mazes/maze_057.map	512	512	83	424	152	382	219.87
54	maps/mazes/maze_057.map	512	512	301	7	171	5	219.698
54	maps/mazes/maze_057.map	512	512	90	373	39	392	219.113
54	maps/mazes/maze_057.map	512	512	506	308	492	242	219.698
54	maps/mazes/maze_057.map	512	512	465	272	360	288	219.527
53	maps/mazes/maze_057.map	512	512	24	102	53	69	215.941
53	maps/mazes/maze_057.map	512	512	12	509	69	498	215.598
53	maps/mazes/maze_057.map	512	512	460	450	504	433	214.698
53	maps/mazes/maze_057.map	512	512	209	380	197	302	215.255
53	maps/mazes/maze_057.map	512	512	131	12	206	17	215.255
53	maps/mazes/maze_057.map	512	512	111	297	148	225	215.77
53	maps/mazes/maze_057.map	512	512	105	438	187	488	215.113
53	maps/mazes/maze_057.map	512	512	25	339	63	352	215.77
53	maps/mazes/maze_057.map	512	512	200	141	149	139	215.284
52	maps/mazes/maze_057.map	512	512	133	89	85	29	211.456
52	maps/mazes/maze_057.map	512	512	65	272	41	259	211.284
52	maps/mazes/maze_057.map	512	512	21	257	29	229	211.456
52	maps/mazes/maze_057.map	512	512	70	152	140	127	211.87
52	maps/mazes/maze_057.map	512	512	128	241	161	251	211.527
52	maps/mazes/maze_057.map	512	512	472	400	488	354	211.941
52	maps/mazes/maze_057.map	512	512	355	301	336	296	211.012
52	maps/mazes/maze_057.map	512	512	304	61	309	3	211.184
52	maps/mazes/maze_057.map	512	512	481	378	488	309	211.698
51	maps/mazes/maze_057.map	512	512	269	135	219	57	207.698
51	maps/mazes/maze_057.map	512	512	502	60	468	1	207.527
51	maps/mazes/maze_057.map	512	512	360	305	376	305	207.698
51	maps/mazes/maze_057.map	512	512	321	63	339	1	207.113
51	maps/mazes/maze_057.map	512	512	118	104	86	84	207.698
51	maps/mazes/maze_057.map	512	512	101	15	120	64	207.941
51	maps/mazes/maze_057.map	512	512	28	137	1	69	207.042
51	maps/mazes/maze_057.map	512	512	23	72	109	48	207.698
51	maps/mazes/maze_057.map	512	512	389	108	427	161	207.77
51	maps/mazes/maze_057.map	512	512	316	178	312	101	207.627
50	maps/mazes/maze_057.map	512	512	301	449	320	415	203.284
50	maps/mazes/maze_057.map	512	512	247	212	287	200	203.698
50	maps/mazes/maze_057.map	512	512	184	425	200	462	203.87
50	maps/mazes/maze_057.map	512	512	92	333	96	292	203.042
50	maps/mazes/maze_057.map	512	512	441	304	374	385	203.598
50	maps/mazes/maze_057.map	512	512	293	491	344	458	203.698
50	maps/mazes/maze_057.map	512	512	381	449	389	456	203.042
50	maps/mazes/maze_057.map	512	512	356	77	284	70	203.627
50	maps/mazes/maze_057.map	512	512	262	401	211	420	203.012
50	maps/mazes/maze_057.map	512	512	140	480	197	508	203.627
49	maps/mazes/maze_057.map	512	512	201	34	142	13	199.113
49	maps/mazes/maze_057.map	512	512	350	241	400	307	199.113
49	maps/mazes/maze_057.map	512	512	168	90	112	88	199.456
49	maps/mazes/maze_057.map	512	512	95	72	135	85	199.627
49	maps/mazes/maze_057.map	512	512	39	133	29	89	199.698
49	maps/mazes/maze_057.map	512	512	345	462	322	404	199.627
49	maps/mazes/maze_057.map	512	512	241	161	163	92	199.284
49	maps/mazes/maze_057.map	512	512	467	412	508	399	199.213
49	maps/mazes/maze_057.map	512	512	358	168	315	168	199.77
48	maps/mazes/maze_057.map	512	512	228	53	225	42	195.355
48	maps/mazes/maze_057.map	512	512	109	437	104	373	195.385
48	maps/mazes/maze_057.map	512	512	278	404	223	376	195.385
48	maps/mazes/maze_057.map	512	512	277	76	256	78	195.284
48	maps/mazes/maze_057.map	512	512	261	110	312	146	194.941
48	maps/mazes/maze_057.map	512	512	421	114	432	133	195.941
48	maps/mazes/maze_057.map	512	512	136	474	173	488	195.284
48	maps/mazes/maze_057.map	512	512	442	64	424	61	195.627
48	maps/mazes/maze_057.map	512	512	364	324	341	249	195.113
48	maps/mazes/maze_057.map	512	512	139	9	209	53	195.355
47	maps/mazes/maze_057.map	512	512	316	357	353	277	191.527
47	maps/mazes/maze_057.map	512	512	272	137	229	69	191.284
47	maps/mazes/maze_057.map	512	512	415	216	464	227	191.113
47	maps/mazes/maze_057.map	512	512	92	475	169	474	191.113
47	maps/mazes/maze_057.map	512	512	312	377	418	336	191.77
47	maps/mazes/maze_057.map	512	512	193	354	145	297	190.941
47	maps/mazes/maze_057.map	512	512	202	96	233	70	191.627
47	maps/mazes/maze_057.map	512	512	17	468	40	404	191.87
47	maps/mazes/maze_057.map	512	512	509	145	504	206	191.698
47	maps/mazes/maze_057.map	512	512	332	473	329	418	191.213
46	maps/mazes/maze_057.map	512	512	84	1	25	76	187.213
46	maps/mazes/maze_057.map	512	512	489	338	481	293	187.87
46	maps/mazes/maze_057.map	512	512	192	229	197	247	187.142
46	maps/mazes/maze_057.map	512	512	21	172	7	61	187.284
46	maps/mazes/maze_057.map	512	512	468	49	497	29	187.627
46	maps/mazes/maze_057.map	512	512	225	441	261	415	187.355
46	maps/mazes/maze_057.map	512	512	17	326	1	420	187.941
46	maps/mazes/maze_057.map	512	512	285	208	253	151	187.042
46	maps/mazes/maze_057.map	512	512	405	369	409	400	187.284
46	maps/mazes/maze_057.map	512	512	141	152	178	77	187.456
45	maps/mazes/maze_057.map	512	512	401	305	380	311	183.284
45	maps/mazes/maze_057.map	512	512	208	158	137	99	183.456
45	maps/mazes/maze_057.map	512	512	277	277	228	295	183.284
45	maps/mazes/maze_057.map	512	512	198	393	169	421	183.87
45	maps/mazes/maze_057.map	512	512	81	149	140	127	183.627
45	maps/mazes/maze_057.map	512	512	452	172	436	125	183.527
45	maps/mazes/maze_057.map	512	512	92	436	162	452	183.113
45	maps/mazes/maze_057.map	512	512	478	116	483	184	183.284
45	maps/mazes/maze_057.map	512	512	120	406	113	356	183.385
45	maps/mazes/maze_057.map	512	512	304	198	357	245	183.213
44	maps/mazes/maze_057.map	512	512	316	472	358	417	178.799
44	maps/mazes/maze_057.map	512	512	300	356	224	324	179.698
44	maps/mazes/maze_057.map	512	512	153	199	141	195	179.213
44	maps/mazes/maze_057.map	512	512	121	321	82	280	179.556
44	maps/mazes/maze_057.map	512	512	88	227	118	192	179.042
44	maps/mazes/maze_057.map	512	512	372	296	442	269	179.87
44	maps/mazes/maze_057.map	512	512	128	471	181	488	179.456
44	maps/mazes/maze_057.map	512	512	80	426	125	386	179.627
43	maps/mazes/maze_057.map	512	512	400	60	338	1	175.971
43	maps/mazes/maze_057.map	512	512	332	152	320	128	175.799
43	maps/mazes/maze_057.map	512	512	429	154	469	215	175.87
43	maps/mazes/maze_057.map	512	512	156	363	160	440	175.527
43	maps/mazes/maze_057.map	512	512	241	328	221	297	175.627
43	maps/mazes/maze_057.map	512	512	245	235	180	201	175.627
43	maps/mazes/maze_057.map	512	512	10	260	33	223	175.213
43	maps/mazes/maze_057.map	512	512	240	170	161	94	175.042
43	maps/mazes/maze_057.map	512	512	165	53	144	91	175.042
42	maps/mazes/maze_057.map	512	512	245	509	308	490	171.213
42	maps/mazes/maze_057.map	512	512	476	70	508	57	171.284
42	maps/mazes/maze_057.map	512	512	30	313	21	380	171.698
26	maps/mazes/maze_057.map	512	512	154	284	201	299	106.142
42	maps/mazes/maze_057.map	512	512	48	322	38	317	171.87
42	maps/mazes/maze_057.map	512	512	209	44	137	6	171.113
42	maps/mazes/maze_057.map	512	512	213	483	209	508	171.385
42	maps/mazes/maze_057.map	512	512	335	36	300	59	171.456
42	maps/mazes/maze_057.map	512	512	291	317	279	348	171.527
42	maps/mazes/maze_057.map	512	512	192	452	161	438	171.042
42	maps/mazes/maze_057.map	512	512	52	273	61	250	171.213
41	maps/mazes/maze_057.map	512	512	218	140	234	73	166.799
41	maps/mazes/maze_057.map	512	512	368	493	354	488	167.385
41	maps/mazes/maze_057.map	512	512	102	433	149	454	167.456
41	maps/mazes/maze_057.map	512	512	344	110	340	107	167.627
41	maps/mazes/maze_057.map	512	512	185	171	168	173	167.627
41	maps/mazes/maze_057.map	512	512	405	229	403	248	167.385
41	maps/mazes/maze_057.map	512	512	17	432	64	429	167.355
41	maps/mazes/maze_057.map	512	512	385	31	281	48	167.627
41	maps/mazes/maze_057.map	512	512	261	132	273	201	167.042
41	maps/mazes/maze_057.map	512	512	117	449	169	485	167.456
40	maps/mazes/maze_057.map	512	512	361	81	280	89	163.385
40	maps/mazes/maze_057.map	512	512	309	284	264	241	163.213
40	maps/mazes/maze_057.map	512	512	221	35	260	1	163.385
40	maps/mazes/maze_057.map	512	512	35	313	18	380	163.698
40	maps/mazes/maze_057.map	512	512	422	261	428	182	162.799
40	maps/mazes/maze_057.map	512	512	25	246	40	169	163.799
40	maps/mazes/maze_057.map	512	512	200	73	149	141	163.627
40	maps/mazes/maze_057.map	512	512	66	293	29	237	163.385
40	maps/mazes/maze_057.map	512	512	397	384	427	381	163.284
40	maps/mazes/maze_057.map	512	512	404	484	439	448	163.042
39	maps/mazes/maze_057.map	512	512	169	4	257	3	159.385
39	maps/mazes/maze_057.map	512	512	499	288	490	252	159.627
39	maps/mazes/maze_057.map	512	512	214	237	198	241	159.556
39	maps/mazes/maze_057.map	512	512	175	129	152	127	159.042
39	maps/mazes/maze_057.map	512	512	112	165	164	161	159.113
20	maps/mazes/maze_057.map	512	512	115	37	147	68	83.1421
39	maps/mazes/maze_057.map	512	512	500	489	456	462	159.627
39	maps/mazes/maze_057.map	512	512	69	369	113	390	159.284
39	maps/mazes/maze_057.map	512	512	497	414	488	358	159.627
39	maps/mazes/maze_057.map	512	512	191	504	186	488	159.971
39	maps/mazes/maze_057.map	512	512	79	248	101	212	159.799
38	maps/mazes/maze_057.map	512	512	329	58	328	39	155.456
38	maps/mazes/maze_057.map	512	512	426	469	441	450	154.627
38	maps/mazes/maze_057.map	512	512	181	319	200	367	155.87
38	maps/mazes/maze_057.map	512	512	44	247	81	207	155.042
38	maps/mazes/maze_057.map	512	512	226	389	207	328	155.698
38	maps/mazes/maze_057.map	512	512	309	497	322	465	155.042
38	maps/mazes/maze_057.map	512	512	88	177	122	117	155.456
38	maps/mazes/maze_057.map	512	512	428	489	456	438	155.284
38	maps/mazes/maze_057.map	512	512	321	84	317	117	155.385
38	maps/mazes/maze_057.map	512	512	497	376	507	324	155.456
37	maps/mazes/maze_057.map	512	512	429	393	432	376	151.456
37	maps/mazes/maze_057.map	512	512	37	446	53	454	151.556
37	maps/mazes/maze_057.map	512	512	221	372	221	383	151.728
37	maps/mazes/maze_057.map	512	512	18	425	62	428	151.527
37	maps/mazes/maze_057.map	512	512	281	5	205	9	150.728
34	maps/mazes/maze_057.map	512	512	240	93	230	161	138.971
37	maps/mazes/maze_057.map	512	512	25	485	31	408	151.385
37	maps/mazes/maze_057.map	512	512	67	420	60	343	151.456
37	maps/mazes/maze_057.map	512	512	336	397	413	353	151.042
37	maps/mazes/maze_057.map	512	512	256	75	208	18	151.627
37	maps/mazes/maze_057.map	512	512	370	408	405	393	151.213
36	maps/mazes/maze_057.map	512	512	263	445	306	416	147.213
36	maps/mazes/maze_057.map	512	512	72	288	30	240	147.556
36	maps/mazes/maze_057.map	512	512	140	384	89	416	147.971
36	maps/mazes/maze_057.map	512	512	328	58	322	41	147.627
36	maps/mazes/maze_057.map	512	512	463	496	488	456	147.87
36	maps/mazes/maze_057.map	512	512	301	95	218	57	147.627
36	maps/mazes/maze_057.map	512	512	90	196	141	217	147.456
36	maps/mazes/maze_057.map	512	512	163	272	170	245	147.456
36	maps/mazes/maze_057.map	512	512	160	322	98	292	147.213
36	maps/mazes/maze_057.map	512	512	314	272	344	246	147.556
35	maps/mazes/maze_057.map	512	512	150	345	129	287	143.385
35	maps/mazes/maze_057.map	512	512	36	472	1	457	143.213
35	maps/mazes/maze_057.map	512	512	427	28	376	10	143.627
35	maps/mazes/maze_057.map	512	512	253	410	197	402	143.698
35	maps/mazes/maze_057.map	512	512	380	124	425	160	143.284
35	maps/mazes/maze_057.map	512	512	240	168	180	108	143.213
35	maps/mazes/maze_057.map	512	512	330	384	420	347	143.284
35	maps/mazes/maze_057.map	512	512	135	485	138	457	143.627
35	maps/mazes/maze_057.map	512	512	40	319	9	374	143.456
35	maps/mazes/maze_057.map	512	512	187	508	292	507	143.556
34	maps/mazes/maze_057.map	512	512	262	488	244	489	139.385
34	maps/mazes/maze_057.map	512	512	435	225	443	192	138.799
34	maps/mazes/maze_057.map	512	512	272	49	348	10	139.042
34	maps/mazes/maze_057.map	512	512	112	284	105	263	139.799
34	maps/mazes/maze_057.map	512	512	184	267	171	221	139.142
34	maps/mazes/maze_057.map	512	512	152	280	141	242	139.042
34	maps/mazes/maze_057.map	512	512	370	292	352	296	139.556
34	maps/mazes/maze_057.map	512	512	403	356	437	313	139.87
34	maps/mazes/maze_057.map	512	512	290	88	221	62	139.042
33	maps/mazes/maze_057.map	512	512	338	428	301	390	135.142
33	maps/mazes/maze_057.map	512	512	314	53	335	33	135.627
33	maps/mazes/maze_057.map	512	512	448	273	503	229	135.385
33	maps/mazes/maze_057.map	512	512	69	32	25	70	135.213
33	maps/mazes/maze_057.map	512	512	209	185	147	169	135.556
33	maps/mazes/maze_057.map	512	512	508	282	504	234	135.556
33	maps/mazes/maze_057.map	512	512	260	145	276	93	135.556
33	maps/mazes/maze_057.map	512	512	208	276	244	249	135.385
33	maps/mazes/maze_057.map	512	512	449	433	449	368	135.627
33	maps/mazes/maze_057.map	512	512	224	361	235	385	135.142
32	maps/mazes/maze_057.map	512	512	121	189	140	127	131.385
32	maps/mazes/maze_057.map	512	512	96	253	95	224	131.213
32	maps/mazes/maze_057.map	512	512	372	220	424	248	131.556
32	maps/mazes/maze_057.map	512	512	166	200	126	192	131.556
32	maps/mazes/maze_057.map	512	512	460	357	504	366	131.971
32	maps/mazes/maze_057.map	512	512	76	324	109	306	131.971
32	maps/mazes/maze_057.map	512	512	330	504	347	449	131.556
32	maps/mazes/maze_057.map	512	512	213	362	234	305	131.698
22	maps/mazes/maze_057.map	512	512	57	307	91	268	91.3848
32	maps/mazes/maze_057.map	512	512	202	5	232	12	131.485
32	maps/mazes/maze_057.map	512	512	322	236	350	277	131.385
31	maps/mazes/maze_057.map	512	512	174	165	188	233	127.556
31	maps/mazes/maze_057.map	512	512	329	38	292	3	127.213
31	maps/mazes/maze_057.map	512	512	164	245	198	289	127.314
31	maps/mazes/maze_057.map	512	512	193	258	263	248	127.556
31	maps/mazes/maze_057.map	512	512	423	169	393	144	127.385
31	maps/mazes/maze_057.map	512	512	169	215	144	187	127.142
31	maps/mazes/maze_057.map	512	512	349	408	405	393	127.385
31	maps/mazes/maze_057.map	512	512	384	460	365	440	127.728
31	maps/mazes/maze_057.map	512	512	219	504	304	502	127.971
31	maps/mazes/maze_057.map	512	512	187	388	186	440	127.042
30	maps/mazes/maze_057.map	512	512	32	73	41	73	123.385
30	maps/mazes/maze_057.map	512	512	352	184	320	149	123.728
30	maps/mazes/maze_057.map	512	512	420	137	405	167	123.971
30	maps/mazes/maze_057.map	512	512	106	321	156	350	123.042
30	maps/mazes/maze_057.map	512	512	17	476	36	433	123.314
30	maps/mazes/maze_057.map	512	512	32	436	43	460	123.728
30	maps/mazes/maze_057.map	512	512	368	430	392	454	123.556
30	maps/mazes/maze_057.map	512	512	292	61	300	89	123.799
30	maps/mazes/maze_057.map	512	512	76	438	124	452	123.213
29	maps/mazes/maze_057.map	512	512	17	262	24	285	119.799
29	maps/mazes/maze_057.map	512	512	88	260	92	236	119.799
29	maps/mazes/maze_057.map	512	512	89	12	38	33	119.556
29	maps/mazes/maze_057.map	512	512	356	404	404	411	119.971
29	maps/mazes/maze_057.map	512	512	229	256	268	243	119.556
29	maps/mazes/maze_057.map	512	512	484	269	481	237	119.385
29	maps/mazes/maze_057.map	512	512	42	204	72	181	119.142
29	maps/mazes/maze_057.map	512	512	133	4	84	25	119.799
29	maps/mazes/maze_057.map	512	512	484	269	481	237	119.385
29	maps/mazes/maze_057.map	512	512	425	370	409	407	119.142
28	maps/mazes/maze_057.map	512	512	5	289	21	351	115.799
28	maps/mazes/maze_057.map	512	512	312	128	304	93	115.385
28	maps/mazes/maze_057.map	512	512	29	466	41	436	115.899
28	maps/mazes/maze_057.map	512	512	334	177	297	140	115.899
28	maps/mazes/maze_057.map	512	512	169	214	141	197	115.728
28	maps/mazes/maze_057.map	512	512	213	340	250	392	115.385
28	maps/mazes/maze_057.map	512	512	391	204	427	209	115.971
28	maps/mazes/maze_057.map	512	512	372	445	392	460	115.728
28	maps/mazes/maze_057.map	512	512	413	247	444	220	115.556
28	maps/mazes/maze_057.map	512	512	59	180	53	175	115.142
27	maps/mazes/maze_057.map	512	512	415	225	398	213	111.728
27	maps/mazes/maze_057.map	512	512	132	126	163	157	111.213
27	maps/mazes/maze_057.map	512	512	426	284	409	325	111.799
27	maps/mazes/maze_057.map	512	512	62	309	85	253	111.627
27	maps/mazes/maze_057.map	512	512	46	276	50	224	111.899
27	maps/mazes/maze_057.map	512	512	345	125	323	169	111.799
27	maps/mazes/maze_057.map	512	512	255	505	308	497	111.728
27	maps/mazes/maze_057.map	512	512	304	268	364	269	111.142
27	maps/mazes/maze_057.map	512	512	500	304	495	264	111.142
27	maps/mazes/maze_057.map	512	512	105	480	89	501	111.385
26	maps/mazes/maze_057.map	512	512	370	41	385	3	107.385
26	maps/mazes/maze_057.map	512	512	130	488	95	484	107.971
26	maps/mazes/maze_057.map	512	512	404	398	438	368	107.556
26	maps/mazes/maze_057.map	512	512	356	465	385	475	107.142
26	maps/mazes/maze_057.map	512	512	81	252	76	204	106.899
26	maps/mazes/maze_057.map	512	512	409	128	415	148	107.213
26	maps/mazes/maze_057.map	512	512	492	74	484	121	107.142
26	maps/mazes/maze_057.map	512	512	136	399	144	369	107.657
26	maps/mazes/maze_057.map	512	512	492	388	496	431	107.385
25	maps/mazes/maze_057.map	512	512	335	405	384	414	103.314
25	maps/mazes/maze_057.map	512	512	46	368	62	400	103.556
25	maps/mazes/maze_057.map	512	512	341	208	317	152	103.899
25	maps/mazes/maze_057.map	512	512	204	277	205	248	103.314
25	maps/mazes/maze_057.map	512	512	385	312	364	288	103.385
25	maps/mazes/maze_057.map	512	512	430	413	404	458	103.142
25	maps/mazes/maze_057.map	512	512	73	81	116	80	103.899
25	maps/mazes/maze_057.map	512	512	9	80	12	61	103.556
24	maps/mazes/maze_057.map	512	512	370	193	330	137	99.5563
24	maps/mazes/maze_057.map	512	512	409	481	365	479	99.3137
24	maps/mazes/maze_057.map	512	512	93	104	69	69	99.1421
24	maps/mazes/maze_057.map	512	512	40	285	30	221	99.0711
24	maps/mazes/maze_057.map	512	512	76	191	49	145	99.7279
24	maps/mazes/maze_057.map	512	512	85	491	63	465	99.8995
24	maps/mazes/maze_057.map	512	512	429	210	452	209	99.799
24	maps/mazes/maze_057.map	512	512	191	277	173	233	99.3137
24	maps/mazes/maze_057.map	512	512	157	12	213	40	99.5563
24	maps/mazes/maze_057.map	512	512	187	128	177	79	99.7279
23	maps/mazes/maze_057.map	512	512	199	497	188	477	94.8995
23	maps/mazes/maze_057.map	512	512	245	188	222	228	95.7279
23	maps/mazes/maze_057.map	512	512	409	479	364	481	95.7279
23	maps/mazes/maze_057.map	512	512	271	69	326	41	95.9706
23	maps/mazes/maze_057.map	512	512	339	37	333	45	95.5563
23	maps/mazes/maze_057.map	512	512	478	108	484	164	95.5563
23	maps/mazes/maze_057.map	512	512	261	118	285	113	95.3848
23	maps/mazes/maze_057.map	512	512	48	384	50	404	95.5563
23	maps/mazes/maze_057.map	512	512	244	304	248	275	95.1421
23	maps/mazes/maze_057.map	512	512	400	457	361	440	95.3137
22	maps/mazes/maze_057.map	512	512	159	8	129	8	91.2132
22	maps/mazes/maze_057.map	512	512	350	64	297	65	91.0711
22	maps/mazes/maze_057.map	512	512	350	296	380	322	91.2132
22	maps/mazes/maze_057.map	512	512	444	326	436	282	91.0711
22	maps/mazes/maze_057.map	512	512	472	477	481	505	90.8995
22	maps/mazes/maze_057.map	512	512	81	20	69	14	91.3137
22	maps/mazes/maze_057.map	512	512	96	352	109	357	91.5563
22	maps/mazes/maze_057.map	512	512	120	253	133	263	91.7279
22	maps/mazes/maze_057.map	512	512	241	301	244	267	91.9706
21	maps/mazes/maze_057.map	512	512	396	370	434	361	87.9706
21	maps/mazes/maze_057.map	512	512	61	476	53	475	87.7279
21	maps/mazes/maze_057.map	512	512	57	63	37	62	87.9706
21	maps/mazes/maze_057.map	512	512	361	49	316	67	87.1421
21	maps/mazes/maze_057.map	512	512	221	308	234	260	87.9706
21	maps/mazes/maze_057.map	512	512	416	93	396	85	87.0711
21	maps/mazes/maze_057.map	512	512	341	340	318	312	87.6274
21	maps/mazes/maze_057.map	512	512	396	182	392	190	87.799
21	maps/mazes/maze_057.map	512	512	261	324	265	340	86.9706
21	maps/mazes/maze_057.map	512	512	409	237	424	255	87.7279
20	maps/mazes/maze_057.map	512	512	424	278	372	268	83.3137
20	maps/mazes/maze_057.map	512	512	108	85	174	69	83.3137
20	maps/mazes/maze_057.map	512	512	68	160	91	145	83.799
20	maps/mazes/maze_057.map	512	512	197	509	259	508	83.7279
20	maps/mazes/maze_057.map	512	512	428	247	438	208	83.7279
20	maps/mazes/maze_057.map	512	512	233	227	181	194	83.1421
20	maps/mazes/maze_057.map	512	512	448	129	462	92	83.7279
20	maps/mazes/maze_057.map	512	512	54	77	37	93	83.4853
20	maps/mazes/maze_057.map	512	512	321	276	353	268	83.5563
19	maps/mazes/maze_057.map	512	512	60	131	65	105	79.4853
19	maps/mazes/maze_057.map	512	512	350	484	362	508	79.8995
19	maps/mazes/maze_057.map	512	512	378	329	362	356	78.8995
19	maps/mazes/maze_057.map	512	512	401	330	444	300	79.7279
19	maps/mazes/maze_057.map	512	512	13	209	49	236	79.7279
19	maps/mazes/maze_057.map	512	512	40	484	1	453	79.3137
19	maps/mazes/maze_057.map	512	512	144	285	89	284	79.8995
19	maps/mazes/maze_057.map	512	512	428	142	425	97	79.8995
19	maps/mazes/maze_057.map	512	512	283	40	269	29	79.9706
18	maps/mazes/maze_057.map	512	512	461	298	480	273	75.3137
18	maps/mazes/maze_057.map	512	512	112	206	104	160	75.0711
18	maps/mazes/maze_057.map	512	512	472	340	446	356	75.8995
18	maps/mazes/maze_057.map	512	512	65	144	94	176	75.9706
18	maps/mazes/maze_057.map	512	512	145	116	157	148	75.6569
18	maps/mazes/maze_057.map	512	512	98	156	124	130	75.3137
18	maps/mazes/maze_057.map	512	512	120	351	120	373	75.0711
18	maps/mazes/maze_057.map	512	512	220	468	228	499	75.7279
18	maps/mazes/maze_057.map	512	512	76	4	48	36	75.8995
18	maps/mazes/maze_057.map	512	512	60	128	65	112	75.4853
17	maps/mazes/maze_057.map	512	512	443	289	413	292	71.9706
17	maps/mazes/maze_057.map	512	512	437	480	433	462	71.8995
17	maps/mazes/maze_057.map	512	512	497	274	493	286	71.0711
17	maps/mazes/maze_057.map	512	512	53	4	50	29	71.8995
17	maps/mazes/maze_057.map	512	512	231	116	199	129	71.4853
17	maps/mazes/maze_057.map	512	512	416	211	429	187	71.4853
17	maps/mazes/maze_057.map	512	512	45	85	37	92	71.4853
17	maps/mazes/maze_057.map	512	512	330	452	285	457	71.8995
17	maps/mazes/maze_057.map	512	512	132	343	154	356	71.7279
17	maps/mazes/maze_057.map	512	512	275	388	256	380	71.4853
16	maps/mazes/maze_057.map	512	512	201	308	180	287	67.0711
16	maps/mazes/maze_057.map	512	512	497	341	482	312	67.3137
16	maps/mazes/maze_057.map	512	512	452	321	456	298	67.2426
16	maps/mazes/maze_057.map	512	512	332	473	352	449	67.0711
16	maps/mazes/maze_057.map	512	512	173	76	196	61	67.6569
16	maps/mazes/maze_057.map	512	512	505	151	490	172	67.8995
16	maps/mazes/maze_057.map	512	512	160	429	180	445	67.8995
16	maps/mazes/maze_057.map	512	512	389	119	399	128	67.4853
16	maps/mazes/maze_057.map	512	512	252	377	241	353	67.4853
16	maps/mazes/maze_057.map	512	512	105	101	102	113	67.7279
15	maps/mazes/maze_057.map	512	512	298	169	317	148	63.8995
15	maps/mazes/maze_057.map	512	512	212	400	192	397	62.8995
15	maps/mazes/maze_057.map	512	512	342	221	347	233	63.2426
15	maps/mazes/maze_057.map	512	512	218	172	187	141	63.8995
15	maps/mazes/maze_057.map	512	512	100	428	123	412	63.4853
15	maps/mazes/maze_057.map	512	512	197	3	164	19	63.4853
15	maps/mazes/maze_057.map	512	512	131	84	112	72	63.4853
15	maps/mazes/maze_057.map	512	512	416	373	436	368	63.4853
15	maps/mazes/maze_057.map	512	512	273	135	245	132	63.7279
14	maps/mazes/maze_057.map	512	512	61	223	89	208	59.1421
14	maps/mazes/maze_057.map	512	512	502	428	500	392	59.0711
14	maps/mazes/maze_057.map	512	512	411	68	403	85	59.4853
14	maps/mazes/maze_057.map	512	512	337	497	348	488	59.3137
14	maps/mazes/maze_057.map	512	512	330	29	308	23	59.3137
14	maps/mazes/maze_057.map	512	512	456	313	436	277	59.6569
14	maps/mazes/maze_057.map	512	512	407	348	368	337	59.0711
14	maps/mazes/maze_057.map	512	512	421	447	443	445	59.3137
14	maps/mazes/maze_057.map	512	512	432	229	440	206	59.4853
13	maps/mazes/maze_057.map	512	512	252	68	225	43	55.3137
13	maps/mazes/maze_057.map	512	512	184	213	169	177	55.2426
13	maps/mazes/maze_057.map	512	512	351	453	352	425	55.4853
13	maps/mazes/maze_057.map	512	512	13	211	49	221	55.0711
13	maps/mazes/maze_057.map	512	512	136	53	174	44	55.7279
13	maps/mazes/maze_057.map	512	512	157	435	178	460	55.6569
13	maps/mazes/maze_057.map	512	512	397	412	409	379	55.2426
13	maps/mazes/maze_057.map	512	512	477	402	499	424	55.8995
13	maps/mazes/maze_057.map	512	512	172	12	167	5	55.8995
13	maps/mazes/maze_057.map	512	512	136	167	110	197	55.6569
12	maps/mazes/maze_057.map	512	512	88	151	113	140	51.3137
12	maps/mazes/maze_057.map	512	512	390	364	421	345	51.8995
12	maps/mazes/maze_057.map	512	512	129	332	137	346	51.0711
12	maps/mazes/maze_057.map	512	512	440	440	456	430	51.8995
12	maps/mazes/maze_057.map	512	512	35	441	19	445	51.6569
12	maps/mazes/maze_057.map	512	512	65	428	92	416	50.6569
12	maps/mazes/maze_057.map	512	512	469	52	484	55	51.6569
12	maps/mazes/maze_057.map	512	512	366	496	394	485	51.2426
12	maps/mazes/maze_057.map	512	512	36	349	21	375	51.7279
12	maps/mazes/maze_057.map	512	512	135	24	124	9	51.8995
11	maps/mazes/maze_057.map	512	512	189	272	190	292	47.8284
11	maps/mazes/maze_057.map	512	512	363	81	322	73	47.8284
11	maps/mazes/maze_057.map	512	512	301	96	262	93	47.0711
11	maps/mazes/maze_057.map	512	512	129	505	126	500	47.0711
11	maps/mazes/maze_057.map	512	512	138	448	146	452	47.0711
11	maps/mazes/maze_057.map	512	512	73	109	73	89	47.6569
11	maps/mazes/maze_057.map	512	512	473	360	491	369	47.2426
11	maps/mazes/maze_057.map	512	512	421	43	412	14	47.0711
11	maps/mazes/maze_057.map	512	512	421	165	424	155	47.2426
11	maps/mazes/maze_057.map	512	512	489	450	496	435	47.6569
10	maps/mazes/maze_057.map	512	512	502	133	496	155	43.6569
10	maps/mazes/maze_057.map	512	512	183	96	168	89	43.6569
10	maps/mazes/maze_057.map	512	512	68	499	64	466	43.2426
10	maps/mazes/maze_057.map	512	512	144	185	129	192	43.0711
10	maps/mazes/maze_057.map	512	512	224	279	236	275	43.6569
10	maps/mazes/maze_057.map	512	512	174	229	180	191	43.6569
10	maps/mazes/maze_057.map	512	512	28	160	17	168	43.4853
10	maps/mazes/maze_057.map	512	512	468	214	464	199	43.2426
10	maps/mazes/maze_057.map	512	512	160	288	141	276	43.2426
10	maps/mazes/maze_057.map	512	512	188	367	165	345	43.2426
9	maps/mazes/maze_057.map	512	512	146	372	152	379	39.2426
9	maps/mazes/maze_057.map	512	512	308	313	288	315	39.6569
9	maps/mazes/maze_057.map	512	512	127	441	138	437	39.2426
9	maps/mazes/maze_057.map	512	512	368	404	388	412	39.6569
9	maps/mazes/maze_057.map	512	512	411	332	411	325	39.4853
9	maps/mazes/maze_057.map	512	512	418	193	404	177	39.0711
9	maps/mazes/maze_057.map	512	512	96	201	104	168	39.2426
9	maps/mazes/maze_057.map	512	512	221	145	237	125	39.6569
9	maps/mazes/maze_057.map	512	512	300	373	324	386	39.2426
9	maps/mazes/maze_057.map	512	512	41	16	37	33	39.8284
8	maps/mazes/maze_057.map	512	512	54	32	55	45	35.6569
8	maps/mazes/maze_057.map	512	512	417	183	394	169	35.4853
8	maps/mazes/maze_057.map	512	512	228	48	236	40	35.6569
8	maps/mazes/maze_057.map	512	512	381	449	405	436	35.2426
8	maps/mazes/maze_057.map	512	512	284	97	260	89	35.0711
8	maps/mazes/maze_057.map	512	512	129	51	110	41	35.4853
8	maps/mazes/maze_057.map	512	512	439	272	419	269	35.2426
8	maps/mazes/maze_057.map	512	512	248	181	233	190	35.0711
8	maps/mazes/maze_057.map	512	512	149	213	149	220	35.2426
8	maps/mazes/maze_057.map	512	512	17	301	17	316	35.8284
7	maps/mazes/maze_057.map	512	512	12	421	11	432	31.4142
7	maps/mazes/maze_057.map	512	512	335	504	320	485	31.0711
7	maps/mazes/maze_057.map	512	512	400	276	408	290	31.6569
7	maps/mazes/maze_057.map	512	512	263	301	232	301	31
7	maps/mazes/maze_057.map	512	512	296	472	308	482	31.6569
7	maps/mazes/maze_057.map	512	512	352	282	378	280	31.6569
7	maps/mazes/maze_057.map	512	512	255	53	259	57	31.0711
7	maps/mazes/maze_057.map	512	512	408	185	389	169	31.4853
7	maps/mazes/maze_057.map	512	512	98	356	92	329	31.2426
7	maps/mazes/maze_057.map	512	512	18	441	31	444	31.6569
6	maps/mazes/maze_057.map	512	512	479	432	497	436	26.8284
6	maps/mazes/maze_057.map	512	512	467	413	460	420	27.4142
6	maps/mazes/maze_057.map	512	512	289	348	292	330	27.2426
6	maps/mazes/maze_057.map	512	512	340	398	352	381	27.2426
6	maps/mazes/maze_057.map	512	512	181	161	199	152	27.8284
6	maps/mazes/maze_057.map	512	512	421	86	411	77	27.8284
6	maps/mazes/maze_057.map	512	512	449	173	453	192	27.2426
6	maps/mazes/maze_057.map	512	512	123	184	128	173	27.4142
6	maps/mazes/maze_057.map	512	512	376	220	388	222	27.4142
6	maps/mazes/maze_057.map	512	512	410	80	398	77	27.2426
5	maps/mazes/maze_057.map	512	512	381	293	392	286	23.4142
5	maps/mazes/maze_057.map	512	512	184	176	197	188	23.2426
5	maps/mazes/maze_057.map	512	512	479	320	465	331	23.2426
5	maps/mazes/maze_057.map	512	512	461	452	453	435	23.8284
5	maps/mazes/maze_057.map	512	512	268	489	277	473	23.2426
5	maps/mazes/maze_057.map	512	512	124	109	109	113	23.2426
5	maps/mazes/maze_057.map	512	512	36	365	48	352	22.6569
5	maps/mazes/maze_057.map	512	512	425	95	425	72	23
5	maps/mazes/maze_057.map	512	512	461	98	460	116	23.2426
5	maps/mazes/maze_057.map	512	512	422	253	428	263	23.4142
4	maps/mazes/maze_057.map	512	512	50	173	51	157	19.8284
4	maps/mazes/maze_057.map	512	512	365	333	377	326	19.2426
4	maps/mazes/maze_057.map	512	512	117	424	120	412	19.8284
4	maps/mazes/maze_057.map	512	512	163	289	155	284	19.8284
4	maps/mazes/maze_057.map	512	512	284	494	272	492	19.4142
4	maps/mazes/maze_057.map	512	512	271	316	261	306	18.8284
4	maps/mazes/maze_057.map	512	512	477	224	488	227	19.4142
4	maps/mazes/maze_057.map	512	512	164	116	156	113	19
4	maps/mazes/maze_057.map	512	512	276	345	277	331	19.8284
4	maps/mazes/maze_057.map	512	512	231	201	225	210	19.8284
3	maps/mazes/maze_057.map	512	512	292	441	297	443	15.8284
3	maps/mazes/maze_057.map	512	512	48	225	45	230	15.4142
3	maps/mazes/maze_057.map	512	512	327	325	331	336	15.8284
3	maps/mazes/maze_057.map	512	512	49	500	59	508	15.6569
3	maps/mazes/maze_057.map	512	512	281	305	277	292	15.8284
3	maps/mazes/maze_057.map	512	512	357	176	357	191	15
3	maps/mazes/maze_057.map	512	512	361	73	368	65	15
3	maps/mazes/maze_057.map	512	512	156	317	145	319	15
3	maps/mazes/maze_057.map	512	512	82	8	73	1	15.4142
3	maps/mazes/maze_057.map	512	512	23	121	23	108	15.8284
2	maps/mazes/maze_057.map	512	512	320	468	324	470	11.4142
2	maps/mazes/maze_057.map	512	512	497	269	492	277	11.8284
2	maps/mazes/maze_057.map	512	512	0	421	9	417	11.8284
2	maps/mazes/maze_057.map	512	512	497	217	497	206	11
2	maps/mazes/maze_057.map	512	512	500	445	494	448	11
2	maps/mazes/maze_057.map	512	512	80	69	85	67	11.8284
2	maps/mazes/maze_057.map	512	512	466	221	468	228	11
2	maps/mazes/maze_057.map	512	512	489	161	495	161	11.4142
2	maps/mazes/maze_057.map	512	512	391	105	393	108	11
1	maps/mazes/maze_057.map	512	512	304	464	301	460	7
1	maps/mazes/maze_057.map	512	512	500	394	496	394	7.41421
1	maps/mazes/maze_057.map	512	512	325	381	318	381	7
1	maps/mazes/maze_057.map	512	512	44	130	40	132	7.41421
1	maps/mazes/maze_057.map	512	512	340	457	337	453	7
1	maps/mazes/maze_057.map	512	512	161	285	164	287	7
1	maps/mazes/maze_057.map	512	512	126	132	121	128	7.82843
1	maps/mazes/maze_057.map	512	512	126	508	132	507	7
1	maps/mazes/maze_057.map	512	512	16	426	21	422	7.24264
1	maps/mazes/maze_057.map	512	512	143	280	141	275	7
0	maps/mazes/maze_057.map	512	512	69	162	70	164	3
0	maps/mazes/maze_057.map	512	512	239	44	236	44	3
0	maps/mazes/maze_057.map	512	512	224	81	224	78	3
0	maps/mazes/maze_057.map	512	512	153	17	156	16	3.41421
0	maps/mazes/maze_057.map	512	512	374	305	376	306	3
0	maps/mazes/maze_057.map	512	512	89	397	89	394	3
0	maps/mazes/maze_057.map	512	512	176	26	179	25	3.41421
0	maps/mazes/maze_057.map	512	512	478	389	476	386	3.82843
0	maps/mazes/maze_057.map	512	512	348	240	351	241	3.41421
0	maps/mazes/maze_057.map	512	512	197	87	199	88	3
