version 1
127	maps/rooms/8room_053.map	512	512	409	49	27	214	511.274
100	maps/rooms/8room_053.map	512	512	259	397	202	76	402.836
55	maps/rooms/8room_053.map	512	512	211	268	210	99	222.368
85	maps/rooms/8room_053.map	512	512	388	84	314	330	342.007
127	maps/rooms/8room_053.map	512	512	20	29	246	362	511.86
30	maps/rooms/8room_053.map	512	512	441	152	345	158	120.669
38	maps/rooms/8room_053.map	512	512	125	131	218	48	152.711
76	maps/rooms/8room_053.map	512	512	31	453	14	362	306.066
127	maps/rooms/8room_053.map	512	512	21	116	366	351	511.061
48	maps/rooms/8room_053.map	512	512	191	199	303	87	193.095
126	maps/rooms/8room_053.map	512	512	330	50	185	444	504.848
96	maps/rooms/8room_053.map	512	512	300	111	27	285	387.676
127	maps/rooms/8room_053.map	512	512	31	374	424	347	511.664
75	maps/rooms/8room_053.map	512	512	415	190	202	69	300.836
73	maps/rooms/8room_053.map	512	512	79	361	267	331	294.794
127	maps/rooms/8room_053.map	512	512	501	407	98	461	511.534
83	maps/rooms/8room_053.map	512	512	503	43	410	246	334.652
71	maps/rooms/8room_053.map	512	512	459	63	246	164	287.037
96	maps/rooms/8room_053.map	512	512	124	19	434	126	384.764
67	maps/rooms/8room_053.map	512	512	366	285	455	92	270.309
80	maps/rooms/8room_053.map	512	512	446	140	187	170	323.007
127	maps/rooms/8room_053.map	512	512	307	20	126	415	511.262
95	maps/rooms/8room_053.map	512	512	61	388	52	82	380.22
15	maps/rooms/8room_053.map	512	512	472	167	441	134	62.8701
69	maps/rooms/8room_053.map	512	512	232	67	473	73	279.167
52	maps/rooms/8room_053.map	512	512	462	358	408	216	210.267
127	maps/rooms/8room_053.map	512	512	477	52	52	128	511.676
85	maps/rooms/8room_053.map	512	512	376	246	185	219	343.321
92	maps/rooms/8room_053.map	512	512	131	371	372	243	371.451
39	maps/rooms/8room_053.map	512	512	387	61	473	142	156.296
100	maps/rooms/8room_053.map	512	512	134	89	393	218	403.019
9	maps/rooms/8room_053.map	512	512	498	463	467	469	38.4142
73	maps/rooms/8room_053.map	512	512	275	120	78	133	294.35
127	maps/rooms/8room_053.map	512	512	134	260	477	44	511.032
34	maps/rooms/8room_053.map	512	512	391	108	507	137	139.326
127	maps/rooms/8room_053.map	512	512	271	308	18	36	511.132
89	maps/rooms/8room_053.map	512	512	293	447	427	249	356.108
14	maps/rooms/8room_053.map	512	512	82	330	130	327	56.2132
60	maps/rooms/8room_053.map	512	512	299	460	408	323	240.368
108	maps/rooms/8room_053.map	512	512	504	395	190	498	435.291
74	maps/rooms/8room_053.map	512	512	203	201	168	14	298.794
117	maps/rooms/8room_053.map	512	512	346	191	26	243	471.505
93	maps/rooms/8room_053.map	512	512	402	460	266	252	375.563
52	maps/rooms/8room_053.map	512	512	355	494	238	438	209.225
89	maps/rooms/8room_053.map	512	512	334	69	159	318	357.806
22	maps/rooms/8room_053.map	512	512	156	25	223	44	88.669
92	maps/rooms/8room_053.map	512	512	142	2	52	157	368.362
74	maps/rooms/8room_053.map	512	512	182	290	198	489	297.894
122	maps/rooms/8room_053.map	512	512	126	505	27	121	488.505
123	maps/rooms/8room_053.map	512	512	151	259	493	36	493.617
39	maps/rooms/8room_053.map	512	512	134	69	23	102	156.853
95	maps/rooms/8room_053.map	512	512	61	350	85	54	383.019
127	maps/rooms/8room_053.map	512	512	334	379	491	29	511.233
112	maps/rooms/8room_053.map	512	512	506	326	262	168	449.404
68	maps/rooms/8room_053.map	512	512	24	153	141	328	273.966
84	maps/rooms/8room_053.map	512	512	328	342	82	211	339.108
37	maps/rooms/8room_053.map	512	512	283	452	239	354	151.113
32	maps/rooms/8room_053.map	512	512	194	93	281	22	128.711
97	maps/rooms/8room_053.map	512	512	173	459	295	399	389.078
39	maps/rooms/8room_053.map	512	512	23	206	55	76	158.225
56	maps/rooms/8room_053.map	512	512	222	120	142	15	224.581
27	maps/rooms/8room_053.map	512	512	224	172	162	231	111.77
28	maps/rooms/8room_053.map	512	512	471	206	486	120	112.355
71	maps/rooms/8room_053.map	512	512	92	242	87	461	286.652
90	maps/rooms/8room_053.map	512	512	127	498	91	200	361.48
95	maps/rooms/8room_053.map	512	512	255	300	438	499	380.877
83	maps/rooms/8room_053.map	512	512	103	40	380	53	332.066
39	maps/rooms/8room_053.map	512	512	489	56	387	138	157.64
81	maps/rooms/8room_053.map	512	512	223	307	431	419	325.38
77	maps/rooms/8room_053.map	512	512	279	234	86	382	308.764
121	maps/rooms/8room_053.map	512	512	391	79	438	458	487.019
71	maps/rooms/8room_053.map	512	512	326	299	346	63	287.338
41	maps/rooms/8room_053.map	512	512	105	86	220	20	164.154
126	maps/rooms/8room_053.map	512	512	495	419	95	362	506.948
126	maps/rooms/8room_053.map	512	512	201	469	402	156	507.889
21	maps/rooms/8room_053.map	512	512	77	47	61	114	87.6274
126	maps/rooms/8room_053.map	512	512	403	343	75	116	507.576
76	maps/rooms/8room_053.map	512	512	76	197	300	219	306.167
50	maps/rooms/8room_053.map	512	512	420	168	468	38	201.439
76	maps/rooms/8room_053.map	512	512	154	237	295	437	305.208
109	maps/rooms/8room_053.map	512	512	303	423	121	153	439.22
126	maps/rooms/8room_053.map	512	512	435	164	137	424	507.747
40	maps/rooms/8room_053.map	512	512	52	370	115	262	162.154
112	maps/rooms/8room_053.map	512	512	233	132	376	470	449.09
126	maps/rooms/8room_053.map	512	512	349	415	50	183	507.233
70	maps/rooms/8room_053.map	512	512	348	154	146	212	282.024
71	maps/rooms/8room_053.map	512	512	461	230	259	203	284.037
111	maps/rooms/8room_053.map	512	512	390	84	73	239	444.919
58	maps/rooms/8room_053.map	512	512	25	271	118	137	234.865
91	maps/rooms/8room_053.map	512	512	402	249	196	40	366.605
86	maps/rooms/8room_053.map	512	512	200	116	90	318	346.25
31	maps/rooms/8room_053.map	512	512	503	25	501	79	126.87
60	maps/rooms/8room_053.map	512	512	427	118	459	311	242.338
14	maps/rooms/8room_053.map	512	512	420	235	421	194	58.0416
18	maps/rooms/8room_053.map	512	512	172	346	116	356	73.9411
75	maps/rooms/8room_053.map	512	512	247	380	310	147	302.51
36	maps/rooms/8room_053.map	512	512	291	96	402	39	145.154
126	maps/rooms/8room_053.map	512	512	75	300	373	44	507.63
22	maps/rooms/8room_053.map	512	512	261	502	205	466	89.8406
126	maps/rooms/8room_053.map	512	512	375	43	469	430	504.463
89	maps/rooms/8room_053.map	512	512	166	131	101	406	356.309
50	maps/rooms/8room_053.map	512	512	154	96	228	198	200.468
63	maps/rooms/8room_053.map	512	512	318	437	301	360	252.409
126	maps/rooms/8room_053.map	512	512	72	498	393	246	507.09
69	maps/rooms/8room_053.map	512	512	229	219	419	196	276.966
74	maps/rooms/8room_053.map	512	512	100	3	42	234	296.966
6	maps/rooms/8room_053.map	512	512	71	314	74	334	25.7279
51	maps/rooms/8room_053.map	512	512	85	134	211	27	205.652
70	maps/rooms/8room_053.map	512	512	236	220	135	431	283.095
108	maps/rooms/8room_053.map	512	512	377	275	60	370	432.534
33	maps/rooms/8room_053.map	512	512	90	4	29	55	135.882
72	maps/rooms/8room_053.map	512	512	507	92	263	142	291.38
42	maps/rooms/8room_053.map	512	512	198	174	125	100	169.711
126	maps/rooms/8room_053.map	512	512	507	52	189	299	507.818
102	maps/rooms/8room_053.map	512	512	168	312	446	164	409.019
49	maps/rooms/8room_053.map	512	512	277	57	432	94	199.397
110	maps/rooms/8room_053.map	512	512	170	293	498	441	441.22
70	maps/rooms/8room_053.map	512	512	350	290	276	153	282.966
60	maps/rooms/8room_053.map	512	512	335	332	179	217	243.024
74	maps/rooms/8room_053.map	512	512	230	412	42	275	298.037
125	maps/rooms/8room_053.map	512	512	294	507	244	129	503.12
56	maps/rooms/8room_053.map	512	512	293	374	436	413	225.439
79	maps/rooms/8room_053.map	512	512	156	441	372	309	318.409
95	maps/rooms/8room_053.map	512	512	43	229	105	507	380.593
91	maps/rooms/8room_053.map	512	512	281	363	447	149	364.836
89	maps/rooms/8room_053.map	512	512	98	203	131	503	356.865
77	maps/rooms/8room_053.map	512	512	399	133	502	365	310.037
99	maps/rooms/8room_053.map	512	512	237	466	110	296	399.534
96	maps/rooms/8room_053.map	512	512	420	175	159	308	387.563
125	maps/rooms/8room_053.map	512	512	311	471	313	118	503.635
120	maps/rooms/8room_053.map	512	512	247	100	191	488	482.108
125	maps/rooms/8room_053.map	512	512	142	418	210	21	503.434
125	maps/rooms/8room_053.map	512	512	455	168	90	330	502.789
83	maps/rooms/8room_053.map	512	512	441	95	186	195	334.179
17	maps/rooms/8room_053.map	512	512	442	468	421	501	71.1543
125	maps/rooms/8room_053.map	512	512	200	28	253	427	503.505
33	maps/rooms/8room_053.map	512	512	212	410	299	462	134.456
98	maps/rooms/8room_053.map	512	512	207	260	492	402	394.706
68	maps/rooms/8room_053.map	512	512	215	396	424	339	273.095
107	maps/rooms/8room_053.map	512	512	133	488	483	487	430.262
86	maps/rooms/8room_053.map	512	512	186	477	63	248	345.179
37	maps/rooms/8room_053.map	512	512	109	102	186	179	149.64
125	maps/rooms/8room_053.map	512	512	8	474	65	106	503.96
122	maps/rooms/8room_053.map	512	512	377	405	511	54	491.919
26	maps/rooms/8room_053.map	512	512	447	58	397	137	107.326
106	maps/rooms/8room_053.map	512	512	54	114	281	363	424.434
92	maps/rooms/8room_053.map	512	512	448	378	303	157	371.764
9	maps/rooms/8room_053.map	512	512	479	37	450	18	39.2132
93	maps/rooms/8room_053.map	512	512	242	212	490	35	373.049
56	maps/rooms/8room_053.map	512	512	511	23	406	133	227.368
48	maps/rooms/8room_053.map	512	512	156	130	269	167	192.569
52	maps/rooms/8room_053.map	512	512	62	118	226	52	211.539
125	maps/rooms/8room_053.map	512	512	354	453	206	96	503.09
83	maps/rooms/8room_053.map	512	512	159	365	409	376	332.037
113	maps/rooms/8room_053.map	512	512	436	350	62	338	453.321
90	maps/rooms/8room_053.map	512	512	378	72	242	341	361.735
112	maps/rooms/8room_053.map	512	512	159	7	135	316	450.019
122	maps/rooms/8room_053.map	512	512	364	413	99	173	488.647
122	maps/rooms/8room_053.map	512	512	61	228	290	479	489.889
87	maps/rooms/8room_053.map	512	512	201	105	341	307	351.037
54	maps/rooms/8room_053.map	512	512	276	157	146	285	217.38
88	maps/rooms/8room_053.map	512	512	485	234	317	24	354.877
125	maps/rooms/8room_053.map	512	512	435	58	155	358	503.546
125	maps/rooms/8room_053.map	512	512	30	101	346	335	503.061
70	maps/rooms/8room_053.map	512	512	189	101	410	82	280.51
77	maps/rooms/8room_053.map	512	512	200	133	363	229	308.279
107	maps/rooms/8room_053.map	512	512	110	255	428	217	429.605
48	maps/rooms/8room_053.map	512	512	407	82	253	73	194.983
115	maps/rooms/8room_053.map	512	512	132	450	486	431	461.635
114	maps/rooms/8room_053.map	512	512	183	236	408	482	459.735
125	maps/rooms/8room_053.map	512	512	56	142	370	351	503.233
92	maps/rooms/8room_053.map	512	512	134	423	99	138	369.279
47	maps/rooms/8room_053.map	512	512	93	444	207	370	190.61
124	maps/rooms/8room_053.map	512	512	488	141	75	15	496.505
124	maps/rooms/8room_053.map	512	512	4	233	400	104	499.576
53	maps/rooms/8room_053.map	512	512	233	114	82	73	214.125
124	maps/rooms/8room_053.map	512	512	210	40	118	438	499.848
76	maps/rooms/8room_053.map	512	512	207	401	300	171	306.037
48	maps/rooms/8room_053.map	512	512	339	252	332	139	192.711
45	maps/rooms/8room_053.map	512	512	395	367	399	501	180.326
124	maps/rooms/8room_053.map	512	512	435	205	71	361	499.304
124	maps/rooms/8room_053.map	512	512	477	457	143	249	499.262
32	maps/rooms/8room_053.map	512	512	407	219	483	286	128.497
124	maps/rooms/8room_053.map	512	512	19	207	410	347	499.475
98	maps/rooms/8room_053.map	512	512	431	324	188	156	392.706
108	maps/rooms/8room_053.map	512	512	126	100	234	443	435.676
124	maps/rooms/8room_053.map	512	512	466	69	162	341	499.546
124	maps/rooms/8room_053.map	512	512	443	323	159	56	499.333
7	maps/rooms/8room_053.map	512	512	107	25	119	2	29.1421
124	maps/rooms/8room_053.map	512	512	197	90	100	464	499.534
77	maps/rooms/8room_053.map	512	512	253	25	156	258	309.38
99	maps/rooms/8room_053.map	512	512	357	212	87	203	399.877
106	maps/rooms/8room_053.map	512	512	407	374	499	64	425.321
44	maps/rooms/8room_053.map	512	512	444	203	495	100	176.368
83	maps/rooms/8room_053.map	512	512	12	89	267	115	335.752
124	maps/rooms/8room_053.map	512	512	91	500	315	166	499.948
41	maps/rooms/8room_053.map	512	512	476	170	457	294	164.154
123	maps/rooms/8room_053.map	512	512	509	69	248	356	495.747
56	maps/rooms/8room_053.map	512	512	276	286	406	390	225.238
88	maps/rooms/8room_053.map	512	512	182	35	40	277	353.019
62	maps/rooms/8room_053.map	512	512	446	206	258	99	248.723
118	maps/rooms/8room_053.map	512	512	59	53	436	133	474.907
123	maps/rooms/8room_053.map	512	512	51	142	356	227	494.676
33	maps/rooms/8room_053.map	512	512	156	277	121	375	134.154
57	maps/rooms/8room_053.map	512	512	268	327	194	167	229.723
18	maps/rooms/8room_053.map	512	512	441	423	466	365	75.6274
89	maps/rooms/8room_053.map	512	512	147	57	132	351	356.38
120	maps/rooms/8room_053.map	512	512	216	415	477	122	483.362
67	maps/rooms/8room_053.map	512	512	136	222	121	430	269.652
81	maps/rooms/8room_053.map	512	512	6	34	213	107	327.22
45	maps/rooms/8room_053.map	512	512	133	167	178	311	183.711
31	maps/rooms/8room_053.map	512	512	304	92	227	20	127.569
123	maps/rooms/8room_053.map	512	512	510	462	142	322	495.12
34	maps/rooms/8room_053.map	512	512	212	215	291	162	136.225
84	maps/rooms/8room_053.map	512	512	460	437	277	237	336.907
65	maps/rooms/8room_053.map	512	512	171	335	14	249	261.693
123	maps/rooms/8room_053.map	512	512	85	381	425	154	495.576
92	maps/rooms/8room_053.map	512	512	510	407	243	388	370.149
111	maps/rooms/8room_053.map	512	512	42	250	294	11	447.333
60	maps/rooms/8room_053.map	512	512	483	178	330	171	242.752
25	maps/rooms/8room_053.map	512	512	373	25	301	64	102.255
96	maps/rooms/8room_053.map	512	512	185	415	149	89	385.421
107	maps/rooms/8room_053.map	512	512	152	212	488	82	428.534
85	maps/rooms/8room_053.map	512	512	331	511	488	318	343.321
62	maps/rooms/8room_053.map	512	512	211	426	308	434	248.095
123	maps/rooms/8room_053.map	512	512	147	232	466	44	495.576
50	maps/rooms/8room_053.map	512	512	196	52	24	81	201.569
88	maps/rooms/8room_053.map	512	512	206	418	468	324	353.966
123	maps/rooms/8room_053.map	512	512	13	486	139	121	495.09
32	maps/rooms/8room_053.map	512	512	92	239	74	120	131.77
60	maps/rooms/8room_053.map	512	512	263	367	68	410	243.439
50	maps/rooms/8room_053.map	512	512	239	29	405	62	201.468
112	maps/rooms/8room_053.map	512	512	158	451	425	236	451.22
58	maps/rooms/8room_053.map	512	512	220	248	235	437	233.238
54	maps/rooms/8room_053.map	512	512	242	95	357	187	217.267
73	maps/rooms/8room_053.map	512	512	406	251	310	425	294.894
38	maps/rooms/8room_053.map	512	512	55	3	89	121	155.154
46	maps/rooms/8room_053.map	512	512	243	202	140	155	185.882
86	maps/rooms/8room_053.map	512	512	232	474	331	213	344.208
81	maps/rooms/8room_053.map	512	512	298	134	61	202	326.823
65	maps/rooms/8room_053.map	512	512	508	233	475	388	260.267
32	maps/rooms/8room_053.map	512	512	138	469	125	365	131.669
57	maps/rooms/8room_053.map	512	512	168	178	322	284	229.681
94	maps/rooms/8room_053.map	512	512	139	286	447	373	377.936
116	maps/rooms/8room_053.map	512	512	276	492	268	150	466.777
84	maps/rooms/8room_053.map	512	512	52	47	317	13	338.338
123	maps/rooms/8room_053.map	512	512	207	76	492	335	495.203
82	maps/rooms/8room_053.map	512	512	35	73	299	76	328.095
40	maps/rooms/8room_053.map	512	512	397	201	356	319	162.64
77	maps/rooms/8room_053.map	512	512	252	233	474	95	311.38
107	maps/rooms/8room_053.map	512	512	109	217	328	453	428.22
112	maps/rooms/8room_053.map	512	512	116	95	429	234	451.203
18	maps/rooms/8room_053.map	512	512	409	446	361	419	75.8701
97	maps/rooms/8room_053.map	512	512	83	108	405	57	390.764
123	maps/rooms/8room_053.map	512	512	490	114	154	348	495.647
48	maps/rooms/8room_053.map	512	512	251	262	282	99	192.569
91	maps/rooms/8room_053.map	512	512	228	248	282	399	366.563
123	maps/rooms/8room_053.map	512	512	83	413	429	266	494.806
74	maps/rooms/8room_053.map	512	512	183	77	280	295	297.167
120	maps/rooms/8room_053.map	512	512	77	372	407	489	481.392
122	maps/rooms/8room_053.map	512	512	405	503	212	162	491.203
90	maps/rooms/8room_053.map	512	512	159	470	314	372	363.25
93	maps/rooms/8room_053.map	512	512	398	468	381	191	374.25
97	maps/rooms/8room_053.map	512	512	217	133	509	189	390.149
122	maps/rooms/8room_053.map	512	512	447	424	130	182	491.333
81	maps/rooms/8room_053.map	512	512	184	78	372	228	326.693
30	maps/rooms/8room_053.map	512	512	405	284	435	359	121.912
84	maps/rooms/8room_053.map	512	512	349	427	285	186	339.492
110	maps/rooms/8room_053.map	512	512	121	15	418	217	440.061
122	maps/rooms/8room_053.map	512	512	178	106	468	348	491.99
122	maps/rooms/8room_053.map	512	512	438	446	173	187	491.161
121	maps/rooms/8room_053.map	512	512	4	18	42	367	487.718
66	maps/rooms/8room_053.map	512	512	45	98	216	183	265.823
42	maps/rooms/8room_053.map	512	512	205	477	200	429	168.338
116	maps/rooms/8room_053.map	512	512	83	407	375	173	466.919
93	maps/rooms/8room_053.map	512	512	61	324	375	335	375.551
86	maps/rooms/8room_053.map	512	512	275	196	88	397	344.35
122	maps/rooms/8room_053.map	512	512	58	77	380	244	491.434
122	maps/rooms/8room_053.map	512	512	468	470	244	170	491.161
51	maps/rooms/8room_053.map	512	512	379	323	301	210	206.439
59	maps/rooms/8room_053.map	512	512	318	437	511	381	239.167
84	maps/rooms/8room_053.map	512	512	5	230	69	402	339.321
87	maps/rooms/8room_053.map	512	512	71	75	281	210	349.108
99	maps/rooms/8room_053.map	512	512	314	426	402	144	399.078
121	maps/rooms/8room_053.map	512	512	176	493	183	89	487.836
114	maps/rooms/8room_053.map	512	512	461	218	119	21	456.789
30	maps/rooms/8room_053.map	512	512	157	388	61	428	121.497
93	maps/rooms/8room_053.map	512	512	351	99	71	235	374.534
113	maps/rooms/8room_053.map	512	512	357	152	469	484	453.22
36	maps/rooms/8room_053.map	512	512	290	146	215	63	146.669
110	maps/rooms/8room_053.map	512	512	104	399	162	46	442.806
48	maps/rooms/8room_053.map	512	512	251	443	116	469	193.711
121	maps/rooms/8room_053.map	512	512	26	236	403	103	487.262
86	maps/rooms/8room_053.map	512	512	330	233	389	8	347.522
79	maps/rooms/8room_053.map	512	512	285	217	490	194	319.865
93	maps/rooms/8room_053.map	512	512	218	63	451	43	375.551
99	maps/rooms/8room_053.map	512	512	126	444	261	141	399.037
26	maps/rooms/8room_053.map	512	512	191	350	236	293	107.154
121	maps/rooms/8room_053.map	512	512	334	437	279	69	487.676
86	maps/rooms/8room_053.map	512	512	381	96	152	265	344.049
67	maps/rooms/8room_053.map	512	512	373	284	501	418	268.853
54	maps/rooms/8room_053.map	512	512	238	333	46	315	219.054
52	maps/rooms/8room_053.map	512	512	220	38	185	159	211.238
100	maps/rooms/8room_053.map	512	512	116	132	260	431	401.836
106	maps/rooms/8room_053.map	512	512	49	495	207	189	425.563
121	maps/rooms/8room_053.map	512	512	364	235	103	277	485.718
70	maps/rooms/8room_053.map	512	512	283	232	125	382	283.865
91	maps/rooms/8room_053.map	512	512	181	466	186	167	366.368
121	maps/rooms/8room_053.map	512	512	186	174	439	450	487.818
117	maps/rooms/8room_053.map	512	512	510	149	119	186	471.262
121	maps/rooms/8room_053.map	512	512	36	230	421	350	487.676
75	maps/rooms/8room_053.map	512	512	397	21	235	213	300.291
107	maps/rooms/8room_053.map	512	512	179	505	243	162	428.865
69	maps/rooms/8room_053.map	512	512	127	168	104	372	278.38
121	maps/rooms/8room_053.map	512	512	386	123	121	411	487.919
27	maps/rooms/8room_053.map	512	512	296	334	251	264	111.569
32	maps/rooms/8room_053.map	512	512	91	56	139	156	130.912
61	maps/rooms/8room_053.map	512	512	5	76	162	104	244.439
49	maps/rooms/8room_053.map	512	512	409	293	326	186	196.024
121	maps/rooms/8room_053.map	512	512	91	462	63	66	487.12
120	maps/rooms/8room_053.map	512	512	200	441	461	148	483.605
84	maps/rooms/8room_053.map	512	512	172	183	420	182	336.966
92	maps/rooms/8room_053.map	512	512	426	137	506	393	369.865
99	maps/rooms/8room_053.map	512	512	203	68	364	357	397.806
38	maps/rooms/8room_053.map	512	512	44	236	131	286	154.196
80	maps/rooms/8room_053.map	512	512	463	499	376	296	322.25
79	maps/rooms/8room_053.map	512	512	318	457	179	257	316.38
120	maps/rooms/8room_053.map	512	512	206	116	233	498	483.978
120	maps/rooms/8room_053.map	512	512	371	408	74	216	483.818
65	maps/rooms/8room_053.map	512	512	341	376	277	238	262.208
63	maps/rooms/8room_053.map	512	512	104	135	233	231	252.823
37	maps/rooms/8room_053.map	512	512	424	387	307	442	149.74
120	maps/rooms/8room_053.map	512	512	53	35	335	183	483.563
38	maps/rooms/8room_053.map	512	512	191	376	92	462	152.439
120	maps/rooms/8room_053.map	512	512	181	9	65	328	483.576
73	maps/rooms/8room_053.map	512	512	51	343	269	326	295.652
23	maps/rooms/8room_053.map	512	512	426	507	406	450	93.7696
120	maps/rooms/8room_053.map	512	512	16	331	349	142	483.647
89	maps/rooms/8room_053.map	512	512	333	370	348	133	359.421
36	maps/rooms/8room_053.map	512	512	504	419	372	397	147.598
120	maps/rooms/8room_053.map	512	512	325	182	63	93	482.22
46	maps/rooms/8room_053.map	512	512	133	349	59	406	187.225
95	maps/rooms/8room_053.map	512	512	410	383	229	126	380.635
72	maps/rooms/8room_053.map	512	512	377	238	365	465	288.137
26	maps/rooms/8room_053.map	512	512	381	190	371	280	104.527
119	maps/rooms/8room_053.map	512	512	313	510	279	147	478.706
102	maps/rooms/8room_053.map	512	512	155	34	13	326	409.019
119	maps/rooms/8room_053.map	512	512	480	3	259	307	479.676
89	maps/rooms/8room_053.map	512	512	436	334	349	67	358.836
74	maps/rooms/8room_053.map	512	512	54	393	270	378	296.681
38	maps/rooms/8room_053.map	512	512	204	281	303	222	154.569
30	maps/rooms/8room_053.map	512	512	238	235	158	187	120.083
74	maps/rooms/8room_053.map	512	512	158	319	281	100	296.894
119	maps/rooms/8room_053.map	512	512	276	498	245	135	479.362
55	maps/rooms/8room_053.map	512	512	348	185	221	227	222.924
85	maps/rooms/8room_053.map	512	512	471	119	181	167	341.764
119	maps/rooms/8room_053.map	512	512	484	293	172	56	479.375
85	maps/rooms/8room_053.map	512	512	232	487	509	503	340.563
79	maps/rooms/8room_053.map	512	512	471	270	464	20	318.966
76	maps/rooms/8room_053.map	512	512	319	122	83	166	304.392
85	maps/rooms/8room_053.map	512	512	374	490	267	269	340.551
3	maps/rooms/8room_053.map	512	512	121	142	117	155	15.4853
119	maps/rooms/8room_053.map	512	512	94	221	371	486	479.463
59	maps/rooms/8room_053.map	512	512	179	359	210	477	237.409
84	maps/rooms/8room_053.map	512	512	352	309	210	102	338.664
106	maps/rooms/8room_053.map	512	512	14	325	25	39	424.706
56	maps/rooms/8room_053.map	512	512	163	226	225	77	227.167
119	maps/rooms/8room_053.map	512	512	7	178	376	99	479.889
77	maps/rooms/8room_053.map	512	512	219	139	440	32	310.149
33	maps/rooms/8room_053.map	512	512	350	259	381	162	133.255
27	maps/rooms/8room_053.map	512	512	191	328	104	325	108.184
42	maps/rooms/8room_053.map	512	512	334	346	451	377	168.468
81	maps/rooms/8room_053.map	512	512	392	368	352	108	325.38
119	maps/rooms/8room_053.map	512	512	406	127	53	318	479.404
119	maps/rooms/8room_053.map	512	512	371	486	82	234	479.635
50	maps/rooms/8room_053.map	512	512	349	396	316	250	200.681
119	maps/rooms/8room_053.map	512	512	155	444	124	27	479.037
119	maps/rooms/8room_053.map	512	512	307	504	154	176	479.635
48	maps/rooms/8room_053.map	512	512	488	215	409	291	193.61
62	maps/rooms/8room_053.map	512	512	35	329	238	300	250.409
118	maps/rooms/8room_053.map	512	512	477	377	263	63	475.404
85	maps/rooms/8room_053.map	512	512	226	74	467	41	342.652
51	maps/rooms/8room_053.map	512	512	26	74	199	42	206.539
100	maps/rooms/8room_053.map	512	512	204	203	487	213	401.049
106	maps/rooms/8room_053.map	512	512	318	25	424	331	424.534
118	maps/rooms/8room_053.map	512	512	469	197	109	18	474.99
118	maps/rooms/8room_053.map	512	512	454	126	155	352	475.534
94	maps/rooms/8room_053.map	512	512	404	180	104	54	376.735
108	maps/rooms/8room_053.map	512	512	163	181	463	254	434.948
118	maps/rooms/8room_053.map	512	512	349	505	338	153	472.22
46	maps/rooms/8room_053.map	512	512	132	105	78	66	187.468
103	maps/rooms/8room_053.map	512	512	291	91	428	397	414.321
118	maps/rooms/8room_053.map	512	512	261	511	313	132	475.635
118	maps/rooms/8room_053.map	512	512	398	327	114	105	475.362
86	maps/rooms/8room_053.map	512	512	451	382	232	215	344.35
118	maps/rooms/8room_053.map	512	512	462	242	138	126	474.617
38	maps/rooms/8room_053.map	512	512	175	291	294	315	154.497
118	maps/rooms/8room_053.map	512	512	472	15	186	239	475.061
118	maps/rooms/8room_053.map	512	512	285	77	139	457	475.907
117	maps/rooms/8room_053.map	512	512	214	511	280	117	471.948
70	maps/rooms/8room_053.map	512	512	74	412	261	275	283.037
117	maps/rooms/8room_053.map	512	512	426	327	133	127	470.806
90	maps/rooms/8room_053.map	512	512	143	381	168	79	361.451
117	maps/rooms/8room_053.map	512	512	10	233	239	499	471.191
117	maps/rooms/8room_053.map	512	512	15	60	68	345	471.789
50	maps/rooms/8room_053.map	512	512	35	261	170	338	200.61
76	maps/rooms/8room_053.map	512	512	204	374	279	151	307.622
74	maps/rooms/8room_053.map	512	512	505	233	291	260	297.551
108	maps/rooms/8room_053.map	512	512	187	474	303	188	435.865
117	maps/rooms/8room_053.map	512	512	463	331	94	221	470.848
103	maps/rooms/8room_053.map	512	512	27	354	265	203	415.09
11	maps/rooms/8room_053.map	512	512	146	7	186	5	46.6274
48	maps/rooms/8room_053.map	512	512	476	262	396	131	193.752
31	maps/rooms/8room_053.map	512	512	92	111	118	23	126.669
95	maps/rooms/8room_053.map	512	512	35	63	205	340	380.605
52	maps/rooms/8room_053.map	512	512	131	102	296	110	210.338
96	maps/rooms/8room_053.map	512	512	21	237	179	475	385.563
117	maps/rooms/8room_053.map	512	512	366	42	206	394	471.505
117	maps/rooms/8room_053.map	512	512	504	423	301	106	471.404
68	maps/rooms/8room_053.map	512	512	491	479	412	275	273.468
115	maps/rooms/8room_053.map	512	512	247	100	134	484	460.037
92	maps/rooms/8room_053.map	512	512	477	487	174	473	368.078
117	maps/rooms/8room_053.map	512	512	463	149	129	325	471.019
61	maps/rooms/8room_053.map	512	512	262	459	78	450	247.267
116	maps/rooms/8room_053.map	512	512	462	139	190	396	467.877
61	maps/rooms/8room_053.map	512	512	386	485	451	299	244.681
116	maps/rooms/8room_053.map	512	512	491	429	187	198	467.777
25	maps/rooms/8room_053.map	512	512	376	168	398	234	101.497
42	maps/rooms/8room_053.map	512	512	344	61	210	29	170.368
42	maps/rooms/8room_053.map	512	512	494	139	398	231	171.882
116	maps/rooms/8room_053.map	512	512	84	195	420	156	467.576
116	maps/rooms/8room_053.map	512	512	402	78	154	350	467.747
116	maps/rooms/8room_053.map	512	512	472	483	186	275	467.161
106	maps/rooms/8room_053.map	512	512	153	510	510	502	424.747
74	maps/rooms/8room_053.map	512	512	218	473	398	451	298.995
116	maps/rooms/8room_053.map	512	512	20	167	385	98	467.463
10	maps/rooms/8room_053.map	512	512	231	58	251	83	42.799
116	maps/rooms/8room_053.map	512	512	430	437	129	252	467.262
41	maps/rooms/8room_053.map	512	512	351	77	317	206	164.255
19	maps/rooms/8room_053.map	512	512	371	171	343	217	79.3553
90	maps/rooms/8room_053.map	512	512	123	363	315	148	363.936
94	maps/rooms/8room_053.map	512	512	360	381	452	89	376.836
34	maps/rooms/8room_053.map	512	512	117	119	101	20	138.598
66	maps/rooms/8room_053.map	512	512	120	250	204	443	264.622
65	maps/rooms/8room_053.map	512	512	355	93	233	259	260.309
111	maps/rooms/8room_053.map	512	512	445	122	342	443	444.049
66	maps/rooms/8room_053.map	512	512	463	167	260	172	266.853
80	maps/rooms/8room_053.map	512	512	238	163	22	93	320.593
55	maps/rooms/8room_053.map	512	512	90	31	103	166	221.196
66	maps/rooms/8room_053.map	512	512	186	263	51	123	264.48
113	maps/rooms/8room_053.map	512	512	472	204	133	198	455.576
83	maps/rooms/8room_053.map	512	512	212	339	486	319	334.309
48	maps/rooms/8room_053.map	512	512	386	14	441	130	192.782
116	maps/rooms/8room_053.map	512	512	402	2	246	322	467.747
102	maps/rooms/8room_053.map	512	512	76	121	361	189	408.421
77	maps/rooms/8room_053.map	512	512	195	338	375	172	309.764
73	maps/rooms/8room_053.map	512	512	362	262	351	484	294.823
115	maps/rooms/8room_053.map	512	512	37	503	278	212	463.404
115	maps/rooms/8room_053.map	512	512	13	138	98	380	463.191
68	maps/rooms/8room_053.map	512	512	445	125	253	239	272.995
95	maps/rooms/8room_053.map	512	512	172	171	422	231	383.321
45	maps/rooms/8room_053.map	512	512	7	342	133	339	183.569
115	maps/rooms/8room_053.map	512	512	483	503	263	204	463.191
102	maps/rooms/8room_053.map	512	512	371	175	124	373	409.877
98	maps/rooms/8room_053.map	512	512	482	57	239	253	394.605
107	maps/rooms/8room_053.map	512	512	324	61	338	380	429.978
115	maps/rooms/8room_053.map	512	512	23	510	314	423	463.647
90	maps/rooms/8room_053.map	512	512	47	299	200	76	360.233
88	maps/rooms/8room_053.map	512	512	94	266	29	511	352.936
115	maps/rooms/8room_053.map	512	512	405	171	171	420	463.333
115	maps/rooms/8room_053.map	512	512	125	391	385	134	463.777
41	maps/rooms/8room_053.map	512	512	263	297	236	434	166.125
79	maps/rooms/8room_053.map	512	512	19	301	260	380	317.865
115	maps/rooms/8room_053.map	512	512	84	108	293	416	463.534
115	maps/rooms/8room_053.map	512	512	453	153	126	326	462.777
90	maps/rooms/8room_053.map	512	512	74	164	322	279	361.392
84	maps/rooms/8room_053.map	512	512	120	105	392	44	338.966
114	maps/rooms/8room_053.map	512	512	507	98	378	398	459.777
105	maps/rooms/8room_053.map	512	512	58	364	207	95	422.291
22	maps/rooms/8room_053.map	512	512	453	348	437	274	90.0833
93	maps/rooms/8room_053.map	512	512	407	141	506	421	373.149
90	maps/rooms/8room_053.map	512	512	502	303	285	410	360.794
114	maps/rooms/8room_053.map	512	512	76	487	293	188	459.362
98	maps/rooms/8room_053.map	512	512	452	138	139	91	392.836
105	maps/rooms/8room_053.map	512	512	31	510	225	239	422.806
68	maps/rooms/8room_053.map	512	512	206	330	426	310	274.853
70	maps/rooms/8room_053.map	512	512	316	231	156	389	280.652
52	maps/rooms/8room_053.map	512	512	19	258	37	116	211.095
114	maps/rooms/8room_053.map	512	512	117	38	488	53	459.664
46	maps/rooms/8room_053.map	512	512	110	446	243	364	187.368
41	maps/rooms/8room_053.map	512	512	84	132	190	190	167.882
74	maps/rooms/8room_053.map	512	512	68	235	238	98	297.007
75	maps/rooms/8room_053.map	512	512	210	89	370	235	303.622
38	maps/rooms/8room_053.map	512	512	90	331	216	332	154.983
114	maps/rooms/8room_053.map	512	512	331	93	302	453	458.664
114	maps/rooms/8room_053.map	512	512	491	361	180	187	459.333
97	maps/rooms/8room_053.map	512	512	22	67	290	235	390.735
113	maps/rooms/8room_053.map	512	512	292	375	31	154	454.718
76	maps/rooms/8room_053.map	512	512	201	245	206	40	306.995
101	maps/rooms/8room_053.map	512	512	462	279	361	2	404.492
65	maps/rooms/8room_053.map	512	512	391	311	231	243	260.208
59	maps/rooms/8room_053.map	512	512	44	119	206	98	239.752
58	maps/rooms/8room_053.map	512	512	443	212	411	29	232.196
111	maps/rooms/8room_053.map	512	512	372	50	217	375	446.777
111	maps/rooms/8room_053.map	512	512	500	227	178	249	444.291
86	maps/rooms/8room_053.map	512	512	397	439	157	495	344.936
81	maps/rooms/8room_053.map	512	512	254	80	242	358	327.966
63	maps/rooms/8room_053.map	512	512	207	82	33	163	255.409
114	maps/rooms/8room_053.map	512	512	5	494	233	192	459.404
114	maps/rooms/8room_053.map	512	512	183	109	443	363	459.019
66	maps/rooms/8room_053.map	512	512	169	311	302	471	266.196
36	maps/rooms/8room_053.map	512	512	438	111	314	133	146.912
10	maps/rooms/8room_053.map	512	512	153	172	120	173	43.2132
65	maps/rooms/8room_053.map	512	512	89	174	161	357	261.894
105	maps/rooms/8room_053.map	512	512	115	87	135	452	423.894
114	maps/rooms/8room_053.map	512	512	27	37	120	371	459.676
85	maps/rooms/8room_053.map	512	512	472	3	319	204	340.007
54	maps/rooms/8room_053.map	512	512	100	68	93	248	216.782
113	maps/rooms/8room_053.map	512	512	486	495	452	118	455.392
104	maps/rooms/8room_053.map	512	512	76	36	235	294	416.806
113	maps/rooms/8room_053.map	512	512	136	139	347	399	455.09
21	maps/rooms/8room_053.map	512	512	131	73	77	116	84.6985
113	maps/rooms/8room_053.map	512	512	511	283	146	252	455.706
49	maps/rooms/8room_053.map	512	512	14	120	135	55	197.196
108	maps/rooms/8room_053.map	512	512	430	130	230	393	433.291
105	maps/rooms/8room_053.map	512	512	92	351	370	186	422.706
49	maps/rooms/8room_053.map	512	512	338	318	245	440	196.882
113	maps/rooms/8room_053.map	512	512	428	101	213	389	455.434
97	maps/rooms/8room_053.map	512	512	363	308	105	491	389.836
94	maps/rooms/8room_053.map	512	512	283	429	63	276	379.25
62	maps/rooms/8room_053.map	512	512	218	248	84	394	248.794
113	maps/rooms/8room_053.map	512	512	475	86	412	454	455.007
73	maps/rooms/8room_053.map	512	512	334	301	156	155	295.823
88	maps/rooms/8room_053.map	512	512	52	446	75	185	352.635
75	maps/rooms/8room_053.map	512	512	120	95	101	336	302.652
47	maps/rooms/8room_053.map	512	512	332	293	250	168	188.823
46	maps/rooms/8room_053.map	512	512	495	221	354	222	184.267
108	maps/rooms/8room_053.map	512	512	126	104	13	412	435.534
113	maps/rooms/8room_053.map	512	512	475	86	145	281	455.718
65	maps/rooms/8room_053.map	512	512	423	279	327	455	262.51
12	maps/rooms/8room_053.map	512	512	505	382	463	379	49.8701
112	maps/rooms/8room_053.map	512	512	159	142	462	181	451.505
112	maps/rooms/8room_053.map	512	512	126	84	347	313	451.019
45	maps/rooms/8room_053.map	512	512	408	253	440	390	183.225
53	maps/rooms/8room_053.map	512	512	373	127	206	169	214.823
103	maps/rooms/8room_053.map	512	512	387	322	70	455	412.593
91	maps/rooms/8room_053.map	512	512	260	126	252	429	365.693
90	maps/rooms/8room_053.map	512	512	383	253	141	255	361.321
36	maps/rooms/8room_053.map	512	512	430	328	460	221	144.64
112	maps/rooms/8room_053.map	512	512	94	415	331	150	451.362
63	maps/rooms/8room_053.map	512	512	74	9	268	100	255.066
112	maps/rooms/8room_053.map	512	512	424	451	354	96	451.149
112	maps/rooms/8room_053.map	512	512	283	461	130	139	451.149
111	maps/rooms/8room_053.map	512	512	55	500	359	293	447.191
106	maps/rooms/8room_053.map	512	512	13	86	234	356	426.262
111	maps/rooms/8room_053.map	512	512	438	44	150	270	447.245
42	maps/rooms/8room_053.map	512	512	99	158	198	228	168.054
72	maps/rooms/8room_053.map	512	512	324	105	116	127	289.723
111	maps/rooms/8room_053.map	512	512	381	296	40	399	447.664
66	maps/rooms/8room_053.map	512	512	120	355	250	233	267.48
111	maps/rooms/8room_053.map	512	512	72	151	422	95	447.605
45	maps/rooms/8room_053.map	512	512	124	361	44	482	180.439
111	maps/rooms/8room_053.map	512	512	83	190	414	347	447.12
61	maps/rooms/8room_053.map	512	512	314	85	132	178	247.693
83	maps/rooms/8room_053.map	512	512	259	285	418	68	335.179
110	maps/rooms/8room_053.map	512	512	317	167	85	439	443.019
84	maps/rooms/8room_053.map	512	512	452	506	314	294	336.392
99	maps/rooms/8room_053.map	512	512	475	388	380	105	397.12
52	maps/rooms/8room_053.map	512	512	102	299	133	375	209.853
110	maps/rooms/8room_053.map	512	512	351	232	87	420	443.907
110	maps/rooms/8room_053.map	512	512	394	122	79	315	443.404
75	maps/rooms/8room_053.map	512	512	307	471	504	390	302.894
81	maps/rooms/8room_053.map	512	512	86	291	255	228	324.35
88	maps/rooms/8room_053.map	512	512	279	360	398	132	355.593
93	maps/rooms/8room_053.map	512	512	36	101	322	99	375.522
110	maps/rooms/8room_053.map	512	512	42	503	310	254	443.919
39	maps/rooms/8room_053.map	512	512	254	386	166	291	156.64
110	maps/rooms/8room_053.map	512	512	186	358	392	118	442.676
56	maps/rooms/8room_053.map	512	512	85	62	172	158	227.853
110	maps/rooms/8room_053.map	512	512	50	453	144	120	443.635
24	maps/rooms/8room_053.map	512	512	90	118	36	57	99.1838
99	maps/rooms/8room_053.map	512	512	398	511	148	328	398.421
110	maps/rooms/8room_053.map	512	512	475	189	214	389	443.108
59	maps/rooms/8room_053.map	512	512	308	334	492	298	236.711
109	maps/rooms/8room_053.map	512	512	73	131	292	415	439.635
106	maps/rooms/8room_053.map	512	512	28	300	317	457	426.149
81	maps/rooms/8room_053.map	512	512	235	172	15	89	324.279
79	maps/rooms/8room_053.map	512	512	302	343	348	77	316.409
61	maps/rooms/8room_053.map	512	512	262	210	449	120	244.196
59	maps/rooms/8room_053.map	512	512	443	218	270	190	237.995
34	maps/rooms/8room_053.map	512	512	404	398	477	309	137.983
109	maps/rooms/8room_053.map	512	512	84	283	354	279	439.907
50	maps/rooms/8room_053.map	512	512	19	430	156	444	200.64
109	maps/rooms/8room_053.map	512	512	431	456	134	345	436.492
15	maps/rooms/8room_053.map	512	512	159	402	127	371	63.2843
87	maps/rooms/8room_053.map	512	512	479	185	211	61	351.179
109	maps/rooms/8room_053.map	512	512	418	501	61	418	439.321
108	maps/rooms/8room_053.map	512	512	226	187	501	375	432.505
53	maps/rooms/8room_053.map	512	512	38	285	211	324	215.439
84	maps/rooms/8room_053.map	512	512	204	268	474	316	339.966
109	maps/rooms/8room_053.map	512	512	501	405	244	175	439.617
92	maps/rooms/8room_053.map	512	512	467	150	442	440	369.309
59	maps/rooms/8room_053.map	512	512	489	49	485	235	236.61
59	maps/rooms/8room_053.map	512	512	268	426	371	359	236.953
109	maps/rooms/8room_053.map	512	512	509	155	179	243	439.12
50	maps/rooms/8room_053.map	512	512	250	475	270	313	203.64
94	maps/rooms/8room_053.map	512	512	191	73	346	243	378.664
51	maps/rooms/8room_053.map	512	512	187	174	313	246	207.439
109	maps/rooms/8room_053.map	512	512	162	78	267	406	439.877
104	maps/rooms/8room_053.map	512	512	23	361	108	119	419.919
109	maps/rooms/8room_053.map	512	512	342	180	90	432	439.706
109	maps/rooms/8room_053.map	512	512	179	367	115	100	439.191
90	maps/rooms/8room_053.map	512	512	198	409	350	168	363.007
108	maps/rooms/8room_053.map	512	512	316	491	463	185	435.492
83	maps/rooms/8room_053.map	512	512	458	359	297	182	332.208
34	maps/rooms/8room_053.map	512	512	95	175	147	252	137.468
66	maps/rooms/8room_053.map	512	512	253	488	55	405	267.024
27	maps/rooms/8room_053.map	512	512	127	251	206	223	111.083
108	maps/rooms/8room_053.map	512	512	391	490	42	403	435.179
107	maps/rooms/8room_053.map	512	512	470	202	209	389	431.865
96	maps/rooms/8room_053.map	512	512	153	137	72	454	387.865
46	maps/rooms/8room_053.map	512	512	29	187	153	276	187.368
107	maps/rooms/8room_053.map	512	512	63	266	400	328	431.735
56	maps/rooms/8room_053.map	512	512	152	429	230	265	224.468
49	maps/rooms/8room_053.map	512	512	195	232	103	115	196.539
96	maps/rooms/8room_053.map	512	512	335	148	46	98	385.007
107	maps/rooms/8room_053.map	512	512	93	265	406	100	431.262
58	maps/rooms/8room_053.map	512	512	420	130	264	44	232.267
107	maps/rooms/8room_053.map	512	512	12	227	341	323	431.877
24	maps/rooms/8room_053.map	512	512	60	491	143	489	97.6274
95	maps/rooms/8room_053.map	512	512	230	229	312	479	382.309
106	maps/rooms/8room_053.map	512	512	380	372	110	165	427.635
101	maps/rooms/8room_053.map	512	512	366	377	90	204	405.978
42	maps/rooms/8room_053.map	512	512	282	93	152	110	168.983
106	maps/rooms/8room_053.map	512	512	440	5	306	264	427.191
62	maps/rooms/8room_053.map	512	512	438	296	252	296	248.752
60	maps/rooms/8room_053.map	512	512	110	59	199	141	240.681
93	maps/rooms/8room_053.map	512	512	372	235	108	325	374.049
18	maps/rooms/8room_053.map	512	512	410	438	408	370	74.6274
3	maps/rooms/8room_053.map	512	512	191	467	198	468	13.6569
59	maps/rooms/8room_053.map	512	512	279	42	483	73	236.296
82	maps/rooms/8room_053.map	512	512	171	118	357	218	331.078
105	maps/rooms/8room_053.map	512	512	404	461	320	172	423.149
62	maps/rooms/8room_053.map	512	512	426	148	366	343	248.539
86	maps/rooms/8room_053.map	512	512	197	311	391	440	345.451
105	maps/rooms/8room_053.map	512	512	88	83	328	323	422.877
86	maps/rooms/8room_053.map	512	512	508	68	243	170	345.108
105	maps/rooms/8room_053.map	512	512	474	280	153	419	423.664
91	maps/rooms/8room_053.map	512	512	479	301	276	162	364.593
105	maps/rooms/8room_053.map	512	512	226	426	38	154	423.161
82	maps/rooms/8room_053.map	512	512	215	57	357	4	330.279
14	maps/rooms/8room_053.map	512	512	78	328	98	366	59.2132
55	maps/rooms/8room_053.map	512	512	173	223	69	293	221.095
69	maps/rooms/8room_053.map	512	512	379	247	204	253	276.037
83	maps/rooms/8room_053.map	512	512	137	327	353	178	334.664
83	maps/rooms/8room_053.map	512	512	366	395	131	290	333.48
105	maps/rooms/8room_053.map	512	512	142	460	465	421	423.078
76	maps/rooms/8room_053.map	512	512	467	275	271	345	305.238
58	maps/rooms/8room_053.map	512	512	258	274	219	95	235.539
105	maps/rooms/8room_053.map	512	512	155	472	281	138	423.764
104	maps/rooms/8room_053.map	512	512	60	244	368	350	419.806
79	maps/rooms/8room_053.map	512	512	214	301	263	27	316.439
63	maps/rooms/8room_053.map	512	512	168	188	226	11	254.137
66	maps/rooms/8room_053.map	512	512	201	296	284	91	266.167
40	maps/rooms/8room_053.map	512	512	278	178	399	133	161.397
104	maps/rooms/8room_053.map	512	512	351	136	30	221	419.262
98	maps/rooms/8room_053.map	512	512	342	63	79	234	392.777
104	maps/rooms/8room_053.map	512	512	375	13	203	229	419.203
104	maps/rooms/8room_053.map	512	512	403	204	88	310	419.191
104	maps/rooms/8room_053.map	512	512	6	465	283	267	419.777
20	maps/rooms/8room_053.map	512	512	86	38	153	20	81.8701
53	maps/rooms/8room_053.map	512	512	305	462	408	347	213.539
104	maps/rooms/8room_053.map	512	512	279	181	271	504	419.392
76	maps/rooms/8room_053.map	512	512	439	81	238	226	305.664
72	maps/rooms/8room_053.map	512	512	277	296	284	40	288.439
104	maps/rooms/8room_053.map	512	512	31	68	397	52	419.966
40	maps/rooms/8room_053.map	512	512	212	40	86	86	161.882
87	maps/rooms/8room_053.map	512	512	261	388	510	334	349.007
104	maps/rooms/8room_053.map	512	512	134	34	243	336	419.35
103	maps/rooms/8room_053.map	512	512	83	75	416	3	415.836
103	maps/rooms/8room_053.map	512	512	44	475	267	220	415.262
103	maps/rooms/8room_053.map	512	512	89	383	329	151	414.877
71	maps/rooms/8room_053.map	512	512	301	348	442	167	285.48
46	maps/rooms/8room_053.map	512	512	191	186	147	335	184.841
100	maps/rooms/8room_053.map	512	512	168	171	415	386	402.635
103	maps/rooms/8room_053.map	512	512	307	371	479	138	415.534
103	maps/rooms/8room_053.map	512	512	434	361	91	358	415.664
91	maps/rooms/8room_053.map	512	512	285	293	468	451	366.907
31	maps/rooms/8room_053.map	512	512	310	175	275	76	127.497
103	maps/rooms/8room_053.map	512	512	335	162	53	45	415.007
103	maps/rooms/8room_053.map	512	512	356	299	47	215	415.735
102	maps/rooms/8room_053.map	512	512	127	39	316	283	411.291
1	maps/rooms/8room_053.map	512	512	313	179	310	174	6.82843
87	maps/rooms/8room_053.map	512	512	151	186	405	71	349.149
102	maps/rooms/8room_053.map	512	512	466	167	142	185	411.706
102	maps/rooms/8room_053.map	512	512	462	341	197	149	411.676
96	maps/rooms/8room_053.map	512	512	280	315	156	39	387.907
78	maps/rooms/8room_053.map	512	512	338	374	361	178	312.664
102	maps/rooms/8room_053.map	512	512	509	51	282	273	411.978
61	maps/rooms/8room_053.map	512	512	174	125	68	34	244.622
58	maps/rooms/8room_053.map	512	512	270	383	388	421	232.468
85	maps/rooms/8room_053.map	512	512	511	359	260	487	341.451
66	maps/rooms/8room_053.map	512	512	12	122	124	165	265.894
88	maps/rooms/8room_053.map	512	512	105	240	381	338	354.836
102	maps/rooms/8room_053.map	512	512	38	382	354	308	410.877
102	maps/rooms/8room_053.map	512	512	239	1	345	335	411.664
96	maps/rooms/8room_053.map	512	512	310	344	217	39	386.291
101	maps/rooms/8room_053.map	512	512	176	109	366	380	407.392
101	maps/rooms/8room_053.map	512	512	442	146	121	24	407.877
69	maps/rooms/8room_053.map	512	512	390	166	213	277	279.38
101	maps/rooms/8room_053.map	512	512	474	314	214	499	407.635
101	maps/rooms/8room_053.map	512	512	100	152	252	449	407.877
56	maps/rooms/8room_053.map	512	512	58	210	233	202	225.953
38	maps/rooms/8room_053.map	512	512	280	110	163	84	154.983
53	maps/rooms/8room_053.map	512	512	29	58	205	80	213.539
101	maps/rooms/8room_053.map	512	512	169	245	430	428	407.563
101	maps/rooms/8room_053.map	512	512	427	295	126	242	407.22
55	maps/rooms/8room_053.map	512	512	142	476	319	485	221.782
101	maps/rooms/8room_053.map	512	512	300	374	46	166	406.434
56	maps/rooms/8room_053.map	512	512	153	334	234	476	224.966
40	maps/rooms/8room_053.map	512	512	455	3	419	88	162.983
101	maps/rooms/8room_053.map	512	512	504	492	236	295	406.907
20	maps/rooms/8room_053.map	512	512	237	184	242	111	81.8995
85	maps/rooms/8room_053.map	512	512	171	101	243	347	343.966
35	maps/rooms/8room_053.map	512	512	126	318	107	190	143.669
100	maps/rooms/8room_053.map	512	512	120	366	415	258	403.593
89	maps/rooms/8room_053.map	512	512	358	359	403	62	356.894
82	maps/rooms/8room_053.map	512	512	378	142	101	54	331.794
100	maps/rooms/8room_053.map	512	512	111	10	311	278	403.362
100	maps/rooms/8room_053.map	512	512	135	84	104	388	401.35
100	maps/rooms/8room_053.map	512	512	510	359	171	328	403.806
100	maps/rooms/8room_053.map	512	512	313	470	375	199	403.836
99	maps/rooms/8room_053.map	512	512	136	11	427	156	399.806
11	maps/rooms/8room_053.map	512	512	434	309	467	292	44.9706
53	maps/rooms/8room_053.map	512	512	419	124	382	290	212.397
99	maps/rooms/8room_053.map	512	512	63	415	325	249	399.321
93	maps/rooms/8room_053.map	512	512	243	190	358	4	372.505
99	maps/rooms/8room_053.map	512	512	424	254	131	314	399.836
75	maps/rooms/8room_053.map	512	512	264	50	471	44	300.095
49	maps/rooms/8room_053.map	512	512	311	107	174	197	196.238
67	maps/rooms/8room_053.map	512	512	374	248	236	408	270.409
28	maps/rooms/8room_053.map	512	512	312	312	264	250	115.64
98	maps/rooms/8room_053.map	512	512	4	125	304	107	395.522
98	maps/rooms/8room_053.map	512	512	217	51	90	330	395.664
63	maps/rooms/8room_053.map	512	512	141	194	109	8	254.995
51	maps/rooms/8room_053.map	512	512	179	299	123	453	204.711
36	maps/rooms/8room_053.map	512	512	362	466	266	502	144.912
56	maps/rooms/8room_053.map	512	512	283	279	420	245	226.196
98	maps/rooms/8room_053.map	512	512	41	375	307	187	395.848
98	maps/rooms/8room_053.map	512	512	68	78	382	167	395.149
68	maps/rooms/8room_053.map	512	512	367	185	476	341	275.208
98	maps/rooms/8room_053.map	512	512	110	115	339	333	395.392
64	maps/rooms/8room_053.map	512	512	299	313	306	440	259.622
97	maps/rooms/8room_053.map	512	512	126	124	424	125	391.593
97	maps/rooms/8room_053.map	512	512	468	58	238	284	391.22
71	maps/rooms/8room_053.map	512	512	53	158	41	373	284.723
97	maps/rooms/8room_053.map	512	512	171	118	250	371	391.907
97	maps/rooms/8room_053.map	512	512	410	254	134	249	391.492
73	maps/rooms/8room_053.map	512	512	236	174	8	183	295.066
97	maps/rooms/8room_053.map	512	512	255	122	196	436	391.25
96	maps/rooms/8room_053.map	512	512	426	437	113	471	387.693
82	maps/rooms/8room_053.map	512	512	46	206	265	89	330.593
77	maps/rooms/8room_053.map	512	512	171	153	377	203	310.451
95	maps/rooms/8room_053.map	512	512	293	386	244	179	383.505
66	maps/rooms/8room_053.map	512	512	282	409	243	231	264.823
95	maps/rooms/8room_053.map	512	512	187	500	377	260	383.664
94	maps/rooms/8room_053.map	512	512	261	499	266	212	379.421
80	maps/rooms/8room_053.map	512	512	259	173	57	300	322.907
47	maps/rooms/8room_053.map	512	512	392	207	493	109	188.196
72	maps/rooms/8room_053.map	512	512	168	483	190	232	289.711
94	maps/rooms/8room_053.map	512	512	146	90	335	332	379.25
94	maps/rooms/8room_053.map	512	512	137	137	436	92	379.865
94	maps/rooms/8room_053.map	512	512	358	12	232	188	379.404
48	maps/rooms/8room_053.map	512	512	318	327	354	428	193.409
94	maps/rooms/8room_053.map	512	512	388	390	184	192	379.078
22	maps/rooms/8room_053.map	512	512	415	210	466	251	89.0122
92	maps/rooms/8room_053.map	512	512	389	455	189	278	371.593
63	maps/rooms/8room_053.map	512	512	273	152	236	362	255.652
92	maps/rooms/8room_053.map	512	512	62	82	240	299	371.049
91	maps/rooms/8room_053.map	512	512	186	387	155	96	367.764
21	maps/rooms/8room_053.map	512	512	419	59	374	68	87.3553
3	maps/rooms/8room_053.map	512	512	57	367	48	373	15.2426
75	maps/rooms/8room_053.map	512	512	178	483	149	233	301.267
91	maps/rooms/8room_053.map	512	512	51	465	48	178	367.078
34	maps/rooms/8room_053.map	512	512	487	428	391	452	139.841
67	maps/rooms/8room_053.map	512	512	13	27	236	42	271.723
91	maps/rooms/8room_053.map	512	512	486	383	332	133	367.563
89	maps/rooms/8room_053.map	512	512	490	444	229	290	359.35
89	maps/rooms/8room_053.map	512	512	74	198	337	335	359.764
88	maps/rooms/8room_053.map	512	512	74	20	338	139	355.735
88	maps/rooms/8room_053.map	512	512	47	511	155	243	354.593
62	maps/rooms/8room_053.map	512	512	258	158	70	229	249.024
88	maps/rooms/8room_053.map	512	512	28	78	264	223	355.492
87	maps/rooms/8room_053.map	512	512	408	269	158	325	351.622
87	maps/rooms/8room_053.map	512	512	348	359	239	172	351.706
73	maps/rooms/8room_053.map	512	512	55	227	235	143	295.037
87	maps/rooms/8room_053.map	512	512	413	4	307	259	351.25
58	maps/rooms/8room_053.map	512	512	63	139	211	82	233.409
87	maps/rooms/8room_053.map	512	512	325	143	252	420	351.966
87	maps/rooms/8room_053.map	512	512	116	425	133	129	351.551
28	maps/rooms/8room_053.map	512	512	392	133	455	60	114.326
65	maps/rooms/8room_053.map	512	512	479	219	494	5	260.681
82	maps/rooms/8room_053.map	512	512	323	402	376	168	331.451
71	maps/rooms/8room_053.map	512	512	278	307	65	418	284.409
31	maps/rooms/8room_053.map	512	512	436	491	498	420	126.841
54	maps/rooms/8room_053.map	512	512	244	136	322	306	218.51
82	maps/rooms/8room_053.map	512	512	381	247	178	187	331.693
78	maps/rooms/8room_053.map	512	512	402	447	317	214	312.208
82	maps/rooms/8room_053.map	512	512	47	373	243	171	331.22
81	maps/rooms/8room_053.map	512	512	98	149	315	295	325.35
40	maps/rooms/8room_053.map	512	512	277	201	336	86	162.953
17	maps/rooms/8room_053.map	512	512	154	167	122	152	68.6985
71	maps/rooms/8room_053.map	512	512	404	124	377	340	287.167
55	maps/rooms/8room_053.map	512	512	191	430	44	315	222.752
82	maps/rooms/8room_053.map	512	512	482	371	272	216	331.492
82	maps/rooms/8room_053.map	512	512	51	489	175	247	331.137
81	maps/rooms/8room_053.map	512	512	330	56	349	335	327.823
80	maps/rooms/8room_053.map	512	512	245	20	463	183	323.25
80	maps/rooms/8room_053.map	512	512	237	101	260	367	323.693
80	maps/rooms/8room_053.map	512	512	443	364	169	326	323.622
67	maps/rooms/8room_053.map	512	512	68	119	285	79	269.167
80	maps/rooms/8room_053.map	512	512	466	217	350	443	323.137
78	maps/rooms/8room_053.map	512	512	251	202	105	365	315.693
75	maps/rooms/8room_053.map	512	512	469	370	413	153	300.723
80	maps/rooms/8room_053.map	512	512	388	447	275	226	323.522
42	maps/rooms/8room_053.map	512	512	293	148	292	6	168.841
76	maps/rooms/8room_053.map	512	512	24	157	165	137	306.279
80	maps/rooms/8room_053.map	512	512	303	476	118	314	323.51
79	maps/rooms/8room_053.map	512	512	303	111	73	249	319.563
79	maps/rooms/8room_053.map	512	512	280	318	35	389	318.936
29	maps/rooms/8room_053.map	512	512	341	445	409	483	119.882
61	maps/rooms/8room_053.map	512	512	341	455	308	295	244.238
55	maps/rooms/8room_053.map	512	512	38	491	220	502	220.439
39	maps/rooms/8room_053.map	512	512	75	446	214	474	159.426
65	maps/rooms/8room_053.map	512	512	460	286	405	78	263.894
57	maps/rooms/8room_053.map	512	512	158	158	61	299	231.622
50	maps/rooms/8room_053.map	512	512	6	287	53	406	202.953
54	maps/rooms/8room_053.map	512	512	266	259	171	376	217.823
79	maps/rooms/8room_053.map	512	512	178	18	297	240	319.936
27	maps/rooms/8room_053.map	512	512	327	39	345	116	110.355
78	maps/rooms/8room_053.map	512	512	241	121	156	372	315.338
71	maps/rooms/8room_053.map	512	512	458	89	243	186	286.894
78	maps/rooms/8room_053.map	512	512	463	500	358	290	315.35
78	maps/rooms/8room_053.map	512	512	25	47	263	45	315.279
78	maps/rooms/8room_053.map	512	512	391	447	283	226	315.936
78	maps/rooms/8room_053.map	512	512	292	70	327	308	315.167
77	maps/rooms/8room_053.map	512	512	173	149	261	381	311.338
78	maps/rooms/8room_053.map	512	512	495	371	365	156	314.865
78	maps/rooms/8room_053.map	512	512	8	487	167	287	315.936
42	maps/rooms/8room_053.map	512	512	228	205	139	306	170.267
57	maps/rooms/8room_053.map	512	512	396	91	463	261	229.167
77	maps/rooms/8room_053.map	512	512	147	154	327	320	311.137
75	maps/rooms/8room_053.map	512	512	120	228	351	339	303.966
72	maps/rooms/8room_053.map	512	512	215	356	26	412	290.865
73	maps/rooms/8room_053.map	512	512	94	15	324	117	294.693
58	maps/rooms/8room_053.map	512	512	174	197	178	394	234.296
53	maps/rooms/8room_053.map	512	512	509	68	341	136	213.439
70	maps/rooms/8room_053.map	512	512	334	413	260	285	281.48
73	maps/rooms/8room_053.map	512	512	493	339	349	148	295.108
72	maps/rooms/8room_053.map	512	512	438	154	443	394	291.267
67	maps/rooms/8room_053.map	512	512	271	314	477	275	271.995
31	maps/rooms/8room_053.map	512	512	388	143	354	223	127.74
67	maps/rooms/8room_053.map	512	512	104	236	142	462	269.681
72	maps/rooms/8room_053.map	512	512	5	77	258	44	291.095
58	maps/rooms/8room_053.map	512	512	255	308	101	211	232.338
61	maps/rooms/8room_053.map	512	512	249	471	252	282	244.167
72	maps/rooms/8room_053.map	512	512	181	134	253	356	290.794
72	maps/rooms/8room_053.map	512	512	252	265	430	108	291.894
71	maps/rooms/8room_053.map	512	512	126	12	328	121	287.108
5	maps/rooms/8room_053.map	512	512	108	92	115	108	20.8995
70	maps/rooms/8room_053.map	512	512	410	502	326	306	283.723
70	maps/rooms/8room_053.map	512	512	100	164	307	274	283.309
64	maps/rooms/8room_053.map	512	512	255	61	27	58	258.296
13	maps/rooms/8room_053.map	512	512	22	114	29	66	55.1421
69	maps/rooms/8room_053.map	512	512	103	13	250	183	279.309
69	maps/rooms/8room_053.map	512	512	376	163	174	244	278.723
69	maps/rooms/8room_053.map	512	512	103	491	297	371	279.823
69	maps/rooms/8room_053.map	512	512	59	278	261	306	278.894
69	maps/rooms/8room_053.map	512	512	443	309	272	226	279.238
68	maps/rooms/8room_053.map	512	512	409	424	216	418	275.368
32	maps/rooms/8room_053.map	512	512	440	123	326	104	128.355
47	maps/rooms/8room_053.map	512	512	184	503	267	382	189.296
68	maps/rooms/8room_053.map	512	512	395	494	243	340	275.681
68	maps/rooms/8room_053.map	512	512	361	105	141	185	275.622
64	maps/rooms/8room_053.map	512	512	167	363	6	507	257.492
68	maps/rooms/8room_053.map	512	512	245	22	39	145	275.936
45	maps/rooms/8room_053.map	512	512	22	486	43	354	183.61
67	maps/rooms/8room_053.map	512	512	189	410	363	283	271.51
67	maps/rooms/8room_053.map	512	512	135	249	253	59	271.137
65	maps/rooms/8room_053.map	512	512	94	435	236	281	262.894
64	maps/rooms/8room_053.map	512	512	106	278	218	286	259.238
39	maps/rooms/8room_053.map	512	512	316	76	191	85	156.326
64	maps/rooms/8room_053.map	512	512	126	391	294	262	258.622
64	maps/rooms/8room_053.map	512	512	83	471	306	492	258.953
54	maps/rooms/8room_053.map	512	512	87	196	232	187	216.125
43	maps/rooms/8room_053.map	512	512	78	292	93	382	174.054
64	maps/rooms/8room_053.map	512	512	474	252	308	311	259.752
64	maps/rooms/8room_053.map	512	512	93	63	311	111	259.196
64	maps/rooms/8room_053.map	512	512	491	24	374	194	259.61
46	maps/rooms/8room_053.map	512	512	333	230	460	168	186.782
21	maps/rooms/8room_053.map	512	512	94	365	153	388	84.5269
64	maps/rooms/8room_053.map	512	512	382	228	214	251	256.238
54	maps/rooms/8room_053.map	512	512	184	436	72	339	216.823
63	maps/rooms/8room_053.map	512	512	466	372	302	261	255.894
63	maps/rooms/8room_053.map	512	512	183	136	26	187	255.823
44	maps/rooms/8room_053.map	512	512	262	434	253	294	176.497
63	maps/rooms/8room_053.map	512	512	68	378	253	317	255.581
62	maps/rooms/8room_053.map	512	512	285	156	251	353	251.752
62	maps/rooms/8room_053.map	512	512	216	350	377	264	251.894
62	maps/rooms/8room_053.map	512	512	133	443	243	276	251.51
61	maps/rooms/8room_053.map	512	512	82	498	172	316	247.054
61	maps/rooms/8room_053.map	512	512	197	351	371	281	247.137
60	maps/rooms/8room_053.map	512	512	396	503	249	382	243.296
60	maps/rooms/8room_053.map	512	512	74	473	263	409	243.853
51	maps/rooms/8room_053.map	512	512	370	71	477	14	205.054
60	maps/rooms/8room_053.map	512	512	126	403	50	244	243.066
60	maps/rooms/8room_053.map	512	512	266	441	386	476	243.569
53	maps/rooms/8room_053.map	512	512	269	262	195	118	212.225
59	maps/rooms/8room_053.map	512	512	5	244	116	364	239.652
42	maps/rooms/8room_053.map	512	512	248	24	349	121	170.125
57	maps/rooms/8room_053.map	512	512	252	414	379	378	228.196
59	maps/rooms/8room_053.map	512	512	419	279	270	378	239.581
55	maps/rooms/8room_053.map	512	512	444	454	427	280	223.711
58	maps/rooms/8room_053.map	512	512	372	24	315	218	235.267
57	maps/rooms/8room_053.map	512	512	267	38	234	244	231.953
57	maps/rooms/8room_053.map	512	512	211	326	93	468	231.681
57	maps/rooms/8room_053.map	512	512	238	177	408	98	230.823
44	maps/rooms/8room_053.map	512	512	123	260	22	166	176.439
32	maps/rooms/8room_053.map	512	512	429	68	479	167	129.083
57	maps/rooms/8room_053.map	512	512	468	182	306	185	231.51
57	maps/rooms/8room_053.map	512	512	329	409	376	256	231.924
55	maps/rooms/8room_053.map	512	512	44	62	219	72	223.468
49	maps/rooms/8room_053.map	512	512	127	189	136	339	196.882
55	maps/rooms/8room_053.map	512	512	483	189	330	221	223.652
13	maps/rooms/8room_053.map	512	512	287	444	275	431	53.0416
25	maps/rooms/8room_053.map	512	512	221	298	231	214	101.456
54	maps/rooms/8room_053.map	512	512	27	158	60	309	219.338
49	maps/rooms/8room_053.map	512	512	51	116	200	66	196.196
54	maps/rooms/8room_053.map	512	512	115	501	239	368	219.51
53	maps/rooms/8room_053.map	512	512	363	392	227	290	214.853
53	maps/rooms/8room_053.map	512	512	250	93	434	78	215.368
52	maps/rooms/8room_053.map	512	512	39	47	196	85	210.882
52	maps/rooms/8room_053.map	512	512	339	371	410	274	211.238
52	maps/rooms/8room_053.map	512	512	372	437	250	388	211.468
51	maps/rooms/8room_053.map	512	512	103	13	236	124	206.752
18	maps/rooms/8room_053.map	512	512	468	63	509	106	72.5269
51	maps/rooms/8room_053.map	512	512	317	179	360	347	207.468
51	maps/rooms/8room_053.map	512	512	278	248	377	134	207.468
51	maps/rooms/8room_053.map	512	512	295	450	157	376	207.296
50	maps/rooms/8room_053.map	512	512	466	286	376	411	203.61
49	maps/rooms/8room_053.map	512	512	153	139	191	309	199.054
49	maps/rooms/8room_053.map	512	512	419	216	297	100	199.48
47	maps/rooms/8room_053.map	512	512	25	138	133	252	191.539
47	maps/rooms/8room_053.map	512	512	419	396	283	309	191.853
47	maps/rooms/8room_053.map	512	512	319	470	259	386	191.397
47	maps/rooms/8room_053.map	512	512	248	151	321	300	191.095
47	maps/rooms/8room_053.map	512	512	226	483	225	330	191.397
44	maps/rooms/8room_053.map	512	512	341	320	326	198	179.225
47	maps/rooms/8room_053.map	512	512	155	504	138	343	191.255
46	maps/rooms/8room_053.map	512	512	134	351	213	209	187.61
46	maps/rooms/8room_053.map	512	512	279	426	154	354	187.468
45	maps/rooms/8room_053.map	512	512	152	386	156	221	183.912
45	maps/rooms/8room_053.map	512	512	123	88	156	241	183.154
45	maps/rooms/8room_053.map	512	512	446	262	359	178	183.953
45	maps/rooms/8room_053.map	512	512	27	233	161	190	183.326
44	maps/rooms/8room_053.map	512	512	296	11	244	161	179.054
24	maps/rooms/8room_053.map	512	512	155	297	135	371	98.7696
36	maps/rooms/8room_053.map	512	512	124	495	199	408	144.912
44	maps/rooms/8room_053.map	512	512	219	172	90	230	178.882
44	maps/rooms/8room_053.map	512	512	156	306	260	218	179.64
44	maps/rooms/8room_053.map	512	512	307	331	394	238	179.924
44	maps/rooms/8room_053.map	512	512	295	483	262	399	178.882
25	maps/rooms/8room_053.map	512	512	398	358	473	323	102.083
44	maps/rooms/8room_053.map	512	512	331	327	186	275	179.468
43	maps/rooms/8room_053.map	512	512	365	54	238	140	175.167
43	maps/rooms/8room_053.map	512	512	324	215	236	249	175.439
43	maps/rooms/8room_053.map	512	512	504	403	388	477	175.054
43	maps/rooms/8room_053.map	512	512	300	390	334	333	174.782
31	maps/rooms/8room_053.map	512	512	262	204	348	139	127.569
43	maps/rooms/8room_053.map	512	512	407	105	376	250	175.983
43	maps/rooms/8room_053.map	512	512	331	338	198	276	175.912
43	maps/rooms/8room_053.map	512	512	399	110	276	192	175.711
43	maps/rooms/8room_053.map	512	512	334	143	218	216	175.953
43	maps/rooms/8room_053.map	512	512	26	455	121	368	175.054
41	maps/rooms/8room_053.map	512	512	179	425	50	423	167.326
41	maps/rooms/8room_053.map	512	512	5	51	126	31	167.267
41	maps/rooms/8room_053.map	512	512	69	85	99	226	167.225
41	maps/rooms/8room_053.map	512	512	231	119	184	239	167.811
41	maps/rooms/8room_053.map	512	512	347	92	238	178	167.51
40	maps/rooms/8room_053.map	512	512	413	139	286	188	163.497
40	maps/rooms/8room_053.map	512	512	405	169	314	255	163.225
40	maps/rooms/8room_053.map	512	512	502	394	450	271	163.569
40	maps/rooms/8room_053.map	512	512	491	8	408	48	163.083
39	maps/rooms/8room_053.map	512	512	284	186	403	127	159.154
35	maps/rooms/8room_053.map	512	512	221	98	232	213	141.841
39	maps/rooms/8room_053.map	512	512	391	427	335	334	158.882
39	maps/rooms/8room_053.map	512	512	13	182	116	271	159.782
38	maps/rooms/8room_053.map	512	512	387	243	399	130	155.569
38	maps/rooms/8room_053.map	512	512	87	310	221	319	155.669
37	maps/rooms/8room_053.map	512	512	137	262	55	198	151.154
37	maps/rooms/8room_053.map	512	512	131	458	224	377	151.154
37	maps/rooms/8room_053.map	512	512	112	105	157	228	151.841
37	maps/rooms/8room_053.map	512	512	430	205	410	74	151.912
37	maps/rooms/8room_053.map	512	512	405	440	350	336	151.225
35	maps/rooms/8room_053.map	512	512	264	395	281	298	143.882
37	maps/rooms/8room_053.map	512	512	151	93	282	86	151.841
37	maps/rooms/8room_053.map	512	512	58	99	165	57	151.426
36	maps/rooms/8room_053.map	512	512	103	100	158	213	147.497
36	maps/rooms/8room_053.map	512	512	364	105	237	120	147.012
21	maps/rooms/8room_053.map	512	512	36	318	63	285	85.0122
36	maps/rooms/8room_053.map	512	512	493	63	378	125	147.711
35	maps/rooms/8room_053.map	512	512	143	124	66	186	143.225
35	maps/rooms/8room_053.map	512	512	111	58	155	171	143.912
35	maps/rooms/8room_053.map	512	512	358	39	244	60	142.74
35	maps/rooms/8room_053.map	512	512	196	279	307	318	142.184
35	maps/rooms/8room_053.map	512	512	68	118	43	234	143.225
35	maps/rooms/8room_053.map	512	512	488	13	476	134	143.083
35	maps/rooms/8room_053.map	512	512	8	94	46	200	143.983
34	maps/rooms/8room_053.map	512	512	492	108	467	197	139.497
34	maps/rooms/8room_053.map	512	512	21	10	62	115	139.296
34	maps/rooms/8room_053.map	512	512	228	29	244	136	139.426
34	maps/rooms/8room_053.map	512	512	424	178	326	121	139.125
31	maps/rooms/8room_053.map	512	512	421	213	440	127	124.497
33	maps/rooms/8room_053.map	512	512	34	413	143	406	135.012
33	maps/rooms/8room_053.map	512	512	313	485	275	408	135.77
33	maps/rooms/8room_053.map	512	512	185	252	155	361	135.527
33	maps/rooms/8room_053.map	512	512	88	211	181	183	135.912
22	maps/rooms/8room_053.map	512	512	339	462	328	511	88.4264
33	maps/rooms/8room_053.map	512	512	40	57	119	126	135.983
33	maps/rooms/8room_053.map	512	512	201	74	244	169	135.012
32	maps/rooms/8room_053.map	512	512	371	486	364	386	131.669
32	maps/rooms/8room_053.map	512	512	326	205	380	165	131.012
32	maps/rooms/8room_053.map	512	512	35	3	61	112	131.225
31	maps/rooms/8room_053.map	512	512	329	441	357	369	127.882
31	maps/rooms/8room_053.map	512	512	253	277	192	202	127.355
30	maps/rooms/8room_053.map	512	512	397	312	378	399	123.355
30	maps/rooms/8room_053.map	512	512	262	45	330	123	123.397
30	maps/rooms/8room_053.map	512	512	445	434	355	486	123.255
30	maps/rooms/8room_053.map	512	512	491	260	382	252	123.042
30	maps/rooms/8room_053.map	512	512	350	277	291	309	123.669
28	maps/rooms/8room_053.map	512	512	268	299	334	232	113.912
30	maps/rooms/8room_053.map	512	512	421	328	382	243	123.841
29	maps/rooms/8room_053.map	512	512	408	264	334	212	118.912
29	maps/rooms/8room_053.map	512	512	142	268	88	201	119.083
29	maps/rooms/8room_053.map	512	512	366	407	298	453	119.698
29	maps/rooms/8room_053.map	512	512	68	18	159	57	119.983
29	maps/rooms/8room_053.map	512	512	386	229	374	158	119.569
29	maps/rooms/8room_053.map	512	512	253	399	255	300	119.669
23	maps/rooms/8room_053.map	512	512	473	127	403	157	94.8701
29	maps/rooms/8room_053.map	512	512	426	95	323	92	119.841
29	maps/rooms/8room_053.map	512	512	236	470	308	490	119.841
29	maps/rooms/8room_053.map	512	512	410	418	355	340	119.326
28	maps/rooms/8room_053.map	512	512	502	398	429	357	115.882
16	maps/rooms/8room_053.map	512	512	24	214	37	166	66.4558
28	maps/rooms/8room_053.map	512	512	26	397	95	325	115.225
28	maps/rooms/8room_053.map	512	512	95	181	67	105	115.012
28	maps/rooms/8room_053.map	512	512	85	509	50	418	115.497
28	maps/rooms/8room_053.map	512	512	308	268	363	234	115.083
28	maps/rooms/8room_053.map	512	512	227	87	206	160	115.64
27	maps/rooms/8room_053.map	512	512	360	489	294	433	111.113
27	maps/rooms/8room_053.map	512	512	133	264	215	213	111.326
27	maps/rooms/8room_053.map	512	512	203	121	288	147	111.083
27	maps/rooms/8room_053.map	512	512	268	363	340	332	111.326
27	maps/rooms/8room_053.map	512	512	100	315	189	280	111.355
26	maps/rooms/8room_053.map	512	512	220	178	224	261	107.527
26	maps/rooms/8room_053.map	512	512	498	88	477	163	107.598
26	maps/rooms/8room_053.map	512	512	253	151	317	98	107.225
26	maps/rooms/8room_053.map	512	512	3	248	41	287	107.083
26	maps/rooms/8room_053.map	512	512	13	139	23	128	107.527
26	maps/rooms/8room_053.map	512	512	447	363	356	340	107.497
20	maps/rooms/8room_053.map	512	512	255	345	285	318	81.4264
26	maps/rooms/8room_053.map	512	512	510	3	460	76	107.184
25	maps/rooms/8room_053.map	512	512	134	109	155	173	103.184
25	maps/rooms/8room_053.map	512	512	163	60	251	79	103.184
25	maps/rooms/8room_053.map	512	512	126	435	156	355	103.113
25	maps/rooms/8room_053.map	512	512	411	298	413	233	103.083
25	maps/rooms/8room_053.map	512	512	316	243	372	204	103.184
25	maps/rooms/8room_053.map	512	512	463	335	373	350	103.184
24	maps/rooms/8room_053.map	512	512	98	156	156	94	98.9117
24	maps/rooms/8room_053.map	512	512	88	41	117	67	99.8701
24	maps/rooms/8room_053.map	512	512	94	411	160	410	99.7696
24	maps/rooms/8room_053.map	512	512	430	414	376	350	99.2548
24	maps/rooms/8room_053.map	512	512	219	104	300	104	99.7696
24	maps/rooms/8room_053.map	512	512	508	412	491	334	99.7696
20	maps/rooms/8room_053.map	512	512	264	282	307	243	81.6985
24	maps/rooms/8room_053.map	512	512	199	50	125	95	99.3259
17	maps/rooms/8room_053.map	512	512	76	114	40	116	69.3553
23	maps/rooms/8room_053.map	512	512	508	439	489	371	95.1838
23	maps/rooms/8room_053.map	512	512	189	323	258	300	95.598
23	maps/rooms/8room_053.map	512	512	309	418	329	474	95.7401
23	maps/rooms/8room_053.map	512	512	327	24	252	52	94.8406
23	maps/rooms/8room_053.map	512	512	76	429	122	366	94.9411
23	maps/rooms/8room_053.map	512	512	238	110	248	181	94.799
23	maps/rooms/8room_053.map	512	512	43	360	102	306	95.4264
23	maps/rooms/8room_053.map	512	512	325	392	378	362	95.9117
22	maps/rooms/8room_053.map	512	512	463	87	399	132	91.4264
22	maps/rooms/8room_053.map	512	512	26	16	104	15	91.5269
22	maps/rooms/8room_053.map	512	512	37	341	115	366	91.8701
22	maps/rooms/8room_053.map	512	512	44	140	117	122	90.598
22	maps/rooms/8room_053.map	512	512	195	362	228	339	91.598
21	maps/rooms/8room_053.map	512	512	357	505	354	438	87.0122
21	maps/rooms/8room_053.map	512	512	134	25	197	58	87.3553
21	maps/rooms/8room_053.map	512	512	474	461	446	419	86.8701
21	maps/rooms/8room_053.map	512	512	491	327	427	359	86.7696
21	maps/rooms/8room_053.map	512	512	12	452	56	418	87.0122
20	maps/rooms/8room_053.map	512	512	446	4	488	60	83.9411
20	maps/rooms/8room_053.map	512	512	429	436	474	482	83.7696
20	maps/rooms/8room_053.map	512	512	234	229	209	291	83.3848
20	maps/rooms/8room_053.map	512	512	373	173	329	124	82.598
20	maps/rooms/8room_053.map	512	512	298	300	244	252	83.2548
20	maps/rooms/8room_053.map	512	512	342	475	365	414	83.1127
19	maps/rooms/8room_053.map	512	512	372	344	315	349	79.6985
19	maps/rooms/8room_053.map	512	512	357	377	369	423	79.598
19	maps/rooms/8room_053.map	512	512	76	100	112	119	79.2843
19	maps/rooms/8room_053.map	512	512	386	412	388	363	79.7696
11	maps/rooms/8room_053.map	512	512	479	426	482	460	47.9706
19	maps/rooms/8room_053.map	512	512	501	359	441	362	79.1838
19	maps/rooms/8room_053.map	512	512	31	511	87	471	79.598
19	maps/rooms/8room_053.map	512	512	398	69	335	87	78.799
19	maps/rooms/8room_053.map	512	512	242	46	252	106	78.7279
19	maps/rooms/8room_053.map	512	512	220	303	257	262	79.9411
18	maps/rooms/8room_053.map	512	512	172	505	240	499	75.4558
18	maps/rooms/8room_053.map	512	512	151	5	209	21	75.3553
18	maps/rooms/8room_053.map	512	512	170	95	129	134	75.0122
18	maps/rooms/8room_053.map	512	512	435	219	376	202	75.9411
18	maps/rooms/8room_053.map	512	512	412	180	354	150	75.598
13	maps/rooms/8room_053.map	512	512	393	38	424	52	52.1127
17	maps/rooms/8room_053.map	512	512	130	223	176	186	71.2843
17	maps/rooms/8room_053.map	512	512	507	50	476	90	71.5269
17	maps/rooms/8room_053.map	512	512	124	86	71	117	71.6985
17	maps/rooms/8room_053.map	512	512	434	18	377	47	71.3553
17	maps/rooms/8room_053.map	512	512	411	414	362	435	71.6985
17	maps/rooms/8room_053.map	512	512	312	242	313	176	71.3848
17	maps/rooms/8room_053.map	512	512	84	343	139	322	71.9411
16	maps/rooms/8room_053.map	512	512	203	135	236	173	67.669
12	maps/rooms/8room_053.map	512	512	374	381	349	389	50.2132
16	maps/rooms/8room_053.map	512	512	191	359	236	380	67.2132
16	maps/rooms/8room_053.map	512	512	308	28	315	71	67.2132
16	maps/rooms/8room_053.map	512	512	98	155	145	120	67.3553
16	maps/rooms/8room_053.map	512	512	457	100	403	127	67.5269
16	maps/rooms/8room_053.map	512	512	249	299	204	328	66.8701
16	maps/rooms/8room_053.map	512	512	111	379	159	344	67.7696
16	maps/rooms/8room_053.map	512	512	122	275	169	253	67.7696
16	maps/rooms/8room_053.map	512	512	35	135	53	194	67.6274
15	maps/rooms/8room_053.map	512	512	403	392	355	411	63.0416
15	maps/rooms/8room_053.map	512	512	154	292	110	262	63.1127
15	maps/rooms/8room_053.map	512	512	168	168	207	199	63.9411
15	maps/rooms/8room_053.map	512	512	12	89	59	71	63.8701
15	maps/rooms/8room_053.map	512	512	92	330	121	366	63.3848
15	maps/rooms/8room_053.map	512	512	320	387	361	387	63.2843
15	maps/rooms/8room_053.map	512	512	427	149	388	127	63.2843
15	maps/rooms/8room_053.map	512	512	351	61	314	102	63.3553
9	maps/rooms/8room_053.map	512	512	265	84	297	94	36.1421
14	maps/rooms/8room_053.map	512	512	218	136	184	174	59.1127
14	maps/rooms/8room_053.map	512	512	364	338	415	328	59.9706
14	maps/rooms/8room_053.map	512	512	254	60	283	100	59.8701
14	maps/rooms/8room_053.map	512	512	363	373	340	334	59.2132
14	maps/rooms/8room_053.map	512	512	270	135	300	171	58.8701
14	maps/rooms/8room_053.map	512	512	138	356	138	326	58.6274
14	maps/rooms/8room_053.map	512	512	212	493	175	472	59.5563
13	maps/rooms/8room_053.map	512	512	123	421	156	391	55.0416
13	maps/rooms/8room_053.map	512	512	210	19	232	63	55.4558
13	maps/rooms/8room_053.map	512	512	149	293	114	269	54.6985
13	maps/rooms/8room_053.map	512	512	5	74	53	74	55.4558
13	maps/rooms/8room_053.map	512	512	201	329	247	313	54.6274
13	maps/rooms/8room_053.map	512	512	63	310	107	311	54.8995
13	maps/rooms/8room_053.map	512	512	218	181	240	217	55.1127
12	maps/rooms/8room_053.map	512	512	203	60	228	95	51.2132
12	maps/rooms/8room_053.map	512	512	205	502	239	477	51.6274
12	maps/rooms/8room_053.map	512	512	442	430	410	405	51.1421
12	maps/rooms/8room_053.map	512	512	61	410	45	377	51.6274
12	maps/rooms/8room_053.map	512	512	20	489	55	459	50.9411
12	maps/rooms/8room_053.map	512	512	124	426	121	386	51.8701
12	maps/rooms/8room_053.map	512	512	77	301	70	318	51.4558
12	maps/rooms/8room_053.map	512	512	99	55	116	98	51.2132
11	maps/rooms/8room_053.map	512	512	398	167	360	157	46.9706
11	maps/rooms/8room_053.map	512	512	457	284	455	241	47.9706
11	maps/rooms/8room_053.map	512	512	252	57	275	88	47.5563
11	maps/rooms/8room_053.map	512	512	463	306	422	321	47.799
11	maps/rooms/8room_053.map	512	512	18	473	54	460	47.8701
11	maps/rooms/8room_053.map	512	512	475	223	456	255	47.7279
11	maps/rooms/8room_053.map	512	512	66	237	104	216	46.6985
10	maps/rooms/8room_053.map	512	512	278	216	238	215	43.7279
10	maps/rooms/8room_053.map	512	512	467	457	486	433	43.7279
10	maps/rooms/8room_053.map	512	512	354	276	377	247	43.2132
10	maps/rooms/8room_053.map	512	512	286	426	254	409	43.7279
10	maps/rooms/8room_053.map	512	512	125	388	157	408	43.799
10	maps/rooms/8room_053.map	512	512	296	71	284	44	43.0416
10	maps/rooms/8room_053.map	512	512	52	235	54	215	43.4558
10	maps/rooms/8room_053.map	512	512	218	386	243	361	43.5563
9	maps/rooms/8room_053.map	512	512	379	197	409	212	39.0416
9	maps/rooms/8room_053.map	512	512	330	348	327	310	39.2426
9	maps/rooms/8room_053.map	512	512	375	4	411	7	39.7279
9	maps/rooms/8room_053.map	512	512	380	370	367	351	39.0711
9	maps/rooms/8room_053.map	512	512	89	260	120	277	39.2132
9	maps/rooms/8room_053.map	512	512	423	282	436	315	39.5563
9	maps/rooms/8room_053.map	512	512	304	349	286	378	39.3848
8	maps/rooms/8room_053.map	512	512	376	142	345	136	35.9706
8	maps/rooms/8room_053.map	512	512	454	233	445	212	35.4558
8	maps/rooms/8room_053.map	512	512	109	188	142	183	35.6569
8	maps/rooms/8room_053.map	512	512	84	443	103	468	35.2132
8	maps/rooms/8room_053.map	512	512	440	248	415	228	35.6274
8	maps/rooms/8room_053.map	512	512	159	442	160	410	35.7279
8	maps/rooms/8room_053.map	512	512	407	493	384	476	35.5563
8	maps/rooms/8room_053.map	512	512	322	443	349	427	35.9706
8	maps/rooms/8room_053.map	512	512	509	54	506	82	35.6274
8	maps/rooms/8room_053.map	512	512	158	12	182	19	35.1421
7	maps/rooms/8room_053.map	512	512	195	503	224	502	31.8995
7	maps/rooms/8room_053.map	512	512	104	296	79	284	31.1421
7	maps/rooms/8room_053.map	512	512	43	325	73	328	31.2426
7	maps/rooms/8room_053.map	512	512	234	178	257	162	31.9706
7	maps/rooms/8room_053.map	512	512	86	13	111	20	30.7279
7	maps/rooms/8room_053.map	512	512	214	102	234	95	30.799
7	maps/rooms/8room_053.map	512	512	475	68	478	92	30.8995
7	maps/rooms/8room_053.map	512	512	416	244	389	255	31.5563
7	maps/rooms/8room_053.map	512	512	281	331	269	306	31.1421
6	maps/rooms/8room_053.map	512	512	189	358	201	372	27.8995
6	maps/rooms/8room_053.map	512	512	197	492	224	494	27.8284
6	maps/rooms/8room_053.map	512	512	151	387	141	374	27.1421
6	maps/rooms/8room_053.map	512	512	407	452	397	474	27.8995
6	maps/rooms/8room_053.map	512	512	269	328	274	311	27.5563
6	maps/rooms/8room_053.map	512	512	54	445	48	469	27.0711
6	maps/rooms/8room_053.map	512	512	507	395	495	380	26.6569
6	maps/rooms/8room_053.map	512	512	72	356	90	351	27.7279
6	maps/rooms/8room_053.map	512	512	109	283	86	280	26.7279
5	maps/rooms/8room_053.map	512	512	154	221	159	200	23.0711
5	maps/rooms/8room_053.map	512	512	52	262	47	281	23.8995
5	maps/rooms/8room_053.map	512	512	317	474	315	482	23.0711
5	maps/rooms/8room_053.map	512	512	268	390	267	378	23.7279
5	maps/rooms/8room_053.map	512	512	251	185	253	167	23.799
5	maps/rooms/8room_053.map	512	512	109	285	89	277	23.3137
5	maps/rooms/8room_053.map	512	512	61	296	40	290	23.4853
5	maps/rooms/8room_053.map	512	512	102	72	118	59	23.7279
5	maps/rooms/8room_053.map	512	512	445	418	426	410	23.4853
4	maps/rooms/8room_053.map	512	512	413	236	414	251	19.3137
4	maps/rooms/8room_053.map	512	512	130	263	149	263	19
4	maps/rooms/8room_053.map	512	512	365	392	359	376	19.3137
4	maps/rooms/8room_053.map	512	512	108	119	119	130	19.0711
4	maps/rooms/8room_053.map	512	512	13	413	21	399	19.6569
4	maps/rooms/8room_053.map	512	512	502	402	494	417	19.4853
4	maps/rooms/8room_053.map	512	512	380	348	363	346	19.4853
4	maps/rooms/8room_053.map	512	512	504	356	491	366	19.4853
4	maps/rooms/8room_053.map	512	512	167	2	181	13	19.1421
4	maps/rooms/8room_053.map	512	512	102	341	112	330	19.4853
3	maps/rooms/8room_053.map	512	512	333	355	331	370	15.8284
3	maps/rooms/8room_053.map	512	512	305	189	300	176	15.6569
3	maps/rooms/8room_053.map	512	512	295	244	290	231	15.8995
3	maps/rooms/8room_053.map	512	512	477	412	473	398	15.6569
3	maps/rooms/8room_053.map	512	512	463	205	450	199	15.4853
3	maps/rooms/8room_053.map	512	512	125	506	134	496	15.4853
3	maps/rooms/8room_053.map	512	512	372	189	370	202	15.4853
2	maps/rooms/8room_053.map	512	512	457	151	454	161	11.2426
2	maps/rooms/8room_053.map	512	512	77	67	82	74	10.8284
2	maps/rooms/8room_053.map	512	512	207	305	207	294	11
2	maps/rooms/8room_053.map	512	512	164	158	167	168	11.8284
2	maps/rooms/8room_053.map	512	512	54	89	52	99	11.6569
2	maps/rooms/8room_053.map	512	512	479	344	470	350	11.4853
2	maps/rooms/8room_053.map	512	512	410	306	418	313	11.4853
2	maps/rooms/8room_053.map	512	512	220	166	217	176	11.2426
2	maps/rooms/8room_053.map	512	512	414	19	406	27	11.3137
2	maps/rooms/8room_053.map	512	512	111	247	119	250	11
1	maps/rooms/8room_053.map	512	512	356	146	352	151	7.24264
1	maps/rooms/8room_053.map	512	512	350	469	354	473	6.82843
1	maps/rooms/8room_053.map	512	512	108	126	102	122	7.65685
1	maps/rooms/8room_053.map	512	512	15	184	21	183	7
1	maps/rooms/8room_053.map	512	512	7	119	5	112	7.82843
1	maps/rooms/8room_053.map	512	512	252	463	252	456	7
1	maps/rooms/8room_053.map	512	512	366	442	361	437	7.07107
1	maps/rooms/8room_053.map	512	512	485	26	488	32	7.24264
1	maps/rooms/8room_053.map	512	512	280	495	286	491	7.65685
0	maps/rooms/8room_053.map	512	512	270	428	267	428	3
0	maps/rooms/8room_053.map	512	512	328	180	331	180	3
0	maps/rooms/8room_053.map	512	512	91	5	93	7	2.82843
0	maps/rooms/8room_053.map	512	512	287	93	288	91	3
0	maps/rooms/8room_053.map	512	512	213	106	215	108	2.82843
0	maps/rooms/8room_053.map	512	512	197	178	199	176	3.41421
0	maps/rooms/8room_053.map	512	512	143	319	144	317	3
0	maps/rooms/8room_053.map	512	512	63	330	65	328	3.41421
0	maps/rooms/8room_053.map	512	512	396	367	398	365	2.82843
0	maps/rooms/8room_053.map	512	512	393	438	391	436	2.82843
