version 1
84	maps/rooms/8room_007.map	512	512	187	119	71	105	337.078
46	maps/rooms/8room_007.map	512	512	413	7	293	95	185.054
114	maps/rooms/8room_007.map	512	512	293	475	272	94	458.108
47	maps/rooms/8room_007.map	512	512	471	299	502	440	191.439
98	maps/rooms/8room_007.map	512	512	431	73	306	362	393.806
125	maps/rooms/8room_007.map	512	512	347	408	135	119	502.262
89	maps/rooms/8room_007.map	512	512	220	509	75	254	357.321
127	maps/rooms/8room_007.map	512	512	468	440	471	68	511.718
45	maps/rooms/8room_007.map	512	512	174	245	319	266	181.296
67	maps/rooms/8room_007.map	512	512	248	386	350	484	268.208
70	maps/rooms/8room_007.map	512	512	255	274	34	346	280.622
29	maps/rooms/8room_007.map	512	512	489	108	461	164	118.527
34	maps/rooms/8room_007.map	512	512	293	373	264	483	136.841
73	maps/rooms/8room_007.map	512	512	164	39	396	124	294.095
32	maps/rooms/8room_007.map	512	512	406	280	326	327	129.024
39	maps/rooms/8room_007.map	512	512	89	431	141	307	156.083
66	maps/rooms/8room_007.map	512	512	504	402	292	398	266.167
38	maps/rooms/8room_007.map	512	512	94	493	15	439	153.811
84	maps/rooms/8room_007.map	512	512	116	366	391	364	339.836
34	maps/rooms/8room_007.map	512	512	120	215	54	281	136.184
102	maps/rooms/8room_007.map	512	512	399	398	75	440	411.806
86	maps/rooms/8room_007.map	512	512	67	182	53	110	347.48
75	maps/rooms/8room_007.map	512	512	54	173	106	396	300.723
64	maps/rooms/8room_007.map	512	512	319	150	139	109	256.823
98	maps/rooms/8room_007.map	512	512	308	81	302	418	395.492
98	maps/rooms/8room_007.map	512	512	447	250	219	23	392.321
73	maps/rooms/8room_007.map	512	512	357	186	441	354	294.936
70	maps/rooms/8room_007.map	512	512	290	324	481	359	283.137
127	maps/rooms/8room_007.map	512	512	445	484	386	181	511.345
20	maps/rooms/8room_007.map	512	512	151	374	87	362	83.3553
79	maps/rooms/8room_007.map	512	512	238	155	476	251	317.723
60	maps/rooms/8room_007.map	512	512	140	138	198	293	243.953
70	maps/rooms/8room_007.map	512	512	292	218	440	44	280.593
103	maps/rooms/8room_007.map	512	512	330	409	274	119	412.007
127	maps/rooms/8room_007.map	512	512	25	399	343	125	511.103
127	maps/rooms/8room_007.map	512	512	106	511	89	99	510.948
82	maps/rooms/8room_007.map	512	512	158	221	394	285	329.865
84	maps/rooms/8room_007.map	512	512	438	169	179	181	336.321
45	maps/rooms/8room_007.map	512	512	423	290	324	394	182.296
58	maps/rooms/8room_007.map	512	512	213	299	18	319	232.296
82	maps/rooms/8room_007.map	512	512	306	342	101	371	329.764
68	maps/rooms/8room_007.map	512	512	83	212	150	38	275.167
115	maps/rooms/8room_007.map	512	512	252	396	309	15	462.877
127	maps/rooms/8room_007.map	512	512	74	62	432	39	511.617
15	maps/rooms/8room_007.map	512	512	254	383	305	367	60.5563
105	maps/rooms/8room_007.map	512	512	199	107	261	436	423.735
89	maps/rooms/8room_007.map	512	512	30	216	25	27	356.551
58	maps/rooms/8room_007.map	512	512	472	71	488	245	233.196
23	maps/rooms/8room_007.map	512	512	439	363	425	434	95.0416
9	maps/rooms/8room_007.map	512	512	461	505	438	479	37.8701
70	maps/rooms/8room_007.map	512	512	499	78	456	250	283.551
127	maps/rooms/8room_007.map	512	512	301	24	136	358	511.96
78	maps/rooms/8room_007.map	512	512	357	172	202	300	314.966
61	maps/rooms/8room_007.map	512	512	476	182	298	194	246.368
44	maps/rooms/8room_007.map	512	512	496	511	444	461	176.225
71	maps/rooms/8room_007.map	512	512	133	319	267	482	287.836
127	maps/rooms/8room_007.map	512	512	14	7	241	279	511.09
109	maps/rooms/8room_007.map	512	512	102	358	205	19	436.492
116	maps/rooms/8room_007.map	512	512	399	40	294	403	464.233
84	maps/rooms/8room_007.map	512	512	28	259	216	420	338.664
33	maps/rooms/8room_007.map	512	512	78	343	136	424	133.426
86	maps/rooms/8room_007.map	512	512	185	451	438	364	344.108
31	maps/rooms/8room_007.map	512	512	346	98	260	45	126.841
127	maps/rooms/8room_007.map	512	512	301	478	271	54	510.735
56	maps/rooms/8room_007.map	512	512	254	489	431	460	226.368
100	maps/rooms/8room_007.map	512	512	360	199	265	472	400.191
127	maps/rooms/8room_007.map	512	512	419	463	236	130	511.647
96	maps/rooms/8room_007.map	512	512	311	415	264	124	384.35
79	maps/rooms/8room_007.map	512	512	258	74	86	26	318.894
88	maps/rooms/8room_007.map	512	512	504	506	294	415	354.907
127	maps/rooms/8room_007.map	512	512	52	246	433	391	511.948
126	maps/rooms/8room_007.map	512	512	318	411	118	91	507.262
126	maps/rooms/8room_007.map	512	512	446	403	218	93	506.818
39	maps/rooms/8room_007.map	512	512	89	509	195	452	156.882
70	maps/rooms/8room_007.map	512	512	461	362	501	148	283.966
126	maps/rooms/8room_007.map	512	512	445	1	169	320	507.274
84	maps/rooms/8room_007.map	512	512	452	384	237	300	336.622
126	maps/rooms/8room_007.map	512	512	55	310	424	117	507.12
126	maps/rooms/8room_007.map	512	512	84	46	345	346	507.576
110	maps/rooms/8room_007.map	512	512	57	311	411	285	443.948
118	maps/rooms/8room_007.map	512	512	179	342	484	245	474.96
88	maps/rooms/8room_007.map	512	512	331	468	488	262	352.848
107	maps/rooms/8room_007.map	512	512	356	387	202	185	429.12
87	maps/rooms/8room_007.map	512	512	361	211	143	372	350.078
73	maps/rooms/8room_007.map	512	512	377	275	227	460	293.451
123	maps/rooms/8room_007.map	512	512	178	342	475	204	493.132
76	maps/rooms/8room_007.map	512	512	115	205	56	8	306.51
66	maps/rooms/8room_007.map	512	512	279	98	118	241	267.137
47	maps/rooms/8room_007.map	512	512	244	180	148	95	191.267
86	maps/rooms/8room_007.map	512	512	291	244	501	93	344.966
126	maps/rooms/8room_007.map	512	512	201	434	330	30	506.889
99	maps/rooms/8room_007.map	512	512	99	330	427	244	399.179
49	maps/rooms/8room_007.map	512	512	77	342	223	306	196.368
45	maps/rooms/8room_007.map	512	512	77	143	218	126	181.296
13	maps/rooms/8room_007.map	512	512	219	412	179	388	55.799
110	maps/rooms/8room_007.map	512	512	204	120	239	454	443.635
22	maps/rooms/8room_007.map	512	512	323	203	377	242	89.8701
114	maps/rooms/8room_007.map	512	512	275	426	164	75	456.392
126	maps/rooms/8room_007.map	512	512	441	445	292	77	507.718
76	maps/rooms/8room_007.map	512	512	4	26	194	124	306.208
59	maps/rooms/8room_007.map	512	512	258	329	392	207	238.894
58	maps/rooms/8room_007.map	512	512	470	215	354	366	233.752
26	maps/rooms/8room_007.map	512	512	377	94	390	22	106.012
126	maps/rooms/8room_007.map	512	512	58	118	392	334	507.889
67	maps/rooms/8room_007.map	512	512	9	407	191	275	268.25
44	maps/rooms/8room_007.map	512	512	173	303	38	361	177.368
126	maps/rooms/8room_007.map	512	512	19	92	227	282	507.747
51	maps/rooms/8room_007.map	512	512	93	120	258	121	207.782
56	maps/rooms/8room_007.map	512	512	100	248	148	434	226.468
69	maps/rooms/8room_007.map	512	512	426	308	312	263	277.894
28	maps/rooms/8room_007.map	512	512	142	204	204	148	114.569
16	maps/rooms/8room_007.map	512	512	322	389	308	427	65.799
126	maps/rooms/8room_007.map	512	512	504	502	163	403	507.546
108	maps/rooms/8room_007.map	512	512	360	485	151	302	434.718
7	maps/rooms/8room_007.map	512	512	460	426	438	436	31.3137
125	maps/rooms/8room_007.map	512	512	264	132	20	470	503.245
57	maps/rooms/8room_007.map	512	512	351	364	210	244	231.267
88	maps/rooms/8room_007.map	512	512	252	265	499	346	355.321
99	maps/rooms/8room_007.map	512	512	330	147	244	459	398.392
55	maps/rooms/8room_007.map	512	512	47	221	23	382	223.225
125	maps/rooms/8room_007.map	512	512	489	230	131	28	503.505
125	maps/rooms/8room_007.map	512	512	489	366	265	29	503.274
110	maps/rooms/8room_007.map	512	512	361	243	132	487	440.019
116	maps/rooms/8room_007.map	512	512	7	237	340	380	467.22
73	maps/rooms/8room_007.map	512	512	221	15	402	38	295.966
18	maps/rooms/8room_007.map	512	512	202	466	253	441	73.3553
107	maps/rooms/8room_007.map	512	512	387	335	53	405	431.12
107	maps/rooms/8room_007.map	512	512	169	195	307	455	431.421
46	maps/rooms/8room_007.map	512	512	371	378	231	309	185.61
72	maps/rooms/8room_007.map	512	512	238	307	227	108	289.338
86	maps/rooms/8room_007.map	512	512	118	351	322	509	344.291
115	maps/rooms/8room_007.map	512	512	310	344	92	158	462.635
25	maps/rooms/8room_007.map	512	512	399	105	311	104	103.385
71	maps/rooms/8room_007.map	512	512	378	486	356	490	286.794
125	maps/rooms/8room_007.map	512	512	332	19	30	302	503.475
56	maps/rooms/8room_007.map	512	512	342	339	471	203	226.238
125	maps/rooms/8room_007.map	512	512	202	13	303	425	503.635
38	maps/rooms/8room_007.map	512	512	78	360	41	472	154.296
57	maps/rooms/8room_007.map	512	512	360	340	192	255	228.338
76	maps/rooms/8room_007.map	512	512	88	294	78	85	306.723
125	maps/rooms/8room_007.map	512	512	459	12	166	300	503.759
56	maps/rooms/8room_007.map	512	512	230	247	425	246	226.368
68	maps/rooms/8room_007.map	512	512	294	188	383	348	274.622
125	maps/rooms/8room_007.map	512	512	459	145	120	348	503.789
73	maps/rooms/8room_007.map	512	512	321	37	136	55	294.966
124	maps/rooms/8room_007.map	512	512	453	52	446	451	497.262
125	maps/rooms/8room_007.map	512	512	82	98	371	342	503.919
54	maps/rooms/8room_007.map	512	512	415	491	421	395	219.48
64	maps/rooms/8room_007.map	512	512	261	374	183	202	259.095
125	maps/rooms/8room_007.map	512	512	356	15	286	431	503.806
76	maps/rooms/8room_007.map	512	512	279	156	246	392	307.208
57	maps/rooms/8room_007.map	512	512	190	265	196	355	231.338
96	maps/rooms/8room_007.map	512	512	323	313	39	170	386.806
103	maps/rooms/8room_007.map	512	512	325	425	346	111	414.362
90	maps/rooms/8room_007.map	512	512	483	196	202	140	363.794
98	maps/rooms/8room_007.map	512	512	503	494	494	205	392.877
76	maps/rooms/8room_007.map	512	512	445	452	509	208	307.764
111	maps/rooms/8room_007.map	512	512	472	44	166	230	444.09
25	maps/rooms/8room_007.map	512	512	284	157	340	127	101.841
124	maps/rooms/8room_007.map	512	512	25	183	115	195	499.019
31	maps/rooms/8room_007.map	512	512	173	127	166	195	127.569
50	maps/rooms/8room_007.map	512	512	220	70	162	234	203.882
124	maps/rooms/8room_007.map	512	512	37	118	445	214	499.362
124	maps/rooms/8room_007.map	512	512	229	426	138	61	498.919
124	maps/rooms/8room_007.map	512	512	5	3	226	282	499.505
55	maps/rooms/8room_007.map	512	512	228	371	94	442	220.782
48	maps/rooms/8room_007.map	512	512	374	283	430	157	193.439
123	maps/rooms/8room_007.map	512	512	114	328	458	122	495.505
79	maps/rooms/8room_007.map	512	512	367	234	174	85	319.723
50	maps/rooms/8room_007.map	512	512	354	225	206	240	203.267
19	maps/rooms/8room_007.map	512	512	86	446	42	430	78.5269
23	maps/rooms/8room_007.map	512	512	61	126	67	207	93.8701
100	maps/rooms/8room_007.map	512	512	356	437	45	387	401.434
124	maps/rooms/8room_007.map	512	512	425	2	58	146	499.919
93	maps/rooms/8room_007.map	512	512	301	360	166	83	375.179
47	maps/rooms/8room_007.map	512	512	13	277	85	184	188.054
104	maps/rooms/8room_007.map	512	512	361	418	57	488	416.777
124	maps/rooms/8room_007.map	512	512	11	200	368	354	499.534
124	maps/rooms/8room_007.map	512	512	181	394	85	36	499.605
80	maps/rooms/8room_007.map	512	512	7	2	199	114	323.764
115	maps/rooms/8room_007.map	512	512	457	42	338	395	462.233
97	maps/rooms/8room_007.map	512	512	345	41	377	371	390.392
87	maps/rooms/8room_007.map	512	512	483	492	319	326	351.179
57	maps/rooms/8room_007.map	512	512	184	410	7	370	229.853
58	maps/rooms/8room_007.map	512	512	221	97	334	215	235.368
20	maps/rooms/8room_007.map	512	512	311	133	250	122	82.7696
124	maps/rooms/8room_007.map	512	512	412	329	242	50	499.475
124	maps/rooms/8room_007.map	512	512	389	415	26	293	499.919
61	maps/rooms/8room_007.map	512	512	283	429	380	253	245.208
63	maps/rooms/8room_007.map	512	512	197	335	323	418	255.409
123	maps/rooms/8room_007.map	512	512	24	89	25	288	495.019
44	maps/rooms/8room_007.map	512	512	222	252	179	100	176.64
79	maps/rooms/8room_007.map	512	512	282	444	42	506	319.279
123	maps/rooms/8room_007.map	512	512	221	15	259	426	495.049
123	maps/rooms/8room_007.map	512	512	83	53	355	332	495.818
81	maps/rooms/8room_007.map	512	512	230	210	373	15	324.451
105	maps/rooms/8room_007.map	512	512	244	387	154	94	423.978
75	maps/rooms/8room_007.map	512	512	44	421	233	250	303.907
87	maps/rooms/8room_007.map	512	512	269	106	334	366	349.936
94	maps/rooms/8room_007.map	512	512	153	70	322	317	379.179
123	maps/rooms/8room_007.map	512	512	151	440	470	210	495.132
18	maps/rooms/8room_007.map	512	512	139	233	184	202	74.1838
123	maps/rooms/8room_007.map	512	512	362	460	21	276	495.233
123	maps/rooms/8room_007.map	512	512	48	510	279	207	495.931
123	maps/rooms/8room_007.map	512	512	493	41	193	287	495.848
64	maps/rooms/8room_007.map	512	512	229	142	238	333	258.752
105	maps/rooms/8room_007.map	512	512	451	433	487	130	420.948
114	maps/rooms/8room_007.map	512	512	170	123	38	395	457.948
8	maps/rooms/8room_007.map	512	512	398	333	392	364	35.2426
42	maps/rooms/8room_007.map	512	512	266	179	376	138	169.125
105	maps/rooms/8room_007.map	512	512	245	154	52	387	421.404
60	maps/rooms/8room_007.map	512	512	363	479	215	388	243.794
101	maps/rooms/8room_007.map	512	512	477	124	153	28	406.108
123	maps/rooms/8room_007.map	512	512	3	395	411	388	493.434
56	maps/rooms/8room_007.map	512	512	172	194	314	231	226.338
14	maps/rooms/8room_007.map	512	512	329	434	291	463	59.9706
15	maps/rooms/8room_007.map	512	512	409	153	413	120	60.6985
122	maps/rooms/8room_007.map	512	512	155	377	82	11	491.049
77	maps/rooms/8room_007.map	512	512	164	291	325	102	310.409
40	maps/rooms/8room_007.map	512	512	146	479	200	375	160.711
62	maps/rooms/8room_007.map	512	512	390	196	281	331	251.238
122	maps/rooms/8room_007.map	512	512	467	460	433	132	491.688
122	maps/rooms/8room_007.map	512	512	500	504	447	124	491.375
122	maps/rooms/8room_007.map	512	512	218	480	188	95	491.877
87	maps/rooms/8room_007.map	512	512	139	211	381	326	351.208
78	maps/rooms/8room_007.map	512	512	15	200	236	147	315.522
114	maps/rooms/8room_007.map	512	512	116	22	142	364	459.262
77	maps/rooms/8room_007.map	512	512	330	392	338	167	309.936
108	maps/rooms/8room_007.map	512	512	412	42	93	147	434.534
61	maps/rooms/8room_007.map	512	512	199	377	298	275	245.995
55	maps/rooms/8room_007.map	512	512	77	227	201	235	223.095
59	maps/rooms/8room_007.map	512	512	212	356	105	298	236.723
25	maps/rooms/8room_007.map	512	512	227	452	276	379	103.255
121	maps/rooms/8room_007.map	512	512	132	482	418	219	487.759
122	maps/rooms/8room_007.map	512	512	84	83	474	215	491.362
122	maps/rooms/8room_007.map	512	512	441	47	387	423	490.718
97	maps/rooms/8room_007.map	512	512	340	45	152	278	390.078
62	maps/rooms/8room_007.map	512	512	326	393	424	508	251.652
87	maps/rooms/8room_007.map	512	512	89	69	326	38	351.321
1	maps/rooms/8room_007.map	512	512	349	363	356	361	7.82843
77	maps/rooms/8room_007.map	512	512	299	507	397	278	309.451
47	maps/rooms/8room_007.map	512	512	468	130	343	51	188.125
77	maps/rooms/8room_007.map	512	512	364	217	430	16	308.179
97	maps/rooms/8room_007.map	512	512	197	163	482	9	388.948
38	maps/rooms/8room_007.map	512	512	415	283	290	260	155.64
122	maps/rooms/8room_007.map	512	512	174	494	82	120	491.605
59	maps/rooms/8room_007.map	512	512	168	325	164	509	237.782
31	maps/rooms/8room_007.map	512	512	437	376	392	338	126.941
122	maps/rooms/8room_007.map	512	512	449	44	108	255	491.404
44	maps/rooms/8room_007.map	512	512	189	492	165	345	178.539
73	maps/rooms/8room_007.map	512	512	10	281	117	126	292.409
122	maps/rooms/8room_007.map	512	512	394	404	166	125	490.848
122	maps/rooms/8room_007.map	512	512	5	25	238	280	491.605
40	maps/rooms/8room_007.map	512	512	325	363	296	284	161.782
69	maps/rooms/8room_007.map	512	512	41	134	244	92	279.066
83	maps/rooms/8room_007.map	512	512	234	371	105	215	333.593
121	maps/rooms/8room_007.map	512	512	147	265	503	111	487.019
111	maps/rooms/8room_007.map	512	512	381	144	374	500	447.291
121	maps/rooms/8room_007.map	512	512	482	508	192	469	487.333
43	maps/rooms/8room_007.map	512	512	450	229	425	307	173.752
46	maps/rooms/8room_007.map	512	512	30	278	126	212	184.125
35	maps/rooms/8room_007.map	512	512	143	37	184	146	141.539
109	maps/rooms/8room_007.map	512	512	461	408	496	140	436.605
121	maps/rooms/8room_007.map	512	512	246	486	62	161	487.96
102	maps/rooms/8room_007.map	512	512	363	206	139	389	408.907
54	maps/rooms/8room_007.map	512	512	388	415	382	253	218.024
10	maps/rooms/8room_007.map	512	512	203	68	218	99	40.6274
72	maps/rooms/8room_007.map	512	512	229	382	446	440	290.723
121	maps/rooms/8room_007.map	512	512	163	21	147	415	487.848
50	maps/rooms/8room_007.map	512	512	227	133	335	4	200.681
121	maps/rooms/8room_007.map	512	512	326	132	41	391	484.718
19	maps/rooms/8room_007.map	512	512	39	378	102	397	76.1838
88	maps/rooms/8room_007.map	512	512	295	366	30	277	353.38
105	maps/rooms/8room_007.map	512	512	57	71	8	375	420.764
72	maps/rooms/8room_007.map	512	512	418	141	215	84	291.723
73	maps/rooms/8room_007.map	512	512	19	295	217	404	294.764
121	maps/rooms/8room_007.map	512	512	87	37	67	419	487.706
86	maps/rooms/8room_007.map	512	512	247	47	294	330	346.652
41	maps/rooms/8room_007.map	512	512	27	411	163	444	167.953
108	maps/rooms/8room_007.map	512	512	387	319	445	21	435.161
30	maps/rooms/8room_007.map	512	512	283	203	220	223	120.983
105	maps/rooms/8room_007.map	512	512	74	152	223	342	422.948
75	maps/rooms/8room_007.map	512	512	365	260	488	73	301.622
32	maps/rooms/8room_007.map	512	512	457	76	461	171	128.698
118	maps/rooms/8room_007.map	512	512	501	50	334	392	473.576
32	maps/rooms/8room_007.map	512	512	402	277	468	207	128.426
40	maps/rooms/8room_007.map	512	512	81	485	184	427	161.711
86	maps/rooms/8room_007.map	512	512	151	290	100	132	345.007
121	maps/rooms/8room_007.map	512	512	21	215	277	14	487.718
63	maps/rooms/8room_007.map	512	512	98	445	296	430	252.581
66	maps/rooms/8room_007.map	512	512	359	338	223	508	266.309
75	maps/rooms/8room_007.map	512	512	9	327	194	482	302.936
113	maps/rooms/8room_007.map	512	512	473	412	115	386	454.191
95	maps/rooms/8room_007.map	512	512	218	406	13	226	382.362
87	maps/rooms/8room_007.map	512	512	72	330	303	220	350.179
116	maps/rooms/8room_007.map	512	512	119	444	101	168	465.463
121	maps/rooms/8room_007.map	512	512	510	508	441	134	487.617
77	maps/rooms/8room_007.map	512	512	501	93	248	84	308.409
18	maps/rooms/8room_007.map	512	512	424	254	492	255	75.8701
85	maps/rooms/8room_007.map	512	512	226	136	469	170	342.238
28	maps/rooms/8room_007.map	512	512	57	379	13	305	112.184
90	maps/rooms/8room_007.map	512	512	210	219	387	412	360.936
121	maps/rooms/8room_007.map	512	512	153	31	230	370	487.019
120	maps/rooms/8room_007.map	512	512	511	392	160	477	483.262
62	maps/rooms/8room_007.map	512	512	328	426	250	246	248.652
120	maps/rooms/8room_007.map	512	512	473	242	86	358	483.919
40	maps/rooms/8room_007.map	512	512	378	294	281	251	163.296
116	maps/rooms/8room_007.map	512	512	425	123	69	56	467.919
27	maps/rooms/8room_007.map	512	512	266	280	301	195	109.397
120	maps/rooms/8room_007.map	512	512	316	414	155	72	483.777
47	maps/rooms/8room_007.map	512	512	412	184	315	98	188.338
95	maps/rooms/8room_007.map	512	512	334	118	426	346	383.362
90	maps/rooms/8room_007.map	512	512	332	429	413	181	363.777
85	maps/rooms/8room_007.map	512	512	503	437	404	212	342.392
88	maps/rooms/8room_007.map	512	512	93	382	182	172	354.38
120	maps/rooms/8room_007.map	512	512	330	476	349	92	483.919
100	maps/rooms/8room_007.map	512	512	313	473	103	249	402.534
101	maps/rooms/8room_007.map	512	512	270	87	4	184	407.576
120	maps/rooms/8room_007.map	512	512	45	180	344	377	483.463
120	maps/rooms/8room_007.map	512	512	291	237	473	468	483.09
120	maps/rooms/8room_007.map	512	512	2	293	361	121	483.877
64	maps/rooms/8room_007.map	512	512	325	344	429	478	257.137
16	maps/rooms/8room_007.map	512	512	498	22	502	73	65.4853
94	maps/rooms/8room_007.map	512	512	490	267	304	468	376.262
120	maps/rooms/8room_007.map	512	512	100	485	415	295	483.233
104	maps/rooms/8room_007.map	512	512	434	398	229	170	418.806
61	maps/rooms/8room_007.map	512	512	175	5	71	156	245.51
120	maps/rooms/8room_007.map	512	512	159	338	295	6	483.99
64	maps/rooms/8room_007.map	512	512	329	93	223	262	256.196
98	maps/rooms/8room_007.map	512	512	151	323	381	86	392.019
93	maps/rooms/8room_007.map	512	512	131	334	147	58	375.463
65	maps/rooms/8room_007.map	512	512	255	242	53	283	263.167
120	maps/rooms/8room_007.map	512	512	7	276	391	390	483.019
25	maps/rooms/8room_007.map	512	512	422	388	493	420	102.941
119	maps/rooms/8room_007.map	512	512	377	1	459	365	478.96
97	maps/rooms/8room_007.map	512	512	408	478	478	167	391.291
119	maps/rooms/8room_007.map	512	512	61	242	412	375	479.321
106	maps/rooms/8room_007.map	512	512	329	299	438	501	426.12
97	maps/rooms/8room_007.map	512	512	342	291	169	508	391.362
119	maps/rooms/8room_007.map	512	512	395	166	41	255	479.593
83	maps/rooms/8room_007.map	512	512	232	427	219	178	335.865
24	maps/rooms/8room_007.map	512	512	133	182	213	170	97.598
65	maps/rooms/8room_007.map	512	512	354	91	501	251	262.522
119	maps/rooms/8room_007.map	512	512	202	2	173	397	479.362
103	maps/rooms/8room_007.map	512	512	106	484	207	185	413.22
28	maps/rooms/8room_007.map	512	512	459	243	502	323	112.497
95	maps/rooms/8room_007.map	512	512	141	93	233	306	380.179
112	maps/rooms/8room_007.map	512	512	277	214	345	484	449.321
25	maps/rooms/8room_007.map	512	512	438	391	361	367	102.113
94	maps/rooms/8room_007.map	512	512	340	367	285	89	376.38
119	maps/rooms/8room_007.map	512	512	478	255	90	362	479.09
66	maps/rooms/8room_007.map	512	512	45	223	204	334	264.51
64	maps/rooms/8room_007.map	512	512	131	324	69	498	258.125
119	maps/rooms/8room_007.map	512	512	357	492	303	181	479.291
119	maps/rooms/8room_007.map	512	512	469	281	147	72	479.676
98	maps/rooms/8room_007.map	512	512	492	278	203	147	395.764
51	maps/rooms/8room_007.map	512	512	188	316	153	197	207.924
6	maps/rooms/8room_007.map	512	512	298	447	309	459	27.7279
38	maps/rooms/8room_007.map	512	512	6	345	116	408	155.953
119	maps/rooms/8room_007.map	512	512	460	79	146	331	479.546
38	maps/rooms/8room_007.map	512	512	108	260	199	315	155.698
119	maps/rooms/8room_007.map	512	512	14	108	295	159	479.546
55	maps/rooms/8room_007.map	512	512	376	294	466	351	221.024
76	maps/rooms/8room_007.map	512	512	230	207	374	322	306.823
95	maps/rooms/8room_007.map	512	512	346	410	372	172	382.191
119	maps/rooms/8room_007.map	512	512	430	52	61	63	479.99
87	maps/rooms/8room_007.map	512	512	325	397	218	154	350.593
118	maps/rooms/8room_007.map	512	512	406	138	55	290	475.392
26	maps/rooms/8room_007.map	512	512	100	285	93	208	104.184
71	maps/rooms/8room_007.map	512	512	174	310	290	119	286.723
118	maps/rooms/8room_007.map	512	512	263	265	46	39	475.132
65	maps/rooms/8room_007.map	512	512	407	250	278	75	261.865
116	maps/rooms/8room_007.map	512	512	86	23	442	69	466.978
118	maps/rooms/8room_007.map	512	512	184	476	158	142	475.848
72	maps/rooms/8room_007.map	512	512	263	122	266	366	291.409
98	maps/rooms/8room_007.map	512	512	389	169	158	44	395.12
68	maps/rooms/8room_007.map	512	512	243	366	94	381	275.664
21	maps/rooms/8room_007.map	512	512	474	220	494	277	87.5269
23	maps/rooms/8room_007.map	512	512	468	86	508	148	95.4558
97	maps/rooms/8room_007.map	512	512	11	322	300	428	391.534
73	maps/rooms/8room_007.map	512	512	399	491	474	495	295.451
84	maps/rooms/8room_007.map	512	512	175	138	146	373	336.108
88	maps/rooms/8room_007.map	512	512	200	135	221	377	354.865
74	maps/rooms/8room_007.map	512	512	233	73	247	277	298.995
66	maps/rooms/8room_007.map	512	512	238	395	438	420	265.066
40	maps/rooms/8room_007.map	512	512	142	474	95	382	160.095
98	maps/rooms/8room_007.map	512	512	371	457	393	148	392.563
118	maps/rooms/8room_007.map	512	512	27	217	405	206	475.492
68	maps/rooms/8room_007.map	512	512	334	397	125	479	273.652
69	maps/rooms/8room_007.map	512	512	354	333	196	181	276.995
118	maps/rooms/8room_007.map	512	512	482	223	156	22	475.434
52	maps/rooms/8room_007.map	512	512	222	389	318	503	210.167
91	maps/rooms/8room_007.map	512	512	438	267	220	78	367.108
68	maps/rooms/8room_007.map	512	512	313	227	156	98	272.894
118	maps/rooms/8room_007.map	512	512	99	13	427	228	475.09
107	maps/rooms/8room_007.map	512	512	413	338	500	35	431.12
88	maps/rooms/8room_007.map	512	512	260	407	5	505	354.078
37	maps/rooms/8room_007.map	512	512	238	370	297	475	151.255
79	maps/rooms/8room_007.map	512	512	122	239	126	29	319.037
13	maps/rooms/8room_007.map	512	512	77	450	105	442	53.2132
83	maps/rooms/8room_007.map	512	512	137	312	334	122	333.108
79	maps/rooms/8room_007.map	512	512	498	269	334	410	318.664
118	maps/rooms/8room_007.map	512	512	408	109	61	290	475.563
105	maps/rooms/8room_007.map	512	512	228	223	90	487	420.049
116	maps/rooms/8room_007.map	512	512	344	154	277	507	465.22
99	maps/rooms/8room_007.map	512	512	399	3	131	45	399.563
108	maps/rooms/8room_007.map	512	512	441	36	505	378	433.262
22	maps/rooms/8room_007.map	512	512	210	457	255	391	91.0833
118	maps/rooms/8room_007.map	512	512	92	488	425	311	475.161
110	maps/rooms/8room_007.map	512	512	469	143	125	171	443.321
117	maps/rooms/8room_007.map	512	512	262	205	187	501	471.818
117	maps/rooms/8room_007.map	512	512	318	492	462	482	468.09
117	maps/rooms/8room_007.map	512	512	359	444	467	121	471.09
91	maps/rooms/8room_007.map	512	512	107	130	151	349	367.894
94	maps/rooms/8room_007.map	512	512	205	279	460	171	376.037
66	maps/rooms/8room_007.map	512	512	389	294	347	66	264.652
117	maps/rooms/8room_007.map	512	512	340	475	428	124	471.233
107	maps/rooms/8room_007.map	512	512	137	334	354	52	429.777
67	maps/rooms/8room_007.map	512	512	46	26	245	73	269.238
117	maps/rooms/8room_007.map	512	512	18	69	357	75	471.434
49	maps/rooms/8room_007.map	512	512	509	90	479	180	198.125
19	maps/rooms/8room_007.map	512	512	110	46	53	71	76.3848
117	maps/rooms/8room_007.map	512	512	431	460	197	188	471.362
77	maps/rooms/8room_007.map	512	512	116	429	347	503	308.421
117	maps/rooms/8room_007.map	512	512	451	162	142	334	471.718
117	maps/rooms/8room_007.map	512	512	334	424	173	86	471.049
117	maps/rooms/8room_007.map	512	512	196	30	473	282	471.434
117	maps/rooms/8room_007.map	512	512	492	467	176	399	471.061
106	maps/rooms/8room_007.map	512	512	265	242	82	475	426.191
67	maps/rooms/8room_007.map	512	512	478	134	242	84	269.338
55	maps/rooms/8room_007.map	512	512	194	149	90	8	221.752
116	maps/rooms/8room_007.map	512	512	55	86	106	285	467.907
112	maps/rooms/8room_007.map	512	512	114	479	188	111	449.463
102	maps/rooms/8room_007.map	512	512	460	184	262	420	411.848
15	maps/rooms/8room_007.map	512	512	173	466	197	505	62.9411
40	maps/rooms/8room_007.map	512	512	290	172	197	252	160.296
82	maps/rooms/8room_007.map	512	512	266	323	342	43	331.279
20	maps/rooms/8room_007.map	512	512	390	169	425	218	80.5269
50	maps/rooms/8room_007.map	512	512	264	210	324	270	202.024
116	maps/rooms/8room_007.map	512	512	309	195	100	7	467.434
116	maps/rooms/8room_007.map	512	512	104	148	358	335	467.635
55	maps/rooms/8room_007.map	512	512	345	226	234	106	223.811
116	maps/rooms/8room_007.map	512	512	38	510	269	222	467.96
115	maps/rooms/8room_007.map	512	512	20	140	292	101	463.777
16	maps/rooms/8room_007.map	512	512	364	263	377	238	64.2843
59	maps/rooms/8room_007.map	512	512	14	247	166	275	236.61
78	maps/rooms/8room_007.map	512	512	359	189	296	411	313.25
115	maps/rooms/8room_007.map	512	512	509	10	276	287	463.262
115	maps/rooms/8room_007.map	512	512	61	238	364	143	463.563
115	maps/rooms/8room_007.map	512	512	102	150	455	212	463.392
96	maps/rooms/8room_007.map	512	512	348	446	350	190	385.321
63	maps/rooms/8room_007.map	512	512	190	234	36	323	254.48
100	maps/rooms/8room_007.map	512	512	98	28	87	258	400.806
115	maps/rooms/8room_007.map	512	512	43	15	111	342	463.492
115	maps/rooms/8room_007.map	512	512	372	489	104	285	463.647
115	maps/rooms/8room_007.map	512	512	54	95	273	197	463.09
94	maps/rooms/8room_007.map	512	512	301	315	104	124	376.593
13	maps/rooms/8room_007.map	512	512	200	301	195	321	54.6569
112	maps/rooms/8room_007.map	512	512	66	501	326	313	448.676
114	maps/rooms/8room_007.map	512	512	249	40	313	425	459.492
39	maps/rooms/8room_007.map	512	512	111	203	60	251	157.77
66	maps/rooms/8room_007.map	512	512	237	150	386	285	267.782
114	maps/rooms/8room_007.map	512	512	72	105	42	255	459.22
110	maps/rooms/8room_007.map	512	512	50	38	382	159	441.333
77	maps/rooms/8room_007.map	512	512	12	356	247	343	309.321
94	maps/rooms/8room_007.map	512	512	82	22	331	186	378.321
114	maps/rooms/8room_007.map	512	512	46	508	314	307	459.333
114	maps/rooms/8room_007.map	512	512	62	35	386	197	459.019
48	maps/rooms/8room_007.map	512	512	45	147	146	24	195.196
78	maps/rooms/8room_007.map	512	512	210	261	90	50	314.037
74	maps/rooms/8room_007.map	512	512	135	259	55	123	297.522
46	maps/rooms/8room_007.map	512	512	301	247	348	356	184.225
114	maps/rooms/8room_007.map	512	512	360	164	46	44	459.019
114	maps/rooms/8room_007.map	512	512	453	374	195	154	458.978
113	maps/rooms/8room_007.map	512	512	493	476	217	276	455.362
57	maps/rooms/8room_007.map	512	512	189	403	311	413	230.167
43	maps/rooms/8room_007.map	512	512	126	187	52	168	173.125
96	maps/rooms/8room_007.map	512	512	283	47	118	40	387.421
82	maps/rooms/8room_007.map	512	512	69	200	294	292	329.593
66	maps/rooms/8room_007.map	512	512	102	122	312	85	267.309
99	maps/rooms/8room_007.map	512	512	346	270	219	42	397.208
73	maps/rooms/8room_007.map	512	512	172	331	314	142	292.48
43	maps/rooms/8room_007.map	512	512	389	397	412	266	173.296
95	maps/rooms/8room_007.map	512	512	76	291	391	364	381.179
113	maps/rooms/8room_007.map	512	512	137	413	138	61	455.434
102	maps/rooms/8room_007.map	512	512	158	154	443	38	409.492
90	maps/rooms/8room_007.map	512	512	404	393	307	158	363.764
113	maps/rooms/8room_007.map	512	512	451	219	114	373	455.191
113	maps/rooms/8room_007.map	512	512	212	437	379	99	455.032
113	maps/rooms/8room_007.map	512	512	19	197	347	92	455.919
59	maps/rooms/8room_007.map	512	512	333	494	185	402	238.853
29	maps/rooms/8room_007.map	512	512	370	56	303	86	119.426
113	maps/rooms/8room_007.map	512	512	11	125	291	100	454.605
113	maps/rooms/8room_007.map	512	512	424	460	200	195	454.948
91	maps/rooms/8room_007.map	512	512	115	188	173	325	366.664
107	maps/rooms/8room_007.map	512	512	44	366	61	71	429.22
113	maps/rooms/8room_007.map	512	512	461	213	116	370	455.948
78	maps/rooms/8room_007.map	512	512	399	213	147	185	315.137
91	maps/rooms/8room_007.map	512	512	72	38	312	99	366.706
113	maps/rooms/8room_007.map	512	512	427	130	226	437	455.304
112	maps/rooms/8room_007.map	512	512	178	28	252	382	451.321
112	maps/rooms/8room_007.map	512	512	47	98	263	187	450.605
112	maps/rooms/8room_007.map	512	512	0	172	83	183	451.706
91	maps/rooms/8room_007.map	512	512	57	467	207	316	365.735
93	maps/rooms/8room_007.map	512	512	252	397	329	95	372.179
112	maps/rooms/8room_007.map	512	512	51	498	56	179	451.907
68	maps/rooms/8room_007.map	512	512	156	235	91	380	275.823
0	maps/rooms/8room_007.map	512	512	61	38	59	41	3.82843
75	maps/rooms/8room_007.map	512	512	296	143	300	360	301.551
112	maps/rooms/8room_007.map	512	512	29	172	54	200	451.534
110	maps/rooms/8room_007.map	512	512	174	56	39	332	442.262
110	maps/rooms/8room_007.map	512	512	55	279	78	26	441.907
52	maps/rooms/8room_007.map	512	512	297	211	328	268	209.196
72	maps/rooms/8room_007.map	512	512	341	366	132	491	290.693
111	maps/rooms/8room_007.map	512	512	285	482	25	248	447.848
112	maps/rooms/8room_007.map	512	512	293	185	492	420	451.362
110	maps/rooms/8room_007.map	512	512	335	267	101	509	443.505
71	maps/rooms/8room_007.map	512	512	218	419	63	282	285.279
112	maps/rooms/8room_007.map	512	512	250	86	406	399	451.534
111	maps/rooms/8room_007.map	512	512	227	23	371	344	447.291
111	maps/rooms/8room_007.map	512	512	214	9	116	365	447.505
111	maps/rooms/8room_007.map	512	512	242	350	355	91	447.605
111	maps/rooms/8room_007.map	512	512	101	47	426	227	447.333
93	maps/rooms/8room_007.map	512	512	279	91	312	388	372.35
61	maps/rooms/8room_007.map	512	512	445	373	454	190	247.865
111	maps/rooms/8room_007.map	512	512	26	11	304	175	447.505
87	maps/rooms/8room_007.map	512	512	31	290	266	428	348.421
111	maps/rooms/8room_007.map	512	512	21	185	81	179	447.22
98	maps/rooms/8room_007.map	512	512	367	267	491	499	395.279
111	maps/rooms/8room_007.map	512	512	89	234	406	39	446.333
72	maps/rooms/8room_007.map	512	512	309	23	219	236	290.48
99	maps/rooms/8room_007.map	512	512	316	233	502	419	397.279
83	maps/rooms/8room_007.map	512	512	127	188	167	291	334.723
50	maps/rooms/8room_007.map	512	512	153	217	85	139	201.539
110	maps/rooms/8room_007.map	512	512	181	510	420	310	443.434
36	maps/rooms/8room_007.map	512	512	127	245	44	239	147.326
110	maps/rooms/8room_007.map	512	512	12	247	270	94	443.434
67	maps/rooms/8room_007.map	512	512	456	250	307	83	270.451
81	maps/rooms/8room_007.map	512	512	275	470	110	294	324.078
64	maps/rooms/8room_007.map	512	512	132	485	284	342	257.693
72	maps/rooms/8room_007.map	512	512	267	92	285	330	288.066
109	maps/rooms/8room_007.map	512	512	50	247	287	500	439.747
109	maps/rooms/8room_007.map	512	512	5	271	361	380	439.049
58	maps/rooms/8room_007.map	512	512	93	367	267	430	235.894
109	maps/rooms/8room_007.map	512	512	168	470	314	150	439.505
78	maps/rooms/8room_007.map	512	512	132	263	158	89	313.421
66	maps/rooms/8room_007.map	512	512	311	507	131	492	264.622
109	maps/rooms/8room_007.map	512	512	427	269	134	495	439.475
62	maps/rooms/8room_007.map	512	512	246	122	439	183	249.581
24	maps/rooms/8room_007.map	512	512	79	457	150	487	99.669
79	maps/rooms/8room_007.map	512	512	174	214	426	120	317.966
46	maps/rooms/8room_007.map	512	512	424	126	290	188	184.853
77	maps/rooms/8room_007.map	512	512	296	270	340	459	310.279
97	maps/rooms/8room_007.map	512	512	206	241	468	377	390.392
89	maps/rooms/8room_007.map	512	512	281	206	20	229	358.693
109	maps/rooms/8room_007.map	512	512	488	45	187	207	439.978
109	maps/rooms/8room_007.map	512	512	468	195	119	310	439.421
48	maps/rooms/8room_007.map	512	512	38	168	12	293	195.125
100	maps/rooms/8room_007.map	512	512	255	211	24	467	400.889
109	maps/rooms/8room_007.map	512	512	30	492	62	155	439.978
24	maps/rooms/8room_007.map	512	512	468	110	505	167	97.2548
73	maps/rooms/8room_007.map	512	512	85	148	171	243	294.522
40	maps/rooms/8room_007.map	512	512	264	226	274	106	163.74
75	maps/rooms/8room_007.map	512	512	307	290	130	418	303.007
62	maps/rooms/8room_007.map	512	512	383	391	229	347	249.539
109	maps/rooms/8room_007.map	512	512	199	468	487	246	439.546
108	maps/rooms/8room_007.map	512	512	376	422	197	174	435.978
28	maps/rooms/8room_007.map	512	512	50	40	133	83	115.598
108	maps/rooms/8room_007.map	512	512	218	459	186	138	435.978
98	maps/rooms/8room_007.map	512	512	377	408	133	280	394.049
108	maps/rooms/8room_007.map	512	512	498	491	447	162	435.99
40	maps/rooms/8room_007.map	512	512	184	453	333	454	161.841
108	maps/rooms/8room_007.map	512	512	453	233	95	202	434.664
65	maps/rooms/8room_007.map	512	512	165	127	381	107	263.48
108	maps/rooms/8room_007.map	512	512	11	131	198	174	434.676
58	maps/rooms/8room_007.map	512	512	405	99	222	107	233.711
41	maps/rooms/8room_007.map	512	512	73	349	106	242	165.841
77	maps/rooms/8room_007.map	512	512	58	347	274	246	310.179
31	maps/rooms/8room_007.map	512	512	405	150	441	61	124.882
108	maps/rooms/8room_007.map	512	512	202	409	405	143	434.848
107	maps/rooms/8room_007.map	512	512	8	358	262	126	431.22
107	maps/rooms/8room_007.map	512	512	140	121	459	254	430.877
91	maps/rooms/8room_007.map	512	512	295	445	482	266	367.605
91	maps/rooms/8room_007.map	512	512	271	446	276	159	365.037
17	maps/rooms/8room_007.map	512	512	38	440	19	393	71.1127
106	maps/rooms/8room_007.map	512	512	63	35	124	343	424.463
51	maps/rooms/8room_007.map	512	512	51	284	9	420	206.024
107	maps/rooms/8room_007.map	512	512	54	82	216	220	431.706
74	maps/rooms/8room_007.map	512	512	261	82	34	6	296.095
107	maps/rooms/8room_007.map	512	512	38	449	316	226	431.96
92	maps/rooms/8room_007.map	512	512	218	315	502	211	370.208
106	maps/rooms/8room_007.map	512	512	247	452	194	135	427.078
90	maps/rooms/8room_007.map	512	512	402	280	175	152	362.137
74	maps/rooms/8room_007.map	512	512	213	214	420	285	298.066
106	maps/rooms/8room_007.map	512	512	425	409	76	412	426.978
106	maps/rooms/8room_007.map	512	512	7	459	277	219	427.99
82	maps/rooms/8room_007.map	512	512	60	474	23	254	330.137
106	maps/rooms/8room_007.map	512	512	495	8	190	68	427.534
106	maps/rooms/8room_007.map	512	512	40	228	296	426	427.019
79	maps/rooms/8room_007.map	512	512	456	286	261	455	316.492
106	maps/rooms/8room_007.map	512	512	489	284	187	137	427.492
106	maps/rooms/8room_007.map	512	512	316	60	65	291	427.262
105	maps/rooms/8room_007.map	512	512	15	295	47	31	423.664
91	maps/rooms/8room_007.map	512	512	195	61	484	140	367.522
105	maps/rooms/8room_007.map	512	512	40	349	388	373	423.706
105	maps/rooms/8room_007.map	512	512	63	74	273	317	423.735
104	maps/rooms/8room_007.map	512	512	424	31	142	152	419.392
104	maps/rooms/8room_007.map	512	512	134	303	402	88	419.676
19	maps/rooms/8room_007.map	512	512	389	298	330	312	76.799
79	maps/rooms/8room_007.map	512	512	338	230	399	5	316.35
51	maps/rooms/8room_007.map	512	512	405	115	264	196	205.539
104	maps/rooms/8room_007.map	512	512	323	450	466	198	419.333
75	maps/rooms/8room_007.map	512	512	237	244	89	76	302.936
45	maps/rooms/8room_007.map	512	512	468	483	431	457	183.368
79	maps/rooms/8room_007.map	512	512	330	399	466	470	318.38
68	maps/rooms/8room_007.map	512	512	243	111	390	258	275.823
104	maps/rooms/8room_007.map	512	512	9	67	250	172	416.434
84	maps/rooms/8room_007.map	512	512	323	229	71	172	336.137
53	maps/rooms/8room_007.map	512	512	181	313	219	360	213.995
59	maps/rooms/8room_007.map	512	512	249	222	77	291	239.752
104	maps/rooms/8room_007.map	512	512	506	286	194	138	419.907
91	maps/rooms/8room_007.map	512	512	72	301	377	296	367.421
38	maps/rooms/8room_007.map	512	512	357	309	443	318	154.054
16	maps/rooms/8room_007.map	512	512	236	119	202	92	67.6274
71	maps/rooms/8room_007.map	512	512	100	98	328	94	285.137
58	maps/rooms/8room_007.map	512	512	149	291	309	348	235.752
76	maps/rooms/8room_007.map	512	512	293	12	207	212	307.865
104	maps/rooms/8room_007.map	512	512	477	286	150	308	419.735
72	maps/rooms/8room_007.map	512	512	100	172	157	255	290.794
104	maps/rooms/8room_007.map	512	512	67	214	369	247	419.978
25	maps/rooms/8room_007.map	512	512	439	3	447	59	101.841
65	maps/rooms/8room_007.map	512	512	233	232	393	325	260.179
104	maps/rooms/8room_007.map	512	512	42	498	60	191	419.35
71	maps/rooms/8room_007.map	512	512	470	427	252	460	286.38
44	maps/rooms/8room_007.map	512	512	443	237	344	297	177.125
103	maps/rooms/8room_007.map	512	512	198	446	194	144	415.362
103	maps/rooms/8room_007.map	512	512	131	435	319	151	414.735
78	maps/rooms/8room_007.map	512	512	426	331	247	235	315.978
32	maps/rooms/8room_007.map	512	512	14	328	45	231	130.042
87	maps/rooms/8room_007.map	512	512	458	325	217	451	349.593
92	maps/rooms/8room_007.map	512	512	123	286	326	424	371.735
37	maps/rooms/8room_007.map	512	512	103	123	199	103	150.225
12	maps/rooms/8room_007.map	512	512	466	329	437	298	51.2132
103	maps/rooms/8room_007.map	512	512	104	42	117	368	415.836
103	maps/rooms/8room_007.map	512	512	88	155	110	403	415.563
103	maps/rooms/8room_007.map	512	512	61	50	323	239	415.392
30	maps/rooms/8room_007.map	512	512	205	68	163	157	123.225
50	maps/rooms/8room_007.map	512	512	357	226	499	280	200.61
70	maps/rooms/8room_007.map	512	512	221	229	348	52	282.451
64	maps/rooms/8room_007.map	512	512	380	348	371	140	257.652
74	maps/rooms/8room_007.map	512	512	178	279	253	467	298.421
103	maps/rooms/8room_007.map	512	512	360	478	79	362	415.434
65	maps/rooms/8room_007.map	512	512	322	6	415	200	261.066
67	maps/rooms/8room_007.map	512	512	157	430	271	298	270.551
103	maps/rooms/8room_007.map	512	512	74	236	367	354	415.35
63	maps/rooms/8room_007.map	512	512	296	245	105	244	253.137
102	maps/rooms/8room_007.map	512	512	502	345	283	98	411.12
30	maps/rooms/8room_007.map	512	512	185	309	98	367	120.983
64	maps/rooms/8room_007.map	512	512	219	265	383	163	257.681
102	maps/rooms/8room_007.map	512	512	95	152	407	207	411.836
102	maps/rooms/8room_007.map	512	512	212	92	374	357	411.635
92	maps/rooms/8room_007.map	512	512	135	66	412	200	368.563
102	maps/rooms/8room_007.map	512	512	488	480	260	286	411.806
95	maps/rooms/8room_007.map	512	512	488	211	166	291	381.966
68	maps/rooms/8room_007.map	512	512	274	430	283	197	273.238
102	maps/rooms/8room_007.map	512	512	73	151	369	72	411.735
102	maps/rooms/8room_007.map	512	512	19	330	331	222	411.806
101	maps/rooms/8room_007.map	512	512	12	397	289	204	407.262
30	maps/rooms/8room_007.map	512	512	441	414	487	334	120.912
92	maps/rooms/8room_007.map	512	512	376	155	139	315	371.25
38	maps/rooms/8room_007.map	512	512	383	45	454	138	154.368
101	maps/rooms/8room_007.map	512	512	186	149	377	370	407.078
59	maps/rooms/8room_007.map	512	512	465	254	378	391	238.894
101	maps/rooms/8room_007.map	512	512	437	41	201	277	407.019
101	maps/rooms/8room_007.map	512	512	500	294	250	82	407.12
91	maps/rooms/8room_007.map	512	512	236	427	100	194	367.25
33	maps/rooms/8room_007.map	512	512	191	393	287	387	132.225
101	maps/rooms/8room_007.map	512	512	382	34	168	298	407.706
43	maps/rooms/8room_007.map	512	512	316	269	253	361	173.368
101	maps/rooms/8room_007.map	512	512	179	45	16	245	407.149
101	maps/rooms/8room_007.map	512	512	491	291	211	126	407.735
101	maps/rooms/8room_007.map	512	512	53	386	329	225	407.09
100	maps/rooms/8room_007.map	512	512	499	312	227	153	402.907
50	maps/rooms/8room_007.map	512	512	161	443	149	269	202.811
55	maps/rooms/8room_007.map	512	512	277	72	398	215	220.066
100	maps/rooms/8room_007.map	512	512	491	354	264	149	403.664
100	maps/rooms/8room_007.map	512	512	14	487	58	181	402.936
93	maps/rooms/8room_007.map	512	512	168	508	392	502	374.392
100	maps/rooms/8room_007.map	512	512	92	446	339	243	403.463
83	maps/rooms/8room_007.map	512	512	229	236	98	38	333.836
100	maps/rooms/8room_007.map	512	512	322	230	47	230	403.635
20	maps/rooms/8room_007.map	512	512	429	102	386	151	83.8406
94	maps/rooms/8room_007.map	512	512	426	131	118	110	376.179
99	maps/rooms/8room_007.map	512	512	427	471	389	172	399.978
99	maps/rooms/8room_007.map	512	512	142	379	468	389	398.735
99	maps/rooms/8room_007.map	512	512	511	75	207	41	399.764
59	maps/rooms/8room_007.map	512	512	38	200	135	157	238.51
89	maps/rooms/8room_007.map	512	512	393	265	174	460	359.806
99	maps/rooms/8room_007.map	512	512	84	215	430	207	399.764
33	maps/rooms/8room_007.map	512	512	260	282	148	290	132.569
99	maps/rooms/8room_007.map	512	512	494	406	216	256	399.664
87	maps/rooms/8room_007.map	512	512	217	45	380	255	350.681
83	maps/rooms/8room_007.map	512	512	367	485	157	403	333.262
53	maps/rooms/8room_007.map	512	512	389	439	318	491	212.439
97	maps/rooms/8room_007.map	512	512	479	206	144	216	391.794
96	maps/rooms/8room_007.map	512	512	237	360	244	156	385.735
97	maps/rooms/8room_007.map	512	512	4	267	316	361	391.078
92	maps/rooms/8room_007.map	512	512	111	444	373	490	370.108
50	maps/rooms/8room_007.map	512	512	340	378	392	226	202.51
51	maps/rooms/8room_007.map	512	512	79	230	197	311	205.569
70	maps/rooms/8room_007.map	512	512	469	468	339	454	280.551
86	maps/rooms/8room_007.map	512	512	44	403	328	425	347.764
97	maps/rooms/8room_007.map	512	512	15	428	296	274	391.291
96	maps/rooms/8room_007.map	512	512	5	418	248	222	387.191
96	maps/rooms/8room_007.map	512	512	285	395	81	178	387.735
36	maps/rooms/8room_007.map	512	512	423	185	338	186	146.569
63	maps/rooms/8room_007.map	512	512	298	442	227	290	253.024
96	maps/rooms/8room_007.map	512	512	445	179	159	236	387.007
86	maps/rooms/8room_007.map	512	512	477	210	266	412	347.049
6	maps/rooms/8room_007.map	512	512	445	110	425	105	27.0416
96	maps/rooms/8room_007.map	512	512	303	262	24	415	387.706
96	maps/rooms/8room_007.map	512	512	99	214	228	471	387.706
95	maps/rooms/8room_007.map	512	512	71	450	279	210	383.362
86	maps/rooms/8room_007.map	512	512	370	242	142	146	347.924
95	maps/rooms/8room_007.map	512	512	77	456	373	350	383.563
95	maps/rooms/8room_007.map	512	512	443	255	197	469	383.848
92	maps/rooms/8room_007.map	512	512	454	387	157	411	368.764
95	maps/rooms/8room_007.map	512	512	54	120	376	150	383.421
29	maps/rooms/8room_007.map	512	512	103	252	24	302	118.012
94	maps/rooms/8room_007.map	512	512	324	431	199	158	379.865
56	maps/rooms/8room_007.map	512	512	86	211	260	135	225.823
94	maps/rooms/8room_007.map	512	512	231	424	233	130	379.078
16	maps/rooms/8room_007.map	512	512	269	42	279	90	67.0122
72	maps/rooms/8room_007.map	512	512	268	196	101	34	291.936
94	maps/rooms/8room_007.map	512	512	252	450	197	179	379.279
93	maps/rooms/8room_007.map	512	512	38	111	92	203	375.037
93	maps/rooms/8room_007.map	512	512	204	473	393	233	375.291
89	maps/rooms/8room_007.map	512	512	367	295	270	47	358.12
78	maps/rooms/8room_007.map	512	512	287	362	147	199	315.894
93	maps/rooms/8room_007.map	512	512	312	159	34	225	375.279
27	maps/rooms/8room_007.map	512	512	122	137	178	106	110.154
71	maps/rooms/8room_007.map	512	512	341	251	328	35	287.953
36	maps/rooms/8room_007.map	512	512	507	335	445	255	144.468
93	maps/rooms/8room_007.map	512	512	167	280	425	383	375.392
39	maps/rooms/8room_007.map	512	512	332	125	301	255	157.569
93	maps/rooms/8room_007.map	512	512	114	361	409	460	375.948
86	maps/rooms/8room_007.map	512	512	383	117	117	38	347.208
92	maps/rooms/8room_007.map	512	512	505	126	209	153	371.693
53	maps/rooms/8room_007.map	512	512	395	216	232	158	213.368
92	maps/rooms/8room_007.map	512	512	61	312	359	332	371.179
34	maps/rooms/8room_007.map	512	512	229	267	200	153	139.426
92	maps/rooms/8room_007.map	512	512	422	302	182	428	370.978
92	maps/rooms/8room_007.map	512	512	474	470	394	271	371.108
90	maps/rooms/8room_007.map	512	512	216	429	261	143	363.25
23	maps/rooms/8room_007.map	512	512	389	324	341	319	92.2548
90	maps/rooms/8room_007.map	512	512	84	426	61	125	363.037
90	maps/rooms/8room_007.map	512	512	7	111	73	170	363.007
59	maps/rooms/8room_007.map	512	512	154	204	331	165	236.752
90	maps/rooms/8room_007.map	512	512	346	155	136	336	363.635
90	maps/rooms/8room_007.map	512	512	338	190	371	431	363.421
47	maps/rooms/8room_007.map	512	512	272	222	315	66	191.468
82	maps/rooms/8room_007.map	512	512	259	223	172	445	329.693
76	maps/rooms/8room_007.map	512	512	141	255	266	439	305.309
80	maps/rooms/8room_007.map	512	512	138	79	348	23	321.865
89	maps/rooms/8room_007.map	512	512	195	445	311	173	359.706
89	maps/rooms/8room_007.map	512	512	381	237	136	365	359.108
89	maps/rooms/8room_007.map	512	512	437	468	323	419	359.049
89	maps/rooms/8room_007.map	512	512	458	211	187	95	359.108
76	maps/rooms/8room_007.map	512	512	182	232	418	279	304.723
47	maps/rooms/8room_007.map	512	512	123	228	102	124	190.64
81	maps/rooms/8room_007.map	512	512	68	290	309	343	326.794
74	maps/rooms/8room_007.map	512	512	335	278	493	430	296.652
71	maps/rooms/8room_007.map	512	512	377	403	151	444	287.894
89	maps/rooms/8room_007.map	512	512	453	213	286	464	359.806
88	maps/rooms/8room_007.map	512	512	332	507	441	366	355.664
88	maps/rooms/8room_007.map	512	512	379	415	215	236	355.108
88	maps/rooms/8room_007.map	512	512	347	463	189	258	355.25
85	maps/rooms/8room_007.map	512	512	420	143	150	119	342.593
20	maps/rooms/8room_007.map	512	512	457	150	468	206	81.2843
72	maps/rooms/8room_007.map	512	512	354	217	124	222	291.024
27	maps/rooms/8room_007.map	512	512	233	93	191	84	108.497
85	maps/rooms/8room_007.map	512	512	7	487	285	460	342.723
78	maps/rooms/8room_007.map	512	512	379	98	154	51	315.48
85	maps/rooms/8room_007.map	512	512	229	328	113	87	343.693
5	maps/rooms/8room_007.map	512	512	264	309	265	329	20.4142
61	maps/rooms/8room_007.map	512	512	90	159	23	43	246.338
85	maps/rooms/8room_007.map	512	512	25	474	219	254	343.12
85	maps/rooms/8room_007.map	512	512	60	18	111	253	343.966
37	maps/rooms/8room_007.map	512	512	398	393	492	363	151.882
64	maps/rooms/8room_007.map	512	512	344	202	157	230	258.966
66	maps/rooms/8room_007.map	512	512	408	248	245	389	265.865
85	maps/rooms/8room_007.map	512	512	451	93	182	106	342.066
46	maps/rooms/8room_007.map	512	512	361	233	231	200	184.154
84	maps/rooms/8room_007.map	512	512	286	407	463	237	338.463
26	maps/rooms/8room_007.map	512	512	154	461	101	383	106.983
85	maps/rooms/8room_007.map	512	512	324	467	265	194	343.38
85	maps/rooms/8room_007.map	512	512	38	55	279	97	343.35
84	maps/rooms/8room_007.map	512	512	207	91	325	316	339.35
84	maps/rooms/8room_007.map	512	512	204	113	26	93	339.078
78	maps/rooms/8room_007.map	512	512	256	480	8	420	315.764
83	maps/rooms/8room_007.map	512	512	136	461	404	456	335.208
83	maps/rooms/8room_007.map	512	512	486	505	344	320	335.451
83	maps/rooms/8room_007.map	512	512	217	53	158	328	335.522
83	maps/rooms/8room_007.map	512	512	108	275	183	27	335.066
82	maps/rooms/8room_007.map	512	512	488	238	296	422	331.948
82	maps/rooms/8room_007.map	512	512	498	322	250	419	331.693
82	maps/rooms/8room_007.map	512	512	327	70	477	291	331.593
82	maps/rooms/8room_007.map	512	512	236	174	133	387	331.421
81	maps/rooms/8room_007.map	512	512	7	141	136	115	327.25
81	maps/rooms/8room_007.map	512	512	389	173	166	37	326.723
31	maps/rooms/8room_007.map	512	512	270	181	217	90	127.841
52	maps/rooms/8room_007.map	512	512	118	133	300	127	210.853
81	maps/rooms/8room_007.map	512	512	251	56	466	197	327.764
77	maps/rooms/8room_007.map	512	512	185	387	43	223	308.693
81	maps/rooms/8room_007.map	512	512	4	131	199	45	327.593
81	maps/rooms/8room_007.map	512	512	415	76	270	303	327.22
81	maps/rooms/8room_007.map	512	512	430	482	386	290	327.179
81	maps/rooms/8room_007.map	512	512	22	502	191	286	327.049
19	maps/rooms/8room_007.map	512	512	211	79	250	22	79.0122
80	maps/rooms/8room_007.map	512	512	74	468	199	292	323.794
44	maps/rooms/8room_007.map	512	512	358	227	253	318	177.882
10	maps/rooms/8room_007.map	512	512	162	294	162	277	43.3848
63	maps/rooms/8room_007.map	512	512	238	180	358	296	254.125
80	maps/rooms/8room_007.map	512	512	184	87	309	308	323.238
80	maps/rooms/8room_007.map	512	512	100	25	308	175	322.936
68	maps/rooms/8room_007.map	512	512	295	410	156	261	272.066
62	maps/rooms/8room_007.map	512	512	62	389	42	205	250.853
80	maps/rooms/8room_007.map	512	512	139	440	76	178	323.309
80	maps/rooms/8room_007.map	512	512	213	253	425	414	323.35
80	maps/rooms/8room_007.map	512	512	324	100	385	350	323.735
80	maps/rooms/8room_007.map	512	512	116	155	276	291	323.338
80	maps/rooms/8room_007.map	512	512	268	461	395	222	323.563
71	maps/rooms/8room_007.map	512	512	370	246	183	124	287.024
76	maps/rooms/8room_007.map	512	512	451	146	340	340	307.35
71	maps/rooms/8room_007.map	512	512	172	201	76	331	287.48
36	maps/rooms/8room_007.map	512	512	264	132	164	101	145.912
55	maps/rooms/8room_007.map	512	512	51	377	218	427	221.309
75	maps/rooms/8room_007.map	512	512	38	212	155	425	303.279
75	maps/rooms/8room_007.map	512	512	262	380	335	136	303.35
25	maps/rooms/8room_007.map	512	512	457	363	423	297	101.154
75	maps/rooms/8room_007.map	512	512	218	45	267	282	303.095
74	maps/rooms/8room_007.map	512	512	405	98	215	259	299.693
50	maps/rooms/8room_007.map	512	512	322	292	277	434	201.853
74	maps/rooms/8room_007.map	512	512	361	364	197	194	299.823
74	maps/rooms/8room_007.map	512	512	114	339	82	123	299.238
74	maps/rooms/8room_007.map	512	512	83	415	332	471	298.823
70	maps/rooms/8room_007.map	512	512	215	127	311	310	282.723
70	maps/rooms/8room_007.map	512	512	135	105	246	283	283.409
59	maps/rooms/8room_007.map	512	512	252	302	168	374	237.338
38	maps/rooms/8room_007.map	512	512	311	186	363	250	154.184
70	maps/rooms/8room_007.map	512	512	220	350	438	383	283.853
69	maps/rooms/8room_007.map	512	512	185	419	342	332	279.622
69	maps/rooms/8room_007.map	512	512	442	230	219	197	278.752
69	maps/rooms/8room_007.map	512	512	139	259	288	130	279.421
69	maps/rooms/8room_007.map	512	512	426	413	232	279	279.966
69	maps/rooms/8room_007.map	512	512	211	503	178	296	279.966
69	maps/rooms/8room_007.map	512	512	486	371	277	403	278.823
69	maps/rooms/8room_007.map	512	512	36	380	134	190	279.823
18	maps/rooms/8room_007.map	512	512	362	112	307	150	75.4264
60	maps/rooms/8room_007.map	512	512	507	182	312	232	243.51
68	maps/rooms/8room_007.map	512	512	141	184	141	410	275.581
67	maps/rooms/8room_007.map	512	512	258	430	215	227	271.439
48	maps/rooms/8room_007.map	512	512	500	450	476	311	193.267
67	maps/rooms/8room_007.map	512	512	201	172	381	31	271.794
27	maps/rooms/8room_007.map	512	512	261	274	349	239	110.598
67	maps/rooms/8room_007.map	512	512	310	231	135	357	271.593
67	maps/rooms/8room_007.map	512	512	390	164	206	42	271.924
65	maps/rooms/8room_007.map	512	512	317	326	121	226	263.48
58	maps/rooms/8room_007.map	512	512	132	253	62	390	235.368
65	maps/rooms/8room_007.map	512	512	410	491	277	348	263.037
58	maps/rooms/8room_007.map	512	512	281	181	437	154	234.338
65	maps/rooms/8room_007.map	512	512	94	102	107	295	263.095
19	maps/rooms/8room_007.map	512	512	460	57	409	39	78.0122
65	maps/rooms/8room_007.map	512	512	380	188	310	388	263.279
63	maps/rooms/8room_007.map	512	512	121	201	85	31	255.095
63	maps/rooms/8room_007.map	512	512	357	107	216	257	255.309
63	maps/rooms/8room_007.map	512	512	246	456	431	385	255.48
63	maps/rooms/8room_007.map	512	512	397	183	241	45	255.338
62	maps/rooms/8room_007.map	512	512	28	50	164	127	251.894
62	maps/rooms/8room_007.map	512	512	191	121	270	309	251.125
47	maps/rooms/8room_007.map	512	512	440	201	478	322	189.853
52	maps/rooms/8room_007.map	512	512	90	434	237	351	211.782
62	maps/rooms/8room_007.map	512	512	389	488	211	411	250.823
24	maps/rooms/8room_007.map	512	512	92	247	31	247	98.6985
62	maps/rooms/8room_007.map	512	512	263	317	435	216	251.752
61	maps/rooms/8room_007.map	512	512	168	383	343	348	247.723
61	maps/rooms/8room_007.map	512	512	171	196	103	373	247.167
61	maps/rooms/8room_007.map	512	512	92	25	197	179	247.309
61	maps/rooms/8room_007.map	512	512	74	454	193	286	247.693
60	maps/rooms/8room_007.map	512	512	427	422	296	358	243.995
42	maps/rooms/8room_007.map	512	512	130	72	254	141	171.125
10	maps/rooms/8room_007.map	512	512	292	13	264	18	40.3137
58	maps/rooms/8room_007.map	512	512	57	43	9	15	235.095
60	maps/rooms/8room_007.map	512	512	412	408	252	283	242.823
46	maps/rooms/8room_007.map	512	512	90	40	203	91	187.439
60	maps/rooms/8room_007.map	512	512	372	412	268	301	243.995
60	maps/rooms/8room_007.map	512	512	491	367	308	366	243.238
60	maps/rooms/8room_007.map	512	512	151	93	36	227	242.681
60	maps/rooms/8room_007.map	512	512	46	68	155	124	242.823
60	maps/rooms/8room_007.map	512	512	408	60	387	239	243.966
57	maps/rooms/8room_007.map	512	512	358	53	421	223	231.024
22	maps/rooms/8room_007.map	512	512	114	371	85	444	89.3553
57	maps/rooms/8room_007.map	512	512	506	415	350	331	231.681
57	maps/rooms/8room_007.map	512	512	42	501	207	454	231.823
57	maps/rooms/8room_007.map	512	512	469	94	308	174	231.61
57	maps/rooms/8room_007.map	512	512	422	499	262	459	231.681
56	maps/rooms/8room_007.map	512	512	510	426	359	332	227.368
56	maps/rooms/8room_007.map	512	512	141	182	260	287	227.296
56	maps/rooms/8room_007.map	512	512	70	197	14	357	227.296
56	maps/rooms/8room_007.map	512	512	423	47	252	115	227.167
55	maps/rooms/8room_007.map	512	512	427	93	290	219	223.409
55	maps/rooms/8room_007.map	512	512	505	475	360	457	222.924
54	maps/rooms/8room_007.map	512	512	324	281	442	419	219.681
54	maps/rooms/8room_007.map	512	512	251	294	187	124	219.882
21	maps/rooms/8room_007.map	512	512	102	396	52	348	86.4264
54	maps/rooms/8room_007.map	512	512	478	219	345	335	219.652
54	maps/rooms/8room_007.map	512	512	390	285	441	435	219.024
43	maps/rooms/8room_007.map	512	512	270	184	180	77	175.711
54	maps/rooms/8room_007.map	512	512	54	472	111	374	219.409
45	maps/rooms/8room_007.map	512	512	454	35	441	171	182.983
10	maps/rooms/8room_007.map	512	512	28	70	5	55	40.6274
54	maps/rooms/8room_007.map	512	512	293	21	300	159	219.368
44	maps/rooms/8room_007.map	512	512	211	453	73	403	178.61
54	maps/rooms/8room_007.map	512	512	404	478	245	418	219.409
54	maps/rooms/8room_007.map	512	512	380	452	212	504	219.338
53	maps/rooms/8room_007.map	512	512	287	448	267	260	215.054
53	maps/rooms/8room_007.map	512	512	282	10	210	147	215.995
53	maps/rooms/8room_007.map	512	512	194	472	271	311	215.581
53	maps/rooms/8room_007.map	512	512	374	53	277	211	215.752
53	maps/rooms/8room_007.map	512	512	276	146	272	317	215.51
53	maps/rooms/8room_007.map	512	512	366	292	188	283	214.924
53	maps/rooms/8room_007.map	512	512	279	349	398	430	212.995
52	maps/rooms/8room_007.map	512	512	223	108	266	262	211.711
52	maps/rooms/8room_007.map	512	512	215	135	260	287	211.125
52	maps/rooms/8room_007.map	512	512	490	362	414	221	211.853
52	maps/rooms/8room_007.map	512	512	251	164	426	203	211.782
52	maps/rooms/8room_007.map	512	512	105	187	253	114	211.953
52	maps/rooms/8room_007.map	512	512	8	473	131	339	211.894
51	maps/rooms/8room_007.map	512	512	478	399	490	239	206.652
51	maps/rooms/8room_007.map	512	512	78	116	155	239	207.095
51	maps/rooms/8room_007.map	512	512	244	500	341	360	207.51
51	maps/rooms/8room_007.map	512	512	341	243	229	134	207.811
51	maps/rooms/8room_007.map	512	512	170	268	135	433	207.054
50	maps/rooms/8room_007.map	512	512	310	300	147	232	203.024
49	maps/rooms/8room_007.map	512	512	20	45	82	118	199.024
49	maps/rooms/8room_007.map	512	512	87	82	197	185	199.024
43	maps/rooms/8room_007.map	512	512	217	364	136	336	175.953
49	maps/rooms/8room_007.map	512	512	346	299	183	291	199.853
49	maps/rooms/8room_007.map	512	512	279	227	365	336	199.51
49	maps/rooms/8room_007.map	512	512	262	103	202	246	199.853
49	maps/rooms/8room_007.map	512	512	210	125	372	75	199.196
49	maps/rooms/8room_007.map	512	512	123	148	216	223	199.64
49	maps/rooms/8room_007.map	512	512	31	451	193	389	199.539
48	maps/rooms/8room_007.map	512	512	477	439	370	348	195.196
48	maps/rooms/8room_007.map	512	512	219	35	164	186	195.924
48	maps/rooms/8room_007.map	512	512	392	165	247	82	195.782
48	maps/rooms/8room_007.map	512	512	475	92	324	104	195.225
48	maps/rooms/8room_007.map	512	512	192	19	200	197	195.74
48	maps/rooms/8room_007.map	512	512	434	97	302	189	195.196
47	maps/rooms/8room_007.map	512	512	343	169	229	249	191.539
47	maps/rooms/8room_007.map	512	512	13	252	62	154	191.368
46	maps/rooms/8room_007.map	512	512	231	477	159	357	186.995
29	maps/rooms/8room_007.map	512	512	100	168	163	104	118.598
46	maps/rooms/8room_007.map	512	512	277	63	177	179	187.924
46	maps/rooms/8room_007.map	512	512	307	186	199	279	187.468
45	maps/rooms/8room_007.map	512	512	16	471	13	329	183.711
45	maps/rooms/8room_007.map	512	512	507	431	373	375	183.882
45	maps/rooms/8room_007.map	512	512	167	111	298	110	183.296
45	maps/rooms/8room_007.map	512	512	158	213	104	345	183.154
45	maps/rooms/8room_007.map	512	512	106	196	95	81	183.882
44	maps/rooms/8room_007.map	512	512	472	79	347	125	179.426
44	maps/rooms/8room_007.map	512	512	247	267	215	369	179.054
44	maps/rooms/8room_007.map	512	512	259	254	414	228	179.912
43	maps/rooms/8room_007.map	512	512	162	22	193	163	175.64
43	maps/rooms/8room_007.map	512	512	242	91	348	190	175.125
43	maps/rooms/8room_007.map	512	512	127	492	110	332	175.669
43	maps/rooms/8room_007.map	512	512	408	440	365	355	175.439
42	maps/rooms/8room_007.map	512	512	136	446	282	459	171.326
42	maps/rooms/8room_007.map	512	512	386	210	264	149	170.74
42	maps/rooms/8room_007.map	512	512	293	489	375	459	171.296
42	maps/rooms/8room_007.map	512	512	485	164	475	293	170.882
42	maps/rooms/8room_007.map	512	512	2	196	106	290	171.296
42	maps/rooms/8room_007.map	512	512	250	40	354	120	171.64
42	maps/rooms/8room_007.map	512	512	185	454	274	344	171.368
42	maps/rooms/8room_007.map	512	512	51	345	76	252	170.811
41	maps/rooms/8room_007.map	512	512	110	499	139	352	167.255
41	maps/rooms/8room_007.map	512	512	310	495	193	456	167.095
41	maps/rooms/8room_007.map	512	512	508	85	455	189	167.225
41	maps/rooms/8room_007.map	512	512	40	26	86	114	167.64
39	maps/rooms/8room_007.map	512	512	455	76	322	106	158.397
41	maps/rooms/8room_007.map	512	512	78	297	154	185	167.154
41	maps/rooms/8room_007.map	512	512	278	459	270	314	167.083
41	maps/rooms/8room_007.map	512	512	431	2	395	119	167.267
41	maps/rooms/8room_007.map	512	512	260	319	385	371	167.024
40	maps/rooms/8room_007.map	512	512	373	391	404	274	163.64
40	maps/rooms/8room_007.map	512	512	452	93	334	136	163.912
39	maps/rooms/8room_007.map	512	512	390	231	294	158	159.569
39	maps/rooms/8room_007.map	512	512	110	126	45	219	159.497
39	maps/rooms/8room_007.map	512	512	364	83	295	203	159.711
21	maps/rooms/8room_007.map	512	512	363	10	347	68	84.7279
39	maps/rooms/8room_007.map	512	512	418	203	290	237	159.397
39	maps/rooms/8room_007.map	512	512	110	340	125	483	158.669
38	maps/rooms/8room_007.map	512	512	77	249	133	197	155.012
12	maps/rooms/8room_007.map	512	512	312	425	268	424	50.5563
38	maps/rooms/8room_007.map	512	512	71	19	133	115	155.296
37	maps/rooms/8room_007.map	512	512	166	391	253	475	151.51
37	maps/rooms/8room_007.map	512	512	498	45	420	131	151.255
37	maps/rooms/8room_007.map	512	512	395	26	444	107	151.196
37	maps/rooms/8room_007.map	512	512	443	218	317	180	151.397
37	maps/rooms/8room_007.map	512	512	7	259	80	362	151.882
37	maps/rooms/8room_007.map	512	512	136	131	262	106	150.983
37	maps/rooms/8room_007.map	512	512	396	139	302	192	151.083
36	maps/rooms/8room_007.map	512	512	223	127	271	223	147.497
36	maps/rooms/8room_007.map	512	512	24	120	73	15	146.811
36	maps/rooms/8room_007.map	512	512	158	333	186	226	147.125
26	maps/rooms/8room_007.map	512	512	313	124	374	130	107.426
36	maps/rooms/8room_007.map	512	512	99	125	69	16	147.326
36	maps/rooms/8room_007.map	512	512	335	212	239	279	147.711
31	maps/rooms/8room_007.map	512	512	378	375	275	374	124.184
36	maps/rooms/8room_007.map	512	512	425	135	307	122	147.468
35	maps/rooms/8room_007.map	512	512	495	114	376	122	143.083
35	maps/rooms/8room_007.map	512	512	387	195	314	99	142.882
35	maps/rooms/8room_007.map	512	512	378	350	270	286	143.296
35	maps/rooms/8room_007.map	512	512	169	206	267	156	142.811
35	maps/rooms/8room_007.map	512	512	107	55	213	44	143.811
35	maps/rooms/8room_007.map	512	512	188	154	216	232	143.983
35	maps/rooms/8room_007.map	512	512	498	302	452	200	142.669
35	maps/rooms/8room_007.map	512	512	267	34	286	156	143.326
35	maps/rooms/8room_007.map	512	512	51	47	149	118	142.64
14	maps/rooms/8room_007.map	512	512	324	128	371	152	59.8701
34	maps/rooms/8room_007.map	512	512	30	282	138	310	139.497
34	maps/rooms/8room_007.map	512	512	379	405	267	419	139.74
34	maps/rooms/8room_007.map	512	512	62	204	95	279	139.983
34	maps/rooms/8room_007.map	512	512	82	268	134	190	139.598
34	maps/rooms/8room_007.map	512	512	59	229	118	235	139.669
15	maps/rooms/8room_007.map	512	512	143	459	140	404	60.3848
21	maps/rooms/8room_007.map	512	512	301	416	285	342	87.1127
34	maps/rooms/8room_007.map	512	512	443	501	499	439	139.054
34	maps/rooms/8room_007.map	512	512	172	362	215	279	139.882
33	maps/rooms/8room_007.map	512	512	197	312	136	229	135.841
33	maps/rooms/8room_007.map	512	512	412	147	393	254	135.74
33	maps/rooms/8room_007.map	512	512	389	88	308	170	135.024
33	maps/rooms/8room_007.map	512	512	400	247	288	277	135.941
33	maps/rooms/8room_007.map	512	512	474	367	471	254	135.154
33	maps/rooms/8room_007.map	512	512	270	274	365	337	135.154
33	maps/rooms/8room_007.map	512	512	108	163	175	137	135.083
32	maps/rooms/8room_007.map	512	512	46	237	99	201	131.811
32	maps/rooms/8room_007.map	512	512	188	450	116	368	131.882
32	maps/rooms/8room_007.map	512	512	6	158	36	60	130.912
32	maps/rooms/8room_007.map	512	512	266	507	297	400	131.941
32	maps/rooms/8room_007.map	512	512	83	95	178	140	131.296
32	maps/rooms/8room_007.map	512	512	56	216	98	281	131.083
31	maps/rooms/8room_007.map	512	512	77	84	71	168	126.77
31	maps/rooms/8room_007.map	512	512	46	254	83	183	127.255
15	maps/rooms/8room_007.map	512	512	436	398	424	444	63.5563
31	maps/rooms/8room_007.map	512	512	363	348	275	290	126.912
22	maps/rooms/8room_007.map	512	512	377	7	431	34	88.4558
31	maps/rooms/8room_007.map	512	512	87	484	183	473	127.811
30	maps/rooms/8room_007.map	512	512	213	45	292	101	122.941
30	maps/rooms/8room_007.map	512	512	349	36	313	141	123.083
30	maps/rooms/8room_007.map	512	512	100	361	113	252	123.598
30	maps/rooms/8room_007.map	512	512	450	251	384	180	123.669
30	maps/rooms/8room_007.map	512	512	23	489	90	422	123.983
30	maps/rooms/8room_007.map	512	512	299	502	208	451	123.64
29	maps/rooms/8room_007.map	512	512	364	283	323	373	119.326
29	maps/rooms/8room_007.map	512	512	338	425	323	371	119.225
29	maps/rooms/8room_007.map	512	512	38	85	86	22	119.426
29	maps/rooms/8room_007.map	512	512	211	190	183	274	119.397
29	maps/rooms/8room_007.map	512	512	498	440	430	389	119.426
29	maps/rooms/8room_007.map	512	512	14	392	15	285	119.456
28	maps/rooms/8room_007.map	512	512	171	110	235	160	115.255
28	maps/rooms/8room_007.map	512	512	185	201	111	253	115.113
24	maps/rooms/8room_007.map	512	512	316	139	252	82	99.9117
28	maps/rooms/8room_007.map	512	512	462	420	437	357	115.255
28	maps/rooms/8room_007.map	512	512	508	52	444	124	115.74
28	maps/rooms/8room_007.map	512	512	53	373	107	312	115.083
28	maps/rooms/8room_007.map	512	512	468	278	394	314	115.497
27	maps/rooms/8room_007.map	512	512	109	198	59	128	111.598
27	maps/rooms/8room_007.map	512	512	108	9	94	91	111.355
27	maps/rooms/8room_007.map	512	512	347	226	431	217	111.083
27	maps/rooms/8room_007.map	512	512	86	271	158	309	111.456
27	maps/rooms/8room_007.map	512	512	74	279	114	252	111.77
27	maps/rooms/8room_007.map	512	512	276	134	290	222	111.355
26	maps/rooms/8room_007.map	512	512	378	181	394	273	107.255
26	maps/rooms/8room_007.map	512	512	9	35	91	7	107.983
26	maps/rooms/8room_007.map	512	512	299	339	233	279	107.841
26	maps/rooms/8room_007.map	512	512	53	458	103	381	107.669
26	maps/rooms/8room_007.map	512	512	122	226	63	160	107.426
26	maps/rooms/8room_007.map	512	512	325	260	280	293	107.941
25	maps/rooms/8room_007.map	512	512	7	363	83	361	103.74
25	maps/rooms/8room_007.map	512	512	95	224	184	206	103.527
25	maps/rooms/8room_007.map	512	512	27	231	62	152	103.497
11	maps/rooms/8room_007.map	512	512	236	382	229	422	45.4853
24	maps/rooms/8room_007.map	512	512	346	95	308	173	99.0122
24	maps/rooms/8room_007.map	512	512	269	19	267	95	99.598
24	maps/rooms/8room_007.map	512	512	486	233	416	254	99.4264
24	maps/rooms/8room_007.map	512	512	146	211	103	277	99.8701
24	maps/rooms/8room_007.map	512	512	511	252	427	253	99.3259
23	maps/rooms/8room_007.map	512	512	500	428	436	384	95.3553
23	maps/rooms/8room_007.map	512	512	284	451	218	409	95.0122
23	maps/rooms/8room_007.map	512	512	508	429	443	383	95.7696
23	maps/rooms/8room_007.map	512	512	478	281	487	366	95.6985
23	maps/rooms/8room_007.map	512	512	95	481	136	449	95.7696
23	maps/rooms/8room_007.map	512	512	461	275	430	247	95.7696
22	maps/rooms/8room_007.map	512	512	457	365	477	291	90.9117
22	maps/rooms/8room_007.map	512	512	35	347	27	300	90.598
22	maps/rooms/8room_007.map	512	512	205	253	234	182	90.669
22	maps/rooms/8room_007.map	512	512	206	500	158	438	91.2548
22	maps/rooms/8room_007.map	512	512	15	303	85	285	91.4558
22	maps/rooms/8room_007.map	512	512	61	219	59	138	91.7696
21	maps/rooms/8room_007.map	512	512	86	451	161	442	87.6985
21	maps/rooms/8room_007.map	512	512	461	105	388	122	87.3553
21	maps/rooms/8room_007.map	512	512	143	308	191	260	87.3553
21	maps/rooms/8room_007.map	512	512	199	26	201	108	86.9706
21	maps/rooms/8room_007.map	512	512	37	133	83	193	87.2548
6	maps/rooms/8room_007.map	512	512	130	478	149	476	25.1421
21	maps/rooms/8room_007.map	512	512	123	360	106	287	87.8406
20	maps/rooms/8room_007.map	512	512	463	191	410	155	83.669
19	maps/rooms/8room_007.map	512	512	216	290	168	328	76.6274
20	maps/rooms/8room_007.map	512	512	210	43	222	117	83.9411
20	maps/rooms/8room_007.map	512	512	170	79	183	142	80.7696
20	maps/rooms/8room_007.map	512	512	227	220	264	260	83.1838
20	maps/rooms/8room_007.map	512	512	460	454	499	446	83.4264
19	maps/rooms/8room_007.map	512	512	301	456	243	418	79.598
19	maps/rooms/8room_007.map	512	512	174	291	245	279	79.6274
19	maps/rooms/8room_007.map	512	512	441	54	391	99	79.7696
18	maps/rooms/8room_007.map	512	512	98	103	162	125	75.1127
18	maps/rooms/8room_007.map	512	512	439	375	387	370	75.8701
18	maps/rooms/8room_007.map	512	512	87	6	135	42	75.9411
18	maps/rooms/8room_007.map	512	512	99	121	63	154	75.9706
18	maps/rooms/8room_007.map	512	512	419	364	462	318	74.9411
18	maps/rooms/8room_007.map	512	512	41	187	58	181	75.2843
17	maps/rooms/8room_007.map	512	512	490	333	483	274	71.0122
17	maps/rooms/8room_007.map	512	512	285	27	264	36	71.4558
17	maps/rooms/8room_007.map	512	512	196	333	219	276	71.6985
17	maps/rooms/8room_007.map	512	512	116	253	153	212	71.799
17	maps/rooms/8room_007.map	512	512	370	459	397	411	71.5269
17	maps/rooms/8room_007.map	512	512	255	233	264	279	70.8406
17	maps/rooms/8room_007.map	512	512	413	168	389	176	71.6985
17	maps/rooms/8room_007.map	512	512	355	134	311	163	71.7696
17	maps/rooms/8room_007.map	512	512	140	340	165	390	71.0416
16	maps/rooms/8room_007.map	512	512	249	173	302	175	67.6274
16	maps/rooms/8room_007.map	512	512	169	347	174	398	67.1127
16	maps/rooms/8room_007.map	512	512	329	339	293	300	67.3848
16	maps/rooms/8room_007.map	512	512	501	437	466	391	67.5269
16	maps/rooms/8room_007.map	512	512	261	489	218	451	67.1838
15	maps/rooms/8room_007.map	512	512	350	34	348	89	63.2843
15	maps/rooms/8room_007.map	512	512	7	502	32	450	63.5269
15	maps/rooms/8room_007.map	512	512	36	30	89	9	62.8701
15	maps/rooms/8room_007.map	512	512	316	477	287	430	63.6985
15	maps/rooms/8room_007.map	512	512	426	86	374	108	63.1127
14	maps/rooms/8room_007.map	512	512	162	264	213	258	59.2843
14	maps/rooms/8room_007.map	512	512	242	180	273	156	59.1421
14	maps/rooms/8room_007.map	512	512	314	435	349	438	58.8701
14	maps/rooms/8room_007.map	512	512	107	162	113	117	59.9706
14	maps/rooms/8room_007.map	512	512	156	294	203	277	59.1127
14	maps/rooms/8room_007.map	512	512	434	244	469	268	59.6274
14	maps/rooms/8room_007.map	512	512	460	428	498	447	59.3848
14	maps/rooms/8room_007.map	512	512	317	503	286	500	59.1127
13	maps/rooms/8room_007.map	512	512	90	430	103	381	55.5563
13	maps/rooms/8room_007.map	512	512	438	201	480	215	55.4558
13	maps/rooms/8room_007.map	512	512	350	204	323	241	55.2132
13	maps/rooms/8room_007.map	512	512	245	58	271	95	55.8701
13	maps/rooms/8room_007.map	512	512	343	89	358	137	55.3848
13	maps/rooms/8room_007.map	512	512	298	210	308	168	55.5563
13	maps/rooms/8room_007.map	512	512	107	452	117	403	55.7279
12	maps/rooms/8room_007.map	512	512	70	274	79	291	51.3137
12	maps/rooms/8room_007.map	512	512	366	328	386	289	51.6274
12	maps/rooms/8room_007.map	512	512	446	186	418	155	51.3848
12	maps/rooms/8room_007.map	512	512	5	287	48	292	51.2132
12	maps/rooms/8room_007.map	512	512	178	307	211	280	51.4558
12	maps/rooms/8room_007.map	512	512	343	334	313	306	51.799
9	maps/rooms/8room_007.map	512	512	238	23	217	38	36.9706
12	maps/rooms/8room_007.map	512	512	363	116	330	146	51.2843
12	maps/rooms/8room_007.map	512	512	163	506	148	473	51.4558
11	maps/rooms/8room_007.map	512	512	123	441	134	403	47.7279
11	maps/rooms/8room_007.map	512	512	473	440	448	438	47.6274
11	maps/rooms/8room_007.map	512	512	162	429	156	394	47.2843
11	maps/rooms/8room_007.map	512	512	491	326	462	354	47.0416
11	maps/rooms/8room_007.map	512	512	163	74	134	50	47.6274
11	maps/rooms/8room_007.map	512	512	317	60	356	50	47.8701
11	maps/rooms/8room_007.map	512	512	484	317	485	278	47.6985
11	maps/rooms/8room_007.map	512	512	301	215	257	223	47.3137
11	maps/rooms/8room_007.map	512	512	47	274	81	290	47.6569
10	maps/rooms/8room_007.map	512	512	313	383	301	416	43.6274
10	maps/rooms/8room_007.map	512	512	217	236	204	199	43.5563
10	maps/rooms/8room_007.map	512	512	345	116	367	148	43.4558
10	maps/rooms/8room_007.map	512	512	258	215	274	201	43.2132
10	maps/rooms/8room_007.map	512	512	390	310	386	350	43.3137
10	maps/rooms/8room_007.map	512	512	408	151	389	176	43.799
9	maps/rooms/8room_007.map	512	512	474	363	456	366	39.7279
9	maps/rooms/8room_007.map	512	512	292	499	285	478	39.6569
9	maps/rooms/8room_007.map	512	512	185	213	201	231	39.5563
9	maps/rooms/8room_007.map	512	512	233	278	200	286	38.799
9	maps/rooms/8room_007.map	512	512	108	422	127	396	39.1421
9	maps/rooms/8room_007.map	512	512	511	363	475	354	39.7279
9	maps/rooms/8room_007.map	512	512	101	302	135	310	39.6569
9	maps/rooms/8room_007.map	512	512	263	501	274	474	38.9706
8	maps/rooms/8room_007.map	512	512	306	468	292	447	34.799
8	maps/rooms/8room_007.map	512	512	502	109	470	111	35.3137
8	maps/rooms/8room_007.map	512	512	103	38	101	68	34.9706
8	maps/rooms/8room_007.map	512	512	277	250	308	258	35.4853
8	maps/rooms/8room_007.map	512	512	388	363	359	355	35.3848
8	maps/rooms/8room_007.map	512	512	338	70	313	51	35.2132
8	maps/rooms/8room_007.map	512	512	483	350	488	319	34.7279
8	maps/rooms/8room_007.map	512	512	73	83	97	85	35.2132
8	maps/rooms/8room_007.map	512	512	379	239	404	249	35.9706
7	maps/rooms/8room_007.map	512	512	420	319	396	312	31.7279
7	maps/rooms/8room_007.map	512	512	271	329	270	302	31.5563
7	maps/rooms/8room_007.map	512	512	8	119	25	101	31.4853
7	maps/rooms/8room_007.map	512	512	183	223	197	203	31.6569
7	maps/rooms/8room_007.map	512	512	243	247	265	259	30.7279
7	maps/rooms/8room_007.map	512	512	36	484	21	477	30.9706
7	maps/rooms/8room_007.map	512	512	103	72	93	93	31.2426
7	maps/rooms/8room_007.map	512	512	317	393	314	366	31.3137
7	maps/rooms/8room_007.map	512	512	140	307	164	302	30.8995
6	maps/rooms/8room_007.map	512	512	410	360	418	344	26.9706
6	maps/rooms/8room_007.map	512	512	312	179	300	160	27.4853
6	maps/rooms/8room_007.map	512	512	41	159	60	166	27.0711
6	maps/rooms/8room_007.map	512	512	349	350	327	338	26.9706
6	maps/rooms/8room_007.map	512	512	187	355	191	379	27.3137
6	maps/rooms/8room_007.map	512	512	301	23	278	15	27.4853
6	maps/rooms/8room_007.map	512	512	490	28	471	27	26.6274
5	maps/rooms/8room_007.map	512	512	175	231	194	229	23.8284
5	maps/rooms/8room_007.map	512	512	72	200	79	179	23.8995
5	maps/rooms/8room_007.map	512	512	162	26	175	44	23.3848
5	maps/rooms/8room_007.map	512	512	85	258	95	277	23.1421
5	maps/rooms/8room_007.map	512	512	377	122	354	121	23.4142
5	maps/rooms/8room_007.map	512	512	222	474	217	453	23.0711
5	maps/rooms/8room_007.map	512	512	445	308	422	310	23.8284
5	maps/rooms/8room_007.map	512	512	29	302	23	322	23.3137
5	maps/rooms/8room_007.map	512	512	230	486	238	466	23.3137
4	maps/rooms/8room_007.map	512	512	312	259	299	250	19.0711
4	maps/rooms/8room_007.map	512	512	303	68	287	75	18.8995
4	maps/rooms/8room_007.map	512	512	61	169	73	170	19.7279
4	maps/rooms/8room_007.map	512	512	249	147	233	155	19.3137
4	maps/rooms/8room_007.map	512	512	471	469	490	470	19.4142
4	maps/rooms/8room_007.map	512	512	90	92	103	90	19.1421
4	maps/rooms/8room_007.map	512	512	202	511	218	505	19.0711
4	maps/rooms/8room_007.map	512	512	403	343	412	330	19.0711
4	maps/rooms/8room_007.map	512	512	297	158	291	171	19.1421
4	maps/rooms/8room_007.map	512	512	195	109	204	121	19.8284
3	maps/rooms/8room_007.map	512	512	44	130	55	140	15.7279
3	maps/rooms/8room_007.map	512	512	285	131	286	146	15.4142
3	maps/rooms/8room_007.map	512	512	383	425	391	425	15.0711
3	maps/rooms/8room_007.map	512	512	88	445	98	452	15.2426
3	maps/rooms/8room_007.map	512	512	216	27	229	26	15.8995
3	maps/rooms/8room_007.map	512	512	8	365	20	361	15.3137
3	maps/rooms/8room_007.map	512	512	59	58	64	71	15.0711
3	maps/rooms/8room_007.map	512	512	248	190	258	181	14.8995
3	maps/rooms/8room_007.map	512	512	130	339	141	332	15.0711
3	maps/rooms/8room_007.map	512	512	242	236	233	245	15.0711
2	maps/rooms/8room_007.map	512	512	71	506	79	498	11.3137
2	maps/rooms/8room_007.map	512	512	253	280	259	287	11.2426
2	maps/rooms/8room_007.map	512	512	311	138	313	147	10.6569
2	maps/rooms/8room_007.map	512	512	140	191	147	185	11.2426
2	maps/rooms/8room_007.map	512	512	478	478	483	471	11.4142
2	maps/rooms/8room_007.map	512	512	395	200	402	207	11.0711
2	maps/rooms/8room_007.map	512	512	53	21	64	19	11.8284
2	maps/rooms/8room_007.map	512	512	103	186	113	183	11.2426
2	maps/rooms/8room_007.map	512	512	441	255	432	259	11.8284
2	maps/rooms/8room_007.map	512	512	410	148	399	147	11.4142
1	maps/rooms/8room_007.map	512	512	114	25	121	25	7
1	maps/rooms/8room_007.map	512	512	360	56	365	51	7.07107
1	maps/rooms/8room_007.map	512	512	103	309	110	309	7
1	maps/rooms/8room_007.map	512	512	422	71	418	77	7.65685
1	maps/rooms/8room_007.map	512	512	499	40	494	44	7.24264
1	maps/rooms/8room_007.map	512	512	436	360	436	353	7
1	maps/rooms/8room_007.map	512	512	375	57	371	63	7.65685
1	maps/rooms/8room_007.map	512	512	157	430	163	430	6.82843
1	maps/rooms/8room_007.map	512	512	221	283	216	278	7.07107
0	maps/rooms/8room_007.map	512	512	12	38	14	40	2.82843
0	maps/rooms/8room_007.map	512	512	330	492	328	490	2.82843
0	maps/rooms/8room_007.map	512	512	143	301	143	298	3
0	maps/rooms/8room_007.map	512	512	343	502	343	505	3
0	maps/rooms/8room_007.map	512	512	302	328	299	328	3
0	maps/rooms/8room_007.map	512	512	492	137	494	139	2.82843
0	maps/rooms/8room_007.map	512	512	387	391	386	388	3.41421
0	maps/rooms/8room_007.map	512	512	473	118	470	118	3
0	maps/rooms/8room_007.map	512	512	471	315	468	315	3
