version 1
78	maps/rooms/8room_064.map	512	512	274	428	146	276	314.936
127	maps/rooms/8room_064.map	512	512	367	438	485	171	510.688
82	maps/rooms/8room_064.map	512	512	76	189	356	169	328.451
127	maps/rooms/8room_064.map	512	512	214	330	503	80	511.676
33	maps/rooms/8room_064.map	512	512	355	323	298	248	133.255
127	maps/rooms/8room_064.map	512	512	92	14	193	407	511.061
76	maps/rooms/8room_064.map	512	512	376	300	169	187	306.108
105	maps/rooms/8room_064.map	512	512	323	105	501	409	420.877
118	maps/rooms/8room_064.map	512	512	214	490	337	134	472.99
70	maps/rooms/8room_064.map	512	512	59	222	293	201	280.966
74	maps/rooms/8room_064.map	512	512	158	154	123	388	298.823
117	maps/rooms/8room_064.map	512	512	40	120	268	373	469.777
101	maps/rooms/8room_064.map	512	512	221	344	511	331	405.392
112	maps/rooms/8room_064.map	512	512	426	323	82	287	449.161
127	maps/rooms/8room_064.map	512	512	390	51	285	441	511.978
44	maps/rooms/8room_064.map	512	512	274	104	244	238	178.468
58	maps/rooms/8room_064.map	512	512	210	408	348	488	233.196
104	maps/rooms/8room_064.map	512	512	444	44	284	293	417.233
70	maps/rooms/8room_064.map	512	512	415	28	370	226	281.108
111	maps/rooms/8room_064.map	512	512	258	148	414	366	447.22
109	maps/rooms/8room_064.map	512	512	168	42	493	42	436.019
45	maps/rooms/8room_064.map	512	512	500	452	382	447	182.74
93	maps/rooms/8room_064.map	512	512	170	70	474	147	375.35
45	maps/rooms/8room_064.map	512	512	403	347	293	429	183.882
66	maps/rooms/8room_064.map	512	512	394	303	179	292	267.238
109	maps/rooms/8room_064.map	512	512	149	152	126	502	436.605
37	maps/rooms/8room_064.map	512	512	117	322	53	424	150.024
127	maps/rooms/8room_064.map	512	512	437	172	131	447	511.174
26	maps/rooms/8room_064.map	512	512	125	270	174	198	104.497
127	maps/rooms/8room_064.map	512	512	501	162	180	436	510.831
107	maps/rooms/8room_064.map	512	512	324	221	26	322	431.919
38	maps/rooms/8room_064.map	512	512	434	296	315	265	152.326
113	maps/rooms/8room_064.map	512	512	406	45	79	118	454.333
95	maps/rooms/8room_064.map	512	512	131	343	423	341	382.877
74	maps/rooms/8room_064.map	512	512	342	196	285	74	296.38
127	maps/rooms/8room_064.map	512	512	247	117	48	492	511.546
127	maps/rooms/8room_064.map	512	512	392	425	76	290	511.718
127	maps/rooms/8room_064.map	512	512	206	383	285	60	511.789
17	maps/rooms/8room_064.map	512	512	59	486	118	494	71.0416
87	maps/rooms/8room_064.map	512	512	316	274	104	219	351.836
60	maps/rooms/8room_064.map	512	512	316	207	469	277	242.723
83	maps/rooms/8room_064.map	512	512	131	188	191	425	333.35
127	maps/rooms/8room_064.map	512	512	189	408	68	22	511.517
98	maps/rooms/8room_064.map	512	512	326	214	98	361	393.635
105	maps/rooms/8room_064.map	512	512	146	344	365	166	423.25
126	maps/rooms/8room_064.map	512	512	83	487	478	398	507.061
39	maps/rooms/8room_064.map	512	512	105	128	44	54	158.782
33	maps/rooms/8room_064.map	512	512	207	170	144	270	134.882
71	maps/rooms/8room_064.map	512	512	168	100	372	173	284.782
80	maps/rooms/8room_064.map	512	512	63	248	9	0	320.309
60	maps/rooms/8room_064.map	512	512	41	490	46	295	241.782
114	maps/rooms/8room_064.map	512	512	324	20	499	363	459.203
54	maps/rooms/8room_064.map	512	512	345	420	402	403	217.338
7	maps/rooms/8room_064.map	512	512	25	386	15	404	28.8284
121	maps/rooms/8room_064.map	512	512	279	109	488	392	486.96
40	maps/rooms/8room_064.map	512	512	110	157	5	147	162.397
98	maps/rooms/8room_064.map	512	512	287	58	82	317	393.019
6	maps/rooms/8room_064.map	512	512	250	333	267	345	27.4853
126	maps/rooms/8room_064.map	512	512	371	194	65	407	507.233
97	maps/rooms/8room_064.map	512	512	474	119	213	36	388.007
121	maps/rooms/8room_064.map	512	512	325	410	204	25	486.333
76	maps/rooms/8room_064.map	512	512	362	77	137	93	305.936
103	maps/rooms/8room_064.map	512	512	326	363	317	26	413.764
126	maps/rooms/8room_064.map	512	512	121	200	496	247	505.747
82	maps/rooms/8room_064.map	512	512	183	245	13	447	331.362
118	maps/rooms/8room_064.map	512	512	391	298	19	226	472.191
42	maps/rooms/8room_064.map	512	512	124	116	115	264	171.569
34	maps/rooms/8room_064.map	512	512	299	154	356	205	137.497
126	maps/rooms/8room_064.map	512	512	375	86	278	459	507.002
114	maps/rooms/8room_064.map	512	512	391	133	22	264	459.463
98	maps/rooms/8room_064.map	512	512	263	69	429	243	392.233
78	maps/rooms/8room_064.map	512	512	419	75	223	190	313.995
126	maps/rooms/8room_064.map	512	512	360	143	72	402	507.718
92	maps/rooms/8room_064.map	512	512	395	437	377	268	368.848
71	maps/rooms/8room_064.map	512	512	29	294	244	263	286.652
111	maps/rooms/8room_064.map	512	512	421	356	217	334	447.421
126	maps/rooms/8room_064.map	512	512	50	361	473	399	507.617
65	maps/rooms/8room_064.map	512	512	188	106	358	206	260.652
121	maps/rooms/8room_064.map	512	512	12	157	396	47	486.291
64	maps/rooms/8room_064.map	512	512	356	494	244	354	259.723
126	maps/rooms/8room_064.map	512	512	22	67	296	367	507.789
72	maps/rooms/8room_064.map	512	512	77	153	229	281	291.037
100	maps/rooms/8room_064.map	512	512	253	487	213	181	400.978
89	maps/rooms/8room_064.map	512	512	87	168	325	307	359.492
46	maps/rooms/8room_064.map	512	512	107	58	239	60	184.51
95	maps/rooms/8room_064.map	512	512	262	302	499	299	382.593
126	maps/rooms/8room_064.map	512	512	366	490	478	150	507.019
115	maps/rooms/8room_064.map	512	512	148	15	249	378	461.404
6	maps/rooms/8room_064.map	512	512	221	135	204	122	25.3137
23	maps/rooms/8room_064.map	512	512	22	386	23	453	92.6274
117	maps/rooms/8room_064.map	512	512	175	275	498	427	471.032
21	maps/rooms/8room_064.map	512	512	488	285	462	228	87.2843
126	maps/rooms/8room_064.map	512	512	18	436	293	135	507.831
69	maps/rooms/8room_064.map	512	512	300	170	266	392	279.966
52	maps/rooms/8room_064.map	512	512	53	233	115	79	209.924
126	maps/rooms/8room_064.map	512	512	381	480	185	158	506.96
70	maps/rooms/8room_064.map	512	512	44	435	178	298	281.309
115	maps/rooms/8room_064.map	512	512	163	478	125	121	462.848
71	maps/rooms/8room_064.map	512	512	172	427	360	408	286.622
122	maps/rooms/8room_064.map	512	512	111	469	268	134	490.96
44	maps/rooms/8room_064.map	512	512	381	434	270	485	178.468
72	maps/rooms/8room_064.map	512	512	227	99	377	259	289.279
99	maps/rooms/8room_064.map	512	512	315	124	315	411	398.706
115	maps/rooms/8room_064.map	512	512	10	22	365	114	462.078
62	maps/rooms/8room_064.map	512	512	445	53	456	259	249.409
76	maps/rooms/8room_064.map	512	512	63	174	114	406	305.108
69	maps/rooms/8room_064.map	512	512	295	121	246	327	278.137
29	maps/rooms/8room_064.map	512	512	290	450	205	460	117.77
98	maps/rooms/8room_064.map	512	512	380	340	402	43	394.321
104	maps/rooms/8room_064.map	512	512	501	122	170	107	417.622
82	maps/rooms/8room_064.map	512	512	281	260	174	60	328.563
125	maps/rooms/8room_064.map	512	512	426	358	191	164	503.049
105	maps/rooms/8room_064.map	512	512	79	212	425	181	421.877
125	maps/rooms/8room_064.map	512	512	427	76	68	271	503.546
108	maps/rooms/8room_064.map	512	512	503	457	410	125	433.25
55	maps/rooms/8room_064.map	512	512	156	99	6	34	223.752
70	maps/rooms/8room_064.map	512	512	468	291	375	378	282.51
123	maps/rooms/8room_064.map	512	512	101	278	441	196	492.032
69	maps/rooms/8room_064.map	512	512	357	309	500	414	279.338
110	maps/rooms/8room_064.map	512	512	477	162	183	298	443.747
57	maps/rooms/8room_064.map	512	512	468	190	471	361	228.024
107	maps/rooms/8room_064.map	512	512	389	175	122	335	429.735
47	maps/rooms/8room_064.map	512	512	228	283	215	312	188.083
74	maps/rooms/8room_064.map	512	512	137	356	156	114	297.409
38	maps/rooms/8room_064.map	512	512	387	219	348	110	155.681
118	maps/rooms/8room_064.map	512	512	495	170	297	477	472.161
125	maps/rooms/8room_064.map	512	512	293	56	365	392	503.446
121	maps/rooms/8room_064.map	512	512	124	341	482	266	486.362
95	maps/rooms/8room_064.map	512	512	413	255	120	285	382.12
113	maps/rooms/8room_064.map	512	512	79	152	225	490	455.647
97	maps/rooms/8room_064.map	512	512	291	173	45	36	389.392
124	maps/rooms/8room_064.map	512	512	40	451	424	428	499.291
106	maps/rooms/8room_064.map	512	512	100	215	274	483	424.919
94	maps/rooms/8room_064.map	512	512	298	331	101	100	376.291
67	maps/rooms/8room_064.map	512	512	322	435	178	406	268.279
114	maps/rooms/8room_064.map	512	512	22	205	263	507	456.304
112	maps/rooms/8room_064.map	512	512	508	107	151	205	450.664
93	maps/rooms/8room_064.map	512	512	486	315	380	47	372.777
116	maps/rooms/8room_064.map	512	512	164	13	387	327	465.818
82	maps/rooms/8room_064.map	512	512	214	294	79	487	330.108
125	maps/rooms/8room_064.map	512	512	158	503	396	179	503.588
104	maps/rooms/8room_064.map	512	512	30	335	306	441	419.605
93	maps/rooms/8room_064.map	512	512	125	153	360	330	375.463
116	maps/rooms/8room_064.map	512	512	121	104	479	215	465.191
71	maps/rooms/8room_064.map	512	512	191	194	136	409	286.693
64	maps/rooms/8room_064.map	512	512	317	443	246	254	258.794
62	maps/rooms/8room_064.map	512	512	185	171	130	366	250.066
64	maps/rooms/8room_064.map	512	512	483	335	376	380	257.338
95	maps/rooms/8room_064.map	512	512	114	479	397	386	381.563
106	maps/rooms/8room_064.map	512	512	76	279	363	155	425.191
113	maps/rooms/8room_064.map	512	512	122	151	381	402	455.161
125	maps/rooms/8room_064.map	512	512	178	94	262	483	503.777
72	maps/rooms/8room_064.map	512	512	131	20	69	259	290.522
104	maps/rooms/8room_064.map	512	512	188	73	248	410	417.049
122	maps/rooms/8room_064.map	512	512	403	383	381	31	488.291
106	maps/rooms/8room_064.map	512	512	303	101	77	366	426.505
82	maps/rooms/8room_064.map	512	512	282	295	37	375	331.208
112	maps/rooms/8room_064.map	512	512	27	139	183	447	448.676
58	maps/rooms/8room_064.map	512	512	243	344	93	296	233.38
125	maps/rooms/8room_064.map	512	512	44	39	315	304	503.345
125	maps/rooms/8room_064.map	512	512	12	186	419	277	502.978
46	maps/rooms/8room_064.map	512	512	41	143	166	210	184.752
53	maps/rooms/8room_064.map	512	512	227	83	83	10	212.296
93	maps/rooms/8room_064.map	512	512	431	165	125	110	373.936
125	maps/rooms/8room_064.map	512	512	107	511	490	390	503.688
70	maps/rooms/8room_064.map	512	512	301	331	101	315	280.066
50	maps/rooms/8room_064.map	512	512	429	60	283	93	203.853
51	maps/rooms/8room_064.map	512	512	27	504	52	350	207.326
125	maps/rooms/8room_064.map	512	512	430	381	174	149	502.777
125	maps/rooms/8room_064.map	512	512	227	500	425	378	503.688
120	maps/rooms/8room_064.map	512	512	511	236	254	483	481.262
61	maps/rooms/8room_064.map	512	512	228	406	101	282	244.38
87	maps/rooms/8room_064.map	512	512	298	217	203	429	348.764
63	maps/rooms/8room_064.map	512	512	303	213	381	31	254.995
118	maps/rooms/8room_064.map	512	512	216	363	99	50	474.333
69	maps/rooms/8room_064.map	512	512	211	324	414	250	279.167
124	maps/rooms/8room_064.map	512	512	412	459	327	87	499.919
124	maps/rooms/8room_064.map	512	512	484	45	303	397	499.718
107	maps/rooms/8room_064.map	512	512	490	64	201	29	431.12
86	maps/rooms/8room_064.map	512	512	186	390	341	211	344.108
25	maps/rooms/8room_064.map	512	512	217	13	155	63	101.74
92	maps/rooms/8room_064.map	512	512	429	156	173	209	370.421
36	maps/rooms/8room_064.map	512	512	238	46	123	74	145.711
63	maps/rooms/8room_064.map	512	512	277	206	458	148	254.338
124	maps/rooms/8room_064.map	512	512	7	11	151	388	499.475
124	maps/rooms/8room_064.map	512	512	15	398	379	263	499.676
92	maps/rooms/8room_064.map	512	512	390	475	494	247	371.362
49	maps/rooms/8room_064.map	512	512	238	165	141	292	197.439
62	maps/rooms/8room_064.map	512	512	31	324	169	181	249.309
69	maps/rooms/8room_064.map	512	512	330	229	212	377	279.338
56	maps/rooms/8room_064.map	512	512	234	116	431	173	225.782
84	maps/rooms/8room_064.map	512	512	166	211	340	40	337.836
124	maps/rooms/8room_064.map	512	512	236	506	210	99	499.233
71	maps/rooms/8room_064.map	512	512	366	91	227	255	287.693
124	maps/rooms/8room_064.map	512	512	245	467	246	75	499.919
124	maps/rooms/8room_064.map	512	512	431	121	192	431	499.416
103	maps/rooms/8room_064.map	512	512	174	178	29	479	413.463
87	maps/rooms/8room_064.map	512	512	152	41	280	278	348.664
79	maps/rooms/8room_064.map	512	512	452	425	481	222	316.652
58	maps/rooms/8room_064.map	512	512	202	139	361	247	235.167
98	maps/rooms/8room_064.map	512	512	142	441	458	436	394.463
62	maps/rooms/8room_064.map	512	512	75	171	211	25	248.208
43	maps/rooms/8room_064.map	512	512	479	315	485	404	173.61
84	maps/rooms/8room_064.map	512	512	306	72	419	334	337.534
54	maps/rooms/8room_064.map	512	512	125	200	262	126	216.924
124	maps/rooms/8room_064.map	512	512	111	341	466	312	499.12
71	maps/rooms/8room_064.map	512	512	204	377	40	510	286.38
64	maps/rooms/8room_064.map	512	512	259	253	435	333	258.267
52	maps/rooms/8room_064.map	512	512	265	392	120	469	211.439
118	maps/rooms/8room_064.map	512	512	293	437	101	207	474.434
52	maps/rooms/8room_064.map	512	512	150	174	200	2	211.196
52	maps/rooms/8room_064.map	512	512	60	279	65	102	211.681
82	maps/rooms/8room_064.map	512	512	34	325	229	215	330.279
124	maps/rooms/8room_064.map	512	512	409	461	170	181	499.517
123	maps/rooms/8room_064.map	512	512	85	116	376	399	495.688
122	maps/rooms/8room_064.map	512	512	120	488	485	390	490.747
76	maps/rooms/8room_064.map	512	512	457	281	212	285	306.865
82	maps/rooms/8room_064.map	512	512	264	108	70	292	330.877
52	maps/rooms/8room_064.map	512	512	446	418	313	354	209.024
69	maps/rooms/8room_064.map	512	512	302	141	378	308	279.024
46	maps/rooms/8room_064.map	512	512	104	110	162	205	185.61
123	maps/rooms/8room_064.map	512	512	197	203	459	466	495.032
93	maps/rooms/8room_064.map	512	512	447	302	351	487	374.22
15	maps/rooms/8room_064.map	512	512	246	152	264	183	62.9411
123	maps/rooms/8room_064.map	512	512	52	184	367	392	495.333
67	maps/rooms/8room_064.map	512	512	498	468	373	326	271.208
123	maps/rooms/8room_064.map	512	512	348	28	302	391	495.777
41	maps/rooms/8room_064.map	512	512	13	141	63	280	166.397
123	maps/rooms/8room_064.map	512	512	478	230	201	468	495.233
76	maps/rooms/8room_064.map	512	512	237	367	135	255	306.877
88	maps/rooms/8room_064.map	512	512	30	29	238	205	352.492
123	maps/rooms/8room_064.map	512	512	153	497	319	142	495.132
110	maps/rooms/8room_064.map	512	512	295	490	290	137	443.362
27	maps/rooms/8room_064.map	512	512	409	444	493	402	108.426
73	maps/rooms/8room_064.map	512	512	302	94	85	120	292.782
119	maps/rooms/8room_064.map	512	512	121	89	495	42	477.233
94	maps/rooms/8room_064.map	512	512	327	18	472	297	376.09
58	maps/rooms/8room_064.map	512	512	75	243	178	392	235.723
123	maps/rooms/8room_064.map	512	512	69	62	346	345	495.345
91	maps/rooms/8room_064.map	512	512	265	314	29	394	366.936
20	maps/rooms/8room_064.map	512	512	7	207	58	246	83.7401
41	maps/rooms/8room_064.map	512	512	455	195	348	269	165.225
91	maps/rooms/8room_064.map	512	512	101	38	301	235	364.706
49	maps/rooms/8room_064.map	512	512	12	214	71	335	196.267
80	maps/rooms/8room_064.map	512	512	350	78	187	267	320.208
123	maps/rooms/8room_064.map	512	512	78	473	276	134	495.96
49	maps/rooms/8room_064.map	512	512	226	205	356	107	198.368
73	maps/rooms/8room_064.map	512	512	173	346	29	184	293.279
36	maps/rooms/8room_064.map	512	512	157	302	186	177	146.326
74	maps/rooms/8room_064.map	512	512	18	219	34	441	299.48
95	maps/rooms/8room_064.map	512	512	466	226	395	391	381.664
105	maps/rooms/8room_064.map	512	512	92	270	383	235	423.747
112	maps/rooms/8room_064.map	512	512	394	183	377	468	449.345
100	maps/rooms/8room_064.map	512	512	459	348	171	332	402.108
123	maps/rooms/8room_064.map	512	512	406	66	284	430	495.588
96	maps/rooms/8room_064.map	512	512	196	254	68	44	385.179
20	maps/rooms/8room_064.map	512	512	360	279	431	260	82.8701
78	maps/rooms/8room_064.map	512	512	120	84	262	292	315.764
122	maps/rooms/8room_064.map	512	512	237	46	127	417	491.576
59	maps/rooms/8room_064.map	512	512	339	49	457	162	239.693
85	maps/rooms/8room_064.map	512	512	364	268	302	7	342.723
122	maps/rooms/8room_064.map	512	512	43	463	308	273	491.576
122	maps/rooms/8room_064.map	512	512	483	437	200	175	491.032
37	maps/rooms/8room_064.map	512	512	150	178	105	297	149.296
15	maps/rooms/8room_064.map	512	512	107	226	71	228	60.0416
113	maps/rooms/8room_064.map	512	512	174	106	363	395	453.362
118	maps/rooms/8room_064.map	512	512	343	119	437	451	472.291
33	maps/rooms/8room_064.map	512	512	343	406	326	376	135.083
90	maps/rooms/8room_064.map	512	512	12	197	274	301	362.392
55	maps/rooms/8room_064.map	512	512	142	286	237	243	221.196
39	maps/rooms/8room_064.map	512	512	402	285	506	261	158.711
50	maps/rooms/8room_064.map	512	512	185	9	23	29	202.711
83	maps/rooms/8room_064.map	512	512	413	319	438	53	334.179
111	maps/rooms/8room_064.map	512	512	75	34	396	91	444.09
86	maps/rooms/8room_064.map	512	512	389	252	167	366	347.764
122	maps/rooms/8room_064.map	512	512	470	373	196	89	491.848
122	maps/rooms/8room_064.map	512	512	100	334	380	34	490.759
122	maps/rooms/8room_064.map	512	512	98	10	388	283	491.233
94	maps/rooms/8room_064.map	512	512	293	108	30	260	376.806
110	maps/rooms/8room_064.map	512	512	415	486	341	186	442.635
98	maps/rooms/8room_064.map	512	512	244	70	55	333	394.434
76	maps/rooms/8room_064.map	512	512	43	271	191	79	305.321
83	maps/rooms/8room_064.map	512	512	72	456	122	188	335.279
122	maps/rooms/8room_064.map	512	512	30	490	370	278	491.304
97	maps/rooms/8room_064.map	512	512	390	407	208	139	388.676
95	maps/rooms/8room_064.map	512	512	404	399	183	264	381.948
68	maps/rooms/8room_064.map	512	512	157	293	330	181	275.853
121	maps/rooms/8room_064.map	512	512	315	233	52	409	485.919
121	maps/rooms/8room_064.map	512	512	466	500	249	201	487.203
121	maps/rooms/8room_064.map	512	512	473	467	106	356	487.647
51	maps/rooms/8room_064.map	512	512	342	346	452	239	207.752
52	maps/rooms/8room_064.map	512	512	340	249	473	327	211.953
37	maps/rooms/8room_064.map	512	512	109	139	1	169	150.125
77	maps/rooms/8room_064.map	512	512	267	427	450	259	311.108
121	maps/rooms/8room_064.map	512	512	29	445	338	261	487.576
121	maps/rooms/8room_064.map	512	512	466	479	227	175	487.86
121	maps/rooms/8room_064.map	512	512	445	189	122	331	487.291
95	maps/rooms/8room_064.map	512	512	201	504	503	423	383.09
117	maps/rooms/8room_064.map	512	512	157	51	495	167	470.333
80	maps/rooms/8room_064.map	512	512	405	430	198	398	323.936
118	maps/rooms/8room_064.map	512	512	54	68	86	451	473.777
70	maps/rooms/8room_064.map	512	512	178	346	59	212	283.492
42	maps/rooms/8room_064.map	512	512	394	311	473	299	169.669
118	maps/rooms/8room_064.map	512	512	150	54	203	333	472.375
97	maps/rooms/8room_064.map	512	512	289	61	443	265	388.576
105	maps/rooms/8room_064.map	512	512	22	82	137	399	422.191
76	maps/rooms/8room_064.map	512	512	144	56	127	311	306.309
64	maps/rooms/8room_064.map	512	512	330	57	199	219	258.723
67	maps/rooms/8room_064.map	512	512	184	467	409	483	268.338
86	maps/rooms/8room_064.map	512	512	104	372	335	502	346.806
120	maps/rooms/8room_064.map	512	512	140	504	280	147	483.718
120	maps/rooms/8room_064.map	512	512	495	360	140	313	483.747
22	maps/rooms/8room_064.map	512	512	44	250	73	182	90.598
34	maps/rooms/8room_064.map	512	512	191	348	283	351	137.569
43	maps/rooms/8room_064.map	512	512	421	237	318	299	172.439
120	maps/rooms/8room_064.map	512	512	488	236	136	267	483.475
117	maps/rooms/8room_064.map	512	512	348	477	5	305	470.262
37	maps/rooms/8room_064.map	512	512	217	92	295	71	148.154
78	maps/rooms/8room_064.map	512	512	36	405	216	277	315.179
48	maps/rooms/8room_064.map	512	512	435	29	366	146	193.782
120	maps/rooms/8room_064.map	512	512	455	33	303	394	483.416
54	maps/rooms/8room_064.map	512	512	73	264	42	110	218.296
80	maps/rooms/8room_064.map	512	512	244	329	235	88	321.38
98	maps/rooms/8room_064.map	512	512	243	58	115	320	393.664
41	maps/rooms/8room_064.map	512	512	315	310	460	282	166.74
113	maps/rooms/8room_064.map	512	512	346	303	12	429	452.333
18	maps/rooms/8room_064.map	512	512	73	255	46	301	72.5563
120	maps/rooms/8room_064.map	512	512	277	483	458	152	483.161
6	maps/rooms/8room_064.map	512	512	279	504	302	505	25.8995
25	maps/rooms/8room_064.map	512	512	104	293	20	318	103.184
49	maps/rooms/8room_064.map	512	512	185	73	166	230	199.983
48	maps/rooms/8room_064.map	512	512	444	22	309	18	194.882
48	maps/rooms/8room_064.map	512	512	150	88	21	39	193.782
80	maps/rooms/8room_064.map	512	512	326	314	152	115	323.735
107	maps/rooms/8room_064.map	512	512	54	260	315	491	430.877
34	maps/rooms/8room_064.map	512	512	293	444	286	344	137.468
117	maps/rooms/8room_064.map	512	512	418	454	133	292	469.718
115	maps/rooms/8room_064.map	512	512	63	379	341	196	463.777
120	maps/rooms/8room_064.map	512	512	507	4	235	270	483.605
120	maps/rooms/8room_064.map	512	512	355	41	313	421	483.12
45	maps/rooms/8room_064.map	512	512	269	354	404	313	182.853
95	maps/rooms/8room_064.map	512	512	120	103	234	345	381.664
120	maps/rooms/8room_064.map	512	512	232	498	84	147	483.919
55	maps/rooms/8room_064.map	512	512	363	89	502	72	220.853
32	maps/rooms/8room_064.map	512	512	76	391	99	489	128.983
108	maps/rooms/8room_064.map	512	512	414	205	170	381	434.434
120	maps/rooms/8room_064.map	512	512	83	398	408	462	482.203
111	maps/rooms/8room_064.map	512	512	380	501	280	228	444.161
60	maps/rooms/8room_064.map	512	512	110	342	248	486	242.752
80	maps/rooms/8room_064.map	512	512	86	466	282	302	323.865
75	maps/rooms/8room_064.map	512	512	196	135	371	88	302.25
95	maps/rooms/8room_064.map	512	512	199	379	413	396	381.877
81	maps/rooms/8room_064.map	512	512	406	79	155	76	325.522
66	maps/rooms/8room_064.map	512	512	394	346	198	246	264.551
57	maps/rooms/8room_064.map	512	512	205	170	367	84	228.024
69	maps/rooms/8room_064.map	512	512	474	396	245	388	279.451
70	maps/rooms/8room_064.map	512	512	61	220	166	11	282.836
119	maps/rooms/8room_064.map	512	512	217	107	73	479	479.789
76	maps/rooms/8room_064.map	512	512	177	59	381	204	304.806
119	maps/rooms/8room_064.map	512	512	493	181	108	197	479.191
119	maps/rooms/8room_064.map	512	512	287	66	272	419	479.019
80	maps/rooms/8room_064.map	512	512	239	399	501	387	323.078
113	maps/rooms/8room_064.map	512	512	504	102	504	462	452.392
48	maps/rooms/8room_064.map	512	512	227	437	83	389	195.681
95	maps/rooms/8room_064.map	512	512	426	179	291	443	383.919
119	maps/rooms/8room_064.map	512	512	146	20	358	352	479.203
11	maps/rooms/8room_064.map	512	512	168	274	159	313	45.5563
24	maps/rooms/8room_064.map	512	512	406	389	467	397	96.6985
85	maps/rooms/8room_064.map	512	512	262	132	99	354	342.22
99	maps/rooms/8room_064.map	512	512	155	437	372	222	399.12
119	maps/rooms/8room_064.map	512	512	171	99	455	342	479.291
36	maps/rooms/8room_064.map	512	512	147	312	22	322	147.77
119	maps/rooms/8room_064.map	512	512	347	10	476	377	479.647
92	maps/rooms/8room_064.map	512	512	149	103	25	366	369.978
52	maps/rooms/8room_064.map	512	512	329	302	418	190	208.681
119	maps/rooms/8room_064.map	512	512	470	66	86	167	479.836
119	maps/rooms/8room_064.map	512	512	501	118	101	179	479.836
68	maps/rooms/8room_064.map	512	512	234	67	33	168	272.794
32	maps/rooms/8room_064.map	512	512	308	99	314	42	128.296
69	maps/rooms/8room_064.map	512	512	280	430	194	245	277.652
39	maps/rooms/8room_064.map	512	512	155	45	37	118	158.782
60	maps/rooms/8room_064.map	512	512	9	4	53	191	243.024
119	maps/rooms/8room_064.map	512	512	374	31	117	326	479.688
69	maps/rooms/8room_064.map	512	512	115	145	356	134	277.882
118	maps/rooms/8room_064.map	512	512	476	435	80	451	475.362
27	maps/rooms/8room_064.map	512	512	86	277	163	243	111.77
78	maps/rooms/8room_064.map	512	512	262	47	165	234	314.995
84	maps/rooms/8room_064.map	512	512	330	140	50	72	339.622
118	maps/rooms/8room_064.map	512	512	139	438	71	60	475.304
14	maps/rooms/8room_064.map	512	512	444	248	396	243	59.8701
112	maps/rooms/8room_064.map	512	512	130	410	414	228	450.375
69	maps/rooms/8room_064.map	512	512	189	419	8	314	279.865
117	maps/rooms/8room_064.map	512	512	163	482	218	123	471.848
117	maps/rooms/8room_064.map	512	512	509	57	293	366	471.233
96	maps/rooms/8room_064.map	512	512	338	216	60	68	385.321
109	maps/rooms/8room_064.map	512	512	172	184	261	488	439.392
49	maps/rooms/8room_064.map	512	512	338	167	472	261	196.368
36	maps/rooms/8room_064.map	512	512	149	183	268	186	146.125
73	maps/rooms/8room_064.map	512	512	275	154	204	327	293.137
56	maps/rooms/8room_064.map	512	512	111	57	78	243	224.338
22	maps/rooms/8room_064.map	512	512	58	476	98	430	91.3553
117	maps/rooms/8room_064.map	512	512	126	502	398	227	471.375
33	maps/rooms/8room_064.map	512	512	435	162	364	104	133.711
81	maps/rooms/8room_064.map	512	512	420	346	355	426	324.279
117	maps/rooms/8room_064.map	512	512	460	141	134	300	471.434
117	maps/rooms/8room_064.map	512	512	110	212	472	282	471.948
85	maps/rooms/8room_064.map	512	512	218	260	236	47	340.037
73	maps/rooms/8room_064.map	512	512	242	20	398	180	294.593
60	maps/rooms/8room_064.map	512	512	507	246	331	316	240.752
35	maps/rooms/8room_064.map	512	512	46	293	121	235	140.64
30	maps/rooms/8room_064.map	512	512	373	495	453	429	123.74
87	maps/rooms/8room_064.map	512	512	308	146	25	167	348.066
32	maps/rooms/8room_064.map	512	512	413	492	492	423	128.083
53	maps/rooms/8room_064.map	512	512	213	153	107	299	213.338
74	maps/rooms/8room_064.map	512	512	221	217	53	38	299.593
89	maps/rooms/8room_064.map	512	512	3	141	271	117	356.652
80	maps/rooms/8room_064.map	512	512	194	220	439	205	321.279
71	maps/rooms/8room_064.map	512	512	323	120	474	301	284.35
60	maps/rooms/8room_064.map	512	512	70	200	186	55	241.309
24	maps/rooms/8room_064.map	512	512	264	298	201	262	96.3553
57	maps/rooms/8room_064.map	512	512	405	309	450	410	230.167
82	maps/rooms/8room_064.map	512	512	483	77	274	45	328.078
46	maps/rooms/8room_064.map	512	512	131	362	268	328	184.196
89	maps/rooms/8room_064.map	512	512	27	52	2	325	357.421
39	maps/rooms/8room_064.map	512	512	392	242	422	141	157.326
116	maps/rooms/8room_064.map	512	512	9	89	377	37	466.96
81	maps/rooms/8room_064.map	512	512	490	200	264	345	326.078
27	maps/rooms/8room_064.map	512	512	276	255	355	233	108.255
94	maps/rooms/8room_064.map	512	512	169	21	427	181	376.836
63	maps/rooms/8room_064.map	512	512	50	218	88	409	255.51
63	maps/rooms/8room_064.map	512	512	489	12	452	236	255.752
27	maps/rooms/8room_064.map	512	512	58	443	78	359	111.698
31	maps/rooms/8room_064.map	512	512	166	149	99	233	124.64
70	maps/rooms/8room_064.map	512	512	412	286	332	51	282.966
85	maps/rooms/8room_064.map	512	512	132	312	391	347	340.836
64	maps/rooms/8room_064.map	512	512	252	246	362	73	258.723
58	maps/rooms/8room_064.map	512	512	115	119	312	108	233.782
47	maps/rooms/8room_064.map	512	512	168	437	259	324	189.439
116	maps/rooms/8room_064.map	512	512	506	135	423	467	467.777
116	maps/rooms/8room_064.map	512	512	291	109	300	473	467.191
116	maps/rooms/8room_064.map	512	512	308	9	99	311	467.718
14	maps/rooms/8room_064.map	512	512	299	210	256	198	56.5563
113	maps/rooms/8room_064.map	512	512	410	430	266	210	454.919
107	maps/rooms/8room_064.map	512	512	420	390	264	466	429.362
116	maps/rooms/8room_064.map	512	512	394	361	228	393	467.605
35	maps/rooms/8room_064.map	512	512	150	175	109	95	143.368
39	maps/rooms/8room_064.map	512	512	279	454	364	374	156.054
6	maps/rooms/8room_064.map	512	512	174	94	186	106	24.7279
112	maps/rooms/8room_064.map	512	512	123	156	504	89	448.108
100	maps/rooms/8room_064.map	512	512	463	437	154	381	402.12
93	maps/rooms/8room_064.map	512	512	69	455	391	468	375.208
65	maps/rooms/8room_064.map	512	512	285	63	358	170	261.38
116	maps/rooms/8room_064.map	512	512	306	493	213	113	467.291
116	maps/rooms/8room_064.map	512	512	134	28	331	320	467.132
116	maps/rooms/8room_064.map	512	512	330	474	279	145	467.362
115	maps/rooms/8room_064.map	512	512	487	492	407	140	463.12
73	maps/rooms/8room_064.map	512	512	278	334	109	484	293.451
27	maps/rooms/8room_064.map	512	512	506	180	426	189	111.912
68	maps/rooms/8room_064.map	512	512	298	142	110	249	275.451
96	maps/rooms/8room_064.map	512	512	287	191	44	58	385.747
115	maps/rooms/8room_064.map	512	512	149	153	213	503	463.463
115	maps/rooms/8room_064.map	512	512	157	365	476	351	463.735
115	maps/rooms/8room_064.map	512	512	218	473	478	195	463.304
98	maps/rooms/8room_064.map	512	512	485	183	430	459	394.664
80	maps/rooms/8room_064.map	512	512	486	328	333	117	322.049
93	maps/rooms/8room_064.map	512	512	301	72	27	108	374.25
85	maps/rooms/8room_064.map	512	512	338	278	98	270	343.664
107	maps/rooms/8room_064.map	512	512	351	330	74	136	431.434
47	maps/rooms/8room_064.map	512	512	91	123	150	260	189.397
115	maps/rooms/8room_064.map	512	512	110	376	422	283	463.049
115	maps/rooms/8room_064.map	512	512	37	495	214	154	462.919
94	maps/rooms/8room_064.map	512	512	83	56	74	356	379.25
112	maps/rooms/8room_064.map	512	512	76	35	299	317	448.362
61	maps/rooms/8room_064.map	512	512	62	59	135	235	245.995
113	maps/rooms/8room_064.map	512	512	180	293	457	175	454.404
61	maps/rooms/8room_064.map	512	512	152	168	314	250	244.652
114	maps/rooms/8room_064.map	512	512	396	105	222	394	459.96
102	maps/rooms/8room_064.map	512	512	73	27	378	21	410.22
114	maps/rooms/8room_064.map	512	512	360	479	200	183	459.019
15	maps/rooms/8room_064.map	512	512	499	182	509	210	62.3848
44	maps/rooms/8room_064.map	512	512	147	317	265	296	179.125
114	maps/rooms/8room_064.map	512	512	25	55	344	251	459.919
114	maps/rooms/8room_064.map	512	512	504	389	238	132	459.534
55	maps/rooms/8room_064.map	512	512	437	342	261	384	221.924
114	maps/rooms/8room_064.map	512	512	463	230	211	501	458.889
41	maps/rooms/8room_064.map	512	512	74	85	140	205	166.711
92	maps/rooms/8room_064.map	512	512	296	50	22	214	369.706
74	maps/rooms/8room_064.map	512	512	490	19	282	139	299.865
94	maps/rooms/8room_064.map	512	512	507	374	486	87	379.865
103	maps/rooms/8room_064.map	512	512	390	259	137	77	415.291
62	maps/rooms/8room_064.map	512	512	485	327	392	154	251.38
114	maps/rooms/8room_064.map	512	512	456	87	288	393	459.103
28	maps/rooms/8room_064.map	512	512	243	446	162	433	113.74
114	maps/rooms/8room_064.map	512	512	136	499	58	148	458.706
51	maps/rooms/8room_064.map	512	512	151	324	41	414	205.48
33	maps/rooms/8room_064.map	512	512	331	198	239	168	132.627
113	maps/rooms/8room_064.map	512	512	214	422	475	159	454.919
108	maps/rooms/8room_064.map	512	512	104	212	438	251	434.747
80	maps/rooms/8room_064.map	512	512	68	124	182	298	321.806
106	maps/rooms/8room_064.map	512	512	381	297	270	41	424.806
101	maps/rooms/8room_064.map	512	512	345	246	83	355	404.764
113	maps/rooms/8room_064.map	512	512	330	55	135	356	455.889
108	maps/rooms/8room_064.map	512	512	428	377	405	73	433.534
73	maps/rooms/8room_064.map	512	512	18	151	56	382	293.652
27	maps/rooms/8room_064.map	512	512	492	24	510	123	110.941
108	maps/rooms/8room_064.map	512	512	213	397	50	111	433.676
94	maps/rooms/8room_064.map	512	512	372	225	441	484	378.777
75	maps/rooms/8room_064.map	512	512	214	39	428	36	301.066
44	maps/rooms/8room_064.map	512	512	431	164	455	71	178.338
112	maps/rooms/8room_064.map	512	512	410	323	57	447	451.676
58	maps/rooms/8room_064.map	512	512	163	246	206	375	235.723
29	maps/rooms/8room_064.map	512	512	95	415	187	446	117.083
85	maps/rooms/8room_064.map	512	512	292	287	368	30	341.451
81	maps/rooms/8room_064.map	512	512	28	412	10	150	325.622
56	maps/rooms/8room_064.map	512	512	10	444	169	343	226.35
83	maps/rooms/8room_064.map	512	512	230	415	499	420	333.421
51	maps/rooms/8room_064.map	512	512	451	290	327	309	204.397
112	maps/rooms/8room_064.map	512	512	6	433	182	99	451.706
112	maps/rooms/8room_064.map	512	512	421	19	104	236	451.546
28	maps/rooms/8room_064.map	512	512	198	425	271	470	113.841
38	maps/rooms/8room_064.map	512	512	307	441	230	415	152.296
107	maps/rooms/8room_064.map	512	512	45	286	372	137	431.12
19	maps/rooms/8room_064.map	512	512	281	386	262	325	76.0416
22	maps/rooms/8room_064.map	512	512	341	271	379	335	89.6985
63	maps/rooms/8room_064.map	512	512	75	199	292	196	255.924
111	maps/rooms/8room_064.map	512	512	507	130	197	21	447.593
66	maps/rooms/8room_064.map	512	512	29	37	219	102	266.238
94	maps/rooms/8room_064.map	512	512	250	250	388	418	376.291
76	maps/rooms/8room_064.map	512	512	61	248	182	447	306.007
92	maps/rooms/8room_064.map	512	512	59	356	274	182	371.333
111	maps/rooms/8room_064.map	512	512	344	490	401	186	447.434
40	maps/rooms/8room_064.map	512	512	140	204	260	133	163.953
111	maps/rooms/8room_064.map	512	512	18	446	380	399	447.09
54	maps/rooms/8room_064.map	512	512	174	367	135	222	216.995
111	maps/rooms/8room_064.map	512	512	408	125	124	316	447.291
105	maps/rooms/8room_064.map	512	512	111	495	381	296	420.12
111	maps/rooms/8room_064.map	512	512	311	99	84	381	447.375
40	maps/rooms/8room_064.map	512	512	398	223	475	155	163.811
63	maps/rooms/8room_064.map	512	512	412	491	199	484	253.439
111	maps/rooms/8room_064.map	512	512	111	167	306	423	447.534
100	maps/rooms/8room_064.map	512	512	52	502	18	179	401.492
56	maps/rooms/8room_064.map	512	512	287	279	116	296	224.61
58	maps/rooms/8room_064.map	512	512	115	201	166	25	232.924
110	maps/rooms/8room_064.map	512	512	330	472	225	166	443.392
110	maps/rooms/8room_064.map	512	512	62	199	358	362	443.877
79	maps/rooms/8room_064.map	512	512	302	87	434	314	319.149
73	maps/rooms/8room_064.map	512	512	429	74	434	291	292.551
94	maps/rooms/8room_064.map	512	512	348	227	156	442	376.563
89	maps/rooms/8room_064.map	512	512	503	226	226	126	357.693
107	maps/rooms/8room_064.map	512	512	254	26	509	210	428.019
110	maps/rooms/8room_064.map	512	512	135	365	453	329	443.907
27	maps/rooms/8room_064.map	512	512	202	295	119	250	108.669
110	maps/rooms/8room_064.map	512	512	486	233	163	335	442.806
110	maps/rooms/8room_064.map	512	512	249	10	126	344	443.049
9	maps/rooms/8room_064.map	512	512	168	245	160	222	36.8995
110	maps/rooms/8room_064.map	512	512	287	247	20	271	443.434
87	maps/rooms/8room_064.map	512	512	342	306	101	445	351.321
102	maps/rooms/8room_064.map	512	512	501	380	235	206	409.764
110	maps/rooms/8room_064.map	512	512	315	9	243	365	443.647
109	maps/rooms/8room_064.map	512	512	222	168	358	467	439.434
83	maps/rooms/8room_064.map	512	512	354	246	200	456	333.279
109	maps/rooms/8room_064.map	512	512	420	324	86	244	439.505
75	maps/rooms/8room_064.map	512	512	374	171	166	247	300.451
109	maps/rooms/8room_064.map	512	512	475	373	202	160	439.664
45	maps/rooms/8room_064.map	512	512	128	248	120	397	181.853
109	maps/rooms/8room_064.map	512	512	53	210	358	365	439.061
109	maps/rooms/8room_064.map	512	512	51	137	406	103	438.865
29	maps/rooms/8room_064.map	512	512	119	445	53	504	117.912
31	maps/rooms/8room_064.map	512	512	134	453	92	371	126.811
109	maps/rooms/8room_064.map	512	512	461	79	298	382	439.203
21	maps/rooms/8room_064.map	512	512	425	231	436	184	84.5269
109	maps/rooms/8room_064.map	512	512	10	118	282	309	439.392
27	maps/rooms/8room_064.map	512	512	141	22	60	25	110.426
108	maps/rooms/8room_064.map	512	512	361	15	148	278	435.061
108	maps/rooms/8room_064.map	512	512	509	453	250	231	435.233
104	maps/rooms/8room_064.map	512	512	190	486	42	184	417.22
108	maps/rooms/8room_064.map	512	512	376	425	463	246	435.706
89	maps/rooms/8room_064.map	512	512	319	434	166	297	356.007
94	maps/rooms/8room_064.map	512	512	373	334	234	85	379.563
79	maps/rooms/8room_064.map	512	512	370	482	261	296	319.836
33	maps/rooms/8room_064.map	512	512	163	181	164	71	132.497
20	maps/rooms/8room_064.map	512	512	122	171	53	179	80.9411
49	maps/rooms/8room_064.map	512	512	216	169	287	316	197.924
51	maps/rooms/8room_064.map	512	512	69	174	223	104	204.711
100	maps/rooms/8room_064.map	512	512	143	46	435	108	402.108
53	maps/rooms/8room_064.map	512	512	285	293	460	253	215.368
108	maps/rooms/8room_064.map	512	512	398	69	92	248	435.777
79	maps/rooms/8room_064.map	512	512	229	301	20	409	319.066
96	maps/rooms/8room_064.map	512	512	147	395	104	90	386.191
61	maps/rooms/8room_064.map	512	512	146	120	82	317	244.439
66	maps/rooms/8room_064.map	512	512	242	501	149	335	266.723
91	maps/rooms/8room_064.map	512	512	228	10	434	92	367.421
9	maps/rooms/8room_064.map	512	512	201	390	203	413	38.799
108	maps/rooms/8room_064.map	512	512	440	498	142	442	434.676
107	maps/rooms/8room_064.map	512	512	504	223	142	186	431.635
78	maps/rooms/8room_064.map	512	512	279	282	418	467	315.22
107	maps/rooms/8room_064.map	512	512	88	133	297	376	431.12
79	maps/rooms/8room_064.map	512	512	52	210	78	454	319.48
82	maps/rooms/8room_064.map	512	512	382	44	333	300	328.095
51	maps/rooms/8room_064.map	512	512	376	124	494	90	205.196
72	maps/rooms/8room_064.map	512	512	223	367	322	189	289.752
63	maps/rooms/8room_064.map	512	512	360	87	189	194	254.51
105	maps/rooms/8room_064.map	512	512	366	282	54	157	422.262
63	maps/rooms/8room_064.map	512	512	249	474	28	483	252.953
45	maps/rooms/8room_064.map	512	512	120	306	106	403	181.267
20	maps/rooms/8room_064.map	512	512	142	494	104	462	81.3553
91	maps/rooms/8room_064.map	512	512	214	363	462	314	364.764
106	maps/rooms/8room_064.map	512	512	28	246	324	372	425.12
106	maps/rooms/8room_064.map	512	512	73	72	261	323	427.777
70	maps/rooms/8room_064.map	512	512	167	302	220	470	282.865
106	maps/rooms/8room_064.map	512	512	42	362	365	283	427.907
93	maps/rooms/8room_064.map	512	512	490	294	382	438	375.12
77	maps/rooms/8room_064.map	512	512	301	222	311	58	309.522
85	maps/rooms/8room_064.map	512	512	165	441	421	339	343.179
102	maps/rooms/8room_064.map	512	512	83	429	226	120	410.233
106	maps/rooms/8room_064.map	512	512	491	309	181	154	427.25
73	maps/rooms/8room_064.map	512	512	261	246	211	284	295.38
106	maps/rooms/8room_064.map	512	512	412	441	113	400	427.99
106	maps/rooms/8room_064.map	512	512	153	365	307	95	426.919
17	maps/rooms/8room_064.map	512	512	58	419	100	404	69.3848
105	maps/rooms/8room_064.map	512	512	115	354	430	242	422.706
79	maps/rooms/8room_064.map	512	512	68	473	306	402	319.693
105	maps/rooms/8room_064.map	512	512	57	260	391	181	423.434
67	maps/rooms/8room_064.map	512	512	307	40	223	205	271.995
88	maps/rooms/8room_064.map	512	512	467	163	250	330	355.664
105	maps/rooms/8room_064.map	512	512	341	171	41	303	423.019
104	maps/rooms/8room_064.map	512	512	413	264	186	23	419.262
104	maps/rooms/8room_064.map	512	512	483	70	502	401	419.321
92	maps/rooms/8room_064.map	512	512	419	292	356	487	371.078
104	maps/rooms/8room_064.map	512	512	159	94	238	394	419.735
79	maps/rooms/8room_064.map	512	512	205	52	394	207	318.635
87	maps/rooms/8room_064.map	512	512	485	492	246	404	351.936
97	maps/rooms/8room_064.map	512	512	328	286	73	297	391.22
104	maps/rooms/8room_064.map	512	512	20	313	320	484	419.291
104	maps/rooms/8room_064.map	512	512	492	312	175	179	419.563
103	maps/rooms/8room_064.map	512	512	506	297	256	199	415.179
91	maps/rooms/8room_064.map	512	512	19	106	313	153	364.179
87	maps/rooms/8room_064.map	512	512	313	357	71	259	351.664
64	maps/rooms/8room_064.map	512	512	66	463	239	364	257.723
93	maps/rooms/8room_064.map	512	512	35	183	231	396	375.392
103	maps/rooms/8room_064.map	512	512	152	227	463	117	415.593
103	maps/rooms/8room_064.map	512	512	268	125	437	383	415.149
85	maps/rooms/8room_064.map	512	512	413	307	365	490	342.078
97	maps/rooms/8room_064.map	512	512	229	466	171	196	388.291
93	maps/rooms/8room_064.map	512	512	380	194	95	89	375.706
103	maps/rooms/8room_064.map	512	512	186	295	433	86	415.664
81	maps/rooms/8room_064.map	512	512	245	451	154	245	327.593
102	maps/rooms/8room_064.map	512	512	47	29	196	276	409.865
59	maps/rooms/8room_064.map	512	512	210	185	4	226	238.539
58	maps/rooms/8room_064.map	512	512	282	364	100	342	235.137
103	maps/rooms/8room_064.map	512	512	507	46	338	340	415.191
45	maps/rooms/8room_064.map	512	512	248	138	405	150	180.154
103	maps/rooms/8room_064.map	512	512	316	5	261	341	414.605
85	maps/rooms/8room_064.map	512	512	414	378	146	359	342.179
103	maps/rooms/8room_064.map	512	512	314	472	431	176	415.475
99	maps/rooms/8room_064.map	512	512	21	28	298	92	397.836
48	maps/rooms/8room_064.map	512	512	166	71	24	86	192.095
71	maps/rooms/8room_064.map	512	512	278	280	51	334	286.823
102	maps/rooms/8room_064.map	512	512	260	421	407	123	411.576
102	maps/rooms/8room_064.map	512	512	434	70	500	383	411.149
47	maps/rooms/8room_064.map	512	512	217	205	63	203	190.669
102	maps/rooms/8room_064.map	512	512	31	478	159	165	411.392
47	maps/rooms/8room_064.map	512	512	349	232	206	234	188.054
64	maps/rooms/8room_064.map	512	512	50	63	242	151	256.794
26	maps/rooms/8room_064.map	512	512	165	136	242	85	107.74
60	maps/rooms/8room_064.map	512	512	163	234	27	110	242.208
49	maps/rooms/8room_064.map	512	512	495	262	329	274	197.296
102	maps/rooms/8room_064.map	512	512	127	255	435	133	410.735
86	maps/rooms/8room_064.map	512	512	202	488	379	266	344.421
102	maps/rooms/8room_064.map	512	512	467	453	248	216	411.99
102	maps/rooms/8room_064.map	512	512	375	214	152	441	411.362
101	maps/rooms/8room_064.map	512	512	141	21	269	305	407.706
17	maps/rooms/8room_064.map	512	512	44	302	99	284	69.8701
24	maps/rooms/8room_064.map	512	512	57	308	11	300	97.1127
54	maps/rooms/8room_064.map	512	512	463	261	303	211	216.953
18	maps/rooms/8room_064.map	512	512	127	413	150	377	72.0122
63	maps/rooms/8room_064.map	512	512	490	383	338	467	252.551
71	maps/rooms/8room_064.map	512	512	171	188	103	379	285.25
32	maps/rooms/8room_064.map	512	512	399	18	446	104	129.083
43	maps/rooms/8room_064.map	512	512	262	188	169	251	172.953
86	maps/rooms/8room_064.map	512	512	269	361	118	153	345.208
32	maps/rooms/8room_064.map	512	512	178	426	86	423	131.811
101	maps/rooms/8room_064.map	512	512	95	40	403	115	407.693
75	maps/rooms/8room_064.map	512	512	390	377	341	169	301.409
97	maps/rooms/8room_064.map	512	512	414	291	408	14	391.777
101	maps/rooms/8room_064.map	512	512	4	462	322	354	407.019
101	maps/rooms/8room_064.map	512	512	365	285	99	487	407.848
70	maps/rooms/8room_064.map	512	512	163	277	105	483	281.078
81	maps/rooms/8room_064.map	512	512	244	269	86	76	326.38
68	maps/rooms/8room_064.map	512	512	486	285	510	72	275.309
101	maps/rooms/8room_064.map	512	512	324	447	340	174	406.806
101	maps/rooms/8room_064.map	512	512	251	485	135	197	407.12
101	maps/rooms/8room_064.map	512	512	297	54	238	326	407.735
101	maps/rooms/8room_064.map	512	512	247	424	406	195	407.99
100	maps/rooms/8room_064.map	512	512	339	411	217	118	403.534
100	maps/rooms/8room_064.map	512	512	463	222	129	190	403.463
91	maps/rooms/8room_064.map	512	512	194	10	40	261	367.191
79	maps/rooms/8room_064.map	512	512	40	372	173	137	318.492
100	maps/rooms/8room_064.map	512	512	445	306	279	29	403.777
100	maps/rooms/8room_064.map	512	512	244	63	479	191	403.635
40	maps/rooms/8room_064.map	512	512	26	42	127	85	160.368
45	maps/rooms/8room_064.map	512	512	287	76	223	13	181.225
74	maps/rooms/8room_064.map	512	512	405	494	404	327	296.551
77	maps/rooms/8room_064.map	512	512	37	404	269	353	308.664
65	maps/rooms/8room_064.map	512	512	159	424	109	252	263.037
29	maps/rooms/8room_064.map	512	512	76	270	73	178	116.983
19	maps/rooms/8room_064.map	512	512	359	363	382	359	77.2843
59	maps/rooms/8room_064.map	512	512	164	167	300	243	236.409
75	maps/rooms/8room_064.map	512	512	445	403	204	418	301.037
100	maps/rooms/8room_064.map	512	512	61	488	50	161	403.664
75	maps/rooms/8room_064.map	512	512	488	178	278	301	302.664
99	maps/rooms/8room_064.map	512	512	471	50	169	173	399.936
46	maps/rooms/8room_064.map	512	512	295	334	263	187	184.681
76	maps/rooms/8room_064.map	512	512	62	236	181	421	307.865
48	maps/rooms/8room_064.map	512	512	354	143	511	127	193.368
83	maps/rooms/8room_064.map	512	512	55	213	301	299	333.907
99	maps/rooms/8room_064.map	512	512	12	313	292	189	399.463
81	maps/rooms/8room_064.map	512	512	421	511	438	287	324.179
99	maps/rooms/8room_064.map	512	512	59	130	348	267	399.948
99	maps/rooms/8room_064.map	512	512	211	36	339	332	399.848
47	maps/rooms/8room_064.map	512	512	167	68	309	40	191.095
99	maps/rooms/8room_064.map	512	512	350	36	247	343	399.948
92	maps/rooms/8room_064.map	512	512	383	334	488	61	371.179
99	maps/rooms/8room_064.map	512	512	498	131	454	415	399.421
97	maps/rooms/8room_064.map	512	512	124	228	406	310	391.806
99	maps/rooms/8room_064.map	512	512	170	508	469	415	399.747
98	maps/rooms/8room_064.map	512	512	5	495	230	298	395.463
98	maps/rooms/8room_064.map	512	512	55	185	359	276	394.664
79	maps/rooms/8room_064.map	512	512	56	459	113	219	318.38
97	maps/rooms/8room_064.map	512	512	85	7	321	221	391.706
63	maps/rooms/8room_064.map	512	512	296	2	227	158	254.279
55	maps/rooms/8room_064.map	512	512	299	446	201	318	221.338
43	maps/rooms/8room_064.map	512	512	261	102	200	2	174.397
97	maps/rooms/8room_064.map	512	512	243	404	339	119	390.948
41	maps/rooms/8room_064.map	512	512	179	103	62	137	165.468
14	maps/rooms/8room_064.map	512	512	29	442	26	471	59.2132
96	maps/rooms/8room_064.map	512	512	79	42	271	279	387.007
96	maps/rooms/8room_064.map	512	512	326	403	52	275	387.948
59	maps/rooms/8room_064.map	512	512	201	9	108	172	238.752
96	maps/rooms/8room_064.map	512	512	372	479	249	220	387.948
96	maps/rooms/8room_064.map	512	512	106	394	265	131	387.12
84	maps/rooms/8room_064.map	512	512	425	334	392	462	336.522
96	maps/rooms/8room_064.map	512	512	490	169	204	67	387.078
54	maps/rooms/8room_064.map	512	512	233	394	375	281	217.066
92	maps/rooms/8room_064.map	512	512	238	440	168	177	371.836
96	maps/rooms/8room_064.map	512	512	450	493	155	434	387.605
44	maps/rooms/8room_064.map	512	512	415	395	452	374	179.983
92	maps/rooms/8room_064.map	512	512	395	437	245	255	371.12
66	maps/rooms/8room_064.map	512	512	324	219	166	286	265.51
65	maps/rooms/8room_064.map	512	512	159	245	156	27	263.995
85	maps/rooms/8room_064.map	512	512	252	15	377	149	340.581
91	maps/rooms/8room_064.map	512	512	329	114	30	131	367.48
91	maps/rooms/8room_064.map	512	512	156	331	218	119	367.463
91	maps/rooms/8room_064.map	512	512	22	121	258	273	366.593
61	maps/rooms/8room_064.map	512	512	332	344	211	197	245.966
48	maps/rooms/8room_064.map	512	512	103	148	149	3	193.752
50	maps/rooms/8room_064.map	512	512	447	68	315	167	203.711
91	maps/rooms/8room_064.map	512	512	469	447	236	279	367.191
29	maps/rooms/8room_064.map	512	512	410	491	319	461	116.397
90	maps/rooms/8room_064.map	512	512	360	344	104	376	363.948
90	maps/rooms/8room_064.map	512	512	93	237	243	473	363.806
62	maps/rooms/8room_064.map	512	512	173	44	171	228	251.338
56	maps/rooms/8room_064.map	512	512	58	3	25	163	226.095
68	maps/rooms/8room_064.map	512	512	260	188	466	263	273.551
90	maps/rooms/8room_064.map	512	512	20	412	245	267	363.865
53	maps/rooms/8room_064.map	512	512	507	365	472	203	212.581
90	maps/rooms/8room_064.map	512	512	243	261	431	41	363.563
71	maps/rooms/8room_064.map	512	512	301	15	215	185	284.208
90	maps/rooms/8room_064.map	512	512	277	12	348	282	363.208
36	maps/rooms/8room_064.map	512	512	191	173	306	136	145.255
72	maps/rooms/8room_064.map	512	512	39	138	70	357	289.338
90	maps/rooms/8room_064.map	512	512	62	11	279	178	362.735
52	maps/rooms/8room_064.map	512	512	165	124	11	205	210.196
90	maps/rooms/8room_064.map	512	512	327	154	122	331	362.693
68	maps/rooms/8room_064.map	512	512	15	323	58	106	274.652
90	maps/rooms/8room_064.map	512	512	195	64	243	369	363.735
90	maps/rooms/8room_064.map	512	512	46	214	323	83	363.907
89	maps/rooms/8room_064.map	512	512	468	207	205	91	359.108
79	maps/rooms/8room_064.map	512	512	181	372	198	213	319.421
26	maps/rooms/8room_064.map	512	512	332	460	329	396	105.912
62	maps/rooms/8room_064.map	512	512	330	88	253	270	249.066
58	maps/rooms/8room_064.map	512	512	139	283	230	314	235.037
75	maps/rooms/8room_064.map	512	512	57	500	229	348	303.865
89	maps/rooms/8room_064.map	512	512	31	326	306	302	359.35
26	maps/rooms/8room_064.map	512	512	367	435	421	510	107.912
89	maps/rooms/8room_064.map	512	512	486	355	329	499	358.806
89	maps/rooms/8room_064.map	512	512	150	307	369	140	359.723
89	maps/rooms/8room_064.map	512	512	470	264	186	328	358.894
40	maps/rooms/8room_064.map	512	512	43	312	42	430	162.983
88	maps/rooms/8room_064.map	512	512	90	22	245	257	355.279
88	maps/rooms/8room_064.map	512	512	211	405	284	124	355.664
36	maps/rooms/8room_064.map	512	512	164	168	77	86	145.468
73	maps/rooms/8room_064.map	512	512	222	194	435	105	294.853
88	maps/rooms/8room_064.map	512	512	458	260	210	105	355.693
88	maps/rooms/8room_064.map	512	512	348	323	67	260	355.037
88	maps/rooms/8room_064.map	512	512	410	70	423	340	354.664
38	maps/rooms/8room_064.map	512	512	198	184	254	93	153.811
88	maps/rooms/8room_064.map	512	512	283	392	151	140	355.421
88	maps/rooms/8room_064.map	512	512	462	55	454	343	355.622
88	maps/rooms/8room_064.map	512	512	362	494	132	358	355.421
25	maps/rooms/8room_064.map	512	512	146	374	86	410	103.74
87	maps/rooms/8room_064.map	512	512	180	263	445	277	351.108
67	maps/rooms/8room_064.map	512	512	163	206	311	125	269.995
66	maps/rooms/8room_064.map	512	512	307	31	484	61	267.593
40	maps/rooms/8room_064.map	512	512	259	183	175	228	162.296
87	maps/rooms/8room_064.map	512	512	423	312	214	402	351.836
87	maps/rooms/8room_064.map	512	512	50	29	82	291	351.764
86	maps/rooms/8room_064.map	512	512	215	214	315	447	347.25
86	maps/rooms/8room_064.map	512	512	93	45	252	265	347.451
86	maps/rooms/8room_064.map	512	512	428	104	473	377	347.764
74	maps/rooms/8room_064.map	512	512	294	309	62	367	299.723
86	maps/rooms/8room_064.map	512	512	406	460	399	228	347.434
86	maps/rooms/8room_064.map	512	512	372	230	217	463	347.664
51	maps/rooms/8room_064.map	512	512	157	489	87	341	205.196
50	maps/rooms/8room_064.map	512	512	441	141	446	284	203.338
84	maps/rooms/8room_064.map	512	512	77	183	14	451	339.066
68	maps/rooms/8room_064.map	512	512	111	248	117	13	275.167
84	maps/rooms/8room_064.map	512	512	183	128	20	357	339.321
18	maps/rooms/8room_064.map	512	512	458	506	484	454	75.598
21	maps/rooms/8room_064.map	512	512	309	169	292	159	87.0416
39	maps/rooms/8room_064.map	512	512	287	84	206	178	157.125
84	maps/rooms/8room_064.map	512	512	450	14	374	270	339.806
84	maps/rooms/8room_064.map	512	512	346	474	377	265	339.12
84	maps/rooms/8room_064.map	512	512	325	460	125	334	339.078
84	maps/rooms/8room_064.map	512	512	183	189	401	7	339.22
83	maps/rooms/8room_064.map	512	512	484	374	286	203	334.723
83	maps/rooms/8room_064.map	512	512	2	227	116	439	335.764
78	maps/rooms/8room_064.map	512	512	457	477	289	323	315.522
83	maps/rooms/8room_064.map	512	512	66	151	169	396	335.463
75	maps/rooms/8room_064.map	512	512	116	229	126	455	301.321
68	maps/rooms/8room_064.map	512	512	214	413	405	297	275.066
83	maps/rooms/8room_064.map	512	512	103	295	336	387	335.836
56	maps/rooms/8room_064.map	512	512	390	343	409	149	226.782
82	maps/rooms/8room_064.map	512	512	438	90	338	337	331.735
81	maps/rooms/8room_064.map	512	512	25	71	252	226	327.421
81	maps/rooms/8room_064.map	512	512	223	3	185	287	327.681
81	maps/rooms/8room_064.map	512	512	88	229	323	135	327.451
78	maps/rooms/8room_064.map	512	512	268	265	167	34	315.865
78	maps/rooms/8room_064.map	512	512	341	245	90	191	315.551
78	maps/rooms/8room_064.map	512	512	473	197	231	184	315.693
68	maps/rooms/8room_064.map	512	512	342	265	198	430	274.966
77	maps/rooms/8room_064.map	512	512	399	420	268	314	311.693
51	maps/rooms/8room_064.map	512	512	51	381	138	491	207.51
47	maps/rooms/8room_064.map	512	512	379	435	312	386	189.338
77	maps/rooms/8room_064.map	512	512	434	327	266	165	310.894
77	maps/rooms/8room_064.map	512	512	169	311	142	166	311.078
57	maps/rooms/8room_064.map	512	512	94	50	59	229	231.238
77	maps/rooms/8room_064.map	512	512	163	377	60	149	311.25
77	maps/rooms/8room_064.map	512	512	325	4	188	206	311.35
77	maps/rooms/8room_064.map	512	512	43	217	127	450	311.936
56	maps/rooms/8room_064.map	512	512	437	214	428	73	225.338
58	maps/rooms/8room_064.map	512	512	215	227	366	218	232.61
77	maps/rooms/8room_064.map	512	512	41	235	225	393	311.179
75	maps/rooms/8room_064.map	512	512	442	120	338	316	303.321
75	maps/rooms/8room_064.map	512	512	452	191	309	365	303.735
74	maps/rooms/8room_064.map	512	512	356	402	502	340	299.179
74	maps/rooms/8room_064.map	512	512	165	376	383	402	299.865
64	maps/rooms/8room_064.map	512	512	75	437	227	309	256.936
23	maps/rooms/8room_064.map	512	512	181	182	152	245	95.1127
27	maps/rooms/8room_064.map	512	512	435	263	457	358	110.012
16	maps/rooms/8room_064.map	512	512	259	508	316	508	65.2843
73	maps/rooms/8room_064.map	512	512	132	224	332	74	295.078
54	maps/rooms/8room_064.map	512	512	414	154	495	44	219.853
72	maps/rooms/8room_064.map	512	512	136	437	189	216	291.078
72	maps/rooms/8room_064.map	512	512	21	44	229	153	291.693
62	maps/rooms/8room_064.map	512	512	146	231	317	140	251.581
72	maps/rooms/8room_064.map	512	512	194	359	427	274	291.38
72	maps/rooms/8room_064.map	512	512	382	187	281	367	291.25
72	maps/rooms/8room_064.map	512	512	506	436	415	212	290.924
68	maps/rooms/8room_064.map	512	512	26	50	207	188	275.007
67	maps/rooms/8room_064.map	512	512	475	60	263	135	271.368
67	maps/rooms/8room_064.map	512	512	320	246	234	413	271.409
67	maps/rooms/8room_064.map	512	512	4	220	7	416	271.853
67	maps/rooms/8room_064.map	512	512	66	343	274	423	271.48
19	maps/rooms/8room_064.map	512	512	82	424	67	484	76.598
67	maps/rooms/8room_064.map	512	512	228	32	251	243	271.924
66	maps/rooms/8room_064.map	512	512	420	382	338	251	267.167
24	maps/rooms/8room_064.map	512	512	463	223	413	186	99.4264
66	maps/rooms/8room_064.map	512	512	242	344	458	283	267.409
60	maps/rooms/8room_064.map	512	512	510	446	460	267	242.338
19	maps/rooms/8room_064.map	512	512	160	13	121	62	79.2548
66	maps/rooms/8room_064.map	512	512	328	7	166	149	267.279
66	maps/rooms/8room_064.map	512	512	126	375	320	308	267.752
65	maps/rooms/8room_064.map	512	512	7	508	230	474	263.853
65	maps/rooms/8room_064.map	512	512	377	360	247	245	263.693
65	maps/rooms/8room_064.map	512	512	217	84	389	98	263.279
65	maps/rooms/8room_064.map	512	512	13	91	220	122	263.238
65	maps/rooms/8room_064.map	512	512	178	9	252	229	263.823
65	maps/rooms/8room_064.map	512	512	350	274	194	425	263.309
64	maps/rooms/8room_064.map	512	512	6	260	179	398	259.451
62	maps/rooms/8room_064.map	512	512	467	55	398	224	251.38
62	maps/rooms/8room_064.map	512	512	488	491	358	352	251.995
61	maps/rooms/8room_064.map	512	512	178	437	345	313	247.309
61	maps/rooms/8room_064.map	512	512	19	36	75	228	247.338
61	maps/rooms/8room_064.map	512	512	395	386	196	404	247.409
61	maps/rooms/8room_064.map	512	512	364	152	266	43	247.066
59	maps/rooms/8room_064.map	512	512	205	248	297	392	236.267
61	maps/rooms/8room_064.map	512	512	105	323	132	115	247.51
60	maps/rooms/8room_064.map	512	512	468	437	324	313	242.794
60	maps/rooms/8room_064.map	512	512	412	350	203	329	243.924
59	maps/rooms/8room_064.map	512	512	141	474	303	366	239.681
53	maps/rooms/8room_064.map	512	512	339	378	197	435	214.581
59	maps/rooms/8room_064.map	512	512	495	224	322	135	239.238
59	maps/rooms/8room_064.map	512	512	378	485	185	474	239.782
59	maps/rooms/8room_064.map	512	512	238	307	103	435	239.936
59	maps/rooms/8room_064.map	512	512	19	292	219	298	238.853
57	maps/rooms/8room_064.map	512	512	134	361	315	391	231.652
57	maps/rooms/8room_064.map	512	512	511	127	318	135	231.853
57	maps/rooms/8room_064.map	512	512	467	82	398	206	231.409
57	maps/rooms/8room_064.map	512	512	122	143	321	135	231.811
57	maps/rooms/8room_064.map	512	512	184	211	299	302	231.095
29	maps/rooms/8room_064.map	512	512	325	346	399	295	118.012
57	maps/rooms/8room_064.map	512	512	34	310	195	426	231.309
37	maps/rooms/8room_064.map	512	512	36	189	104	156	149.024
56	maps/rooms/8room_064.map	512	512	351	11	194	107	227.995
32	maps/rooms/8room_064.map	512	512	119	7	29	28	129.225
42	maps/rooms/8room_064.map	512	512	327	461	454	485	168.924
56	maps/rooms/8room_064.map	512	512	183	25	281	191	227.823
56	maps/rooms/8room_064.map	512	512	505	259	411	179	226.652
55	maps/rooms/8room_064.map	512	512	82	159	122	329	222.652
55	maps/rooms/8room_064.map	512	512	87	229	233	150	223.167
55	maps/rooms/8room_064.map	512	512	24	414	201	460	223.51
50	maps/rooms/8room_064.map	512	512	466	207	478	76	203.024
55	maps/rooms/8room_064.map	512	512	361	361	248	214	223.037
32	maps/rooms/8room_064.map	512	512	363	192	396	290	129.669
55	maps/rooms/8room_064.map	512	512	456	244	313	361	222.752
54	maps/rooms/8room_064.map	512	512	15	287	162	389	219.995
54	maps/rooms/8room_064.map	512	512	87	348	189	208	219.622
54	maps/rooms/8room_064.map	512	512	19	234	159	133	219.409
53	maps/rooms/8room_064.map	512	512	447	317	309	212	215.711
53	maps/rooms/8room_064.map	512	512	217	53	300	207	215.752
53	maps/rooms/8room_064.map	512	512	452	217	312	303	215.581
53	maps/rooms/8room_064.map	512	512	101	197	20	45	215.51
53	maps/rooms/8room_064.map	512	512	507	174	353	142	215.581
52	maps/rooms/8room_064.map	512	512	350	238	303	402	211.125
52	maps/rooms/8room_064.map	512	512	456	507	310	486	211.894
51	maps/rooms/8room_064.map	512	512	354	271	240	393	207.439
51	maps/rooms/8room_064.map	512	512	228	31	237	189	207.61
12	maps/rooms/8room_064.map	512	512	485	439	471	479	51.799
50	maps/rooms/8room_064.map	512	512	366	258	232	340	203.74
50	maps/rooms/8room_064.map	512	512	103	386	67	245	203.225
50	maps/rooms/8room_064.map	512	512	20	10	60	150	202.711
50	maps/rooms/8room_064.map	512	512	73	68	214	115	203.196
50	maps/rooms/8room_064.map	512	512	456	244	295	303	203.296
49	maps/rooms/8room_064.map	512	512	428	381	381	280	199.882
24	maps/rooms/8room_064.map	512	512	248	374	197	435	98.4264
49	maps/rooms/8room_064.map	512	512	298	436	348	288	199.681
49	maps/rooms/8room_064.map	512	512	117	492	80	330	199.267
48	maps/rooms/8room_064.map	512	512	482	511	383	404	195.782
48	maps/rooms/8room_064.map	512	512	231	432	122	331	195.539
48	maps/rooms/8room_064.map	512	512	281	173	342	316	195.983
47	maps/rooms/8room_064.map	512	512	372	405	375	267	191.51
45	maps/rooms/8room_064.map	512	512	349	159	455	204	180.539
47	maps/rooms/8room_064.map	512	512	78	86	207	189	191.581
47	maps/rooms/8room_064.map	512	512	4	452	170	441	191.125
46	maps/rooms/8room_064.map	512	512	460	406	340	476	187.681
46	maps/rooms/8room_064.map	512	512	106	118	111	265	187.882
46	maps/rooms/8room_064.map	512	512	114	306	128	461	187.853
46	maps/rooms/8room_064.map	512	512	363	261	242	345	187.711
46	maps/rooms/8room_064.map	512	512	430	410	323	312	186.823
45	maps/rooms/8room_064.map	512	512	58	96	131	223	183.196
45	maps/rooms/8room_064.map	512	512	250	31	213	103	183.468
44	maps/rooms/8room_064.map	512	512	254	329	267	187	179.953
44	maps/rooms/8room_064.map	512	512	155	118	297	104	179.397
44	maps/rooms/8room_064.map	512	512	316	230	286	316	179.255
44	maps/rooms/8room_064.map	512	512	130	325	143	167	179.083
44	maps/rooms/8room_064.map	512	512	457	229	338	324	179.924
43	maps/rooms/8room_064.map	512	512	325	95	206	159	175.61
43	maps/rooms/8room_064.map	512	512	104	37	185	158	175.296
43	maps/rooms/8room_064.map	512	512	180	294	271	203	175.983
43	maps/rooms/8room_064.map	512	512	340	138	248	244	175.397
43	maps/rooms/8room_064.map	512	512	293	435	338	312	174.953
38	maps/rooms/8room_064.map	512	512	486	148	471	254	153.225
43	maps/rooms/8room_064.map	512	512	299	104	398	181	175.723
42	maps/rooms/8room_064.map	512	512	333	402	188	405	170.953
42	maps/rooms/8room_064.map	512	512	362	189	241	121	171.083
42	maps/rooms/8room_064.map	512	512	419	274	500	384	171.811
42	maps/rooms/8room_064.map	512	512	245	5	179	119	171.054
42	maps/rooms/8room_064.map	512	512	392	232	404	106	171.439
42	maps/rooms/8room_064.map	512	512	210	420	335	343	171.782
42	maps/rooms/8room_064.map	512	512	220	158	142	280	171.882
41	maps/rooms/8room_064.map	512	512	175	354	249	322	167.296
23	maps/rooms/8room_064.map	512	512	309	447	285	388	94.7401
41	maps/rooms/8room_064.map	512	512	229	264	123	332	166.811
41	maps/rooms/8room_064.map	512	512	83	118	210	191	167.782
8	maps/rooms/8room_064.map	512	512	453	232	446	254	35.8701
41	maps/rooms/8room_064.map	512	512	71	510	200	460	167.468
41	maps/rooms/8room_064.map	512	512	138	94	133	225	167.154
40	maps/rooms/8room_064.map	512	512	61	277	148	182	163.681
40	maps/rooms/8room_064.map	512	512	188	104	133	238	163.811
40	maps/rooms/8room_064.map	512	512	276	480	132	467	163.426
40	maps/rooms/8room_064.map	512	512	261	174	267	289	163.853
6	maps/rooms/8room_064.map	512	512	227	468	239	485	27.2426
39	maps/rooms/8room_064.map	512	512	310	93	251	212	159.882
39	maps/rooms/8room_064.map	512	512	235	357	350	298	159.64
39	maps/rooms/8room_064.map	512	512	76	93	196	164	159.953
39	maps/rooms/8room_064.map	512	512	445	126	321	135	159.669
38	maps/rooms/8room_064.map	512	512	271	134	370	44	155.024
38	maps/rooms/8room_064.map	512	512	302	511	244	405	155.941
38	maps/rooms/8room_064.map	512	512	468	436	357	380	155.61
15	maps/rooms/8room_064.map	512	512	482	505	470	457	62.4853
38	maps/rooms/8room_064.map	512	512	319	325	249	220	155.61
38	maps/rooms/8room_064.map	512	512	212	24	166	139	155.711
37	maps/rooms/8room_064.map	512	512	6	93	51	174	151.054
37	maps/rooms/8room_064.map	512	512	89	403	175	330	151.51
37	maps/rooms/8room_064.map	512	512	93	61	90	178	151.296
37	maps/rooms/8room_064.map	512	512	407	342	407	411	151.569
37	maps/rooms/8room_064.map	512	512	82	323	176	234	151.953
36	maps/rooms/8room_064.map	512	512	395	390	286	417	147.296
36	maps/rooms/8room_064.map	512	512	374	174	473	196	147.711
36	maps/rooms/8room_064.map	512	512	189	363	199	438	147.569
36	maps/rooms/8room_064.map	512	512	426	510	408	408	146.953
35	maps/rooms/8room_064.map	512	512	0	181	67	290	143.782
35	maps/rooms/8room_064.map	512	512	426	234	338	317	143.853
35	maps/rooms/8room_064.map	512	512	75	260	168	181	143.296
19	maps/rooms/8room_064.map	512	512	75	219	30	268	78.1838
35	maps/rooms/8room_064.map	512	512	220	174	323	223	143.397
35	maps/rooms/8room_064.map	512	512	436	70	340	112	143.296
35	maps/rooms/8room_064.map	512	512	457	507	502	401	143.468
35	maps/rooms/8room_064.map	512	512	73	435	193	430	143.669
35	maps/rooms/8room_064.map	512	512	429	237	324	188	143.539
34	maps/rooms/8room_064.map	512	512	450	72	360	142	139.154
34	maps/rooms/8room_064.map	512	512	398	186	327	83	139.439
34	maps/rooms/8room_064.map	512	512	204	214	260	275	138.74
25	maps/rooms/8room_064.map	512	512	299	432	287	361	101.426
34	maps/rooms/8room_064.map	512	512	121	151	243	121	139.113
34	maps/rooms/8room_064.map	512	512	51	50	133	134	139.054
34	maps/rooms/8room_064.map	512	512	155	429	226	374	139.397
34	maps/rooms/8room_064.map	512	512	397	434	299	478	139.054
33	maps/rooms/8room_064.map	512	512	295	510	231	429	135.77
33	maps/rooms/8room_064.map	512	512	478	127	374	141	135.397
33	maps/rooms/8room_064.map	512	512	216	462	279	367	135.154
33	maps/rooms/8room_064.map	512	512	72	18	54	133	135.912
32	maps/rooms/8room_064.map	512	512	87	366	110	270	131.811
32	maps/rooms/8room_064.map	512	512	181	343	112	316	131.882
32	maps/rooms/8room_064.map	512	512	156	69	186	180	131.284
31	maps/rooms/8room_064.map	512	512	363	39	317	51	127.74
31	maps/rooms/8room_064.map	512	512	484	116	385	133	127.012
31	maps/rooms/8room_064.map	512	512	110	90	144	185	127.569
31	maps/rooms/8room_064.map	512	512	183	74	227	171	127.083
31	maps/rooms/8room_064.map	512	512	63	441	172	443	127.669
31	maps/rooms/8room_064.map	512	512	217	42	183	137	127.669
31	maps/rooms/8room_064.map	512	512	264	213	215	298	127.255
31	maps/rooms/8room_064.map	512	512	468	217	372	271	127.154
30	maps/rooms/8room_064.map	512	512	370	142	254	132	123.213
30	maps/rooms/8room_064.map	512	512	166	428	237	392	123.811
30	maps/rooms/8room_064.map	512	512	156	136	62	88	122.912
30	maps/rooms/8room_064.map	512	512	126	114	205	182	123.811
30	maps/rooms/8room_064.map	512	512	453	456	357	472	123.397
30	maps/rooms/8room_064.map	512	512	467	277	473	370	123.468
30	maps/rooms/8room_064.map	512	512	281	11	216	40	123.74
30	maps/rooms/8room_064.map	512	512	322	152	398	224	123.983
30	maps/rooms/8room_064.map	512	512	367	28	357	123	123.912
29	maps/rooms/8room_064.map	512	512	248	456	295	387	119.64
29	maps/rooms/8room_064.map	512	512	92	251	41	162	119.497
29	maps/rooms/8room_064.map	512	512	386	326	299	364	119.569
29	maps/rooms/8room_064.map	512	512	331	266	279	197	119.77
28	maps/rooms/8room_064.map	512	512	502	24	486	123	115.083
28	maps/rooms/8room_064.map	512	512	339	330	314	411	115.983
25	maps/rooms/8room_064.map	512	512	425	178	413	242	100.042
28	maps/rooms/8room_064.map	512	512	72	75	125	128	115.397
28	maps/rooms/8room_064.map	512	512	285	54	194	93	113.255
28	maps/rooms/8room_064.map	512	512	499	25	408	61	115.912
28	maps/rooms/8room_064.map	512	512	31	200	136	184	115.627
28	maps/rooms/8room_064.map	512	512	37	109	117	124	114.983
28	maps/rooms/8room_064.map	512	512	135	493	232	475	115.77
27	maps/rooms/8room_064.map	512	512	132	280	191	202	111.811
26	maps/rooms/8room_064.map	512	512	46	247	117	194	107.74
26	maps/rooms/8room_064.map	512	512	23	375	118	351	107.284
26	maps/rooms/8room_064.map	512	512	228	410	308	364	106.912
26	maps/rooms/8room_064.map	512	512	247	14	201	75	107.527
26	maps/rooms/8room_064.map	512	512	461	292	398	278	107.042
26	maps/rooms/8room_064.map	512	512	5	79	54	137	106.941
25	maps/rooms/8room_064.map	512	512	358	247	287	205	103.77
25	maps/rooms/8room_064.map	512	512	274	45	334	53	103.012
25	maps/rooms/8room_064.map	512	512	118	371	61	409	102.64
25	maps/rooms/8room_064.map	512	512	231	6	201	78	103.113
25	maps/rooms/8room_064.map	512	512	99	330	84	384	103.669
24	maps/rooms/8room_064.map	512	512	153	77	237	75	99.9411
24	maps/rooms/8room_064.map	512	512	303	511	286	430	99.5563
24	maps/rooms/8room_064.map	512	512	118	493	126	413	99.598
24	maps/rooms/8room_064.map	512	512	411	306	357	367	99.7696
24	maps/rooms/8room_064.map	512	512	429	114	349	143	99.8701
23	maps/rooms/8room_064.map	512	512	41	57	84	42	95.8406
23	maps/rooms/8room_064.map	512	512	105	230	101	300	95.598
23	maps/rooms/8room_064.map	512	512	391	88	389	148	95.598
23	maps/rooms/8room_064.map	512	512	501	178	443	231	94.598
23	maps/rooms/8room_064.map	512	512	180	12	177	91	95.2548
23	maps/rooms/8room_064.map	512	512	184	184	113	219	95.4975
23	maps/rooms/8room_064.map	512	512	8	154	38	233	95.7696
22	maps/rooms/8room_064.map	512	512	202	171	262	198	91.669
22	maps/rooms/8room_064.map	512	512	378	348	346	283	91.0833
22	maps/rooms/8room_064.map	512	512	374	435	316	455	91.3553
22	maps/rooms/8room_064.map	512	512	291	206	216	184	91.4264
22	maps/rooms/8room_064.map	512	512	408	183	385	261	91.1838
22	maps/rooms/8room_064.map	512	512	248	185	170	181	91.2548
10	maps/rooms/8room_064.map	512	512	38	187	38	165	40.8701
22	maps/rooms/8room_064.map	512	512	47	425	122	445	90.9411
21	maps/rooms/8room_064.map	512	512	162	19	201	78	87.0122
21	maps/rooms/8room_064.map	512	512	84	276	77	342	87.669
21	maps/rooms/8room_064.map	512	512	490	435	420	403	87.9411
21	maps/rooms/8room_064.map	512	512	500	490	433	472	87.3848
21	maps/rooms/8room_064.map	512	512	135	231	79	186	87.7696
21	maps/rooms/8room_064.map	512	512	174	357	180	399	87.3553
21	maps/rooms/8room_064.map	512	512	271	249	338	281	87.8701
20	maps/rooms/8room_064.map	512	512	40	132	55	200	83.7279
20	maps/rooms/8room_064.map	512	512	152	9	132	74	82.598
20	maps/rooms/8room_064.map	512	512	125	85	139	155	83.9411
20	maps/rooms/8room_064.map	512	512	118	134	135	195	83.3553
20	maps/rooms/8room_064.map	512	512	180	442	229	392	83.7696
20	maps/rooms/8room_064.map	512	512	132	498	120	441	82.6985
19	maps/rooms/8room_064.map	512	512	338	479	292	462	79.3848
19	maps/rooms/8room_064.map	512	512	414	92	355	85	79.3553
19	maps/rooms/8room_064.map	512	512	436	471	420	409	78.7696
19	maps/rooms/8room_064.map	512	512	488	360	444	309	79.7696
19	maps/rooms/8room_064.map	512	512	74	358	82	299	79.4264
18	maps/rooms/8room_064.map	512	512	340	85	364	135	75.0122
18	maps/rooms/8room_064.map	512	512	220	382	194	324	75.9411
18	maps/rooms/8room_064.map	512	512	293	326	257	272	74.7696
18	maps/rooms/8room_064.map	512	512	198	217	258	199	75.1127
18	maps/rooms/8room_064.map	512	512	333	223	342	159	75.5269
18	maps/rooms/8room_064.map	512	512	437	483	420	424	75.6985
18	maps/rooms/8room_064.map	512	512	351	314	383	260	75.1543
17	maps/rooms/8room_064.map	512	512	87	164	105	105	70.9411
17	maps/rooms/8room_064.map	512	512	213	345	214	402	70.8701
17	maps/rooms/8room_064.map	512	512	191	251	193	186	71.3848
17	maps/rooms/8room_064.map	512	512	340	206	398	213	71.1838
17	maps/rooms/8room_064.map	512	512	283	501	226	477	71.6274
17	maps/rooms/8room_064.map	512	512	430	99	382	134	71.8701
17	maps/rooms/8room_064.map	512	512	475	409	434	455	71.7696
16	maps/rooms/8room_064.map	512	512	420	181	433	233	67.8701
16	maps/rooms/8room_064.map	512	512	491	229	441	232	67.9706
16	maps/rooms/8room_064.map	512	512	393	77	361	99	67.1127
16	maps/rooms/8room_064.map	512	512	111	69	158	86	67.1127
16	maps/rooms/8room_064.map	512	512	311	326	257	347	67.5269
16	maps/rooms/8room_064.map	512	512	88	467	135	441	66.6985
16	maps/rooms/8room_064.map	512	512	350	120	327	65	67.4558
16	maps/rooms/8room_064.map	512	512	345	269	338	331	67.3848
16	maps/rooms/8room_064.map	512	512	350	490	335	454	67.8701
15	maps/rooms/8room_064.map	512	512	388	370	342	391	63.5269
15	maps/rooms/8room_064.map	512	512	508	12	458	30	63.9411
15	maps/rooms/8room_064.map	512	512	151	140	200	124	63.2843
15	maps/rooms/8room_064.map	512	512	332	327	346	275	63.799
15	maps/rooms/8room_064.map	512	512	197	7	195	65	63.799
15	maps/rooms/8room_064.map	512	512	311	75	332	121	62.8406
14	maps/rooms/8room_064.map	512	512	435	372	486	379	59.6985
14	maps/rooms/8room_064.map	512	512	420	157	400	205	59.6985
14	maps/rooms/8room_064.map	512	512	298	9	263	42	59.799
14	maps/rooms/8room_064.map	512	512	30	188	79	197	59.5563
14	maps/rooms/8room_064.map	512	512	155	126	198	124	59.2843
14	maps/rooms/8room_064.map	512	512	425	361	457	375	59.2132
14	maps/rooms/8room_064.map	512	512	345	39	315	79	57.1127
13	maps/rooms/8room_064.map	512	512	418	4	380	29	55.9706
13	maps/rooms/8room_064.map	512	512	168	404	133	370	55.5269
13	maps/rooms/8room_064.map	512	512	235	229	242	207	55.1421
13	maps/rooms/8room_064.map	512	512	426	303	390	279	55.3137
13	maps/rooms/8room_064.map	512	512	21	369	55	339	55.799
13	maps/rooms/8room_064.map	512	512	354	460	316	484	55.4558
13	maps/rooms/8room_064.map	512	512	204	60	213	100	55.8701
13	maps/rooms/8room_064.map	512	512	490	95	483	137	54.799
13	maps/rooms/8room_064.map	512	512	188	371	139	358	55.5563
13	maps/rooms/8room_064.map	512	512	390	391	431	403	55.1421
12	maps/rooms/8room_064.map	512	512	463	250	428	276	51.6274
12	maps/rooms/8room_064.map	512	512	276	476	228	474	51.3137
12	maps/rooms/8room_064.map	512	512	219	233	201	197	51.9411
12	maps/rooms/8room_064.map	512	512	53	457	70	419	50.8995
12	maps/rooms/8room_064.map	512	512	494	294	453	275	51.799
12	maps/rooms/8room_064.map	512	512	479	68	440	86	51.1421
12	maps/rooms/8room_064.map	512	512	366	441	326	456	51.4853
12	maps/rooms/8room_064.map	512	512	210	445	235	410	51.799
12	maps/rooms/8room_064.map	512	512	346	25	374	40	51.2843
11	maps/rooms/8room_064.map	512	512	2	166	35	186	46.799
11	maps/rooms/8room_064.map	512	512	227	485	191	477	46.9706
11	maps/rooms/8room_064.map	512	512	245	440	222	439	47.4558
11	maps/rooms/8room_064.map	512	512	314	360	301	322	47.8701
11	maps/rooms/8room_064.map	512	512	259	24	302	20	47.9706
11	maps/rooms/8room_064.map	512	512	197	313	226	340	47.2132
11	maps/rooms/8room_064.map	512	512	89	126	130	130	47.9706
11	maps/rooms/8room_064.map	512	512	213	299	239	275	46.6274
11	maps/rooms/8room_064.map	512	512	166	428	186	430	47.6985
10	maps/rooms/8room_064.map	512	512	167	415	149	386	43.1421
10	maps/rooms/8room_064.map	512	512	266	292	259	323	43.0711
10	maps/rooms/8room_064.map	512	512	199	382	166	362	43.6274
10	maps/rooms/8room_064.map	512	512	457	142	477	176	43.4558
10	maps/rooms/8room_064.map	512	512	457	482	450	443	43.3137
10	maps/rooms/8room_064.map	512	512	105	105	125	128	43.2843
10	maps/rooms/8room_064.map	512	512	23	141	60	135	43.6274
10	maps/rooms/8room_064.map	512	512	367	359	339	332	43.8701
10	maps/rooms/8room_064.map	512	512	127	146	157	132	43.799
9	maps/rooms/8room_064.map	512	512	361	365	339	338	39.6274
9	maps/rooms/8room_064.map	512	512	204	445	232	430	39.1421
9	maps/rooms/8room_064.map	512	512	452	235	424	226	39.3848
9	maps/rooms/8room_064.map	512	512	56	218	87	203	39.5563
9	maps/rooms/8room_064.map	512	512	74	150	95	123	39.2132
9	maps/rooms/8room_064.map	512	512	104	43	124	67	39.3137
9	maps/rooms/8room_064.map	512	512	471	249	463	280	39.4853
9	maps/rooms/8room_064.map	512	512	454	181	422	172	39.3848
8	maps/rooms/8room_064.map	512	512	317	50	317	21	35.3848
8	maps/rooms/8room_064.map	512	512	172	436	187	430	35.7279
8	maps/rooms/8room_064.map	512	512	332	491	303	488	35.5563
8	maps/rooms/8room_064.map	512	512	19	153	50	162	35.8995
8	maps/rooms/8room_064.map	512	512	287	104	308	95	35.0711
8	maps/rooms/8room_064.map	512	512	166	188	148	200	35.2132
8	maps/rooms/8room_064.map	512	512	318	205	334	180	35.9706
8	maps/rooms/8room_064.map	512	512	50	418	74	398	34.6274
8	maps/rooms/8room_064.map	512	512	313	207	299	189	35.0711
7	maps/rooms/8room_064.map	512	512	204	198	195	170	31.7279
7	maps/rooms/8room_064.map	512	512	10	164	29	184	31.9706
7	maps/rooms/8room_064.map	512	512	343	46	327	66	31.8995
7	maps/rooms/8room_064.map	512	512	281	398	278	370	31.7279
7	maps/rooms/8room_064.map	512	512	296	27	323	20	31.3137
7	maps/rooms/8room_064.map	512	512	15	354	42	354	31.4853
7	maps/rooms/8room_064.map	512	512	109	255	109	227	31.3137
7	maps/rooms/8room_064.map	512	512	333	20	332	45	31.2132
7	maps/rooms/8room_064.map	512	512	4	421	9	392	31.0711
6	maps/rooms/8room_064.map	512	512	231	205	252	215	27.4853
6	maps/rooms/8room_064.map	512	512	105	119	110	99	27.6274
6	maps/rooms/8room_064.map	512	512	168	59	187	72	26.7279
6	maps/rooms/8room_064.map	512	512	226	45	203	45	27.4853
6	maps/rooms/8room_064.map	512	512	478	347	485	332	27.8995
5	maps/rooms/8room_064.map	512	512	67	404	88	409	23.8995
5	maps/rooms/8room_064.map	512	512	6	90	25	88	23.9706
5	maps/rooms/8room_064.map	512	512	386	469	405	475	23.9706
5	maps/rooms/8room_064.map	512	512	439	435	436	419	23.7279
5	maps/rooms/8room_064.map	512	512	430	457	419	439	23.7279
5	maps/rooms/8room_064.map	512	512	126	43	122	63	23.0711
5	maps/rooms/8room_064.map	512	512	126	457	143	468	23.8995
5	maps/rooms/8room_064.map	512	512	498	180	489	197	23.0711
5	maps/rooms/8room_064.map	512	512	299	284	303	270	23.3137
5	maps/rooms/8room_064.map	512	512	185	378	172	362	23.1421
4	maps/rooms/8room_064.map	512	512	127	198	141	187	19.7279
4	maps/rooms/8room_064.map	512	512	155	380	149	365	19.1421
4	maps/rooms/8room_064.map	512	512	430	62	435	60	19.8284
4	maps/rooms/8room_064.map	512	512	210	375	226	383	19.3137
4	maps/rooms/8room_064.map	512	512	206	501	189	504	19.8995
4	maps/rooms/8room_064.map	512	512	63	42	74	55	18.7279
4	maps/rooms/8room_064.map	512	512	446	203	435	214	19.6569
4	maps/rooms/8room_064.map	512	512	508	459	493	468	19.8995
4	maps/rooms/8room_064.map	512	512	198	284	203	267	19.0711
4	maps/rooms/8room_064.map	512	512	134	121	139	135	19.7279
3	maps/rooms/8room_064.map	512	512	347	386	354	395	15.6569
3	maps/rooms/8room_064.map	512	512	284	428	273	418	15.1421
3	maps/rooms/8room_064.map	512	512	222	500	218	492	15.0711
3	maps/rooms/8room_064.map	512	512	286	349	286	359	15.8995
3	maps/rooms/8room_064.map	512	512	20	365	30	371	14.8284
3	maps/rooms/8room_064.map	512	512	427	500	433	490	15.8995
3	maps/rooms/8room_064.map	512	512	322	399	317	389	15
3	maps/rooms/8room_064.map	512	512	95	147	83	143	15.4142
3	maps/rooms/8room_064.map	512	512	175	42	182	39	15.6569
3	maps/rooms/8room_064.map	512	512	358	415	351	404	15.0711
2	maps/rooms/8room_064.map	512	512	313	472	318	463	11.0711
2	maps/rooms/8room_064.map	512	512	120	487	123	477	11.2426
2	maps/rooms/8room_064.map	512	512	434	421	434	411	11.6569
2	maps/rooms/8room_064.map	512	512	245	424	248	434	11.2426
2	maps/rooms/8room_064.map	512	512	203	422	196	430	10.8995
2	maps/rooms/8room_064.map	512	512	227	220	219	214	11.6569
2	maps/rooms/8room_064.map	512	512	29	455	36	458	11.6569
2	maps/rooms/8room_064.map	512	512	499	119	492	118	11.6569
2	maps/rooms/8room_064.map	512	512	114	392	123	386	11.4853
2	maps/rooms/8room_064.map	512	512	309	204	315	195	11.4853
1	maps/rooms/8room_064.map	512	512	485	475	482	469	7.24264
1	maps/rooms/8room_064.map	512	512	302	218	302	211	7
1	maps/rooms/8room_064.map	512	512	486	358	482	353	6.65685
1	maps/rooms/8room_064.map	512	512	76	36	79	42	7.24264
1	maps/rooms/8room_064.map	512	512	37	68	42	73	7.07107
1	maps/rooms/8room_064.map	512	512	195	482	201	480	7.41421
1	maps/rooms/8room_064.map	512	512	488	442	488	449	7
1	maps/rooms/8room_064.map	512	512	324	168	325	161	7.41421
1	maps/rooms/8room_064.map	512	512	491	200	484	199	7.41421
1	maps/rooms/8room_064.map	512	512	428	138	421	138	7
0	maps/rooms/8room_064.map	512	512	171	414	171	411	3
0	maps/rooms/8room_064.map	512	512	423	116	420	116	3
0	maps/rooms/8room_064.map	512	512	286	372	283	370	3.82843
0	maps/rooms/8room_064.map	512	512	284	505	281	505	3
0	maps/rooms/8room_064.map	512	512	239	374	236	374	3
0	maps/rooms/8room_064.map	512	512	371	507	370	504	3.41421
0	maps/rooms/8room_064.map	512	512	230	36	228	38	2.82843
0	maps/rooms/8room_064.map	512	512	399	342	396	342	3
0	maps/rooms/8room_064.map	512	512	440	334	440	331	3
0	maps/rooms/8room_064.map	512	512	155	199	153	201	2.82843
