version 1
127	maps/rooms/8room_072.map	512	512	151	441	72	30	511.948
95	maps/rooms/8room_072.map	512	512	64	238	303	116	381.049
71	maps/rooms/8room_072.map	512	512	431	110	317	276	284.108
92	maps/rooms/8room_072.map	512	512	189	474	403	298	369.948
127	maps/rooms/8room_072.map	512	512	454	439	71	386	511.203
56	maps/rooms/8room_072.map	512	512	250	202	270	374	225.054
127	maps/rooms/8room_072.map	512	512	360	44	331	403	511.446
33	maps/rooms/8room_072.map	512	512	152	300	181	267	135.296
127	maps/rooms/8room_072.map	512	512	425	116	103	259	511.718
67	maps/rooms/8room_072.map	512	512	136	308	177	100	270.421
37	maps/rooms/8room_072.map	512	512	98	166	9	110	150.983
127	maps/rooms/8room_072.map	512	512	198	412	415	93	511.831
81	maps/rooms/8room_072.map	512	512	239	302	46	343	325.764
44	maps/rooms/8room_072.map	512	512	344	396	240	294	176.368
127	maps/rooms/8room_072.map	512	512	376	89	237	411	511.316
127	maps/rooms/8room_072.map	512	512	291	440	421	75	511.96
70	maps/rooms/8room_072.map	512	512	396	188	509	18	281.551
53	maps/rooms/8room_072.map	512	512	396	293	349	166	212.451
48	maps/rooms/8room_072.map	512	512	317	463	279	299	194.953
75	maps/rooms/8room_072.map	512	512	349	163	243	254	303.593
106	maps/rooms/8room_072.map	512	512	438	116	240	391	425.09
106	maps/rooms/8room_072.map	512	512	494	388	170	364	427.019
66	maps/rooms/8room_072.map	512	512	298	119	484	159	267.823
88	maps/rooms/8room_072.map	512	512	505	19	284	175	352.723
25	maps/rooms/8room_072.map	512	512	428	275	363	234	103.012
34	maps/rooms/8room_072.map	512	512	381	344	279	326	139.397
82	maps/rooms/8room_072.map	512	512	322	397	86	440	329.593
57	maps/rooms/8room_072.map	512	512	196	269	41	245	231.51
122	maps/rooms/8room_072.map	512	512	374	25	58	188	488.889
59	maps/rooms/8room_072.map	512	512	207	106	46	154	238.338
93	maps/rooms/8room_072.map	512	512	475	227	242	115	375.635
85	maps/rooms/8room_072.map	512	512	361	132	457	34	341.622
77	maps/rooms/8room_072.map	512	512	399	199	427	414	310.865
98	maps/rooms/8room_072.map	512	512	218	202	390	424	393.22
21	maps/rooms/8room_072.map	512	512	148	167	218	151	86.8701
127	maps/rooms/8room_072.map	512	512	2	29	164	357	510.86
93	maps/rooms/8room_072.map	512	512	282	216	130	282	373.848
121	maps/rooms/8room_072.map	512	512	93	442	446	417	487.789
127	maps/rooms/8room_072.map	512	512	376	56	258	389	511.316
62	maps/rooms/8room_072.map	512	512	431	274	287	355	251.309
41	maps/rooms/8room_072.map	512	512	398	281	413	399	165.024
42	maps/rooms/8room_072.map	512	512	407	132	358	158	169.853
127	maps/rooms/8room_072.map	512	512	372	346	98	51	511.132
110	maps/rooms/8room_072.map	512	512	235	191	443	156	443.818
110	maps/rooms/8room_072.map	512	512	261	270	54	453	440.777
26	maps/rooms/8room_072.map	512	512	119	486	138	419	105.598
39	maps/rooms/8room_072.map	512	512	61	322	133	403	157.125
47	maps/rooms/8room_072.map	512	512	110	314	124	172	191.64
123	maps/rooms/8room_072.map	512	512	293	323	322	10	494.274
61	maps/rooms/8room_072.map	512	512	462	374	306	479	245.066
31	maps/rooms/8room_072.map	512	512	476	249	446	350	125.569
111	maps/rooms/8room_072.map	512	512	6	255	234	77	445.505
120	maps/rooms/8room_072.map	512	512	367	411	53	180	482.061
107	maps/rooms/8room_072.map	512	512	71	178	268	468	428.647
38	maps/rooms/8room_072.map	512	512	222	356	331	399	153.012
123	maps/rooms/8room_072.map	512	512	90	46	52	458	492.191
21	maps/rooms/8room_072.map	512	512	244	495	183	487	86.1127
126	maps/rooms/8room_072.map	512	512	60	132	398	331	507.333
126	maps/rooms/8room_072.map	512	512	106	332	427	179	507.345
126	maps/rooms/8room_072.map	512	512	60	82	333	388	507.902
58	maps/rooms/8room_072.map	512	512	32	292	200	306	235.966
70	maps/rooms/8room_072.map	512	512	399	476	246	402	282.037
114	maps/rooms/8room_072.map	512	512	188	411	276	92	458.321
113	maps/rooms/8room_072.map	512	512	20	60	274	286	452.718
49	maps/rooms/8room_072.map	512	512	162	125	99	274	198.752
126	maps/rooms/8room_072.map	512	512	463	349	97	271	507.588
69	maps/rooms/8room_072.map	512	512	137	488	191	380	279.137
66	maps/rooms/8room_072.map	512	512	493	202	281	249	266.622
104	maps/rooms/8room_072.map	512	512	164	204	433	102	416.706
71	maps/rooms/8room_072.map	512	512	227	502	139	379	285.409
126	maps/rooms/8room_072.map	512	512	169	325	407	64	507.274
86	maps/rooms/8room_072.map	512	512	75	22	338	36	344.279
43	maps/rooms/8room_072.map	512	512	419	427	390	308	173.782
126	maps/rooms/8room_072.map	512	512	330	483	332	183	506.801
63	maps/rooms/8room_072.map	512	512	267	40	479	51	253.125
41	maps/rooms/8room_072.map	512	512	376	452	386	331	164.054
126	maps/rooms/8room_072.map	512	512	118	424	149	47	507.848
115	maps/rooms/8room_072.map	512	512	435	291	156	350	461.262
126	maps/rooms/8room_072.map	512	512	301	110	227	459	507.416
45	maps/rooms/8room_072.map	512	512	317	280	233	415	183.995
70	maps/rooms/8room_072.map	512	512	363	283	217	460	283.693
126	maps/rooms/8room_072.map	512	512	509	197	129	229	507.019
126	maps/rooms/8room_072.map	512	512	42	358	404	435	507.617
16	maps/rooms/8room_072.map	512	512	115	353	111	402	67.3848
86	maps/rooms/8room_072.map	512	512	140	447	378	346	344.12
84	maps/rooms/8room_072.map	512	512	338	381	211	165	336.865
12	maps/rooms/8room_072.map	512	512	152	472	181	469	50.1421
80	maps/rooms/8room_072.map	512	512	54	108	181	297	320.451
125	maps/rooms/8room_072.map	512	512	275	31	102	358	502.96
125	maps/rooms/8room_072.map	512	512	206	492	304	155	503.316
125	maps/rooms/8room_072.map	512	512	199	479	42	100	503.161
125	maps/rooms/8room_072.map	512	512	350	75	234	367	503.588
60	maps/rooms/8room_072.map	512	512	275	269	332	391	242.681
90	maps/rooms/8room_072.map	512	512	179	362	445	365	363.836
47	maps/rooms/8room_072.map	512	512	115	269	107	380	191.51
70	maps/rooms/8room_072.map	512	512	314	328	429	130	283.108
125	maps/rooms/8room_072.map	512	512	22	386	279	78	503.576
57	maps/rooms/8room_072.map	512	512	73	413	124	230	228.894
110	maps/rooms/8room_072.map	512	512	504	62	466	365	441.877
113	maps/rooms/8room_072.map	512	512	72	19	209	348	454.09
69	maps/rooms/8room_072.map	512	512	477	303	363	444	279.451
125	maps/rooms/8room_072.map	512	512	44	230	399	428	503.416
125	maps/rooms/8room_072.map	512	512	417	419	31	411	503.647
88	maps/rooms/8room_072.map	512	512	350	47	308	261	353.137
87	maps/rooms/8room_072.map	512	512	505	331	249	398	350.907
125	maps/rooms/8room_072.map	512	512	398	317	104	71	503.647
27	maps/rooms/8room_072.map	512	512	415	406	343	407	108.941
69	maps/rooms/8room_072.map	512	512	215	261	133	75	279.723
77	maps/rooms/8room_072.map	512	512	218	455	139	255	308.865
125	maps/rooms/8room_072.map	512	512	76	386	246	24	502.759
120	maps/rooms/8room_072.map	512	512	340	57	91	270	481.747
125	maps/rooms/8room_072.map	512	512	371	486	309	153	503.458
105	maps/rooms/8room_072.map	512	512	246	437	39	184	422.818
70	maps/rooms/8room_072.map	512	512	155	20	383	37	280.38
73	maps/rooms/8room_072.map	512	512	222	482	416	454	295.622
105	maps/rooms/8room_072.map	512	512	347	430	131	324	421.161
37	maps/rooms/8room_072.map	512	512	293	222	377	198	151.983
36	maps/rooms/8room_072.map	512	512	254	458	270	338	145.74
17	maps/rooms/8room_072.map	512	512	132	223	95	270	71.1127
36	maps/rooms/8room_072.map	512	512	152	285	223	278	147.64
113	maps/rooms/8room_072.map	512	512	173	172	436	28	452.806
28	maps/rooms/8room_072.map	512	512	66	104	88	180	114.284
107	maps/rooms/8room_072.map	512	512	197	435	476	431	428.747
124	maps/rooms/8room_072.map	512	512	301	450	418	104	499.475
63	maps/rooms/8room_072.map	512	512	490	315	326	307	255.823
124	maps/rooms/8room_072.map	512	512	46	52	223	414	498.789
119	maps/rooms/8room_072.map	512	512	52	66	396	86	479.505
77	maps/rooms/8room_072.map	512	512	3	269	41	25	309.137
124	maps/rooms/8room_072.map	512	512	5	61	261	334	498.831
71	maps/rooms/8room_072.map	512	512	421	442	269	287	287.551
26	maps/rooms/8room_072.map	512	512	382	99	364	29	104.184
44	maps/rooms/8room_072.map	512	512	246	228	274	361	178.74
57	maps/rooms/8room_072.map	512	512	107	186	123	322	230.267
53	maps/rooms/8room_072.map	512	512	319	451	154	409	213.51
40	maps/rooms/8room_072.map	512	512	104	438	1	364	163.953
43	maps/rooms/8room_072.map	512	512	87	30	29	110	174.811
69	maps/rooms/8room_072.map	512	512	478	29	245	28	277.723
124	maps/rooms/8room_072.map	512	512	126	74	335	396	499.032
84	maps/rooms/8room_072.map	512	512	201	259	367	478	339.593
33	maps/rooms/8room_072.map	512	512	143	473	121	390	132.983
124	maps/rooms/8room_072.map	512	512	111	475	398	331	499.274
124	maps/rooms/8room_072.map	512	512	73	333	257	23	499.203
93	maps/rooms/8room_072.map	512	512	318	13	153	232	375.421
124	maps/rooms/8room_072.map	512	512	372	7	102	268	499.718
81	maps/rooms/8room_072.map	512	512	489	423	226	456	325.037
85	maps/rooms/8room_072.map	512	512	308	304	364	105	342.563
124	maps/rooms/8room_072.map	512	512	72	426	271	84	499.718
123	maps/rooms/8room_072.map	512	512	389	311	84	490	494.86
89	maps/rooms/8room_072.map	512	512	236	387	362	504	359.291
45	maps/rooms/8room_072.map	512	512	384	356	301	249	180.61
27	maps/rooms/8room_072.map	512	512	360	359	411	311	111.569
99	maps/rooms/8room_072.map	512	512	174	340	457	386	397.191
18	maps/rooms/8room_072.map	512	512	331	338	314	389	72.5269
67	maps/rooms/8room_072.map	512	512	218	356	421	412	269.995
124	maps/rooms/8room_072.map	512	512	491	290	176	101	499.831
124	maps/rooms/8room_072.map	512	512	114	392	444	337	499.902
36	maps/rooms/8room_072.map	512	512	276	341	254	252	147.811
123	maps/rooms/8room_072.map	512	512	348	484	221	238	495.617
123	maps/rooms/8room_072.map	512	512	374	93	101	289	495.09
83	maps/rooms/8room_072.map	512	512	375	297	332	490	334.291
59	maps/rooms/8room_072.map	512	512	171	84	335	5	236.137
123	maps/rooms/8room_072.map	512	512	488	67	450	426	495.818
45	maps/rooms/8room_072.map	512	512	218	501	140	454	181.61
123	maps/rooms/8room_072.map	512	512	27	190	334	435	495.245
79	maps/rooms/8room_072.map	512	512	350	251	194	344	319.492
95	maps/rooms/8room_072.map	512	512	268	217	291	37	381.108
122	maps/rooms/8room_072.map	512	512	204	425	79	78	490.132
123	maps/rooms/8room_072.map	512	512	482	490	182	230	495.061
68	maps/rooms/8room_072.map	512	512	314	124	477	267	275.764
123	maps/rooms/8room_072.map	512	512	367	71	95	249	495.647
78	maps/rooms/8room_072.map	512	512	259	216	259	411	315.392
102	maps/rooms/8room_072.map	512	512	440	252	248	491	411.735
47	maps/rooms/8room_072.map	512	512	63	470	45	310	188.225
118	maps/rooms/8room_072.map	512	512	501	313	271	38	474.99
123	maps/rooms/8room_072.map	512	512	217	37	219	400	495.617
90	maps/rooms/8room_072.map	512	512	504	396	316	194	361.078
53	maps/rooms/8room_072.map	512	512	207	134	59	25	212.48
95	maps/rooms/8room_072.map	512	512	392	367	469	74	380.108
122	maps/rooms/8room_072.map	512	512	377	110	60	266	491.333
122	maps/rooms/8room_072.map	512	512	215	462	50	131	491.647
29	maps/rooms/8room_072.map	512	512	115	115	74	24	118.669
83	maps/rooms/8room_072.map	512	512	23	292	198	441	334.392
118	maps/rooms/8room_072.map	512	512	292	197	84	238	472.404
122	maps/rooms/8room_072.map	512	512	505	242	133	278	491.99
40	maps/rooms/8room_072.map	512	512	269	261	187	204	160.882
106	maps/rooms/8room_072.map	512	512	454	183	270	457	425.605
122	maps/rooms/8room_072.map	512	512	446	253	156	20	491.759
33	maps/rooms/8room_072.map	512	512	36	39	69	140	133.64
70	maps/rooms/8room_072.map	512	512	495	180	329	55	282.522
112	maps/rooms/8room_072.map	512	512	254	510	394	165	450.848
49	maps/rooms/8room_072.map	512	512	286	358	360	216	199.095
100	maps/rooms/8room_072.map	512	512	494	239	236	395	403.806
51	maps/rooms/8room_072.map	512	512	172	470	38	491	205.468
108	maps/rooms/8room_072.map	512	512	226	363	300	95	433.647
122	maps/rooms/8room_072.map	512	512	379	168	40	93	491.948
98	maps/rooms/8room_072.map	512	512	238	91	382	313	392.676
14	maps/rooms/8room_072.map	512	512	74	243	45	282	56.2843
122	maps/rooms/8room_072.map	512	512	93	8	330	312	491.333
61	maps/rooms/8room_072.map	512	512	456	231	442	438	244.823
72	maps/rooms/8room_072.map	512	512	45	131	212	249	291.208
113	maps/rooms/8room_072.map	512	512	479	194	291	491	452.161
61	maps/rooms/8room_072.map	512	512	57	492	72	313	246.409
104	maps/rooms/8room_072.map	512	512	163	453	493	446	416.948
122	maps/rooms/8room_072.map	512	512	342	502	198	262	491.931
38	maps/rooms/8room_072.map	512	512	100	183	184	120	155.811
49	maps/rooms/8room_072.map	512	512	101	335	74	501	197.61
117	maps/rooms/8room_072.map	512	512	453	382	389	27	468.747
28	maps/rooms/8room_072.map	512	512	423	6	499	62	114.569
122	maps/rooms/8room_072.map	512	512	371	158	102	268	491.818
37	maps/rooms/8room_072.map	512	512	264	408	142	370	150.083
55	maps/rooms/8room_072.map	512	512	122	170	173	327	220.752
121	maps/rooms/8room_072.map	512	512	311	95	459	454	487.274
85	maps/rooms/8room_072.map	512	512	43	368	263	411	343.635
121	maps/rooms/8room_072.map	512	512	167	338	408	103	484.032
114	maps/rooms/8room_072.map	512	512	247	351	365	87	457.688
121	maps/rooms/8room_072.map	512	512	140	67	283	424	487.061
121	maps/rooms/8room_072.map	512	512	489	266	189	41	487.375
121	maps/rooms/8room_072.map	512	512	193	479	223	120	487.191
92	maps/rooms/8room_072.map	512	512	499	62	265	206	368.551
121	maps/rooms/8room_072.map	512	512	456	326	118	454	487.588
82	maps/rooms/8room_072.map	512	512	261	457	107	246	330.563
50	maps/rooms/8room_072.map	512	512	77	213	190	328	202.995
121	maps/rooms/8room_072.map	512	512	388	155	80	265	487.002
99	maps/rooms/8room_072.map	512	512	219	135	381	371	396.978
53	maps/rooms/8room_072.map	512	512	125	185	38	52	214.51
121	maps/rooms/8room_072.map	512	512	143	38	428	258	486.688
69	maps/rooms/8room_072.map	512	512	167	203	378	280	279.823
109	maps/rooms/8room_072.map	512	512	438	382	130	406	439.647
121	maps/rooms/8room_072.map	512	512	94	492	166	94	487.647
96	maps/rooms/8room_072.map	512	512	302	493	157	222	384.836
86	maps/rooms/8room_072.map	512	512	365	254	331	45	344.078
101	maps/rooms/8room_072.map	512	512	172	91	312	248	407.434
75	maps/rooms/8room_072.map	512	512	14	455	101	222	300.894
100	maps/rooms/8room_072.map	512	512	123	180	247	154	400.635
120	maps/rooms/8room_072.map	512	512	412	398	53	265	483.061
120	maps/rooms/8room_072.map	512	512	507	437	182	226	483.404
115	maps/rooms/8room_072.map	512	512	75	487	37	94	462.865
52	maps/rooms/8room_072.map	512	512	134	146	232	59	210.095
86	maps/rooms/8room_072.map	512	512	238	363	306	158	344.362
120	maps/rooms/8room_072.map	512	512	165	439	393	196	483.517
56	maps/rooms/8room_072.map	512	512	88	75	255	54	226.409
81	maps/rooms/8room_072.map	512	512	174	82	30	310	326.25
14	maps/rooms/8room_072.map	512	512	117	20	118	55	56.2843
26	maps/rooms/8room_072.map	512	512	29	101	53	62	106.355
31	maps/rooms/8room_072.map	512	512	373	310	473	274	127.841
120	maps/rooms/8room_072.map	512	512	88	495	337	242	483.546
120	maps/rooms/8room_072.map	512	512	34	345	367	251	483.375
116	maps/rooms/8room_072.map	512	512	483	7	217	163	467.22
77	maps/rooms/8room_072.map	512	512	206	285	425	231	308.723
87	maps/rooms/8room_072.map	512	512	361	390	101	424	348.735
83	maps/rooms/8room_072.map	512	512	338	27	463	223	335.108
13	maps/rooms/8room_072.map	512	512	468	317	434	314	53.6274
120	maps/rooms/8room_072.map	512	512	24	133	320	219	483.605
80	maps/rooms/8room_072.map	512	512	313	278	398	86	323.149
120	maps/rooms/8room_072.map	512	512	62	395	271	77	483.919
107	maps/rooms/8room_072.map	512	512	423	261	156	359	429.818
36	maps/rooms/8room_072.map	512	512	191	421	285	413	147.154
120	maps/rooms/8room_072.map	512	512	373	174	113	255	483.576
115	maps/rooms/8room_072.map	512	512	348	39	235	218	463.362
119	maps/rooms/8room_072.map	512	512	125	470	348	230	479.96
87	maps/rooms/8room_072.map	512	512	206	319	5	383	349.25
119	maps/rooms/8room_072.map	512	512	356	102	249	397	479.931
110	maps/rooms/8room_072.map	512	512	348	388	406	92	441.99
51	maps/rooms/8room_072.map	512	512	315	316	312	491	205.154
45	maps/rooms/8room_072.map	512	512	207	294	290	414	181.125
98	maps/rooms/8room_072.map	512	512	306	415	222	122	393.593
110	maps/rooms/8room_072.map	512	512	383	72	74	155	441.605
106	maps/rooms/8room_072.map	512	512	64	379	13	63	426.279
119	maps/rooms/8room_072.map	512	512	501	149	152	222	479.605
106	maps/rooms/8room_072.map	512	512	287	410	452	143	427.12
119	maps/rooms/8room_072.map	512	512	24	503	82	92	479.108
119	maps/rooms/8room_072.map	512	512	319	7	402	360	479.404
118	maps/rooms/8room_072.map	512	512	499	116	196	107	473.262
98	maps/rooms/8room_072.map	512	512	102	265	275	45	394.362
119	maps/rooms/8room_072.map	512	512	280	428	201	73	479.889
70	maps/rooms/8room_072.map	512	512	454	37	277	72	280.894
58	maps/rooms/8room_072.map	512	512	233	165	117	19	233.38
119	maps/rooms/8room_072.map	512	512	31	509	376	446	478.676
74	maps/rooms/8room_072.map	512	512	197	327	253	481	299.865
96	maps/rooms/8room_072.map	512	512	325	90	239	291	384.605
69	maps/rooms/8room_072.map	512	512	428	444	484	230	278.309
77	maps/rooms/8room_072.map	512	512	487	293	263	163	310.25
18	maps/rooms/8room_072.map	512	512	400	365	426	311	73.3553
92	maps/rooms/8room_072.map	512	512	371	455	90	442	369.421
74	maps/rooms/8room_072.map	512	512	169	473	117	264	296.38
119	maps/rooms/8room_072.map	512	512	399	422	22	431	479.747
109	maps/rooms/8room_072.map	512	512	366	343	59	406	437.304
55	maps/rooms/8room_072.map	512	512	357	511	346	428	223.037
110	maps/rooms/8room_072.map	512	512	117	474	444	458	442.463
119	maps/rooms/8room_072.map	512	512	170	20	448	264	479.345
25	maps/rooms/8room_072.map	512	512	377	335	408	390	102.711
110	maps/rooms/8room_072.map	512	512	139	408	164	56	442.463
71	maps/rooms/8room_072.map	512	512	227	479	5	501	285.723
93	maps/rooms/8room_072.map	512	512	100	469	155	405	374.078
109	maps/rooms/8room_072.map	512	512	42	183	376	294	439.291
118	maps/rooms/8room_072.map	512	512	430	11	63	84	475.647
52	maps/rooms/8room_072.map	512	512	396	207	378	115	210.752
58	maps/rooms/8room_072.map	512	512	413	425	504	304	234.853
50	maps/rooms/8room_072.map	512	512	136	234	164	61	200.196
23	maps/rooms/8room_072.map	512	512	349	325	412	367	94.0122
50	maps/rooms/8room_072.map	512	512	347	300	318	195	200.125
60	maps/rooms/8room_072.map	512	512	427	87	345	234	241.794
6	maps/rooms/8room_072.map	512	512	177	151	166	132	24.1421
40	maps/rooms/8room_072.map	512	512	218	77	265	87	160.882
93	maps/rooms/8room_072.map	512	512	378	350	373	111	375.463
118	maps/rooms/8room_072.map	512	512	251	502	402	155	475.404
68	maps/rooms/8room_072.map	512	512	265	152	216	174	274.095
118	maps/rooms/8room_072.map	512	512	246	163	71	237	474.889
118	maps/rooms/8room_072.map	512	512	106	290	397	155	475.103
101	maps/rooms/8room_072.map	512	512	478	412	410	118	406.492
118	maps/rooms/8room_072.map	512	512	503	164	258	452	475.517
118	maps/rooms/8room_072.map	512	512	206	73	333	388	475.789
117	maps/rooms/8room_072.map	512	512	5	217	348	372	468.032
28	maps/rooms/8room_072.map	512	512	34	434	104	499	112.74
30	maps/rooms/8room_072.map	512	512	30	355	68	451	121.497
43	maps/rooms/8room_072.map	512	512	434	132	460	245	172.983
108	maps/rooms/8room_072.map	512	512	345	478	438	141	434.635
30	maps/rooms/8room_072.map	512	512	122	274	40	219	120.782
95	maps/rooms/8room_072.map	512	512	250	306	491	117	380.635
44	maps/rooms/8room_072.map	512	512	392	229	473	349	177.409
118	maps/rooms/8room_072.map	512	512	450	445	205	179	475.919
53	maps/rooms/8room_072.map	512	512	379	317	300	218	212.267
25	maps/rooms/8room_072.map	512	512	203	103	116	86	103.012
104	maps/rooms/8room_072.map	512	512	223	204	149	479	419.35
117	maps/rooms/8room_072.map	512	512	46	86	343	277	471.078
103	maps/rooms/8room_072.map	512	512	317	349	135	105	415.262
88	maps/rooms/8room_072.map	512	512	26	18	152	249	355.492
117	maps/rooms/8room_072.map	512	512	26	108	349	311	470.836
72	maps/rooms/8room_072.map	512	512	244	408	103	233	289.764
83	maps/rooms/8room_072.map	512	512	270	170	134	28	334.007
85	maps/rooms/8room_072.map	512	512	85	274	335	249	341.492
34	maps/rooms/8room_072.map	512	512	245	391	268	301	137.225
117	maps/rooms/8room_072.map	512	512	59	357	333	261	471.404
117	maps/rooms/8room_072.map	512	512	357	501	167	313	471.203
117	maps/rooms/8room_072.map	512	512	288	456	441	118	471.818
64	maps/rooms/8room_072.map	512	512	186	291	313	435	257.267
117	maps/rooms/8room_072.map	512	512	509	7	221	147	470.877
117	maps/rooms/8room_072.map	512	512	309	229	97	323	471.304
116	maps/rooms/8room_072.map	512	512	59	271	270	212	464.375
11	maps/rooms/8room_072.map	512	512	474	315	460	313	47.6985
99	maps/rooms/8room_072.map	512	512	32	51	328	108	397.492
117	maps/rooms/8room_072.map	512	512	317	19	124	299	471.718
94	maps/rooms/8room_072.map	512	512	116	53	252	157	379.664
116	maps/rooms/8room_072.map	512	512	395	185	169	456	467.86
116	maps/rooms/8room_072.map	512	512	499	163	182	228	467.505
116	maps/rooms/8room_072.map	512	512	247	11	38	316	466.96
84	maps/rooms/8room_072.map	512	512	83	185	263	41	337.463
74	maps/rooms/8room_072.map	512	512	373	191	505	19	299.622
101	maps/rooms/8room_072.map	512	512	227	331	145	28	404.463
75	maps/rooms/8room_072.map	512	512	123	101	252	181	300.279
116	maps/rooms/8room_072.map	512	512	75	103	378	287	467.492
116	maps/rooms/8room_072.map	512	512	196	24	437	307	467.789
66	maps/rooms/8room_072.map	512	512	54	270	203	109	264.551
71	maps/rooms/8room_072.map	512	512	316	320	114	252	284.894
116	maps/rooms/8room_072.map	512	512	486	53	97	36	467.463
10	maps/rooms/8room_072.map	512	512	442	137	468	123	41.8995
112	maps/rooms/8room_072.map	512	512	73	456	204	103	450.818
35	maps/rooms/8room_072.map	512	512	421	260	396	155	141.497
116	maps/rooms/8room_072.map	512	512	482	69	437	399	467.434
68	maps/rooms/8room_072.map	512	512	404	217	402	444	274.338
116	maps/rooms/8room_072.map	512	512	396	390	75	232	467.333
115	maps/rooms/8room_072.map	512	512	434	271	107	229	463.291
115	maps/rooms/8room_072.map	512	512	227	247	498	82	463.061
115	maps/rooms/8room_072.map	512	512	175	90	255	432	463.203
60	maps/rooms/8room_072.map	512	512	456	132	370	66	243.095
57	maps/rooms/8room_072.map	512	512	490	340	440	189	229.752
38	maps/rooms/8room_072.map	512	512	389	343	315	363	152.225
96	maps/rooms/8room_072.map	512	512	339	103	413	338	387.007
115	maps/rooms/8room_072.map	512	512	139	366	397	154	463.446
107	maps/rooms/8room_072.map	512	512	348	275	18	156	428.321
115	maps/rooms/8room_072.map	512	512	193	259	14	504	461.948
115	maps/rooms/8room_072.map	512	512	406	147	106	218	463.333
84	maps/rooms/8room_072.map	512	512	388	213	198	6	339.635
70	maps/rooms/8room_072.map	512	512	92	451	36	216	280.539
45	maps/rooms/8room_072.map	512	512	142	446	265	429	180.61
115	maps/rooms/8room_072.map	512	512	361	146	123	279	463.759
62	maps/rooms/8room_072.map	512	512	95	390	67	206	251.137
66	maps/rooms/8room_072.map	512	512	131	457	358	478	267.095
78	maps/rooms/8room_072.map	512	512	309	156	229	290	313.321
114	maps/rooms/8room_072.map	512	512	485	10	299	281	458.99
71	maps/rooms/8room_072.map	512	512	447	135	258	223	287.451
114	maps/rooms/8room_072.map	512	512	50	50	309	300	459.032
101	maps/rooms/8room_072.map	512	512	301	504	423	237	407.836
23	maps/rooms/8room_072.map	512	512	381	393	303	414	95.1421
57	maps/rooms/8room_072.map	512	512	329	406	248	266	229.267
114	maps/rooms/8room_072.map	512	512	246	484	158	177	459.718
90	maps/rooms/8room_072.map	512	512	488	143	270	40	360.522
84	maps/rooms/8room_072.map	512	512	392	254	214	184	338.836
114	maps/rooms/8room_072.map	512	512	415	101	53	114	459.777
114	maps/rooms/8room_072.map	512	512	227	409	508	188	458.919
114	maps/rooms/8room_072.map	512	512	18	395	312	277	459.848
114	maps/rooms/8room_072.map	512	512	79	125	381	298	459.593
88	maps/rooms/8room_072.map	512	512	281	252	267	40	354.35
80	maps/rooms/8room_072.map	512	512	166	329	185	70	323.664
114	maps/rooms/8room_072.map	512	512	439	354	114	420	459.274
79	maps/rooms/8room_072.map	512	512	207	120	142	340	317.007
113	maps/rooms/8room_072.map	512	512	114	181	397	417	455.434
28	maps/rooms/8room_072.map	512	512	372	214	461	168	115.083
60	maps/rooms/8room_072.map	512	512	165	71	9	172	241.752
113	maps/rooms/8room_072.map	512	512	259	438	306	119	455.99
113	maps/rooms/8room_072.map	512	512	458	233	191	478	455.404
113	maps/rooms/8room_072.map	512	512	377	4	124	232	454.99
107	maps/rooms/8room_072.map	512	512	344	79	445	377	428.948
111	maps/rooms/8room_072.map	512	512	41	459	246	259	446.605
92	maps/rooms/8room_072.map	512	512	351	446	310	181	370.492
31	maps/rooms/8room_072.map	512	512	219	426	302	356	125.125
107	maps/rooms/8room_072.map	512	512	111	130	347	329	431.25
113	maps/rooms/8room_072.map	512	512	136	370	239	48	455.777
86	maps/rooms/8room_072.map	512	512	110	108	21	381	347.321
49	maps/rooms/8room_072.map	512	512	506	277	379	185	197.853
113	maps/rooms/8room_072.map	512	512	38	12	53	382	454.706
101	maps/rooms/8room_072.map	512	512	43	438	340	396	406.948
81	maps/rooms/8room_072.map	512	512	163	53	264	191	324.179
87	maps/rooms/8room_072.map	512	512	262	363	428	138	348.948
110	maps/rooms/8room_072.map	512	512	219	233	499	122	441.434
102	maps/rooms/8room_072.map	512	512	82	87	326	288	408.019
94	maps/rooms/8room_072.map	512	512	152	185	101	467	379.049
79	maps/rooms/8room_072.map	512	512	139	331	84	90	319.38
31	maps/rooms/8room_072.map	512	512	486	347	459	264	124.125
83	maps/rooms/8room_072.map	512	512	345	444	153	278	332.936
93	maps/rooms/8room_072.map	512	512	495	120	239	282	374.492
76	maps/rooms/8room_072.map	512	512	54	100	72	359	304.681
91	maps/rooms/8room_072.map	512	512	463	396	263	249	364.563
112	maps/rooms/8room_072.map	512	512	213	118	293	474	451.706
112	maps/rooms/8room_072.map	512	512	187	140	30	459	451.563
63	maps/rooms/8room_072.map	512	512	149	454	341	394	255.48
109	maps/rooms/8room_072.map	512	512	123	279	287	152	437.049
73	maps/rooms/8room_072.map	512	512	508	343	299	378	292.208
112	maps/rooms/8room_072.map	512	512	159	5	404	235	451.718
112	maps/rooms/8room_072.map	512	512	468	453	201	219	451.434
112	maps/rooms/8room_072.map	512	512	219	483	480	238	451.647
56	maps/rooms/8room_072.map	512	512	214	190	131	27	226.51
101	maps/rooms/8room_072.map	512	512	217	117	477	154	407.149
112	maps/rooms/8room_072.map	512	512	376	419	302	113	451.889
102	maps/rooms/8room_072.map	512	512	41	286	274	463	411.262
112	maps/rooms/8room_072.map	512	512	29	234	338	350	450.203
112	maps/rooms/8room_072.map	512	512	354	197	105	314	451.404
111	maps/rooms/8room_072.map	512	512	393	142	196	295	447.078
90	maps/rooms/8room_072.map	512	512	27	287	226	82	363.463
111	maps/rooms/8room_072.map	512	512	377	73	122	234	447.605
111	maps/rooms/8room_072.map	512	512	14	142	205	392	446.99
110	maps/rooms/8room_072.map	512	512	456	67	117	14	443.706
92	maps/rooms/8room_072.map	512	512	388	392	135	421	368.291
85	maps/rooms/8room_072.map	512	512	219	238	54	410	342.279
111	maps/rooms/8room_072.map	512	512	327	91	179	340	447.392
29	maps/rooms/8room_072.map	512	512	103	121	163	180	116.255
111	maps/rooms/8room_072.map	512	512	405	205	104	64	447.262
56	maps/rooms/8room_072.map	512	512	138	216	303	311	227.439
52	maps/rooms/8room_072.map	512	512	212	319	105	323	211.51
111	maps/rooms/8room_072.map	512	512	371	274	31	157	447.149
111	maps/rooms/8room_072.map	512	512	335	472	222	141	447.806
78	maps/rooms/8room_072.map	512	512	262	500	467	506	312.279
100	maps/rooms/8room_072.map	512	512	167	327	298	156	400.333
30	maps/rooms/8room_072.map	512	512	132	237	143	131	122.841
111	maps/rooms/8room_072.map	512	512	378	390	159	139	447.161
110	maps/rooms/8room_072.map	512	512	498	15	504	305	443.12
109	maps/rooms/8room_072.map	512	512	127	325	222	21	439.919
109	maps/rooms/8room_072.map	512	512	141	440	356	226	439.475
91	maps/rooms/8room_072.map	512	512	91	492	107	204	365.522
73	maps/rooms/8room_072.map	512	512	219	88	358	166	293.066
109	maps/rooms/8room_072.map	512	512	60	345	271	87	439.877
109	maps/rooms/8room_072.map	512	512	37	133	329	176	439.434
46	maps/rooms/8room_072.map	512	512	137	360	261	347	184.782
82	maps/rooms/8room_072.map	512	512	258	469	471	326	331.12
103	maps/rooms/8room_072.map	512	512	157	420	31	121	415.534
109	maps/rooms/8room_072.map	512	512	502	115	260	386	439.576
109	maps/rooms/8room_072.map	512	512	450	72	174	199	439.777
108	maps/rooms/8room_072.map	512	512	311	24	261	291	435.635
108	maps/rooms/8room_072.map	512	512	500	29	195	109	435.007
108	maps/rooms/8room_072.map	512	512	141	107	291	392	434.848
108	maps/rooms/8room_072.map	512	512	188	434	370	220	435.404
108	maps/rooms/8room_072.map	512	512	218	128	367	427	435.605
76	maps/rooms/8room_072.map	512	512	424	122	443	360	307.794
60	maps/rooms/8room_072.map	512	512	290	13	134	108	242.137
42	maps/rooms/8room_072.map	512	512	77	180	219	211	171.811
97	maps/rooms/8room_072.map	512	512	100	419	383	358	391.262
54	maps/rooms/8room_072.map	512	512	356	395	196	311	219.338
82	maps/rooms/8room_072.map	512	512	434	146	454	424	329.865
108	maps/rooms/8room_072.map	512	512	9	238	363	259	435.291
102	maps/rooms/8room_072.map	512	512	110	363	271	102	409.563
108	maps/rooms/8room_072.map	512	512	477	18	192	141	435.948
108	maps/rooms/8room_072.map	512	512	282	39	101	302	435.019
107	maps/rooms/8room_072.map	512	512	438	406	151	222	431.635
107	maps/rooms/8room_072.map	512	512	222	398	163	63	431.848
17	maps/rooms/8room_072.map	512	512	499	475	459	436	68.6985
30	maps/rooms/8room_072.map	512	512	420	482	329	505	121.497
39	maps/rooms/8room_072.map	512	512	188	424	281	396	157.468
107	maps/rooms/8room_072.map	512	512	159	245	341	118	431.534
67	maps/rooms/8room_072.map	512	512	226	205	92	35	271.865
9	maps/rooms/8room_072.map	512	512	403	244	436	258	39.9706
104	maps/rooms/8room_072.map	512	512	356	103	379	383	418.262
16	maps/rooms/8room_072.map	512	512	66	183	110	150	67.0416
107	maps/rooms/8room_072.map	512	512	84	61	123	402	431.179
72	maps/rooms/8room_072.map	512	512	221	229	61	328	289.066
106	maps/rooms/8room_072.map	512	512	424	428	125	277	427.505
106	maps/rooms/8room_072.map	512	512	393	443	399	108	427.735
106	maps/rooms/8room_072.map	512	512	499	43	190	111	427.007
106	maps/rooms/8room_072.map	512	512	17	24	117	356	427.848
106	maps/rooms/8room_072.map	512	512	462	31	443	345	427.392
89	maps/rooms/8room_072.map	512	512	508	373	217	422	359.463
100	maps/rooms/8room_072.map	512	512	179	414	458	507	403.706
99	maps/rooms/8room_072.map	512	512	211	392	7	343	397.676
105	maps/rooms/8room_072.map	512	512	60	440	347	331	423.605
105	maps/rooms/8room_072.map	512	512	114	360	338	242	423.161
105	maps/rooms/8room_072.map	512	512	8	381	228	133	421.22
54	maps/rooms/8room_072.map	512	512	50	5	41	91	218.823
105	maps/rooms/8room_072.map	512	512	262	239	400	471	423.605
105	maps/rooms/8room_072.map	512	512	106	470	208	206	423.321
105	maps/rooms/8room_072.map	512	512	212	2	358	294	423.161
37	maps/rooms/8room_072.map	512	512	457	87	464	185	151.326
64	maps/rooms/8room_072.map	512	512	277	264	247	429	256.924
105	maps/rooms/8room_072.map	512	512	271	363	239	41	423.078
105	maps/rooms/8room_072.map	512	512	47	501	267	377	422.635
54	maps/rooms/8room_072.map	512	512	362	245	254	387	219.924
80	maps/rooms/8room_072.map	512	512	38	296	24	21	322.622
102	maps/rooms/8room_072.map	512	512	86	15	404	105	410.635
104	maps/rooms/8room_072.map	512	512	11	447	229	235	418.877
104	maps/rooms/8room_072.map	512	512	146	11	255	309	419.291
104	maps/rooms/8room_072.map	512	512	226	19	92	330	419.191
79	maps/rooms/8room_072.map	512	512	358	506	273	371	317.421
24	maps/rooms/8room_072.map	512	512	383	460	328	398	97.0833
104	maps/rooms/8room_072.map	512	512	168	371	25	482	419.321
95	maps/rooms/8room_072.map	512	512	271	184	141	188	382.735
58	maps/rooms/8room_072.map	512	512	462	488	383	327	233.38
104	maps/rooms/8room_072.map	512	512	371	511	205	292	419.475
71	maps/rooms/8room_072.map	512	512	280	102	494	62	286.024
100	maps/rooms/8room_072.map	512	512	325	82	133	264	402.149
104	maps/rooms/8room_072.map	512	512	475	58	442	340	419.392
103	maps/rooms/8room_072.map	512	512	364	339	495	83	414.889
103	maps/rooms/8room_072.map	512	512	139	89	402	233	414.848
94	maps/rooms/8room_072.map	512	512	392	408	494	121	378.806
92	maps/rooms/8room_072.map	512	512	346	318	222	104	369.522
103	maps/rooms/8room_072.map	512	512	131	510	402	363	415.304
46	maps/rooms/8room_072.map	512	512	6	205	15	330	186.811
77	maps/rooms/8room_072.map	512	512	362	187	463	15	309.936
76	maps/rooms/8room_072.map	512	512	268	414	361	199	305.421
86	maps/rooms/8room_072.map	512	512	405	197	197	136	344.179
65	maps/rooms/8room_072.map	512	512	318	324	490	271	263.51
103	maps/rooms/8room_072.map	512	512	314	87	247	361	415.718
103	maps/rooms/8room_072.map	512	512	194	53	359	261	415.09
103	maps/rooms/8room_072.map	512	512	438	362	216	162	415.12
103	maps/rooms/8room_072.map	512	512	463	349	206	194	415.848
103	maps/rooms/8room_072.map	512	512	223	106	329	383	415.149
30	maps/rooms/8room_072.map	512	512	443	511	471	408	123.912
102	maps/rooms/8room_072.map	512	512	428	199	229	458	411.262
16	maps/rooms/8room_072.map	512	512	108	54	71	89	64.5269
45	maps/rooms/8room_072.map	512	512	458	191	383	94	182.368
80	maps/rooms/8room_072.map	512	512	251	438	23	373	323.25
13	maps/rooms/8room_072.map	512	512	110	189	67	190	52.5269
67	maps/rooms/8room_072.map	512	512	21	206	182	131	268.409
89	maps/rooms/8room_072.map	512	512	171	329	438	376	356.978
102	maps/rooms/8room_072.map	512	512	197	511	201	209	411.907
102	maps/rooms/8room_072.map	512	512	262	380	110	101	411.333
66	maps/rooms/8room_072.map	512	512	316	393	508	323	264.451
102	maps/rooms/8room_072.map	512	512	447	109	260	383	411.919
102	maps/rooms/8room_072.map	512	512	309	41	136	220	411.362
101	maps/rooms/8room_072.map	512	512	252	87	282	391	407.078
28	maps/rooms/8room_072.map	512	512	152	404	250	391	113.669
92	maps/rooms/8room_072.map	512	512	287	286	11	194	368.593
101	maps/rooms/8room_072.map	512	512	255	124	83	381	407.777
20	maps/rooms/8room_072.map	512	512	264	491	196	486	80.3553
101	maps/rooms/8room_072.map	512	512	43	69	309	125	407.421
101	maps/rooms/8room_072.map	512	512	511	37	230	115	407.108
78	maps/rooms/8room_072.map	512	512	270	361	377	505	314.764
34	maps/rooms/8room_072.map	512	512	171	123	117	227	138.711
17	maps/rooms/8room_072.map	512	512	87	90	132	55	68.2843
100	maps/rooms/8room_072.map	512	512	490	163	347	420	403.321
100	maps/rooms/8room_072.map	512	512	265	464	324	171	403.605
100	maps/rooms/8room_072.map	512	512	398	411	302	112	403.475
53	maps/rooms/8room_072.map	512	512	277	498	362	345	212.368
100	maps/rooms/8room_072.map	512	512	477	278	322	19	403.848
100	maps/rooms/8room_072.map	512	512	132	482	158	169	403.392
43	maps/rooms/8room_072.map	512	512	263	417	387	364	175.267
99	maps/rooms/8room_072.map	512	512	402	44	420	366	399.179
99	maps/rooms/8room_072.map	512	512	57	263	347	231	399.362
48	maps/rooms/8room_072.map	512	512	90	165	238	169	194.912
41	maps/rooms/8room_072.map	512	512	252	346	345	242	167.711
90	maps/rooms/8room_072.map	512	512	116	412	244	232	361.037
97	maps/rooms/8room_072.map	512	512	117	226	377	382	388.451
62	maps/rooms/8room_072.map	512	512	286	96	310	261	249.752
99	maps/rooms/8room_072.map	512	512	115	315	381	298	399.291
59	maps/rooms/8room_072.map	512	512	306	286	168	186	236.61
99	maps/rooms/8room_072.map	512	512	418	275	181	468	399.848
89	maps/rooms/8room_072.map	512	512	406	507	370	238	358.463
99	maps/rooms/8room_072.map	512	512	136	72	392	178	399.22
99	maps/rooms/8room_072.map	512	512	231	183	312	475	399.836
98	maps/rooms/8room_072.map	512	512	9	7	199	256	395.818
98	maps/rooms/8room_072.map	512	512	84	202	372	218	395.421
98	maps/rooms/8room_072.map	512	512	455	101	154	144	395.463
78	maps/rooms/8room_072.map	512	512	287	414	98	273	313.664
98	maps/rooms/8room_072.map	512	512	372	2	149	187	395.463
98	maps/rooms/8room_072.map	512	512	419	495	179	317	395.806
98	maps/rooms/8room_072.map	512	512	312	119	99	274	395.563
97	maps/rooms/8room_072.map	512	512	427	162	162	222	391.392
67	maps/rooms/8room_072.map	512	512	461	43	422	215	269.409
76	maps/rooms/8room_072.map	512	512	295	401	86	476	306.693
46	maps/rooms/8room_072.map	512	512	254	441	325	330	184.024
44	maps/rooms/8room_072.map	512	512	47	57	13	164	177.51
97	maps/rooms/8room_072.map	512	512	483	335	206	472	391.848
97	maps/rooms/8room_072.map	512	512	455	416	413	118	390.735
97	maps/rooms/8room_072.map	512	512	93	477	130	153	391.936
97	maps/rooms/8room_072.map	512	512	198	157	62	418	391.191
60	maps/rooms/8room_072.map	512	512	292	332	205	167	243.095
91	maps/rooms/8room_072.map	512	512	260	412	106	168	365.806
41	maps/rooms/8room_072.map	512	512	133	440	247	434	167.296
97	maps/rooms/8room_072.map	512	512	450	51	308	292	391.676
97	maps/rooms/8room_072.map	512	512	202	342	391	185	390.676
65	maps/rooms/8room_072.map	512	512	494	377	458	169	260.652
97	maps/rooms/8room_072.map	512	512	397	383	156	500	391.605
64	maps/rooms/8room_072.map	512	512	226	467	431	421	258.48
25	maps/rooms/8room_072.map	512	512	361	238	430	271	102.669
96	maps/rooms/8room_072.map	512	512	425	435	132	423	387.392
40	maps/rooms/8room_072.map	512	512	327	318	425	295	163.468
55	maps/rooms/8room_072.map	512	512	318	423	339	259	220.823
96	maps/rooms/8room_072.map	512	512	65	265	345	233	387.706
96	maps/rooms/8room_072.map	512	512	399	133	442	365	387.836
96	maps/rooms/8room_072.map	512	512	136	42	184	345	387.049
96	maps/rooms/8room_072.map	512	512	382	76	293	313	387.262
30	maps/rooms/8room_072.map	512	512	505	386	425	454	123.397
96	maps/rooms/8room_072.map	512	512	183	256	374	106	386.865
96	maps/rooms/8room_072.map	512	512	220	444	392	167	387.818
46	maps/rooms/8room_072.map	512	512	362	228	495	307	185.095
73	maps/rooms/8room_072.map	512	512	508	475	370	274	295.25
95	maps/rooms/8room_072.map	512	512	104	264	320	108	383.907
95	maps/rooms/8room_072.map	512	512	299	2	428	258	383.291
94	maps/rooms/8room_072.map	512	512	271	107	3	218	377.007
95	maps/rooms/8room_072.map	512	512	508	100	275	279	383.463
27	maps/rooms/8room_072.map	512	512	170	23	247	29	108.983
54	maps/rooms/8room_072.map	512	512	204	287	303	419	219.953
95	maps/rooms/8room_072.map	512	512	122	130	120	445	380.38
95	maps/rooms/8room_072.map	512	512	15	322	165	61	383.978
68	maps/rooms/8room_072.map	512	512	91	461	146	262	273.279
72	maps/rooms/8room_072.map	512	512	479	214	326	362	288.238
94	maps/rooms/8room_072.map	512	512	284	303	419	77	379.777
94	maps/rooms/8room_072.map	512	512	37	29	309	54	379.593
45	maps/rooms/8room_072.map	512	512	325	355	233	473	180.853
91	maps/rooms/8room_072.map	512	512	220	234	470	373	367.635
64	maps/rooms/8room_072.map	512	512	299	466	397	317	259.652
94	maps/rooms/8room_072.map	512	512	268	153	329	405	379.635
94	maps/rooms/8room_072.map	512	512	370	202	218	467	379.191
25	maps/rooms/8room_072.map	512	512	478	194	499	260	101.426
73	maps/rooms/8room_072.map	512	512	238	290	450	301	292.823
43	maps/rooms/8room_072.map	512	512	390	207	295	216	173.054
94	maps/rooms/8room_072.map	512	512	318	104	72	236	379.563
94	maps/rooms/8room_072.map	512	512	221	86	301	346	379.764
93	maps/rooms/8room_072.map	512	512	298	318	394	77	375.191
93	maps/rooms/8room_072.map	512	512	488	77	319	280	375.362
93	maps/rooms/8room_072.map	512	512	252	387	60	181	375.362
93	maps/rooms/8room_072.map	512	512	373	157	108	122	375.078
38	maps/rooms/8room_072.map	512	512	252	68	328	20	154.669
64	maps/rooms/8room_072.map	512	512	370	392	202	511	259.652
11	maps/rooms/8room_072.map	512	512	84	317	57	301	44.3137
65	maps/rooms/8room_072.map	512	512	460	285	296	345	261.924
92	maps/rooms/8room_072.map	512	512	64	299	264	463	371.764
92	maps/rooms/8room_072.map	512	512	456	217	302	463	371.179
92	maps/rooms/8room_072.map	512	512	233	278	146	476	371.492
91	maps/rooms/8room_072.map	512	512	378	196	282	488	366.936
91	maps/rooms/8room_072.map	512	512	236	58	100	300	367.179
34	maps/rooms/8room_072.map	512	512	174	310	279	344	139.326
53	maps/rooms/8room_072.map	512	512	253	300	169	163	214.581
81	maps/rooms/8room_072.map	512	512	205	215	30	395	327.551
91	maps/rooms/8room_072.map	512	512	309	182	82	130	367.108
28	maps/rooms/8room_072.map	512	512	143	217	87	293	112.083
91	maps/rooms/8room_072.map	512	512	270	398	102	173	367.978
91	maps/rooms/8room_072.map	512	512	22	75	233	280	367.38
91	maps/rooms/8room_072.map	512	512	130	374	434	439	366.622
86	maps/rooms/8room_072.map	512	512	198	254	380	467	345.25
44	maps/rooms/8room_072.map	512	512	242	299	197	179	178.154
44	maps/rooms/8room_072.map	512	512	52	136	119	28	179.853
90	maps/rooms/8room_072.map	512	512	434	66	309	291	362.777
32	maps/rooms/8room_072.map	512	512	313	346	241	281	130.497
44	maps/rooms/8room_072.map	512	512	462	253	398	261	179.64
90	maps/rooms/8room_072.map	512	512	248	92	101	340	363.836
77	maps/rooms/8room_072.map	512	512	230	54	49	52	309.149
86	maps/rooms/8room_072.map	512	512	243	445	5	393	345.907
69	maps/rooms/8room_072.map	512	512	4	500	26	268	279.196
76	maps/rooms/8room_072.map	512	512	227	47	458	115	306.865
39	maps/rooms/8room_072.map	512	512	212	170	242	203	156.74
90	maps/rooms/8room_072.map	512	512	75	66	35	397	363.995
82	maps/rooms/8room_072.map	512	512	115	399	226	245	330.137
85	maps/rooms/8room_072.map	512	512	207	199	330	438	342.836
90	maps/rooms/8room_072.map	512	512	447	169	443	467	363.179
90	maps/rooms/8room_072.map	512	512	343	71	202	206	363.137
78	maps/rooms/8room_072.map	512	512	249	78	450	172	314.764
89	maps/rooms/8room_072.map	512	512	168	454	333	258	359.291
49	maps/rooms/8room_072.map	512	512	201	316	106	196	199.225
89	maps/rooms/8room_072.map	512	512	302	246	191	478	358.806
89	maps/rooms/8room_072.map	512	512	179	370	24	373	358.936
36	maps/rooms/8room_072.map	512	512	103	125	14	180	145.397
89	maps/rooms/8room_072.map	512	512	25	294	288	355	359.463
89	maps/rooms/8room_072.map	512	512	50	46	303	109	359.078
89	maps/rooms/8room_072.map	512	512	341	106	362	321	359.321
88	maps/rooms/8room_072.map	512	512	46	196	280	79	355.936
88	maps/rooms/8room_072.map	512	512	54	37	200	276	355.534
88	maps/rooms/8room_072.map	512	512	201	135	319	369	355.321
88	maps/rooms/8room_072.map	512	512	389	378	219	192	355.463
88	maps/rooms/8room_072.map	512	512	500	377	229	306	355.563
49	maps/rooms/8room_072.map	512	512	95	476	220	450	198.196
88	maps/rooms/8room_072.map	512	512	198	73	101	338	354.877
40	maps/rooms/8room_072.map	512	512	365	367	253	418	162.439
87	maps/rooms/8room_072.map	512	512	426	100	291	332	350.806
87	maps/rooms/8room_072.map	512	512	394	445	194	251	351.421
87	maps/rooms/8room_072.map	512	512	60	29	215	271	351.049
87	maps/rooms/8room_072.map	512	512	367	11	153	157	351.078
87	maps/rooms/8room_072.map	512	512	394	146	220	126	351.907
87	maps/rooms/8room_072.map	512	512	68	327	280	284	351.978
86	maps/rooms/8room_072.map	512	512	386	254	136	218	347.38
69	maps/rooms/8room_072.map	512	512	330	301	501	431	278.865
28	maps/rooms/8room_072.map	512	512	418	425	395	450	113.983
46	maps/rooms/8room_072.map	512	512	312	330	429	338	186.338
86	maps/rooms/8room_072.map	512	512	243	476	153	286	347.321
85	maps/rooms/8room_072.map	512	512	447	350	195	252	342.593
85	maps/rooms/8room_072.map	512	512	422	133	251	354	343.706
15	maps/rooms/8room_072.map	512	512	478	284	506	314	63.5563
50	maps/rooms/8room_072.map	512	512	418	219	269	205	200.397
38	maps/rooms/8room_072.map	512	512	293	312	396	318	153.569
48	maps/rooms/8room_072.map	512	512	206	152	317	95	192.225
24	maps/rooms/8room_072.map	512	512	442	397	392	341	96.7696
85	maps/rooms/8room_072.map	512	512	151	494	90	211	343.037
85	maps/rooms/8room_072.map	512	512	66	468	150	188	343.421
84	maps/rooms/8room_072.map	512	512	500	221	248	295	339.907
84	maps/rooms/8room_072.map	512	512	184	229	434	217	339.279
84	maps/rooms/8room_072.map	512	512	301	348	162	139	339.907
84	maps/rooms/8room_072.map	512	512	419	188	308	440	339.593
48	maps/rooms/8room_072.map	512	512	481	160	504	312	192.196
54	maps/rooms/8room_072.map	512	512	307	342	408	293	216.61
56	maps/rooms/8room_072.map	512	512	137	499	261	426	227.894
83	maps/rooms/8room_072.map	512	512	130	367	132	149	332.492
46	maps/rooms/8room_072.map	512	512	444	244	476	365	184.196
53	maps/rooms/8room_072.map	512	512	455	169	310	130	212.024
84	maps/rooms/8room_072.map	512	512	356	159	154	146	339.007
83	maps/rooms/8room_072.map	512	512	218	485	134	249	335.907
82	maps/rooms/8room_072.map	512	512	141	333	269	381	329.664
55	maps/rooms/8room_072.map	512	512	495	392	505	200	222.225
82	maps/rooms/8room_072.map	512	512	181	342	118	479	329.865
83	maps/rooms/8room_072.map	512	512	451	443	250	280	335.764
83	maps/rooms/8room_072.map	512	512	315	28	33	5	335.208
19	maps/rooms/8room_072.map	512	512	379	44	422	91	77.8406
83	maps/rooms/8room_072.map	512	512	490	383	236	277	335.078
82	maps/rooms/8room_072.map	512	512	344	84	330	270	331.907
82	maps/rooms/8room_072.map	512	512	419	435	146	379	331.309
82	maps/rooms/8room_072.map	512	512	298	6	62	121	331.492
65	maps/rooms/8room_072.map	512	512	425	503	451	290	261.894
22	maps/rooms/8room_072.map	512	512	302	296	359	249	90.669
64	maps/rooms/8room_072.map	512	512	301	378	361	185	256.622
66	maps/rooms/8room_072.map	512	512	405	361	210	466	266.693
81	maps/rooms/8room_072.map	512	512	406	76	146	28	327.622
54	maps/rooms/8room_072.map	512	512	314	407	184	333	217.338
81	maps/rooms/8room_072.map	512	512	125	22	59	275	326.907
71	maps/rooms/8room_072.map	512	512	181	377	373	286	287.108
81	maps/rooms/8room_072.map	512	512	78	4	192	249	327.25
19	maps/rooms/8room_072.map	512	512	47	380	45	309	78.4558
81	maps/rooms/8room_072.map	512	512	85	399	51	121	327.338
81	maps/rooms/8room_072.map	512	512	148	201	334	389	327.078
57	maps/rooms/8room_072.map	512	512	174	298	6	271	229.409
48	maps/rooms/8room_072.map	512	512	82	130	74	284	193.539
80	maps/rooms/8room_072.map	512	512	83	422	198	223	323.622
80	maps/rooms/8room_072.map	512	512	252	509	101	310	323.664
80	maps/rooms/8room_072.map	512	512	493	382	246	456	323.392
80	maps/rooms/8room_072.map	512	512	419	85	184	117	323.108
65	maps/rooms/8room_072.map	512	512	407	246	229	249	261.752
67	maps/rooms/8room_072.map	512	512	275	275	412	445	269.208
80	maps/rooms/8room_072.map	512	512	28	267	275	327	322.865
79	maps/rooms/8room_072.map	512	512	463	219	229	246	318.723
79	maps/rooms/8room_072.map	512	512	27	456	161	312	319.806
48	maps/rooms/8room_072.map	512	512	150	138	3	85	193.154
33	maps/rooms/8room_072.map	512	512	186	392	221	458	133.184
79	maps/rooms/8room_072.map	512	512	235	489	101	280	319.693
58	maps/rooms/8room_072.map	512	512	185	429	243	279	235.238
71	maps/rooms/8room_072.map	512	512	234	38	399	178	286.865
79	maps/rooms/8room_072.map	512	512	52	461	298	410	319.693
79	maps/rooms/8room_072.map	512	512	60	436	299	409	318.593
67	maps/rooms/8room_072.map	512	512	61	300	178	371	270.995
50	maps/rooms/8room_072.map	512	512	365	269	396	431	203.409
79	maps/rooms/8room_072.map	512	512	502	213	255	280	319.522
46	maps/rooms/8room_072.map	512	512	210	420	342	355	184.196
78	maps/rooms/8room_072.map	512	512	271	287	416	455	315.693
53	maps/rooms/8room_072.map	512	512	284	268	126	182	215.296
78	maps/rooms/8room_072.map	512	512	380	349	304	118	315.149
55	maps/rooms/8room_072.map	512	512	98	330	164	488	221.681
78	maps/rooms/8room_072.map	512	512	239	59	340	238	314.735
78	maps/rooms/8room_072.map	512	512	199	238	226	459	315.137
10	maps/rooms/8room_072.map	512	512	476	472	503	451	43.8995
27	maps/rooms/8room_072.map	512	512	393	217	477	215	111.598
62	maps/rooms/8room_072.map	512	512	377	392	163	390	248.368
54	maps/rooms/8room_072.map	512	512	111	92	189	254	219.823
77	maps/rooms/8room_072.map	512	512	105	421	329	389	311.907
65	maps/rooms/8room_072.map	512	512	174	199	248	14	261.309
77	maps/rooms/8room_072.map	512	512	159	446	293	317	311.936
66	maps/rooms/8room_072.map	512	512	347	378	505	468	264.995
77	maps/rooms/8room_072.map	512	512	408	310	176	222	311.48
65	maps/rooms/8room_072.map	512	512	71	93	115	285	262.551
76	maps/rooms/8room_072.map	512	512	194	467	104	254	307.551
76	maps/rooms/8room_072.map	512	512	51	127	242	280	307.137
65	maps/rooms/8room_072.map	512	512	29	338	146	303	261.723
76	maps/rooms/8room_072.map	512	512	470	84	326	278	306.593
15	maps/rooms/8room_072.map	512	512	479	411	438	395	62.4558
71	maps/rooms/8room_072.map	512	512	4	334	164	323	285.25
76	maps/rooms/8room_072.map	512	512	136	25	229	246	307.037
76	maps/rooms/8room_072.map	512	512	202	249	269	39	307.409
75	maps/rooms/8room_072.map	512	512	47	246	263	330	303.622
66	maps/rooms/8room_072.map	512	512	82	356	191	201	265.238
56	maps/rooms/8room_072.map	512	512	481	408	315	443	226.095
75	maps/rooms/8room_072.map	512	512	421	398	201	307	303.35
54	maps/rooms/8room_072.map	512	512	351	436	267	275	216.924
75	maps/rooms/8room_072.map	512	512	463	46	319	203	303.752
75	maps/rooms/8room_072.map	512	512	43	282	163	66	303.622
75	maps/rooms/8room_072.map	512	512	380	377	309	153	303.836
75	maps/rooms/8room_072.map	512	512	437	303	269	439	303.078
75	maps/rooms/8room_072.map	512	512	303	354	473	226	303.865
74	maps/rooms/8room_072.map	512	512	335	85	446	278	299.806
72	maps/rooms/8room_072.map	512	512	181	198	341	252	289.137
74	maps/rooms/8room_072.map	512	512	331	111	362	321	299.25
74	maps/rooms/8room_072.map	512	512	235	457	413	304	299.25
74	maps/rooms/8room_072.map	512	512	8	126	47	378	299.225
37	maps/rooms/8room_072.map	512	512	429	188	315	237	150.012
74	maps/rooms/8room_072.map	512	512	480	438	239	458	299.794
74	maps/rooms/8room_072.map	512	512	435	301	297	106	299.392
74	maps/rooms/8room_072.map	512	512	308	319	88	271	299.966
47	maps/rooms/8room_072.map	512	512	370	95	354	188	189.953
45	maps/rooms/8room_072.map	512	512	122	386	124	244	183.882
73	maps/rooms/8room_072.map	512	512	85	260	256	100	295.936
73	maps/rooms/8room_072.map	512	512	120	143	312	148	294.966
73	maps/rooms/8room_072.map	512	512	344	51	124	110	295.208
73	maps/rooms/8room_072.map	512	512	504	325	292	418	295.007
73	maps/rooms/8room_072.map	512	512	452	323	252	409	295.179
72	maps/rooms/8room_072.map	512	512	151	143	309	299	291.38
72	maps/rooms/8room_072.map	512	512	365	315	296	105	291.25
72	maps/rooms/8room_072.map	512	512	115	230	350	270	291.024
72	maps/rooms/8room_072.map	512	512	477	103	258	100	291.522
72	maps/rooms/8room_072.map	512	512	331	498	318	405	291.865
47	maps/rooms/8room_072.map	512	512	316	214	350	292	189.296
33	maps/rooms/8room_072.map	512	512	413	323	406	423	134.054
70	maps/rooms/8room_072.map	512	512	427	245	273	76	283.451
21	maps/rooms/8room_072.map	512	512	125	191	164	131	87.5269
50	maps/rooms/8room_072.map	512	512	426	373	285	341	201.61
70	maps/rooms/8room_072.map	512	512	88	484	109	254	283.309
35	maps/rooms/8room_072.map	512	512	129	218	65	120	143.255
41	maps/rooms/8room_072.map	512	512	119	244	184	115	167.681
69	maps/rooms/8room_072.map	512	512	194	50	111	213	279.764
69	maps/rooms/8room_072.map	512	512	439	158	264	39	279.723
68	maps/rooms/8room_072.map	512	512	73	466	282	430	275.894
37	maps/rooms/8room_072.map	512	512	92	379	29	302	148.569
68	maps/rooms/8room_072.map	512	512	482	44	290	92	275.095
25	maps/rooms/8room_072.map	512	512	213	15	249	95	102.184
68	maps/rooms/8room_072.map	512	512	482	439	312	306	275.693
68	maps/rooms/8room_072.map	512	512	56	424	151	217	275.522
68	maps/rooms/8room_072.map	512	512	18	155	209	270	275.723
68	maps/rooms/8room_072.map	512	512	276	379	133	218	275.924
67	maps/rooms/8room_072.map	512	512	423	495	261	460	271.652
67	maps/rooms/8room_072.map	512	512	393	409	235	273	271.238
67	maps/rooms/8room_072.map	512	512	344	359	499	467	268.622
66	maps/rooms/8room_072.map	512	512	114	382	204	306	267.907
21	maps/rooms/8room_072.map	512	512	171	146	135	118	87.1127
66	maps/rooms/8room_072.map	512	512	5	489	101	292	267.451
65	maps/rooms/8room_072.map	512	512	18	331	145	158	263.581
30	maps/rooms/8room_072.map	512	512	19	365	111	356	120.012
65	maps/rooms/8room_072.map	512	512	329	451	115	428	262.723
64	maps/rooms/8room_072.map	512	512	56	11	155	199	259.451
50	maps/rooms/8room_072.map	512	512	394	380	269	389	200.853
64	maps/rooms/8room_072.map	512	512	42	28	43	255	259.581
64	maps/rooms/8room_072.map	512	512	119	187	306	277	259.024
64	maps/rooms/8room_072.map	512	512	94	447	69	237	259.752
17	maps/rooms/8room_072.map	512	512	206	15	247	54	71.1127
37	maps/rooms/8room_072.map	512	512	510	293	503	430	148.184
63	maps/rooms/8room_072.map	512	512	510	386	302	404	255.137
63	maps/rooms/8room_072.map	512	512	93	27	290	51	254.924
63	maps/rooms/8room_072.map	512	512	438	229	438	439	255.238
57	maps/rooms/8room_072.map	512	512	175	438	201	374	229.581
63	maps/rooms/8room_072.map	512	512	100	471	101	277	255.066
60	maps/rooms/8room_072.map	512	512	325	390	265	255	240.095
63	maps/rooms/8room_072.map	512	512	226	119	99	277	255.652
63	maps/rooms/8room_072.map	512	512	404	190	260	328	255.238
63	maps/rooms/8room_072.map	512	512	99	204	271	88	255.238
62	maps/rooms/8room_072.map	512	512	425	67	208	23	251.995
56	maps/rooms/8room_072.map	512	512	261	350	156	232	225.368
62	maps/rooms/8room_072.map	512	512	277	413	143	278	250.966
53	maps/rooms/8room_072.map	512	512	422	307	277	285	215.953
62	maps/rooms/8room_072.map	512	512	292	204	446	276	251.723
62	maps/rooms/8room_072.map	512	512	60	342	31	158	251.225
62	maps/rooms/8room_072.map	512	512	498	227	378	98	251.995
62	maps/rooms/8room_072.map	512	512	236	20	201	226	250.782
61	maps/rooms/8room_072.map	512	512	430	264	485	455	247.48
61	maps/rooms/8room_072.map	512	512	252	316	398	179	247.451
38	maps/rooms/8room_072.map	512	512	105	114	203	189	152.154
58	maps/rooms/8room_072.map	512	512	445	444	356	275	235.723
61	maps/rooms/8room_072.map	512	512	510	85	373	215	246.966
61	maps/rooms/8room_072.map	512	512	389	317	196	253	247.267
61	maps/rooms/8room_072.map	512	512	88	181	271	279	247.853
61	maps/rooms/8room_072.map	512	512	232	334	383	203	247.38
7	maps/rooms/8room_072.map	512	512	82	242	111	247	31.8995
61	maps/rooms/8room_072.map	512	512	175	500	294	344	247.066
60	maps/rooms/8room_072.map	512	512	198	458	291	349	243.137
60	maps/rooms/8room_072.map	512	512	317	58	220	141	243.539
60	maps/rooms/8room_072.map	512	512	415	380	476	185	243.581
59	maps/rooms/8room_072.map	512	512	316	228	236	298	239.966
59	maps/rooms/8room_072.map	512	512	277	254	426	142	239.309
59	maps/rooms/8room_072.map	512	512	396	38	280	81	239.995
59	maps/rooms/8room_072.map	512	512	134	325	158	140	239.551
59	maps/rooms/8room_072.map	512	512	372	196	223	307	239.38
59	maps/rooms/8room_072.map	512	512	74	117	198	253	239.054
59	maps/rooms/8room_072.map	512	512	501	426	424	252	239.167
58	maps/rooms/8room_072.map	512	512	14	180	207	201	235.782
58	maps/rooms/8room_072.map	512	512	205	476	317	320	235.823
58	maps/rooms/8room_072.map	512	512	312	242	176	331	235.309
58	maps/rooms/8room_072.map	512	512	315	92	409	246	235.38
52	maps/rooms/8room_072.map	512	512	316	471	446	482	209.752
57	maps/rooms/8room_072.map	512	512	464	110	280	83	231.066
54	maps/rooms/8room_072.map	512	512	499	54	390	169	219.439
57	maps/rooms/8room_072.map	512	512	274	56	216	162	230.953
57	maps/rooms/8room_072.map	512	512	259	335	415	294	231.024
56	maps/rooms/8room_072.map	512	512	185	15	142	205	227.51
56	maps/rooms/8room_072.map	512	512	376	316	241	363	227.338
56	maps/rooms/8room_072.map	512	512	456	215	316	324	227.61
55	maps/rooms/8room_072.map	512	512	244	264	281	433	223.296
55	maps/rooms/8room_072.map	512	512	121	127	108	317	222.74
55	maps/rooms/8room_072.map	512	512	278	20	290	153	223.51
55	maps/rooms/8room_072.map	512	512	195	410	135	279	223.652
55	maps/rooms/8room_072.map	512	512	388	152	295	311	223.037
54	maps/rooms/8room_072.map	512	512	479	281	313	277	219.882
52	maps/rooms/8room_072.map	512	512	102	108	151	253	211.782
52	maps/rooms/8room_072.map	512	512	274	324	407	241	211.338
23	maps/rooms/8room_072.map	512	512	109	144	130	219	94.5269
52	maps/rooms/8room_072.map	512	512	416	388	300	290	211.622
52	maps/rooms/8room_072.map	512	512	476	424	354	311	211.066
52	maps/rooms/8room_072.map	512	512	106	479	223	461	211.752
52	maps/rooms/8room_072.map	512	512	458	242	307	277	211.924
51	maps/rooms/8room_072.map	512	512	430	108	363	236	206.924
51	maps/rooms/8room_072.map	512	512	102	323	153	162	207.681
51	maps/rooms/8room_072.map	512	512	147	45	206	193	207.61
51	maps/rooms/8room_072.map	512	512	483	141	414	78	207.296
35	maps/rooms/8room_072.map	512	512	280	251	347	172	143.539
51	maps/rooms/8room_072.map	512	512	13	478	107	329	206.823
21	maps/rooms/8room_072.map	512	512	453	143	459	149	84.7696
51	maps/rooms/8room_072.map	512	512	82	287	210	166	206.823
51	maps/rooms/8room_072.map	512	512	171	362	327	406	207.196
51	maps/rooms/8room_072.map	512	512	370	153	355	190	206.752
50	maps/rooms/8room_072.map	512	512	243	102	82	146	203.711
50	maps/rooms/8room_072.map	512	512	200	357	309	309	203.51
50	maps/rooms/8room_072.map	512	512	502	494	366	463	203.024
49	maps/rooms/8room_072.map	512	512	73	421	131	275	199.581
49	maps/rooms/8room_072.map	512	512	441	444	300	357	198.953
49	maps/rooms/8room_072.map	512	512	19	196	146	108	199.853
49	maps/rooms/8room_072.map	512	512	274	436	167	327	198.853
48	maps/rooms/8room_072.map	512	512	50	328	154	295	195.267
48	maps/rooms/8room_072.map	512	512	95	412	103	267	195.995
48	maps/rooms/8room_072.map	512	512	93	227	202	107	195.853
48	maps/rooms/8room_072.map	512	512	371	215	264	340	195.095
35	maps/rooms/8room_072.map	512	512	62	495	42	371	141.74
47	maps/rooms/8room_072.map	512	512	13	283	154	293	191.024
47	maps/rooms/8room_072.map	512	512	81	386	154	293	191.338
47	maps/rooms/8room_072.map	512	512	135	6	157	166	191.539
47	maps/rooms/8room_072.map	512	512	347	220	398	367	191.924
47	maps/rooms/8room_072.map	512	512	265	462	387	358	191.238
46	maps/rooms/8room_072.map	512	512	103	118	265	97	187.468
46	maps/rooms/8room_072.map	512	512	424	153	412	303	187.397
44	maps/rooms/8room_072.map	512	512	24	8	108	121	177.953
46	maps/rooms/8room_072.map	512	512	84	233	187	114	187.095
45	maps/rooms/8room_072.map	512	512	395	340	283	280	182.953
45	maps/rooms/8room_072.map	512	512	429	441	444	296	182.953
44	maps/rooms/8room_072.map	512	512	293	220	280	279	179.924
44	maps/rooms/8room_072.map	512	512	435	220	306	277	179.296
43	maps/rooms/8room_072.map	512	512	213	206	286	302	175.225
43	maps/rooms/8room_072.map	512	512	6	303	92	397	175.782
43	maps/rooms/8room_072.map	512	512	138	425	252	440	175.267
43	maps/rooms/8room_072.map	512	512	419	22	287	24	175.983
43	maps/rooms/8room_072.map	512	512	485	508	382	411	175.64
42	maps/rooms/8room_072.map	512	512	324	270	215	232	171.125
42	maps/rooms/8room_072.map	512	512	77	389	142	277	171.024
42	maps/rooms/8room_072.map	512	512	509	420	401	334	171.196
42	maps/rooms/8room_072.map	512	512	2	79	70	197	170.77
32	maps/rooms/8room_072.map	512	512	383	114	442	60	131.527
42	maps/rooms/8room_072.map	512	512	278	147	237	99	171.125
42	maps/rooms/8room_072.map	512	512	290	287	149	303	171.953
42	maps/rooms/8room_072.map	512	512	448	501	364	468	171.61
42	maps/rooms/8room_072.map	512	512	303	127	274	221	171.225
41	maps/rooms/8room_072.map	512	512	235	45	207	173	167.983
41	maps/rooms/8room_072.map	512	512	178	142	140	252	167.539
12	maps/rooms/8room_072.map	512	512	442	270	470	251	48.799
3	maps/rooms/8room_072.map	512	512	194	441	206	445	13.6569
41	maps/rooms/8room_072.map	512	512	183	7	153	147	167.882
41	maps/rooms/8room_072.map	512	512	475	479	366	466	167.296
41	maps/rooms/8room_072.map	512	512	361	489	386	412	167.681
40	maps/rooms/8room_072.map	512	512	82	220	202	261	162.983
40	maps/rooms/8room_072.map	512	512	365	459	228	458	163.154
40	maps/rooms/8room_072.map	512	512	363	358	249	316	163.196
40	maps/rooms/8room_072.map	512	512	146	188	178	54	163.882
40	maps/rooms/8room_072.map	512	512	22	112	89	227	163.497
13	maps/rooms/8room_072.map	512	512	490	303	499	333	54.9411
39	maps/rooms/8room_072.map	512	512	182	308	292	373	159.326
39	maps/rooms/8room_072.map	512	512	476	104	415	205	159.983
39	maps/rooms/8room_072.map	512	512	195	502	99	424	159.054
39	maps/rooms/8room_072.map	512	512	275	270	330	271	159.497
39	maps/rooms/8room_072.map	512	512	185	402	287	328	159.439
39	maps/rooms/8room_072.map	512	512	27	66	97	68	159.74
39	maps/rooms/8room_072.map	512	512	331	213	437	262	158.782
38	maps/rooms/8room_072.map	512	512	135	280	155	146	155.054
38	maps/rooms/8room_072.map	512	512	116	74	247	100	155.225
38	maps/rooms/8room_072.map	512	512	22	420	148	447	154.64
38	maps/rooms/8room_072.map	512	512	131	109	120	238	155.598
37	maps/rooms/8room_072.map	512	512	264	421	164	456	151.468
29	maps/rooms/8room_072.map	512	512	374	392	430	467	119.912
37	maps/rooms/8room_072.map	512	512	350	425	406	332	151.711
37	maps/rooms/8room_072.map	512	512	458	429	364	504	148.196
36	maps/rooms/8room_072.map	512	512	173	392	270	332	146.782
36	maps/rooms/8room_072.map	512	512	357	509	402	430	147.439
36	maps/rooms/8room_072.map	512	512	242	148	355	190	147.912
36	maps/rooms/8room_072.map	512	512	486	133	385	199	147.326
36	maps/rooms/8room_072.map	512	512	26	119	103	194	147.154
35	maps/rooms/8room_072.map	512	512	324	446	267	348	143.468
35	maps/rooms/8room_072.map	512	512	351	350	287	288	143.054
35	maps/rooms/8room_072.map	512	512	185	253	102	178	143.355
35	maps/rooms/8room_072.map	512	512	437	327	415	204	143.083
35	maps/rooms/8room_072.map	512	512	76	375	118	283	143.882
35	maps/rooms/8room_072.map	512	512	22	108	46	227	143.77
34	maps/rooms/8room_072.map	512	512	12	88	67	186	139.527
34	maps/rooms/8room_072.map	512	512	372	111	436	163	139.054
34	maps/rooms/8room_072.map	512	512	365	471	254	434	139.74
33	maps/rooms/8room_072.map	512	512	405	55	294	29	132.397
34	maps/rooms/8room_072.map	512	512	58	254	149	305	139.882
34	maps/rooms/8room_072.map	512	512	409	333	415	209	139.598
34	maps/rooms/8room_072.map	512	512	459	39	435	127	139.296
33	maps/rooms/8room_072.map	512	512	338	307	336	403	135.74
33	maps/rooms/8room_072.map	512	512	213	488	208	398	135.912
33	maps/rooms/8room_072.map	512	512	329	340	267	340	135.983
33	maps/rooms/8room_072.map	512	512	297	388	221	307	135.326
32	maps/rooms/8room_072.map	512	512	94	444	104	346	131.539
32	maps/rooms/8room_072.map	512	512	361	407	362	322	131.054
32	maps/rooms/8room_072.map	512	512	348	436	280	353	131.083
32	maps/rooms/8room_072.map	512	512	394	277	425	181	131.912
32	maps/rooms/8room_072.map	512	512	253	19	367	40	131.083
32	maps/rooms/8room_072.map	512	512	438	489	372	411	131.74
32	maps/rooms/8room_072.map	512	512	346	40	239	28	131.083
32	maps/rooms/8room_072.map	512	512	79	159	148	223	131.912
31	maps/rooms/8room_072.map	512	512	24	286	108	216	127.054
31	maps/rooms/8room_072.map	512	512	278	148	268	84	126.811
31	maps/rooms/8room_072.map	512	512	426	301	418	189	127.598
31	maps/rooms/8room_072.map	512	512	325	61	339	121	127.154
31	maps/rooms/8room_072.map	512	512	471	343	426	249	127.125
31	maps/rooms/8room_072.map	512	512	510	337	435	258	127.64
30	maps/rooms/8room_072.map	512	512	246	363	315	283	123.811
11	maps/rooms/8room_072.map	512	512	425	250	428	212	45.0416
30	maps/rooms/8room_072.map	512	512	264	413	253	318	123.983
30	maps/rooms/8room_072.map	512	512	462	88	362	118	123.054
29	maps/rooms/8room_072.map	512	512	213	148	149	219	118.74
29	maps/rooms/8room_072.map	512	512	143	347	150	283	119.225
29	maps/rooms/8room_072.map	512	512	84	55	92	135	119.74
29	maps/rooms/8room_072.map	512	512	251	295	149	304	119.669
29	maps/rooms/8room_072.map	512	512	444	260	365	194	119.225
29	maps/rooms/8room_072.map	512	512	85	189	183	225	119.355
29	maps/rooms/8room_072.map	512	512	427	355	428	247	119.77
28	maps/rooms/8room_072.map	512	512	476	140	472	237	115.426
28	maps/rooms/8room_072.map	512	512	216	10	303	54	115.184
28	maps/rooms/8room_072.map	512	512	282	239	364	199	115.497
27	maps/rooms/8room_072.map	512	512	39	239	121	281	111.941
27	maps/rooms/8room_072.map	512	512	87	11	173	9	111.941
27	maps/rooms/8room_072.map	512	512	261	385	341	371	111.598
27	maps/rooms/8room_072.map	512	512	83	2	85	87	111.083
27	maps/rooms/8room_072.map	512	512	510	325	439	258	111.64
27	maps/rooms/8room_072.map	512	512	307	205	363	229	111.012
26	maps/rooms/8room_072.map	512	512	499	158	417	189	107.184
26	maps/rooms/8room_072.map	512	512	338	473	249	459	107.184
26	maps/rooms/8room_072.map	512	512	478	441	396	415	107.598
26	maps/rooms/8room_072.map	512	512	483	452	440	375	107.841
26	maps/rooms/8room_072.map	512	512	307	486	383	439	107.811
26	maps/rooms/8room_072.map	512	512	325	427	274	355	107.184
26	maps/rooms/8room_072.map	512	512	359	282	334	366	107.326
25	maps/rooms/8room_072.map	512	512	435	335	390	325	102.983
25	maps/rooms/8room_072.map	512	512	463	218	432	170	103.042
25	maps/rooms/8room_072.map	512	512	67	100	42	185	103.698
25	maps/rooms/8room_072.map	512	512	111	95	128	185	103.284
24	maps/rooms/8room_072.map	512	512	269	157	308	220	99.7401
24	maps/rooms/8room_072.map	512	512	286	443	350	440	99.4264
24	maps/rooms/8room_072.map	512	512	148	29	222	21	99.2548
24	maps/rooms/8room_072.map	512	512	212	505	296	482	99.1838
24	maps/rooms/8room_072.map	512	512	42	123	119	115	99.1838
24	maps/rooms/8room_072.map	512	512	143	222	207	167	99.669
24	maps/rooms/8room_072.map	512	512	84	58	170	54	99.9411
24	maps/rooms/8room_072.map	512	512	423	233	362	248	99.2548
23	maps/rooms/8room_072.map	512	512	476	435	398	430	95.4264
23	maps/rooms/8room_072.map	512	512	237	77	283	84	94.8406
23	maps/rooms/8room_072.map	512	512	458	189	462	256	95.5269
23	maps/rooms/8room_072.map	512	512	409	504	412	434	95.9117
23	maps/rooms/8room_072.map	512	512	445	369	446	286	95.8406
23	maps/rooms/8room_072.map	512	512	381	360	362	279	95.8406
23	maps/rooms/8room_072.map	512	512	119	191	103	263	95.2132
21	maps/rooms/8room_072.map	512	512	397	438	456	455	85.9411
22	maps/rooms/8room_072.map	512	512	3	444	75	453	91.1838
22	maps/rooms/8room_072.map	512	512	219	506	222	476	91.4264
22	maps/rooms/8room_072.map	512	512	98	196	174	223	91.8701
22	maps/rooms/8room_072.map	512	512	213	138	179	199	91.9117
22	maps/rooms/8room_072.map	512	512	120	318	124	374	91.598
22	maps/rooms/8room_072.map	512	512	191	56	237	38	91.1543
22	maps/rooms/8room_072.map	512	512	89	194	141	158	91.4558
22	maps/rooms/8room_072.map	512	512	311	246	302	302	90.8406
22	maps/rooms/8room_072.map	512	512	198	328	263	287	91.3553
21	maps/rooms/8room_072.map	512	512	490	117	447	169	87.0416
21	maps/rooms/8room_072.map	512	512	36	450	77	389	87.598
21	maps/rooms/8room_072.map	512	512	485	18	503	83	87.6274
21	maps/rooms/8room_072.map	512	512	312	440	367	411	87.3553
20	maps/rooms/8room_072.map	512	512	15	239	82	228	83.0122
20	maps/rooms/8room_072.map	512	512	457	44	410	89	83.9411
20	maps/rooms/8room_072.map	512	512	38	222	105	219	83.8406
20	maps/rooms/8room_072.map	512	512	78	132	134	92	83.1127
20	maps/rooms/8room_072.map	512	512	243	25	181	51	83.2548
20	maps/rooms/8room_072.map	512	512	50	57	88	103	83.2548
20	maps/rooms/8room_072.map	512	512	30	231	6	170	83.7696
20	maps/rooms/8room_072.map	512	512	487	358	420	351	83.0122
20	maps/rooms/8room_072.map	512	512	332	413	343	337	83.3848
19	maps/rooms/8room_072.map	512	512	184	264	161	198	79.0416
19	maps/rooms/8room_072.map	512	512	498	308	446	285	79.5269
19	maps/rooms/8room_072.map	512	512	378	70	439	87	79.9411
19	maps/rooms/8room_072.map	512	512	152	398	218	401	79.8701
19	maps/rooms/8room_072.map	512	512	268	397	294	341	79.598
19	maps/rooms/8room_072.map	512	512	71	302	107	287	78.8995
19	maps/rooms/8room_072.map	512	512	382	111	316	107	79.799
19	maps/rooms/8room_072.map	512	512	319	179	302	116	79.4558
18	maps/rooms/8room_072.map	512	512	29	200	76	228	75.0833
18	maps/rooms/8room_072.map	512	512	94	196	149	223	75.1127
18	maps/rooms/8room_072.map	512	512	444	221	381	238	75.6985
18	maps/rooms/8room_072.map	512	512	78	143	127	107	75.0416
18	maps/rooms/8room_072.map	512	512	19	382	67	352	75.0711
18	maps/rooms/8room_072.map	512	512	309	140	280	80	75.5269
18	maps/rooms/8room_072.map	512	512	476	147	471	215	75.8701
18	maps/rooms/8room_072.map	512	512	104	266	121	205	75.5563
17	maps/rooms/8room_072.map	512	512	351	188	356	227	71.598
17	maps/rooms/8room_072.map	512	512	169	489	150	450	71.1127
17	maps/rooms/8room_072.map	512	512	290	486	280	432	71.9411
17	maps/rooms/8room_072.map	512	512	333	264	355	307	71.2843
17	maps/rooms/8room_072.map	512	512	6	279	37	319	71.3848
17	maps/rooms/8room_072.map	512	512	190	184	222	135	71.5269
16	maps/rooms/8room_072.map	512	512	440	83	432	143	67.2132
16	maps/rooms/8room_072.map	512	512	232	35	242	91	67.9411
16	maps/rooms/8room_072.map	512	512	407	249	366	242	66.6274
16	maps/rooms/8room_072.map	512	512	276	100	314	142	67.6985
16	maps/rooms/8room_072.map	512	512	475	447	414	437	67.6274
2	maps/rooms/8room_072.map	512	512	377	236	381	243	8.65685
16	maps/rooms/8room_072.map	512	512	15	104	31	153	67.2843
16	maps/rooms/8room_072.map	512	512	316	34	286	24	67.5563
15	maps/rooms/8room_072.map	512	512	271	419	219	397	63.4558
15	maps/rooms/8room_072.map	512	512	380	352	345	309	63.9411
15	maps/rooms/8room_072.map	512	512	283	191	312	149	63.0416
15	maps/rooms/8room_072.map	512	512	365	157	355	190	63.7696
15	maps/rooms/8room_072.map	512	512	490	141	474	178	63.3848
15	maps/rooms/8room_072.map	512	512	11	225	60	237	62.6985
15	maps/rooms/8room_072.map	512	512	428	9	407	61	63.5269
15	maps/rooms/8room_072.map	512	512	266	405	313	406	63.3553
14	maps/rooms/8room_072.map	512	512	265	431	289	390	59.0416
14	maps/rooms/8room_072.map	512	512	318	350	270	354	59.9411
14	maps/rooms/8room_072.map	512	512	133	147	93	125	58.9706
14	maps/rooms/8room_072.map	512	512	236	21	248	71	58.6274
14	maps/rooms/8room_072.map	512	512	18	191	61	182	59.3553
14	maps/rooms/8room_072.map	512	512	195	477	152	450	59.6985
14	maps/rooms/8room_072.map	512	512	300	21	248	29	59.4558
14	maps/rooms/8room_072.map	512	512	492	461	508	416	59.9706
13	maps/rooms/8room_072.map	512	512	77	147	103	168	55.6274
13	maps/rooms/8room_072.map	512	512	219	476	261	460	55.799
13	maps/rooms/8room_072.map	512	512	479	200	459	230	55.1127
13	maps/rooms/8room_072.map	512	512	318	200	311	149	55.5563
13	maps/rooms/8room_072.map	512	512	462	361	451	335	55.0416
13	maps/rooms/8room_072.map	512	512	259	6	234	31	55.1127
13	maps/rooms/8room_072.map	512	512	226	386	270	374	54.6274
12	maps/rooms/8room_072.map	512	512	252	478	209	494	51.9706
12	maps/rooms/8room_072.map	512	512	459	237	420	217	51.9706
12	maps/rooms/8room_072.map	512	512	145	460	114	425	51.3553
12	maps/rooms/8room_072.map	512	512	334	259	304	293	51.6985
12	maps/rooms/8room_072.map	512	512	143	51	159	91	51.799
12	maps/rooms/8room_072.map	512	512	118	407	143	444	50.8701
12	maps/rooms/8room_072.map	512	512	227	276	276	279	51.0711
12	maps/rooms/8room_072.map	512	512	405	286	388	310	50.8995
11	maps/rooms/8room_072.map	512	512	196	162	158	177	47.1421
11	maps/rooms/8room_072.map	512	512	494	310	465	283	47.2132
11	maps/rooms/8room_072.map	512	512	179	373	210	398	46.6274
11	maps/rooms/8room_072.map	512	512	276	190	320	185	47.7279
11	maps/rooms/8room_072.map	512	512	191	422	185	381	47.4853
11	maps/rooms/8room_072.map	512	512	79	79	56	109	47.7279
11	maps/rooms/8room_072.map	512	512	245	93	274	77	47.6274
10	maps/rooms/8room_072.map	512	512	40	87	51	114	43.8995
10	maps/rooms/8room_072.map	512	512	425	362	402	362	43.1421
10	maps/rooms/8room_072.map	512	512	327	202	310	176	43.3848
10	maps/rooms/8room_072.map	512	512	172	3	209	13	43.6274
10	maps/rooms/8room_072.map	512	512	194	45	165	63	43.2843
10	maps/rooms/8room_072.map	512	512	55	267	95	271	43.3137
10	maps/rooms/8room_072.map	512	512	405	323	384	313	43.6274
10	maps/rooms/8room_072.map	512	512	211	34	179	53	42.799
9	maps/rooms/8room_072.map	512	512	137	68	159	94	39.799
9	maps/rooms/8room_072.map	512	512	40	348	37	310	39.2426
9	maps/rooms/8room_072.map	512	512	266	42	234	31	39.3848
9	maps/rooms/8room_072.map	512	512	152	375	183	379	39.0416
9	maps/rooms/8room_072.map	512	512	400	428	373	411	39.8995
9	maps/rooms/8room_072.map	512	512	153	428	146	445	38.9706
9	maps/rooms/8room_072.map	512	512	399	66	417	95	39.3848
9	maps/rooms/8room_072.map	512	512	277	41	306	54	39.6569
9	maps/rooms/8room_072.map	512	512	59	341	60	331	39.1421
8	maps/rooms/8room_072.map	512	512	430	185	401	197	35.1421
8	maps/rooms/8room_072.map	512	512	67	511	91	491	34.6274
8	maps/rooms/8room_072.map	512	512	504	281	469	279	35.8284
8	maps/rooms/8room_072.map	512	512	28	84	37	113	35.0711
8	maps/rooms/8room_072.map	512	512	371	364	372	336	35.0416
8	maps/rooms/8room_072.map	512	512	122	131	130	162	35.4853
8	maps/rooms/8room_072.map	512	512	420	502	424	469	35.4853
8	maps/rooms/8room_072.map	512	512	239	78	242	53	34.6274
8	maps/rooms/8room_072.map	512	512	195	61	219	41	34.6274
8	maps/rooms/8room_072.map	512	512	143	34	121	57	35.6274
7	maps/rooms/8room_072.map	512	512	107	354	115	352	31.8995
7	maps/rooms/8room_072.map	512	512	408	206	383	199	31.3137
7	maps/rooms/8room_072.map	512	512	124	457	141	442	31.6569
7	maps/rooms/8room_072.map	512	512	185	278	212	271	31.0711
7	maps/rooms/8room_072.map	512	512	469	423	462	447	31.1421
7	maps/rooms/8room_072.map	512	512	187	389	186	361	31.4853
7	maps/rooms/8room_072.map	512	512	102	283	130	275	31.3137
7	maps/rooms/8room_072.map	512	512	135	431	154	451	31.3848
7	maps/rooms/8room_072.map	512	512	453	452	434	439	30.6274
6	maps/rooms/8room_072.map	512	512	311	259	331	272	27.7279
6	maps/rooms/8room_072.map	512	512	136	169	131	144	27.0711
6	maps/rooms/8room_072.map	512	512	158	266	141	276	26.8995
6	maps/rooms/8room_072.map	512	512	356	73	372	91	26.9706
6	maps/rooms/8room_072.map	512	512	503	366	480	359	27.0711
6	maps/rooms/8room_072.map	512	512	379	250	386	228	27.2426
6	maps/rooms/8room_072.map	512	512	212	55	210	77	27.799
6	maps/rooms/8room_072.map	512	512	414	475	424	456	27.8284
6	maps/rooms/8room_072.map	512	512	172	217	183	236	27.0711
5	maps/rooms/8room_072.map	512	512	0	496	20	488	23.3137
5	maps/rooms/8room_072.map	512	512	44	346	37	325	23.8995
5	maps/rooms/8room_072.map	512	512	166	223	183	230	23.4142
5	maps/rooms/8room_072.map	512	512	53	248	74	254	23.4853
5	maps/rooms/8room_072.map	512	512	263	383	248	398	23.5563
5	maps/rooms/8room_072.map	512	512	27	360	40	346	23.4853
5	maps/rooms/8room_072.map	512	512	423	392	437	389	23.7279
5	maps/rooms/8room_072.map	512	512	283	354	267	340	22.9706
5	maps/rooms/8room_072.map	512	512	131	354	150	358	23.9706
5	maps/rooms/8room_072.map	512	512	60	473	77	459	23.9706
4	maps/rooms/8room_072.map	512	512	327	20	309	21	19.2426
4	maps/rooms/8room_072.map	512	512	253	414	270	408	19.4853
4	maps/rooms/8room_072.map	512	512	282	155	290	145	19.4142
4	maps/rooms/8room_072.map	512	512	190	73	181	84	19.3137
4	maps/rooms/8room_072.map	512	512	339	106	357	110	19.6569
4	maps/rooms/8room_072.map	512	512	489	499	475	490	18.8995
4	maps/rooms/8room_072.map	512	512	202	420	210	410	18.8284
4	maps/rooms/8room_072.map	512	512	471	203	475	220	18.6569
4	maps/rooms/8room_072.map	512	512	281	330	291	319	19.2426
4	maps/rooms/8room_072.map	512	512	167	102	167	83	19
3	maps/rooms/8room_072.map	512	512	453	155	449	169	15.6569
3	maps/rooms/8room_072.map	512	512	220	374	217	388	15.2426
3	maps/rooms/8room_072.map	512	512	350	126	337	121	15.0711
3	maps/rooms/8room_072.map	512	512	444	422	441	410	14.8995
3	maps/rooms/8room_072.map	512	512	495	421	493	406	15.8284
3	maps/rooms/8room_072.map	512	512	437	297	437	312	15
3	maps/rooms/8room_072.map	512	512	58	4	55	18	15.2426
3	maps/rooms/8room_072.map	512	512	2	189	15	183	15.4853
3	maps/rooms/8room_072.map	512	512	123	312	134	305	15.0711
2	maps/rooms/8room_072.map	512	512	89	133	98	137	10.6569
2	maps/rooms/8room_072.map	512	512	285	234	285	245	11
2	maps/rooms/8room_072.map	512	512	439	507	440	496	11.4142
2	maps/rooms/8room_072.map	512	512	265	213	274	217	11.8284
2	maps/rooms/8room_072.map	512	512	111	431	111	420	11
2	maps/rooms/8room_072.map	512	512	407	249	405	238	11.8284
2	maps/rooms/8room_072.map	512	512	470	297	466	287	11.6569
2	maps/rooms/8room_072.map	512	512	444	2	444	13	11
2	maps/rooms/8room_072.map	512	512	34	402	41	393	11.8995
1	maps/rooms/8room_072.map	512	512	156	373	159	379	7.24264
1	maps/rooms/8room_072.map	512	512	399	215	392	215	7
1	maps/rooms/8room_072.map	512	512	63	239	70	238	7.41421
1	maps/rooms/8room_072.map	512	512	39	92	42	98	7.24264
1	maps/rooms/8room_072.map	512	512	60	453	62	446	7.82843
1	maps/rooms/8room_072.map	512	512	114	317	111	312	7.41421
1	maps/rooms/8room_072.map	512	512	387	62	386	68	7.24264
1	maps/rooms/8room_072.map	512	512	474	37	474	44	7
1	maps/rooms/8room_072.map	512	512	373	498	380	498	7
1	maps/rooms/8room_072.map	512	512	268	438	262	440	6.82843
0	maps/rooms/8room_072.map	512	512	419	231	418	228	3.41421
0	maps/rooms/8room_072.map	512	512	271	228	271	231	3
0	maps/rooms/8room_072.map	512	512	249	377	248	380	3.41421
0	maps/rooms/8room_072.map	512	512	184	373	185	370	3.41421
0	maps/rooms/8room_072.map	512	512	114	171	111	171	3
0	maps/rooms/8room_072.map	512	512	154	506	156	504	2.82843
0	maps/rooms/8room_072.map	512	512	388	58	386	55	3.82843
0	maps/rooms/8room_072.map	512	512	502	207	505	207	3
0	maps/rooms/8room_072.map	512	512	178	27	180	29	2.82843
0	maps/rooms/8room_072.map	512	512	191	171	190	174	3.41421
