version 1
89	maps/rooms/8room_031.map	512	512	124	343	330	199	357.622
114	maps/rooms/8room_031.map	512	512	410	172	63	263	456.836
87	maps/rooms/8room_031.map	512	512	153	204	364	397	348.635
111	maps/rooms/8room_031.map	512	512	15	199	330	187	445.09
47	maps/rooms/8room_031.map	512	512	258	339	260	227	188.669
127	maps/rooms/8room_031.map	512	512	39	68	168	443	510.718
65	maps/rooms/8room_031.map	512	512	254	251	479	243	261.953
117	maps/rooms/8room_031.map	512	512	37	98	249	335	470.404
101	maps/rooms/8room_031.map	512	512	126	123	285	387	407.392
119	maps/rooms/8room_031.map	512	512	379	403	5	498	476.948
110	maps/rooms/8room_031.map	512	512	402	450	459	109	440.392
71	maps/rooms/8room_031.map	512	512	23	362	232	317	285.924
24	maps/rooms/8room_031.map	512	512	461	138	435	63	99.1838
11	maps/rooms/8room_031.map	512	512	367	488	359	450	46.9706
56	maps/rooms/8room_031.map	512	512	178	206	111	38	227.066
127	maps/rooms/8room_031.map	512	512	13	236	442	281	511.262
96	maps/rooms/8room_031.map	512	512	468	36	190	37	385.492
91	maps/rooms/8room_031.map	512	512	21	435	306	408	364.291
92	maps/rooms/8room_031.map	512	512	59	84	206	239	371.463
127	maps/rooms/8room_031.map	512	512	407	466	140	160	511.517
107	maps/rooms/8room_031.map	512	512	370	84	347	421	429.078
45	maps/rooms/8room_031.map	512	512	415	151	484	20	183.681
10	maps/rooms/8room_031.map	512	512	230	356	211	334	41.9706
66	maps/rooms/8room_031.map	512	512	261	208	488	247	266.225
127	maps/rooms/8room_031.map	512	512	95	232	386	475	511.203
46	maps/rooms/8room_031.map	512	512	246	75	398	99	186.853
85	maps/rooms/8room_031.map	512	512	167	415	76	169	340.019
99	maps/rooms/8room_031.map	512	512	477	232	227	437	399.978
123	maps/rooms/8room_031.map	512	512	148	374	30	42	495.546
76	maps/rooms/8room_031.map	512	512	233	78	435	207	305.551
127	maps/rooms/8room_031.map	512	512	309	493	250	92	511.889
81	maps/rooms/8room_031.map	512	512	71	104	213	314	326.593
104	maps/rooms/8room_031.map	512	512	466	210	236	18	416.735
110	maps/rooms/8room_031.map	512	512	346	256	96	25	442.019
93	maps/rooms/8room_031.map	512	512	314	143	101	293	373.35
98	maps/rooms/8room_031.map	512	512	50	201	388	210	394.037
108	maps/rooms/8room_031.map	512	512	507	229	130	228	435.037
109	maps/rooms/8room_031.map	512	512	212	50	7	351	438.919
59	maps/rooms/8room_031.map	512	512	426	86	237	72	238.581
62	maps/rooms/8room_031.map	512	512	212	356	82	317	248.137
127	maps/rooms/8room_031.map	512	512	36	486	325	183	511.404
107	maps/rooms/8room_031.map	512	512	456	299	98	205	431.22
69	maps/rooms/8room_031.map	512	512	476	412	281	409	278.794
31	maps/rooms/8room_031.map	512	512	130	476	120	378	126.024
77	maps/rooms/8room_031.map	512	512	298	180	269	394	310.823
102	maps/rooms/8room_031.map	512	512	93	411	108	68	408.149
91	maps/rooms/8room_031.map	512	512	333	91	336	389	366.522
30	maps/rooms/8room_031.map	512	512	12	169	98	155	120.426
43	maps/rooms/8room_031.map	512	512	52	364	93	235	172.468
64	maps/rooms/8room_031.map	512	512	259	461	163	369	258.167
39	maps/rooms/8room_031.map	512	512	37	207	93	81	157.397
127	maps/rooms/8room_031.map	512	512	312	152	44	474	511.647
21	maps/rooms/8room_031.map	512	512	403	254	409	293	86.3553
25	maps/rooms/8room_031.map	512	512	457	98	466	188	103.184
127	maps/rooms/8room_031.map	512	512	316	300	54	100	511.848
127	maps/rooms/8room_031.map	512	512	437	356	43	186	511.848
115	maps/rooms/8room_031.map	512	512	136	276	443	335	461.12
87	maps/rooms/8room_031.map	512	512	182	233	429	142	349.823
126	maps/rooms/8room_031.map	512	512	450	8	153	175	504.333
70	maps/rooms/8room_031.map	512	512	308	57	274	197	283.38
35	maps/rooms/8room_031.map	512	512	430	263	350	187	141.74
127	maps/rooms/8room_031.map	512	512	168	63	383	393	511.375
125	maps/rooms/8room_031.map	512	512	56	110	237	355	502.475
101	maps/rooms/8room_031.map	512	512	356	76	142	232	406.049
119	maps/rooms/8room_031.map	512	512	164	88	42	474	479.563
97	maps/rooms/8room_031.map	512	512	70	24	155	295	388.978
90	maps/rooms/8room_031.map	512	512	108	75	348	194	360.321
69	maps/rooms/8room_031.map	512	512	323	381	504	278	279.581
69	maps/rooms/8room_031.map	512	512	59	376	152	172	276.581
44	maps/rooms/8room_031.map	512	512	132	243	107	170	179.296
126	maps/rooms/8room_031.map	512	512	408	505	55	299	507.09
126	maps/rooms/8room_031.map	512	512	398	361	239	5	506.747
102	maps/rooms/8room_031.map	512	512	394	180	74	227	408.38
19	maps/rooms/8room_031.map	512	512	357	422	335	370	77.6985
72	maps/rooms/8room_031.map	512	512	203	44	290	236	290.38
61	maps/rooms/8room_031.map	512	512	236	191	424	172	244.196
99	maps/rooms/8room_031.map	512	512	121	14	420	107	399.421
84	maps/rooms/8room_031.map	512	512	490	339	234	301	337.664
110	maps/rooms/8room_031.map	512	512	177	263	488	90	442.149
39	maps/rooms/8room_031.map	512	512	413	207	363	303	156.912
125	maps/rooms/8room_031.map	512	512	62	498	206	139	502.706
126	maps/rooms/8room_031.map	512	512	89	418	455	282	507.505
126	maps/rooms/8room_031.map	512	512	20	455	402	339	507.304
108	maps/rooms/8room_031.map	512	512	482	23	265	280	434.291
117	maps/rooms/8room_031.map	512	512	190	499	244	184	468.061
126	maps/rooms/8room_031.map	512	512	84	188	451	64	507.291
77	maps/rooms/8room_031.map	512	512	45	243	221	347	308.836
57	maps/rooms/8room_031.map	512	512	98	204	14	367	231.894
81	maps/rooms/8room_031.map	512	512	229	91	499	151	327.723
24	maps/rooms/8room_031.map	512	512	307	324	277	248	98.2843
113	maps/rooms/8room_031.map	512	512	109	356	428	282	452.12
126	maps/rooms/8room_031.map	512	512	28	72	344	255	507.818
126	maps/rooms/8room_031.map	512	512	469	427	151	186	507.818
84	maps/rooms/8room_031.map	512	512	391	94	325	333	337.794
126	maps/rooms/8room_031.map	512	512	119	125	500	30	507.948
47	maps/rooms/8room_031.map	512	512	137	73	291	109	191.439
126	maps/rooms/8room_031.map	512	512	216	475	364	121	507.848
116	maps/rooms/8room_031.map	512	512	34	355	206	14	466.605
125	maps/rooms/8room_031.map	512	512	447	198	160	476	503.09
125	maps/rooms/8room_031.map	512	512	90	3	307	318	503.789
125	maps/rooms/8room_031.map	512	512	101	174	441	370	503.747
59	maps/rooms/8room_031.map	512	512	66	240	263	244	236.924
74	maps/rooms/8room_031.map	512	512	315	394	102	378	298.723
82	maps/rooms/8room_031.map	512	512	353	114	207	331	331.492
75	maps/rooms/8room_031.map	512	512	61	102	172	205	300.309
125	maps/rooms/8room_031.map	512	512	105	30	410	295	503.404
35	maps/rooms/8room_031.map	512	512	189	137	200	172	142.711
92	maps/rooms/8room_031.map	512	512	382	505	66	458	371.35
76	maps/rooms/8room_031.map	512	512	28	489	10	232	307.451
106	maps/rooms/8room_031.map	512	512	140	22	491	118	427.836
47	maps/rooms/8room_031.map	512	512	184	228	198	147	188.681
108	maps/rooms/8room_031.map	512	512	91	220	412	93	434.735
106	maps/rooms/8room_031.map	512	512	132	108	463	189	426.049
52	maps/rooms/8room_031.map	512	512	198	175	168	61	209.823
60	maps/rooms/8room_031.map	512	512	486	179	297	178	241.397
117	maps/rooms/8room_031.map	512	512	73	421	62	62	468.434
90	maps/rooms/8room_031.map	512	512	152	440	417	419	363.179
94	maps/rooms/8room_031.map	512	512	198	237	492	301	376.108
125	maps/rooms/8room_031.map	512	512	22	507	30	84	502.848
92	maps/rooms/8room_031.map	512	512	45	508	196	339	369.078
125	maps/rooms/8room_031.map	512	512	348	509	140	162	503.333
125	maps/rooms/8room_031.map	512	512	158	483	225	152	503.588
69	maps/rooms/8room_031.map	512	512	297	363	223	503	279.581
117	maps/rooms/8room_031.map	512	512	326	108	326	458	471.806
121	maps/rooms/8room_031.map	512	512	83	92	358	384	487.032
125	maps/rooms/8room_031.map	512	512	404	477	43	327	503.132
118	maps/rooms/8room_031.map	512	512	373	12	161	312	472.576
114	maps/rooms/8room_031.map	512	512	301	373	438	73	457.09
124	maps/rooms/8room_031.map	512	512	468	378	91	195	499.019
41	maps/rooms/8room_031.map	512	512	391	364	316	261	167.296
93	maps/rooms/8room_031.map	512	512	371	323	489	44	372.563
83	maps/rooms/8room_031.map	512	512	500	462	306	272	332.978
124	maps/rooms/8room_031.map	512	512	427	61	100	242	499.061
38	maps/rooms/8room_031.map	512	512	84	291	135	188	153.497
52	maps/rooms/8room_031.map	512	512	317	13	439	56	208.338
94	maps/rooms/8room_031.map	512	512	75	82	265	285	378.22
124	maps/rooms/8room_031.map	512	512	412	418	259	90	499.333
24	maps/rooms/8room_031.map	512	512	371	2	307	51	98.3553
10	maps/rooms/8room_031.map	512	512	280	140	302	109	42.4558
124	maps/rooms/8room_031.map	512	512	236	444	284	88	498.191
124	maps/rooms/8room_031.map	512	512	503	398	178	150	499.333
60	maps/rooms/8room_031.map	512	512	102	133	233	260	241.238
104	maps/rooms/8room_031.map	512	512	79	8	3	45	417.149
124	maps/rooms/8room_031.map	512	512	488	89	502	493	498.818
49	maps/rooms/8room_031.map	512	512	187	256	66	330	199.024
118	maps/rooms/8room_031.map	512	512	68	68	410	40	474.191
124	maps/rooms/8room_031.map	512	512	5	229	408	293	499.576
34	maps/rooms/8room_031.map	512	512	344	374	253	357	137.154
58	maps/rooms/8room_031.map	512	512	454	130	315	242	235.61
124	maps/rooms/8room_031.map	512	512	57	252	441	366	499.505
124	maps/rooms/8room_031.map	512	512	382	504	374	101	498.948
79	maps/rooms/8room_031.map	512	512	273	302	45	253	316.179
95	maps/rooms/8room_031.map	512	512	278	362	78	501	382.279
116	maps/rooms/8room_031.map	512	512	460	75	450	442	466.262
74	maps/rooms/8room_031.map	512	512	474	36	483	294	297.51
124	maps/rooms/8room_031.map	512	512	149	238	424	472	499.517
45	maps/rooms/8room_031.map	512	512	198	221	52	215	182.024
58	maps/rooms/8room_031.map	512	512	15	260	175	371	235.309
86	maps/rooms/8room_031.map	512	512	173	355	311	229	347.38
123	maps/rooms/8room_031.map	512	512	390	45	116	337	495.505
123	maps/rooms/8room_031.map	512	512	462	388	191	99	495.245
96	maps/rooms/8room_031.map	512	512	129	415	141	113	384.978
123	maps/rooms/8room_031.map	512	512	258	469	23	180	494.818
27	maps/rooms/8room_031.map	512	512	404	344	463	277	110.326
82	maps/rooms/8room_031.map	512	512	476	218	237	86	329.894
50	maps/rooms/8room_031.map	512	512	238	120	380	84	203.338
88	maps/rooms/8room_031.map	512	512	106	336	356	211	352.723
123	maps/rooms/8room_031.map	512	512	57	199	395	421	494.86
76	maps/rooms/8room_031.map	512	512	437	351	255	186	304.279
96	maps/rooms/8room_031.map	512	512	264	479	484	274	386.605
48	maps/rooms/8room_031.map	512	512	446	235	387	388	195.296
56	maps/rooms/8room_031.map	512	512	494	89	357	205	224.037
123	maps/rooms/8room_031.map	512	512	51	63	82	452	495.019
123	maps/rooms/8room_031.map	512	512	482	172	114	342	495.664
91	maps/rooms/8room_031.map	512	512	120	184	197	418	366.806
73	maps/rooms/8room_031.map	512	512	356	3	279	218	295.137
115	maps/rooms/8room_031.map	512	512	316	330	72	59	461.233
123	maps/rooms/8room_031.map	512	512	60	163	411	338	495.505
58	maps/rooms/8room_031.map	512	512	308	372	431	505	235.338
123	maps/rooms/8room_031.map	512	512	408	76	119	340	494.848
123	maps/rooms/8room_031.map	512	512	343	99	58	399	495.517
25	maps/rooms/8room_031.map	512	512	307	400	378	412	101.426
122	maps/rooms/8room_031.map	512	512	45	87	334	249	491.434
61	maps/rooms/8room_031.map	512	512	410	57	422	239	246.894
28	maps/rooms/8room_031.map	512	512	258	116	212	54	115.012
82	maps/rooms/8room_031.map	512	512	52	260	303	293	328.007
54	maps/rooms/8room_031.map	512	512	476	236	284	204	219.74
119	maps/rooms/8room_031.map	512	512	295	40	104	323	478.676
62	maps/rooms/8room_031.map	512	512	387	227	329	409	251.338
112	maps/rooms/8room_031.map	512	512	102	116	462	222	450.593
99	maps/rooms/8room_031.map	512	512	35	282	366	229	399.723
99	maps/rooms/8room_031.map	512	512	405	134	438	444	396.806
122	maps/rooms/8room_031.map	512	512	493	218	166	441	491.019
122	maps/rooms/8room_031.map	512	512	37	437	405	339	491.304
55	maps/rooms/8room_031.map	512	512	410	203	347	77	223.024
122	maps/rooms/8room_031.map	512	512	360	56	476	440	491.747
49	maps/rooms/8room_031.map	512	512	354	412	316	301	196.095
122	maps/rooms/8room_031.map	512	512	152	86	373	394	491.032
103	maps/rooms/8room_031.map	512	512	278	184	314	499	413.635
42	maps/rooms/8room_031.map	512	512	164	40	174	142	169.539
122	maps/rooms/8room_031.map	512	512	413	435	95	277	491.103
69	maps/rooms/8room_031.map	512	512	231	503	324	298	279.581
27	maps/rooms/8room_031.map	512	512	511	107	436	158	109.983
27	maps/rooms/8room_031.map	512	512	173	56	93	30	109.698
122	maps/rooms/8room_031.map	512	512	46	253	420	322	491.09
89	maps/rooms/8room_031.map	512	512	143	51	399	170	359.936
78	maps/rooms/8room_031.map	512	512	276	103	484	22	313.208
98	maps/rooms/8room_031.map	512	512	98	466	174	184	393.078
118	maps/rooms/8room_031.map	512	512	499	499	205	322	473.174
64	maps/rooms/8room_031.map	512	512	131	398	222	389	258.853
92	maps/rooms/8room_031.map	512	512	180	491	474	454	371.551
55	maps/rooms/8room_031.map	512	512	436	397	312	289	220.409
74	maps/rooms/8room_031.map	512	512	424	275	406	63	298.35
44	maps/rooms/8room_031.map	512	512	47	206	104	70	179.125
47	maps/rooms/8room_031.map	512	512	254	367	132	314	190.095
14	maps/rooms/8room_031.map	512	512	395	100	379	128	58.8701
33	maps/rooms/8room_031.map	512	512	409	286	481	358	133.841
121	maps/rooms/8room_031.map	512	512	71	389	418	206	484.735
110	maps/rooms/8room_031.map	512	512	207	28	84	343	443.262
122	maps/rooms/8room_031.map	512	512	438	511	164	223	490.617
110	maps/rooms/8room_031.map	512	512	154	151	505	77	441.693
70	maps/rooms/8room_031.map	512	512	110	262	200	103	281.167
117	maps/rooms/8room_031.map	512	512	422	423	330	103	469.404
93	maps/rooms/8room_031.map	512	512	29	491	215	248	372.605
45	maps/rooms/8room_031.map	512	512	132	438	39	310	181.167
97	maps/rooms/8room_031.map	512	512	52	251	319	366	390.09
112	maps/rooms/8room_031.map	512	512	367	142	426	415	449.99
109	maps/rooms/8room_031.map	512	512	309	479	452	136	438.777
91	maps/rooms/8room_031.map	512	512	133	205	171	418	367.007
14	maps/rooms/8room_031.map	512	512	354	218	345	173	57.2132
99	maps/rooms/8room_031.map	512	512	302	301	293	60	397.421
55	maps/rooms/8room_031.map	512	512	217	419	315	317	221.539
18	maps/rooms/8room_031.map	512	512	116	12	102	76	72.1421
99	maps/rooms/8room_031.map	512	512	109	419	356	294	397.321
122	maps/rooms/8room_031.map	512	512	456	422	360	42	491.99
122	maps/rooms/8room_031.map	512	512	365	118	55	383	490.647
34	maps/rooms/8room_031.map	512	512	249	8	155	60	139.154
121	maps/rooms/8room_031.map	512	512	456	163	67	291	487.149
116	maps/rooms/8room_031.map	512	512	197	115	300	430	465.12
70	maps/rooms/8room_031.map	512	512	284	228	89	141	282.35
121	maps/rooms/8room_031.map	512	512	282	507	365	127	487.635
54	maps/rooms/8room_031.map	512	512	237	455	396	477	216.296
51	maps/rooms/8room_031.map	512	512	294	102	139	138	205.995
121	maps/rooms/8room_031.map	512	512	351	42	477	401	487.233
80	maps/rooms/8room_031.map	512	512	250	84	370	307	323.752
35	maps/rooms/8room_031.map	512	512	233	366	173	261	142.397
95	maps/rooms/8room_031.map	512	512	413	66	383	385	381.936
69	maps/rooms/8room_031.map	512	512	162	460	25	272	276.522
35	maps/rooms/8room_031.map	512	512	263	54	135	77	141.184
86	maps/rooms/8room_031.map	512	512	505	117	359	365	346.108
72	maps/rooms/8room_031.map	512	512	461	270	360	475	289.137
68	maps/rooms/8room_031.map	512	512	447	23	394	234	275.522
67	maps/rooms/8room_031.map	512	512	364	101	245	279	268.439
121	maps/rooms/8room_031.map	512	512	489	197	66	200	487.321
40	maps/rooms/8room_031.map	512	512	5	327	72	215	163.468
111	maps/rooms/8room_031.map	512	512	4	253	263	424	444.818
76	maps/rooms/8room_031.map	512	512	139	390	287	322	307.522
114	maps/rooms/8room_031.map	512	512	473	458	229	196	458.818
121	maps/rooms/8room_031.map	512	512	302	105	421	456	487.688
78	maps/rooms/8room_031.map	512	512	378	284	252	501	315.936
29	maps/rooms/8room_031.map	512	512	31	249	111	188	119.326
56	maps/rooms/8room_031.map	512	512	116	60	45	139	224.409
121	maps/rooms/8room_031.map	512	512	503	410	146	291	487.848
121	maps/rooms/8room_031.map	512	512	154	391	183	21	487.576
112	maps/rooms/8room_031.map	512	512	52	374	386	463	448.706
29	maps/rooms/8room_031.map	512	512	167	427	115	507	116.426
121	maps/rooms/8room_031.map	512	512	4	230	402	206	487.321
51	maps/rooms/8room_031.map	512	512	236	410	115	451	204.167
81	maps/rooms/8room_031.map	512	512	493	30	268	94	325.108
120	maps/rooms/8room_031.map	512	512	453	6	312	365	482.919
120	maps/rooms/8room_031.map	512	512	453	258	38	283	483.463
48	maps/rooms/8room_031.map	512	512	278	478	185	395	193.397
120	maps/rooms/8room_031.map	512	512	67	374	433	199	483.978
63	maps/rooms/8room_031.map	512	512	361	191	483	71	253.664
112	maps/rooms/8room_031.map	512	512	36	260	379	146	451.333
81	maps/rooms/8room_031.map	512	512	495	283	316	440	324.049
24	maps/rooms/8room_031.map	512	512	303	242	269	318	96.7696
44	maps/rooms/8room_031.map	512	512	470	326	446	182	179.681
89	maps/rooms/8room_031.map	512	512	253	134	7	120	356.35
22	maps/rooms/8room_031.map	512	512	123	115	94	187	91.1838
96	maps/rooms/8room_031.map	512	512	4	499	183	343	384.12
66	maps/rooms/8room_031.map	512	512	110	159	295	216	265.823
111	maps/rooms/8room_031.map	512	512	25	311	307	108	446.505
117	maps/rooms/8room_031.map	512	512	429	44	106	190	468.706
44	maps/rooms/8room_031.map	512	512	44	474	72	316	178.77
97	maps/rooms/8room_031.map	512	512	213	199	503	301	389.037
40	maps/rooms/8room_031.map	512	512	370	505	258	440	160.74
120	maps/rooms/8room_031.map	512	512	271	510	268	125	483.907
22	maps/rooms/8room_031.map	512	512	266	204	221	185	90.4264
57	maps/rooms/8room_031.map	512	512	246	113	312	258	231.752
120	maps/rooms/8room_031.map	512	512	99	63	140	452	483.99
90	maps/rooms/8room_031.map	512	512	158	157	330	354	361.049
101	maps/rooms/8room_031.map	512	512	376	472	63	390	407.25
108	maps/rooms/8room_031.map	512	512	148	63	361	291	433.919
120	maps/rooms/8room_031.map	512	512	312	339	10	120	483.174
12	maps/rooms/8room_031.map	512	512	251	415	233	381	49.2132
75	maps/rooms/8room_031.map	512	512	500	85	403	324	302.794
120	maps/rooms/8room_031.map	512	512	236	431	248	76	483.86
94	maps/rooms/8room_031.map	512	512	345	252	77	395	378.865
88	maps/rooms/8room_031.map	512	512	104	199	130	476	352.22
98	maps/rooms/8room_031.map	512	512	28	266	344	214	392.894
100	maps/rooms/8room_031.map	512	512	175	141	335	396	401.693
120	maps/rooms/8room_031.map	512	512	82	456	396	271	483.333
120	maps/rooms/8room_031.map	512	512	148	443	417	200	483.262
75	maps/rooms/8room_031.map	512	512	315	396	301	148	303.137
45	maps/rooms/8room_031.map	512	512	71	123	162	43	181.953
108	maps/rooms/8room_031.map	512	512	63	396	397	459	434.22
46	maps/rooms/8room_031.map	512	512	63	336	187	280	185.74
120	maps/rooms/8room_031.map	512	512	43	58	271	302	483.789
119	maps/rooms/8room_031.map	512	512	472	428	127	422	479.333
54	maps/rooms/8room_031.map	512	512	322	268	440	395	217.61
81	maps/rooms/8room_031.map	512	512	401	206	183	332	325.439
54	maps/rooms/8room_031.map	512	512	445	394	281	354	219.782
99	maps/rooms/8room_031.map	512	512	424	235	98	126	396.723
28	maps/rooms/8room_031.map	512	512	149	90	235	135	114.255
119	maps/rooms/8room_031.map	512	512	148	348	400	442	479.362
91	maps/rooms/8room_031.map	512	512	332	317	155	356	365.421
119	maps/rooms/8room_031.map	512	512	125	102	170	476	479.475
85	maps/rooms/8room_031.map	512	512	134	117	361	261	340.22
119	maps/rooms/8room_031.map	512	512	216	408	265	74	479.132
119	maps/rooms/8room_031.map	512	512	450	74	440	457	479.333
119	maps/rooms/8room_031.map	512	512	325	459	218	136	479.505
58	maps/rooms/8room_031.map	512	512	464	297	477	470	235.095
49	maps/rooms/8room_031.map	512	512	418	313	294	283	198.894
67	maps/rooms/8room_031.map	512	512	404	170	488	355	270.681
45	maps/rooms/8room_031.map	512	512	484	237	345	230	183.983
119	maps/rooms/8room_031.map	512	512	393	50	121	331	479.191
87	maps/rooms/8room_031.map	512	512	508	279	292	444	351.25
118	maps/rooms/8room_031.map	512	512	296	58	433	359	475.463
61	maps/rooms/8room_031.map	512	512	82	67	263	3	246.196
99	maps/rooms/8room_031.map	512	512	301	436	422	148	399.007
79	maps/rooms/8room_031.map	512	512	79	503	302	413	319.35
54	maps/rooms/8room_031.map	512	512	2	391	84	242	216.296
118	maps/rooms/8room_031.map	512	512	473	501	307	137	475.546
113	maps/rooms/8room_031.map	512	512	87	123	104	506	455.463
86	maps/rooms/8room_031.map	512	512	34	506	301	396	346.622
118	maps/rooms/8room_031.map	512	512	82	414	395	206	475.049
102	maps/rooms/8room_031.map	512	512	503	154	354	453	410.635
98	maps/rooms/8room_031.map	512	512	186	223	503	199	392.581
118	maps/rooms/8room_031.map	512	512	495	41	364	427	475.434
94	maps/rooms/8room_031.map	512	512	253	185	19	394	378.22
76	maps/rooms/8room_031.map	512	512	216	319	453	279	306.966
29	maps/rooms/8room_031.map	512	512	164	212	249	234	117.326
27	maps/rooms/8room_031.map	512	512	136	166	115	87	108.426
118	maps/rooms/8room_031.map	512	512	504	88	141	221	475.605
118	maps/rooms/8room_031.map	512	512	42	133	323	21	475.818
118	maps/rooms/8room_031.map	512	512	502	251	119	331	475.735
117	maps/rooms/8room_031.map	512	512	302	498	136	146	471.605
77	maps/rooms/8room_031.map	512	512	122	4	149	241	308.836
47	maps/rooms/8room_031.map	512	512	351	124	505	107	188.74
93	maps/rooms/8room_031.map	512	512	70	304	279	508	374.948
117	maps/rooms/8room_031.map	512	512	133	450	260	122	471.032
98	maps/rooms/8room_031.map	512	512	280	226	429	458	395.818
88	maps/rooms/8room_031.map	512	512	335	413	398	159	354.622
86	maps/rooms/8room_031.map	512	512	329	41	334	266	345.137
94	maps/rooms/8room_031.map	512	512	168	34	3	87	379.12
49	maps/rooms/8room_031.map	512	512	325	319	498	360	197.74
111	maps/rooms/8room_031.map	512	512	159	446	446	244	444.463
54	maps/rooms/8room_031.map	512	512	503	511	342	485	218.439
79	maps/rooms/8room_031.map	512	512	229	203	75	23	317.563
117	maps/rooms/8room_031.map	512	512	405	34	137	311	471.777
88	maps/rooms/8room_031.map	512	512	87	311	329	334	353.25
117	maps/rooms/8room_031.map	512	512	387	344	49	281	471.333
80	maps/rooms/8room_031.map	512	512	493	12	492	295	321.38
94	maps/rooms/8room_031.map	512	512	365	403	116	347	379.836
69	maps/rooms/8room_031.map	512	512	402	343	314	137	276.936
81	maps/rooms/8room_031.map	512	512	100	164	343	195	327.522
92	maps/rooms/8room_031.map	512	512	337	140	90	280	369.593
37	maps/rooms/8room_031.map	512	512	403	439	447	388	148.054
96	maps/rooms/8room_031.map	512	512	351	141	75	42	386.078
116	maps/rooms/8room_031.map	512	512	195	127	323	437	466.777
66	maps/rooms/8room_031.map	512	512	261	328	127	174	265.48
19	maps/rooms/8room_031.map	512	512	472	418	418	446	79.598
78	maps/rooms/8room_031.map	512	512	219	420	366	262	314.279
116	maps/rooms/8room_031.map	512	512	71	284	430	357	466.635
116	maps/rooms/8room_031.map	512	512	446	322	78	200	467.362
84	maps/rooms/8room_031.map	512	512	288	444	65	317	339.622
54	maps/rooms/8room_031.map	512	512	13	90	90	120	218.823
47	maps/rooms/8room_031.map	512	512	106	414	124	277	191.811
100	maps/rooms/8room_031.map	512	512	267	110	14	103	402.291
93	maps/rooms/8room_031.map	512	512	367	238	88	305	375.966
74	maps/rooms/8room_031.map	512	512	293	499	51	454	297.752
86	maps/rooms/8room_031.map	512	512	168	220	388	402	345.463
81	maps/rooms/8room_031.map	512	512	425	277	231	126	327.007
83	maps/rooms/8room_031.map	512	512	285	168	29	148	335.664
116	maps/rooms/8room_031.map	512	512	319	115	154	419	467.475
116	maps/rooms/8room_031.map	512	512	306	79	390	306	467.777
86	maps/rooms/8room_031.map	512	512	263	230	90	442	345.492
109	maps/rooms/8room_031.map	512	512	51	191	212	498	439.262
106	maps/rooms/8room_031.map	512	512	264	403	60	137	426.191
67	maps/rooms/8room_031.map	512	512	37	247	44	475	271.267
65	maps/rooms/8room_031.map	512	512	78	280	285	212	261.167
63	maps/rooms/8room_031.map	512	512	436	330	287	179	254.894
116	maps/rooms/8room_031.map	512	512	423	454	104	406	467.534
116	maps/rooms/8room_031.map	512	512	78	471	414	300	467.291
115	maps/rooms/8room_031.map	512	512	435	24	103	133	463.049
115	maps/rooms/8room_031.map	512	512	200	505	407	205	463.877
115	maps/rooms/8room_031.map	512	512	28	137	364	214	463.434
63	maps/rooms/8room_031.map	512	512	487	359	283	362	255.024
44	maps/rooms/8room_031.map	512	512	510	267	365	303	178.74
115	maps/rooms/8room_031.map	512	512	146	87	295	416	463.706
24	maps/rooms/8room_031.map	512	512	364	403	313	347	98.4558
115	maps/rooms/8room_031.map	512	512	106	332	459	290	463.777
115	maps/rooms/8room_031.map	512	512	467	452	377	85	462.948
53	maps/rooms/8room_031.map	512	512	462	43	430	221	212.167
97	maps/rooms/8room_031.map	512	512	168	434	74	186	388.392
29	maps/rooms/8room_031.map	512	512	398	363	476	323	119.355
40	maps/rooms/8room_031.map	512	512	62	180	142	251	163.267
109	maps/rooms/8room_031.map	512	512	23	484	278	306	436.747
105	maps/rooms/8room_031.map	512	512	463	357	204	137	423.635
63	maps/rooms/8room_031.map	512	512	140	333	54	507	252.066
115	maps/rooms/8room_031.map	512	512	375	5	268	342	462.635
115	maps/rooms/8room_031.map	512	512	20	51	245	286	463.889
54	maps/rooms/8room_031.map	512	512	281	444	98	409	218.267
114	maps/rooms/8room_031.map	512	512	397	370	226	55	459.321
113	maps/rooms/8room_031.map	512	512	462	371	346	19	452.049
38	maps/rooms/8room_031.map	512	512	428	333	338	260	155.267
77	maps/rooms/8room_031.map	512	512	306	341	126	190	308.907
68	maps/rooms/8room_031.map	512	512	511	411	355	274	273.007
60	maps/rooms/8room_031.map	512	512	442	458	314	383	240.037
47	maps/rooms/8room_031.map	512	512	255	195	249	332	190.054
112	maps/rooms/8room_031.map	512	512	309	71	300	310	451.463
112	maps/rooms/8room_031.map	512	512	124	103	363	373	451.818
114	maps/rooms/8room_031.map	512	512	54	509	264	204	459.534
114	maps/rooms/8room_031.map	512	512	492	36	322	374	459.362
47	maps/rooms/8room_031.map	512	512	325	296	202	330	191.953
114	maps/rooms/8room_031.map	512	512	180	236	465	42	459.191
50	maps/rooms/8room_031.map	512	512	483	181	490	345	203.995
114	maps/rooms/8room_031.map	512	512	12	243	297	478	459.061
46	maps/rooms/8room_031.map	512	512	117	15	213	114	185.853
99	maps/rooms/8room_031.map	512	512	157	132	488	99	397.966
107	maps/rooms/8room_031.map	512	512	394	358	71	387	430.534
114	maps/rooms/8room_031.map	512	512	202	63	39	409	459.877
50	maps/rooms/8room_031.map	512	512	410	226	238	186	202.083
114	maps/rooms/8room_031.map	512	512	457	57	306	394	459.262
53	maps/rooms/8room_031.map	512	512	386	295	445	171	213.51
106	maps/rooms/8room_031.map	512	512	89	482	277	251	425.049
92	maps/rooms/8room_031.map	512	512	221	111	269	365	368.693
113	maps/rooms/8room_031.map	512	512	159	407	252	92	455.061
47	maps/rooms/8room_031.map	512	512	302	18	295	108	188.095
56	maps/rooms/8room_031.map	512	512	394	438	246	442	224.024
66	maps/rooms/8room_031.map	512	512	161	483	228	313	267.309
28	maps/rooms/8room_031.map	512	512	108	147	22	163	114.912
70	maps/rooms/8room_031.map	512	512	461	153	227	151	282.51
98	maps/rooms/8room_031.map	512	512	466	263	199	388	393.907
104	maps/rooms/8room_031.map	512	512	187	486	91	169	419.676
109	maps/rooms/8room_031.map	512	512	169	42	198	394	437.877
89	maps/rooms/8room_031.map	512	512	290	346	167	331	356.492
58	maps/rooms/8room_031.map	512	512	266	5	403	105	232.681
104	maps/rooms/8room_031.map	512	512	498	68	187	59	416.007
108	maps/rooms/8room_031.map	512	512	70	231	335	61	433.333
113	maps/rooms/8room_031.map	512	512	103	313	425	348	454.706
42	maps/rooms/8room_031.map	512	512	150	216	276	199	168.539
92	maps/rooms/8room_031.map	512	512	88	269	222	424	368.279
41	maps/rooms/8room_031.map	512	512	410	20	421	109	165.882
77	maps/rooms/8room_031.map	512	512	75	40	19	286	311.137
113	maps/rooms/8room_031.map	512	512	170	87	353	381	455.191
113	maps/rooms/8room_031.map	512	512	7	107	279	10	455.676
74	maps/rooms/8room_031.map	512	512	138	159	367	232	298.693
94	maps/rooms/8room_031.map	512	512	130	107	375	260	377.764
113	maps/rooms/8room_031.map	512	512	502	427	157	435	455.877
78	maps/rooms/8room_031.map	512	512	331	303	361	79	314.894
113	maps/rooms/8room_031.map	512	512	483	410	147	470	454.233
26	maps/rooms/8room_031.map	512	512	41	62	12	138	104.255
89	maps/rooms/8room_031.map	512	512	186	197	361	414	358.007
110	maps/rooms/8room_031.map	512	512	169	476	45	131	443.676
89	maps/rooms/8room_031.map	512	512	2	492	274	426	359.321
85	maps/rooms/8room_031.map	512	512	450	113	246	277	340.35
39	maps/rooms/8room_031.map	512	512	27	188	162	196	157.426
113	maps/rooms/8room_031.map	512	512	456	305	124	347	455.262
31	maps/rooms/8room_031.map	512	512	109	155	35	207	127.598
112	maps/rooms/8room_031.map	512	512	405	152	125	349	451.434
69	maps/rooms/8room_031.map	512	512	43	353	239	242	277.066
96	maps/rooms/8room_031.map	512	512	152	473	314	259	386.978
112	maps/rooms/8room_031.map	512	512	217	6	61	349	451.291
112	maps/rooms/8room_031.map	512	512	126	422	161	76	451.635
112	maps/rooms/8room_031.map	512	512	12	148	212	434	451.605
56	maps/rooms/8room_031.map	512	512	444	390	413	213	224.853
49	maps/rooms/8room_031.map	512	512	372	459	445	452	196.125
17	maps/rooms/8room_031.map	512	512	431	459	470	423	69.2843
71	maps/rooms/8room_031.map	512	512	280	187	333	49	286.622
90	maps/rooms/8room_031.map	512	512	246	244	454	59	362.764
78	maps/rooms/8room_031.map	512	512	56	441	217	375	313.007
22	maps/rooms/8room_031.map	512	512	183	70	252	36	90.6985
111	maps/rooms/8room_031.map	512	512	484	378	197	147	447.12
87	maps/rooms/8room_031.map	512	512	415	324	140	221	351.238
111	maps/rooms/8room_031.map	512	512	37	479	373	345	447.22
29	maps/rooms/8room_031.map	512	512	68	218	140	284	117.74
69	maps/rooms/8room_031.map	512	512	395	350	219	485	278.622
69	maps/rooms/8room_031.map	512	512	178	340	313	498	277.652
111	maps/rooms/8room_031.map	512	512	431	29	178	246	447.12
111	maps/rooms/8room_031.map	512	512	503	221	123	183	447.907
99	maps/rooms/8room_031.map	512	512	207	211	260	489	397.007
75	maps/rooms/8room_031.map	512	512	348	399	506	291	300.794
80	maps/rooms/8room_031.map	512	512	107	340	203	157	321.35
70	maps/rooms/8room_031.map	512	512	114	217	38	75	280.007
111	maps/rooms/8room_031.map	512	512	228	450	359	149	446.635
44	maps/rooms/8room_031.map	512	512	259	105	140	146	178.024
91	maps/rooms/8room_031.map	512	512	343	228	453	6	367.664
81	maps/rooms/8room_031.map	512	512	110	228	131	484	325.936
53	maps/rooms/8room_031.map	512	512	245	189	285	39	215.681
91	maps/rooms/8room_031.map	512	512	373	323	104	195	365.551
101	maps/rooms/8room_031.map	512	512	437	166	255	407	404.421
111	maps/rooms/8room_031.map	512	512	479	21	222	171	447.191
110	maps/rooms/8room_031.map	512	512	108	147	439	96	443.179
76	maps/rooms/8room_031.map	512	512	487	341	234	360	304.894
86	maps/rooms/8room_031.map	512	512	328	24	167	175	344.25
33	maps/rooms/8room_031.map	512	512	407	152	366	51	134.811
106	maps/rooms/8room_031.map	512	512	506	341	162	234	427.149
110	maps/rooms/8room_031.map	512	512	332	391	200	73	442.877
45	maps/rooms/8room_031.map	512	512	206	115	153	168	183.882
110	maps/rooms/8room_031.map	512	512	91	237	439	120	443.635
101	maps/rooms/8room_031.map	512	512	200	239	424	51	407.078
110	maps/rooms/8room_031.map	512	512	494	56	286	342	441.848
109	maps/rooms/8room_031.map	512	512	4	313	318	483	439.161
77	maps/rooms/8room_031.map	512	512	285	505	202	283	309.894
66	maps/rooms/8room_031.map	512	512	345	476	136	502	265.652
90	maps/rooms/8room_031.map	512	512	8	396	268	315	360.664
109	maps/rooms/8room_031.map	512	512	19	476	170	133	439.706
87	maps/rooms/8room_031.map	512	512	266	188	141	417	351.179
109	maps/rooms/8room_031.map	512	512	315	284	107	32	439.304
81	maps/rooms/8room_031.map	512	512	109	68	214	287	327.321
109	maps/rooms/8room_031.map	512	512	263	9	142	302	439.605
94	maps/rooms/8room_031.map	512	512	390	475	151	408	378.593
109	maps/rooms/8room_031.map	512	512	327	62	143	294	439.747
108	maps/rooms/8room_031.map	512	512	76	494	88	110	435.421
51	maps/rooms/8room_031.map	512	512	105	130	239	221	205.167
44	maps/rooms/8room_031.map	512	512	303	175	155	184	177.953
39	maps/rooms/8room_031.map	512	512	268	467	140	441	157.64
108	maps/rooms/8room_031.map	512	512	387	429	130	187	435.032
27	maps/rooms/8room_031.map	512	512	230	484	165	430	109.225
97	maps/rooms/8room_031.map	512	512	408	47	351	313	388.706
108	maps/rooms/8room_031.map	512	512	479	43	183	200	435.635
108	maps/rooms/8room_031.map	512	512	331	252	53	451	435.978
49	maps/rooms/8room_031.map	512	512	374	255	248	328	196.581
107	maps/rooms/8room_031.map	512	512	426	251	71	291	431.593
22	maps/rooms/8room_031.map	512	512	146	215	107	265	88.6985
18	maps/rooms/8room_031.map	512	512	254	152	265	215	72.0416
48	maps/rooms/8room_031.map	512	512	339	292	494	277	192.125
39	maps/rooms/8room_031.map	512	512	359	63	314	134	159.296
107	maps/rooms/8room_031.map	512	512	18	356	351	494	431.635
45	maps/rooms/8room_031.map	512	512	137	90	29	193	183.024
60	maps/rooms/8room_031.map	512	512	391	186	454	43	243.38
107	maps/rooms/8room_031.map	512	512	89	474	333	271	431.049
98	maps/rooms/8room_031.map	512	512	394	350	191	155	395.421
35	maps/rooms/8room_031.map	512	512	493	91	412	9	142.154
74	maps/rooms/8room_031.map	512	512	28	246	163	56	298.522
57	maps/rooms/8room_031.map	512	512	322	24	452	135	229.752
21	maps/rooms/8room_031.map	512	512	237	462	266	498	85.6274
68	maps/rooms/8room_031.map	512	512	429	303	215	277	274.693
89	maps/rooms/8room_031.map	512	512	328	31	126	202	359.25
107	maps/rooms/8room_031.map	512	512	451	415	451	74	431.191
36	maps/rooms/8room_031.map	512	512	24	283	82	184	146.74
72	maps/rooms/8room_031.map	512	512	441	316	248	196	289.108
86	maps/rooms/8room_031.map	512	512	262	102	383	346	346.823
82	maps/rooms/8room_031.map	512	512	294	26	507	158	331.108
88	maps/rooms/8room_031.map	512	512	201	178	462	190	355.409
33	maps/rooms/8room_031.map	512	512	375	234	438	147	134.468
92	maps/rooms/8room_031.map	512	512	212	8	409	196	370.421
88	maps/rooms/8room_031.map	512	512	407	204	261	23	355.936
98	maps/rooms/8room_031.map	512	512	45	78	213	100	392.877
85	maps/rooms/8room_031.map	512	512	214	234	366	450	342.007
107	maps/rooms/8room_031.map	512	512	224	435	406	163	431.806
107	maps/rooms/8room_031.map	512	512	114	381	403	205	431.35
107	maps/rooms/8room_031.map	512	512	472	386	157	219	431.321
106	maps/rooms/8room_031.map	512	512	135	232	443	372	427.806
83	maps/rooms/8room_031.map	512	512	453	84	351	290	334.836
106	maps/rooms/8room_031.map	512	512	99	485	5	132	427.392
106	maps/rooms/8room_031.map	512	512	13	348	321	335	427.777
37	maps/rooms/8room_031.map	512	512	374	46	430	73	151.125
42	maps/rooms/8room_031.map	512	512	309	264	284	374	168.681
79	maps/rooms/8room_031.map	512	512	242	8	127	223	316.409
106	maps/rooms/8room_031.map	512	512	190	74	58	397	427.25
76	maps/rooms/8room_031.map	512	512	94	182	344	191	304.865
106	maps/rooms/8room_031.map	512	512	70	215	404	100	427.25
105	maps/rooms/8room_031.map	512	512	186	181	432	394	423.635
90	maps/rooms/8room_031.map	512	512	346	323	87	293	363.392
105	maps/rooms/8room_031.map	512	512	55	394	391	471	423.978
76	maps/rooms/8room_031.map	512	512	261	86	142	245	307.421
97	maps/rooms/8room_031.map	512	512	281	470	102	263	388.149
105	maps/rooms/8room_031.map	512	512	14	164	202	437	423.534
82	maps/rooms/8room_031.map	512	512	194	248	478	188	331.054
29	maps/rooms/8room_031.map	512	512	116	190	34	247	118.154
32	maps/rooms/8room_031.map	512	512	429	134	374	219	129.74
105	maps/rooms/8room_031.map	512	512	269	293	469	39	423.948
77	maps/rooms/8room_031.map	512	512	399	398	275	181	309.35
105	maps/rooms/8room_031.map	512	512	318	404	214	98	423.321
105	maps/rooms/8room_031.map	512	512	299	29	164	287	423.576
105	maps/rooms/8room_031.map	512	512	400	86	142	299	423.492
59	maps/rooms/8room_031.map	512	512	170	79	196	227	237.823
105	maps/rooms/8room_031.map	512	512	203	127	236	395	423.676
105	maps/rooms/8room_031.map	512	512	475	137	267	399	423.907
16	maps/rooms/8room_031.map	512	512	350	222	402	213	64.6569
25	maps/rooms/8room_031.map	512	512	276	171	292	94	102.598
66	maps/rooms/8room_031.map	512	512	207	283	329	386	266.966
95	maps/rooms/8room_031.map	512	512	435	119	354	419	381.25
104	maps/rooms/8room_031.map	512	512	347	125	279	451	419.764
102	maps/rooms/8room_031.map	512	512	197	499	378	252	408.049
25	maps/rooms/8room_031.map	512	512	82	434	14	419	102.941
58	maps/rooms/8room_031.map	512	512	251	461	82	386	234.167
70	maps/rooms/8room_031.map	512	512	298	279	492	324	283.392
61	maps/rooms/8room_031.map	512	512	41	290	7	491	245.309
61	maps/rooms/8room_031.map	512	512	222	152	183	334	247.995
77	maps/rooms/8room_031.map	512	512	411	47	390	271	310.38
78	maps/rooms/8room_031.map	512	512	121	166	369	231	313.35
22	maps/rooms/8room_031.map	512	512	108	191	68	175	89.3553
88	maps/rooms/8room_031.map	512	512	409	388	146	302	354.522
32	maps/rooms/8room_031.map	512	512	360	396	406	413	128.397
90	maps/rooms/8room_031.map	512	512	290	286	163	46	362.179
104	maps/rooms/8room_031.map	512	512	508	465	253	247	419.877
104	maps/rooms/8room_031.map	512	512	317	127	119	392	419.534
44	maps/rooms/8room_031.map	512	512	463	146	355	77	176.782
104	maps/rooms/8room_031.map	512	512	442	494	464	162	419.22
104	maps/rooms/8room_031.map	512	512	71	499	83	129	419.037
53	maps/rooms/8room_031.map	512	512	180	390	165	444	214.439
104	maps/rooms/8room_031.map	512	512	142	423	409	308	419.321
50	maps/rooms/8room_031.map	512	512	138	117	285	166	201.782
103	maps/rooms/8room_031.map	512	512	351	500	171	232	415.764
34	maps/rooms/8room_031.map	512	512	445	371	386	267	137.225
103	maps/rooms/8room_031.map	512	512	150	499	132	203	415.605
97	maps/rooms/8room_031.map	512	512	247	211	56	24	388.919
83	maps/rooms/8room_031.map	512	512	169	326	246	178	334.907
14	maps/rooms/8room_031.map	512	512	173	78	198	86	56.799
46	maps/rooms/8room_031.map	512	512	348	132	466	210	187.296
103	maps/rooms/8room_031.map	512	512	10	377	292	311	415.12
61	maps/rooms/8room_031.map	512	512	494	258	392	84	245.48
103	maps/rooms/8room_031.map	512	512	244	162	258	487	415.25
103	maps/rooms/8room_031.map	512	512	327	105	479	418	415.333
103	maps/rooms/8room_031.map	512	512	200	469	251	178	415.848
44	maps/rooms/8room_031.map	512	512	363	75	478	90	178.953
35	maps/rooms/8room_031.map	512	512	381	355	458	345	142.598
78	maps/rooms/8room_031.map	512	512	186	510	455	498	312.966
103	maps/rooms/8room_031.map	512	512	137	85	51	438	415.936
103	maps/rooms/8room_031.map	512	512	390	226	84	372	415.078
103	maps/rooms/8room_031.map	512	512	335	21	171	287	415.848
102	maps/rooms/8room_031.map	512	512	318	477	132	220	411.149
89	maps/rooms/8room_031.map	512	512	442	388	206	231	359.635
24	maps/rooms/8room_031.map	512	512	477	315	431	291	97.0122
102	maps/rooms/8room_031.map	512	512	429	500	67	467	411.693
102	maps/rooms/8room_031.map	512	512	154	19	59	341	410.806
102	maps/rooms/8room_031.map	512	512	270	356	95	100	411.635
72	maps/rooms/8room_031.map	512	512	184	323	119	460	291.664
102	maps/rooms/8room_031.map	512	512	22	39	183	239	411.777
81	maps/rooms/8room_031.map	512	512	311	254	115	397	325.066
102	maps/rooms/8room_031.map	512	512	155	382	387	368	411.907
101	maps/rooms/8room_031.map	512	512	81	350	396	231	407.522
94	maps/rooms/8room_031.map	512	512	133	238	263	467	378.522
101	maps/rooms/8room_031.map	512	512	462	408	490	86	407.907
100	maps/rooms/8room_031.map	512	512	119	275	445	259	403.664
48	maps/rooms/8room_031.map	512	512	172	489	223	374	193.095
46	maps/rooms/8room_031.map	512	512	227	152	73	150	184.811
87	maps/rooms/8room_031.map	512	512	223	103	111	293	348.007
62	maps/rooms/8room_031.map	512	512	441	227	254	139	248.681
31	maps/rooms/8room_031.map	512	512	184	503	167	421	127.953
85	maps/rooms/8room_031.map	512	512	212	484	200	245	342.421
64	maps/rooms/8room_031.map	512	512	213	423	75	346	257.167
101	maps/rooms/8room_031.map	512	512	108	294	349	374	406.948
64	maps/rooms/8room_031.map	512	512	322	346	499	232	259.752
85	maps/rooms/8room_031.map	512	512	69	118	233	331	342.22
66	maps/rooms/8room_031.map	512	512	137	212	39	89	264.622
72	maps/rooms/8room_031.map	512	512	7	342	127	500	288.593
101	maps/rooms/8room_031.map	512	512	484	453	300	167	407.505
101	maps/rooms/8room_031.map	512	512	258	111	26	98	407.191
16	maps/rooms/8room_031.map	512	512	69	326	27	349	66.598
76	maps/rooms/8room_031.map	512	512	185	211	292	386	306.652
92	maps/rooms/8room_031.map	512	512	374	22	373	301	371.22
88	maps/rooms/8room_031.map	512	512	395	82	470	361	353.865
100	maps/rooms/8room_031.map	512	512	118	501	218	206	403.09
85	maps/rooms/8room_031.map	512	512	393	31	420	308	343.865
100	maps/rooms/8room_031.map	512	512	131	40	334	279	403.948
100	maps/rooms/8room_031.map	512	512	438	324	226	62	403.948
100	maps/rooms/8room_031.map	512	512	79	440	398	503	403.563
91	maps/rooms/8room_031.map	512	512	399	182	127	105	367.836
64	maps/rooms/8room_031.map	512	512	268	436	354	274	257.095
36	maps/rooms/8room_031.map	512	512	427	361	506	298	145.154
92	maps/rooms/8room_031.map	512	512	226	285	491	134	370.25
19	maps/rooms/8room_031.map	512	512	209	257	149	227	78.5269
100	maps/rooms/8room_031.map	512	512	188	62	376	308	403.563
65	maps/rooms/8room_031.map	512	512	261	167	88	70	262.652
40	maps/rooms/8room_031.map	512	512	410	371	469	271	160.782
72	maps/rooms/8room_031.map	512	512	419	121	221	188	290.581
46	maps/rooms/8room_031.map	512	512	349	312	375	452	184.125
80	maps/rooms/8room_031.map	512	512	334	247	132	109	323.563
100	maps/rooms/8room_031.map	512	512	502	87	290	339	403.706
100	maps/rooms/8room_031.map	512	512	455	346	158	244	402.664
70	maps/rooms/8room_031.map	512	512	451	235	500	410	282.794
78	maps/rooms/8room_031.map	512	512	502	3	489	274	314.551
98	maps/rooms/8room_031.map	512	512	307	35	197	297	395.706
79	maps/rooms/8room_031.map	512	512	299	203	390	438	318.936
98	maps/rooms/8room_031.map	512	512	409	59	367	349	395.948
97	maps/rooms/8room_031.map	512	512	247	73	359	367	391.421
34	maps/rooms/8room_031.map	512	512	150	202	85	243	137.74
97	maps/rooms/8room_031.map	512	512	494	23	331	293	390.605
70	maps/rooms/8room_031.map	512	512	487	397	297	264	280.966
68	maps/rooms/8room_031.map	512	512	187	24	342	188	275.894
47	maps/rooms/8room_031.map	512	512	479	377	455	255	190.468
70	maps/rooms/8room_031.map	512	512	287	196	71	146	282.108
25	maps/rooms/8room_031.map	512	512	239	253	283	178	102.012
97	maps/rooms/8room_031.map	512	512	2	9	59	305	391.149
50	maps/rooms/8room_031.map	512	512	134	216	216	341	200.782
64	maps/rooms/8room_031.map	512	512	265	238	431	355	257.409
42	maps/rooms/8room_031.map	512	512	335	356	263	242	170.225
30	maps/rooms/8room_031.map	512	512	75	34	151	46	121.841
79	maps/rooms/8room_031.map	512	512	14	23	91	227	317.35
96	maps/rooms/8room_031.map	512	512	230	468	432	258	387.706
91	maps/rooms/8room_031.map	512	512	188	435	263	223	367.936
68	maps/rooms/8room_031.map	512	512	507	487	281	490	275.409
67	maps/rooms/8room_031.map	512	512	119	168	251	319	271.794
96	maps/rooms/8room_031.map	512	512	93	63	220	341	386.806
70	maps/rooms/8room_031.map	512	512	491	142	317	33	283.995
24	maps/rooms/8room_031.map	512	512	342	210	344	259	99.5685
80	maps/rooms/8room_031.map	512	512	78	188	162	393	322.706
23	maps/rooms/8room_031.map	512	512	413	223	450	217	92.8406
96	maps/rooms/8room_031.map	512	512	420	59	213	251	387.25
73	maps/rooms/8room_031.map	512	512	260	342	108	462	293.48
7	maps/rooms/8room_031.map	512	512	453	190	467	174	30.7279
53	maps/rooms/8room_031.map	512	512	215	325	140	185	215.853
60	maps/rooms/8room_031.map	512	512	251	231	94	358	242.066
96	maps/rooms/8room_031.map	512	512	205	71	409	301	387.505
68	maps/rooms/8room_031.map	512	512	397	461	364	246	274.794
95	maps/rooms/8room_031.map	512	512	86	476	327	315	383.664
95	maps/rooms/8room_031.map	512	512	230	4	99	277	383.664
95	maps/rooms/8room_031.map	512	512	357	190	128	323	383.522
94	maps/rooms/8room_031.map	512	512	351	450	487	170	379.179
95	maps/rooms/8room_031.map	512	512	28	203	346	215	383.764
95	maps/rooms/8room_031.map	512	512	281	511	309	197	383.966
26	maps/rooms/8room_031.map	512	512	489	475	444	411	106.012
28	maps/rooms/8room_031.map	512	512	377	117	370	187	112.598
95	maps/rooms/8room_031.map	512	512	43	78	237	189	382.706
28	maps/rooms/8room_031.map	512	512	425	137	365	175	112.569
37	maps/rooms/8room_031.map	512	512	238	350	226	420	149.539
91	maps/rooms/8room_031.map	512	512	428	91	296	328	367.208
17	maps/rooms/8room_031.map	512	512	470	172	415	163	69.1127
95	maps/rooms/8room_031.map	512	512	312	7	196	266	383.534
74	maps/rooms/8room_031.map	512	512	10	62	106	244	298.108
76	maps/rooms/8room_031.map	512	512	179	268	206	469	305.865
93	maps/rooms/8room_031.map	512	512	324	340	56	194	375.463
90	maps/rooms/8room_031.map	512	512	210	476	24	272	363.706
67	maps/rooms/8room_031.map	512	512	47	271	116	413	271.208
93	maps/rooms/8room_031.map	512	512	408	492	410	184	375.279
80	maps/rooms/8room_031.map	512	512	352	30	331	270	320.137
71	maps/rooms/8room_031.map	512	512	132	458	364	456	284.794
6	maps/rooms/8room_031.map	512	512	173	132	185	148	24.1421
93	maps/rooms/8room_031.map	512	512	489	323	288	102	375.12
93	maps/rooms/8room_031.map	512	512	466	442	251	250	375.149
93	maps/rooms/8room_031.map	512	512	115	324	247	77	375.978
90	maps/rooms/8room_031.map	512	512	51	344	338	249	362.894
90	maps/rooms/8room_031.map	512	512	364	499	96	394	363.593
74	maps/rooms/8room_031.map	512	512	322	285	504	405	296.35
65	maps/rooms/8room_031.map	512	512	151	430	141	254	260.894
38	maps/rooms/8room_031.map	512	512	82	13	63	114	154.326
89	maps/rooms/8room_031.map	512	512	207	131	322	393	358.966
59	maps/rooms/8room_031.map	512	512	387	295	495	454	236.48
89	maps/rooms/8room_031.map	512	512	453	73	322	329	359.492
75	maps/rooms/8room_031.map	512	512	108	159	296	276	300.723
63	maps/rooms/8room_031.map	512	512	173	219	325	104	253.309
77	maps/rooms/8room_031.map	512	512	45	251	216	105	308.664
64	maps/rooms/8room_031.map	512	512	438	127	431	349	256.095
64	maps/rooms/8room_031.map	512	512	9	106	72	61	259.338
72	maps/rooms/8room_031.map	512	512	316	221	298	58	291.894
77	maps/rooms/8room_031.map	512	512	207	79	428	188	311.865
88	maps/rooms/8room_031.map	512	512	194	444	376	242	355.078
88	maps/rooms/8room_031.map	512	512	503	361	236	428	355.037
87	maps/rooms/8room_031.map	512	512	286	315	158	430	350.179
17	maps/rooms/8room_031.map	512	512	294	172	262	135	69.5269
8	maps/rooms/8room_031.map	512	512	373	247	393	233	34.9706
87	maps/rooms/8room_031.map	512	512	157	116	379	194	351.38
87	maps/rooms/8room_031.map	512	512	421	126	188	276	351.936
87	maps/rooms/8room_031.map	512	512	378	265	110	348	350.865
43	maps/rooms/8room_031.map	512	512	436	172	316	200	172.811
86	maps/rooms/8room_031.map	512	512	186	303	399	440	347.563
86	maps/rooms/8room_031.map	512	512	415	229	193	78	347.007
78	maps/rooms/8room_031.map	512	512	235	103	47	145	314.693
51	maps/rooms/8room_031.map	512	512	342	202	458	333	205.409
85	maps/rooms/8room_031.map	512	512	255	10	406	206	343.208
85	maps/rooms/8room_031.map	512	512	471	356	204	250	343.995
85	maps/rooms/8room_031.map	512	512	291	191	468	403	343.492
49	maps/rooms/8room_031.map	512	512	57	373	21	205	196.953
84	maps/rooms/8room_031.map	512	512	242	340	439	506	339.25
84	maps/rooms/8room_031.map	512	512	343	228	339	31	339.652
40	maps/rooms/8room_031.map	512	512	141	217	134	74	162.225
65	maps/rooms/8room_031.map	512	512	219	451	42	343	262.823
51	maps/rooms/8room_031.map	512	512	152	239	20	344	207.267
84	maps/rooms/8room_031.map	512	512	311	30	172	198	339.492
84	maps/rooms/8room_031.map	512	512	79	116	301	261	339.208
11	maps/rooms/8room_031.map	512	512	471	291	475	333	47.799
84	maps/rooms/8room_031.map	512	512	60	376	186	137	339.693
84	maps/rooms/8room_031.map	512	512	251	276	391	44	339.037
38	maps/rooms/8room_031.map	512	512	339	341	354	477	153.669
84	maps/rooms/8room_031.map	512	512	284	290	149	476	338.865
63	maps/rooms/8room_031.map	512	512	75	247	181	350	254.037
83	maps/rooms/8room_031.map	512	512	67	293	304	170	335.037
35	maps/rooms/8room_031.map	512	512	286	338	282	438	140.669
83	maps/rooms/8room_031.map	512	512	354	431	252	176	335.451
9	maps/rooms/8room_031.map	512	512	41	184	56	165	38.3848
65	maps/rooms/8room_031.map	512	512	266	237	107	148	260.066
43	maps/rooms/8room_031.map	512	512	158	489	242	399	172.225
52	maps/rooms/8room_031.map	512	512	193	231	46	175	211.853
75	maps/rooms/8room_031.map	512	512	131	378	284	216	300.037
83	maps/rooms/8room_031.map	512	512	252	116	474	251	335.451
83	maps/rooms/8room_031.map	512	512	379	83	321	347	335.966
83	maps/rooms/8room_031.map	512	512	46	111	188	254	335.35
34	maps/rooms/8room_031.map	512	512	290	423	210	387	138.569
46	maps/rooms/8room_031.map	512	512	383	350	489	242	187.882
58	maps/rooms/8room_031.map	512	512	211	78	171	200	234.853
83	maps/rooms/8room_031.map	512	512	21	332	261	213	335.693
82	maps/rooms/8room_031.map	512	512	189	10	190	270	331.35
68	maps/rooms/8room_031.map	512	512	476	9	348	156	275.551
82	maps/rooms/8room_031.map	512	512	460	319	225	435	331.208
82	maps/rooms/8room_031.map	512	512	185	76	441	170	331.279
49	maps/rooms/8room_031.map	512	512	262	79	118	45	196.711
82	maps/rooms/8room_031.map	512	512	101	220	283	57	330.764
74	maps/rooms/8room_031.map	512	512	197	268	431	310	296.208
82	maps/rooms/8room_031.map	512	512	430	58	208	83	331.978
80	maps/rooms/8room_031.map	512	512	397	66	424	325	323.966
79	maps/rooms/8room_031.map	512	512	230	277	427	140	318.167
41	maps/rooms/8room_031.map	512	512	373	86	278	176	164.64
43	maps/rooms/8room_031.map	512	512	110	51	34	176	172.882
59	maps/rooms/8room_031.map	512	512	364	416	194	508	238.309
80	maps/rooms/8room_031.map	512	512	371	196	257	395	323.794
58	maps/rooms/8room_031.map	512	512	402	485	198	494	235.61
80	maps/rooms/8room_031.map	512	512	399	352	371	96	323.48
80	maps/rooms/8room_031.map	512	512	249	171	246	409	323.836
79	maps/rooms/8room_031.map	512	512	173	424	399	354	319.179
79	maps/rooms/8room_031.map	512	512	24	42	57	266	319.208
79	maps/rooms/8room_031.map	512	512	140	24	259	234	319.108
37	maps/rooms/8room_031.map	512	512	247	40	303	121	148.882
67	maps/rooms/8room_031.map	512	512	253	430	261	244	271.823
78	maps/rooms/8room_031.map	512	512	27	329	272	248	315.966
75	maps/rooms/8room_031.map	512	512	368	179	295	399	303.693
75	maps/rooms/8room_031.map	512	512	443	57	271	205	302.794
75	maps/rooms/8room_031.map	512	512	72	119	302	195	302.995
46	maps/rooms/8room_031.map	512	512	157	199	223	109	187.338
75	maps/rooms/8room_031.map	512	512	187	507	373	352	303.451
74	maps/rooms/8room_031.map	512	512	171	5	78	225	299.451
68	maps/rooms/8room_031.map	512	512	406	408	233	482	275.309
67	maps/rooms/8room_031.map	512	512	401	461	233	357	270.451
73	maps/rooms/8room_031.map	512	512	286	205	37	180	295.38
73	maps/rooms/8room_031.map	512	512	203	45	66	251	295.693
61	maps/rooms/8room_031.map	512	512	460	360	289	247	245.924
73	maps/rooms/8room_031.map	512	512	130	367	281	200	295.966
39	maps/rooms/8room_031.map	512	512	188	312	283	399	157.983
64	maps/rooms/8room_031.map	512	512	152	196	339	285	256.024
61	maps/rooms/8room_031.map	512	512	418	262	286	127	246.823
73	maps/rooms/8room_031.map	512	512	167	9	78	223	295.894
73	maps/rooms/8room_031.map	512	512	230	315	459	373	295.794
73	maps/rooms/8room_031.map	512	512	358	69	162	25	295.238
73	maps/rooms/8room_031.map	512	512	429	172	310	374	295.794
73	maps/rooms/8room_031.map	512	512	324	455	104	404	295.894
14	maps/rooms/8room_031.map	512	512	56	149	98	168	59.7696
72	maps/rooms/8room_031.map	512	512	258	135	117	333	291.208
72	maps/rooms/8room_031.map	512	512	429	302	187	238	291.966
38	maps/rooms/8room_031.map	512	512	189	110	87	85	154.154
42	maps/rooms/8room_031.map	512	512	198	457	71	508	170.326
34	maps/rooms/8room_031.map	512	512	362	243	355	155	139.569
29	maps/rooms/8room_031.map	512	512	478	191	446	98	116.255
72	maps/rooms/8room_031.map	512	512	296	382	334	174	291.966
71	maps/rooms/8room_031.map	512	512	109	151	47	395	287.439
41	maps/rooms/8room_031.map	512	512	158	248	183	133	166.468
71	maps/rooms/8room_031.map	512	512	172	510	323	345	287.238
71	maps/rooms/8room_031.map	512	512	94	225	234	52	287.794
71	maps/rooms/8room_031.map	512	512	59	484	42	223	286.61
71	maps/rooms/8room_031.map	512	512	188	333	414	386	287.652
71	maps/rooms/8room_031.map	512	512	374	52	419	288	287.894
51	maps/rooms/8room_031.map	512	512	57	373	151	482	205.167
59	maps/rooms/8room_031.map	512	512	244	12	259	186	236.924
34	maps/rooms/8room_031.map	512	512	382	269	422	163	137.113
71	maps/rooms/8room_031.map	512	512	88	158	318	122	286.995
67	maps/rooms/8room_031.map	512	512	231	278	43	215	268.966
68	maps/rooms/8room_031.map	512	512	178	7	82	213	275.622
12	maps/rooms/8room_031.map	512	512	341	498	381	501	50.6569
68	maps/rooms/8room_031.map	512	512	328	11	168	139	275.037
67	maps/rooms/8room_031.map	512	512	211	73	274	264	271.095
67	maps/rooms/8room_031.map	512	512	332	500	419	299	271.48
23	maps/rooms/8room_031.map	512	512	386	319	458	319	93.9411
66	maps/rooms/8room_031.map	512	512	211	371	381	500	267.267
66	maps/rooms/8room_031.map	512	512	86	53	291	20	267.924
63	maps/rooms/8room_031.map	512	512	231	428	409	341	255.409
66	maps/rooms/8room_031.map	512	512	441	253	284	402	267.924
65	maps/rooms/8room_031.map	512	512	23	355	211	443	263.338
19	maps/rooms/8room_031.map	512	512	419	153	472	114	77.3553
36	maps/rooms/8room_031.map	512	512	453	276	372	365	145.983
25	maps/rooms/8room_031.map	512	512	182	488	224	423	103.77
65	maps/rooms/8room_031.map	512	512	393	124	427	347	263.995
25	maps/rooms/8room_031.map	512	512	418	322	471	252	103.326
65	maps/rooms/8room_031.map	512	512	345	242	117	203	263.953
46	maps/rooms/8room_031.map	512	512	226	329	367	307	187.024
65	maps/rooms/8room_031.map	512	512	51	163	239	250	263.309
39	maps/rooms/8room_031.map	512	512	256	413	376	402	156.397
64	maps/rooms/8room_031.map	512	512	262	210	468	154	259.924
26	maps/rooms/8room_031.map	512	512	63	135	46	221	107.184
63	maps/rooms/8room_031.map	512	512	396	252	167	228	255.853
63	maps/rooms/8room_031.map	512	512	482	407	365	228	255.622
45	maps/rooms/8room_031.map	512	512	69	59	117	169	181.782
34	maps/rooms/8room_031.map	512	512	269	136	375	149	139.669
63	maps/rooms/8room_031.map	512	512	376	262	216	365	255.409
62	maps/rooms/8room_031.map	512	512	485	265	274	248	251.238
62	maps/rooms/8room_031.map	512	512	445	199	341	30	251.752
62	maps/rooms/8room_031.map	512	512	367	458	258	284	251.066
62	maps/rooms/8room_031.map	512	512	157	493	217	335	251.823
57	maps/rooms/8room_031.map	512	512	308	454	333	267	229.782
62	maps/rooms/8room_031.map	512	512	217	61	74	206	251.723
62	maps/rooms/8room_031.map	512	512	315	474	107	418	251.48
62	maps/rooms/8room_031.map	512	512	31	159	229	199	251.238
61	maps/rooms/8room_031.map	512	512	260	372	426	349	247.167
61	maps/rooms/8room_031.map	512	512	6	85	125	205	247.794
20	maps/rooms/8room_031.map	512	512	365	435	340	505	83.5269
60	maps/rooms/8room_031.map	512	512	104	180	298	247	243.853
55	maps/rooms/8room_031.map	512	512	474	504	430	329	221.995
60	maps/rooms/8room_031.map	512	512	359	477	280	290	243.823
11	maps/rooms/8room_031.map	512	512	396	137	358	127	44.4853
60	maps/rooms/8room_031.map	512	512	511	415	362	299	243.451
60	maps/rooms/8room_031.map	512	512	82	252	217	336	243.208
60	maps/rooms/8room_031.map	512	512	41	132	176	150	243.652
59	maps/rooms/8room_031.map	512	512	139	426	203	261	238.823
59	maps/rooms/8room_031.map	512	512	201	466	328	338	239.752
59	maps/rooms/8room_031.map	512	512	338	333	152	297	238.853
59	maps/rooms/8room_031.map	512	512	93	125	273	74	239.752
58	maps/rooms/8room_031.map	512	512	316	236	110	267	235.711
44	maps/rooms/8room_031.map	512	512	140	158	66	284	179.539
58	maps/rooms/8room_031.map	512	512	392	139	199	98	235.095
57	maps/rooms/8room_031.map	512	512	451	88	327	181	231.752
57	maps/rooms/8room_031.map	512	512	8	67	95	140	231.238
57	maps/rooms/8room_031.map	512	512	184	391	119	266	231.924
57	maps/rooms/8room_031.map	512	512	258	504	202	319	231.024
57	maps/rooms/8room_031.map	512	512	423	185	459	356	231.024
23	maps/rooms/8room_031.map	512	512	172	71	141	130	94.7696
49	maps/rooms/8room_031.map	512	512	299	191	239	323	197.196
53	maps/rooms/8room_031.map	512	512	171	8	100	150	212.581
57	maps/rooms/8room_031.map	512	512	329	261	413	105	230.711
39	maps/rooms/8room_031.map	512	512	376	472	492	472	157.539
56	maps/rooms/8room_031.map	512	512	409	486	314	329	227.924
56	maps/rooms/8room_031.map	512	512	236	377	309	236	227.439
56	maps/rooms/8room_031.map	512	512	20	368	157	243	227.581
56	maps/rooms/8room_031.map	512	512	265	306	270	127	226.811
56	maps/rooms/8room_031.map	512	512	495	264	365	393	227.409
55	maps/rooms/8room_031.map	512	512	21	57	68	200	223.581
55	maps/rooms/8room_031.map	512	512	306	148	186	278	223.823
40	maps/rooms/8room_031.map	512	512	182	388	270	446	163.255
55	maps/rooms/8room_031.map	512	512	190	291	173	135	223.752
55	maps/rooms/8room_031.map	512	512	356	267	187	202	223.581
55	maps/rooms/8room_031.map	512	512	426	149	425	338	223.782
54	maps/rooms/8room_031.map	512	512	298	170	443	285	217.238
55	maps/rooms/8room_031.map	512	512	475	435	322	488	223.924
54	maps/rooms/8room_031.map	512	512	87	445	164	284	219.439
48	maps/rooms/8room_031.map	512	512	484	137	397	183	192.823
53	maps/rooms/8room_031.map	512	512	20	265	195	244	214.953
53	maps/rooms/8room_031.map	512	512	326	489	392	322	214.782
53	maps/rooms/8room_031.map	512	512	100	322	219	231	215.823
53	maps/rooms/8room_031.map	512	512	133	152	251	286	215.823
52	maps/rooms/8room_031.map	512	512	90	341	229	247	210.681
52	maps/rooms/8room_031.map	512	512	180	506	228	377	211.995
52	maps/rooms/8room_031.map	512	512	258	233	186	382	211.368
52	maps/rooms/8room_031.map	512	512	444	330	313	210	211.167
52	maps/rooms/8room_031.map	512	512	250	280	99	195	211.238
52	maps/rooms/8room_031.map	512	512	73	168	209	107	211.167
52	maps/rooms/8room_031.map	512	512	78	469	250	420	211.953
51	maps/rooms/8room_031.map	512	512	180	320	55	316	207.61
48	maps/rooms/8room_031.map	512	512	261	143	428	125	192.054
20	maps/rooms/8room_031.map	512	512	410	302	444	243	80.1127
51	maps/rooms/8room_031.map	512	512	350	425	332	253	207.681
51	maps/rooms/8room_031.map	512	512	117	482	276	442	207.953
51	maps/rooms/8room_031.map	512	512	180	39	324	131	207.539
50	maps/rooms/8room_031.map	512	512	158	307	89	431	203.51
24	maps/rooms/8room_031.map	512	512	334	291	365	359	96.397
4	maps/rooms/8room_031.map	512	512	331	472	327	457	18.3137
50	maps/rooms/8room_031.map	512	512	472	360	443	214	203.225
50	maps/rooms/8room_031.map	512	512	45	3	217	52	203.468
7	maps/rooms/8room_031.map	512	512	166	94	142	82	30.7279
50	maps/rooms/8room_031.map	512	512	210	188	126	324	203.196
39	maps/rooms/8room_031.map	512	512	214	440	327	374	159.125
50	maps/rooms/8room_031.map	512	512	408	408	307	350	203.995
49	maps/rooms/8room_031.map	512	512	292	158	328	323	198.882
48	maps/rooms/8room_031.map	512	512	151	9	284	103	195.61
48	maps/rooms/8room_031.map	512	512	372	458	219	435	195.196
48	maps/rooms/8room_031.map	512	512	209	378	116	334	195.024
48	maps/rooms/8room_031.map	512	512	383	238	248	324	195.167
46	maps/rooms/8room_031.map	512	512	71	37	165	142	187.853
45	maps/rooms/8room_031.map	512	512	467	292	321	243	183.51
45	maps/rooms/8room_031.map	512	512	469	123	420	270	183.196
43	maps/rooms/8room_031.map	512	512	213	286	255	142	175.054
43	maps/rooms/8room_031.map	512	512	403	187	297	104	175.912
43	maps/rooms/8room_031.map	512	512	242	37	132	122	174.882
43	maps/rooms/8room_031.map	512	512	344	215	201	204	175.983
43	maps/rooms/8room_031.map	512	512	38	9	195	26	175.497
43	maps/rooms/8room_031.map	512	512	228	504	370	494	175.882
42	maps/rooms/8room_031.map	512	512	259	246	345	361	171.711
28	maps/rooms/8room_031.map	512	512	181	331	250	399	114.74
42	maps/rooms/8room_031.map	512	512	88	104	224	153	171.468
42	maps/rooms/8room_031.map	512	512	431	194	334	289	171.397
39	maps/rooms/8room_031.map	512	512	413	138	341	50	158.51
42	maps/rooms/8room_031.map	512	512	115	421	95	281	171.64
42	maps/rooms/8room_031.map	512	512	55	406	144	291	171.196
41	maps/rooms/8room_031.map	512	512	313	141	333	279	167.255
40	maps/rooms/8room_031.map	512	512	199	285	121	185	160.953
41	maps/rooms/8room_031.map	512	512	7	254	141	263	167.468
41	maps/rooms/8room_031.map	512	512	469	347	405	215	167.539
41	maps/rooms/8room_031.map	512	512	364	118	315	243	167.255
41	maps/rooms/8room_031.map	512	512	36	3	103	106	167.64
41	maps/rooms/8room_031.map	512	512	379	298	257	247	167.326
40	maps/rooms/8room_031.map	512	512	267	61	303	121	163.782
40	maps/rooms/8room_031.map	512	512	136	393	73	274	163.439
40	maps/rooms/8room_031.map	512	512	88	436	222	434	163.054
38	maps/rooms/8room_031.map	512	512	268	219	297	329	155.083
38	maps/rooms/8room_031.map	512	512	345	174	235	239	155.669
38	maps/rooms/8room_031.map	512	512	388	221	323	316	155.882
38	maps/rooms/8room_031.map	512	512	171	396	143	291	155.711
38	maps/rooms/8room_031.map	512	512	496	251	367	243	155.426
27	maps/rooms/8room_031.map	512	512	283	116	338	169	108.284
37	maps/rooms/8room_031.map	512	512	91	229	209	251	151.64
7	maps/rooms/8room_031.map	512	512	251	435	258	462	31.0711
37	maps/rooms/8room_031.map	512	512	488	333	383	377	151.912
37	maps/rooms/8room_031.map	512	512	426	316	348	205	151.51
37	maps/rooms/8room_031.map	512	512	103	166	95	280	151.497
37	maps/rooms/8room_031.map	512	512	7	329	78	228	150.811
37	maps/rooms/8room_031.map	512	512	344	134	328	242	151.355
36	maps/rooms/8room_031.map	512	512	327	106	208	147	147.64
36	maps/rooms/8room_031.map	512	512	409	191	450	78	147.296
36	maps/rooms/8room_031.map	512	512	156	172	66	254	147.054
17	maps/rooms/8room_031.map	512	512	255	170	229	224	68.2843
36	maps/rooms/8room_031.map	512	512	307	165	391	260	146.782
36	maps/rooms/8room_031.map	512	512	291	413	181	441	147.154
36	maps/rooms/8room_031.map	512	512	155	243	295	246	147.87
18	maps/rooms/8room_031.map	512	512	249	217	246	153	72.6985
36	maps/rooms/8room_031.map	512	512	148	147	267	175	147.912
35	maps/rooms/8room_031.map	512	512	190	308	307	317	143.497
35	maps/rooms/8room_031.map	512	512	405	354	442	252	142.841
35	maps/rooms/8room_031.map	512	512	213	107	109	127	143.74
34	maps/rooms/8room_031.map	512	512	285	463	309	351	138.77
34	maps/rooms/8room_031.map	512	512	19	261	129	266	139.77
33	maps/rooms/8room_031.map	512	512	62	499	71	387	134.841
33	maps/rooms/8room_031.map	512	512	331	488	377	391	135.326
33	maps/rooms/8room_031.map	512	512	365	450	379	345	135.426
33	maps/rooms/8room_031.map	512	512	207	392	180	285	135.355
33	maps/rooms/8room_031.map	512	512	369	455	332	343	135.326
33	maps/rooms/8room_031.map	512	512	230	466	144	435	135.669
33	maps/rooms/8room_031.map	512	512	503	91	433	183	135.539
32	maps/rooms/8room_031.map	512	512	362	508	387	401	131.154
32	maps/rooms/8room_031.map	512	512	457	39	409	117	131.397
32	maps/rooms/8room_031.map	512	512	72	242	140	164	131.983
32	maps/rooms/8room_031.map	512	512	23	211	113	263	131.054
32	maps/rooms/8room_031.map	512	512	361	474	371	363	130.598
32	maps/rooms/8room_031.map	512	512	459	238	366	298	131.569
32	maps/rooms/8room_031.map	512	512	44	76	21	174	131.811
32	maps/rooms/8room_031.map	512	512	281	194	334	283	131.355
31	maps/rooms/8room_031.map	512	512	404	379	396	275	127.941
28	maps/rooms/8room_031.map	512	512	147	153	222	169	113.326
31	maps/rooms/8room_031.map	512	512	460	335	369	309	127.569
31	maps/rooms/8room_031.map	512	512	311	425	299	316	127.569
31	maps/rooms/8room_031.map	512	512	325	131	225	153	127.598
31	maps/rooms/8room_031.map	512	512	56	260	151	251	127.154
31	maps/rooms/8room_031.map	512	512	325	212	238	153	127.841
31	maps/rooms/8room_031.map	512	512	127	278	123	350	127.841
16	maps/rooms/8room_031.map	512	512	294	147	299	207	65.3848
30	maps/rooms/8room_031.map	512	512	376	349	277	313	123.77
30	maps/rooms/8room_031.map	512	512	274	150	355	216	123.569
30	maps/rooms/8room_031.map	512	512	8	469	55	388	123.397
30	maps/rooms/8room_031.map	512	512	190	363	204	258	123.569
30	maps/rooms/8room_031.map	512	512	160	25	245	78	123.012
30	maps/rooms/8room_031.map	512	512	411	181	348	255	123.77
30	maps/rooms/8room_031.map	512	512	339	500	254	447	123.012
30	maps/rooms/8room_031.map	512	512	175	387	133	322	123.225
29	maps/rooms/8room_031.map	512	512	151	364	94	289	119.154
29	maps/rooms/8room_031.map	512	512	183	197	78	202	118.669
29	maps/rooms/8room_031.map	512	512	189	425	277	397	119.841
28	maps/rooms/8room_031.map	512	512	141	133	85	205	115.255
28	maps/rooms/8room_031.map	512	512	175	409	121	331	115.983
28	maps/rooms/8room_031.map	512	512	387	9	369	109	115.598
27	maps/rooms/8room_031.map	512	512	239	39	277	97	111.74
27	maps/rooms/8room_031.map	512	512	390	489	382	389	111.941
27	maps/rooms/8room_031.map	512	512	221	29	172	68	111.941
27	maps/rooms/8room_031.map	512	512	474	435	434	356	111.912
26	maps/rooms/8room_031.map	512	512	405	237	333	273	107.012
26	maps/rooms/8room_031.map	512	512	202	180	211	249	107.698
26	maps/rooms/8room_031.map	512	512	371	212	291	247	107.627
26	maps/rooms/8room_031.map	512	512	135	479	136	398	107.012
26	maps/rooms/8room_031.map	512	512	441	407	434	358	107.841
24	maps/rooms/8room_031.map	512	512	339	339	265	354	97.7279
26	maps/rooms/8room_031.map	512	512	331	51	261	77	107.74
6	maps/rooms/8room_031.map	512	512	485	23	501	22	25.1421
26	maps/rooms/8room_031.map	512	512	152	348	126	428	107.012
25	maps/rooms/8room_031.map	512	512	457	134	369	109	103.87
25	maps/rooms/8room_031.map	512	512	138	499	118	412	102.598
25	maps/rooms/8room_031.map	512	512	52	419	102	346	103.669
24	maps/rooms/8room_031.map	512	512	180	298	241	238	99.9117
20	maps/rooms/8room_031.map	512	512	123	412	67	395	82.2132
23	maps/rooms/8room_031.map	512	512	214	9	233	69	95.9117
23	maps/rooms/8room_031.map	512	512	183	312	128	323	95.6985
23	maps/rooms/8room_031.map	512	512	363	107	285	133	95.4558
23	maps/rooms/8room_031.map	512	512	143	508	188	487	95.598
23	maps/rooms/8room_031.map	512	512	24	339	94	348	95.669
23	maps/rooms/8room_031.map	512	512	458	5	443	85	94.8406
23	maps/rooms/8room_031.map	512	512	108	316	41	281	95.799
22	maps/rooms/8room_031.map	512	512	76	491	158	475	91.4558
22	maps/rooms/8room_031.map	512	512	493	364	414	341	90.8701
22	maps/rooms/8room_031.map	512	512	155	329	106	340	91.9411
22	maps/rooms/8room_031.map	512	512	366	156	296	180	91.4558
22	maps/rooms/8room_031.map	512	512	390	444	343	487	91.6985
21	maps/rooms/8room_031.map	512	512	23	93	15	161	87.8406
21	maps/rooms/8room_031.map	512	512	67	167	43	234	87.2843
21	maps/rooms/8room_031.map	512	512	42	233	94	290	87.9117
21	maps/rooms/8room_031.map	512	512	91	205	83	127	87.9411
21	maps/rooms/8room_031.map	512	512	338	399	297	337	87.1838
21	maps/rooms/8room_031.map	512	512	364	487	359	410	87.6985
21	maps/rooms/8room_031.map	512	512	159	494	117	479	87.3848
21	maps/rooms/8room_031.map	512	512	325	313	398	333	87.8701
20	maps/rooms/8room_031.map	512	512	374	445	348	377	83.1127
20	maps/rooms/8room_031.map	512	512	214	40	258	91	83.2843
20	maps/rooms/8room_031.map	512	512	205	149	271	176	83.5269
20	maps/rooms/8room_031.map	512	512	456	103	397	109	83.8701
20	maps/rooms/8room_031.map	512	512	393	20	338	30	83.7696
20	maps/rooms/8room_031.map	512	512	277	201	229	247	83.4558
20	maps/rooms/8room_031.map	512	512	220	381	240	330	83.2843
19	maps/rooms/8room_031.map	512	512	422	317	387	254	79.8406
19	maps/rooms/8room_031.map	512	512	40	484	102	467	79.1838
19	maps/rooms/8room_031.map	512	512	430	351	385	377	79.7696
19	maps/rooms/8room_031.map	512	512	488	443	460	383	78.6274
19	maps/rooms/8room_031.map	512	512	51	50	18	110	79.5269
19	maps/rooms/8room_031.map	512	512	25	431	84	420	79.6985
18	maps/rooms/8room_031.map	512	512	460	389	423	334	75.0122
18	maps/rooms/8room_031.map	512	512	79	350	137	321	75.8701
18	maps/rooms/8room_031.map	512	512	92	38	91	101	75.4558
18	maps/rooms/8room_031.map	512	512	238	59	250	108	75.8701
18	maps/rooms/8room_031.map	512	512	78	408	122	366	75.8406
15	maps/rooms/8room_031.map	512	512	108	186	155	163	60.5269
18	maps/rooms/8room_031.map	512	512	203	82	143	87	75.9706
18	maps/rooms/8room_031.map	512	512	407	90	405	158	74.6274
17	maps/rooms/8room_031.map	512	512	148	424	125	429	71.9411
17	maps/rooms/8room_031.map	512	512	211	379	249	412	71.5269
17	maps/rooms/8room_031.map	512	512	265	181	206	206	71.6985
17	maps/rooms/8room_031.map	512	512	462	308	415	340	71.9706
17	maps/rooms/8room_031.map	512	512	194	341	187	281	70.6985
17	maps/rooms/8room_031.map	512	512	25	19	26	63	71.5269
16	maps/rooms/8room_031.map	512	512	434	387	400	355	67.6985
16	maps/rooms/8room_031.map	512	512	468	490	416	504	67.6985
3	maps/rooms/8room_031.map	512	512	396	216	404	224	13.0711
16	maps/rooms/8room_031.map	512	512	271	102	216	98	67.4264
16	maps/rooms/8room_031.map	512	512	25	201	78	200	67.2132
16	maps/rooms/8room_031.map	512	512	310	437	324	488	67.1838
16	maps/rooms/8room_031.map	512	512	435	423	395	443	67.9411
16	maps/rooms/8room_031.map	512	512	404	260	367	230	66.598
15	maps/rooms/8room_031.map	512	512	55	468	58	409	63.5563
15	maps/rooms/8room_031.map	512	512	109	409	149	435	63.6985
15	maps/rooms/8room_031.map	512	512	4	245	56	247	62.6274
15	maps/rooms/8room_031.map	512	512	294	130	301	181	63.0122
15	maps/rooms/8room_031.map	512	512	121	180	160	217	63.6985
15	maps/rooms/8room_031.map	512	512	4	24	36	63	63.9706
15	maps/rooms/8room_031.map	512	512	474	280	454	235	63.4853
15	maps/rooms/8room_031.map	512	512	31	266	61	230	63.3553
15	maps/rooms/8room_031.map	512	512	312	446	351	407	63.3553
14	maps/rooms/8room_031.map	512	512	410	378	373	354	59.8701
14	maps/rooms/8room_031.map	512	512	114	260	119	226	59.6274
14	maps/rooms/8room_031.map	512	512	334	425	290	445	59.4558
14	maps/rooms/8room_031.map	512	512	79	476	129	474	59.5563
14	maps/rooms/8room_031.map	512	512	329	332	274	339	59.0711
14	maps/rooms/8room_031.map	512	512	286	355	315	347	59.8701
13	maps/rooms/8room_031.map	512	512	366	388	338	349	55.8701
13	maps/rooms/8room_031.map	512	512	201	346	241	356	55.1127
13	maps/rooms/8room_031.map	512	512	277	174	258	218	55.0416
13	maps/rooms/8room_031.map	512	512	387	46	377	85	54.799
13	maps/rooms/8room_031.map	512	512	452	501	401	504	55.5563
13	maps/rooms/8room_031.map	512	512	323	228	327	215	55.5269
13	maps/rooms/8room_031.map	512	512	377	232	346	196	55.8701
13	maps/rooms/8room_031.map	512	512	180	53	153	85	54.6985
13	maps/rooms/8room_031.map	512	512	169	150	221	153	55.7279
13	maps/rooms/8room_031.map	512	512	442	229	421	269	55.5269
12	maps/rooms/8room_031.map	512	512	259	137	244	109	51.5269
12	maps/rooms/8room_031.map	512	512	290	494	246	488	51.2132
12	maps/rooms/8room_031.map	512	512	249	435	269	397	51.799
12	maps/rooms/8room_031.map	512	512	338	398	343	418	51.1421
12	maps/rooms/8room_031.map	512	512	404	332	367	308	51.6274
12	maps/rooms/8room_031.map	512	512	374	333	326	330	51.7279
12	maps/rooms/8room_031.map	512	512	492	37	452	58	51.0416
12	maps/rooms/8room_031.map	512	512	248	491	201	490	51.5563
11	maps/rooms/8room_031.map	512	512	162	245	174	202	47.9706
11	maps/rooms/8room_031.map	512	512	180	3	138	16	47.3848
11	maps/rooms/8room_031.map	512	512	154	251	190	232	46.799
11	maps/rooms/8room_031.map	512	512	253	245	208	250	47.0711
11	maps/rooms/8room_031.map	512	512	470	223	486	244	47.1421
11	maps/rooms/8room_031.map	512	512	403	468	370	492	47.0416
11	maps/rooms/8room_031.map	512	512	120	283	89	295	47.9706
10	maps/rooms/8room_031.map	512	512	194	389	203	373	43.6274
10	maps/rooms/8room_031.map	512	512	35	159	37	180	43.3848
10	maps/rooms/8room_031.map	512	512	414	469	391	448	43.0711
10	maps/rooms/8room_031.map	512	512	361	316	340	296	43.9706
10	maps/rooms/8room_031.map	512	512	444	334	417	340	43.8701
10	maps/rooms/8room_031.map	512	512	291	84	279	102	43.2132
10	maps/rooms/8room_031.map	512	512	474	344	449	318	43.9706
10	maps/rooms/8room_031.map	512	512	155	324	148	358	42.8995
3	maps/rooms/8room_031.map	512	512	151	331	163	324	15.4853
9	maps/rooms/8room_031.map	512	512	392	348	413	323	39.5563
9	maps/rooms/8room_031.map	512	512	146	287	170	311	39.799
9	maps/rooms/8room_031.map	512	512	439	50	455	79	39.7279
9	maps/rooms/8room_031.map	512	512	488	57	470	39	39.799
9	maps/rooms/8room_031.map	512	512	441	315	435	282	39.6274
9	maps/rooms/8room_031.map	512	512	51	135	87	140	39.7279
9	maps/rooms/8room_031.map	512	512	313	197	332	174	39.4558
9	maps/rooms/8room_031.map	512	512	295	505	306	470	39.5563
6	maps/rooms/8room_031.map	512	512	277	380	286	356	27.7279
9	maps/rooms/8room_031.map	512	512	66	437	91	428	39.2132
8	maps/rooms/8room_031.map	512	512	466	304	447	280	35.3848
8	maps/rooms/8room_031.map	512	512	221	322	250	322	35.6274
8	maps/rooms/8room_031.map	512	512	251	414	276	397	35.5563
8	maps/rooms/8room_031.map	512	512	168	507	171	478	35.2132
8	maps/rooms/8room_031.map	512	512	453	475	471	451	34.9706
8	maps/rooms/8room_031.map	512	512	339	280	323	308	35.799
8	maps/rooms/8room_031.map	512	512	189	147	222	153	35.4853
8	maps/rooms/8room_031.map	512	512	306	398	314	366	35.3137
8	maps/rooms/8room_031.map	512	512	270	74	249	86	35.7279
7	maps/rooms/8room_031.map	512	512	213	469	231	450	31.1421
7	maps/rooms/8room_031.map	512	512	183	469	156	473	31.1421
7	maps/rooms/8room_031.map	512	512	60	101	32	109	31.3137
7	maps/rooms/8room_031.map	512	512	311	507	333	487	31.4558
7	maps/rooms/8room_031.map	512	512	215	418	235	438	31.799
7	maps/rooms/8room_031.map	512	512	440	152	439	181	31.0711
7	maps/rooms/8room_031.map	512	512	408	178	402	205	31.1421
6	maps/rooms/8room_031.map	512	512	50	85	46	106	27.1421
6	maps/rooms/8room_031.map	512	512	392	114	368	108	27.6569
6	maps/rooms/8room_031.map	512	512	22	306	30	284	27.6569
6	maps/rooms/8room_031.map	512	512	71	405	91	402	27.6274
6	maps/rooms/8room_031.map	512	512	100	389	121	377	27.1421
6	maps/rooms/8room_031.map	512	512	358	126	370	105	27.1421
6	maps/rooms/8room_031.map	512	512	159	233	176	237	27.1421
5	maps/rooms/8room_031.map	512	512	140	218	126	203	23.1421
5	maps/rooms/8room_031.map	512	512	249	77	257	91	23.5563
5	maps/rooms/8room_031.map	512	512	213	279	227	263	22.9706
5	maps/rooms/8room_031.map	512	512	377	326	394	318	23.1421
5	maps/rooms/8room_031.map	512	512	406	507	385	502	23.0711
5	maps/rooms/8room_031.map	512	512	165	346	147	359	23.9706
5	maps/rooms/8room_031.map	512	512	236	239	219	251	23.1421
5	maps/rooms/8room_031.map	512	512	32	109	11	113	23.8284
5	maps/rooms/8room_031.map	512	512	271	458	254	447	22.7279
5	maps/rooms/8room_031.map	512	512	308	495	312	478	23.7279
4	maps/rooms/8room_031.map	512	512	416	270	398	267	19.2426
4	maps/rooms/8room_031.map	512	512	30	136	46	143	19.7279
4	maps/rooms/8room_031.map	512	512	236	360	249	348	19.1421
4	maps/rooms/8room_031.map	512	512	402	200	406	187	19.1421
4	maps/rooms/8room_031.map	512	512	83	285	99	277	19.3137
4	maps/rooms/8room_031.map	512	512	165	174	152	179	18.8284
4	maps/rooms/8room_031.map	512	512	493	108	482	118	18.6569
4	maps/rooms/8room_031.map	512	512	36	165	39	182	19.0711
4	maps/rooms/8room_031.map	512	512	216	292	215	309	19.0711
3	maps/rooms/8room_031.map	512	512	438	252	430	260	14.8284
3	maps/rooms/8room_031.map	512	512	213	298	222	309	14.7279
3	maps/rooms/8room_031.map	512	512	439	186	433	198	15.0711
3	maps/rooms/8room_031.map	512	512	60	72	46	76	15.6569
3	maps/rooms/8room_031.map	512	512	506	441	493	434	15.8995
3	maps/rooms/8room_031.map	512	512	423	487	421	472	15.8284
3	maps/rooms/8room_031.map	512	512	60	76	46	78	14.8284
3	maps/rooms/8room_031.map	512	512	163	201	168	214	15.0711
2	maps/rooms/8room_031.map	512	512	344	408	335	402	11.4853
2	maps/rooms/8room_031.map	512	512	269	221	276	215	11.8284
2	maps/rooms/8room_031.map	512	512	297	15	293	20	11.8284
2	maps/rooms/8room_031.map	512	512	15	496	15	485	11
2	maps/rooms/8room_031.map	512	512	418	446	426	438	11.3137
2	maps/rooms/8room_031.map	512	512	349	510	339	506	11.6569
2	maps/rooms/8room_031.map	512	512	58	125	67	122	11.0711
2	maps/rooms/8room_031.map	512	512	335	511	327	503	11.3137
2	maps/rooms/8room_031.map	512	512	276	338	267	343	11.0711
2	maps/rooms/8room_031.map	512	512	102	447	105	437	11.2426
1	maps/rooms/8room_031.map	512	512	25	482	21	479	7
1	maps/rooms/8room_031.map	512	512	255	425	248	425	7
1	maps/rooms/8room_031.map	512	512	316	290	311	286	7.82843
1	maps/rooms/8room_031.map	512	512	484	188	478	191	7.24264
1	maps/rooms/8room_031.map	512	512	438	199	443	204	7.07107
1	maps/rooms/8room_031.map	512	512	381	25	376	20	7.07107
1	maps/rooms/8room_031.map	512	512	22	181	27	186	7.07107
1	maps/rooms/8room_031.map	512	512	374	243	380	241	7.41421
1	maps/rooms/8room_031.map	512	512	428	34	423	39	7.07107
1	maps/rooms/8room_031.map	512	512	373	403	377	399	6.82843
0	maps/rooms/8room_031.map	512	512	147	57	150	57	3
0	maps/rooms/8room_031.map	512	512	167	69	166	72	3.41421
0	maps/rooms/8room_031.map	512	512	11	76	13	73	3.82843
0	maps/rooms/8room_031.map	512	512	350	290	347	290	3
0	maps/rooms/8room_031.map	512	512	376	379	374	377	2.82843
0	maps/rooms/8room_031.map	512	512	140	500	137	498	3.82843
0	maps/rooms/8room_031.map	512	512	54	190	53	193	3.41421
0	maps/rooms/8room_031.map	512	512	237	134	234	135	3.41421
0	maps/rooms/8room_031.map	512	512	405	260	407	262	2.82843
0	maps/rooms/8room_031.map	512	512	83	205	86	204	3.41421
