version 1
6	maps/rooms/8room_099.map	512	512	141	37	157	51	26.4853
69	maps/rooms/8room_099.map	512	512	99	5	4	189	278.037
59	maps/rooms/8room_099.map	512	512	218	203	341	355	239.794
40	maps/rooms/8room_099.map	512	512	382	459	473	363	163.711
104	maps/rooms/8room_099.map	512	512	423	462	149	295	416.262
80	maps/rooms/8room_099.map	512	512	207	285	448	365	321.066
65	maps/rooms/8room_099.map	512	512	200	9	172	200	262.238
127	maps/rooms/8room_099.map	512	512	46	174	408	60	511.647
87	maps/rooms/8room_099.map	512	512	206	188	395	362	350.664
127	maps/rooms/8room_099.map	512	512	423	335	169	41	510.96
33	maps/rooms/8room_099.map	512	512	211	423	218	499	134.539
77	maps/rooms/8room_099.map	512	512	73	158	146	172	308.966
127	maps/rooms/8room_099.map	512	512	53	38	461	160	511.848
37	maps/rooms/8room_099.map	512	512	178	290	269	373	151.397
112	maps/rooms/8room_099.map	512	512	103	239	445	228	451.492
70	maps/rooms/8room_099.map	512	512	293	278	365	466	281.622
61	maps/rooms/8room_099.map	512	512	439	141	306	276	246.167
85	maps/rooms/8room_099.map	512	512	208	118	4	282	343.463
95	maps/rooms/8room_099.map	512	512	458	133	222	345	382.534
101	maps/rooms/8room_099.map	512	512	408	126	106	66	405.078
50	maps/rooms/8room_099.map	512	512	182	283	150	412	202.095
89	maps/rooms/8room_099.map	512	512	117	456	395	439	358.806
95	maps/rooms/8room_099.map	512	512	293	290	216	457	380.492
53	maps/rooms/8room_099.map	512	512	425	3	319	132	213.652
6	maps/rooms/8room_099.map	512	512	124	118	147	114	24.6569
67	maps/rooms/8room_099.map	512	512	445	284	268	425	271.966
56	maps/rooms/8room_099.map	512	512	202	101	270	276	226.882
72	maps/rooms/8room_099.map	512	512	117	136	53	323	288.179
116	maps/rooms/8room_099.map	512	512	91	38	31	390	464.333
81	maps/rooms/8room_099.map	512	512	12	343	278	375	324.309
71	maps/rooms/8room_099.map	512	512	163	138	64	315	284.451
127	maps/rooms/8room_099.map	512	512	25	85	274	393	511.032
87	maps/rooms/8room_099.map	512	512	296	316	21	255	349.037
65	maps/rooms/8room_099.map	512	512	322	319	139	217	262.48
72	maps/rooms/8room_099.map	512	512	196	300	204	443	291.936
36	maps/rooms/8room_099.map	512	512	431	343	477	237	144.811
34	maps/rooms/8room_099.map	512	512	376	165	323	71	139.468
89	maps/rooms/8room_099.map	512	512	219	15	124	286	359.907
80	maps/rooms/8room_099.map	512	512	492	418	253	454	322.279
43	maps/rooms/8room_099.map	512	512	22	55	139	19	172.539
127	maps/rooms/8room_099.map	512	512	42	443	270	82	511.759
46	maps/rooms/8room_099.map	512	512	171	298	36	340	187.368
82	maps/rooms/8room_099.map	512	512	168	149	398	30	330.806
47	maps/rooms/8room_099.map	512	512	431	420	293	434	191.439
81	maps/rooms/8room_099.map	512	512	195	296	435	185	326.179
114	maps/rooms/8room_099.map	512	512	86	221	355	434	457.99
127	maps/rooms/8room_099.map	512	512	504	175	106	85	511.706
76	maps/rooms/8room_099.map	512	512	418	287	374	25	307.681
74	maps/rooms/8room_099.map	512	512	111	469	317	495	297.966
102	maps/rooms/8room_099.map	512	512	286	221	63	76	410.676
126	maps/rooms/8room_099.map	512	512	474	147	117	299	504.605
92	maps/rooms/8room_099.map	512	512	213	73	201	387	370.007
73	maps/rooms/8room_099.map	512	512	77	328	182	163	292.836
103	maps/rooms/8room_099.map	512	512	469	180	351	490	415.22
126	maps/rooms/8room_099.map	512	512	136	2	263	381	506.818
105	maps/rooms/8room_099.map	512	512	404	207	94	110	422.12
127	maps/rooms/8room_099.map	512	512	14	141	395	298	511.789
90	maps/rooms/8room_099.map	512	512	335	219	92	357	360.179
54	maps/rooms/8room_099.map	512	512	120	29	2	49	218.794
127	maps/rooms/8room_099.map	512	512	152	298	458	50	511.647
127	maps/rooms/8room_099.map	512	512	500	436	238	133	510.831
50	maps/rooms/8room_099.map	512	512	362	88	254	7	202.338
85	maps/rooms/8room_099.map	512	512	243	31	483	100	341.593
90	maps/rooms/8room_099.map	512	512	312	84	329	376	362.279
19	maps/rooms/8room_099.map	512	512	416	452	383	500	76.5563
42	maps/rooms/8room_099.map	512	512	54	286	163	306	168.64
44	maps/rooms/8room_099.map	512	512	450	179	494	86	178.154
37	maps/rooms/8room_099.map	512	512	315	248	351	359	148.497
70	maps/rooms/8room_099.map	512	512	233	338	171	506	282.149
14	maps/rooms/8room_099.map	512	512	421	375	424	427	59.0416
127	maps/rooms/8room_099.map	512	512	57	26	411	225	511.132
78	maps/rooms/8room_099.map	512	512	476	123	254	71	312.451
126	maps/rooms/8room_099.map	512	512	498	426	151	194	507.09
73	maps/rooms/8room_099.map	512	512	213	215	404	343	292.421
42	maps/rooms/8room_099.map	512	512	21	346	110	456	169.711
95	maps/rooms/8room_099.map	512	512	246	7	102	269	383.22
126	maps/rooms/8room_099.map	512	512	151	370	349	47	507.718
126	maps/rooms/8room_099.map	512	512	470	25	192	331	507.688
52	maps/rooms/8room_099.map	512	512	331	245	242	363	211.368
89	maps/rooms/8room_099.map	512	512	234	450	76	312	356.007
87	maps/rooms/8room_099.map	512	512	492	157	436	423	350.25
82	maps/rooms/8room_099.map	512	512	67	418	192	185	328.149
126	maps/rooms/8room_099.map	512	512	85	101	288	405	507.759
114	maps/rooms/8room_099.map	512	512	456	319	84	280	457.09
101	maps/rooms/8room_099.map	512	512	37	350	276	125	406.676
49	maps/rooms/8room_099.map	512	512	460	292	453	443	198.468
94	maps/rooms/8room_099.map	512	512	317	275	9	265	377.22
96	maps/rooms/8room_099.map	512	512	270	207	317	506	387.706
126	maps/rooms/8room_099.map	512	512	309	506	399	103	506.747
72	maps/rooms/8room_099.map	512	512	60	377	127	168	290.25
126	maps/rooms/8room_099.map	512	512	502	215	129	44	507.404
83	maps/rooms/8room_099.map	512	512	115	39	284	233	334.137
91	maps/rooms/8room_099.map	512	512	19	173	280	126	364.049
126	maps/rooms/8room_099.map	512	512	28	490	236	127	507.274
46	maps/rooms/8room_099.map	512	512	315	375	380	418	185.439
44	maps/rooms/8room_099.map	512	512	460	328	413	426	178.64
76	maps/rooms/8room_099.map	512	512	73	100	299	21	306.622
75	maps/rooms/8room_099.map	512	512	135	4	118	233	303.38
93	maps/rooms/8room_099.map	512	512	373	511	380	199	375.693
28	maps/rooms/8room_099.map	512	512	184	325	84	324	113.669
93	maps/rooms/8room_099.map	512	512	137	254	410	349	374.35
58	maps/rooms/8room_099.map	512	512	362	102	196	104	233.196
106	maps/rooms/8room_099.map	512	512	488	98	167	17	426.049
117	maps/rooms/8room_099.map	512	512	489	123	184	310	470.132
126	maps/rooms/8room_099.map	512	512	442	476	414	96	507.161
125	maps/rooms/8room_099.map	512	512	50	92	105	459	503.848
27	maps/rooms/8room_099.map	512	512	505	220	424	180	110.497
64	maps/rooms/8room_099.map	512	512	266	307	194	131	258.167
125	maps/rooms/8room_099.map	512	512	469	194	77	351	503.09
119	maps/rooms/8room_099.map	512	512	53	299	422	283	478.948
45	maps/rooms/8room_099.map	512	512	347	198	342	56	181.468
63	maps/rooms/8room_099.map	512	512	268	76	462	115	255.167
125	maps/rooms/8room_099.map	512	512	39	495	25	85	503.848
24	maps/rooms/8room_099.map	512	512	166	403	143	347	96.2548
94	maps/rooms/8room_099.map	512	512	499	184	247	308	377.262
125	maps/rooms/8room_099.map	512	512	60	411	359	153	502.889
43	maps/rooms/8room_099.map	512	512	509	159	498	285	175.225
125	maps/rooms/8room_099.map	512	512	141	84	258	453	503.404
70	maps/rooms/8room_099.map	512	512	126	88	56	284	283.279
71	maps/rooms/8room_099.map	512	512	267	271	183	47	286.61
33	maps/rooms/8room_099.map	512	512	123	228	221	180	134.669
89	maps/rooms/8room_099.map	512	512	93	310	267	492	358.978
117	maps/rooms/8room_099.map	512	512	348	374	508	21	470.605
122	maps/rooms/8room_099.map	512	512	500	304	178	503	488.203
113	maps/rooms/8room_099.map	512	512	119	46	471	159	455.049
71	maps/rooms/8room_099.map	512	512	491	275	414	502	284.693
116	maps/rooms/8room_099.map	512	512	49	286	409	122	467.99
100	maps/rooms/8room_099.map	512	512	29	202	312	109	401.161
125	maps/rooms/8room_099.map	512	512	461	456	107	274	503.446
57	maps/rooms/8room_099.map	512	512	450	63	295	91	231.024
76	maps/rooms/8room_099.map	512	512	227	235	451	128	305.936
23	maps/rooms/8room_099.map	512	512	91	414	88	475	93.598
25	maps/rooms/8room_099.map	512	512	323	471	286	395	100.154
109	maps/rooms/8room_099.map	512	512	343	167	302	498	436.25
81	maps/rooms/8room_099.map	512	512	308	33	44	46	324.338
96	maps/rooms/8room_099.map	512	512	295	226	121	439	386.262
72	maps/rooms/8room_099.map	512	512	406	419	251	260	291.622
82	maps/rooms/8room_099.map	512	512	380	280	495	22	330.279
87	maps/rooms/8room_099.map	512	512	282	12	346	280	351.279
115	maps/rooms/8room_099.map	512	512	358	440	398	72	463.563
6	maps/rooms/8room_099.map	512	512	407	61	389	58	25.1421
25	maps/rooms/8room_099.map	512	512	370	181	456	202	100.012
92	maps/rooms/8room_099.map	512	512	340	312	47	348	368.179
96	maps/rooms/8room_099.map	512	512	106	105	29	382	384.635
70	maps/rooms/8room_099.map	512	512	370	473	390	255	281.924
72	maps/rooms/8room_099.map	512	512	24	384	115	169	290.693
49	maps/rooms/8room_099.map	512	512	159	132	82	197	199.924
125	maps/rooms/8room_099.map	512	512	456	78	95	237	502.818
59	maps/rooms/8room_099.map	512	512	159	136	303	246	238.51
49	maps/rooms/8room_099.map	512	512	59	172	136	303	197.539
121	maps/rooms/8room_099.map	512	512	332	51	114	361	485.404
125	maps/rooms/8room_099.map	512	512	236	382	43	81	503.203
24	maps/rooms/8room_099.map	512	512	468	358	396	330	98.7696
72	maps/rooms/8room_099.map	512	512	333	403	504	394	288.309
56	maps/rooms/8room_099.map	512	512	415	453	397	285	225.196
14	maps/rooms/8room_099.map	512	512	357	488	381	463	58.799
56	maps/rooms/8room_099.map	512	512	424	299	365	121	226.095
105	maps/rooms/8room_099.map	512	512	469	503	280	287	422.848
125	maps/rooms/8room_099.map	512	512	182	31	53	402	502.818
125	maps/rooms/8room_099.map	512	512	265	60	391	455	502.848
117	maps/rooms/8room_099.map	512	512	464	148	186	415	468.789
83	maps/rooms/8room_099.map	512	512	308	189	109	191	335.309
87	maps/rooms/8room_099.map	512	512	201	281	443	227	348.309
48	maps/rooms/8room_099.map	512	512	440	472	297	460	194.296
62	maps/rooms/8room_099.map	512	512	411	251	508	415	249.066
114	maps/rooms/8room_099.map	512	512	117	265	456	132	457.12
120	maps/rooms/8room_099.map	512	512	63	211	446	301	482.747
27	maps/rooms/8room_099.map	512	512	261	120	325	135	110.941
72	maps/rooms/8room_099.map	512	512	329	18	94	56	288.681
119	maps/rooms/8room_099.map	512	512	74	342	254	10	478.576
77	maps/rooms/8room_099.map	512	512	165	474	402	470	310.48
124	maps/rooms/8room_099.map	512	512	378	78	70	306	499.404
109	maps/rooms/8room_099.map	512	512	312	92	30	262	439.546
43	maps/rooms/8room_099.map	512	512	201	153	309	70	172.238
92	maps/rooms/8room_099.map	512	512	226	22	487	123	371.865
103	maps/rooms/8room_099.map	512	512	216	27	8	214	412.522
99	maps/rooms/8room_099.map	512	512	134	405	324	169	398.392
124	maps/rooms/8room_099.map	512	512	415	395	54	223	499.576
44	maps/rooms/8room_099.map	512	512	332	165	469	172	176.326
85	maps/rooms/8room_099.map	512	512	440	76	328	356	343.622
24	maps/rooms/8room_099.map	512	512	398	487	372	415	97.9411
84	maps/rooms/8room_099.map	512	512	300	205	117	342	339.522
122	maps/rooms/8room_099.map	512	512	70	476	86	185	489.818
81	maps/rooms/8room_099.map	512	512	333	239	111	326	324.38
53	maps/rooms/8room_099.map	512	512	488	334	498	492	212.953
115	maps/rooms/8room_099.map	512	512	379	451	371	69	463.806
107	maps/rooms/8room_099.map	512	512	457	386	120	297	429.321
16	maps/rooms/8room_099.map	512	512	239	45	284	18	65.2132
124	maps/rooms/8room_099.map	512	512	233	87	394	469	498.747
49	maps/rooms/8room_099.map	512	512	395	89	504	198	199.539
120	maps/rooms/8room_099.map	512	512	105	411	71	108	480.404
124	maps/rooms/8room_099.map	512	512	456	277	129	118	499.505
35	maps/rooms/8room_099.map	512	512	294	332	405	302	140.196
100	maps/rooms/8room_099.map	512	512	375	475	450	159	403.735
124	maps/rooms/8room_099.map	512	512	274	4	163	387	499.848
124	maps/rooms/8room_099.map	512	512	456	401	321	27	499.676
91	maps/rooms/8room_099.map	512	512	31	381	293	490	366.806
32	maps/rooms/8room_099.map	512	512	397	163	393	93	128.184
38	maps/rooms/8room_099.map	512	512	9	420	110	345	154.225
59	maps/rooms/8room_099.map	512	512	100	326	265	403	238.995
88	maps/rooms/8room_099.map	512	512	300	471	465	242	353.664
88	maps/rooms/8room_099.map	512	512	204	26	90	264	355.421
48	maps/rooms/8room_099.map	512	512	508	280	362	344	195.681
105	maps/rooms/8room_099.map	512	512	238	310	439	71	421.078
109	maps/rooms/8room_099.map	512	512	70	269	410	366	439.149
97	maps/rooms/8room_099.map	512	512	34	475	255	398	388.676
79	maps/rooms/8room_099.map	512	512	373	3	207	168	319.894
72	maps/rooms/8room_099.map	512	512	117	471	54	239	291.894
78	maps/rooms/8room_099.map	512	512	52	399	301	334	312.309
124	maps/rooms/8room_099.map	512	512	40	319	436	395	498.676
36	maps/rooms/8room_099.map	512	512	418	473	345	403	147.284
77	maps/rooms/8room_099.map	512	512	268	380	136	207	309.492
124	maps/rooms/8room_099.map	512	512	63	301	440	358	499.463
78	maps/rooms/8room_099.map	512	512	114	174	276	30	312.309
81	maps/rooms/8room_099.map	512	512	38	434	186	207	326.078
50	maps/rooms/8room_099.map	512	512	409	250	461	391	201.61
124	maps/rooms/8room_099.map	512	512	375	222	58	450	499.718
17	maps/rooms/8room_099.map	512	512	473	34	423	19	70.2548
124	maps/rooms/8room_099.map	512	512	346	386	126	117	499.718
56	maps/rooms/8room_099.map	512	512	351	419	217	302	225.51
53	maps/rooms/8room_099.map	512	512	436	470	494	347	215.953
117	maps/rooms/8room_099.map	512	512	495	74	359	421	471.576
71	maps/rooms/8room_099.map	512	512	116	244	117	428	284.48
60	maps/rooms/8room_099.map	512	512	212	349	110	474	243.208
102	maps/rooms/8room_099.map	512	512	39	364	124	51	409.12
85	maps/rooms/8room_099.map	512	512	309	258	90	311	343.279
92	maps/rooms/8room_099.map	512	512	68	140	274	232	369.179
123	maps/rooms/8room_099.map	512	512	79	263	447	67	495.647
56	maps/rooms/8room_099.map	512	512	147	253	248	314	225.681
86	maps/rooms/8room_099.map	512	512	55	301	255	183	347.907
87	maps/rooms/8room_099.map	512	512	284	61	474	189	351.581
36	maps/rooms/8room_099.map	512	512	453	152	445	39	144.64
110	maps/rooms/8room_099.map	512	512	485	57	210	284	442.475
123	maps/rooms/8room_099.map	512	512	466	303	71	194	495.203
71	maps/rooms/8room_099.map	512	512	253	488	469	442	284.309
46	maps/rooms/8room_099.map	512	512	428	278	303	211	187.681
101	maps/rooms/8room_099.map	512	512	236	119	300	445	404.877
53	maps/rooms/8room_099.map	512	512	429	361	253	353	215.882
43	maps/rooms/8room_099.map	512	512	185	314	47	362	174.125
97	maps/rooms/8room_099.map	512	512	322	411	115	199	390.463
120	maps/rooms/8room_099.map	512	512	310	508	183	166	480.061
91	maps/rooms/8room_099.map	512	512	109	397	251	156	365.007
56	maps/rooms/8room_099.map	512	512	250	202	382	136	227.983
102	maps/rooms/8room_099.map	512	512	93	451	188	148	408.735
108	maps/rooms/8room_099.map	512	512	92	330	402	455	432.747
46	maps/rooms/8room_099.map	512	512	359	133	258	238	185.095
73	maps/rooms/8room_099.map	512	512	238	278	420	391	294.622
123	maps/rooms/8room_099.map	512	512	108	164	473	271	495.605
117	maps/rooms/8room_099.map	512	512	59	471	391	334	471.132
122	maps/rooms/8room_099.map	512	512	355	265	81	468	490.161
84	maps/rooms/8room_099.map	512	512	488	165	437	445	339.007
123	maps/rooms/8room_099.map	512	512	219	379	379	43	495.948
54	maps/rooms/8room_099.map	512	512	479	382	383	283	217.51
91	maps/rooms/8room_099.map	512	512	409	133	111	229	366.794
123	maps/rooms/8room_099.map	512	512	358	426	134	168	495.848
109	maps/rooms/8room_099.map	512	512	456	349	377	31	437.25
73	maps/rooms/8room_099.map	512	512	159	188	150	423	294.409
86	maps/rooms/8room_099.map	512	512	141	46	5	235	344.38
34	maps/rooms/8room_099.map	512	512	362	381	428	390	139.811
63	maps/rooms/8room_099.map	512	512	467	332	398	495	253.539
92	maps/rooms/8room_099.map	512	512	149	222	450	199	369.279
123	maps/rooms/8room_099.map	512	512	421	77	358	457	495.291
87	maps/rooms/8room_099.map	512	512	404	237	439	500	348.25
80	maps/rooms/8room_099.map	512	512	293	323	44	242	323.966
59	maps/rooms/8room_099.map	512	512	263	196	462	196	237.853
56	maps/rooms/8room_099.map	512	512	359	130	207	75	224.782
123	maps/rooms/8room_099.map	512	512	100	106	382	360	495.789
116	maps/rooms/8room_099.map	512	512	224	132	235	508	467.919
123	maps/rooms/8room_099.map	512	512	468	223	115	402	495.061
50	maps/rooms/8room_099.map	512	512	204	162	300	264	200.61
62	maps/rooms/8room_099.map	512	512	206	296	324	138	250.894
123	maps/rooms/8room_099.map	512	512	67	49	229	365	495.688
93	maps/rooms/8room_099.map	512	512	278	233	343	484	374.877
92	maps/rooms/8room_099.map	512	512	390	361	266	94	370.522
16	maps/rooms/8room_099.map	512	512	151	78	117	103	65.8701
51	maps/rooms/8room_099.map	512	512	223	301	325	182	204.882
61	maps/rooms/8room_099.map	512	512	259	135	378	300	247.681
74	maps/rooms/8room_099.map	512	512	378	287	157	379	298.622
102	maps/rooms/8room_099.map	512	512	314	107	212	373	408.333
45	maps/rooms/8room_099.map	512	512	235	56	132	99	180.468
82	maps/rooms/8room_099.map	512	512	43	173	262	302	330.35
91	maps/rooms/8room_099.map	512	512	78	151	266	185	366.149
123	maps/rooms/8room_099.map	512	512	491	181	152	286	495.304
35	maps/rooms/8room_099.map	512	512	399	254	471	281	143.125
122	maps/rooms/8room_099.map	512	512	259	34	459	368	491.019
122	maps/rooms/8room_099.map	512	512	418	30	270	395	491.919
42	maps/rooms/8room_099.map	512	512	7	414	93	329	169.368
65	maps/rooms/8room_099.map	512	512	59	300	6	79	261.196
12	maps/rooms/8room_099.map	512	512	337	173	312	135	51.2843
100	maps/rooms/8room_099.map	512	512	83	237	409	149	402.936
24	maps/rooms/8room_099.map	512	512	355	40	300	26	97.2843
108	maps/rooms/8room_099.map	512	512	476	405	167	466	433.605
67	maps/rooms/8room_099.map	512	512	483	325	283	328	269.551
122	maps/rooms/8room_099.map	512	512	53	426	438	495	491.061
54	maps/rooms/8room_099.map	512	512	202	302	364	380	218.024
10	maps/rooms/8room_099.map	512	512	87	54	78	87	42.7279
65	maps/rooms/8room_099.map	512	512	438	364	279	453	263.782
47	maps/rooms/8room_099.map	512	512	359	221	219	234	188.64
7	maps/rooms/8room_099.map	512	512	295	126	290	107	31.5563
98	maps/rooms/8room_099.map	512	512	91	11	258	254	393.321
37	maps/rooms/8room_099.map	512	512	312	71	244	157	151.64
91	maps/rooms/8room_099.map	512	512	293	236	103	425	365.25
122	maps/rooms/8room_099.map	512	512	27	47	311	254	491.09
122	maps/rooms/8room_099.map	512	512	461	7	210	326	491.203
46	maps/rooms/8room_099.map	512	512	135	150	156	284	185.125
49	maps/rooms/8room_099.map	512	512	501	310	358	338	198.681
37	maps/rooms/8room_099.map	512	512	119	291	165	189	149.983
122	maps/rooms/8room_099.map	512	512	427	5	98	215	490.789
111	maps/rooms/8room_099.map	512	512	504	202	153	103	446.877
30	maps/rooms/8room_099.map	512	512	36	484	102	430	120.811
122	maps/rooms/8room_099.map	512	512	215	5	172	399	491.576
121	maps/rooms/8room_099.map	512	512	79	445	270	97	487.174
58	maps/rooms/8room_099.map	512	512	37	259	162	370	232.61
121	maps/rooms/8room_099.map	512	512	117	476	395	221	486.789
82	maps/rooms/8room_099.map	512	512	221	409	25	384	328.865
121	maps/rooms/8room_099.map	512	512	246	29	170	413	487.605
32	maps/rooms/8room_099.map	512	512	141	339	77	266	128.64
121	maps/rooms/8room_099.map	512	512	206	164	461	440	487.718
57	maps/rooms/8room_099.map	512	512	124	218	223	345	228.51
54	maps/rooms/8room_099.map	512	512	134	170	24	313	218.238
121	maps/rooms/8room_099.map	512	512	183	502	236	118	487.434
85	maps/rooms/8room_099.map	512	512	277	218	357	459	342.321
121	maps/rooms/8room_099.map	512	512	7	51	115	399	487.161
9	maps/rooms/8room_099.map	512	512	315	424	282	421	36.7279
121	maps/rooms/8room_099.map	512	512	60	413	217	54	487.889
121	maps/rooms/8room_099.map	512	512	119	44	141	405	487.333
73	maps/rooms/8room_099.map	512	512	424	284	185	346	295.208
95	maps/rooms/8room_099.map	512	512	148	501	335	301	382.706
105	maps/rooms/8room_099.map	512	512	317	173	3	249	423.948
80	maps/rooms/8room_099.map	512	512	309	222	492	396	323.593
70	maps/rooms/8room_099.map	512	512	204	364	71	203	281.723
121	maps/rooms/8room_099.map	512	512	167	469	201	109	486.434
91	maps/rooms/8room_099.map	512	512	189	43	444	189	364.078
109	maps/rooms/8room_099.map	512	512	117	23	450	119	436.764
119	maps/rooms/8room_099.map	512	512	94	431	355	261	478.647
104	maps/rooms/8room_099.map	512	512	88	277	403	191	417.492
86	maps/rooms/8room_099.map	512	512	239	139	260	421	345.978
120	maps/rooms/8room_099.map	512	512	72	414	439	493	483.99
84	maps/rooms/8room_099.map	512	512	287	403	452	188	336.836
91	maps/rooms/8room_099.map	512	512	166	210	424	326	366.978
120	maps/rooms/8room_099.map	512	512	41	243	426	287	483.718
97	maps/rooms/8room_099.map	512	512	124	137	424	252	390.907
28	maps/rooms/8room_099.map	512	512	215	42	122	14	112.012
77	maps/rooms/8room_099.map	512	512	135	263	343	124	310.037
120	maps/rooms/8room_099.map	512	512	371	9	70	229	483.676
116	maps/rooms/8room_099.map	512	512	130	419	471	485	466.362
118	maps/rooms/8room_099.map	512	512	186	83	70	374	473.233
102	maps/rooms/8room_099.map	512	512	450	51	427	374	411.664
120	maps/rooms/8room_099.map	512	512	501	492	159	296	483.161
120	maps/rooms/8room_099.map	512	512	441	386	200	81	483.203
47	maps/rooms/8room_099.map	512	512	133	265	92	412	188.61
60	maps/rooms/8room_099.map	512	512	84	320	102	150	240.468
120	maps/rooms/8room_099.map	512	512	90	132	327	306	483.718
120	maps/rooms/8room_099.map	512	512	429	79	68	222	483.948
119	maps/rooms/8room_099.map	512	512	470	36	82	25	479.978
118	maps/rooms/8room_099.map	512	512	508	324	143	290	473.877
98	maps/rooms/8room_099.map	512	512	163	29	187	278	393.149
68	maps/rooms/8room_099.map	512	512	330	292	247	460	272.823
93	maps/rooms/8room_099.map	512	512	99	73	389	71	372.451
81	maps/rooms/8room_099.map	512	512	86	286	37	42	327.693
106	maps/rooms/8room_099.map	512	512	174	14	485	82	426.22
115	maps/rooms/8room_099.map	512	512	169	455	376	191	461.576
93	maps/rooms/8room_099.map	512	512	234	54	501	95	375.764
119	maps/rooms/8room_099.map	512	512	49	221	329	502	479.517
81	maps/rooms/8room_099.map	512	512	509	66	266	35	327.522
119	maps/rooms/8room_099.map	512	512	26	446	92	92	479.546
41	maps/rooms/8room_099.map	512	512	210	244	297	330	165.225
87	maps/rooms/8room_099.map	512	512	275	221	3	254	351.25
119	maps/rooms/8room_099.map	512	512	133	476	489	374	479.647
56	maps/rooms/8room_099.map	512	512	116	395	277	301	226.439
119	maps/rooms/8room_099.map	512	512	468	77	282	436	479.132
69	maps/rooms/8room_099.map	512	512	423	277	233	206	278.865
104	maps/rooms/8room_099.map	512	512	479	154	140	107	417.037
89	maps/rooms/8room_099.map	512	512	101	179	309	56	357.551
89	maps/rooms/8room_099.map	512	512	379	98	119	228	356.451
55	maps/rooms/8room_099.map	512	512	292	309	338	463	221.681
16	maps/rooms/8room_099.map	512	512	175	143	170	111	67.3848
56	maps/rooms/8room_099.map	512	512	231	207	53	251	224.652
51	maps/rooms/8room_099.map	512	512	341	244	501	197	205.61
62	maps/rooms/8room_099.map	512	512	374	231	300	428	251.51
119	maps/rooms/8room_099.map	512	512	427	10	105	233	478.889
16	maps/rooms/8room_099.map	512	512	390	126	425	165	65.4558
83	maps/rooms/8room_099.map	512	512	450	419	253	253	332.764
72	maps/rooms/8room_099.map	512	512	218	116	255	348	289.693
117	maps/rooms/8room_099.map	512	512	475	137	188	382	470.375
119	maps/rooms/8room_099.map	512	512	419	381	77	471	479.061
89	maps/rooms/8room_099.map	512	512	219	204	469	215	358.865
76	maps/rooms/8room_099.map	512	512	170	323	312	147	305.622
54	maps/rooms/8room_099.map	512	512	283	202	233	359	216.823
118	maps/rooms/8room_099.map	512	512	438	73	428	466	475.877
58	maps/rooms/8room_099.map	512	512	230	452	338	299	233.652
118	maps/rooms/8room_099.map	512	512	14	411	377	371	475.635
15	maps/rooms/8room_099.map	512	512	390	120	427	83	62.8701
79	maps/rooms/8room_099.map	512	512	45	280	230	106	319.149
118	maps/rooms/8room_099.map	512	512	58	23	334	267	475.505
118	maps/rooms/8room_099.map	512	512	258	160	98	503	475.049
91	maps/rooms/8room_099.map	512	512	498	163	266	33	364.25
43	maps/rooms/8room_099.map	512	512	361	285	483	286	174.095
63	maps/rooms/8room_099.map	512	512	168	123	37	70	253.238
75	maps/rooms/8room_099.map	512	512	239	452	132	402	302.563
43	maps/rooms/8room_099.map	512	512	250	398	196	261	173.267
64	maps/rooms/8room_099.map	512	512	331	475	172	322	259.865
118	maps/rooms/8room_099.map	512	512	107	468	393	231	475.676
63	maps/rooms/8room_099.map	512	512	166	450	66	285	254.723
87	maps/rooms/8room_099.map	512	512	212	273	478	156	348.907
118	maps/rooms/8room_099.map	512	512	302	456	270	71	475.877
88	maps/rooms/8room_099.map	512	512	143	392	338	212	353.007
27	maps/rooms/8room_099.map	512	512	434	294	377	355	108.527
56	maps/rooms/8room_099.map	512	512	237	460	190	511	227.196
103	maps/rooms/8room_099.map	512	512	118	363	47	61	413.149
118	maps/rooms/8room_099.map	512	512	132	59	253	366	475.362
90	maps/rooms/8room_099.map	512	512	418	3	185	11	361.392
52	maps/rooms/8room_099.map	512	512	182	298	267	221	210.61
13	maps/rooms/8room_099.map	512	512	382	291	420	287	53.4558
118	maps/rooms/8room_099.map	512	512	50	178	385	371	475.505
22	maps/rooms/8room_099.map	512	512	201	169	200	230	91.9411
26	maps/rooms/8room_099.map	512	512	479	38	389	62	107.74
44	maps/rooms/8room_099.map	512	512	375	153	495	132	179.368
57	maps/rooms/8room_099.map	512	512	83	418	248	505	228.752
23	maps/rooms/8room_099.map	512	512	186	150	165	90	95.8701
75	maps/rooms/8room_099.map	512	512	427	100	187	178	300.309
103	maps/rooms/8room_099.map	512	512	164	389	125	93	413.492
24	maps/rooms/8room_099.map	512	512	132	447	195	491	98.598
117	maps/rooms/8room_099.map	512	512	387	490	195	183	471.333
67	maps/rooms/8room_099.map	512	512	243	231	392	395	271.451
93	maps/rooms/8room_099.map	512	512	344	365	37	342	373.622
41	maps/rooms/8room_099.map	512	512	333	351	462	290	164.811
42	maps/rooms/8room_099.map	512	512	363	510	389	367	171.811
65	maps/rooms/8room_099.map	512	512	267	143	475	137	262.61
107	maps/rooms/8room_099.map	512	512	471	45	232	290	430.818
117	maps/rooms/8room_099.map	512	512	57	7	382	189	471.333
90	maps/rooms/8room_099.map	512	512	422	382	188	215	360.078
115	maps/rooms/8room_099.map	512	512	365	346	156	44	462.362
37	maps/rooms/8room_099.map	512	512	373	37	281	24	149.225
117	maps/rooms/8room_099.map	512	512	453	114	77	252	470.676
99	maps/rooms/8room_099.map	512	512	362	427	233	186	396.434
106	maps/rooms/8room_099.map	512	512	391	279	50	214	425.463
96	maps/rooms/8room_099.map	512	512	405	191	154	303	384.664
117	maps/rooms/8room_099.map	512	512	351	473	63	226	471.86
37	maps/rooms/8room_099.map	512	512	364	98	292	170	149.255
116	maps/rooms/8room_099.map	512	512	450	510	220	205	467.96
66	maps/rooms/8room_099.map	512	512	130	482	345	462	264.48
19	maps/rooms/8room_099.map	512	512	247	318	268	350	76.3137
28	maps/rooms/8room_099.map	512	512	213	488	116	479	112.184
116	maps/rooms/8room_099.map	512	512	433	255	79	407	466.818
77	maps/rooms/8room_099.map	512	512	213	307	390	140	310.836
58	maps/rooms/8room_099.map	512	512	205	165	343	70	235.551
69	maps/rooms/8room_099.map	512	512	40	321	260	343	278.066
116	maps/rooms/8room_099.map	512	512	54	17	302	281	466.96
88	maps/rooms/8room_099.map	512	512	474	490	402	235	352.563
116	maps/rooms/8room_099.map	512	512	39	27	382	181	467.676
116	maps/rooms/8room_099.map	512	512	135	509	335	219	467.446
74	maps/rooms/8room_099.map	512	512	211	341	400	500	299.522
68	maps/rooms/8room_099.map	512	512	59	180	122	94	272.823
116	maps/rooms/8room_099.map	512	512	478	44	210	323	467.617
13	maps/rooms/8room_099.map	512	512	358	178	330	148	54.7279
97	maps/rooms/8room_099.map	512	512	429	115	237	363	390.593
66	maps/rooms/8room_099.map	512	512	292	313	188	153	264.451
115	maps/rooms/8room_099.map	512	512	43	174	374	355	463.605
88	maps/rooms/8room_099.map	512	512	489	120	227	71	353.836
72	maps/rooms/8room_099.map	512	512	187	212	62	410	291.35
89	maps/rooms/8room_099.map	512	512	85	479	344	426	358.149
34	maps/rooms/8room_099.map	512	512	66	258	29	376	139.426
110	maps/rooms/8room_099.map	512	512	419	140	116	287	443.806
95	maps/rooms/8room_099.map	512	512	56	11	149	274	382.392
62	maps/rooms/8room_099.map	512	512	214	56	396	119	250.966
115	maps/rooms/8room_099.map	512	512	345	290	79	37	463.919
77	maps/rooms/8room_099.map	512	512	83	25	328	53	310.338
42	maps/rooms/8room_099.map	512	512	5	148	90	118	168.882
102	maps/rooms/8room_099.map	512	512	350	456	290	203	408.505
27	maps/rooms/8room_099.map	512	512	331	42	300	121	108.669
109	maps/rooms/8room_099.map	512	512	51	275	228	466	436.291
33	maps/rooms/8room_099.map	512	512	236	324	126	356	135.497
115	maps/rooms/8room_099.map	512	512	507	425	191	443	463.404
40	maps/rooms/8room_099.map	512	512	336	345	379	443	161.811
76	maps/rooms/8room_099.map	512	512	252	358	268	124	304.652
60	maps/rooms/8room_099.map	512	512	358	500	426	312	243.681
35	maps/rooms/8room_099.map	512	512	504	87	395	102	141.012
102	maps/rooms/8room_099.map	512	512	216	375	359	127	410.321
111	maps/rooms/8room_099.map	512	512	312	247	31	99	446.605
115	maps/rooms/8room_099.map	512	512	292	135	68	422	463.333
115	maps/rooms/8room_099.map	512	512	431	483	259	143	463.262
8	maps/rooms/8room_099.map	512	512	491	140	505	158	33.5563
115	maps/rooms/8room_099.map	512	512	332	362	101	92	462.889
91	maps/rooms/8room_099.map	512	512	231	309	364	85	367.877
87	maps/rooms/8room_099.map	512	512	359	205	87	201	351.522
93	maps/rooms/8room_099.map	512	512	398	153	217	350	373.706
114	maps/rooms/8room_099.map	512	512	317	194	55	444	459.161
24	maps/rooms/8room_099.map	512	512	242	414	285	476	99.2843
114	maps/rooms/8room_099.map	512	512	136	408	370	138	459.99
53	maps/rooms/8room_099.map	512	512	221	231	37	248	215.267
114	maps/rooms/8room_099.map	512	512	38	47	367	166	459.848
93	maps/rooms/8room_099.map	512	512	442	355	185	218	374.735
103	maps/rooms/8room_099.map	512	512	111	346	74	135	414.735
21	maps/rooms/8room_099.map	512	512	274	232	234	217	85.6274
96	maps/rooms/8room_099.map	512	512	297	135	43	80	386.907
84	maps/rooms/8room_099.map	512	512	277	104	239	366	337.38
40	maps/rooms/8room_099.map	512	512	264	13	333	105	163.953
85	maps/rooms/8room_099.map	512	512	37	222	307	245	343.108
86	maps/rooms/8room_099.map	512	512	361	329	97	376	347.35
14	maps/rooms/8room_099.map	512	512	243	63	261	19	57.9411
97	maps/rooms/8room_099.map	512	512	255	502	173	217	389.877
47	maps/rooms/8room_099.map	512	512	446	181	353	50	188.267
79	maps/rooms/8room_099.map	512	512	436	155	491	404	317.865
23	maps/rooms/8room_099.map	512	512	131	139	175	76	94.1127
25	maps/rooms/8room_099.map	512	512	233	329	220	387	102.74
100	maps/rooms/8room_099.map	512	512	511	91	221	186	402.078
98	maps/rooms/8room_099.map	512	512	467	319	255	171	395.99
42	maps/rooms/8room_099.map	512	512	20	389	115	438	168.167
21	maps/rooms/8room_099.map	512	512	151	6	216	40	87.4264
114	maps/rooms/8room_099.map	512	512	475	406	460	22	459.291
86	maps/rooms/8room_099.map	512	512	281	116	42	109	345.078
114	maps/rooms/8room_099.map	512	512	451	354	189	442	459.161
21	maps/rooms/8room_099.map	512	512	424	282	409	338	84.0122
67	maps/rooms/8room_099.map	512	512	286	356	383	170	269.024
63	maps/rooms/8room_099.map	512	512	88	194	227	346	255.752
50	maps/rooms/8room_099.map	512	512	347	51	360	212	203.782
29	maps/rooms/8room_099.map	512	512	372	261	431	182	119.841
50	maps/rooms/8room_099.map	512	512	499	73	438	231	201.125
86	maps/rooms/8room_099.map	512	512	194	308	444	412	347.865
35	maps/rooms/8room_099.map	512	512	170	291	186	213	140.811
114	maps/rooms/8room_099.map	512	512	43	398	390	236	459.534
33	maps/rooms/8room_099.map	512	512	299	295	302	381	132.983
35	maps/rooms/8room_099.map	512	512	428	307	489	205	140.397
71	maps/rooms/8room_099.map	512	512	197	246	395	173	286.622
57	maps/rooms/8room_099.map	512	512	341	181	211	312	231.167
96	maps/rooms/8room_099.map	512	512	271	421	297	139	384.09
96	maps/rooms/8room_099.map	512	512	135	46	302	296	385.836
47	maps/rooms/8room_099.map	512	512	231	121	315	262	191.024
75	maps/rooms/8room_099.map	512	512	331	431	102	329	301.593
114	maps/rooms/8room_099.map	512	512	281	163	198	476	457.747
113	maps/rooms/8room_099.map	512	512	138	175	483	110	455.563
69	maps/rooms/8room_099.map	512	512	501	294	297	213	279.836
113	maps/rooms/8room_099.map	512	512	377	443	20	446	455.647
113	maps/rooms/8room_099.map	512	512	507	340	136	367	455.463
68	maps/rooms/8room_099.map	512	512	291	68	162	238	272.522
73	maps/rooms/8room_099.map	512	512	199	362	212	118	294.279
111	maps/rooms/8room_099.map	512	512	61	500	376	466	444.848
10	maps/rooms/8room_099.map	512	512	438	158	475	144	43.3848
30	maps/rooms/8room_099.map	512	512	21	315	83	294	122.983
113	maps/rooms/8room_099.map	512	512	358	92	187	405	455.647
113	maps/rooms/8room_099.map	512	512	105	31	347	281	455.806
90	maps/rooms/8room_099.map	512	512	235	279	140	2	360.108
79	maps/rooms/8room_099.map	512	512	78	263	253	77	319.451
98	maps/rooms/8room_099.map	512	512	381	406	147	399	393.191
58	maps/rooms/8room_099.map	512	512	327	363	419	182	233.409
107	maps/rooms/8room_099.map	512	512	487	294	255	56	431.12
110	maps/rooms/8room_099.map	512	512	198	268	460	26	442.96
113	maps/rooms/8room_099.map	512	512	99	462	3	90	455.706
80	maps/rooms/8room_099.map	512	512	174	443	106	200	322.966
71	maps/rooms/8room_099.map	512	512	276	438	109	294	286.865
107	maps/rooms/8room_099.map	512	512	457	407	131	510	428.12
55	maps/rooms/8room_099.map	512	512	84	463	62	287	222.752
21	maps/rooms/8room_099.map	512	512	167	431	118	394	86.8701
113	maps/rooms/8room_099.map	512	512	312	174	7	102	455.191
82	maps/rooms/8room_099.map	512	512	235	3	136	234	330.451
37	maps/rooms/8room_099.map	512	512	107	217	184	267	151.184
76	maps/rooms/8room_099.map	512	512	453	267	359	34	307.451
113	maps/rooms/8room_099.map	512	512	237	110	452	423	455.889
113	maps/rooms/8room_099.map	512	512	132	382	27	42	455.777
83	maps/rooms/8room_099.map	512	512	103	200	150	5	333.865
112	maps/rooms/8room_099.map	512	512	34	60	338	173	451.676
112	maps/rooms/8room_099.map	512	512	403	260	183	488	451.061
88	maps/rooms/8room_099.map	512	512	190	57	300	328	352.522
112	maps/rooms/8room_099.map	512	512	507	14	173	191	451.434
61	maps/rooms/8room_099.map	512	512	255	500	442	500	247.752
85	maps/rooms/8room_099.map	512	512	52	499	267	453	343.735
63	maps/rooms/8room_099.map	512	512	339	228	313	394	252.51
112	maps/rooms/8room_099.map	512	512	443	276	140	433	451.647
105	maps/rooms/8room_099.map	512	512	294	46	21	148	420.764
45	maps/rooms/8room_099.map	512	512	322	380	237	451	182.752
63	maps/rooms/8room_099.map	512	512	52	205	11	50	252.066
112	maps/rooms/8room_099.map	512	512	19	83	370	69	451.794
112	maps/rooms/8room_099.map	512	512	394	68	165	345	451.262
112	maps/rooms/8room_099.map	512	512	171	490	444	295	451.404
81	maps/rooms/8room_099.map	512	512	116	197	28	451	326.936
62	maps/rooms/8room_099.map	512	512	92	171	277	178	248.752
85	maps/rooms/8room_099.map	512	512	40	158	291	255	340.208
112	maps/rooms/8room_099.map	512	512	42	72	119	418	451.291
29	maps/rooms/8room_099.map	512	512	230	127	285	215	118.983
112	maps/rooms/8room_099.map	512	512	334	202	53	98	451.191
26	maps/rooms/8room_099.map	512	512	479	26	474	115	106.77
97	maps/rooms/8room_099.map	512	512	453	508	501	187	391.735
89	maps/rooms/8room_099.map	512	512	202	124	453	253	359.421
63	maps/rooms/8room_099.map	512	512	239	211	54	171	252.48
65	maps/rooms/8room_099.map	512	512	238	219	423	268	261.622
18	maps/rooms/8room_099.map	512	512	392	354	407	414	73.8701
29	maps/rooms/8room_099.map	512	512	455	375	446	300	119.012
24	maps/rooms/8room_099.map	512	512	364	492	413	421	99.4975
17	maps/rooms/8room_099.map	512	512	92	359	141	354	71.4558
111	maps/rooms/8room_099.map	512	512	2	19	344	127	447.563
111	maps/rooms/8room_099.map	512	512	428	431	236	117	447.304
111	maps/rooms/8room_099.map	512	512	443	446	189	192	447.505
37	maps/rooms/8room_099.map	512	512	24	391	40	504	151.468
47	maps/rooms/8room_099.map	512	512	194	77	164	62	188.882
78	maps/rooms/8room_099.map	512	512	198	178	443	79	313.723
111	maps/rooms/8room_099.map	512	512	454	267	159	108	447.806
61	maps/rooms/8room_099.map	512	512	200	358	260	173	245.167
18	maps/rooms/8room_099.map	512	512	247	445	218	392	73.4558
57	maps/rooms/8room_099.map	512	512	229	51	269	246	229.368
66	maps/rooms/8room_099.map	512	512	216	3	58	143	265.966
111	maps/rooms/8room_099.map	512	512	492	45	188	194	446.948
111	maps/rooms/8room_099.map	512	512	22	58	187	328	447.676
79	maps/rooms/8room_099.map	512	512	250	264	450	421	317.35
111	maps/rooms/8room_099.map	512	512	175	262	364	60	447.919
110	maps/rooms/8room_099.map	512	512	52	215	403	115	442.706
57	maps/rooms/8room_099.map	512	512	214	126	326	279	231.61
110	maps/rooms/8room_099.map	512	512	19	455	345	295	443.563
28	maps/rooms/8room_099.map	512	512	83	125	148	61	114.497
85	maps/rooms/8room_099.map	512	512	346	123	180	332	342.522
102	maps/rooms/8room_099.map	512	512	117	412	361	202	408.635
54	maps/rooms/8room_099.map	512	512	86	307	231	300	219.439
110	maps/rooms/8room_099.map	512	512	509	473	232	248	443.948
33	maps/rooms/8room_099.map	512	512	408	46	356	151	133.569
46	maps/rooms/8room_099.map	512	512	300	396	204	407	185.024
48	maps/rooms/8room_099.map	512	512	279	38	154	98	193.669
110	maps/rooms/8room_099.map	512	512	486	365	147	398	443.605
52	maps/rooms/8room_099.map	512	512	339	242	298	84	211.083
110	maps/rooms/8room_099.map	512	512	424	504	85	444	443.333
52	maps/rooms/8room_099.map	512	512	88	461	262	505	208.853
58	maps/rooms/8room_099.map	512	512	143	103	180	253	233.711
74	maps/rooms/8room_099.map	512	512	8	21	158	164	297.894
41	maps/rooms/8room_099.map	512	512	298	297	410	229	165.397
41	maps/rooms/8room_099.map	512	512	380	294	410	422	164.368
110	maps/rooms/8room_099.map	512	512	347	111	124	380	443.12
42	maps/rooms/8room_099.map	512	512	362	201	510	194	169.125
75	maps/rooms/8room_099.map	512	512	232	361	463	418	300.551
50	maps/rooms/8room_099.map	512	512	426	56	310	163	200.581
110	maps/rooms/8room_099.map	512	512	115	57	135	397	442.777
109	maps/rooms/8room_099.map	512	512	423	339	157	141	439.505
63	maps/rooms/8room_099.map	512	512	407	178	461	358	252.024
105	maps/rooms/8room_099.map	512	512	76	269	346	68	421.534
78	maps/rooms/8room_099.map	512	512	188	60	419	169	314.208
67	maps/rooms/8room_099.map	512	512	116	423	184	218	269.995
77	maps/rooms/8room_099.map	512	512	499	380	396	163	308.208
76	maps/rooms/8room_099.map	512	512	479	391	262	442	304.35
101	maps/rooms/8room_099.map	512	512	469	404	266	166	404.019
36	maps/rooms/8room_099.map	512	512	258	75	196	169	146.468
54	maps/rooms/8room_099.map	512	512	306	70	429	185	218.167
71	maps/rooms/8room_099.map	512	512	50	379	187	187	286.037
57	maps/rooms/8room_099.map	512	512	255	92	307	270	228.125
84	maps/rooms/8room_099.map	512	512	125	434	258	228	339.735
82	maps/rooms/8room_099.map	512	512	506	122	222	149	330.095
109	maps/rooms/8room_099.map	512	512	86	89	346	319	439.647
19	maps/rooms/8room_099.map	512	512	456	71	501	115	79.1838
16	maps/rooms/8room_099.map	512	512	116	473	120	427	64.8701
83	maps/rooms/8room_099.map	512	512	106	494	5	249	332.108
109	maps/rooms/8room_099.map	512	512	447	418	151	230	439.362
109	maps/rooms/8room_099.map	512	512	508	446	361	138	439.735
67	maps/rooms/8room_099.map	512	512	371	204	205	328	271.823
108	maps/rooms/8room_099.map	512	512	462	258	97	346	435.534
108	maps/rooms/8room_099.map	512	512	237	482	270	216	435.635
62	maps/rooms/8room_099.map	512	512	137	252	7	150	251.48
97	maps/rooms/8room_099.map	512	512	99	334	141	44	389.764
108	maps/rooms/8room_099.map	512	512	339	231	22	323	435.475
86	maps/rooms/8room_099.map	512	512	407	79	151	201	347.279
44	maps/rooms/8room_099.map	512	512	30	428	138	324	176.853
108	maps/rooms/8room_099.map	512	512	21	472	16	132	435.291
108	maps/rooms/8room_099.map	512	512	78	490	15	132	435.492
35	maps/rooms/8room_099.map	512	512	218	153	202	47	141.012
108	maps/rooms/8room_099.map	512	512	394	474	106	253	435.576
65	maps/rooms/8room_099.map	512	512	255	297	293	114	263.752
108	maps/rooms/8room_099.map	512	512	156	343	468	456	434.22
103	maps/rooms/8room_099.map	512	512	351	499	313	202	415.392
108	maps/rooms/8room_099.map	512	512	498	18	196	185	435.534
88	maps/rooms/8room_099.map	512	512	67	82	325	190	352.108
17	maps/rooms/8room_099.map	512	512	148	275	87	276	68.6274
107	maps/rooms/8room_099.map	512	512	236	424	435	123	431.12
70	maps/rooms/8room_099.map	512	512	246	93	437	13	280.279
94	maps/rooms/8room_099.map	512	512	54	335	306	246	377.35
36	maps/rooms/8room_099.map	512	512	98	446	138	325	146.882
94	maps/rooms/8room_099.map	512	512	377	135	477	414	379.35
22	maps/rooms/8room_099.map	512	512	163	415	138	362	88.3259
107	maps/rooms/8room_099.map	512	512	355	399	456	122	431.605
84	maps/rooms/8room_099.map	512	512	200	141	272	393	338.25
107	maps/rooms/8room_099.map	512	512	488	441	262	176	431.475
31	maps/rooms/8room_099.map	512	512	4	154	56	104	125.598
66	maps/rooms/8room_099.map	512	512	169	47	206	227	265.61
52	maps/rooms/8room_099.map	512	512	150	428	260	495	209.468
107	maps/rooms/8room_099.map	512	512	387	261	106	91	431.676
99	maps/rooms/8room_099.map	512	512	451	223	286	445	398.706
107	maps/rooms/8room_099.map	512	512	495	207	169	342	431.777
73	maps/rooms/8room_099.map	512	512	232	391	130	499	292.894
107	maps/rooms/8room_099.map	512	512	162	511	198	180	431.534
99	maps/rooms/8room_099.map	512	512	194	365	483	484	399.605
20	maps/rooms/8room_099.map	512	512	261	296	218	334	82.6985
50	maps/rooms/8room_099.map	512	512	172	237	282	299	203.095
105	maps/rooms/8room_099.map	512	512	387	149	246	430	420.676
49	maps/rooms/8room_099.map	512	512	271	12	333	140	198.995
26	maps/rooms/8room_099.map	512	512	123	22	214	37	105.355
40	maps/rooms/8room_099.map	512	512	413	76	491	153	162.983
86	maps/rooms/8room_099.map	512	512	92	258	228	462	346.149
106	maps/rooms/8room_099.map	512	512	29	177	373	213	427.806
71	maps/rooms/8room_099.map	512	512	226	214	439	303	285.078
106	maps/rooms/8room_099.map	512	512	472	338	236	131	427.576
106	maps/rooms/8room_099.map	512	512	8	26	154	293	427.09
88	maps/rooms/8room_099.map	512	512	506	302	360	50	353.22
106	maps/rooms/8room_099.map	512	512	106	36	419	184	427.877
67	maps/rooms/8room_099.map	512	512	262	354	195	182	268.823
38	maps/rooms/8room_099.map	512	512	292	153	270	35	154.225
64	maps/rooms/8room_099.map	512	512	12	370	31	206	259.267
106	maps/rooms/8room_099.map	512	512	344	505	70	454	427.676
97	maps/rooms/8room_099.map	512	512	438	366	290	93	389.149
54	maps/rooms/8room_099.map	512	512	150	234	299	141	219.095
69	maps/rooms/8room_099.map	512	512	71	179	179	379	279.137
106	maps/rooms/8room_099.map	512	512	167	21	422	252	427.262
19	maps/rooms/8room_099.map	512	512	168	205	131	254	76.0416
106	maps/rooms/8room_099.map	512	512	109	485	365	283	426.978
100	maps/rooms/8room_099.map	512	512	284	69	264	381	401.037
105	maps/rooms/8room_099.map	512	512	25	474	319	306	423.019
99	maps/rooms/8room_099.map	512	512	218	148	379	406	399.978
105	maps/rooms/8room_099.map	512	512	381	455	78	498	423.12
96	maps/rooms/8room_099.map	512	512	129	220	197	451	387.149
105	maps/rooms/8room_099.map	512	512	492	119	212	334	423.676
104	maps/rooms/8room_099.map	512	512	73	12	398	54	419.836
104	maps/rooms/8room_099.map	512	512	38	267	379	271	419.534
104	maps/rooms/8room_099.map	512	512	29	474	318	306	419.191
104	maps/rooms/8room_099.map	512	512	194	402	427	159	419.948
104	maps/rooms/8room_099.map	512	512	212	442	159	241	419.605
104	maps/rooms/8room_099.map	512	512	93	451	263	176	419.149
58	maps/rooms/8room_099.map	512	512	63	322	3	462	234.208
33	maps/rooms/8room_099.map	512	512	402	227	370	142	135.569
96	maps/rooms/8room_099.map	512	512	167	12	309	293	384.907
54	maps/rooms/8room_099.map	512	512	405	477	375	295	216.752
104	maps/rooms/8room_099.map	512	512	351	188	165	442	418.777
103	maps/rooms/8room_099.map	512	512	328	472	149	194	415.233
62	maps/rooms/8room_099.map	512	512	403	51	220	132	251.238
28	maps/rooms/8room_099.map	512	512	479	108	440	180	114.598
103	maps/rooms/8room_099.map	512	512	41	442	12	95	415.421
48	maps/rooms/8room_099.map	512	512	303	501	139	507	192.711
49	maps/rooms/8room_099.map	512	512	73	254	152	138	199.024
97	maps/rooms/8room_099.map	512	512	218	201	390	461	391.362
43	maps/rooms/8room_099.map	512	512	302	210	410	131	172.196
24	maps/rooms/8room_099.map	512	512	221	80	276	83	97.4558
103	maps/rooms/8room_099.map	512	512	194	226	445	40	415.635
31	maps/rooms/8room_099.map	512	512	409	310	502	307	125.983
49	maps/rooms/8room_099.map	512	512	434	89	474	236	196.296
42	maps/rooms/8room_099.map	512	512	142	211	270	276	168.539
93	maps/rooms/8room_099.map	512	512	12	389	299	278	374.451
77	maps/rooms/8room_099.map	512	512	148	409	45	170	311.522
40	maps/rooms/8room_099.map	512	512	148	349	67	439	161.711
45	maps/rooms/8room_099.map	512	512	260	95	175	6	182.409
71	maps/rooms/8room_099.map	512	512	347	125	159	75	287.137
29	maps/rooms/8room_099.map	512	512	274	72	314	25	116.74
103	maps/rooms/8room_099.map	512	512	488	163	139	138	414.794
102	maps/rooms/8room_099.map	512	512	141	63	362	231	411.877
51	maps/rooms/8room_099.map	512	512	340	469	335	363	205.853
89	maps/rooms/8room_099.map	512	512	362	493	380	207	357.764
42	maps/rooms/8room_099.map	512	512	198	291	236	166	169.468
42	maps/rooms/8room_099.map	512	512	326	183	402	61	168.024
102	maps/rooms/8room_099.map	512	512	393	368	471	34	411.078
101	maps/rooms/8room_099.map	512	512	91	239	312	486	407.747
101	maps/rooms/8room_099.map	512	512	190	255	452	416	407.777
92	maps/rooms/8room_099.map	512	512	389	222	246	450	370.078
68	maps/rooms/8room_099.map	512	512	399	106	186	132	274.095
101	maps/rooms/8room_099.map	512	512	361	57	50	74	407.037
101	maps/rooms/8room_099.map	512	512	327	124	128	377	407.22
54	maps/rooms/8room_099.map	512	512	249	21	156	153	217.669
83	maps/rooms/8room_099.map	512	512	495	178	238	250	334.865
96	maps/rooms/8room_099.map	512	512	43	364	173	92	384.534
29	maps/rooms/8room_099.map	512	512	101	419	136	341	116.497
101	maps/rooms/8room_099.map	512	512	56	191	179	447	407.735
98	maps/rooms/8room_099.map	512	512	36	123	60	375	395.12
45	maps/rooms/8room_099.map	512	512	398	27	434	172	181.326
66	maps/rooms/8room_099.map	512	512	348	234	372	412	264.409
101	maps/rooms/8room_099.map	512	512	510	414	233	221	407.362
70	maps/rooms/8room_099.map	512	512	184	190	395	90	283.652
100	maps/rooms/8room_099.map	512	512	373	36	90	115	403.806
100	maps/rooms/8room_099.map	512	512	478	78	389	400	403.291
100	maps/rooms/8room_099.map	512	512	73	66	266	243	403.262
60	maps/rooms/8room_099.map	512	512	500	377	440	185	243.48
76	maps/rooms/8room_099.map	512	512	300	275	390	502	306.823
57	maps/rooms/8room_099.map	512	512	218	239	365	149	230.823
100	maps/rooms/8room_099.map	512	512	51	242	331	439	403.676
70	maps/rooms/8room_099.map	512	512	138	280	258	91	281.108
70	maps/rooms/8room_099.map	512	512	492	6	303	147	280.108
100	maps/rooms/8room_099.map	512	512	487	8	346	334	403.978
61	maps/rooms/8room_099.map	512	512	111	132	46	130	247.208
93	maps/rooms/8room_099.map	512	512	69	29	360	36	372.693
50	maps/rooms/8room_099.map	512	512	215	246	142	365	201.196
32	maps/rooms/8room_099.map	512	512	14	456	93	444	129.811
99	maps/rooms/8room_099.map	512	512	185	74	374	325	398.635
99	maps/rooms/8room_099.map	512	512	338	370	80	469	399.09
83	maps/rooms/8room_099.map	512	512	473	236	217	153	333.208
74	maps/rooms/8room_099.map	512	512	200	339	31	435	297.309
76	maps/rooms/8room_099.map	512	512	260	43	450	102	304.723
99	maps/rooms/8room_099.map	512	512	450	91	303	395	399.777
68	maps/rooms/8room_099.map	512	512	271	103	230	317	273.409
33	maps/rooms/8room_099.map	512	512	118	258	203	331	133.64
99	maps/rooms/8room_099.map	512	512	472	422	192	331	399.492
99	maps/rooms/8room_099.map	512	512	426	489	414	161	399.078
46	maps/rooms/8room_099.map	512	512	218	494	72	428	185.196
98	maps/rooms/8room_099.map	512	512	251	44	370	341	394.836
46	maps/rooms/8room_099.map	512	512	419	21	342	114	187.539
98	maps/rooms/8room_099.map	512	512	127	478	267	201	395.049
92	maps/rooms/8room_099.map	512	512	469	5	290	266	371.12
98	maps/rooms/8room_099.map	512	512	340	189	147	416	395.948
98	maps/rooms/8room_099.map	512	512	354	399	262	140	394.907
98	maps/rooms/8room_099.map	512	512	24	232	266	73	395.09
97	maps/rooms/8room_099.map	512	512	440	479	284	235	391.12
70	maps/rooms/8room_099.map	512	512	291	227	312	55	283.995
22	maps/rooms/8room_099.map	512	512	284	11	230	11	89.1543
13	maps/rooms/8room_099.map	512	512	443	328	411	317	54.2132
13	maps/rooms/8room_099.map	512	512	67	137	42	115	53.0416
95	maps/rooms/8room_099.map	512	512	185	457	148	199	383.25
50	maps/rooms/8room_099.map	512	512	15	98	147	46	203.154
58	maps/rooms/8room_099.map	512	512	291	474	133	435	233.024
95	maps/rooms/8room_099.map	512	512	171	420	326	178	383.149
95	maps/rooms/8room_099.map	512	512	421	191	152	38	383.907
95	maps/rooms/8room_099.map	512	512	494	78	320	359	383.777
28	maps/rooms/8room_099.map	512	512	5	195	0	158	115.74
95	maps/rooms/8room_099.map	512	512	164	68	449	59	383.522
94	maps/rooms/8room_099.map	512	512	296	163	472	382	379.149
63	maps/rooms/8room_099.map	512	512	220	429	52	468	253.208
94	maps/rooms/8room_099.map	512	512	458	78	500	363	379.635
75	maps/rooms/8room_099.map	512	512	327	451	166	397	302.463
46	maps/rooms/8room_099.map	512	512	371	408	312	306	185.468
94	maps/rooms/8room_099.map	512	512	260	110	171	394	379.978
49	maps/rooms/8room_099.map	512	512	393	62	414	223	197.64
88	maps/rooms/8room_099.map	512	512	114	297	371	247	354.321
94	maps/rooms/8room_099.map	512	512	72	294	140	31	378.806
43	maps/rooms/8room_099.map	512	512	396	441	287	393	173.024
92	maps/rooms/8room_099.map	512	512	236	472	426	254	370.635
80	maps/rooms/8room_099.map	512	512	471	261	217	348	321.593
94	maps/rooms/8room_099.map	512	512	418	276	161	141	379.563
49	maps/rooms/8room_099.map	512	512	173	310	11	341	197.61
18	maps/rooms/8room_099.map	512	512	91	424	52	470	73.8701
94	maps/rooms/8room_099.map	512	512	14	341	339	353	379.794
92	maps/rooms/8room_099.map	512	512	133	331	405	203	371.907
90	maps/rooms/8room_099.map	512	512	26	468	207	267	363.362
90	maps/rooms/8room_099.map	512	512	470	141	233	329	363.049
90	maps/rooms/8room_099.map	512	512	18	203	318	287	363.907
90	maps/rooms/8room_099.map	512	512	214	355	323	82	363.706
29	maps/rooms/8room_099.map	512	512	306	262	364	313	119.225
90	maps/rooms/8room_099.map	512	512	307	47	138	256	363.22
88	maps/rooms/8room_099.map	512	512	370	424	458	148	355.907
51	maps/rooms/8room_099.map	512	512	325	439	423	341	204.267
86	maps/rooms/8room_099.map	512	512	301	84	326	354	346.664
67	maps/rooms/8room_099.map	512	512	76	189	151	398	270.024
86	maps/rooms/8room_099.map	512	512	230	38	386	267	347.693
85	maps/rooms/8room_099.map	512	512	22	172	241	355	343.664
31	maps/rooms/8room_099.map	512	512	135	422	60	347	127.154
73	maps/rooms/8room_099.map	512	512	2	212	100	84	292.652
33	maps/rooms/8room_099.map	512	512	265	156	233	249	132.012
84	maps/rooms/8room_099.map	512	512	127	506	230	268	339.392
84	maps/rooms/8room_099.map	512	512	364	439	372	166	339.936
84	maps/rooms/8room_099.map	512	512	376	4	106	79	339.593
78	maps/rooms/8room_099.map	512	512	102	173	358	130	313.995
46	maps/rooms/8room_099.map	512	512	322	442	218	358	185.238
55	maps/rooms/8room_099.map	512	512	442	262	414	433	223.368
84	maps/rooms/8room_099.map	512	512	478	480	205	506	338.622
83	maps/rooms/8room_099.map	512	512	189	318	405	197	335.936
83	maps/rooms/8room_099.map	512	512	329	14	402	282	335.208
83	maps/rooms/8room_099.map	512	512	40	294	297	358	335.894
82	maps/rooms/8room_099.map	512	512	7	234	269	226	331.522
60	maps/rooms/8room_099.map	512	512	482	155	427	330	242.752
82	maps/rooms/8room_099.map	512	512	451	165	257	323	331.664
82	maps/rooms/8room_099.map	512	512	314	488	220	239	331.049
21	maps/rooms/8room_099.map	512	512	44	314	86	376	87.1543
81	maps/rooms/8room_099.map	512	512	322	405	178	215	326.836
45	maps/rooms/8room_099.map	512	512	326	442	300	329	183.125
35	maps/rooms/8room_099.map	512	512	333	91	405	103	143.497
81	maps/rooms/8room_099.map	512	512	466	25	300	244	327.049
31	maps/rooms/8room_099.map	512	512	410	367	313	354	124.669
80	maps/rooms/8room_099.map	512	512	356	14	247	239	323.764
80	maps/rooms/8room_099.map	512	512	340	400	122	261	323.35
11	maps/rooms/8room_099.map	512	512	146	63	149	29	46.799
15	maps/rooms/8room_099.map	512	512	35	233	56	182	62.0416
80	maps/rooms/8room_099.map	512	512	99	511	230	295	323.309
80	maps/rooms/8room_099.map	512	512	420	189	206	334	323.693
79	maps/rooms/8room_099.map	512	512	314	453	124	263	318.735
44	maps/rooms/8room_099.map	512	512	229	27	228	166	177.397
27	maps/rooms/8room_099.map	512	512	478	297	441	253	108.154
79	maps/rooms/8room_099.map	512	512	10	50	76	261	318.764
79	maps/rooms/8room_099.map	512	512	454	250	270	84	319.137
79	maps/rooms/8room_099.map	512	512	124	275	331	442	319.664
61	maps/rooms/8room_099.map	512	512	421	82	275	199	246.823
79	maps/rooms/8room_099.map	512	512	463	76	342	302	319.049
32	maps/rooms/8room_099.map	512	512	509	205	503	106	130.255
78	maps/rooms/8room_099.map	512	512	28	101	151	284	315.764
44	maps/rooms/8room_099.map	512	512	422	106	335	220	177.024
60	maps/rooms/8room_099.map	512	512	291	169	125	170	240.095
78	maps/rooms/8room_099.map	512	512	377	467	133	475	315.279
69	maps/rooms/8room_099.map	512	512	286	358	395	168	276.924
78	maps/rooms/8room_099.map	512	512	68	332	236	149	315.007
31	maps/rooms/8room_099.map	512	512	140	310	217	298	125.426
78	maps/rooms/8room_099.map	512	512	132	40	282	233	314.723
77	maps/rooms/8room_099.map	512	512	478	278	267	154	311.208
33	maps/rooms/8room_099.map	512	512	244	122	317	88	133.468
39	maps/rooms/8room_099.map	512	512	329	67	447	16	159.953
77	maps/rooms/8room_099.map	512	512	307	215	110	346	310.894
76	maps/rooms/8room_099.map	512	512	116	249	345	138	307.38
75	maps/rooms/8room_099.map	512	512	60	254	303	284	303.108
75	maps/rooms/8room_099.map	512	512	316	223	168	395	302.593
75	maps/rooms/8room_099.map	512	512	487	163	313	313	302.936
41	maps/rooms/8room_099.map	512	512	423	342	301	330	164.225
75	maps/rooms/8room_099.map	512	512	456	500	214	507	303.066
53	maps/rooms/8room_099.map	512	512	347	381	314	506	215.095
74	maps/rooms/8room_099.map	512	512	191	167	347	336	299.593
69	maps/rooms/8room_099.map	512	512	265	86	92	233	278.593
74	maps/rooms/8room_099.map	512	512	442	12	375	263	298.794
62	maps/rooms/8room_099.map	512	512	213	345	23	391	251.095
74	maps/rooms/8room_099.map	512	512	207	489	64	294	299.723
74	maps/rooms/8room_099.map	512	512	21	140	222	158	299.936
62	maps/rooms/8room_099.map	512	512	301	126	483	99	251.853
74	maps/rooms/8room_099.map	512	512	166	494	56	267	299.936
73	maps/rooms/8room_099.map	512	512	482	354	235	350	294.681
73	maps/rooms/8room_099.map	512	512	45	121	259	158	295.551
69	maps/rooms/8room_099.map	512	512	72	173	153	114	279.966
67	maps/rooms/8room_099.map	512	512	303	450	472	344	268.137
61	maps/rooms/8room_099.map	512	512	211	163	196	335	245.711
17	maps/rooms/8room_099.map	512	512	301	235	316	279	70.799
53	maps/rooms/8room_099.map	512	512	120	278	245	150	215.995
58	maps/rooms/8room_099.map	512	512	281	91	117	105	233.865
37	maps/rooms/8room_099.map	512	512	392	331	438	443	150.368
69	maps/rooms/8room_099.map	512	512	319	429	140	275	278.764
69	maps/rooms/8room_099.map	512	512	200	59	298	277	278.652
68	maps/rooms/8room_099.map	512	512	308	373	420	166	274.966
37	maps/rooms/8room_099.map	512	512	71	135	67	24	149.77
68	maps/rooms/8room_099.map	512	512	77	230	140	442	275.752
68	maps/rooms/8room_099.map	512	512	426	328	267	196	275.35
68	maps/rooms/8room_099.map	512	512	236	347	186	153	275.823
68	maps/rooms/8room_099.map	512	512	347	166	411	374	275.137
67	maps/rooms/8room_099.map	512	512	52	281	237	136	271.421
66	maps/rooms/8room_099.map	512	512	4	344	176	190	267.421
61	maps/rooms/8room_099.map	512	512	227	381	409	442	247.551
3	maps/rooms/8room_099.map	512	512	269	79	263	67	14.4853
66	maps/rooms/8room_099.map	512	512	61	171	225	149	267.38
66	maps/rooms/8room_099.map	512	512	370	77	185	158	267.38
66	maps/rooms/8room_099.map	512	512	340	347	492	498	267.794
66	maps/rooms/8room_099.map	512	512	409	333	266	492	267.723
65	maps/rooms/8room_099.map	512	512	226	258	68	374	263.338
65	maps/rooms/8room_099.map	512	512	112	442	272	326	263.581
65	maps/rooms/8room_099.map	512	512	242	241	111	101	263.995
36	maps/rooms/8room_099.map	512	512	347	104	298	63	147.74
64	maps/rooms/8room_099.map	512	512	92	181	232	259	259.723
64	maps/rooms/8room_099.map	512	512	22	28	166	149	259.995
64	maps/rooms/8room_099.map	512	512	459	368	446	165	259.723
64	maps/rooms/8room_099.map	512	512	206	23	367	161	259.066
64	maps/rooms/8room_099.map	512	512	312	296	187	154	258.865
64	maps/rooms/8room_099.map	512	512	499	67	380	257	259.208
64	maps/rooms/8room_099.map	512	512	219	431	92	368	259.622
62	maps/rooms/8room_099.map	512	512	501	311	353	178	251.995
61	maps/rooms/8room_099.map	512	512	62	317	200	178	247.451
61	maps/rooms/8room_099.map	512	512	343	79	393	261	247.238
60	maps/rooms/8room_099.map	512	512	223	383	299	247	242.61
60	maps/rooms/8room_099.map	512	512	489	45	403	211	243.037
40	maps/rooms/8room_099.map	512	512	135	119	254	128	163.439
60	maps/rooms/8room_099.map	512	512	170	246	111	429	242.61
60	maps/rooms/8room_099.map	512	512	442	39	384	243	243.581
29	maps/rooms/8room_099.map	512	512	168	316	230	349	117.426
27	maps/rooms/8room_099.map	512	512	102	269	175	219	111.811
52	maps/rooms/8room_099.map	512	512	94	234	217	344	210.095
35	maps/rooms/8room_099.map	512	512	178	25	118	125	140.225
55	maps/rooms/8room_099.map	512	512	268	262	445	255	222.752
59	maps/rooms/8room_099.map	512	512	226	109	389	210	239.924
59	maps/rooms/8room_099.map	512	512	94	486	198	388	239.723
59	maps/rooms/8room_099.map	512	512	397	474	410	272	239.267
59	maps/rooms/8room_099.map	512	512	246	119	157	280	239.137
59	maps/rooms/8room_099.map	512	512	45	162	223	245	239.995
59	maps/rooms/8room_099.map	512	512	374	430	294	273	239.652
20	maps/rooms/8room_099.map	512	512	389	100	393	31	83.2843
58	maps/rooms/8room_099.map	512	512	443	159	404	337	235.167
57	maps/rooms/8room_099.map	512	512	511	452	363	341	231.752
57	maps/rooms/8room_099.map	512	512	339	65	265	231	231.48
55	maps/rooms/8room_099.map	512	512	355	243	210	312	223.095
55	maps/rooms/8room_099.map	512	512	297	198	261	326	223.823
55	maps/rooms/8room_099.map	512	512	459	212	326	306	223.066
55	maps/rooms/8room_099.map	512	512	232	124	90	241	223.066
55	maps/rooms/8room_099.map	512	512	484	174	312	217	223.61
55	maps/rooms/8room_099.map	512	512	341	44	223	149	223.167
53	maps/rooms/8room_099.map	512	512	91	202	223	285	215.51
53	maps/rooms/8room_099.map	512	512	284	313	393	226	215.581
53	maps/rooms/8room_099.map	512	512	318	301	430	170	215.024
52	maps/rooms/8room_099.map	512	512	478	442	311	469	211.924
52	maps/rooms/8room_099.map	512	512	278	118	332	267	211.368
51	maps/rooms/8room_099.map	512	512	379	493	363	361	204.953
51	maps/rooms/8room_099.map	512	512	249	326	349	217	205.267
52	maps/rooms/8room_099.map	512	512	67	436	192	331	211.924
52	maps/rooms/8room_099.map	512	512	507	35	405	187	211.48
51	maps/rooms/8room_099.map	512	512	444	244	323	359	207.723
40	maps/rooms/8room_099.map	512	512	110	367	18	278	162.64
51	maps/rooms/8room_099.map	512	512	132	277	265	384	207.439
51	maps/rooms/8room_099.map	512	512	419	360	294	273	207.681
51	maps/rooms/8room_099.map	512	512	472	302	310	367	207.409
48	maps/rooms/8room_099.map	512	512	74	275	201	178	195.338
48	maps/rooms/8room_099.map	512	512	163	308	295	358	195.539
48	maps/rooms/8room_099.map	512	512	430	364	338	455	195.711
47	maps/rooms/8room_099.map	512	512	323	126	478	107	191.782
44	maps/rooms/8room_099.map	512	512	163	27	191	154	177.326
48	maps/rooms/8room_099.map	512	512	153	104	267	63	195.811
48	maps/rooms/8room_099.map	512	512	480	361	351	280	195.439
48	maps/rooms/8room_099.map	512	512	423	227	256	232	195.983
47	maps/rooms/8room_099.map	512	512	364	496	260	382	191.581
47	maps/rooms/8room_099.map	512	512	492	270	349	278	191.51
47	maps/rooms/8room_099.map	512	512	214	26	333	124	191.024
45	maps/rooms/8room_099.map	512	512	488	156	324	137	183.669
45	maps/rooms/8room_099.map	512	512	158	194	292	269	183.225
45	maps/rooms/8room_099.map	512	512	0	190	147	211	182.61
45	maps/rooms/8room_099.map	512	512	412	27	378	175	183.782
44	maps/rooms/8room_099.map	512	512	45	331	154	443	179.409
44	maps/rooms/8room_099.map	512	512	487	426	374	354	179.853
43	maps/rooms/8room_099.map	512	512	195	442	276	484	175.125
43	maps/rooms/8room_099.map	512	512	178	338	229	209	175.012
41	maps/rooms/8room_099.map	512	512	141	99	198	202	167.397
41	maps/rooms/8room_099.map	512	512	454	101	454	239	167.054
41	maps/rooms/8room_099.map	512	512	172	13	293	4	167.397
41	maps/rooms/8room_099.map	512	512	140	235	101	345	167.853
5	maps/rooms/8room_099.map	512	512	215	234	205	239	20.8995
41	maps/rooms/8room_099.map	512	512	335	501	259	378	166.924
30	maps/rooms/8room_099.map	512	512	347	446	265	505	121.912
40	maps/rooms/8room_099.map	512	512	290	119	206	48	163.125
40	maps/rooms/8room_099.map	512	512	146	316	189	191	163.154
40	maps/rooms/8room_099.map	512	512	360	95	254	155	163.841
39	maps/rooms/8room_099.map	512	512	360	295	298	409	159.154
39	maps/rooms/8room_099.map	512	512	301	457	317	348	158.74
39	maps/rooms/8room_099.map	512	512	473	457	391	346	159.267
39	maps/rooms/8room_099.map	512	512	467	296	349	347	159.368
36	maps/rooms/8room_099.map	512	512	250	412	201	388	147.024
39	maps/rooms/8room_099.map	512	512	218	344	220	205	159.569
39	maps/rooms/8room_099.map	512	512	134	50	123	145	159.154
39	maps/rooms/8room_099.map	512	512	60	3	121	116	158.811
39	maps/rooms/8room_099.map	512	512	367	394	346	338	159.811
39	maps/rooms/8room_099.map	512	512	211	301	322	229	159.024
38	maps/rooms/8room_099.map	512	512	42	456	38	332	155.397
38	maps/rooms/8room_099.map	512	512	283	303	365	343	155.841
38	maps/rooms/8room_099.map	512	512	236	482	172	406	155.841
38	maps/rooms/8room_099.map	512	512	4	27	120	44	155.326
38	maps/rooms/8room_099.map	512	512	466	101	339	137	155.569
38	maps/rooms/8room_099.map	512	512	42	188	168	232	155.882
38	maps/rooms/8room_099.map	512	512	345	435	346	337	155.468
38	maps/rooms/8room_099.map	512	512	230	418	336	344	155.397
36	maps/rooms/8room_099.map	512	512	338	8	366	138	147.012
7	maps/rooms/8room_099.map	512	512	142	340	152	317	30.6569
25	maps/rooms/8room_099.map	512	512	233	315	158	351	102.355
36	maps/rooms/8room_099.map	512	512	431	283	450	378	147.983
36	maps/rooms/8room_099.map	512	512	387	450	404	324	147.77
35	maps/rooms/8room_099.map	512	512	226	41	262	140	143.083
35	maps/rooms/8room_099.map	512	512	3	282	111	227	143.711
34	maps/rooms/8room_099.map	512	512	324	15	366	115	139.255
33	maps/rooms/8room_099.map	512	512	373	374	495	390	134.77
34	maps/rooms/8room_099.map	512	512	348	105	245	152	138.669
34	maps/rooms/8room_099.map	512	512	466	426	404	365	139.711
34	maps/rooms/8room_099.map	512	512	468	407	434	319	139.983
34	maps/rooms/8room_099.map	512	512	378	453	369	341	139.569
6	maps/rooms/8room_099.map	512	512	490	60	490	83	24.6569
34	maps/rooms/8room_099.map	512	512	143	216	249	261	139.569
34	maps/rooms/8room_099.map	512	512	222	82	266	195	139.426
32	maps/rooms/8room_099.map	512	512	509	282	405	275	131.811
32	maps/rooms/8room_099.map	512	512	214	62	262	165	131.669
32	maps/rooms/8room_099.map	512	512	66	296	134	216	131.539
32	maps/rooms/8room_099.map	512	512	119	403	199	368	131.569
32	maps/rooms/8room_099.map	512	512	95	511	114	395	131.527
32	maps/rooms/8room_099.map	512	512	286	471	384	435	131.74
31	maps/rooms/8room_099.map	512	512	437	426	373	354	127.054
31	maps/rooms/8room_099.map	512	512	180	158	158	236	127.497
31	maps/rooms/8room_099.map	512	512	181	294	269	324	126.77
31	maps/rooms/8room_099.map	512	512	91	119	129	151	127.74
31	maps/rooms/8room_099.map	512	512	119	395	202	331	127.083
30	maps/rooms/8room_099.map	512	512	317	222	259	145	123.912
30	maps/rooms/8room_099.map	512	512	340	95	276	156	123.912
30	maps/rooms/8room_099.map	512	512	487	198	394	223	123.054
30	maps/rooms/8room_099.map	512	512	219	249	119	232	122.598
30	maps/rooms/8room_099.map	512	512	121	23	214	63	123.083
30	maps/rooms/8room_099.map	512	512	472	186	416	150	123.698
30	maps/rooms/8room_099.map	512	512	38	105	103	41	123.184
29	maps/rooms/8room_099.map	512	512	191	202	226	284	118.698
9	maps/rooms/8room_099.map	512	512	307	437	278	429	36.799
22	maps/rooms/8room_099.map	512	512	407	198	348	160	89.0416
29	maps/rooms/8room_099.map	512	512	134	135	235	149	119.083
29	maps/rooms/8room_099.map	512	512	233	126	183	213	119.569
28	maps/rooms/8room_099.map	512	512	271	107	280	207	114.841
28	maps/rooms/8room_099.map	512	512	140	123	217	149	115.811
28	maps/rooms/8room_099.map	512	512	122	259	189	330	115.983
6	maps/rooms/8room_099.map	512	512	61	326	52	346	25.1421
28	maps/rooms/8room_099.map	512	512	359	117	280	156	115.841
27	maps/rooms/8room_099.map	512	512	104	153	154	84	110.841
27	maps/rooms/8room_099.map	512	512	7	386	96	346	111.426
27	maps/rooms/8room_099.map	512	512	258	260	202	334	111.255
27	maps/rooms/8room_099.map	512	512	218	445	190	479	111.983
26	maps/rooms/8room_099.map	512	512	507	483	491	402	107.042
26	maps/rooms/8room_099.map	512	512	334	94	390	135	107.426
26	maps/rooms/8room_099.map	512	512	509	295	454	374	107.64
26	maps/rooms/8room_099.map	512	512	275	246	247	294	107.841
26	maps/rooms/8room_099.map	512	512	458	136	402	212	107.397
26	maps/rooms/8room_099.map	512	512	221	345	135	350	107.284
26	maps/rooms/8room_099.map	512	512	58	105	94	92	107.77
25	maps/rooms/8room_099.map	512	512	310	233	347	312	103.698
25	maps/rooms/8room_099.map	512	512	53	301	105	347	103.941
25	maps/rooms/8room_099.map	512	512	459	203	485	139	102.87
25	maps/rooms/8room_099.map	512	512	114	57	159	133	103.669
25	maps/rooms/8room_099.map	512	512	293	270	214	298	103.912
25	maps/rooms/8room_099.map	512	512	452	19	434	103	103.255
24	maps/rooms/8room_099.map	512	512	378	310	375	236	99.669
24	maps/rooms/8room_099.map	512	512	61	120	119	112	99.3553
23	maps/rooms/8room_099.map	512	512	397	455	331	450	94.8406
23	maps/rooms/8room_099.map	512	512	86	378	106	302	95.598
23	maps/rooms/8room_099.map	512	512	198	498	166	428	95.6985
23	maps/rooms/8room_099.map	512	512	151	330	111	258	95.598
23	maps/rooms/8room_099.map	512	512	409	77	355	138	95.669
23	maps/rooms/8room_099.map	512	512	277	90	221	151	94.7401
23	maps/rooms/8room_099.map	512	512	7	198	60	261	95.4975
22	maps/rooms/8room_099.map	512	512	140	378	189	336	91.4264
22	maps/rooms/8room_099.map	512	512	345	44	366	115	91.6985
22	maps/rooms/8room_099.map	512	512	498	475	451	420	91.6985
22	maps/rooms/8room_099.map	512	512	183	72	237	114	91.1127
22	maps/rooms/8room_099.map	512	512	14	92	69	43	91.6985
22	maps/rooms/8room_099.map	512	512	18	366	48	366	91.4558
21	maps/rooms/8room_099.map	512	512	442	485	398	438	87.0833
21	maps/rooms/8room_099.map	512	512	487	388	426	352	87.0416
21	maps/rooms/8room_099.map	512	512	30	407	38	332	87.2843
21	maps/rooms/8room_099.map	512	512	419	182	349	159	87.3848
21	maps/rooms/8room_099.map	512	512	406	367	346	334	87.2843
20	maps/rooms/8room_099.map	512	512	438	431	410	371	83.2548
20	maps/rooms/8room_099.map	512	512	455	396	394	355	82.669
20	maps/rooms/8room_099.map	512	512	229	139	267	196	83.2843
20	maps/rooms/8room_099.map	512	512	6	421	54	455	83.0538
20	maps/rooms/8room_099.map	512	512	245	169	238	227	83.5269
20	maps/rooms/8room_099.map	512	512	322	253	272	261	83.1127
20	maps/rooms/8room_099.map	512	512	451	452	434	392	83.5269
20	maps/rooms/8room_099.map	512	512	61	461	92	409	82.598
19	maps/rooms/8room_099.map	512	512	23	237	82	254	79.9411
19	maps/rooms/8room_099.map	512	512	360	354	323	300	79.1838
19	maps/rooms/8room_099.map	512	512	211	151	149	141	79.3553
19	maps/rooms/8room_099.map	512	512	7	254	75	267	79.8701
19	maps/rooms/8room_099.map	512	512	73	419	92	360	79.0122
19	maps/rooms/8room_099.map	512	512	339	357	264	356	79.3137
18	maps/rooms/8room_099.map	512	512	312	420	260	379	74.8406
18	maps/rooms/8room_099.map	512	512	455	253	430	196	75.4558
18	maps/rooms/8room_099.map	512	512	154	338	211	326	75.3848
18	maps/rooms/8room_099.map	512	512	107	114	98	52	75.0416
18	maps/rooms/8room_099.map	512	512	504	360	434	364	75.799
18	maps/rooms/8room_099.map	512	512	19	19	41	83	75.1127
18	maps/rooms/8room_099.map	512	512	251	494	250	434	75.9706
17	maps/rooms/8room_099.map	512	512	271	318	207	334	71.799
17	maps/rooms/8room_099.map	512	512	276	480	329	450	71.2843
17	maps/rooms/8room_099.map	512	512	453	484	451	420	71.2132
17	maps/rooms/8room_099.map	512	512	331	134	361	186	71.1127
17	maps/rooms/8room_099.map	512	512	386	135	328	119	71.799
17	maps/rooms/8room_099.map	512	512	110	149	132	195	71.4558
10	maps/rooms/8room_099.map	512	512	50	24	72	41	40.2132
16	maps/rooms/8room_099.map	512	512	314	127	272	167	67.9411
16	maps/rooms/8room_099.map	512	512	402	204	426	258	67.4558
16	maps/rooms/8room_099.map	512	512	362	269	323	245	67.2843
16	maps/rooms/8room_099.map	512	512	222	8	221	66	66.6985
16	maps/rooms/8room_099.map	512	512	339	115	296	148	67.2132
15	maps/rooms/8room_099.map	512	512	411	339	428	299	63.6274
15	maps/rooms/8room_099.map	512	512	7	403	25	456	63.7696
15	maps/rooms/8room_099.map	512	512	392	63	380	114	62.799
15	maps/rooms/8room_099.map	512	512	313	313	349	340	62.6985
15	maps/rooms/8room_099.map	512	512	254	315	223	331	63.3848
15	maps/rooms/8room_099.map	512	512	469	425	450	411	63.2843
15	maps/rooms/8room_099.map	512	512	298	90	292	146	62.6274
15	maps/rooms/8room_099.map	512	512	94	409	131	374	63.9411
14	maps/rooms/8room_099.map	512	512	313	435	283	396	59.8701
14	maps/rooms/8room_099.map	512	512	455	265	435	220	59.2843
14	maps/rooms/8room_099.map	512	512	395	37	402	91	59.7279
14	maps/rooms/8room_099.map	512	512	12	389	56	362	59.8701
14	maps/rooms/8room_099.map	512	512	95	263	142	252	59.6985
14	maps/rooms/8room_099.map	512	512	215	331	228	282	58.8701
14	maps/rooms/8room_099.map	512	512	93	239	143	229	59.9411
13	maps/rooms/8room_099.map	512	512	463	390	433	431	55.7696
13	maps/rooms/8room_099.map	512	512	161	408	178	372	55.7696
13	maps/rooms/8room_099.map	512	512	158	422	129	388	55.9706
13	maps/rooms/8room_099.map	512	512	438	151	404	188	55.1838
13	maps/rooms/8room_099.map	512	512	298	342	261	323	55.5563
13	maps/rooms/8room_099.map	512	512	405	503	374	473	55.1421
12	maps/rooms/8room_099.map	512	512	159	241	193	229	51.3137
12	maps/rooms/8room_099.map	512	512	316	301	292	269	50.6274
12	maps/rooms/8room_099.map	512	512	36	307	69	274	51.9411
12	maps/rooms/8room_099.map	512	512	66	182	96	215	51.2843
12	maps/rooms/8room_099.map	512	512	221	169	185	152	50.6985
12	maps/rooms/8room_099.map	512	512	375	452	347	456	51.4558
12	maps/rooms/8room_099.map	512	512	57	459	71	419	50.6274
12	maps/rooms/8room_099.map	512	512	356	189	322	161	51.4558
12	maps/rooms/8room_099.map	512	512	91	472	108	430	51.9706
11	maps/rooms/8room_099.map	512	512	492	211	467	245	47.8701
11	maps/rooms/8room_099.map	512	512	68	494	91	459	46.8701
11	maps/rooms/8room_099.map	512	512	165	117	179	150	47.4853
11	maps/rooms/8room_099.map	512	512	335	66	327	103	47.7696
11	maps/rooms/8room_099.map	512	512	270	114	259	157	47.5563
11	maps/rooms/8room_099.map	512	512	55	221	91	241	47.799
11	maps/rooms/8room_099.map	512	512	78	150	53	180	47.8701
11	maps/rooms/8room_099.map	512	512	101	185	118	151	47.9706
11	maps/rooms/8room_099.map	512	512	376	86	381	130	46.8995
10	maps/rooms/8room_099.map	512	512	111	163	133	154	43.1421
10	maps/rooms/8room_099.map	512	512	310	37	276	32	43.0416
10	maps/rooms/8room_099.map	512	512	213	485	212	507	43.8701
10	maps/rooms/8room_099.map	512	512	355	375	370	343	43.9706
10	maps/rooms/8room_099.map	512	512	455	178	436	210	43.3848
10	maps/rooms/8room_099.map	512	512	203	197	199	179	43.2132
10	maps/rooms/8room_099.map	512	512	126	482	120	452	43.0711
9	maps/rooms/8room_099.map	512	512	263	486	284	458	39.0416
9	maps/rooms/8room_099.map	512	512	61	2	90	11	39.2132
9	maps/rooms/8room_099.map	512	512	101	355	94	329	39.3848
9	maps/rooms/8room_099.map	512	512	391	357	365	341	39.6569
9	maps/rooms/8room_099.map	512	512	459	472	432	457	39.8995
9	maps/rooms/8room_099.map	512	512	395	58	423	66	39.5563
9	maps/rooms/8room_099.map	512	512	261	14	279	25	39.1421
9	maps/rooms/8room_099.map	512	512	136	47	99	41	39.4853
8	maps/rooms/8room_099.map	512	512	399	220	381	194	34.6274
8	maps/rooms/8room_099.map	512	512	389	366	370	347	35.0711
8	maps/rooms/8room_099.map	512	512	388	27	373	55	35.3848
8	maps/rooms/8room_099.map	512	512	200	233	167	232	35.8995
8	maps/rooms/8room_099.map	512	512	8	455	27	474	34.7279
8	maps/rooms/8room_099.map	512	512	427	35	445	62	35.6274
8	maps/rooms/8room_099.map	512	512	148	374	178	372	35.799
8	maps/rooms/8room_099.map	512	512	394	98	415	123	35.4558
8	maps/rooms/8room_099.map	512	512	101	414	123	389	35.8701
7	maps/rooms/8room_099.map	512	512	467	169	494	177	31.4853
7	maps/rooms/8room_099.map	512	512	505	7	482	22	31.5563
7	maps/rooms/8room_099.map	512	512	181	484	202	503	31.2132
7	maps/rooms/8room_099.map	512	512	77	471	100	454	31.2132
7	maps/rooms/8room_099.map	512	512	485	121	466	103	31.1421
7	maps/rooms/8room_099.map	512	512	252	228	271	218	31.1421
7	maps/rooms/8room_099.map	512	512	347	436	356	463	31.8995
7	maps/rooms/8room_099.map	512	512	139	315	158	329	31.6274
6	maps/rooms/8room_099.map	512	512	486	145	464	149	27.6569
6	maps/rooms/8room_099.map	512	512	467	54	455	46	27.0711
6	maps/rooms/8room_099.map	512	512	60	3	82	3	27.3137
6	maps/rooms/8room_099.map	512	512	94	509	101	489	27.4853
6	maps/rooms/8room_099.map	512	512	44	96	44	119	27.1421
5	maps/rooms/8room_099.map	512	512	383	186	376	207	23.8995
5	maps/rooms/8room_099.map	512	512	130	73	143	91	23.9706
5	maps/rooms/8room_099.map	512	512	506	135	495	118	22.7279
5	maps/rooms/8room_099.map	512	512	142	462	137	441	23.0711
5	maps/rooms/8room_099.map	512	512	185	470	174	469	23.3137
5	maps/rooms/8room_099.map	512	512	389	164	380	181	23.6569
5	maps/rooms/8room_099.map	512	512	314	452	330	445	23.4853
5	maps/rooms/8room_099.map	512	512	418	93	413	103	22.8995
5	maps/rooms/8room_099.map	512	512	446	261	436	280	23.1421
4	maps/rooms/8room_099.map	512	512	509	421	498	410	19.6569
4	maps/rooms/8room_099.map	512	512	101	173	109	157	19.3137
4	maps/rooms/8room_099.map	512	512	386	123	374	134	19.4853
4	maps/rooms/8room_099.map	512	512	406	139	388	137	18.8284
4	maps/rooms/8room_099.map	512	512	325	315	322	298	19.0711
4	maps/rooms/8room_099.map	512	512	91	475	102	462	18.7279
4	maps/rooms/8room_099.map	512	512	376	506	364	496	19.0711
4	maps/rooms/8room_099.map	512	512	402	92	415	100	18.6569
4	maps/rooms/8room_099.map	512	512	46	237	41	221	19.7279
4	maps/rooms/8room_099.map	512	512	317	309	332	302	19.0711
3	maps/rooms/8room_099.map	512	512	87	371	92	360	15.4142
3	maps/rooms/8room_099.map	512	512	151	108	154	115	15.6569
3	maps/rooms/8room_099.map	512	512	422	181	414	175	14.8284
3	maps/rooms/8room_099.map	512	512	142	307	138	294	15.8284
3	maps/rooms/8room_099.map	512	512	340	214	354	217	15.2426
3	maps/rooms/8room_099.map	512	512	285	292	274	303	15.5563
3	maps/rooms/8room_099.map	512	512	346	118	350	131	14.6569
3	maps/rooms/8room_099.map	512	512	223	175	221	160	15.8284
3	maps/rooms/8room_099.map	512	512	77	180	71	193	15.4853
2	maps/rooms/8room_099.map	512	512	62	366	63	355	11.4142
2	maps/rooms/8room_099.map	512	512	175	452	175	463	11
2	maps/rooms/8room_099.map	512	512	331	393	320	393	11
2	maps/rooms/8room_099.map	512	512	205	477	197	469	11.3137
2	maps/rooms/8room_099.map	512	512	303	511	295	503	11.3137
2	maps/rooms/8room_099.map	512	512	315	201	306	208	11.8995
2	maps/rooms/8room_099.map	512	512	506	389	502	399	11.6569
2	maps/rooms/8room_099.map	512	512	249	61	255	52	11.4853
2	maps/rooms/8room_099.map	512	512	169	79	174	85	11
2	maps/rooms/8room_099.map	512	512	424	31	416	35	11.4142
1	maps/rooms/8room_099.map	512	512	187	5	180	5	7
1	maps/rooms/8room_099.map	512	512	154	440	161	442	7.82843
1	maps/rooms/8room_099.map	512	512	397	367	392	362	7.07107
1	maps/rooms/8room_099.map	512	512	55	248	62	248	7
1	maps/rooms/8room_099.map	512	512	58	286	63	281	7.07107
1	maps/rooms/8room_099.map	512	512	326	346	331	351	7.07107
1	maps/rooms/8room_099.map	512	512	285	408	286	401	7.41421
1	maps/rooms/8room_099.map	512	512	277	469	283	466	7.24264
1	maps/rooms/8room_099.map	512	512	251	218	245	216	6.82843
1	maps/rooms/8room_099.map	512	512	277	123	274	117	7.24264
0	maps/rooms/8room_099.map	512	512	279	13	282	15	3.82843
0	maps/rooms/8room_099.map	512	512	430	9	428	11	2.82843
0	maps/rooms/8room_099.map	512	512	119	498	121	500	2.82843
0	maps/rooms/8room_099.map	512	512	427	316	425	314	2.82843
0	maps/rooms/8room_099.map	512	512	108	474	106	472	2.82843
0	maps/rooms/8room_099.map	512	512	442	262	442	265	3
0	maps/rooms/8room_099.map	512	512	262	104	260	106	2.82843
0	maps/rooms/8room_099.map	512	512	8	446	11	446	3
0	maps/rooms/8room_099.map	512	512	431	149	428	150	3.41421
0	maps/rooms/8room_099.map	512	512	294	265	291	265	3
