version 1
95	maps/rooms/8room_068.map	512	512	45	344	146	73	383.907
125	maps/rooms/8room_068.map	512	512	402	295	8	356	500.99
97	maps/rooms/8room_068.map	512	512	159	340	459	391	389.291
121	maps/rooms/8room_068.map	512	512	474	479	93	463	486.546
116	maps/rooms/8room_068.map	512	512	158	290	452	101	466.505
53	maps/rooms/8room_068.map	512	512	56	9	88	147	212.711
113	maps/rooms/8room_068.map	512	512	428	382	93	443	455.688
56	maps/rooms/8room_068.map	512	512	313	101	296	264	227.924
59	maps/rooms/8room_068.map	512	512	95	494	227	420	237.48
31	maps/rooms/8room_068.map	512	512	398	223	338	141	124.569
127	maps/rooms/8room_068.map	512	512	7	435	369	215	511.99
127	maps/rooms/8room_068.map	512	512	473	41	174	257	511.375
85	maps/rooms/8room_068.map	512	512	252	491	309	219	343.492
53	maps/rooms/8room_068.map	512	512	166	392	108	275	213.853
60	maps/rooms/8room_068.map	512	512	222	226	155	402	242.782
37	maps/rooms/8room_068.map	512	512	152	260	120	360	150.468
99	maps/rooms/8room_068.map	512	512	199	460	425	311	397.593
127	maps/rooms/8room_068.map	512	512	118	457	369	124	511.848
59	maps/rooms/8room_068.map	512	512	213	220	74	328	239.409
82	maps/rooms/8room_068.map	512	512	391	234	472	67	331.563
42	maps/rooms/8room_068.map	512	512	468	207	327	202	171.64
40	maps/rooms/8room_068.map	512	512	426	399	326	458	160.397
30	maps/rooms/8room_068.map	512	512	83	185	4	131	121.912
102	maps/rooms/8room_068.map	512	512	197	419	494	377	411.836
21	maps/rooms/8room_068.map	512	512	37	284	15	227	85.0833
127	maps/rooms/8room_068.map	512	512	494	444	333	102	511.475
98	maps/rooms/8room_068.map	512	512	13	76	279	263	395.049
127	maps/rooms/8room_068.map	512	512	68	25	302	360	511.617
44	maps/rooms/8room_068.map	512	512	277	395	195	468	178.882
21	maps/rooms/8room_068.map	512	512	452	314	427	249	85.4975
126	maps/rooms/8room_068.map	512	512	474	47	89	142	504.718
38	maps/rooms/8room_068.map	512	512	84	179	175	263	152.154
99	maps/rooms/8room_068.map	512	512	103	219	151	505	399.12
89	maps/rooms/8room_068.map	512	512	331	319	365	143	356.978
86	maps/rooms/8room_068.map	512	512	355	211	355	439	344.836
30	maps/rooms/8room_068.map	512	512	206	130	236	42	121.154
72	maps/rooms/8room_068.map	512	512	121	501	346	419	288.137
88	maps/rooms/8room_068.map	512	512	447	36	143	18	353.48
72	maps/rooms/8room_068.map	512	512	245	394	314	172	288.581
70	maps/rooms/8room_068.map	512	512	449	397	249	454	281.066
87	maps/rooms/8room_068.map	512	512	99	18	331	166	349.907
75	maps/rooms/8room_068.map	512	512	243	428	460	330	300.823
109	maps/rooms/8room_068.map	512	512	426	325	230	92	436.061
127	maps/rooms/8room_068.map	512	512	45	47	282	370	511.362
20	maps/rooms/8room_068.map	512	512	370	189	347	207	83.8701
120	maps/rooms/8room_068.map	512	512	411	349	18	362	481.605
42	maps/rooms/8room_068.map	512	512	356	111	309	237	169.326
124	maps/rooms/8room_068.map	512	512	454	230	99	15	499.688
66	maps/rooms/8room_068.map	512	512	491	158	509	330	267.622
76	maps/rooms/8room_068.map	512	512	340	258	312	38	307.823
121	maps/rooms/8room_068.map	512	512	159	79	322	370	485.262
50	maps/rooms/8room_068.map	512	512	297	276	179	387	200.338
127	maps/rooms/8room_068.map	512	512	411	403	289	67	511.446
68	maps/rooms/8room_068.map	512	512	171	239	347	311	274.309
16	maps/rooms/8room_068.map	512	512	244	252	281	284	67.2843
98	maps/rooms/8room_068.map	512	512	118	451	141	125	392.279
127	maps/rooms/8room_068.map	512	512	109	456	424	265	511.446
90	maps/rooms/8room_068.map	512	512	175	361	479	365	362.593
64	maps/rooms/8room_068.map	512	512	293	307	167	268	257.652
82	maps/rooms/8room_068.map	512	512	3	476	261	408	328.735
80	maps/rooms/8room_068.map	512	512	311	258	293	495	322.764
121	maps/rooms/8room_068.map	512	512	87	221	442	313	485.919
39	maps/rooms/8room_068.map	512	512	76	329	196	370	158.782
116	maps/rooms/8room_068.map	512	512	363	187	90	452	464.375
8	maps/rooms/8room_068.map	512	512	38	489	55	488	35.3137
82	maps/rooms/8room_068.map	512	512	500	344	332	444	331.764
84	maps/rooms/8room_068.map	512	512	122	318	226	56	336.593
93	maps/rooms/8room_068.map	512	512	120	123	430	107	372.936
104	maps/rooms/8room_068.map	512	512	327	419	51	210	417.09
108	maps/rooms/8room_068.map	512	512	4	493	329	362	433.161
112	maps/rooms/8room_068.map	512	512	28	488	197	158	451.132
34	maps/rooms/8room_068.map	512	512	141	427	247	430	138.983
51	maps/rooms/8room_068.map	512	512	222	284	279	430	205.569
88	maps/rooms/8room_068.map	512	512	489	186	351	276	354.735
61	maps/rooms/8room_068.map	512	512	284	171	143	78	244.167
127	maps/rooms/8room_068.map	512	512	435	61	26	152	511.848
52	maps/rooms/8room_068.map	512	512	55	463	216	428	210.409
0	maps/rooms/8room_068.map	512	512	36	285	36	283	2
39	maps/rooms/8room_068.map	512	512	261	221	151	280	159.527
89	maps/rooms/8room_068.map	512	512	342	254	402	472	359.463
70	maps/rooms/8room_068.map	512	512	233	405	342	198	282.936
79	maps/rooms/8room_068.map	512	512	170	253	359	87	318.723
13	maps/rooms/8room_068.map	512	512	333	195	375	211	54.7279
76	maps/rooms/8room_068.map	512	512	87	420	311	376	307.723
45	maps/rooms/8room_068.map	512	512	152	227	234	101	181.64
87	maps/rooms/8room_068.map	512	512	410	259	184	399	349.664
53	maps/rooms/8room_068.map	512	512	439	317	339	201	214.652
48	maps/rooms/8room_068.map	512	512	89	120	227	173	195.711
123	maps/rooms/8room_068.map	512	512	46	450	195	90	495.233
115	maps/rooms/8room_068.map	512	512	391	168	60	307	461.647
127	maps/rooms/8room_068.map	512	512	181	456	409	122	511.487
72	maps/rooms/8room_068.map	512	512	186	24	292	230	290.794
59	maps/rooms/8room_068.map	512	512	92	174	223	309	239.338
16	maps/rooms/8room_068.map	512	512	259	268	270	221	66.6274
99	maps/rooms/8room_068.map	512	512	133	420	423	428	399.22
86	maps/rooms/8room_068.map	512	512	260	4	41	162	347.35
126	maps/rooms/8room_068.map	512	512	12	372	393	193	507.931
56	maps/rooms/8room_068.map	512	512	267	24	233	198	224.267
52	maps/rooms/8room_068.map	512	512	75	298	233	278	210.711
126	maps/rooms/8room_068.map	512	512	458	165	30	222	507.291
126	maps/rooms/8room_068.map	512	512	381	451	140	129	507.416
103	maps/rooms/8room_068.map	512	512	335	217	415	483	412.919
31	maps/rooms/8room_068.map	512	512	199	60	106	58	127.669
104	maps/rooms/8room_068.map	512	512	296	363	22	154	418.747
120	maps/rooms/8room_068.map	512	512	459	261	52	229	482.865
126	maps/rooms/8room_068.map	512	512	4	458	401	340	507.818
68	maps/rooms/8room_068.map	512	512	442	201	248	284	273.35
126	maps/rooms/8room_068.map	512	512	371	81	97	380	507.233
90	maps/rooms/8room_068.map	512	512	349	167	505	375	361.664
31	maps/rooms/8room_068.map	512	512	460	292	383	348	127.184
126	maps/rooms/8room_068.map	512	512	66	509	74	92	507.919
74	maps/rooms/8room_068.map	512	512	482	233	366	295	299.865
43	maps/rooms/8room_068.map	512	512	203	492	191	367	174.439
90	maps/rooms/8room_068.map	512	512	489	133	230	258	361.12
93	maps/rooms/8room_068.map	512	512	460	506	277	278	375.191
126	maps/rooms/8room_068.map	512	512	418	322	36	301	507.475
126	maps/rooms/8room_068.map	512	512	15	268	363	458	507.345
126	maps/rooms/8room_068.map	512	512	79	503	297	189	507.889
87	maps/rooms/8room_068.map	512	512	470	180	258	328	348.534
123	maps/rooms/8room_068.map	512	512	438	43	366	354	494.546
92	maps/rooms/8room_068.map	512	512	56	149	30	441	369.137
125	maps/rooms/8room_068.map	512	512	298	213	6	502	503.718
38	maps/rooms/8room_068.map	512	512	151	446	61	349	152.439
121	maps/rooms/8room_068.map	512	512	92	213	466	293	485.664
57	maps/rooms/8room_068.map	512	512	374	130	489	101	228.024
116	maps/rooms/8room_068.map	512	512	217	174	190	504	465.475
125	maps/rooms/8room_068.map	512	512	116	286	499	131	503.931
38	maps/rooms/8room_068.map	512	512	264	493	190	408	154.882
83	maps/rooms/8room_068.map	512	512	93	153	324	266	333.179
34	maps/rooms/8room_068.map	512	512	243	31	191	115	139.255
125	maps/rooms/8room_068.map	512	512	341	411	55	148	501.375
98	maps/rooms/8room_068.map	512	512	66	79	151	354	392.693
93	maps/rooms/8room_068.map	512	512	182	379	414	167	373.747
125	maps/rooms/8room_068.map	512	512	294	494	137	124	502.948
124	maps/rooms/8room_068.map	512	512	178	423	236	46	498.505
125	maps/rooms/8room_068.map	512	512	312	487	229	74	503.747
18	maps/rooms/8room_068.map	512	512	350	14	324	58	73.4558
105	maps/rooms/8room_068.map	512	512	413	407	252	187	422.161
57	maps/rooms/8room_068.map	512	512	291	479	490	460	231.782
123	maps/rooms/8room_068.map	512	512	507	50	141	107	494.605
65	maps/rooms/8room_068.map	512	512	322	99	133	98	260.853
6	maps/rooms/8room_068.map	512	512	284	222	301	223	25.5563
125	maps/rooms/8room_068.map	512	512	22	120	270	356	502.777
123	maps/rooms/8room_068.map	512	512	462	138	62	204	495.078
56	maps/rooms/8room_068.map	512	512	392	317	246	271	226.267
98	maps/rooms/8room_068.map	512	512	315	419	215	170	393.149
104	maps/rooms/8room_068.map	512	512	499	10	247	217	416.563
62	maps/rooms/8room_068.map	512	512	277	383	437	498	248.622
98	maps/rooms/8room_068.map	512	512	191	55	207	390	393.593
125	maps/rooms/8room_068.map	512	512	460	436	72	368	503.203
62	maps/rooms/8room_068.map	512	512	319	392	483	476	251.279
125	maps/rooms/8room_068.map	512	512	347	23	377	403	503.647
101	maps/rooms/8room_068.map	512	512	121	86	152	407	405.865
90	maps/rooms/8room_068.map	512	512	165	356	389	429	362.22
108	maps/rooms/8room_068.map	512	512	67	25	446	53	435.25
80	maps/rooms/8room_068.map	512	512	242	150	306	405	320.037
121	maps/rooms/8room_068.map	512	512	138	117	491	122	484.877
60	maps/rooms/8room_068.map	512	512	133	507	10	373	243.551
63	maps/rooms/8room_068.map	512	512	201	63	295	235	253.581
125	maps/rooms/8room_068.map	512	512	111	507	90	134	503.12
87	maps/rooms/8room_068.map	512	512	374	302	111	381	351.907
104	maps/rooms/8room_068.map	512	512	395	86	507	412	419.907
106	maps/rooms/8room_068.map	512	512	26	398	354	313	424.161
39	maps/rooms/8room_068.map	512	512	245	324	242	453	156.912
105	maps/rooms/8room_068.map	512	512	245	418	154	115	423.179
52	maps/rooms/8room_068.map	512	512	189	12	188	203	208.426
120	maps/rooms/8room_068.map	512	512	351	98	187	440	480.233
116	maps/rooms/8room_068.map	512	512	55	358	310	98	467.09
119	maps/rooms/8room_068.map	512	512	411	150	178	453	477.103
48	maps/rooms/8room_068.map	512	512	95	345	238	381	194.882
70	maps/rooms/8room_068.map	512	512	285	504	227	299	282.581
101	maps/rooms/8room_068.map	512	512	410	158	379	460	407.492
110	maps/rooms/8room_068.map	512	512	247	184	411	499	441.233
50	maps/rooms/8room_068.map	512	512	40	120	89	222	201.569
50	maps/rooms/8room_068.map	512	512	251	91	357	179	202.024
68	maps/rooms/8room_068.map	512	512	421	222	190	178	273.61
124	maps/rooms/8room_068.map	512	512	495	134	501	474	499.103
58	maps/rooms/8room_068.map	512	512	263	418	133	413	232.238
124	maps/rooms/8room_068.map	512	512	445	14	302	371	498.676
60	maps/rooms/8room_068.map	512	512	71	149	101	323	241.64
112	maps/rooms/8room_068.map	512	512	443	249	155	27	450.09
56	maps/rooms/8room_068.map	512	512	69	124	42	246	226.196
103	maps/rooms/8room_068.map	512	512	370	185	122	94	414.362
81	maps/rooms/8room_068.map	512	512	381	475	485	274	325.35
47	maps/rooms/8room_068.map	512	512	335	60	500	18	189.569
109	maps/rooms/8room_068.map	512	512	487	477	157	468	439.718
83	maps/rooms/8room_068.map	512	512	167	454	223	219	333.451
115	maps/rooms/8room_068.map	512	512	372	441	245	150	461.948
103	maps/rooms/8room_068.map	512	512	166	328	348	60	413.22
124	maps/rooms/8room_068.map	512	512	331	483	176	110	499.948
117	maps/rooms/8room_068.map	512	512	426	197	109	407	471.375
73	maps/rooms/8room_068.map	512	512	124	372	282	194	295.823
124	maps/rooms/8room_068.map	512	512	6	94	395	243	499.948
107	maps/rooms/8room_068.map	512	512	357	276	18	277	431.463
74	maps/rooms/8room_068.map	512	512	261	86	476	108	298.137
101	maps/rooms/8room_068.map	512	512	143	136	26	424	406.22
74	maps/rooms/8room_068.map	512	512	205	156	311	334	297.966
116	maps/rooms/8room_068.map	512	512	482	428	203	260	465.09
124	maps/rooms/8room_068.map	512	512	364	21	103	333	498.889
92	maps/rooms/8room_068.map	512	512	116	359	394	392	371.392
77	maps/rooms/8room_068.map	512	512	151	347	179	82	308.966
22	maps/rooms/8room_068.map	512	512	50	300	118	325	91.669
69	maps/rooms/8room_068.map	512	512	472	473	451	287	277.066
70	maps/rooms/8room_068.map	512	512	313	348	403	229	280.38
14	maps/rooms/8room_068.map	512	512	177	249	155	290	57.7279
66	maps/rooms/8room_068.map	512	512	436	183	260	318	266.865
31	maps/rooms/8room_068.map	512	512	156	511	205	445	127.125
70	maps/rooms/8room_068.map	512	512	187	264	159	42	280.61
104	maps/rooms/8room_068.map	512	512	313	317	159	93	418.149
51	maps/rooms/8room_068.map	512	512	165	202	204	27	206.711
53	maps/rooms/8room_068.map	512	512	219	451	75	404	213.51
59	maps/rooms/8room_068.map	512	512	410	226	270	338	239.823
53	maps/rooms/8room_068.map	512	512	147	85	21	94	213.368
94	maps/rooms/8room_068.map	512	512	76	436	37	142	379.936
105	maps/rooms/8room_068.map	512	512	441	22	107	105	422.522
59	maps/rooms/8room_068.map	512	512	470	185	335	281	237.409
92	maps/rooms/8room_068.map	512	512	91	93	73	370	370.38
110	maps/rooms/8room_068.map	512	512	100	146	9	486	440.907
45	maps/rooms/8room_068.map	512	512	50	202	98	55	183.326
113	maps/rooms/8room_068.map	512	512	351	343	45	493	453.688
52	maps/rooms/8room_068.map	512	512	304	299	229	451	208.196
124	maps/rooms/8room_068.map	512	512	47	383	275	107	499.203
124	maps/rooms/8room_068.map	512	512	76	56	431	251	499.103
95	maps/rooms/8room_068.map	512	512	150	392	299	135	382.35
74	maps/rooms/8room_068.map	512	512	494	162	396	373	298.078
82	maps/rooms/8room_068.map	512	512	109	264	301	82	331.279
104	maps/rooms/8room_068.map	512	512	249	419	318	100	416.735
109	maps/rooms/8room_068.map	512	512	407	194	204	489	438.09
124	maps/rooms/8room_068.map	512	512	218	119	39	503	499.718
54	maps/rooms/8room_068.map	512	512	248	94	76	117	219.267
110	maps/rooms/8room_068.map	512	512	55	397	287	140	442.948
89	maps/rooms/8room_068.map	512	512	13	509	199	280	359.291
82	maps/rooms/8room_068.map	512	512	344	252	203	490	331.836
70	maps/rooms/8room_068.map	512	512	411	31	207	141	280.894
123	maps/rooms/8room_068.map	512	512	227	122	403	455	495.09
9	maps/rooms/8room_068.map	512	512	271	392	274	375	38.6274
54	maps/rooms/8room_068.map	512	512	200	389	50	422	219.309
69	maps/rooms/8room_068.map	512	512	139	207	311	263	276.066
65	maps/rooms/8room_068.map	512	512	228	397	401	443	260.581
89	maps/rooms/8room_068.map	512	512	435	303	276	87	359.09
47	maps/rooms/8room_068.map	512	512	235	168	316	46	189.953
50	maps/rooms/8room_068.map	512	512	194	147	75	56	202.569
105	maps/rooms/8room_068.map	512	512	399	31	59	74	422.179
86	maps/rooms/8room_068.map	512	512	200	63	136	340	344.38
118	maps/rooms/8room_068.map	512	512	378	455	153	151	474.203
123	maps/rooms/8room_068.map	512	512	439	291	99	142	495.919
80	maps/rooms/8room_068.map	512	512	198	438	434	340	322.652
81	maps/rooms/8room_068.map	512	512	259	317	10	287	327.693
86	maps/rooms/8room_068.map	512	512	246	428	99	179	346.978
72	maps/rooms/8room_068.map	512	512	74	120	163	349	291.137
79	maps/rooms/8room_068.map	512	512	472	212	502	38	317.279
122	maps/rooms/8room_068.map	512	512	150	459	502	510	488.304
62	maps/rooms/8room_068.map	512	512	301	262	296	88	249.551
50	maps/rooms/8room_068.map	512	512	232	20	316	154	203.782
41	maps/rooms/8room_068.map	512	512	82	242	88	148	166.083
104	maps/rooms/8room_068.map	512	512	443	194	139	324	419.262
38	maps/rooms/8room_068.map	512	512	346	378	425	408	155.853
65	maps/rooms/8room_068.map	512	512	43	483	172	340	260.108
114	maps/rooms/8room_068.map	512	512	8	167	242	410	456.505
70	maps/rooms/8room_068.map	512	512	508	47	261	34	280.61
41	maps/rooms/8room_068.map	512	512	405	190	507	108	164.51
70	maps/rooms/8room_068.map	512	512	229	449	415	339	280.024
123	maps/rooms/8room_068.map	512	512	478	114	93	124	495.049
23	maps/rooms/8room_068.map	512	512	308	294	379	253	94.669
94	maps/rooms/8room_068.map	512	512	54	91	366	29	379.522
117	maps/rooms/8room_068.map	512	512	334	68	501	412	470.948
108	maps/rooms/8room_068.map	512	512	488	411	159	302	434.534
123	maps/rooms/8room_068.map	512	512	489	390	244	95	495.061
60	maps/rooms/8room_068.map	512	512	509	168	343	162	240.309
81	maps/rooms/8room_068.map	512	512	510	308	284	409	324.823
81	maps/rooms/8room_068.map	512	512	62	220	188	409	324.078
71	maps/rooms/8room_068.map	512	512	154	306	69	502	287.25
100	maps/rooms/8room_068.map	512	512	393	328	451	86	400.434
85	maps/rooms/8room_068.map	512	512	363	495	309	275	341.522
81	maps/rooms/8room_068.map	512	512	180	308	20	494	326.836
103	maps/rooms/8room_068.map	512	512	18	91	367	31	415.108
103	maps/rooms/8room_068.map	512	512	299	371	106	499	412.019
56	maps/rooms/8room_068.map	512	512	299	102	140	27	227.924
74	maps/rooms/8room_068.map	512	512	493	280	453	484	298.309
123	maps/rooms/8room_068.map	512	512	281	2	213	395	495.291
65	maps/rooms/8room_068.map	512	512	246	296	56	372	263.681
45	maps/rooms/8room_068.map	512	512	269	162	266	69	180.569
81	maps/rooms/8room_068.map	512	512	462	83	260	196	324.137
114	maps/rooms/8room_068.map	512	512	170	357	351	39	459.434
4	maps/rooms/8room_068.map	512	512	324	148	342	152	19.6569
99	maps/rooms/8room_068.map	512	512	317	242	72	453	396.576
98	maps/rooms/8room_068.map	512	512	509	214	392	469	394.149
114	maps/rooms/8room_068.map	512	512	419	451	143	226	459.576
123	maps/rooms/8room_068.map	512	512	7	258	329	20	495.889
122	maps/rooms/8room_068.map	512	512	60	507	84	97	491.362
89	maps/rooms/8room_068.map	512	512	199	56	474	115	359.037
122	maps/rooms/8room_068.map	512	512	27	87	425	61	490.635
57	maps/rooms/8room_068.map	512	512	210	491	307	335	230.681
41	maps/rooms/8room_068.map	512	512	444	195	467	87	167.711
39	maps/rooms/8room_068.map	512	512	404	155	430	275	156.083
37	maps/rooms/8room_068.map	512	512	281	470	266	356	148.841
92	maps/rooms/8room_068.map	512	512	262	394	455	237	370.149
122	maps/rooms/8room_068.map	512	512	456	466	80	323	491.032
113	maps/rooms/8room_068.map	512	512	445	485	472	123	454.99
31	maps/rooms/8room_068.map	512	512	168	63	72	94	126.64
80	maps/rooms/8room_068.map	512	512	507	51	372	214	321.664
59	maps/rooms/8room_068.map	512	512	165	439	212	278	237.782
74	maps/rooms/8room_068.map	512	512	150	286	60	502	297.421
99	maps/rooms/8room_068.map	512	512	139	19	372	183	398.22
82	maps/rooms/8room_068.map	512	512	451	297	198	281	330.037
122	maps/rooms/8room_068.map	512	512	182	377	408	42	491.233
55	maps/rooms/8room_068.map	512	512	259	409	101	383	220.51
109	maps/rooms/8room_068.map	512	512	71	471	373	356	436.446
45	maps/rooms/8room_068.map	512	512	442	118	317	91	182.225
122	maps/rooms/8room_068.map	512	512	236	446	474	125	491.617
122	maps/rooms/8room_068.map	512	512	65	351	333	85	491.546
122	maps/rooms/8room_068.map	512	512	498	389	110	326	491.818
59	maps/rooms/8room_068.map	512	512	85	147	170	328	239.238
57	maps/rooms/8room_068.map	512	512	162	452	29	343	231.48
98	maps/rooms/8room_068.map	512	512	141	437	100	119	392.522
122	maps/rooms/8room_068.map	512	512	118	332	339	8	491.233
76	maps/rooms/8room_068.map	512	512	185	280	298	487	304.551
90	maps/rooms/8room_068.map	512	512	443	475	278	259	363.007
121	maps/rooms/8room_068.map	512	512	279	441	388	54	487.12
47	maps/rooms/8room_068.map	512	512	207	334	216	493	189.539
51	maps/rooms/8room_068.map	512	512	152	55	204	227	206.225
48	maps/rooms/8room_068.map	512	512	331	98	450	199	195.539
122	maps/rooms/8room_068.map	512	512	429	42	166	328	491.676
91	maps/rooms/8room_068.map	512	512	370	42	56	56	364.894
9	maps/rooms/8room_068.map	512	512	188	169	210	160	38.5563
111	maps/rooms/8room_068.map	512	512	365	235	132	489	445.191
102	maps/rooms/8room_068.map	512	512	125	306	259	8	408.291
121	maps/rooms/8room_068.map	512	512	34	335	421	178	487.203
83	maps/rooms/8room_068.map	512	512	55	455	314	451	334.078
97	maps/rooms/8room_068.map	512	512	46	57	223	275	391.693
56	maps/rooms/8room_068.map	512	512	218	277	339	378	226.409
26	maps/rooms/8room_068.map	512	512	120	354	187	389	106.669
47	maps/rooms/8room_068.map	512	512	131	135	14	44	188.811
100	maps/rooms/8room_068.map	512	512	420	98	205	316	402.605
99	maps/rooms/8room_068.map	512	512	436	297	495	62	396.09
45	maps/rooms/8room_068.map	512	512	253	290	293	431	182.539
79	maps/rooms/8room_068.map	512	512	204	119	188	351	316.551
34	maps/rooms/8room_068.map	512	512	271	302	221	387	139.083
120	maps/rooms/8room_068.map	512	512	414	441	188	162	481.375
11	maps/rooms/8room_068.map	512	512	170	322	142	345	44.799
98	maps/rooms/8room_068.map	512	512	279	322	59	99	393.492
95	maps/rooms/8room_068.map	512	512	457	105	175	44	381.35
71	maps/rooms/8room_068.map	512	512	220	156	26	115	286.823
121	maps/rooms/8room_068.map	512	512	501	52	252	303	487.931
55	maps/rooms/8room_068.map	512	512	398	202	264	99	221.752
116	maps/rooms/8room_068.map	512	512	236	476	157	108	466.907
86	maps/rooms/8room_068.map	512	512	511	495	227	478	347.978
121	maps/rooms/8room_068.map	512	512	287	10	40	286	487.818
47	maps/rooms/8room_068.map	512	512	244	121	82	119	191.539
75	maps/rooms/8room_068.map	512	512	139	182	338	107	300.409
121	maps/rooms/8room_068.map	512	512	150	27	212	419	485.605
103	maps/rooms/8room_068.map	512	512	395	258	477	470	413.019
82	maps/rooms/8room_068.map	512	512	306	344	390	146	328.836
97	maps/rooms/8room_068.map	512	512	140	307	300	47	391.806
96	maps/rooms/8room_068.map	512	512	505	392	223	274	384.392
92	maps/rooms/8room_068.map	512	512	430	371	460	115	371.706
44	maps/rooms/8room_068.map	512	512	314	158	422	201	177.368
54	maps/rooms/8room_068.map	512	512	59	315	13	476	219.51
120	maps/rooms/8room_068.map	512	512	61	405	458	329	483.576
89	maps/rooms/8room_068.map	512	512	401	412	184	366	358.262
120	maps/rooms/8room_068.map	512	512	366	474	108	181	483.09
112	maps/rooms/8room_068.map	512	512	334	60	162	377	450.706
88	maps/rooms/8room_068.map	512	512	231	182	349	458	352.25
106	maps/rooms/8room_068.map	512	512	456	64	110	71	426.907
46	maps/rooms/8room_068.map	512	512	20	179	77	302	186.125
60	maps/rooms/8room_068.map	512	512	420	207	217	246	240.61
17	maps/rooms/8room_068.map	512	512	319	203	256	204	70.8701
74	maps/rooms/8room_068.map	512	512	214	349	333	466	297.38
12	maps/rooms/8room_068.map	512	512	136	2	150	36	48.6274
92	maps/rooms/8room_068.map	512	512	469	258	280	393	368.693
43	maps/rooms/8room_068.map	512	512	180	83	89	167	174.439
120	maps/rooms/8room_068.map	512	512	143	131	414	381	482.688
60	maps/rooms/8room_068.map	512	512	420	218	406	396	240.894
102	maps/rooms/8room_068.map	512	512	110	251	348	22	409.978
47	maps/rooms/8room_068.map	512	512	430	116	334	119	188.539
120	maps/rooms/8room_068.map	512	512	164	495	439	254	483.262
120	maps/rooms/8room_068.map	512	512	4	159	412	178	483.836
99	maps/rooms/8room_068.map	512	512	53	247	367	165	398.108
120	maps/rooms/8room_068.map	512	512	445	467	123	244	482.889
53	maps/rooms/8room_068.map	512	512	288	469	163	424	213.681
19	maps/rooms/8room_068.map	512	512	413	116	370	163	77.9411
22	maps/rooms/8room_068.map	512	512	309	116	259	159	88.9411
119	maps/rooms/8room_068.map	512	512	430	195	184	492	479.475
61	maps/rooms/8room_068.map	512	512	286	95	90	117	247.681
10	maps/rooms/8room_068.map	512	512	20	509	55	503	40.799
68	maps/rooms/8room_068.map	512	512	259	156	279	354	275.723
78	maps/rooms/8room_068.map	512	512	191	258	307	78	315.48
105	maps/rooms/8room_068.map	512	512	222	475	474	285	420.35
52	maps/rooms/8room_068.map	512	512	315	308	258	475	211.681
95	maps/rooms/8room_068.map	512	512	109	83	351	214	380.966
42	maps/rooms/8room_068.map	512	512	492	426	397	423	170.125
29	maps/rooms/8room_068.map	512	512	296	87	235	66	119.397
104	maps/rooms/8room_068.map	512	512	227	230	473	73	416.948
119	maps/rooms/8room_068.map	512	512	79	297	465	329	479.362
65	maps/rooms/8room_068.map	512	512	142	245	351	184	262.853
89	maps/rooms/8room_068.map	512	512	289	346	510	252	359.492
27	maps/rooms/8room_068.map	512	512	238	412	165	360	108.154
89	maps/rooms/8room_068.map	512	512	457	312	231	461	356.966
22	maps/rooms/8room_068.map	512	512	327	66	260	94	89.1838
110	maps/rooms/8room_068.map	512	512	318	85	267	408	443.22
114	maps/rooms/8room_068.map	512	512	219	249	486	61	458.99
97	maps/rooms/8room_068.map	512	512	342	140	51	242	391.936
119	maps/rooms/8room_068.map	512	512	180	14	122	430	479.321
119	maps/rooms/8room_068.map	512	512	327	469	108	175	479.434
13	maps/rooms/8room_068.map	512	512	40	317	4	323	52.9706
63	maps/rooms/8room_068.map	512	512	3	233	84	39	253.953
119	maps/rooms/8room_068.map	512	512	492	103	137	248	479.505
119	maps/rooms/8room_068.map	512	512	39	306	438	338	479.333
85	maps/rooms/8room_068.map	512	512	462	139	363	332	343.664
37	maps/rooms/8room_068.map	512	512	173	5	249	89	148.368
18	maps/rooms/8room_068.map	512	512	232	342	201	383	72.8701
92	maps/rooms/8room_068.map	512	512	387	231	102	350	368.836
119	maps/rooms/8room_068.map	512	512	393	299	34	221	479.818
119	maps/rooms/8room_068.map	512	512	397	335	441	30	479.475
51	maps/rooms/8room_068.map	512	512	294	439	365	364	204.267
60	maps/rooms/8room_068.map	512	512	390	426	253	421	243.238
96	maps/rooms/8room_068.map	512	512	474	149	158	175	385.522
34	maps/rooms/8room_068.map	512	512	231	169	221	55	139.74
90	maps/rooms/8room_068.map	512	512	444	157	137	164	363.865
119	maps/rooms/8room_068.map	512	512	295	485	182	111	479.492
118	maps/rooms/8room_068.map	512	512	274	164	440	483	475.818
113	maps/rooms/8room_068.map	512	512	73	195	455	204	455.35
80	maps/rooms/8room_068.map	512	512	418	11	366	266	321.167
118	maps/rooms/8room_068.map	512	512	246	87	249	499	472.321
100	maps/rooms/8room_068.map	512	512	72	75	379	151	401.877
29	maps/rooms/8room_068.map	512	512	93	23	66	91	116.598
89	maps/rooms/8room_068.map	512	512	216	441	466	415	359.279
45	maps/rooms/8room_068.map	512	512	23	147	104	253	181.409
32	maps/rooms/8room_068.map	512	512	94	284	82	229	131.083
118	maps/rooms/8room_068.map	512	512	332	81	437	432	475.061
79	maps/rooms/8room_068.map	512	512	309	390	419	211	319.108
39	maps/rooms/8room_068.map	512	512	73	387	30	507	159.326
46	maps/rooms/8room_068.map	512	512	233	50	392	26	185.225
96	maps/rooms/8room_068.map	512	512	148	189	396	42	387.836
61	maps/rooms/8room_068.map	512	512	101	168	302	206	247.61
42	maps/rooms/8room_068.map	512	512	307	169	435	162	169.953
19	maps/rooms/8room_068.map	512	512	471	365	490	330	76.8701
107	maps/rooms/8room_068.map	512	512	365	85	436	362	431.605
40	maps/rooms/8room_068.map	512	512	277	348	399	377	161.711
68	maps/rooms/8room_068.map	512	512	391	15	270	171	273.995
93	maps/rooms/8room_068.map	512	512	306	262	406	423	375.191
118	maps/rooms/8room_068.map	512	512	383	327	471	53	475.546
56	maps/rooms/8room_068.map	512	512	102	292	184	190	225.439
65	maps/rooms/8room_068.map	512	512	295	419	501	472	260.723
118	maps/rooms/8room_068.map	512	512	61	442	262	108	475.375
92	maps/rooms/8room_068.map	512	512	253	274	441	499	371.333
118	maps/rooms/8room_068.map	512	512	56	493	404	340	475.96
90	maps/rooms/8room_068.map	512	512	339	345	501	147	362.735
118	maps/rooms/8room_068.map	512	512	18	189	389	42	475.848
84	maps/rooms/8room_068.map	512	512	172	236	4	23	337.794
62	maps/rooms/8room_068.map	512	512	54	184	71	357	251.38
118	maps/rooms/8room_068.map	512	512	221	174	465	357	475.534
80	maps/rooms/8room_068.map	512	512	60	255	19	38	321.723
48	maps/rooms/8room_068.map	512	512	33	414	40	260	195.953
109	maps/rooms/8room_068.map	512	512	425	468	311	180	439.262
48	maps/rooms/8room_068.map	512	512	307	290	150	247	194.368
49	maps/rooms/8room_068.map	512	512	473	309	349	276	197.125
40	maps/rooms/8room_068.map	512	512	363	262	472	218	163.083
56	maps/rooms/8room_068.map	512	512	503	25	349	70	226.439
11	maps/rooms/8room_068.map	512	512	456	216	427	243	46.0416
84	maps/rooms/8room_068.map	512	512	451	271	317	371	338.309
4	maps/rooms/8room_068.map	512	512	463	392	466	405	19.3137
83	maps/rooms/8room_068.map	512	512	198	249	190	508	332.966
107	maps/rooms/8room_068.map	512	512	139	402	77	63	428.622
118	maps/rooms/8room_068.map	512	512	123	101	380	355	475.617
73	maps/rooms/8room_068.map	512	512	120	170	363	143	295.48
65	maps/rooms/8room_068.map	512	512	205	235	168	3	263.811
117	maps/rooms/8room_068.map	512	512	276	431	78	112	471.049
99	maps/rooms/8room_068.map	512	512	439	266	100	237	398.551
117	maps/rooms/8room_068.map	512	512	428	54	242	367	471.818
23	maps/rooms/8room_068.map	512	512	459	121	501	123	93.0122
57	maps/rooms/8room_068.map	512	512	489	398	319	343	228.439
117	maps/rooms/8room_068.map	512	512	326	50	101	360	471.434
112	maps/rooms/8room_068.map	512	512	485	500	410	149	451.12
99	maps/rooms/8room_068.map	512	512	454	391	410	74	397.35
117	maps/rooms/8room_068.map	512	512	382	444	119	238	471.09
32	maps/rooms/8room_068.map	512	512	470	97	423	151	131.912
95	maps/rooms/8room_068.map	512	512	104	148	326	325	382.664
51	maps/rooms/8room_068.map	512	512	456	388	324	345	205.024
67	maps/rooms/8room_068.map	512	512	364	255	367	36	268.267
86	maps/rooms/8room_068.map	512	512	263	180	219	488	347.966
117	maps/rooms/8room_068.map	512	512	39	490	409	448	471.747
117	maps/rooms/8room_068.map	512	512	5	2	104	365	471.664
84	maps/rooms/8room_068.map	512	512	239	139	279	409	336.108
53	maps/rooms/8room_068.map	512	512	105	284	86	267	215.983
58	maps/rooms/8room_068.map	512	512	135	391	178	194	235.296
117	maps/rooms/8room_068.map	512	512	138	24	82	414	470.978
25	maps/rooms/8room_068.map	512	512	173	324	123	278	101.74
110	maps/rooms/8room_068.map	512	512	136	426	50	73	441.25
81	maps/rooms/8room_068.map	512	512	25	148	245	311	326.321
117	maps/rooms/8room_068.map	512	512	292	3	107	325	471.233
116	maps/rooms/8room_068.map	512	512	90	456	379	202	467.617
116	maps/rooms/8room_068.map	512	512	339	404	456	147	466.818
116	maps/rooms/8room_068.map	512	512	434	443	328	98	467.233
72	maps/rooms/8room_068.map	512	512	280	125	419	279	290.179
32	maps/rooms/8room_068.map	512	512	260	254	332	187	128.497
105	maps/rooms/8room_068.map	512	512	283	101	34	306	423.948
7	maps/rooms/8room_068.map	512	512	265	206	265	232	31.799
96	maps/rooms/8room_068.map	512	512	115	130	443	101	387.35
98	maps/rooms/8room_068.map	512	512	153	367	467	345	393.321
116	maps/rooms/8room_068.map	512	512	286	26	302	362	467.605
54	maps/rooms/8room_068.map	512	512	463	306	319	246	219.196
98	maps/rooms/8room_068.map	512	512	56	11	386	50	392.037
58	maps/rooms/8room_068.map	512	512	68	122	269	117	232.61
7	maps/rooms/8room_068.map	512	512	170	427	182	437	30.3848
50	maps/rooms/8room_068.map	512	512	375	229	200	268	202.811
36	maps/rooms/8room_068.map	512	512	205	347	115	429	144.711
51	maps/rooms/8room_068.map	512	512	200	15	153	172	204.326
77	maps/rooms/8room_068.map	512	512	427	262	168	238	311.853
115	maps/rooms/8room_068.map	512	512	108	6	119	402	463.492
115	maps/rooms/8room_068.map	512	512	489	134	263	390	462.86
47	maps/rooms/8room_068.map	512	512	456	180	374	260	188.267
89	maps/rooms/8room_068.map	512	512	332	491	351	234	358.836
83	maps/rooms/8room_068.map	512	512	432	334	180	387	335.936
87	maps/rooms/8room_068.map	512	512	271	219	18	108	348.794
102	maps/rooms/8room_068.map	512	512	392	8	149	190	409.735
115	maps/rooms/8room_068.map	512	512	437	436	108	305	463.99
115	maps/rooms/8room_068.map	512	512	76	295	447	331	463.191
97	maps/rooms/8room_068.map	512	512	396	429	135	446	391.12
23	maps/rooms/8room_068.map	512	512	319	371	255	415	93.9411
53	maps/rooms/8room_068.map	512	512	13	172	41	345	213.853
83	maps/rooms/8room_068.map	512	512	168	262	356	87	332.622
115	maps/rooms/8room_068.map	512	512	472	259	212	8	463.576
17	maps/rooms/8room_068.map	512	512	451	245	407	277	68.9706
73	maps/rooms/8room_068.map	512	512	143	223	53	9	294.652
90	maps/rooms/8room_068.map	512	512	445	395	197	250	362.321
57	maps/rooms/8room_068.map	512	512	234	509	119	358	230.752
110	maps/rooms/8room_068.map	512	512	116	79	476	62	440.806
54	maps/rooms/8room_068.map	512	512	168	450	45	489	216.066
99	maps/rooms/8room_068.map	512	512	69	85	78	414	398.836
43	maps/rooms/8room_068.map	512	512	220	92	93	156	174.196
90	maps/rooms/8room_068.map	512	512	119	402	85	92	363.966
115	maps/rooms/8room_068.map	512	512	73	406	243	61	463.475
94	maps/rooms/8room_068.map	512	512	420	461	360	183	378.191
115	maps/rooms/8room_068.map	512	512	103	87	410	259	463.149
108	maps/rooms/8room_068.map	512	512	187	155	404	319	433.149
75	maps/rooms/8room_068.map	512	512	248	407	82	259	303.037
57	maps/rooms/8room_068.map	512	512	453	264	485	415	231.61
19	maps/rooms/8room_068.map	512	512	434	181	380	153	78.6274
115	maps/rooms/8room_068.map	512	512	470	162	163	375	463.203
78	maps/rooms/8room_068.map	512	512	246	247	62	405	312.35
97	maps/rooms/8room_068.map	512	512	355	249	504	44	390.108
114	maps/rooms/8room_068.map	512	512	2	108	372	203	459.35
114	maps/rooms/8room_068.map	512	512	101	220	450	329	459.806
91	maps/rooms/8room_068.map	512	512	76	231	296	44	365.735
46	maps/rooms/8room_068.map	512	512	428	200	323	303	186.953
38	maps/rooms/8room_068.map	512	512	436	395	335	323	154.497
77	maps/rooms/8room_068.map	512	512	119	339	178	89	311.894
47	maps/rooms/8room_068.map	512	512	114	271	36	290	190.296
57	maps/rooms/8room_068.map	512	512	134	100	194	287	228.539
100	maps/rooms/8room_068.map	512	512	102	95	233	358	402.735
46	maps/rooms/8room_068.map	512	512	498	103	463	253	186.296
113	maps/rooms/8room_068.map	512	512	478	157	415	502	452.818
114	maps/rooms/8room_068.map	512	512	410	142	88	329	459.375
69	maps/rooms/8room_068.map	512	512	100	364	335	339	276.551
114	maps/rooms/8room_068.map	512	512	44	231	430	269	459.421
93	maps/rooms/8room_068.map	512	512	487	348	350	99	374.635
114	maps/rooms/8room_068.map	512	512	425	342	72	463	459.889
53	maps/rooms/8room_068.map	512	512	67	296	13	457	212.681
114	maps/rooms/8room_068.map	512	512	382	501	165	218	459.262
113	maps/rooms/8room_068.map	512	512	392	354	319	62	454.848
73	maps/rooms/8room_068.map	512	512	229	335	418	188	294.25
113	maps/rooms/8room_068.map	512	512	76	278	428	258	455.907
113	maps/rooms/8room_068.map	512	512	126	13	421	140	454.96
113	maps/rooms/8room_068.map	512	512	130	450	227	75	455.362
113	maps/rooms/8room_068.map	512	512	98	394	358	130	455.362
112	maps/rooms/8room_068.map	512	512	349	365	389	64	451.25
112	maps/rooms/8room_068.map	512	512	300	22	232	380	451.907
107	maps/rooms/8room_068.map	512	512	290	351	332	11	431.907
64	maps/rooms/8room_068.map	512	512	297	349	198	165	257.652
112	maps/rooms/8room_068.map	512	512	155	469	389	251	451.747
112	maps/rooms/8room_068.map	512	512	423	301	370	84	451.12
112	maps/rooms/8room_068.map	512	512	457	35	208	283	451.191
40	maps/rooms/8room_068.map	512	512	344	249	407	132	161.095
43	maps/rooms/8room_068.map	512	512	106	182	135	330	175.326
74	maps/rooms/8room_068.map	512	512	399	343	293	237	296.794
112	maps/rooms/8room_068.map	512	512	228	426	145	58	451.635
77	maps/rooms/8room_068.map	512	512	69	260	191	167	309.894
88	maps/rooms/8room_068.map	512	512	223	328	458	186	355.049
64	maps/rooms/8room_068.map	512	512	132	228	343	271	258.024
90	maps/rooms/8room_068.map	512	512	266	383	469	264	362.007
100	maps/rooms/8room_068.map	512	512	384	296	376	108	400.836
39	maps/rooms/8room_068.map	512	512	89	93	111	237	159.598
75	maps/rooms/8room_068.map	512	512	491	248	271	317	303.309
27	maps/rooms/8room_068.map	512	512	503	482	428	444	110.497
35	maps/rooms/8room_068.map	512	512	391	136	299	86	143.882
97	maps/rooms/8room_068.map	512	512	325	153	266	438	391.907
103	maps/rooms/8room_068.map	512	512	56	231	285	438	413.321
55	maps/rooms/8room_068.map	512	512	300	57	427	187	223.167
111	maps/rooms/8room_068.map	512	512	14	6	102	350	447.279
30	maps/rooms/8room_068.map	512	512	389	204	483	237	123.912
49	maps/rooms/8room_068.map	512	512	111	261	60	348	199.439
66	maps/rooms/8room_068.map	512	512	250	3	95	119	264.681
111	maps/rooms/8room_068.map	512	512	28	310	257	62	447.777
32	maps/rooms/8room_068.map	512	512	220	279	123	330	130.083
81	maps/rooms/8room_068.map	512	512	93	83	356	24	327.38
68	maps/rooms/8room_068.map	512	512	244	133	25	151	273.267
19	maps/rooms/8room_068.map	512	512	158	388	92	378	78.7696
37	maps/rooms/8room_068.map	512	512	429	183	310	226	150.811
49	maps/rooms/8room_068.map	512	512	407	157	246	123	197.953
26	maps/rooms/8room_068.map	512	512	60	210	5	153	107.598
72	maps/rooms/8room_068.map	512	512	388	77	278	294	288.137
111	maps/rooms/8room_068.map	512	512	171	219	499	326	446.948
97	maps/rooms/8room_068.map	512	512	442	37	487	308	389.948
111	maps/rooms/8room_068.map	512	512	43	276	390	338	447.534
111	maps/rooms/8room_068.map	512	512	495	2	124	43	446.593
67	maps/rooms/8room_068.map	512	512	210	390	44	479	270.664
59	maps/rooms/8room_068.map	512	512	167	86	252	262	236.782
60	maps/rooms/8room_068.map	512	512	252	268	108	392	240.368
70	maps/rooms/8room_068.map	512	512	213	210	345	394	280.309
111	maps/rooms/8room_068.map	512	512	195	419	377	114	447.818
111	maps/rooms/8room_068.map	512	512	154	185	478	296	447.492
70	maps/rooms/8room_068.map	512	512	211	156	22	39	280.61
73	maps/rooms/8room_068.map	512	512	469	263	408	59	294.581
79	maps/rooms/8room_068.map	512	512	217	183	68	340	317.907
67	maps/rooms/8room_068.map	512	512	250	491	386	421	268.066
87	maps/rooms/8room_068.map	512	512	267	202	407	391	350.563
53	maps/rooms/8room_068.map	512	512	122	240	135	57	215.64
111	maps/rooms/8room_068.map	512	512	97	185	454	281	446.907
87	maps/rooms/8room_068.map	512	512	215	318	420	126	351.777
88	maps/rooms/8room_068.map	512	512	492	93	243	183	355.451
111	maps/rooms/8room_068.map	512	512	117	447	388	200	447.889
44	maps/rooms/8room_068.map	512	512	137	75	218	180	178.912
86	maps/rooms/8room_068.map	512	512	141	61	389	203	347.907
56	maps/rooms/8room_068.map	512	512	482	237	491	283	225.024
110	maps/rooms/8room_068.map	512	512	73	62	280	343	443.563
110	maps/rooms/8room_068.map	512	512	479	5	254	247	443.978
107	maps/rooms/8room_068.map	512	512	89	483	290	218	428.392
110	maps/rooms/8room_068.map	512	512	507	44	151	141	443.291
110	maps/rooms/8room_068.map	512	512	23	178	389	153	443.492
39	maps/rooms/8room_068.map	512	512	407	30	285	24	158.669
109	maps/rooms/8room_068.map	512	512	506	79	442	327	439.061
5	maps/rooms/8room_068.map	512	512	445	286	438	270	21.8284
109	maps/rooms/8room_068.map	512	512	456	36	277	329	439.948
109	maps/rooms/8room_068.map	512	512	231	59	81	397	439.99
82	maps/rooms/8room_068.map	512	512	295	146	155	355	331.794
32	maps/rooms/8room_068.map	512	512	233	38	254	153	131.841
109	maps/rooms/8room_068.map	512	512	60	332	401	184	439.818
74	maps/rooms/8room_068.map	512	512	378	283	500	111	298.25
67	maps/rooms/8room_068.map	512	512	20	396	230	393	269.208
109	maps/rooms/8room_068.map	512	512	175	360	390	81	439.948
41	maps/rooms/8room_068.map	512	512	196	431	111	458	167.296
85	maps/rooms/8room_068.map	512	512	452	164	303	364	342.806
108	maps/rooms/8room_068.map	512	512	426	120	260	406	435.505
60	maps/rooms/8room_068.map	512	512	281	41	206	209	242.238
88	maps/rooms/8room_068.map	512	512	334	232	56	304	355.806
91	maps/rooms/8room_068.map	512	512	453	163	173	72	365.836
75	maps/rooms/8room_068.map	512	512	130	343	374	312	302.179
93	maps/rooms/8room_068.map	512	512	202	245	412	450	374.463
54	maps/rooms/8room_068.map	512	512	61	409	220	378	216.551
34	maps/rooms/8room_068.map	512	512	20	220	58	303	138.397
108	maps/rooms/8room_068.map	512	512	322	456	437	167	435.404
87	maps/rooms/8room_068.map	512	512	483	121	253	258	350.22
69	maps/rooms/8room_068.map	512	512	282	370	407	276	278.966
108	maps/rooms/8room_068.map	512	512	275	156	428	405	435.505
57	maps/rooms/8room_068.map	512	512	430	413	463	252	229.338
108	maps/rooms/8room_068.map	512	512	110	199	415	27	435.635
84	maps/rooms/8room_068.map	512	512	390	367	125	333	339.735
65	maps/rooms/8room_068.map	512	512	4	222	131	362	263.894
108	maps/rooms/8room_068.map	512	512	245	58	314	403	434.877
13	maps/rooms/8room_068.map	512	512	125	334	133	291	53.8701
108	maps/rooms/8room_068.map	512	512	140	90	345	340	435.919
96	maps/rooms/8room_068.map	512	512	510	372	323	165	385.22
107	maps/rooms/8room_068.map	512	512	165	30	431	254	431.848
92	maps/rooms/8room_068.map	512	512	13	125	217	268	368.522
29	maps/rooms/8room_068.map	512	512	198	310	216	250	118.77
107	maps/rooms/8room_068.map	512	512	147	507	323	201	431.019
52	maps/rooms/8room_068.map	512	512	393	344	340	430	211.368
67	maps/rooms/8room_068.map	512	512	222	324	26	364	269.865
107	maps/rooms/8room_068.map	512	512	511	104	261	355	430.789
105	maps/rooms/8room_068.map	512	512	290	504	155	226	421.534
100	maps/rooms/8room_068.map	512	512	422	45	232	302	401.291
101	maps/rooms/8room_068.map	512	512	414	152	159	360	404.463
106	maps/rooms/8room_068.map	512	512	133	335	474	267	427.108
86	maps/rooms/8room_068.map	512	512	342	19	151	211	346.522
107	maps/rooms/8room_068.map	512	512	445	500	247	218	431.647
75	maps/rooms/8room_068.map	512	512	379	5	157	77	300.794
68	maps/rooms/8room_068.map	512	512	132	411	342	390	272.238
39	maps/rooms/8room_068.map	512	512	91	147	71	36	156.355
97	maps/rooms/8room_068.map	512	512	395	284	229	26	391.706
107	maps/rooms/8room_068.map	512	512	198	92	325	416	431.877
69	maps/rooms/8room_068.map	512	512	230	374	32	280	279.38
91	maps/rooms/8room_068.map	512	512	124	132	110	437	365.936
106	maps/rooms/8room_068.map	512	512	439	424	170	227	427.404
97	maps/rooms/8room_068.map	512	512	394	409	213	240	391.019
106	maps/rooms/8room_068.map	512	512	10	26	245	272	427.836
96	maps/rooms/8room_068.map	512	512	491	263	355	455	386.735
30	maps/rooms/8room_068.map	512	512	340	211	438	178	121.083
88	maps/rooms/8room_068.map	512	512	191	388	167	89	355.108
43	maps/rooms/8room_068.map	512	512	406	182	266	229	172.497
103	maps/rooms/8room_068.map	512	512	354	69	219	375	412.806
106	maps/rooms/8room_068.map	512	512	422	452	206	207	427.434
81	maps/rooms/8room_068.map	512	512	120	77	390	73	325.48
74	maps/rooms/8room_068.map	512	512	89	108	171	350	299.38
76	maps/rooms/8room_068.map	512	512	398	374	310	222	307.179
106	maps/rooms/8room_068.map	512	512	262	166	32	394	427.505
106	maps/rooms/8room_068.map	512	512	213	159	115	477	427.019
106	maps/rooms/8room_068.map	512	512	396	390	189	148	427.635
41	maps/rooms/8room_068.map	512	512	216	212	325	291	166.953
106	maps/rooms/8room_068.map	512	512	168	13	416	231	427.404
31	maps/rooms/8room_068.map	512	512	278	205	259	108	125.841
18	maps/rooms/8room_068.map	512	512	132	52	167	39	73.1127
85	maps/rooms/8room_068.map	512	512	181	216	271	469	341.836
88	maps/rooms/8room_068.map	512	512	59	43	88	262	353.723
105	maps/rooms/8room_068.map	512	512	39	490	104	167	423.078
105	maps/rooms/8room_068.map	512	512	246	466	446	254	423.22
105	maps/rooms/8room_068.map	512	512	282	424	99	142	423.007
104	maps/rooms/8room_068.map	512	512	436	119	281	398	419.848
103	maps/rooms/8room_068.map	512	512	499	243	452	501	415.534
69	maps/rooms/8room_068.map	512	512	255	212	28	228	278.196
63	maps/rooms/8room_068.map	512	512	196	107	16	105	252.309
104	maps/rooms/8room_068.map	512	512	277	58	142	359	419.22
83	maps/rooms/8room_068.map	512	512	251	404	403	266	334.108
103	maps/rooms/8room_068.map	512	512	322	44	265	355	415.806
50	maps/rooms/8room_068.map	512	512	213	237	117	103	200.853
102	maps/rooms/8room_068.map	512	512	387	211	65	92	411.451
102	maps/rooms/8room_068.map	512	512	298	95	101	361	411.735
96	maps/rooms/8room_068.map	512	512	421	398	141	270	387.563
102	maps/rooms/8room_068.map	512	512	398	10	500	310	411.421
11	maps/rooms/8room_068.map	512	512	9	403	18	442	44.4853
102	maps/rooms/8room_068.map	512	512	104	154	319	410	411.149
102	maps/rooms/8room_068.map	512	512	474	34	442	328	411.99
59	maps/rooms/8room_068.map	512	512	338	247	356	66	237.953
102	maps/rooms/8room_068.map	512	512	453	54	155	137	410.706
91	maps/rooms/8room_068.map	512	512	202	379	472	489	364.735
75	maps/rooms/8room_068.map	512	512	486	82	327	265	303.179
101	maps/rooms/8room_068.map	512	512	3	131	258	358	407.505
31	maps/rooms/8room_068.map	512	512	453	239	426	139	126.497
71	maps/rooms/8room_068.map	512	512	187	75	402	21	284.095
76	maps/rooms/8room_068.map	512	512	104	123	303	284	304.35
47	maps/rooms/8room_068.map	512	512	332	342	435	312	189.225
101	maps/rooms/8room_068.map	512	512	476	243	166	320	407.451
101	maps/rooms/8room_068.map	512	512	300	83	234	418	406.764
61	maps/rooms/8room_068.map	512	512	297	236	436	130	246.48
88	maps/rooms/8room_068.map	512	512	38	59	317	92	353.421
46	maps/rooms/8room_068.map	512	512	363	79	462	125	187.468
88	maps/rooms/8room_068.map	512	512	21	480	146	213	355.22
78	maps/rooms/8room_068.map	512	512	182	278	342	114	313.966
101	maps/rooms/8room_068.map	512	512	5	266	319	206	407.865
83	maps/rooms/8room_068.map	512	512	454	191	260	331	335.907
65	maps/rooms/8room_068.map	512	512	89	85	278	133	263.693
67	maps/rooms/8room_068.map	512	512	300	106	419	274	268.279
101	maps/rooms/8room_068.map	512	512	443	412	202	214	406.061
44	maps/rooms/8room_068.map	512	512	187	234	276	346	178.296
101	maps/rooms/8room_068.map	512	512	111	119	163	432	407.936
52	maps/rooms/8room_068.map	512	512	222	287	329	357	210.238
95	maps/rooms/8room_068.map	512	512	34	179	82	460	381.936
100	maps/rooms/8room_068.map	512	512	301	386	231	59	403.735
57	maps/rooms/8room_068.map	512	512	295	148	419	260	230.752
100	maps/rooms/8room_068.map	512	512	379	351	232	110	403.706
84	maps/rooms/8room_068.map	512	512	207	235	460	205	337.593
56	maps/rooms/8room_068.map	512	512	127	419	295	431	227.924
63	maps/rooms/8room_068.map	512	512	152	34	259	203	252.51
100	maps/rooms/8room_068.map	512	512	123	419	371	213	403.262
96	maps/rooms/8room_068.map	512	512	164	3	290	297	386.794
100	maps/rooms/8room_068.map	512	512	183	430	93	136	402.593
96	maps/rooms/8room_068.map	512	512	77	372	314	182	387.593
96	maps/rooms/8room_068.map	512	512	250	299	64	56	387.551
51	maps/rooms/8room_068.map	512	512	286	371	154	271	206.853
92	maps/rooms/8room_068.map	512	512	360	247	499	21	371.894
95	maps/rooms/8room_068.map	512	512	444	377	145	395	383.534
95	maps/rooms/8room_068.map	512	512	152	437	136	122	383.936
95	maps/rooms/8room_068.map	512	512	458	40	122	56	382.794
27	maps/rooms/8room_068.map	512	512	133	302	74	310	111.627
95	maps/rooms/8room_068.map	512	512	358	419	376	204	383.291
94	maps/rooms/8room_068.map	512	512	307	393	79	190	379.735
43	maps/rooms/8room_068.map	512	512	329	61	210	141	173.953
94	maps/rooms/8room_068.map	512	512	445	344	124	329	379.664
94	maps/rooms/8room_068.map	512	512	505	482	268	311	378.877
87	maps/rooms/8room_068.map	512	512	443	392	204	251	351.664
55	maps/rooms/8room_068.map	512	512	351	347	313	484	221.61
94	maps/rooms/8room_068.map	512	512	333	57	145	297	379.078
52	maps/rooms/8room_068.map	512	512	222	334	108	206	211.782
76	maps/rooms/8room_068.map	512	512	268	477	69	357	304.664
64	maps/rooms/8room_068.map	512	512	183	377	76	194	257.823
41	maps/rooms/8room_068.map	512	512	252	169	122	213	167.64
55	maps/rooms/8room_068.map	512	512	335	234	138	244	223.125
94	maps/rooms/8room_068.map	512	512	330	284	80	98	379.706
79	maps/rooms/8room_068.map	512	512	99	403	324	275	319.936
94	maps/rooms/8room_068.map	512	512	281	461	399	185	379.907
37	maps/rooms/8room_068.map	512	512	36	217	72	309	150.711
83	maps/rooms/8room_068.map	512	512	294	450	82	343	333.836
78	maps/rooms/8room_068.map	512	512	184	130	398	278	314.25
94	maps/rooms/8room_068.map	512	512	1	373	313	281	379.907
50	maps/rooms/8room_068.map	512	512	118	20	258	99	203.752
93	maps/rooms/8room_068.map	512	512	195	51	102	350	375.037
38	maps/rooms/8room_068.map	512	512	194	60	121	126	154.255
26	maps/rooms/8room_068.map	512	512	83	66	12	26	107.527
68	maps/rooms/8room_068.map	512	512	221	237	46	347	274.966
63	maps/rooms/8room_068.map	512	512	333	76	452	233	252.953
93	maps/rooms/8room_068.map	512	512	510	326	230	436	375.966
62	maps/rooms/8room_068.map	512	512	38	234	181	361	250.995
68	maps/rooms/8room_068.map	512	512	201	436	243	216	273.338
75	maps/rooms/8room_068.map	512	512	478	11	411	183	301.267
93	maps/rooms/8room_068.map	512	512	110	13	383	154	375.706
24	maps/rooms/8room_068.map	512	512	308	418	377	460	98.598
60	maps/rooms/8room_068.map	512	512	262	230	420	141	241.368
55	maps/rooms/8room_068.map	512	512	276	239	453	277	221.024
80	maps/rooms/8room_068.map	512	512	44	18	10	249	320.823
93	maps/rooms/8room_068.map	512	512	109	103	387	242	375.007
91	maps/rooms/8room_068.map	512	512	150	436	213	131	366.836
91	maps/rooms/8room_068.map	512	512	427	451	363	181	367.22
91	maps/rooms/8room_068.map	512	512	463	187	184	287	367.291
76	maps/rooms/8room_068.map	512	512	210	239	148	4	306.439
61	maps/rooms/8room_068.map	512	512	249	236	199	425	244.196
91	maps/rooms/8room_068.map	512	512	436	383	145	338	367.806
49	maps/rooms/8room_068.map	512	512	322	165	293	51	199.853
91	maps/rooms/8room_068.map	512	512	158	266	448	163	367.836
87	maps/rooms/8room_068.map	512	512	508	287	270	194	351.451
43	maps/rooms/8room_068.map	512	512	19	228	148	278	174.054
47	maps/rooms/8room_068.map	512	512	24	227	146	301	190.711
86	maps/rooms/8room_068.map	512	512	63	443	274	270	346.836
86	maps/rooms/8room_068.map	512	512	18	409	296	413	347.078
85	maps/rooms/8room_068.map	512	512	116	191	399	185	343.995
85	maps/rooms/8room_068.map	512	512	505	478	239	419	343.492
59	maps/rooms/8room_068.map	512	512	195	491	237	294	239.853
19	maps/rooms/8room_068.map	512	512	155	456	153	403	78.9411
55	maps/rooms/8room_068.map	512	512	362	295	232	426	223.409
85	maps/rooms/8room_068.map	512	512	217	432	158	145	343.179
85	maps/rooms/8room_068.map	512	512	415	43	111	21	342.995
85	maps/rooms/8room_068.map	512	512	156	339	332	152	343.007
84	maps/rooms/8room_068.map	512	512	245	206	394	383	339.421
84	maps/rooms/8room_068.map	512	512	438	21	291	261	339.693
84	maps/rooms/8room_068.map	512	512	380	77	456	350	339.309
84	maps/rooms/8room_068.map	512	512	157	237	407	259	339.823
83	maps/rooms/8room_068.map	512	512	87	99	339	209	335.823
82	maps/rooms/8room_068.map	512	512	26	437	279	447	331.936
82	maps/rooms/8room_068.map	512	512	323	406	250	154	331.936
48	maps/rooms/8room_068.map	512	512	201	199	211	332	192.095
55	maps/rooms/8room_068.map	512	512	428	245	447	85	223.51
81	maps/rooms/8room_068.map	512	512	276	378	212	165	327.35
80	maps/rooms/8room_068.map	512	512	507	55	272	125	323.25
63	maps/rooms/8room_068.map	512	512	472	140	455	322	252.037
80	maps/rooms/8room_068.map	512	512	204	453	375	335	323.551
80	maps/rooms/8room_068.map	512	512	45	373	181	210	323.492
79	maps/rooms/8room_068.map	512	512	297	217	286	455	319.894
79	maps/rooms/8room_068.map	512	512	140	411	325	237	319.35
79	maps/rooms/8room_068.map	512	512	151	188	30	415	319.279
45	maps/rooms/8room_068.map	512	512	69	383	207	431	183.054
48	maps/rooms/8room_068.map	512	512	130	229	22	266	193.61
50	maps/rooms/8room_068.map	512	512	107	58	269	108	203.681
79	maps/rooms/8room_068.map	512	512	140	59	270	288	319.995
65	maps/rooms/8room_068.map	512	512	172	355	308	493	261.966
55	maps/rooms/8room_068.map	512	512	491	313	404	465	223.267
78	maps/rooms/8room_068.map	512	512	58	38	322	62	315.338
78	maps/rooms/8room_068.map	512	512	343	205	86	117	314.823
78	maps/rooms/8room_068.map	512	512	261	269	454	399	315.108
30	maps/rooms/8room_068.map	512	512	252	224	323	261	123.74
78	maps/rooms/8room_068.map	512	512	303	99	237	349	315.622
78	maps/rooms/8room_068.map	512	512	226	471	271	189	315.167
78	maps/rooms/8room_068.map	512	512	74	149	275	316	314.693
49	maps/rooms/8room_068.map	512	512	27	156	185	175	199.225
36	maps/rooms/8room_068.map	512	512	214	87	316	46	144.497
58	maps/rooms/8room_068.map	512	512	34	478	137	344	232.279
77	maps/rooms/8room_068.map	512	512	187	98	250	357	311.924
66	maps/rooms/8room_068.map	512	512	55	67	234	195	267.752
77	maps/rooms/8room_068.map	512	512	216	8	440	107	311.794
26	maps/rooms/8room_068.map	512	512	264	136	351	124	107.426
77	maps/rooms/8room_068.map	512	512	478	76	255	135	310.836
76	maps/rooms/8room_068.map	512	512	37	403	260	450	305.865
77	maps/rooms/8room_068.map	512	512	467	494	275	336	311.421
77	maps/rooms/8room_068.map	512	512	58	18	329	62	311.752
58	maps/rooms/8room_068.map	512	512	346	356	217	252	235.995
77	maps/rooms/8room_068.map	512	512	498	150	258	247	311.007
68	maps/rooms/8room_068.map	512	512	504	405	302	454	275.51
76	maps/rooms/8room_068.map	512	512	431	411	396	175	307.35
76	maps/rooms/8room_068.map	512	512	490	283	347	166	306.936
75	maps/rooms/8room_068.map	512	512	21	88	270	55	303.238
11	maps/rooms/8room_068.map	512	512	248	398	219	371	45.4558
75	maps/rooms/8room_068.map	512	512	173	328	85	80	303.966
73	maps/rooms/8room_068.map	512	512	434	247	237	349	295.894
73	maps/rooms/8room_068.map	512	512	63	138	247	292	294.652
73	maps/rooms/8room_068.map	512	512	250	6	262	249	295.652
62	maps/rooms/8room_068.map	512	512	320	104	294	274	251.823
61	maps/rooms/8room_068.map	512	512	174	211	259	83	245.167
73	maps/rooms/8room_068.map	512	512	484	196	270	290	295.279
55	maps/rooms/8room_068.map	512	512	35	89	163	194	223.368
73	maps/rooms/8room_068.map	512	512	494	444	287	346	295.936
72	maps/rooms/8room_068.map	512	512	362	453	124	475	291.966
72	maps/rooms/8room_068.map	512	512	348	386	364	220	291.179
66	maps/rooms/8room_068.map	512	512	452	190	485	345	264.551
72	maps/rooms/8room_068.map	512	512	196	387	391	284	291.179
49	maps/rooms/8room_068.map	512	512	365	340	423	474	196.066
72	maps/rooms/8room_068.map	512	512	45	14	121	231	291.853
71	maps/rooms/8room_068.map	512	512	242	210	476	168	287.48
71	maps/rooms/8room_068.map	512	512	502	28	468	189	286.723
71	maps/rooms/8room_068.map	512	512	235	4	261	250	287.823
31	maps/rooms/8room_068.map	512	512	351	107	271	35	125.054
15	maps/rooms/8room_068.map	512	512	152	117	197	107	61.2843
66	maps/rooms/8room_068.map	512	512	221	101	163	317	267.966
71	maps/rooms/8room_068.map	512	512	461	509	274	359	287.049
71	maps/rooms/8room_068.map	512	512	502	11	409	177	287.61
71	maps/rooms/8room_068.map	512	512	423	120	456	349	287.48
71	maps/rooms/8room_068.map	512	512	22	13	149	204	287.095
69	maps/rooms/8room_068.map	512	512	487	297	427	505	276.167
52	maps/rooms/8room_068.map	512	512	319	278	461	205	210.681
33	maps/rooms/8room_068.map	512	512	415	166	334	171	134.953
40	maps/rooms/8room_068.map	512	512	184	133	325	105	163.912
67	maps/rooms/8room_068.map	512	512	121	331	231	499	268.451
22	maps/rooms/8room_068.map	512	512	327	134	252	147	89.2132
69	maps/rooms/8room_068.map	512	512	318	407	170	233	279.137
69	maps/rooms/8room_068.map	512	512	426	374	365	198	279.35
69	maps/rooms/8room_068.map	512	512	209	197	199	410	276.48
67	maps/rooms/8room_068.map	512	512	421	5	319	209	271.338
67	maps/rooms/8room_068.map	512	512	79	286	276	355	271.823
19	maps/rooms/8room_068.map	512	512	331	111	281	105	79.8406
62	maps/rooms/8room_068.map	512	512	214	294	28	284	250.167
66	maps/rooms/8room_068.map	512	512	494	214	332	123	266.681
67	maps/rooms/8room_068.map	512	512	324	75	246	266	271.409
66	maps/rooms/8room_068.map	512	512	146	407	6	248	267.652
64	maps/rooms/8room_068.map	512	512	117	430	314	373	256.752
61	maps/rooms/8room_068.map	512	512	264	31	136	172	245.752
66	maps/rooms/8room_068.map	512	512	463	277	259	183	267.823
52	maps/rooms/8room_068.map	512	512	326	70	442	164	211.539
66	maps/rooms/8room_068.map	512	512	266	310	185	101	267.095
36	maps/rooms/8room_068.map	512	512	187	123	278	203	147.811
61	maps/rooms/8room_068.map	512	512	180	365	249	204	244.368
64	maps/rooms/8room_068.map	512	512	472	102	338	266	259.622
64	maps/rooms/8room_068.map	512	512	72	467	189	282	259.966
64	maps/rooms/8room_068.map	512	512	487	361	348	217	259.995
14	maps/rooms/8room_068.map	512	512	328	212	281	239	59.3553
64	maps/rooms/8room_068.map	512	512	378	11	316	220	259.125
64	maps/rooms/8room_068.map	512	512	215	85	244	295	259.853
63	maps/rooms/8room_068.map	512	512	409	406	402	244	255.652
63	maps/rooms/8room_068.map	512	512	31	453	149	293	254.593
63	maps/rooms/8room_068.map	512	512	42	21	142	201	255.196
63	maps/rooms/8room_068.map	512	512	318	472	168	360	255.238
62	maps/rooms/8room_068.map	512	512	303	454	265	258	251.196
13	maps/rooms/8room_068.map	512	512	340	215	383	236	52.8701
62	maps/rooms/8room_068.map	512	512	116	332	207	135	251.238
62	maps/rooms/8room_068.map	512	512	50	215	217	92	251.037
61	maps/rooms/8room_068.map	512	512	502	216	458	381	247.409
61	maps/rooms/8room_068.map	512	512	100	440	174	245	247.167
58	maps/rooms/8room_068.map	512	512	290	117	174	261	235.196
51	maps/rooms/8room_068.map	512	512	147	425	313	399	206.711
58	maps/rooms/8room_068.map	512	512	108	121	229	266	235.38
58	maps/rooms/8room_068.map	512	512	292	439	193	296	235.338
58	maps/rooms/8room_068.map	512	512	493	357	389	206	235.066
51	maps/rooms/8room_068.map	512	512	363	170	332	10	207.569
51	maps/rooms/8room_068.map	512	512	14	311	174	297	207.439
58	maps/rooms/8room_068.map	512	512	471	154	284	197	235.823
54	maps/rooms/8room_068.map	512	512	276	242	452	255	219.225
54	maps/rooms/8room_068.map	512	512	438	506	451	316	219.468
54	maps/rooms/8room_068.map	512	512	170	107	242	267	219.196
40	maps/rooms/8room_068.map	512	512	11	469	24	327	163.326
54	maps/rooms/8room_068.map	512	512	479	268	306	285	219.296
50	maps/rooms/8room_068.map	512	512	162	389	178	218	203.468
49	maps/rooms/8room_068.map	512	512	292	490	247	343	199.296
49	maps/rooms/8room_068.map	512	512	14	77	110	206	199.225
41	maps/rooms/8room_068.map	512	512	508	470	408	403	166.782
49	maps/rooms/8room_068.map	512	512	152	14	194	156	199.154
41	maps/rooms/8room_068.map	512	512	316	329	439	396	167.983
49	maps/rooms/8room_068.map	512	512	71	408	185	285	199.51
24	maps/rooms/8room_068.map	512	512	408	140	472	173	98.8406
48	maps/rooms/8room_068.map	512	512	107	471	167	330	195.51
48	maps/rooms/8room_068.map	512	512	39	255	137	335	195.095
48	maps/rooms/8room_068.map	512	512	419	208	252	183	195.054
46	maps/rooms/8room_068.map	512	512	324	209	455	284	186.853
46	maps/rooms/8room_068.map	512	512	222	440	287	298	187.752
46	maps/rooms/8room_068.map	512	512	28	18	105	152	187.125
46	maps/rooms/8room_068.map	512	512	166	124	255	240	187.368
46	maps/rooms/8room_068.map	512	512	39	56	107	170	187.64
45	maps/rooms/8room_068.map	512	512	265	482	376	471	183.439
45	maps/rooms/8room_068.map	512	512	76	505	139	395	183.409
45	maps/rooms/8room_068.map	512	512	360	436	277	322	183.853
44	maps/rooms/8room_068.map	512	512	84	244	107	367	179.054
44	maps/rooms/8room_068.map	512	512	122	347	45	456	179.238
23	maps/rooms/8room_068.map	512	512	72	69	6	60	94.8406
44	maps/rooms/8room_068.map	512	512	445	233	297	248	179.811
44	maps/rooms/8room_068.map	512	512	94	148	237	184	179.669
44	maps/rooms/8room_068.map	512	512	430	303	452	300	179.225
44	maps/rooms/8room_068.map	512	512	324	35	221	121	178.64
43	maps/rooms/8room_068.map	512	512	211	45	364	37	175.912
43	maps/rooms/8room_068.map	512	512	342	315	249	419	175.125
43	maps/rooms/8room_068.map	512	512	27	358	148	294	175.167
42	maps/rooms/8room_068.map	512	512	494	346	349	333	171.983
42	maps/rooms/8room_068.map	512	512	26	440	158	426	171.782
42	maps/rooms/8room_068.map	512	512	169	445	292	376	171.296
27	maps/rooms/8room_068.map	512	512	270	361	226	431	109.841
42	maps/rooms/8room_068.map	512	512	419	381	296	360	171.924
42	maps/rooms/8room_068.map	512	512	197	307	324	238	171.439
20	maps/rooms/8room_068.map	512	512	51	152	59	217	80.1127
24	maps/rooms/8room_068.map	512	512	429	458	429	374	97.1127
42	maps/rooms/8room_068.map	512	512	43	71	32	175	171.225
41	maps/rooms/8room_068.map	512	512	344	63	366	175	167.154
41	maps/rooms/8room_068.map	512	512	349	303	269	286	167.953
40	maps/rooms/8room_068.map	512	512	13	60	105	153	163.225
40	maps/rooms/8room_068.map	512	512	355	367	250	358	163.196
40	maps/rooms/8room_068.map	512	512	483	299	388	205	163.267
32	maps/rooms/8room_068.map	512	512	163	167	269	171	131.598
40	maps/rooms/8room_068.map	512	512	297	99	166	137	163.426
39	maps/rooms/8room_068.map	512	512	364	44	228	38	159.74
39	maps/rooms/8room_068.map	512	512	153	316	255	236	159.154
38	maps/rooms/8room_068.map	512	512	212	346	301	249	154.953
37	maps/rooms/8room_068.map	512	512	211	257	121	327	151.983
38	maps/rooms/8room_068.map	512	512	331	30	223	93	155.912
38	maps/rooms/8room_068.map	512	512	493	2	389	64	155.255
38	maps/rooms/8room_068.map	512	512	306	280	282	385	155.225
37	maps/rooms/8room_068.map	512	512	133	231	186	132	151.497
33	maps/rooms/8room_068.map	512	512	244	289	166	344	133.77
37	maps/rooms/8room_068.map	512	512	22	200	84	94	151.255
37	maps/rooms/8room_068.map	512	512	309	360	176	356	151.811
37	maps/rooms/8room_068.map	512	512	422	453	456	335	151.983
36	maps/rooms/8room_068.map	512	512	109	227	208	181	147.669
36	maps/rooms/8room_068.map	512	512	502	292	430	246	147.983
36	maps/rooms/8room_068.map	512	512	486	107	416	179	147.296
36	maps/rooms/8room_068.map	512	512	146	349	276	355	146.912
36	maps/rooms/8room_068.map	512	512	27	314	107	404	147.054
36	maps/rooms/8room_068.map	512	512	262	76	251	152	147.083
36	maps/rooms/8room_068.map	512	512	110	108	215	140	146.882
28	maps/rooms/8room_068.map	512	512	467	286	403	332	115.054
35	maps/rooms/8room_068.map	512	512	48	229	167	249	143.912
35	maps/rooms/8room_068.map	512	512	234	116	348	163	142.882
35	maps/rooms/8room_068.map	512	512	313	360	186	359	143.983
35	maps/rooms/8room_068.map	512	512	185	340	65	325	143.711
35	maps/rooms/8room_068.map	512	512	157	367	229	279	143.598
35	maps/rooms/8room_068.map	512	512	99	485	83	455	143.539
35	maps/rooms/8room_068.map	512	512	231	82	335	131	143.125
35	maps/rooms/8room_068.map	512	512	434	362	350	332	142.811
35	maps/rooms/8room_068.map	512	512	360	20	389	146	142.841
34	maps/rooms/8room_068.map	512	512	191	119	76	142	139.64
34	maps/rooms/8room_068.map	512	512	36	478	135	413	139.439
34	maps/rooms/8room_068.map	512	512	131	39	189	140	139.326
34	maps/rooms/8room_068.map	512	512	387	249	277	252	139.426
34	maps/rooms/8room_068.map	512	512	26	427	119	370	139.054
33	maps/rooms/8room_068.map	512	512	456	446	482	360	135.397
33	maps/rooms/8room_068.map	512	512	119	495	42	464	135.983
33	maps/rooms/8room_068.map	512	512	163	490	84	423	135.054
33	maps/rooms/8room_068.map	512	512	188	158	294	116	135.74
33	maps/rooms/8room_068.map	512	512	510	443	457	351	135.468
33	maps/rooms/8room_068.map	512	512	34	474	149	488	135.569
33	maps/rooms/8room_068.map	512	512	379	11	364	130	135.355
33	maps/rooms/8room_068.map	512	512	188	3	188	131	135.456
32	maps/rooms/8room_068.map	512	512	388	358	284	343	131.569
32	maps/rooms/8room_068.map	512	512	367	398	347	344	131.74
32	maps/rooms/8room_068.map	512	512	350	504	312	400	131.983
32	maps/rooms/8room_068.map	512	512	76	473	186	492	131.083
31	maps/rooms/8room_068.map	512	512	112	239	84	125	127.598
31	maps/rooms/8room_068.map	512	512	28	146	123	165	127.941
30	maps/rooms/8room_068.map	512	512	119	55	156	143	123.77
30	maps/rooms/8room_068.map	512	512	187	356	152	257	123.497
30	maps/rooms/8room_068.map	512	512	104	243	184	194	123.669
30	maps/rooms/8room_068.map	512	512	216	136	310	190	123.397
30	maps/rooms/8room_068.map	512	512	103	158	173	230	123.255
29	maps/rooms/8room_068.map	512	512	324	386	267	310	119.426
29	maps/rooms/8room_068.map	512	512	10	366	52	276	118.77
29	maps/rooms/8room_068.map	512	512	436	53	389	99	118.841
29	maps/rooms/8room_068.map	512	512	150	220	228	265	119.326
29	maps/rooms/8room_068.map	512	512	327	276	291	346	119.497
29	maps/rooms/8room_068.map	512	512	148	380	108	303	119.569
29	maps/rooms/8room_068.map	512	512	83	174	172	227	119.154
28	maps/rooms/8room_068.map	512	512	364	297	294	362	115.468
28	maps/rooms/8room_068.map	512	512	375	38	355	131	115.426
28	maps/rooms/8room_068.map	512	512	409	55	394	151	115.87
28	maps/rooms/8room_068.map	512	512	367	130	318	209	115.941
28	maps/rooms/8room_068.map	512	512	204	231	287	254	115.841
28	maps/rooms/8room_068.map	512	512	263	138	200	197	115.355
28	maps/rooms/8room_068.map	512	512	9	332	112	325	115.841
28	maps/rooms/8room_068.map	512	512	123	508	97	442	115.983
28	maps/rooms/8room_068.map	512	512	508	407	420	364	115.326
27	maps/rooms/8room_068.map	512	512	431	41	334	60	111.012
27	maps/rooms/8room_068.map	512	512	90	459	152	388	110.74
27	maps/rooms/8room_068.map	512	512	185	247	125	317	111.255
27	maps/rooms/8room_068.map	512	512	254	475	210	391	111.74
27	maps/rooms/8room_068.map	512	512	367	489	346	437	111.426
27	maps/rooms/8room_068.map	512	512	233	455	248	360	111.012
26	maps/rooms/8room_068.map	512	512	60	39	87	125	107.728
26	maps/rooms/8room_068.map	512	512	348	203	289	269	107.912
26	maps/rooms/8room_068.map	512	512	342	72	246	63	107.184
26	maps/rooms/8room_068.map	512	512	367	503	378	460	107.598
26	maps/rooms/8room_068.map	512	512	363	461	311	384	107.326
26	maps/rooms/8room_068.map	512	512	5	467	57	401	107.598
25	maps/rooms/8room_068.map	512	512	12	99	94	88	103.527
25	maps/rooms/8room_068.map	512	512	325	99	249	147	102.912
25	maps/rooms/8room_068.map	512	512	197	471	224	426	103.841
25	maps/rooms/8room_068.map	512	512	436	141	460	207	103.012
25	maps/rooms/8room_068.map	512	512	195	377	233	457	103.497
25	maps/rooms/8room_068.map	512	512	367	261	311	206	103.426
25	maps/rooms/8room_068.map	512	512	95	311	143	299	103.012
25	maps/rooms/8room_068.map	512	512	339	226	257	223	103.77
25	maps/rooms/8room_068.map	512	512	104	361	85	282	103.355
24	maps/rooms/8room_068.map	512	512	324	50	274	111	99.2843
24	maps/rooms/8room_068.map	512	512	506	148	427	175	99.9828
24	maps/rooms/8room_068.map	512	512	441	491	365	460	99.2254
24	maps/rooms/8room_068.map	512	512	334	463	409	447	99.5269
20	maps/rooms/8room_068.map	512	512	307	421	293	483	82.2843
24	maps/rooms/8room_068.map	512	512	111	191	154	259	98.8406
24	maps/rooms/8room_068.map	512	512	409	501	415	410	99.2843
24	maps/rooms/8room_068.map	512	512	116	148	111	238	99.0416
23	maps/rooms/8room_068.map	512	512	6	382	62	324	95.2548
23	maps/rooms/8room_068.map	512	512	429	79	391	59	95.0122
23	maps/rooms/8room_068.map	512	512	184	105	245	61	95.6274
23	maps/rooms/8room_068.map	512	512	502	100	462	172	95.598
23	maps/rooms/8room_068.map	512	512	180	56	189	144	95.0416
23	maps/rooms/8room_068.map	512	512	486	76	455	146	95.1838
22	maps/rooms/8room_068.map	512	512	381	185	338	234	91.7401
22	maps/rooms/8room_068.map	512	512	454	324	424	261	91.669
22	maps/rooms/8room_068.map	512	512	114	487	59	489	91.1838
22	maps/rooms/8room_068.map	512	512	74	303	133	332	91.9411
22	maps/rooms/8room_068.map	512	512	266	274	288	346	91.8406
22	maps/rooms/8room_068.map	512	512	185	340	244	344	91.7696
21	maps/rooms/8room_068.map	512	512	441	73	476	130	87.0122
21	maps/rooms/8room_068.map	512	512	120	242	181	284	87.7696
21	maps/rooms/8room_068.map	512	512	183	414	183	354	87.3553
21	maps/rooms/8room_068.map	512	512	89	326	150	292	87.5685
21	maps/rooms/8room_068.map	512	512	229	122	238	184	87.0416
21	maps/rooms/8room_068.map	512	512	330	439	396	458	87.8701
21	maps/rooms/8room_068.map	512	512	119	283	173	249	87.4558
21	maps/rooms/8room_068.map	512	512	110	120	110	186	87.1127
20	maps/rooms/8room_068.map	512	512	294	263	224	279	83.6985
20	maps/rooms/8room_068.map	512	512	389	284	326	276	83.4264
20	maps/rooms/8room_068.map	512	512	445	26	389	63	83.8701
20	maps/rooms/8room_068.map	512	512	452	282	453	215	83.8406
20	maps/rooms/8room_068.map	512	512	497	398	456	346	83.0416
20	maps/rooms/8room_068.map	512	512	114	439	103	373	82.9411
20	maps/rooms/8room_068.map	512	512	55	285	108	314	83.4558
19	maps/rooms/8room_068.map	512	512	391	111	414	170	78.6274
19	maps/rooms/8room_068.map	512	512	188	82	162	133	79.0416
19	maps/rooms/8room_068.map	512	512	180	67	178	138	79.2843
19	maps/rooms/8room_068.map	512	512	439	462	365	462	79.799
18	maps/rooms/8room_068.map	512	512	184	477	237	470	75.3553
18	maps/rooms/8room_068.map	512	512	375	309	314	336	75.6985
18	maps/rooms/8room_068.map	512	512	101	295	47	333	75.598
18	maps/rooms/8room_068.map	512	512	191	387	167	324	75.8701
12	maps/rooms/8room_068.map	512	512	302	439	332	413	50.2843
18	maps/rooms/8room_068.map	512	512	474	205	415	179	75.2843
18	maps/rooms/8room_068.map	512	512	75	335	127	315	75.2548
18	maps/rooms/8room_068.map	512	512	211	308	273	286	75.1127
17	maps/rooms/8room_068.map	512	512	10	233	31	174	71.799
17	maps/rooms/8room_068.map	512	512	181	180	239	199	71.7696
17	maps/rooms/8room_068.map	512	512	119	355	167	335	71.3553
17	maps/rooms/8room_068.map	512	512	276	424	326	457	70.6985
17	maps/rooms/8room_068.map	512	512	388	310	330	333	71.8701
17	maps/rooms/8room_068.map	512	512	222	307	235	356	71.0122
17	maps/rooms/8room_068.map	512	512	143	488	204	484	71.8701
17	maps/rooms/8room_068.map	512	512	324	254	263	249	71.799
16	maps/rooms/8room_068.map	512	512	31	330	89	330	66.6274
16	maps/rooms/8room_068.map	512	512	490	344	453	332	67.9706
16	maps/rooms/8room_068.map	512	512	394	131	342	130	67.3848
16	maps/rooms/8room_068.map	512	512	442	355	411	354	67.9411
16	maps/rooms/8room_068.map	512	512	139	268	94	235	66.8701
16	maps/rooms/8room_068.map	512	512	450	451	390	458	67.6274
16	maps/rooms/8room_068.map	512	512	247	283	295	249	67.598
16	maps/rooms/8room_068.map	512	512	214	258	204	205	67.5269
15	maps/rooms/8room_068.map	512	512	436	329	394	341	63.2132
15	maps/rooms/8room_068.map	512	512	395	413	450	396	63.2132
15	maps/rooms/8room_068.map	512	512	197	53	185	104	63.1421
15	maps/rooms/8room_068.map	512	512	397	233	345	214	63.5269
15	maps/rooms/8room_068.map	512	512	166	75	138	84	63.7279
15	maps/rooms/8room_068.map	512	512	375	103	328	105	63.0416
15	maps/rooms/8room_068.map	512	512	57	150	20	188	63.8701
15	maps/rooms/8room_068.map	512	512	283	31	314	59	63.2843
15	maps/rooms/8room_068.map	512	512	8	200	67	202	63.4853
14	maps/rooms/8room_068.map	512	512	148	56	195	47	59.799
14	maps/rooms/8room_068.map	512	512	424	263	385	236	59.5563
14	maps/rooms/8room_068.map	512	512	323	387	281	360	59.0416
14	maps/rooms/8room_068.map	512	512	120	373	117	423	58.6985
14	maps/rooms/8room_068.map	512	512	102	453	124	424	59.7696
14	maps/rooms/8room_068.map	512	512	302	230	252	219	59.0416
14	maps/rooms/8room_068.map	512	512	12	430	54	402	59.4558
14	maps/rooms/8room_068.map	512	512	463	53	430	55	58.9411
13	maps/rooms/8room_068.map	512	512	298	127	338	131	55.2132
13	maps/rooms/8room_068.map	512	512	113	360	123	326	55.1127
13	maps/rooms/8room_068.map	512	512	261	457	232	431	55.9706
13	maps/rooms/8room_068.map	512	512	261	151	238	188	54.8701
13	maps/rooms/8room_068.map	512	512	488	489	436	483	55.3137
13	maps/rooms/8room_068.map	512	512	469	324	423	340	55.5563
12	maps/rooms/8room_068.map	512	512	395	227	407	258	51.9706
12	maps/rooms/8room_068.map	512	512	165	218	175	265	51.1421
12	maps/rooms/8room_068.map	512	512	205	190	235	201	51.3848
12	maps/rooms/8room_068.map	512	512	41	180	71	214	51.1127
12	maps/rooms/8room_068.map	512	512	139	427	152	388	51.2132
12	maps/rooms/8room_068.map	512	512	348	196	335	163	50.7696
12	maps/rooms/8room_068.map	512	512	453	228	441	268	51.1127
12	maps/rooms/8room_068.map	512	512	91	208	117	239	51.7279
11	maps/rooms/8room_068.map	512	512	462	195	430	179	47.4558
11	maps/rooms/8room_068.map	512	512	59	297	102	302	47.5563
11	maps/rooms/8room_068.map	512	512	242	389	235	352	47.3137
11	maps/rooms/8room_068.map	512	512	77	41	97	55	47.5563
11	maps/rooms/8room_068.map	512	512	127	140	109	173	47.8701
11	maps/rooms/8room_068.map	512	512	297	147	342	148	47.8995
10	maps/rooms/8room_068.map	512	512	476	373	456	345	43.3137
10	maps/rooms/8room_068.map	512	512	204	294	243	296	43.9706
10	maps/rooms/8room_068.map	512	512	87	338	122	321	43.799
10	maps/rooms/8room_068.map	512	512	383	65	392	101	43.2426
10	maps/rooms/8room_068.map	512	512	445	436	437	403	43.9706
10	maps/rooms/8room_068.map	512	512	36	79	72	95	43.799
10	maps/rooms/8room_068.map	512	512	36	282	54	311	43.1421
10	maps/rooms/8room_068.map	512	512	100	205	137	201	43.6274
10	maps/rooms/8room_068.map	512	512	327	187	312	223	43.3848
9	maps/rooms/8room_068.map	512	512	282	142	253	151	39.8995
9	maps/rooms/8room_068.map	512	512	102	163	115	196	39.5563
9	maps/rooms/8room_068.map	512	512	264	191	261	221	39.7279
9	maps/rooms/8room_068.map	512	512	139	71	166	54	38.7279
9	maps/rooms/8room_068.map	512	512	76	372	107	372	39.3848
9	maps/rooms/8room_068.map	512	512	298	423	281	393	39.3848
9	maps/rooms/8room_068.map	512	512	4	328	42	332	39.6569
9	maps/rooms/8room_068.map	512	512	471	474	455	472	39.2132
8	maps/rooms/8room_068.map	512	512	438	371	413	362	34.6274
8	maps/rooms/8room_068.map	512	512	301	107	274	125	35.6274
8	maps/rooms/8room_068.map	512	512	138	314	120	338	34.9706
8	maps/rooms/8room_068.map	512	512	402	166	399	150	35.3848
8	maps/rooms/8room_068.map	512	512	97	381	125	367	34.9706
8	maps/rooms/8room_068.map	512	512	271	155	245	162	35.6274
8	maps/rooms/8room_068.map	512	512	237	444	231	412	35.3137
8	maps/rooms/8room_068.map	512	512	349	487	340	461	35.1421
8	maps/rooms/8room_068.map	512	512	429	212	423	187	35.4853
7	maps/rooms/8room_068.map	512	512	347	2	331	25	31.9706
7	maps/rooms/8room_068.map	512	512	124	123	133	97	31.7279
7	maps/rooms/8room_068.map	512	512	45	282	60	265	30.7279
7	maps/rooms/8room_068.map	512	512	350	38	379	40	30.6569
7	maps/rooms/8room_068.map	512	512	470	316	453	297	30.7279
7	maps/rooms/8room_068.map	512	512	30	205	60	202	31.8284
7	maps/rooms/8room_068.map	512	512	188	299	169	280	31.5563
7	maps/rooms/8room_068.map	512	512	141	99	141	127	31.3137
6	maps/rooms/8room_068.map	512	512	218	343	223	322	27.2132
6	maps/rooms/8room_068.map	512	512	243	493	232	471	27.7279
6	maps/rooms/8room_068.map	512	512	266	199	291	202	27.8995
6	maps/rooms/8room_068.map	512	512	184	285	159	280	27.0711
6	maps/rooms/8room_068.map	512	512	184	478	175	456	26.8995
6	maps/rooms/8room_068.map	512	512	148	205	124	199	27.6569
6	maps/rooms/8room_068.map	512	512	221	396	201	380	27.799
6	maps/rooms/8room_068.map	512	512	426	69	424	45	27.3137
6	maps/rooms/8room_068.map	512	512	294	278	296	259	27.1421
5	maps/rooms/8room_068.map	512	512	217	91	239	95	23.6569
5	maps/rooms/8room_068.map	512	512	149	226	159	212	23.4142
5	maps/rooms/8room_068.map	512	512	212	143	195	135	23.8284
5	maps/rooms/8room_068.map	512	512	54	130	69	138	23.9706
5	maps/rooms/8room_068.map	512	512	349	204	329	207	23.7279
5	maps/rooms/8room_068.map	512	512	118	149	133	160	23.0711
5	maps/rooms/8room_068.map	512	512	345	15	346	35	23.2426
5	maps/rooms/8room_068.map	512	512	309	54	328	63	22.7279
5	maps/rooms/8room_068.map	512	512	482	189	466	201	23.3137
4	maps/rooms/8room_068.map	512	512	108	134	119	146	19.4853
4	maps/rooms/8room_068.map	512	512	292	382	280	389	19.7279
4	maps/rooms/8room_068.map	512	512	312	222	316	206	19.8995
4	maps/rooms/8room_068.map	512	512	45	278	62	273	19.6569
4	maps/rooms/8room_068.map	512	512	58	282	57	266	19.7279
4	maps/rooms/8room_068.map	512	512	459	165	442	168	19.8995
4	maps/rooms/8room_068.map	512	512	382	25	397	31	19.8284
4	maps/rooms/8room_068.map	512	512	495	93	477	93	19.6569
3	maps/rooms/8room_068.map	512	512	484	383	492	386	15
3	maps/rooms/8room_068.map	512	512	435	279	422	274	15.8995
3	maps/rooms/8room_068.map	512	512	453	73	444	66	15.6569
3	maps/rooms/8room_068.map	512	512	7	428	15	438	15.6569
3	maps/rooms/8room_068.map	512	512	414	274	404	267	15.2426
3	maps/rooms/8room_068.map	512	512	170	200	174	214	15.6569
3	maps/rooms/8room_068.map	512	512	460	440	447	434	15.4853
3	maps/rooms/8room_068.map	512	512	504	67	495	57	15.4853
3	maps/rooms/8room_068.map	512	512	383	351	372	340	15.5563
3	maps/rooms/8room_068.map	512	512	196	161	197	176	15.4142
2	maps/rooms/8room_068.map	512	512	411	12	400	11	11.4142
2	maps/rooms/8room_068.map	512	512	347	169	338	163	11.4853
2	maps/rooms/8room_068.map	512	512	351	270	340	270	11
2	maps/rooms/8room_068.map	512	512	488	341	478	344	11.2426
2	maps/rooms/8room_068.map	512	512	158	77	150	69	11.3137
2	maps/rooms/8room_068.map	512	512	393	34	390	44	11.2426
2	maps/rooms/8room_068.map	512	512	392	159	382	158	11.2426
2	maps/rooms/8room_068.map	512	512	316	461	321	452	11.6569
2	maps/rooms/8room_068.map	512	512	343	283	347	291	11.0711
2	maps/rooms/8room_068.map	512	512	223	309	233	308	11.8284
1	maps/rooms/8room_068.map	512	512	252	372	248	378	7.65685
1	maps/rooms/8room_068.map	512	512	461	19	456	24	7.07107
1	maps/rooms/8room_068.map	512	512	484	297	483	304	7.41421
1	maps/rooms/8room_068.map	512	512	387	375	386	382	7.41421
1	maps/rooms/8room_068.map	512	512	73	434	68	439	7.07107
1	maps/rooms/8room_068.map	512	512	306	382	311	386	7.82843
1	maps/rooms/8room_068.map	512	512	466	169	462	171	7.41421
1	maps/rooms/8room_068.map	512	512	439	423	442	417	7.24264
1	maps/rooms/8room_068.map	512	512	414	437	409	442	7.07107
1	maps/rooms/8room_068.map	512	512	90	434	91	441	7.41421
0	maps/rooms/8room_068.map	512	512	298	450	300	452	2.82843
0	maps/rooms/8room_068.map	512	512	499	269	496	268	3.41421
0	maps/rooms/8room_068.map	512	512	428	313	425	313	3
0	maps/rooms/8room_068.map	512	512	104	264	106	262	2.82843
0	maps/rooms/8room_068.map	512	512	302	86	300	88	2.82843
0	maps/rooms/8room_068.map	512	512	425	396	425	393	3
0	maps/rooms/8room_068.map	512	512	321	296	318	298	3.82843
0	maps/rooms/8room_068.map	512	512	251	382	248	383	3.41421
0	maps/rooms/8room_068.map	512	512	316	274	319	276	3.82843
