version 1
70	maps/rooms/8room_067.map	512	512	87	322	105	507	281.995
59	maps/rooms/8room_067.map	512	512	292	159	453	54	236.51
127	maps/rooms/8room_067.map	512	512	213	93	426	399	511.049
127	maps/rooms/8room_067.map	512	512	471	211	119	24	511.032
127	maps/rooms/8room_067.map	512	512	507	169	108	215	510.931
63	maps/rooms/8room_067.map	512	512	61	182	155	18	254.409
23	maps/rooms/8room_067.map	512	512	455	498	446	436	92.9411
14	maps/rooms/8room_067.map	512	512	386	203	343	191	58.1127
127	maps/rooms/8room_067.map	512	512	127	189	435	178	511.032
63	maps/rooms/8room_067.map	512	512	171	254	357	175	252.338
50	maps/rooms/8room_067.map	512	512	422	238	389	380	202.924
127	maps/rooms/8room_067.map	512	512	63	475	387	234	511.274
100	maps/rooms/8room_067.map	512	512	127	20	67	326	401.664
84	maps/rooms/8room_067.map	512	512	175	293	411	421	336.794
66	maps/rooms/8room_067.map	512	512	305	108	137	72	264.309
49	maps/rooms/8room_067.map	512	512	237	67	379	21	199.74
127	maps/rooms/8room_067.map	512	512	456	74	140	348	511.931
49	maps/rooms/8room_067.map	512	512	9	394	25	227	199.024
77	maps/rooms/8room_067.map	512	512	172	264	168	168	311.865
127	maps/rooms/8room_067.map	512	512	425	361	103	136	511.96
117	maps/rooms/8room_067.map	512	512	344	108	201	434	470.22
111	maps/rooms/8room_067.map	512	512	219	357	139	30	446.605
56	maps/rooms/8room_067.map	512	512	500	221	382	93	227.924
83	maps/rooms/8room_067.map	512	512	389	247	262	47	332.48
62	maps/rooms/8room_067.map	512	512	130	223	140	411	248.995
71	maps/rooms/8room_067.map	512	512	42	280	69	502	285.451
75	maps/rooms/8room_067.map	512	512	36	223	54	462	301.794
14	maps/rooms/8room_067.map	512	512	157	276	119	243	59.5269
46	maps/rooms/8room_067.map	512	512	109	151	197	243	187.296
84	maps/rooms/8room_067.map	512	512	409	313	499	55	338.794
59	maps/rooms/8room_067.map	512	512	490	75	458	259	238.711
82	maps/rooms/8room_067.map	512	512	109	175	270	379	330.321
20	maps/rooms/8room_067.map	512	512	414	92	439	150	80.3137
92	maps/rooms/8room_067.map	512	512	218	317	134	57	370.877
88	maps/rooms/8room_067.map	512	512	218	149	76	357	352.635
127	maps/rooms/8room_067.map	512	512	405	277	151	111	511.99
77	maps/rooms/8room_067.map	512	512	307	197	94	258	308.652
127	maps/rooms/8room_067.map	512	512	67	350	250	81	511.647
98	maps/rooms/8room_067.map	512	512	508	168	344	419	392.362
127	maps/rooms/8room_067.map	512	512	51	317	411	105	511.446
107	maps/rooms/8room_067.map	512	512	159	74	178	392	428.706
85	maps/rooms/8room_067.map	512	512	178	342	122	85	340.664
53	maps/rooms/8room_067.map	512	512	315	326	189	297	213.853
27	maps/rooms/8room_067.map	512	512	511	26	486	104	108.941
98	maps/rooms/8room_067.map	512	512	108	159	109	476	393.664
83	maps/rooms/8room_067.map	512	512	166	222	414	340	333.664
73	maps/rooms/8room_067.map	512	512	350	206	110	235	294.095
94	maps/rooms/8room_067.map	512	512	54	386	324	397	376.421
81	maps/rooms/8room_067.map	512	512	472	454	289	299	326.392
126	maps/rooms/8room_067.map	512	512	73	357	269	75	506.818
25	maps/rooms/8room_067.map	512	512	469	346	443	420	102.083
95	maps/rooms/8room_067.map	512	512	302	28	35	41	383.806
126	maps/rooms/8room_067.map	512	512	489	458	156	242	507.818
33	maps/rooms/8room_067.map	512	512	233	269	313	197	135.397
58	maps/rooms/8room_067.map	512	512	99	76	69	264	232.024
30	maps/rooms/8room_067.map	512	512	285	347	359	343	120.426
126	maps/rooms/8room_067.map	512	512	168	127	299	416	507.103
121	maps/rooms/8room_067.map	512	512	446	9	175	162	487.806
94	maps/rooms/8room_067.map	512	512	376	124	203	154	379.007
126	maps/rooms/8room_067.map	512	512	302	493	41	188	507.688
68	maps/rooms/8room_067.map	512	512	155	404	45	347	272.723
121	maps/rooms/8room_067.map	512	512	431	232	123	188	486.718
90	maps/rooms/8room_067.map	512	512	478	487	300	276	360.078
118	maps/rooms/8room_067.map	512	512	235	466	442	173	473.747
62	maps/rooms/8room_067.map	512	512	269	264	403	118	251.037
94	maps/rooms/8room_067.map	512	512	493	25	413	309	377.865
126	maps/rooms/8room_067.map	512	512	40	349	289	87	507.233
101	maps/rooms/8room_067.map	512	512	502	282	282	54	406.191
59	maps/rooms/8room_067.map	512	512	237	250	42	296	238.338
5	maps/rooms/8room_067.map	512	512	243	46	232	40	23.4853
28	maps/rooms/8room_067.map	512	512	221	382	290	326	114.841
94	maps/rooms/8room_067.map	512	512	300	231	76	394	378.522
126	maps/rooms/8room_067.map	512	512	377	42	441	469	507.049
119	maps/rooms/8room_067.map	512	512	155	152	343	239	476.948
85	maps/rooms/8room_067.map	512	512	383	408	270	167	342.392
43	maps/rooms/8room_067.map	512	512	374	2	446	133	174.882
39	maps/rooms/8room_067.map	512	512	47	322	139	299	157.024
126	maps/rooms/8room_067.map	512	512	61	62	393	178	506.718
82	maps/rooms/8room_067.map	512	512	366	407	126	296	331.894
126	maps/rooms/8room_067.map	512	512	204	413	418	55	507.061
58	maps/rooms/8room_067.map	512	512	302	324	238	158	233.581
101	maps/rooms/8room_067.map	512	512	8	258	201	439	405.706
126	maps/rooms/8room_067.map	512	512	126	456	117	32	507.191
52	maps/rooms/8room_067.map	512	512	361	67	359	230	208.539
126	maps/rooms/8room_067.map	512	512	300	43	362	407	507.806
44	maps/rooms/8room_067.map	512	512	14	383	103	450	176.468
70	maps/rooms/8room_067.map	512	512	157	446	62	275	283.037
116	maps/rooms/8room_067.map	512	512	411	2	440	425	464.894
6	maps/rooms/8room_067.map	512	512	314	79	301	86	26.1421
66	maps/rooms/8room_067.map	512	512	375	218	419	409	265.794
70	maps/rooms/8room_067.map	512	512	38	197	181	82	283.924
89	maps/rooms/8room_067.map	512	512	165	314	73	27	358.563
24	maps/rooms/8room_067.map	512	512	186	323	139	259	98.8406
29	maps/rooms/8room_067.map	512	512	27	274	69	210	119.012
121	maps/rooms/8room_067.map	512	512	410	366	42	223	485.735
90	maps/rooms/8room_067.map	512	512	238	150	495	84	363.492
50	maps/rooms/8room_067.map	512	512	61	245	19	111	202.569
95	maps/rooms/8room_067.map	512	512	160	138	348	130	380.35
54	maps/rooms/8room_067.map	512	512	294	359	271	187	216.054
27	maps/rooms/8room_067.map	512	512	119	178	136	204	110.983
109	maps/rooms/8room_067.map	512	512	343	140	116	403	437.161
45	maps/rooms/8room_067.map	512	512	306	164	299	47	182.426
125	maps/rooms/8room_067.map	512	512	223	473	40	223	502.931
53	maps/rooms/8room_067.map	512	512	454	159	334	165	215.924
115	maps/rooms/8room_067.map	512	512	365	61	18	41	461.475
48	maps/rooms/8room_067.map	512	512	407	405	441	258	194.196
125	maps/rooms/8room_067.map	512	512	179	4	28	363	503.546
27	maps/rooms/8room_067.map	512	512	214	132	248	215	110.497
57	maps/rooms/8room_067.map	512	512	312	438	340	276	230.894
97	maps/rooms/8room_067.map	512	512	466	359	185	499	389.635
7	maps/rooms/8room_067.map	512	512	174	98	163	75	29.3137
47	maps/rooms/8room_067.map	512	512	116	204	125	91	190.267
119	maps/rooms/8room_067.map	512	512	439	278	23	235	479.492
125	maps/rooms/8room_067.map	512	512	171	439	408	116	503.688
41	maps/rooms/8room_067.map	512	512	190	453	218	455	166.125
125	maps/rooms/8room_067.map	512	512	14	503	36	108	503.291
37	maps/rooms/8room_067.map	512	512	135	141	75	104	149.953
101	maps/rooms/8room_067.map	512	512	59	268	330	462	405.635
111	maps/rooms/8room_067.map	512	512	361	503	92	301	444.848
68	maps/rooms/8room_067.map	512	512	420	167	382	329	275.622
70	maps/rooms/8room_067.map	512	512	488	74	255	111	280.468
48	maps/rooms/8room_067.map	512	512	322	35	451	59	195.267
75	maps/rooms/8room_067.map	512	512	194	275	281	77	302.38
85	maps/rooms/8room_067.map	512	512	110	354	143	166	340.664
119	maps/rooms/8room_067.map	512	512	426	151	105	200	479.99
34	maps/rooms/8room_067.map	512	512	278	275	210	200	138.497
31	maps/rooms/8room_067.map	512	512	356	291	265	248	127.397
76	maps/rooms/8room_067.map	512	512	302	483	46	478	305.167
37	maps/rooms/8room_067.map	512	512	332	17	444	56	151.77
80	maps/rooms/8room_067.map	512	512	268	510	47	409	321.421
35	maps/rooms/8room_067.map	512	512	206	475	309	469	140.054
125	maps/rooms/8room_067.map	512	512	90	452	309	111	503.889
125	maps/rooms/8room_067.map	512	512	474	405	67	347	503.049
125	maps/rooms/8room_067.map	512	512	360	145	72	426	503.132
105	maps/rooms/8room_067.map	512	512	326	41	8	60	422.948
122	maps/rooms/8room_067.map	512	512	430	119	95	219	490.203
78	maps/rooms/8room_067.map	512	512	376	296	256	75	315.752
46	maps/rooms/8room_067.map	512	512	315	240	324	393	187.095
82	maps/rooms/8room_067.map	512	512	251	80	121	137	328.179
26	maps/rooms/8room_067.map	512	512	445	335	488	391	105.527
87	maps/rooms/8room_067.map	512	512	299	126	314	355	350.894
80	maps/rooms/8room_067.map	512	512	467	319	322	115	321.551
125	maps/rooms/8room_067.map	512	512	398	170	70	89	503.032
102	maps/rooms/8room_067.map	512	512	363	293	153	169	411.563
125	maps/rooms/8room_067.map	512	512	43	157	357	386	503.534
82	maps/rooms/8room_067.map	512	512	446	59	477	351	328.782
125	maps/rooms/8room_067.map	512	512	59	168	221	95	503.475
124	maps/rooms/8room_067.map	512	512	290	25	421	412	499.664
97	maps/rooms/8room_067.map	512	512	70	12	158	312	388.291
73	maps/rooms/8room_067.map	512	512	297	19	109	67	295.622
113	maps/rooms/8room_067.map	512	512	479	11	280	314	452.718
124	maps/rooms/8room_067.map	512	512	475	451	90	330	499.019
73	maps/rooms/8room_067.map	512	512	501	260	491	91	295.066
52	maps/rooms/8room_067.map	512	512	476	445	427	275	208.782
25	maps/rooms/8room_067.map	512	512	429	389	350	387	102.74
124	maps/rooms/8room_067.map	512	512	78	484	415	270	499.132
124	maps/rooms/8room_067.map	512	512	51	78	434	41	499.262
124	maps/rooms/8room_067.map	512	512	129	216	437	462	499.019
123	maps/rooms/8room_067.map	512	512	41	431	430	371	493.836
114	maps/rooms/8room_067.map	512	512	456	211	168	373	457.889
124	maps/rooms/8room_067.map	512	512	473	468	109	508	499.019
103	maps/rooms/8room_067.map	512	512	342	178	380	492	413.179
124	maps/rooms/8room_067.map	512	512	74	46	113	445	499.161
47	maps/rooms/8room_067.map	512	512	263	73	275	196	189.569
122	maps/rooms/8room_067.map	512	512	225	509	42	187	490.304
35	maps/rooms/8room_067.map	512	512	87	56	207	85	143.326
85	maps/rooms/8room_067.map	512	512	331	175	291	447	341.279
36	maps/rooms/8room_067.map	512	512	224	211	158	315	146.711
97	maps/rooms/8room_067.map	512	512	123	189	285	109	388.492
98	maps/rooms/8room_067.map	512	512	248	363	245	87	395.936
86	maps/rooms/8room_067.map	512	512	207	134	315	159	345.208
124	maps/rooms/8room_067.map	512	512	210	123	278	403	499.12
19	maps/rooms/8room_067.map	512	512	380	299	426	348	77.4264
97	maps/rooms/8room_067.map	512	512	163	210	290	42	390.865
124	maps/rooms/8room_067.map	512	512	269	21	426	410	499.463
89	maps/rooms/8room_067.map	512	512	86	376	212	165	358.622
124	maps/rooms/8room_067.map	512	512	57	146	345	377	499.777
111	maps/rooms/8room_067.map	512	512	3	406	84	41	447.321
37	maps/rooms/8room_067.map	512	512	328	377	399	477	151.125
85	maps/rooms/8room_067.map	512	512	105	51	239	233	343.38
92	maps/rooms/8room_067.map	512	512	484	168	453	432	370.279
19	maps/rooms/8room_067.map	512	512	364	334	328	378	79.598
99	maps/rooms/8room_067.map	512	512	116	466	415	424	397.877
80	maps/rooms/8room_067.map	512	512	207	72	148	186	323.25
15	maps/rooms/8room_067.map	512	512	460	115	422	86	60.5563
71	maps/rooms/8room_067.map	512	512	419	435	454	195	287.995
123	maps/rooms/8room_067.map	512	512	457	411	103	212	495.576
107	maps/rooms/8room_067.map	512	512	507	295	147	258	428.706
49	maps/rooms/8room_067.map	512	512	162	207	52	276	196.095
40	maps/rooms/8room_067.map	512	512	232	315	204	440	161.225
97	maps/rooms/8room_067.map	512	512	435	118	162	101	389.38
65	maps/rooms/8room_067.map	512	512	82	67	262	39	263.48
123	maps/rooms/8room_067.map	512	512	84	271	421	479	495.635
123	maps/rooms/8room_067.map	512	512	489	414	264	116	495.492
98	maps/rooms/8room_067.map	512	512	372	341	84	440	395.392
86	maps/rooms/8room_067.map	512	512	415	306	210	138	345.049
104	maps/rooms/8room_067.map	512	512	116	51	300	164	418.948
40	maps/rooms/8room_067.map	512	512	50	349	158	259	162.853
97	maps/rooms/8room_067.map	512	512	167	344	399	121	391.576
108	maps/rooms/8room_067.map	512	512	495	315	223	463	435.605
38	maps/rooms/8room_067.map	512	512	188	365	232	266	154.296
123	maps/rooms/8room_067.map	512	512	20	397	341	151	495.517
14	maps/rooms/8room_067.map	512	512	145	297	182	265	58.9411
123	maps/rooms/8room_067.map	512	512	360	27	42	145	495.605
123	maps/rooms/8room_067.map	512	512	338	107	362	495	495.019
76	maps/rooms/8room_067.map	512	512	122	92	99	343	307.966
68	maps/rooms/8room_067.map	512	512	502	380	346	226	274.652
20	maps/rooms/8room_067.map	512	512	377	207	342	157	80.3553
68	maps/rooms/8room_067.map	512	512	148	274	76	140	272.066
58	maps/rooms/8room_067.map	512	512	195	68	341	110	232.711
47	maps/rooms/8room_067.map	512	512	109	249	150	102	190.267
52	maps/rooms/8room_067.map	512	512	110	265	219	373	211.368
66	maps/rooms/8room_067.map	512	512	472	118	339	298	266.38
123	maps/rooms/8room_067.map	512	512	319	420	148	107	495.789
123	maps/rooms/8room_067.map	512	512	404	53	356	455	495.12
83	maps/rooms/8room_067.map	512	512	358	263	149	419	335.149
123	maps/rooms/8room_067.map	512	512	399	170	74	82	494.789
99	maps/rooms/8room_067.map	512	512	216	280	121	47	396.534
85	maps/rooms/8room_067.map	512	512	469	39	264	198	342.735
122	maps/rooms/8room_067.map	512	512	26	28	110	397	491.777
43	maps/rooms/8room_067.map	512	512	8	101	100	132	174.054
122	maps/rooms/8room_067.map	512	512	489	288	125	440	491.463
122	maps/rooms/8room_067.map	512	512	143	37	342	271	491.09
122	maps/rooms/8room_067.map	512	512	326	419	262	50	491.09
122	maps/rooms/8room_067.map	512	512	30	151	367	84	491.161
122	maps/rooms/8room_067.map	512	512	330	475	43	197	491.032
45	maps/rooms/8room_067.map	512	512	392	453	262	414	180.296
49	maps/rooms/8room_067.map	512	512	470	4	326	82	197.397
100	maps/rooms/8room_067.map	512	512	297	30	275	360	403.037
78	maps/rooms/8room_067.map	512	512	238	71	505	56	312.51
78	maps/rooms/8room_067.map	512	512	260	474	359	246	313.007
48	maps/rooms/8room_067.map	512	512	3	346	150	333	194.711
122	maps/rooms/8room_067.map	512	512	301	380	163	137	490.789
122	maps/rooms/8room_067.map	512	512	13	330	307	133	491.333
101	maps/rooms/8room_067.map	512	512	2	501	303	420	404.978
101	maps/rooms/8room_067.map	512	512	4	39	85	358	404.007
84	maps/rooms/8room_067.map	512	512	270	253	107	88	337.522
65	maps/rooms/8room_067.map	512	512	196	395	27	327	260.966
28	maps/rooms/8room_067.map	512	512	427	375	399	290	112.497
47	maps/rooms/8room_067.map	512	512	10	393	86	301	189.823
121	maps/rooms/8room_067.map	512	512	147	456	108	59	487.262
35	maps/rooms/8room_067.map	512	512	386	427	300	356	140.255
71	maps/rooms/8room_067.map	512	512	281	437	127	396	287.593
60	maps/rooms/8room_067.map	512	512	421	244	468	430	241.368
121	maps/rooms/8room_067.map	512	512	491	487	156	432	487.889
77	maps/rooms/8room_067.map	512	512	4	201	223	314	311.38
121	maps/rooms/8room_067.map	512	512	453	135	276	486	487.747
121	maps/rooms/8room_067.map	512	512	501	69	102	15	487.676
74	maps/rooms/8room_067.map	512	512	463	147	279	4	297.894
16	maps/rooms/8room_067.map	512	512	195	423	172	398	66.6274
95	maps/rooms/8room_067.map	512	512	285	244	47	135	382.137
87	maps/rooms/8room_067.map	512	512	307	221	317	460	348.522
121	maps/rooms/8room_067.map	512	512	387	275	74	501	487.274
121	maps/rooms/8room_067.map	512	512	71	275	426	93	487.96
121	maps/rooms/8room_067.map	512	512	92	406	400	214	487.747
70	maps/rooms/8room_067.map	512	512	49	151	190	154	280.309
83	maps/rooms/8room_067.map	512	512	148	509	311	348	335.037
119	maps/rooms/8room_067.map	512	512	76	496	424	434	478.818
120	maps/rooms/8room_067.map	512	512	97	389	415	474	483.718
94	maps/rooms/8room_067.map	512	512	251	278	470	471	377.522
113	maps/rooms/8room_067.map	512	512	259	408	227	76	455.22
99	maps/rooms/8room_067.map	512	512	390	109	333	412	396.836
59	maps/rooms/8room_067.map	512	512	235	415	372	476	236.51
120	maps/rooms/8room_067.map	512	512	6	363	413	268	483.605
101	maps/rooms/8room_067.map	512	512	73	391	365	326	404.563
88	maps/rooms/8room_067.map	512	512	214	275	406	93	353.463
96	maps/rooms/8room_067.map	512	512	90	78	348	100	386.978
89	maps/rooms/8room_067.map	512	512	473	203	236	37	359.593
51	maps/rooms/8room_067.map	512	512	290	173	262	351	205.74
120	maps/rooms/8room_067.map	512	512	22	506	41	116	482.806
99	maps/rooms/8room_067.map	512	512	57	445	333	324	398.22
91	maps/rooms/8room_067.map	512	512	431	389	165	503	364.735
109	maps/rooms/8room_067.map	512	512	185	424	4	166	436.848
120	maps/rooms/8room_067.map	512	512	6	130	300	366	483.262
17	maps/rooms/8room_067.map	512	512	426	331	371	299	71.7696
113	maps/rooms/8room_067.map	512	512	84	376	394	406	455.747
27	maps/rooms/8room_067.map	512	512	204	307	237	228	111.983
120	maps/rooms/8room_067.map	512	512	184	191	27	391	483.333
120	maps/rooms/8room_067.map	512	512	41	230	439	210	483.747
87	maps/rooms/8room_067.map	512	512	508	23	237	42	351.48
16	maps/rooms/8room_067.map	512	512	156	136	194	107	65.2843
49	maps/rooms/8room_067.map	512	512	195	206	329	297	197.61
50	maps/rooms/8room_067.map	512	512	150	333	267	214	203.924
120	maps/rooms/8room_067.map	512	512	45	54	210	406	483.233
120	maps/rooms/8room_067.map	512	512	427	506	103	506	483.161
120	maps/rooms/8room_067.map	512	512	484	317	216	38	483.919
120	maps/rooms/8room_067.map	512	512	329	37	447	428	483.676
119	maps/rooms/8room_067.map	512	512	67	92	396	146	479.96
119	maps/rooms/8room_067.map	512	512	456	55	188	353	479.931
92	maps/rooms/8room_067.map	512	512	506	247	219	220	371.664
119	maps/rooms/8room_067.map	512	512	72	115	287	360	479.605
64	maps/rooms/8room_067.map	512	512	238	102	183	110	259.853
119	maps/rooms/8room_067.map	512	512	228	84	439	387	479.806
119	maps/rooms/8room_067.map	512	512	2	118	329	266	479.877
40	maps/rooms/8room_067.map	512	512	292	334	361	312	163.468
95	maps/rooms/8room_067.map	512	512	134	420	139	140	380.12
94	maps/rooms/8room_067.map	512	512	141	11	212	259	377.936
111	maps/rooms/8room_067.map	512	512	249	270	36	6	444.948
119	maps/rooms/8room_067.map	512	512	115	444	312	108	478.647
102	maps/rooms/8room_067.map	512	512	382	252	44	308	411.22
86	maps/rooms/8room_067.map	512	512	314	254	210	24	346.208
49	maps/rooms/8room_067.map	512	512	446	244	312	308	197.882
102	maps/rooms/8room_067.map	512	512	361	182	326	502	409.149
118	maps/rooms/8room_067.map	512	512	501	100	186	300	475.132
5	maps/rooms/8room_067.map	512	512	269	265	264	283	20.8995
39	maps/rooms/8room_067.map	512	512	349	63	374	183	159.953
33	maps/rooms/8room_067.map	512	512	432	494	420	381	132.497
118	maps/rooms/8room_067.map	512	512	94	10	186	393	475.09
63	maps/rooms/8room_067.map	512	512	171	357	22	403	253.51
118	maps/rooms/8room_067.map	512	512	467	3	226	310	475.889
65	maps/rooms/8room_067.map	512	512	108	192	182	15	262.238
79	maps/rooms/8room_067.map	512	512	258	239	228	13	317.037
118	maps/rooms/8room_067.map	512	512	249	19	349	377	475.463
101	maps/rooms/8room_067.map	512	512	242	503	509	509	406.362
118	maps/rooms/8room_067.map	512	512	46	306	414	395	475.392
103	maps/rooms/8room_067.map	512	512	223	486	110	244	412.463
118	maps/rooms/8room_067.map	512	512	51	39	418	92	475.262
74	maps/rooms/8room_067.map	512	512	302	37	247	217	296.338
51	maps/rooms/8room_067.map	512	512	30	62	36	220	206.225
117	maps/rooms/8room_067.map	512	512	333	503	434	136	469.22
60	maps/rooms/8room_067.map	512	512	422	318	250	327	240.48
93	maps/rooms/8room_067.map	512	512	217	197	165	55	373.463
58	maps/rooms/8room_067.map	512	512	379	453	342	301	233.794
11	maps/rooms/8room_067.map	512	512	479	190	446	205	44.4853
52	maps/rooms/8room_067.map	512	512	142	140	154	297	208.966
57	maps/rooms/8room_067.map	512	512	317	312	452	194	231.309
61	maps/rooms/8room_067.map	512	512	291	206	159	332	245.238
65	maps/rooms/8room_067.map	512	512	91	265	107	40	260.196
59	maps/rooms/8room_067.map	512	512	101	38	66	226	237.953
118	maps/rooms/8room_067.map	512	512	137	174	443	258	475.605
86	maps/rooms/8room_067.map	512	512	56	499	265	342	344.534
78	maps/rooms/8room_067.map	512	512	309	389	366	148	313.723
118	maps/rooms/8room_067.map	512	512	210	364	216	23	475.534
60	maps/rooms/8room_067.map	512	512	258	244	242	425	242.782
118	maps/rooms/8room_067.map	512	512	157	50	237	374	474.96
44	maps/rooms/8room_067.map	512	512	95	242	205	234	179.154
88	maps/rooms/8room_067.map	512	512	469	287	202	367	352.279
117	maps/rooms/8room_067.map	512	512	70	157	321	365	471.534
31	maps/rooms/8room_067.map	512	512	384	131	344	229	127.255
104	maps/rooms/8room_067.map	512	512	123	13	38	348	419.907
87	maps/rooms/8room_067.map	512	512	157	29	173	270	349.108
78	maps/rooms/8room_067.map	512	512	358	90	431	325	314.693
117	maps/rooms/8room_067.map	512	512	175	364	471	216	471.831
105	maps/rooms/8room_067.map	512	512	146	460	458	355	423.492
97	maps/rooms/8room_067.map	512	512	370	98	316	402	389.179
60	maps/rooms/8room_067.map	512	512	246	231	262	122	240.054
117	maps/rooms/8room_067.map	512	512	300	269	13	90	471.463
85	maps/rooms/8room_067.map	512	512	343	106	118	107	343.421
63	maps/rooms/8room_067.map	512	512	355	20	487	121	252.338
100	maps/rooms/8room_067.map	512	512	314	36	184	349	403.007
88	maps/rooms/8room_067.map	512	512	418	71	142	69	352.451
117	maps/rooms/8room_067.map	512	512	382	436	49	300	471.392
117	maps/rooms/8room_067.map	512	512	52	201	364	359	471.563
40	maps/rooms/8room_067.map	512	512	327	75	467	80	161.527
66	maps/rooms/8room_067.map	512	512	155	428	24	331	265.823
58	maps/rooms/8room_067.map	512	512	226	89	431	88	235.782
96	maps/rooms/8room_067.map	512	512	36	413	318	457	386.392
59	maps/rooms/8room_067.map	512	512	249	181	111	180	237.551
87	maps/rooms/8room_067.map	512	512	225	22	258	265	349.279
117	maps/rooms/8room_067.map	512	512	165	154	482	83	471.078
110	maps/rooms/8room_067.map	512	512	338	250	192	119	443.492
74	maps/rooms/8room_067.map	512	512	382	201	509	383	297.409
117	maps/rooms/8room_067.map	512	512	191	491	99	113	471.262
92	maps/rooms/8room_067.map	512	512	154	130	238	308	370.392
117	maps/rooms/8room_067.map	512	512	262	145	149	447	471.132
102	maps/rooms/8room_067.map	512	512	281	67	78	165	410.362
116	maps/rooms/8room_067.map	512	512	228	440	12	201	467.233
116	maps/rooms/8room_067.map	512	512	7	62	213	367	467.392
29	maps/rooms/8room_067.map	512	512	335	70	388	127	117.841
116	maps/rooms/8room_067.map	512	512	5	459	262	274	466.759
102	maps/rooms/8room_067.map	512	512	308	226	511	498	409.919
116	maps/rooms/8room_067.map	512	512	408	442	298	103	466.806
116	maps/rooms/8room_067.map	512	512	4	215	336	154	467.132
103	maps/rooms/8room_067.map	512	512	226	391	247	110	413.279
16	maps/rooms/8room_067.map	512	512	307	238	364	235	67.3553
108	maps/rooms/8room_067.map	512	512	70	355	25	32	434.735
28	maps/rooms/8room_067.map	512	512	222	416	172	489	114.255
116	maps/rooms/8room_067.map	512	512	407	495	132	263	466.605
86	maps/rooms/8room_067.map	512	512	455	349	200	395	345.368
75	maps/rooms/8room_067.map	512	512	249	277	125	494	300.664
113	maps/rooms/8room_067.map	512	512	105	198	228	459	452.132
116	maps/rooms/8room_067.map	512	512	372	449	70	243	467.362
105	maps/rooms/8room_067.map	512	512	483	331	153	260	421.877
116	maps/rooms/8room_067.map	512	512	124	396	386	130	467.789
76	maps/rooms/8room_067.map	512	512	27	504	13	279	306.279
94	maps/rooms/8room_067.map	512	512	362	313	509	108	376.25
116	maps/rooms/8room_067.map	512	512	7	235	357	396	467.492
105	maps/rooms/8room_067.map	512	512	315	31	19	15	420.434
115	maps/rooms/8room_067.map	512	512	381	250	147	108	463.605
82	maps/rooms/8room_067.map	512	512	196	146	108	270	329.037
95	maps/rooms/8room_067.map	512	512	250	247	62	92	383.149
43	maps/rooms/8room_067.map	512	512	197	135	231	50	172.054
79	maps/rooms/8room_067.map	512	512	44	444	142	231	319.167
56	maps/rooms/8room_067.map	512	512	258	343	228	485	224.267
51	maps/rooms/8room_067.map	512	512	334	467	317	325	205.752
68	maps/rooms/8room_067.map	512	512	198	271	141	107	274.38
82	maps/rooms/8room_067.map	512	512	226	311	51	152	329.723
69	maps/rooms/8room_067.map	512	512	327	410	281	207	278.865
50	maps/rooms/8room_067.map	512	512	219	214	286	131	200.225
31	maps/rooms/8room_067.map	512	512	441	408	429	294	125.941
83	maps/rooms/8room_067.map	512	512	493	403	333	204	334.38
42	maps/rooms/8room_067.map	512	512	334	125	338	210	170.841
115	maps/rooms/8room_067.map	512	512	475	223	104	225	463.233
115	maps/rooms/8room_067.map	512	512	414	237	188	97	463.706
38	maps/rooms/8room_067.map	512	512	310	427	370	474	154.054
115	maps/rooms/8room_067.map	512	512	440	54	232	370	463.647
98	maps/rooms/8room_067.map	512	512	100	431	15	163	395.049
70	maps/rooms/8room_067.map	512	512	295	392	249	188	282.853
78	maps/rooms/8room_067.map	512	512	124	161	104	363	312.007
63	maps/rooms/8room_067.map	512	512	79	175	175	222	255.794
71	maps/rooms/8room_067.map	512	512	297	329	360	115	285.007
90	maps/rooms/8room_067.map	512	512	84	266	320	446	361.907
62	maps/rooms/8room_067.map	512	512	79	142	190	127	251.966
115	maps/rooms/8room_067.map	512	512	24	259	365	139	463.475
67	maps/rooms/8room_067.map	512	512	486	457	311	356	268.066
112	maps/rooms/8room_067.map	512	512	296	47	60	154	449.233
7	maps/rooms/8room_067.map	512	512	4	363	23	348	31.0711
104	maps/rooms/8room_067.map	512	512	178	473	134	173	417.12
112	maps/rooms/8room_067.map	512	512	292	330	511	74	450.019
115	maps/rooms/8room_067.map	512	512	359	37	43	145	463.848
87	maps/rooms/8room_067.map	512	512	315	69	135	246	351.066
107	maps/rooms/8room_067.map	512	512	284	407	394	90	428.161
108	maps/rooms/8room_067.map	512	512	178	279	429	500	433.179
29	maps/rooms/8room_067.map	512	512	90	350	165	286	116.983
45	maps/rooms/8room_067.map	512	512	373	508	280	439	180.953
13	maps/rooms/8room_067.map	512	512	294	41	260	13	54.9706
49	maps/rooms/8room_067.map	512	512	70	460	154	326	198.024
68	maps/rooms/8room_067.map	512	512	458	453	347	307	273.894
115	maps/rooms/8room_067.map	512	512	420	470	123	248	463.534
87	maps/rooms/8room_067.map	512	512	123	445	57	199	350.451
85	maps/rooms/8room_067.map	512	512	235	351	485	414	343.066
115	maps/rooms/8room_067.map	512	512	39	251	357	401	463.907
98	maps/rooms/8room_067.map	512	512	58	154	283	202	393.451
36	maps/rooms/8room_067.map	512	512	303	277	197	212	147.711
33	maps/rooms/8room_067.map	512	512	392	409	453	484	135.882
43	maps/rooms/8room_067.map	512	512	164	217	247	313	174.782
48	maps/rooms/8room_067.map	512	512	211	404	319	477	193.652
115	maps/rooms/8room_067.map	512	512	217	466	68	245	463.304
112	maps/rooms/8room_067.map	512	512	254	397	487	169	451.191
63	maps/rooms/8room_067.map	512	512	375	95	451	302	255.752
30	maps/rooms/8room_067.map	512	512	169	316	121	394	122.669
114	maps/rooms/8room_067.map	512	512	426	206	183	122	459.049
65	maps/rooms/8room_067.map	512	512	183	443	284	264	261.581
71	maps/rooms/8room_067.map	512	512	440	354	367	148	286.48
46	maps/rooms/8room_067.map	512	512	24	346	66	402	186.61
20	maps/rooms/8room_067.map	512	512	149	303	179	286	81.6274
80	maps/rooms/8room_067.map	512	512	105	267	324	185	323.693
114	maps/rooms/8room_067.map	512	512	162	388	169	63	459.605
95	maps/rooms/8room_067.map	512	512	22	253	195	421	382.421
102	maps/rooms/8room_067.map	512	512	232	392	67	152	409.291
101	maps/rooms/8room_067.map	512	512	500	463	413	150	404.149
108	maps/rooms/8room_067.map	512	512	178	116	485	95	432.108
64	maps/rooms/8room_067.map	512	512	57	207	159	356	258.539
96	maps/rooms/8room_067.map	512	512	314	12	43	69	387.563
105	maps/rooms/8room_067.map	512	512	488	371	299	92	420.836
114	maps/rooms/8room_067.map	512	512	463	486	307	135	459.049
55	maps/rooms/8room_067.map	512	512	403	245	298	174	221.924
113	maps/rooms/8room_067.map	512	512	104	439	346	181	452.617
114	maps/rooms/8room_067.map	512	512	297	328	164	150	459.676
105	maps/rooms/8room_067.map	512	512	371	63	156	280	423.505
48	maps/rooms/8room_067.map	512	512	356	54	406	162	195.581
106	maps/rooms/8room_067.map	512	512	340	346	11	367	425.706
56	maps/rooms/8room_067.map	512	512	256	409	411	320	225.054
42	maps/rooms/8room_067.map	512	512	273	229	131	221	169.74
90	maps/rooms/8room_067.map	512	512	190	373	275	150	363.563
114	maps/rooms/8room_067.map	512	512	310	299	57	114	459.664
57	maps/rooms/8room_067.map	512	512	77	204	143	325	231.51
114	maps/rooms/8room_067.map	512	512	482	167	198	372	459.475
44	maps/rooms/8room_067.map	512	512	233	483	167	411	177.74
114	maps/rooms/8room_067.map	512	512	11	504	282	249	459.588
50	maps/rooms/8room_067.map	512	512	114	287	281	341	200.64
114	maps/rooms/8room_067.map	512	512	136	4	28	364	459.848
114	maps/rooms/8room_067.map	512	512	399	146	62	14	459.96
94	maps/rooms/8room_067.map	512	512	201	196	370	441	376.735
113	maps/rooms/8room_067.map	512	512	33	210	357	393	455.877
100	maps/rooms/8room_067.map	512	512	359	122	92	260	401.191
49	maps/rooms/8room_067.map	512	512	84	115	13	263	199.024
113	maps/rooms/8room_067.map	512	512	95	71	253	404	455.96
113	maps/rooms/8room_067.map	512	512	405	178	102	17	455.647
50	maps/rooms/8room_067.map	512	512	408	159	470	298	203.409
113	maps/rooms/8room_067.map	512	512	62	407	308	150	455.291
109	maps/rooms/8room_067.map	512	512	43	362	229	459	438.505
113	maps/rooms/8room_067.map	512	512	367	361	124	153	455.191
112	maps/rooms/8room_067.map	512	512	477	508	175	310	451.907
106	maps/rooms/8room_067.map	512	512	466	196	142	331	424.019
112	maps/rooms/8room_067.map	512	512	124	159	357	395	451.09
47	maps/rooms/8room_067.map	512	512	9	466	130	484	190.196
102	maps/rooms/8room_067.map	512	512	262	503	260	163	409.078
87	maps/rooms/8room_067.map	512	512	221	91	500	98	348.409
112	maps/rooms/8room_067.map	512	512	511	58	175	218	451.505
59	maps/rooms/8room_067.map	512	512	291	444	396	299	236.309
39	maps/rooms/8room_067.map	512	512	409	50	402	181	156.912
112	maps/rooms/8room_067.map	512	512	297	137	25	46	451.576
39	maps/rooms/8room_067.map	512	512	28	57	70	120	158.983
86	maps/rooms/8room_067.map	512	512	117	419	312	314	347.823
88	maps/rooms/8room_067.map	512	512	178	351	441	216	353.948
77	maps/rooms/8room_067.map	512	512	149	164	243	312	308.35
88	maps/rooms/8room_067.map	512	512	70	410	262	201	354.865
112	maps/rooms/8room_067.map	512	512	460	217	164	5	451.019
108	maps/rooms/8room_067.map	512	512	316	343	27	407	435.291
38	maps/rooms/8room_067.map	512	512	123	394	44	413	153.882
90	maps/rooms/8room_067.map	512	512	255	383	502	502	361.321
77	maps/rooms/8room_067.map	512	512	357	152	189	346	308.735
41	maps/rooms/8room_067.map	512	512	379	443	500	374	166.125
76	maps/rooms/8room_067.map	512	512	206	47	120	244	307.593
112	maps/rooms/8room_067.map	512	512	134	30	259	326	451.777
112	maps/rooms/8room_067.map	512	512	390	170	158	428	450.96
46	maps/rooms/8room_067.map	512	512	14	26	156	79	185.267
41	maps/rooms/8room_067.map	512	512	271	199	197	308	164.882
38	maps/rooms/8room_067.map	512	512	155	109	35	83	154.225
111	maps/rooms/8room_067.map	512	512	100	298	420	93	447.233
15	maps/rooms/8room_067.map	512	512	412	415	422	460	62.1127
111	maps/rooms/8room_067.map	512	512	184	150	259	334	447.576
111	maps/rooms/8room_067.map	512	512	58	473	399	360	447.078
65	maps/rooms/8room_067.map	512	512	118	207	245	366	261.238
48	maps/rooms/8room_067.map	512	512	329	267	495	302	195.125
108	maps/rooms/8room_067.map	512	512	460	293	216	89	435.12
111	maps/rooms/8room_067.map	512	512	493	435	150	296	447.563
111	maps/rooms/8room_067.map	512	512	100	2	348	215	446.605
111	maps/rooms/8room_067.map	512	512	158	175	388	303	447.605
104	maps/rooms/8room_067.map	512	512	322	356	437	47	417.078
62	maps/rooms/8room_067.map	512	512	420	27	311	205	249.409
84	maps/rooms/8room_067.map	512	512	479	284	377	13	338.38
110	maps/rooms/8room_067.map	512	512	52	322	352	152	443.061
110	maps/rooms/8room_067.map	512	512	100	135	296	445	443.304
107	maps/rooms/8room_067.map	512	512	385	75	418	429	429.309
34	maps/rooms/8room_067.map	512	512	293	378	357	431	138.355
64	maps/rooms/8room_067.map	512	512	207	380	328	491	259.723
107	maps/rooms/8room_067.map	512	512	251	293	116	15	428.179
50	maps/rooms/8room_067.map	512	512	377	381	238	341	203.569
110	maps/rooms/8room_067.map	512	512	274	132	431	458	443.25
60	maps/rooms/8room_067.map	512	512	268	76	194	137	241.267
60	maps/rooms/8room_067.map	512	512	295	276	398	424	243.309
50	maps/rooms/8room_067.map	512	512	322	357	375	510	201.581
92	maps/rooms/8room_067.map	512	512	297	364	14	277	369.522
110	maps/rooms/8room_067.map	512	512	421	324	105	164	443.019
35	maps/rooms/8room_067.map	512	512	350	226	262	207	142.255
104	maps/rooms/8room_067.map	512	512	135	221	457	350	417.049
33	maps/rooms/8room_067.map	512	512	443	404	447	509	133.326
110	maps/rooms/8room_067.map	512	512	236	482	309	157	443.22
110	maps/rooms/8room_067.map	512	512	262	459	109	157	442.647
110	maps/rooms/8room_067.map	512	512	8	458	77	225	443.848
101	maps/rooms/8room_067.map	512	512	1	24	6	326	405.451
15	maps/rooms/8room_067.map	512	512	146	341	180	326	61.0416
100	maps/rooms/8room_067.map	512	512	106	154	356	315	403.735
110	maps/rooms/8room_067.map	512	512	418	302	67	211	442.25
110	maps/rooms/8room_067.map	512	512	363	346	28	292	443.978
94	maps/rooms/8room_067.map	512	512	381	197	174	379	378.948
109	maps/rooms/8room_067.map	512	512	42	378	310	177	439.919
109	maps/rooms/8room_067.map	512	512	371	386	347	63	439.291
65	maps/rooms/8room_067.map	512	512	489	60	402	230	263.309
108	maps/rooms/8room_067.map	512	512	170	438	413	197	435.404
68	maps/rooms/8room_067.map	512	512	427	36	447	285	275.711
58	maps/rooms/8room_067.map	512	512	392	283	300	147	235.539
108	maps/rooms/8room_067.map	512	512	250	175	476	439	433.747
65	maps/rooms/8room_067.map	512	512	149	466	201	252	260.551
85	maps/rooms/8room_067.map	512	512	406	296	487	122	343.108
34	maps/rooms/8room_067.map	512	512	207	447	254	410	139.882
109	maps/rooms/8room_067.map	512	512	94	223	465	303	439.635
63	maps/rooms/8room_067.map	512	512	387	122	383	276	252.125
48	maps/rooms/8room_067.map	512	512	102	486	213	377	193.723
100	maps/rooms/8room_067.map	512	512	238	150	382	425	401.333
13	maps/rooms/8room_067.map	512	512	21	293	60	319	52.1127
78	maps/rooms/8room_067.map	512	512	435	428	223	346	312.309
84	maps/rooms/8room_067.map	512	512	123	388	220	157	337.522
91	maps/rooms/8room_067.map	512	512	122	388	370	301	366.865
80	maps/rooms/8room_067.map	512	512	347	499	216	447	323.492
65	maps/rooms/8room_067.map	512	512	159	221	346	312	262.551
109	maps/rooms/8room_067.map	512	512	318	458	314	94	439.907
109	maps/rooms/8room_067.map	512	512	454	460	143	491	439.362
96	maps/rooms/8room_067.map	512	512	267	245	27	122	386.723
65	maps/rooms/8room_067.map	512	512	118	245	188	413	261.966
98	maps/rooms/8room_067.map	512	512	410	311	297	28	395.865
51	maps/rooms/8room_067.map	512	512	297	347	301	180	207.61
109	maps/rooms/8room_067.map	512	512	352	455	101	206	439.061
48	maps/rooms/8room_067.map	512	512	403	398	290	470	194.196
63	maps/rooms/8room_067.map	512	512	223	382	36	428	252.924
63	maps/rooms/8room_067.map	512	512	134	235	139	37	253.894
109	maps/rooms/8room_067.map	512	512	7	382	292	175	438.676
58	maps/rooms/8room_067.map	512	512	98	319	29	152	232.652
108	maps/rooms/8room_067.map	512	512	442	453	144	280	435.978
78	maps/rooms/8room_067.map	512	512	455	191	229	195	315.622
51	maps/rooms/8room_067.map	512	512	269	506	356	439	205.48
74	maps/rooms/8room_067.map	512	512	325	460	137	413	297.35
51	maps/rooms/8room_067.map	512	512	197	406	68	453	207.054
108	maps/rooms/8room_067.map	512	512	249	61	264	392	435.22
107	maps/rooms/8room_067.map	512	512	422	310	67	235	431.605
41	maps/rooms/8room_067.map	512	512	367	166	351	306	165.841
107	maps/rooms/8room_067.map	512	512	341	485	440	147	431.149
70	maps/rooms/8room_067.map	512	512	59	132	206	2	280.179
66	maps/rooms/8room_067.map	512	512	117	471	281	427	265.723
107	maps/rooms/8room_067.map	512	512	260	343	443	41	431.291
107	maps/rooms/8room_067.map	512	512	219	54	282	339	431.321
107	maps/rooms/8room_067.map	512	512	261	503	362	168	431.12
94	maps/rooms/8room_067.map	512	512	66	217	268	436	378.605
64	maps/rooms/8room_067.map	512	512	495	180	344	310	256.137
106	maps/rooms/8room_067.map	512	512	259	504	101	217	427.96
80	maps/rooms/8room_067.map	512	512	445	84	472	372	323.953
93	maps/rooms/8room_067.map	512	512	110	274	11	499	374.049
106	maps/rooms/8room_067.map	512	512	150	441	407	202	427.889
106	maps/rooms/8room_067.map	512	512	131	303	421	480	427.836
51	maps/rooms/8room_067.map	512	512	381	292	219	238	205.095
67	maps/rooms/8room_067.map	512	512	196	347	44	470	271.409
70	maps/rooms/8room_067.map	512	512	389	470	347	264	282.309
106	maps/rooms/8room_067.map	512	512	70	180	301	366	427.635
31	maps/rooms/8room_067.map	512	512	20	495	87	428	124.912
93	maps/rooms/8room_067.map	512	512	168	256	5	10	374.463
64	maps/rooms/8room_067.map	512	512	35	75	231	37	259.137
81	maps/rooms/8room_067.map	512	512	132	472	279	247	325.12
106	maps/rooms/8room_067.map	512	512	266	44	92	266	427.22
106	maps/rooms/8room_067.map	512	512	341	447	221	139	427.061
106	maps/rooms/8room_067.map	512	512	351	510	438	163	427.522
69	maps/rooms/8room_067.map	512	512	99	22	297	20	276.451
79	maps/rooms/8room_067.map	512	512	181	52	79	271	317.208
106	maps/rooms/8room_067.map	512	512	39	438	344	454	427.191
29	maps/rooms/8room_067.map	512	512	427	444	503	491	118.255
23	maps/rooms/8room_067.map	512	512	177	218	188	229	95.598
45	maps/rooms/8room_067.map	512	512	307	185	437	223	180.953
45	maps/rooms/8room_067.map	512	512	327	19	283	142	181.527
41	maps/rooms/8room_067.map	512	512	384	58	483	154	166.882
66	maps/rooms/8room_067.map	512	512	492	164	341	2	267.894
73	maps/rooms/8room_067.map	512	512	182	50	150	238	294.208
105	maps/rooms/8room_067.map	512	512	253	18	399	340	423.764
47	maps/rooms/8room_067.map	512	512	155	136	38	93	191.054
105	maps/rooms/8room_067.map	512	512	59	130	119	452	423.421
105	maps/rooms/8room_067.map	512	512	86	406	306	187	423.291
32	maps/rooms/8room_067.map	512	512	263	95	347	23	131.397
105	maps/rooms/8room_067.map	512	512	301	3	216	302	423.179
59	maps/rooms/8room_067.map	512	512	34	46	201	28	237.794
14	maps/rooms/8room_067.map	512	512	137	252	96	220	58.9411
104	maps/rooms/8room_067.map	512	512	6	274	346	258	419.706
104	maps/rooms/8room_067.map	512	512	147	374	396	220	419.877
104	maps/rooms/8room_067.map	512	512	7	382	342	266	419.049
95	maps/rooms/8room_067.map	512	512	423	292	185	431	383.735
72	maps/rooms/8room_067.map	512	512	111	234	14	35	291.38
27	maps/rooms/8room_067.map	512	512	284	271	211	329	109.912
82	maps/rooms/8room_067.map	512	512	139	326	394	282	328.865
104	maps/rooms/8room_067.map	512	512	445	375	99	290	419.551
91	maps/rooms/8room_067.map	512	512	290	242	490	460	364.635
104	maps/rooms/8room_067.map	512	512	467	83	244	339	419.049
103	maps/rooms/8room_067.map	512	512	31	141	311	260	415.593
101	maps/rooms/8room_067.map	512	512	388	235	231	488	407.463
38	maps/rooms/8room_067.map	512	512	421	306	357	236	152.368
85	maps/rooms/8room_067.map	512	512	62	265	308	237	341.522
103	maps/rooms/8room_067.map	512	512	430	457	130	327	415.706
91	maps/rooms/8room_067.map	512	512	472	70	199	5	365.966
63	maps/rooms/8room_067.map	512	512	172	508	259	443	253.823
103	maps/rooms/8room_067.map	512	512	407	362	245	83	415.007
76	maps/rooms/8room_067.map	512	512	395	135	212	287	306.764
12	maps/rooms/8room_067.map	512	512	470	104	501	84	51.0416
100	maps/rooms/8room_067.map	512	512	507	365	191	405	403.037
80	maps/rooms/8room_067.map	512	512	350	183	309	429	321.551
64	maps/rooms/8room_067.map	512	512	246	220	277	424	258.48
103	maps/rooms/8room_067.map	512	512	254	124	352	377	415.693
78	maps/rooms/8room_067.map	512	512	71	437	308	361	313.208
93	maps/rooms/8room_067.map	512	512	155	86	155	360	375.806
103	maps/rooms/8room_067.map	512	512	472	85	166	242	415.291
103	maps/rooms/8room_067.map	512	512	223	69	306	349	415.35
93	maps/rooms/8room_067.map	512	512	23	355	13	31	375.723
102	maps/rooms/8room_067.map	512	512	76	248	276	138	411.22
103	maps/rooms/8room_067.map	512	512	51	70	376	75	415.463
23	maps/rooms/8room_067.map	512	512	253	174	239	244	94.0416
102	maps/rooms/8room_067.map	512	512	446	19	210	262	411.09
89	maps/rooms/8room_067.map	512	512	94	4	156	310	357.907
102	maps/rooms/8room_067.map	512	512	482	203	146	241	411.948
100	maps/rooms/8room_067.map	512	512	359	40	186	305	403.907
100	maps/rooms/8room_067.map	512	512	220	86	389	312	402.865
53	maps/rooms/8room_067.map	512	512	227	298	141	419	215.066
100	maps/rooms/8room_067.map	512	512	83	366	393	310	403.463
99	maps/rooms/8room_067.map	512	512	419	154	201	365	399.534
55	maps/rooms/8room_067.map	512	512	332	269	153	291	222.095
99	maps/rooms/8room_067.map	512	512	424	7	219	239	397.049
99	maps/rooms/8room_067.map	512	512	53	77	229	314	398.605
99	maps/rooms/8room_067.map	512	512	427	383	285	78	399.593
99	maps/rooms/8room_067.map	512	512	46	214	248	436	399.019
99	maps/rooms/8room_067.map	512	512	147	504	347	259	399.534
58	maps/rooms/8room_067.map	512	512	347	362	204	282	234.539
47	maps/rooms/8room_067.map	512	512	279	201	399	166	188.238
64	maps/rooms/8room_067.map	512	512	226	475	422	377	259.966
98	maps/rooms/8room_067.map	512	512	9	504	276	321	395.99
57	maps/rooms/8room_067.map	512	512	255	60	196	167	230.51
95	maps/rooms/8room_067.map	512	512	189	41	474	30	382.794
98	maps/rooms/8room_067.map	512	512	102	450	355	253	395.948
95	maps/rooms/8room_067.map	512	512	119	452	389	339	381.735
78	maps/rooms/8room_067.map	512	512	77	249	309	302	312.966
70	maps/rooms/8room_067.map	512	512	314	81	122	93	282.167
98	maps/rooms/8room_067.map	512	512	322	332	419	25	395.522
97	maps/rooms/8room_067.map	512	512	315	360	39	212	391.078
92	maps/rooms/8room_067.map	512	512	271	163	434	409	371.836
76	maps/rooms/8room_067.map	512	512	93	328	298	232	304.238
23	maps/rooms/8room_067.map	512	512	360	350	429	375	95.6985
97	maps/rooms/8room_067.map	512	512	340	485	245	203	391.333
97	maps/rooms/8room_067.map	512	512	207	70	40	310	391.392
96	maps/rooms/8room_067.map	512	512	88	38	142	348	387.563
16	maps/rooms/8room_067.map	512	512	329	102	303	60	65.3553
29	maps/rooms/8room_067.map	512	512	249	91	332	98	117.74
96	maps/rooms/8room_067.map	512	512	498	243	192	250	387.735
96	maps/rooms/8room_067.map	512	512	116	482	283	222	387.434
96	maps/rooms/8room_067.map	512	512	249	330	157	127	387.777
28	maps/rooms/8room_067.map	512	512	346	275	275	217	114.941
84	maps/rooms/8room_067.map	512	512	293	222	420	410	336.622
96	maps/rooms/8room_067.map	512	512	487	498	346	221	386.836
96	maps/rooms/8room_067.map	512	512	287	504	135	266	387.505
71	maps/rooms/8room_067.map	512	512	500	301	346	148	286.622
93	maps/rooms/8room_067.map	512	512	424	10	509	318	375.066
4	maps/rooms/8room_067.map	512	512	398	125	392	140	18.0711
90	maps/rooms/8room_067.map	512	512	142	342	173	155	363.563
95	maps/rooms/8room_067.map	512	512	333	471	355	175	383.522
13	maps/rooms/8room_067.map	512	512	406	122	358	135	55.3848
68	maps/rooms/8room_067.map	512	512	15	278	73	51	274.681
93	maps/rooms/8room_067.map	512	512	181	77	30	316	375.907
80	maps/rooms/8room_067.map	512	512	250	35	235	246	323.279
93	maps/rooms/8room_067.map	512	512	133	462	403	425	375.978
60	maps/rooms/8room_067.map	512	512	389	306	199	309	241.894
93	maps/rooms/8room_067.map	512	512	68	404	341	263	374.693
93	maps/rooms/8room_067.map	512	512	50	244	359	264	375.936
15	maps/rooms/8room_067.map	512	512	450	438	467	394	62.4558
92	maps/rooms/8room_067.map	512	512	462	201	214	34	371.007
92	maps/rooms/8room_067.map	512	512	51	173	259	336	371.693
92	maps/rooms/8room_067.map	512	512	126	91	290	259	371.907
92	maps/rooms/8room_067.map	512	512	307	425	307	122	371.451
91	maps/rooms/8room_067.map	512	512	370	412	99	286	367.35
91	maps/rooms/8room_067.map	512	512	490	104	411	332	366.865
91	maps/rooms/8room_067.map	512	512	146	82	136	355	367.25
82	maps/rooms/8room_067.map	512	512	398	421	470	227	329.522
91	maps/rooms/8room_067.map	512	512	117	79	220	311	367.049
91	maps/rooms/8room_067.map	512	512	122	91	117	378	367.806
91	maps/rooms/8room_067.map	512	512	191	393	311	111	367.622
90	maps/rooms/8room_067.map	512	512	231	422	308	167	363.563
17	maps/rooms/8room_067.map	512	512	202	214	172	186	68.5269
53	maps/rooms/8room_067.map	512	512	298	476	361	312	214.581
84	maps/rooms/8room_067.map	512	512	335	195	376	456	339.764
79	maps/rooms/8room_067.map	512	512	62	489	233	403	318.321
90	maps/rooms/8room_067.map	512	512	154	339	450	387	363.48
90	maps/rooms/8room_067.map	512	512	364	211	106	196	363.836
90	maps/rooms/8room_067.map	512	512	486	151	487	428	362.995
89	maps/rooms/8room_067.map	512	512	11	508	226	310	359.676
89	maps/rooms/8room_067.map	512	512	57	70	334	52	359.25
89	maps/rooms/8room_067.map	512	512	163	423	325	173	359.848
89	maps/rooms/8room_067.map	512	512	22	327	290	200	359.735
89	maps/rooms/8room_067.map	512	512	262	507	102	331	359.22
44	maps/rooms/8room_067.map	512	512	298	316	200	406	179.782
64	maps/rooms/8room_067.map	512	512	199	7	383	86	256.196
82	maps/rooms/8room_067.map	512	512	249	126	491	197	329.451
89	maps/rooms/8room_067.map	512	512	303	382	38	428	359.007
31	maps/rooms/8room_067.map	512	512	446	228	455	340	126.841
88	maps/rooms/8room_067.map	512	512	470	283	167	314	355.037
52	maps/rooms/8room_067.map	512	512	460	236	418	422	209.882
61	maps/rooms/8room_067.map	512	512	328	306	504	260	246.551
88	maps/rooms/8room_067.map	512	512	226	409	307	129	355.652
88	maps/rooms/8room_067.map	512	512	266	491	294	196	355.007
64	maps/rooms/8room_067.map	512	512	168	126	327	47	259.439
88	maps/rooms/8room_067.map	512	512	153	100	224	347	355.019
57	maps/rooms/8room_067.map	512	512	364	74	251	196	228.38
87	maps/rooms/8room_067.map	512	512	167	345	368	136	351.605
87	maps/rooms/8room_067.map	512	512	57	341	342	370	351.622
61	maps/rooms/8room_067.map	512	512	242	294	419	340	244.966
86	maps/rooms/8room_067.map	512	512	499	425	342	212	347.279
18	maps/rooms/8room_067.map	512	512	19	342	63	300	75.1127
86	maps/rooms/8room_067.map	512	512	106	216	256	50	347.421
57	maps/rooms/8room_067.map	512	512	342	379	379	212	229.581
86	maps/rooms/8room_067.map	512	512	99	46	156	341	347.865
86	maps/rooms/8room_067.map	512	512	40	354	279	209	347.907
84	maps/rooms/8room_067.map	512	512	439	410	176	310	339.309
84	maps/rooms/8room_067.map	512	512	282	345	39	214	339.037
84	maps/rooms/8room_067.map	512	512	477	149	235	295	339.907
83	maps/rooms/8room_067.map	512	512	469	355	201	311	335.823
81	maps/rooms/8room_067.map	512	512	406	298	175	276	326.279
66	maps/rooms/8room_067.map	512	512	89	471	301	454	267.652
46	maps/rooms/8room_067.map	512	512	360	462	250	373	186.681
18	maps/rooms/8room_067.map	512	512	338	261	390	302	74.8406
62	maps/rooms/8room_067.map	512	512	346	131	422	291	251.882
83	maps/rooms/8room_067.map	512	512	261	342	410	111	335.664
76	maps/rooms/8room_067.map	512	512	166	84	175	264	307.693
83	maps/rooms/8room_067.map	512	512	170	475	68	239	335.078
33	maps/rooms/8room_067.map	512	512	222	488	173	462	134.054
74	maps/rooms/8room_067.map	512	512	468	101	270	9	298.167
17	maps/rooms/8room_067.map	512	512	298	292	317	328	68.3553
13	maps/rooms/8room_067.map	512	512	28	474	52	511	55.7279
83	maps/rooms/8room_067.map	512	512	182	307	286	85	335.865
83	maps/rooms/8room_067.map	512	512	439	447	206	307	335.208
76	maps/rooms/8room_067.map	512	512	323	386	307	149	307.309
82	maps/rooms/8room_067.map	512	512	178	90	329	196	331.309
81	maps/rooms/8room_067.map	512	512	207	94	381	127	327.451
81	maps/rooms/8room_067.map	512	512	383	134	148	14	327.593
17	maps/rooms/8room_067.map	512	512	67	331	46	356	70.5269
45	maps/rooms/8room_067.map	512	512	418	396	366	264	180.267
19	maps/rooms/8room_067.map	512	512	263	308	232	253	79.598
81	maps/rooms/8room_067.map	512	512	408	5	256	190	327.936
81	maps/rooms/8room_067.map	512	512	335	270	114	396	327.936
46	maps/rooms/8room_067.map	512	512	229	341	191	479	186.368
81	maps/rooms/8room_067.map	512	512	493	488	286	351	327.38
81	maps/rooms/8room_067.map	512	512	506	61	439	325	327.652
53	maps/rooms/8room_067.map	512	512	427	440	398	267	212.61
81	maps/rooms/8room_067.map	512	512	171	392	103	136	327.179
72	maps/rooms/8room_067.map	512	512	124	134	268	234	290.752
58	maps/rooms/8room_067.map	512	512	159	382	34	328	234.48
80	maps/rooms/8room_067.map	512	512	441	50	176	14	323.894
80	maps/rooms/8room_067.map	512	512	114	349	342	444	323.108
69	maps/rooms/8room_067.map	512	512	453	0	281	143	278.338
79	maps/rooms/8room_067.map	512	512	415	499	231	503	318.936
41	maps/rooms/8room_067.map	512	512	30	235	123	331	164.054
79	maps/rooms/8room_067.map	512	512	413	72	414	337	319.924
79	maps/rooms/8room_067.map	512	512	53	98	278	52	319.936
79	maps/rooms/8room_067.map	512	512	108	44	21	298	319.551
79	maps/rooms/8room_067.map	512	512	28	102	192	250	319.338
79	maps/rooms/8room_067.map	512	512	255	178	99	112	319.421
41	maps/rooms/8room_067.map	512	512	62	287	56	164	166.497
77	maps/rooms/8room_067.map	512	512	185	186	290	87	311.966
77	maps/rooms/8room_067.map	512	512	18	340	233	210	311.593
58	maps/rooms/8room_067.map	512	512	467	493	431	318	235.167
77	maps/rooms/8room_067.map	512	512	466	325	238	219	311.522
74	maps/rooms/8room_067.map	512	512	205	169	5	31	296.451
77	maps/rooms/8room_067.map	512	512	279	174	106	179	311.421
32	maps/rooms/8room_067.map	512	512	330	133	263	169	130.74
77	maps/rooms/8room_067.map	512	512	502	500	308	365	311.551
76	maps/rooms/8room_067.map	512	512	203	31	349	218	307.167
76	maps/rooms/8room_067.map	512	512	409	396	439	129	307.267
11	maps/rooms/8room_067.map	512	512	407	136	372	127	45.4558
75	maps/rooms/8room_067.map	512	512	475	494	259	408	303.823
75	maps/rooms/8room_067.map	512	512	437	40	202	52	303.853
75	maps/rooms/8room_067.map	512	512	196	200	411	106	303.492
44	maps/rooms/8room_067.map	512	512	207	247	323	217	179.64
75	maps/rooms/8room_067.map	512	512	99	323	335	423	303.48
75	maps/rooms/8room_067.map	512	512	108	141	232	357	303.078
75	maps/rooms/8room_067.map	512	512	155	358	42	145	303.924
75	maps/rooms/8room_067.map	512	512	68	154	211	36	302.907
74	maps/rooms/8room_067.map	512	512	287	214	110	145	299.823
54	maps/rooms/8room_067.map	512	512	300	183	339	328	216.267
64	maps/rooms/8room_067.map	512	512	230	489	196	346	256.581
62	maps/rooms/8room_067.map	512	512	181	201	374	170	249.238
74	maps/rooms/8room_067.map	512	512	405	230	384	7	299.924
74	maps/rooms/8room_067.map	512	512	284	136	153	76	299.551
74	maps/rooms/8room_067.map	512	512	138	390	323	365	299.137
73	maps/rooms/8room_067.map	512	512	455	34	221	38	295.439
73	maps/rooms/8room_067.map	512	512	357	202	211	389	295.652
73	maps/rooms/8room_067.map	512	512	172	207	104	436	295.066
73	maps/rooms/8room_067.map	512	512	92	370	285	435	294.693
73	maps/rooms/8room_067.map	512	512	167	92	148	283	295.664
73	maps/rooms/8room_067.map	512	512	436	471	349	238	295.723
72	maps/rooms/8room_067.map	512	512	202	148	132	263	291.836
72	maps/rooms/8room_067.map	512	512	15	463	23	347	291.238
72	maps/rooms/8room_067.map	512	512	511	440	286	355	291.581
20	maps/rooms/8room_067.map	512	512	330	195	323	134	83.6985
57	maps/rooms/8room_067.map	512	512	330	303	214	418	231.61
46	maps/rooms/8room_067.map	512	512	228	425	174	395	186.995
72	maps/rooms/8room_067.map	512	512	392	479	353	258	291.238
72	maps/rooms/8room_067.map	512	512	159	388	290	200	291.108
72	maps/rooms/8room_067.map	512	512	346	167	492	341	291.279
67	maps/rooms/8room_067.map	512	512	169	275	233	421	269.865
72	maps/rooms/8room_067.map	512	512	87	141	159	301	291.723
50	maps/rooms/8room_067.map	512	512	421	306	299	408	202.368
43	maps/rooms/8room_067.map	512	512	131	351	268	348	174.711
16	maps/rooms/8room_067.map	512	512	109	185	150	163	64.2132
62	maps/rooms/8room_067.map	512	512	381	258	386	437	251.581
72	maps/rooms/8room_067.map	512	512	333	380	125	258	291.137
62	maps/rooms/8room_067.map	512	512	269	255	201	408	250.823
56	maps/rooms/8room_067.map	512	512	426	252	313	331	224.853
71	maps/rooms/8room_067.map	512	512	203	466	276	321	287.622
71	maps/rooms/8room_067.map	512	512	58	89	140	271	286.936
71	maps/rooms/8room_067.map	512	512	503	329	274	244	287.966
71	maps/rooms/8room_067.map	512	512	363	278	314	38	287.811
70	maps/rooms/8room_067.map	512	512	407	50	420	294	283.752
57	maps/rooms/8room_067.map	512	512	19	142	123	153	230.48
53	maps/rooms/8room_067.map	512	512	466	60	394	216	214.61
69	maps/rooms/8room_067.map	512	512	254	73	355	272	279.782
42	maps/rooms/8room_067.map	512	512	105	312	56	202	169.125
69	maps/rooms/8room_067.map	512	512	394	38	283	232	279.35
69	maps/rooms/8room_067.map	512	512	78	28	255	51	279.764
62	maps/rooms/8room_067.map	512	512	175	83	135	222	248.48
67	maps/rooms/8room_067.map	512	512	279	365	70	285	271.995
69	maps/rooms/8room_067.map	512	512	258	178	165	399	279.723
50	maps/rooms/8room_067.map	512	512	11	282	38	109	202.811
45	maps/rooms/8room_067.map	512	512	325	293	332	429	181.752
69	maps/rooms/8room_067.map	512	512	173	364	333	264	278.693
52	maps/rooms/8room_067.map	512	512	4	491	29	381	211.853
69	maps/rooms/8room_067.map	512	512	454	381	265	242	279.865
69	maps/rooms/8room_067.map	512	512	307	478	452	306	279.208
68	maps/rooms/8room_067.map	512	512	95	409	275	363	275.38
19	maps/rooms/8room_067.map	512	512	376	135	323	108	79.9411
68	maps/rooms/8room_067.map	512	512	207	12	105	179	275.894
55	maps/rooms/8room_067.map	512	512	263	158	235	207	221.468
67	maps/rooms/8room_067.map	512	512	59	74	160	243	271.723
67	maps/rooms/8room_067.map	512	512	309	474	169	290	271.279
67	maps/rooms/8room_067.map	512	512	325	419	150	290	271.137
67	maps/rooms/8room_067.map	512	512	239	387	101	203	271.865
67	maps/rooms/8room_067.map	512	512	275	380	105	230	270.693
67	maps/rooms/8room_067.map	512	512	66	481	215	319	271.693
66	maps/rooms/8room_067.map	512	512	244	509	207	330	267.622
66	maps/rooms/8room_067.map	512	512	314	29	279	263	267.468
66	maps/rooms/8room_067.map	512	512	507	2	437	217	267.024
57	maps/rooms/8room_067.map	512	512	200	232	268	411	231.953
62	maps/rooms/8room_067.map	512	512	213	330	386	427	250.953
34	maps/rooms/8room_067.map	512	512	265	76	356	127	137.497
61	maps/rooms/8room_067.map	512	512	443	85	279	220	247.451
61	maps/rooms/8room_067.map	512	512	107	160	232	38	247.066
61	maps/rooms/8room_067.map	512	512	437	411	297	258	247.309
61	maps/rooms/8room_067.map	512	512	503	439	313	365	247.681
30	maps/rooms/8room_067.map	512	512	298	334	211	374	120.983
36	maps/rooms/8room_067.map	512	512	358	418	383	345	146.811
53	maps/rooms/8room_067.map	512	512	298	260	218	411	214.196
61	maps/rooms/8room_067.map	512	512	98	174	232	317	247.208
61	maps/rooms/8room_067.map	512	512	190	134	291	90	247.853
61	maps/rooms/8room_067.map	512	512	213	47	348	171	247.167
60	maps/rooms/8room_067.map	512	512	74	148	180	53	242.723
60	maps/rooms/8room_067.map	512	512	394	61	213	50	243.095
60	maps/rooms/8room_067.map	512	512	124	18	111	233	243.439
59	maps/rooms/8room_067.map	512	512	396	344	440	148	239.196
59	maps/rooms/8room_067.map	512	512	485	181	355	70	238.782
57	maps/rooms/8room_067.map	512	512	22	323	201	358	230.752
56	maps/rooms/8room_067.map	512	512	27	227	212	212	226.652
56	maps/rooms/8room_067.map	512	512	306	454	195	304	227.995
56	maps/rooms/8room_067.map	512	512	82	83	240	35	227.338
56	maps/rooms/8room_067.map	512	512	43	258	196	313	227.782
49	maps/rooms/8room_067.map	512	512	475	258	344	186	199.51
49	maps/rooms/8room_067.map	512	512	418	158	453	7	198.953
56	maps/rooms/8room_067.map	512	512	437	231	356	384	227.095
56	maps/rooms/8room_067.map	512	512	56	91	87	270	226.953
55	maps/rooms/8room_067.map	512	512	254	455	175	348	222.652
44	maps/rooms/8room_067.map	512	512	404	327	290	237	177.924
31	maps/rooms/8room_067.map	512	512	137	104	131	5	127.569
55	maps/rooms/8room_067.map	512	512	430	395	249	382	223.64
55	maps/rooms/8room_067.map	512	512	245	437	284	253	223.409
21	maps/rooms/8room_067.map	512	512	367	175	358	228	85.799
43	maps/rooms/8room_067.map	512	512	408	219	328	105	173.539
55	maps/rooms/8room_067.map	512	512	379	185	470	327	223.953
55	maps/rooms/8room_067.map	512	512	269	234	138	355	223.439
55	maps/rooms/8room_067.map	512	512	60	493	186	366	223.652
55	maps/rooms/8room_067.map	512	512	63	486	205	382	223.238
54	maps/rooms/8room_067.map	512	512	351	502	286	359	219.095
7	maps/rooms/8room_067.map	512	512	161	242	142	231	28.2426
36	maps/rooms/8room_067.map	512	512	335	150	242	149	144.711
54	maps/rooms/8room_067.map	512	512	484	440	335	423	218.652
3	maps/rooms/8room_067.map	512	512	419	237	412	240	12.8284
41	maps/rooms/8room_067.map	512	512	345	477	314	382	167.882
54	maps/rooms/8room_067.map	512	512	488	387	425	226	219.397
54	maps/rooms/8room_067.map	512	512	204	396	87	266	219.267
54	maps/rooms/8room_067.map	512	512	28	167	154	243	219.882
54	maps/rooms/8room_067.map	512	512	381	498	250	400	219.267
24	maps/rooms/8room_067.map	512	512	426	425	408	342	98.1127
54	maps/rooms/8room_067.map	512	512	455	327	360	204	219.196
44	maps/rooms/8room_067.map	512	512	420	137	270	99	179.054
54	maps/rooms/8room_067.map	512	512	102	226	167	71	218.61
53	maps/rooms/8room_067.map	512	512	317	364	391	214	215.338
53	maps/rooms/8room_067.map	512	512	150	356	237	198	215.853
53	maps/rooms/8room_067.map	512	512	51	503	179	385	215.48
35	maps/rooms/8room_067.map	512	512	231	43	351	66	143.184
52	maps/rooms/8room_067.map	512	512	452	300	281	252	211.125
52	maps/rooms/8room_067.map	512	512	87	333	263	271	211.539
52	maps/rooms/8room_067.map	512	512	301	340	131	290	210.853
52	maps/rooms/8room_067.map	512	512	47	445	155	327	211.397
51	maps/rooms/8room_067.map	512	512	387	25	324	168	207.238
51	maps/rooms/8room_067.map	512	512	343	122	284	251	207.054
51	maps/rooms/8room_067.map	512	512	188	37	57	102	207.924
40	maps/rooms/8room_067.map	512	512	435	199	328	260	163.095
32	maps/rooms/8room_067.map	512	512	405	377	414	261	129.669
48	maps/rooms/8room_067.map	512	512	295	458	284	292	195.953
48	maps/rooms/8room_067.map	512	512	63	406	165	296	195.983
24	maps/rooms/8room_067.map	512	512	251	303	262	374	97.6985
19	maps/rooms/8room_067.map	512	512	252	439	236	395	79.8406
47	maps/rooms/8room_067.map	512	512	314	313	455	340	190.61
47	maps/rooms/8room_067.map	512	512	101	116	171	242	191.882
47	maps/rooms/8room_067.map	512	512	110	503	185	375	191.167
46	maps/rooms/8room_067.map	512	512	346	277	363	408	187.439
46	maps/rooms/8room_067.map	512	512	228	153	350	234	187.569
46	maps/rooms/8room_067.map	512	512	11	324	142	314	187.51
45	maps/rooms/8room_067.map	512	512	492	126	394	130	182.811
45	maps/rooms/8room_067.map	512	512	482	116	370	86	183.154
45	maps/rooms/8room_067.map	512	512	287	296	440	260	183.225
44	maps/rooms/8room_067.map	512	512	366	508	332	368	179.539
27	maps/rooms/8room_067.map	512	512	355	412	388	494	108.698
44	maps/rooms/8room_067.map	512	512	147	35	110	155	179.083
44	maps/rooms/8room_067.map	512	512	466	82	333	157	179.296
43	maps/rooms/8room_067.map	512	512	25	220	124	311	175.196
43	maps/rooms/8room_067.map	512	512	21	323	157	343	175.539
36	maps/rooms/8room_067.map	512	512	350	219	279	147	147.912
43	maps/rooms/8room_067.map	512	512	137	378	200	282	175.468
43	maps/rooms/8room_067.map	512	512	457	223	347	255	174.752
42	maps/rooms/8room_067.map	512	512	23	270	146	297	171.64
42	maps/rooms/8room_067.map	512	512	394	185	360	298	171.225
42	maps/rooms/8room_067.map	512	512	309	198	277	332	170.912
42	maps/rooms/8room_067.map	512	512	484	88	357	149	171.054
42	maps/rooms/8room_067.map	512	512	295	141	281	271	171.497
42	maps/rooms/8room_067.map	512	512	378	61	324	168	171.853
42	maps/rooms/8room_067.map	512	512	452	356	308	366	171.255
41	maps/rooms/8room_067.map	512	512	510	420	408	358	167.296
41	maps/rooms/8room_067.map	512	512	136	431	230	342	167.752
40	maps/rooms/8room_067.map	512	512	47	103	65	237	163.841
40	maps/rooms/8room_067.map	512	512	184	380	127	260	162.983
40	maps/rooms/8room_067.map	512	512	477	386	339	370	163.598
40	maps/rooms/8room_067.map	512	512	36	469	159	428	163.255
40	maps/rooms/8room_067.map	512	512	68	427	156	339	163.154
39	maps/rooms/8room_067.map	512	512	130	189	160	76	159.468
39	maps/rooms/8room_067.map	512	512	311	12	207	35	159.083
39	maps/rooms/8room_067.map	512	512	430	94	322	175	159.368
39	maps/rooms/8room_067.map	512	512	136	371	154	267	158.912
39	maps/rooms/8room_067.map	512	512	98	23	221	38	159.095
39	maps/rooms/8room_067.map	512	512	105	388	92	511	159.983
38	maps/rooms/8room_067.map	512	512	220	437	256	324	155.024
38	maps/rooms/8room_067.map	512	512	310	141	234	210	155.083
38	maps/rooms/8room_067.map	512	512	149	487	211	386	155.711
38	maps/rooms/8room_067.map	512	512	183	285	280	206	155.64
38	maps/rooms/8room_067.map	512	512	166	61	278	57	155.296
37	maps/rooms/8room_067.map	512	512	53	398	155	332	151.841
30	maps/rooms/8room_067.map	512	512	247	343	253	446	120.941
37	maps/rooms/8room_067.map	512	512	171	27	105	125	150.912
37	maps/rooms/8room_067.map	512	512	457	174	376	136	151.024
37	maps/rooms/8room_067.map	512	512	171	167	118	167	151.569
37	maps/rooms/8room_067.map	512	512	387	125	291	199	150.61
37	maps/rooms/8room_067.map	512	512	207	227	328	260	151.397
37	maps/rooms/8room_067.map	512	512	248	389	312	294	150.941
36	maps/rooms/8room_067.map	512	512	341	404	415	311	147.225
36	maps/rooms/8room_067.map	512	512	28	84	41	219	147.355
36	maps/rooms/8room_067.map	512	512	67	494	27	386	147.74
36	maps/rooms/8room_067.map	512	512	350	508	418	412	147.74
36	maps/rooms/8room_067.map	512	512	278	350	283	214	147.184
35	maps/rooms/8room_067.map	512	512	329	184	361	282	143.113
32	maps/rooms/8room_067.map	512	512	395	46	468	123	131.397
35	maps/rooms/8room_067.map	512	512	394	277	283	254	143.497
35	maps/rooms/8room_067.map	512	512	247	180	320	261	143.983
35	maps/rooms/8room_067.map	512	512	119	286	235	234	143.397
35	maps/rooms/8room_067.map	512	512	110	250	48	206	143.74
34	maps/rooms/8room_067.map	512	512	292	148	282	253	138.841
34	maps/rooms/8room_067.map	512	512	203	313	300	366	139.154
34	maps/rooms/8room_067.map	512	512	388	83	316	182	139.953
34	maps/rooms/8room_067.map	512	512	232	493	182	430	139.426
34	maps/rooms/8room_067.map	512	512	108	110	107	228	139.669
34	maps/rooms/8room_067.map	512	512	206	370	114	371	139.912
33	maps/rooms/8room_067.map	512	512	194	151	123	146	134.912
33	maps/rooms/8room_067.map	512	512	190	200	267	287	135.882
33	maps/rooms/8room_067.map	512	512	284	474	230	384	135.539
33	maps/rooms/8room_067.map	512	512	73	118	30	38	135.125
33	maps/rooms/8room_067.map	512	512	19	163	78	222	135.397
32	maps/rooms/8room_067.map	512	512	267	391	303	300	131.669
32	maps/rooms/8room_067.map	512	512	332	96	292	198	131.598
32	maps/rooms/8room_067.map	512	512	349	34	242	35	131.841
32	maps/rooms/8room_067.map	512	512	207	264	192	379	131.012
32	maps/rooms/8room_067.map	512	512	262	331	151	296	131.497
32	maps/rooms/8room_067.map	512	512	475	186	375	231	131.468
31	maps/rooms/8room_067.map	512	512	426	171	364	236	127.569
31	maps/rooms/8room_067.map	512	512	230	158	179	218	127.426
31	maps/rooms/8room_067.map	512	512	287	228	174	243	127.355
31	maps/rooms/8room_067.map	512	512	317	25	309	146	127.627
30	maps/rooms/8room_067.map	512	512	211	461	190	487	123.326
30	maps/rooms/8room_067.map	512	512	141	323	207	250	123.569
30	maps/rooms/8room_067.map	512	512	35	187	85	268	123.326
30	maps/rooms/8room_067.map	512	512	123	30	215	38	123.539
30	maps/rooms/8room_067.map	512	512	15	91	46	196	123.698
30	maps/rooms/8room_067.map	512	512	254	275	305	366	123.841
29	maps/rooms/8room_067.map	512	512	130	478	115	369	119.698
29	maps/rooms/8room_067.map	512	512	319	57	308	170	119.213
29	maps/rooms/8room_067.map	512	512	427	77	361	150	119.811
29	maps/rooms/8room_067.map	512	512	100	128	111	233	119.497
29	maps/rooms/8room_067.map	512	512	314	8	367	86	119.326
28	maps/rooms/8room_067.map	512	512	434	21	438	115	115.941
28	maps/rooms/8room_067.map	512	512	168	453	115	372	115.983
28	maps/rooms/8room_067.map	512	512	445	435	408	355	115.426
28	maps/rooms/8room_067.map	512	512	5	332	44	422	115.669
28	maps/rooms/8room_067.map	512	512	205	140	137	131	114.983
28	maps/rooms/8room_067.map	512	512	153	21	105	98	115.284
27	maps/rooms/8room_067.map	512	512	38	139	28	238	111.77
27	maps/rooms/8room_067.map	512	512	463	389	396	329	111.77
27	maps/rooms/8room_067.map	512	512	42	43	110	101	111.64
27	maps/rooms/8room_067.map	512	512	165	77	105	134	111.426
26	maps/rooms/8room_067.map	512	512	220	154	255	234	106.74
26	maps/rooms/8room_067.map	512	512	248	111	300	56	107.083
26	maps/rooms/8room_067.map	512	512	101	274	44	220	107.912
26	maps/rooms/8room_067.map	512	512	293	87	226	38	107.355
19	maps/rooms/8room_067.map	512	512	133	454	171	402	76.7696
26	maps/rooms/8room_067.map	512	512	270	188	307	132	107.042
26	maps/rooms/8room_067.map	512	512	285	261	226	329	107.669
26	maps/rooms/8room_067.map	512	512	501	210	414	189	107.598
26	maps/rooms/8room_067.map	512	512	121	93	192	60	107.012
26	maps/rooms/8room_067.map	512	512	59	55	132	29	107.77
25	maps/rooms/8room_067.map	512	512	347	283	399	217	103.255
25	maps/rooms/8room_067.map	512	512	393	183	373	92	103.77
25	maps/rooms/8room_067.map	512	512	171	281	239	319	103.497
25	maps/rooms/8room_067.map	512	512	203	78	250	51	103.456
25	maps/rooms/8room_067.map	512	512	77	27	104	104	103.841
25	maps/rooms/8room_067.map	512	512	245	127	309	138	103.527
25	maps/rooms/8room_067.map	512	512	152	199	235	205	103.426
25	maps/rooms/8room_067.map	512	512	2	392	32	314	103.397
24	maps/rooms/8room_067.map	512	512	280	428	344	442	99.0122
24	maps/rooms/8room_067.map	512	512	179	360	251	402	98.9117
24	maps/rooms/8room_067.map	512	512	139	60	105	134	99.0122
24	maps/rooms/8room_067.map	512	512	119	331	175	264	99.5685
24	maps/rooms/8room_067.map	512	512	28	165	53	237	99.2843
24	maps/rooms/8room_067.map	512	512	391	503	374	420	99.598
24	maps/rooms/8room_067.map	512	512	456	57	404	120	99.7696
23	maps/rooms/8room_067.map	512	512	223	490	187	484	95.2548
23	maps/rooms/8room_067.map	512	512	354	119	306	191	95.9828
23	maps/rooms/8room_067.map	512	512	325	250	250	246	95.8701
23	maps/rooms/8room_067.map	512	512	175	220	198	275	94.7696
23	maps/rooms/8room_067.map	512	512	444	211	453	296	95.6985
23	maps/rooms/8room_067.map	512	512	436	484	425	403	95.3553
22	maps/rooms/8room_067.map	512	512	228	427	246	395	90.8112
22	maps/rooms/8room_067.map	512	512	297	66	249	51	91.2843
22	maps/rooms/8room_067.map	512	512	88	130	53	203	91.0122
22	maps/rooms/8room_067.map	512	512	232	271	226	324	91.2843
22	maps/rooms/8room_067.map	512	512	127	350	195	346	90.6274
22	maps/rooms/8room_067.map	512	512	15	12	68	61	91.2548
22	maps/rooms/8room_067.map	512	512	413	139	338	155	91.9117
19	maps/rooms/8room_067.map	512	512	104	198	146	175	78.2132
22	maps/rooms/8room_067.map	512	512	504	431	450	388	91.7696
22	maps/rooms/8room_067.map	512	512	452	174	402	214	91.0122
22	maps/rooms/8room_067.map	512	512	478	83	410	114	91.3848
21	maps/rooms/8room_067.map	512	512	388	58	370	118	87.1127
21	maps/rooms/8room_067.map	512	512	67	182	58	236	87.5269
21	maps/rooms/8room_067.map	512	512	461	149	404	198	87.8406
21	maps/rooms/8room_067.map	512	512	477	12	418	54	87.0833
21	maps/rooms/8room_067.map	512	512	490	217	437	170	87.8406
21	maps/rooms/8room_067.map	512	512	149	291	186	351	87.8701
21	maps/rooms/8room_067.map	512	512	19	234	98	221	87.2132
21	maps/rooms/8room_067.map	512	512	74	264	135	294	86.9411
21	maps/rooms/8room_067.map	512	512	439	394	372	423	86.7696
20	maps/rooms/8room_067.map	512	512	66	325	120	298	83.1838
20	maps/rooms/8room_067.map	512	512	211	270	271	243	83.4264
20	maps/rooms/8room_067.map	512	512	115	70	105	125	83.2843
20	maps/rooms/8room_067.map	512	512	452	82	437	150	83.0416
20	maps/rooms/8room_067.map	512	512	32	211	79	263	83.1838
20	maps/rooms/8room_067.map	512	512	389	398	414	327	83.3553
19	maps/rooms/8room_067.map	512	512	439	38	410	98	79.2843
19	maps/rooms/8room_067.map	512	512	29	114	46	181	79.8995
19	maps/rooms/8room_067.map	512	512	468	222	416	222	79.8406
18	maps/rooms/8room_067.map	512	512	262	99	307	135	75.3848
18	maps/rooms/8room_067.map	512	512	245	381	269	324	75.3848
18	maps/rooms/8room_067.map	512	512	94	164	114	219	74.9411
18	maps/rooms/8room_067.map	512	512	280	86	245	46	74.6985
18	maps/rooms/8room_067.map	512	512	456	66	410	107	75.2843
17	maps/rooms/8room_067.map	512	512	461	389	438	348	68.1421
18	maps/rooms/8room_067.map	512	512	238	451	280	459	75.799
18	maps/rooms/8room_067.map	512	512	402	354	381	298	75.5269
18	maps/rooms/8room_067.map	512	512	335	152	298	207	75.598
17	maps/rooms/8room_067.map	512	512	381	164	354	220	71.8701
17	maps/rooms/8room_067.map	512	512	345	411	399	379	71.9411
17	maps/rooms/8room_067.map	512	512	6	490	52	495	71.8701
17	maps/rooms/8room_067.map	512	512	301	153	286	202	71.4558
17	maps/rooms/8room_067.map	512	512	20	244	46	188	71.1127
16	maps/rooms/8room_067.map	512	512	191	234	134	239	66.7279
16	maps/rooms/8room_067.map	512	512	296	14	318	33	67.6274
16	maps/rooms/8room_067.map	512	512	6	189	34	217	67.4558
16	maps/rooms/8room_067.map	512	512	459	135	430	180	67.2132
16	maps/rooms/8room_067.map	512	512	98	43	105	99	67.7279
15	maps/rooms/8room_067.map	512	512	350	57	292	57	63.799
15	maps/rooms/8room_067.map	512	512	143	56	169	64	63.9411
15	maps/rooms/8room_067.map	512	512	172	313	191	346	63.2132
15	maps/rooms/8room_067.map	512	512	215	203	196	244	63.4558
15	maps/rooms/8room_067.map	512	512	410	318	366	347	62.6985
15	maps/rooms/8room_067.map	512	512	62	186	46	231	63.2843
14	maps/rooms/8room_067.map	512	512	292	228	305	260	59.2843
14	maps/rooms/8room_067.map	512	512	15	5	12	62	59.0711
14	maps/rooms/8room_067.map	512	512	67	179	41	219	59.4558
14	maps/rooms/8room_067.map	512	512	215	134	243	174	59.799
14	maps/rooms/8room_067.map	512	512	236	200	233	255	59.5563
14	maps/rooms/8room_067.map	512	512	184	31	234	38	59.0416
13	maps/rooms/8room_067.map	512	512	42	229	28	269	55.2132
13	maps/rooms/8room_067.map	512	512	412	74	363	82	55.9706
13	maps/rooms/8room_067.map	512	512	436	182	404	209	55.0416
13	maps/rooms/8room_067.map	512	512	153	63	198	56	55.3553
13	maps/rooms/8room_067.map	512	512	23	126	46	169	55.9411
13	maps/rooms/8room_067.map	512	512	389	134	362	164	55.6274
12	maps/rooms/8room_067.map	512	512	503	328	467	308	51.3137
12	maps/rooms/8room_067.map	512	512	22	184	38	215	51.6274
12	maps/rooms/8room_067.map	512	512	230	158	262	178	51.5563
12	maps/rooms/8room_067.map	512	512	319	165	334	196	50.8284
12	maps/rooms/8room_067.map	512	512	142	279	181	257	51.2843
12	maps/rooms/8room_067.map	512	512	30	409	39	434	51.1127
12	maps/rooms/8room_067.map	512	512	431	242	453	277	51.1421
12	maps/rooms/8room_067.map	512	512	116	47	144	15	51.2132
12	maps/rooms/8room_067.map	512	512	214	485	261	489	51.1421
11	maps/rooms/8room_067.map	512	512	470	326	452	293	47.4853
11	maps/rooms/8room_067.map	512	512	66	153	57	191	47.8701
11	maps/rooms/8room_067.map	512	512	471	151	439	173	47.4558
11	maps/rooms/8room_067.map	512	512	300	20	313	53	47.2132
11	maps/rooms/8room_067.map	512	512	350	59	319	85	47.0416
11	maps/rooms/8room_067.map	512	512	131	78	169	64	47.5563
11	maps/rooms/8room_067.map	512	512	310	474	287	438	47.8701
11	maps/rooms/8room_067.map	512	512	188	134	159	120	47.0416
10	maps/rooms/8room_067.map	512	512	451	408	426	384	43.7279
10	maps/rooms/8room_067.map	512	512	405	43	422	71	43.4853
10	maps/rooms/8room_067.map	512	512	328	454	307	423	43.2132
10	maps/rooms/8room_067.map	512	512	442	403	408	389	43.4558
10	maps/rooms/8room_067.map	512	512	154	221	190	212	42.799
10	maps/rooms/8room_067.map	512	512	375	445	405	423	42.6274
10	maps/rooms/8room_067.map	512	512	36	92	43	133	43.8995
10	maps/rooms/8room_067.map	512	512	36	347	29	380	43.8995
10	maps/rooms/8room_067.map	512	512	499	105	477	85	43.2132
10	maps/rooms/8room_067.map	512	512	102	307	131	327	43.7279
9	maps/rooms/8room_067.map	512	512	263	322	279	299	39.7279
9	maps/rooms/8room_067.map	512	512	261	471	292	454	39.2132
9	maps/rooms/8room_067.map	512	512	62	471	74	453	39.2132
9	maps/rooms/8room_067.map	512	512	131	61	162	76	38.9706
9	maps/rooms/8room_067.map	512	512	180	443	207	423	39.3848
9	maps/rooms/8room_067.map	512	512	310	66	314	104	39.6569
9	maps/rooms/8room_067.map	512	512	412	486	400	466	39.2132
9	maps/rooms/8room_067.map	512	512	121	399	118	364	39.5563
9	maps/rooms/8room_067.map	512	512	271	265	236	265	39.1421
9	maps/rooms/8room_067.map	512	512	143	422	127	393	39.1421
8	maps/rooms/8room_067.map	512	512	442	407	413	394	35.5563
8	maps/rooms/8room_067.map	512	512	274	104	284	77	35.1421
8	maps/rooms/8room_067.map	512	512	424	419	391	426	35.8995
8	maps/rooms/8room_067.map	512	512	301	229	330	216	35.5563
8	maps/rooms/8room_067.map	512	512	429	466	400	466	35.6274
8	maps/rooms/8room_067.map	512	512	318	25	306	56	35.9706
8	maps/rooms/8room_067.map	512	512	505	418	489	427	35.9706
8	maps/rooms/8room_067.map	512	512	261	460	293	453	34.8995
8	maps/rooms/8room_067.map	512	512	445	414	419	419	35.0416
8	maps/rooms/8room_067.map	512	512	50	162	47	195	35.4142
7	maps/rooms/8room_067.map	512	512	154	218	183	218	31.4853
7	maps/rooms/8room_067.map	512	512	171	76	141	74	30.8284
7	maps/rooms/8room_067.map	512	512	367	50	348	40	31.9706
7	maps/rooms/8room_067.map	512	512	478	394	452	401	31.9706
7	maps/rooms/8room_067.map	512	512	329	133	330	162	31.0711
7	maps/rooms/8room_067.map	512	512	510	511	489	494	31.5563
7	maps/rooms/8room_067.map	512	512	21	304	50	300	31.2426
6	maps/rooms/8room_067.map	512	512	21	269	25	244	27.4853
6	maps/rooms/8room_067.map	512	512	180	313	205	306	27.8995
6	maps/rooms/8room_067.map	512	512	198	423	222	417	27.0711
6	maps/rooms/8room_067.map	512	512	139	23	117	33	27.3137
6	maps/rooms/8room_067.map	512	512	493	178	470	188	27.1421
6	maps/rooms/8room_067.map	512	512	115	430	136	440	27.4853
6	maps/rooms/8room_067.map	512	512	476	406	486	396	27.8995
6	maps/rooms/8room_067.map	512	512	306	5	318	28	27.9706
6	maps/rooms/8room_067.map	512	512	395	300	372	290	27.1421
5	maps/rooms/8room_067.map	512	512	331	188	314	184	22.799
5	maps/rooms/8room_067.map	512	512	315	327	321	311	22.9706
5	maps/rooms/8room_067.map	512	512	247	371	249	349	23.6569
5	maps/rooms/8room_067.map	512	512	87	40	89	19	23.4853
5	maps/rooms/8room_067.map	512	512	28	2	11	16	23.3848
5	maps/rooms/8room_067.map	512	512	83	19	85	40	21.8284
5	maps/rooms/8room_067.map	512	512	91	4	102	21	23.8995
5	maps/rooms/8room_067.map	512	512	164	271	165	289	23.2426
4	maps/rooms/8room_067.map	512	512	473	210	457	206	18.8284
4	maps/rooms/8room_067.map	512	512	3	361	21	359	19.6569
4	maps/rooms/8room_067.map	512	512	154	221	147	235	19.8284
4	maps/rooms/8room_067.map	512	512	266	1	261	18	19.0711
4	maps/rooms/8room_067.map	512	512	146	100	133	108	19.8284
4	maps/rooms/8room_067.map	512	512	395	169	396	152	19.0711
4	maps/rooms/8room_067.map	512	512	286	264	273	275	19.8995
4	maps/rooms/8room_067.map	512	512	73	84	79	67	19.4853
4	maps/rooms/8room_067.map	512	512	421	250	418	232	19.2426
3	maps/rooms/8room_067.map	512	512	453	111	440	114	15.4142
3	maps/rooms/8room_067.map	512	512	382	162	371	172	15.1421
3	maps/rooms/8room_067.map	512	512	246	43	237	37	15.4853
3	maps/rooms/8room_067.map	512	512	436	415	447	404	15.5563
3	maps/rooms/8room_067.map	512	512	239	248	246	250	14.6569
3	maps/rooms/8room_067.map	512	512	396	471	387	460	14.7279
3	maps/rooms/8room_067.map	512	512	435	469	422	472	15.4142
3	maps/rooms/8room_067.map	512	512	489	331	484	318	15.8995
3	maps/rooms/8room_067.map	512	512	123	86	125	99	14.6569
2	maps/rooms/8room_067.map	512	512	302	293	293	298	11.0711
2	maps/rooms/8room_067.map	512	512	342	337	351	332	11.6569
2	maps/rooms/8room_067.map	512	512	123	72	130	77	11.4142
2	maps/rooms/8room_067.map	512	512	95	308	87	303	11.8284
2	maps/rooms/8room_067.map	512	512	181	92	185	82	11.6569
2	maps/rooms/8room_067.map	512	512	184	457	184	446	11.8284
2	maps/rooms/8room_067.map	512	512	274	511	267	504	11.0711
2	maps/rooms/8room_067.map	512	512	180	82	181	76	11.2426
2	maps/rooms/8room_067.map	512	512	323	186	318	179	11.4142
2	maps/rooms/8room_067.map	512	512	184	466	178	459	11.2426
1	maps/rooms/8room_067.map	512	512	504	169	499	164	7.07107
1	maps/rooms/8room_067.map	512	512	383	265	390	265	7
1	maps/rooms/8room_067.map	512	512	329	146	334	142	7.82843
1	maps/rooms/8room_067.map	512	512	80	399	85	394	7.65685
1	maps/rooms/8room_067.map	512	512	94	297	94	290	7
1	maps/rooms/8room_067.map	512	512	194	204	201	204	7
1	maps/rooms/8room_067.map	512	512	262	130	269	130	7
1	maps/rooms/8room_067.map	512	512	470	171	470	164	7
1	maps/rooms/8room_067.map	512	512	438	313	432	310	7.24264
1	maps/rooms/8room_067.map	512	512	410	93	405	88	7.07107
0	maps/rooms/8room_067.map	512	512	269	100	269	103	3
0	maps/rooms/8room_067.map	512	512	23	474	26	474	3
0	maps/rooms/8room_067.map	512	512	291	298	288	298	3
0	maps/rooms/8room_067.map	512	512	7	376	10	376	3
0	maps/rooms/8room_067.map	512	512	317	84	320	84	3
0	maps/rooms/8room_067.map	512	512	376	349	373	348	3.41421
0	maps/rooms/8room_067.map	512	512	373	223	371	220	3.82843
0	maps/rooms/8room_067.map	512	512	223	416	223	413	3
0	maps/rooms/8room_067.map	512	512	227	130	229	132	2.82843
0	maps/rooms/8room_067.map	512	512	311	6	311	9	3
