version 1
43	maps/rooms/8room_088.map	512	512	39	366	170	413	172.125
71	maps/rooms/8room_088.map	512	512	152	395	172	150	286.48
127	maps/rooms/8room_088.map	512	512	89	18	403	294	511.931
31	maps/rooms/8room_088.map	512	512	290	27	310	133	124.912
125	maps/rooms/8room_088.map	512	512	458	243	197	508	502.274
109	maps/rooms/8room_088.map	512	512	338	473	173	190	436.576
114	maps/rooms/8room_088.map	512	512	478	486	323	167	458.149
79	maps/rooms/8room_088.map	512	512	409	491	207	357	318.593
39	maps/rooms/8room_088.map	512	512	229	183	286	287	158.74
104	maps/rooms/8room_088.map	512	512	70	345	110	22	417.35
124	maps/rooms/8room_088.map	512	512	23	78	121	438	496.593
127	maps/rooms/8room_088.map	512	512	462	442	265	88	511.777
65	maps/rooms/8room_088.map	512	512	318	308	158	203	261.51
103	maps/rooms/8room_088.map	512	512	421	12	435	355	415.108
94	maps/rooms/8room_088.map	512	512	355	143	458	424	378.936
55	maps/rooms/8room_088.map	512	512	51	326	173	186	222.752
61	maps/rooms/8room_088.map	512	512	371	363	287	207	247.823
34	maps/rooms/8room_088.map	512	512	124	341	210	351	137.255
65	maps/rooms/8room_088.map	512	512	406	347	202	391	261.823
72	maps/rooms/8room_088.map	512	512	379	69	191	71	289.622
27	maps/rooms/8room_088.map	512	512	154	237	206	309	111.154
68	maps/rooms/8room_088.map	512	512	250	330	67	217	273.924
61	maps/rooms/8room_088.map	512	512	267	237	431	334	246.723
105	maps/rooms/8room_088.map	512	512	29	261	328	163	423.149
60	maps/rooms/8room_088.map	512	512	109	185	249	315	242.167
127	maps/rooms/8room_088.map	512	512	15	34	121	408	511.948
127	maps/rooms/8room_088.map	512	512	46	405	343	151	511.818
10	maps/rooms/8room_088.map	512	512	181	204	198	176	42.0711
82	maps/rooms/8room_088.map	512	512	477	173	227	217	331.421
127	maps/rooms/8room_088.map	512	512	43	425	215	82	511.434
120	maps/rooms/8room_088.map	512	512	502	378	371	25	480.919
69	maps/rooms/8room_088.map	512	512	179	415	276	252	278.894
43	maps/rooms/8room_088.map	512	512	459	323	430	214	174.853
127	maps/rooms/8room_088.map	512	512	282	10	154	395	511.475
45	maps/rooms/8room_088.map	512	512	91	14	233	47	181.711
33	maps/rooms/8room_088.map	512	512	271	264	318	163	133.154
60	maps/rooms/8room_088.map	512	512	308	498	342	344	241.924
79	maps/rooms/8room_088.map	512	512	343	506	69	502	318.794
35	maps/rooms/8room_088.map	512	512	437	303	490	245	142.74
127	maps/rooms/8room_088.map	512	512	86	436	425	179	511.061
99	maps/rooms/8room_088.map	512	512	147	158	421	310	398.049
97	maps/rooms/8room_088.map	512	512	459	328	239	468	388.007
40	maps/rooms/8room_088.map	512	512	250	132	212	51	162.539
123	maps/rooms/8room_088.map	512	512	510	266	188	21	493.96
100	maps/rooms/8room_088.map	512	512	38	47	229	306	401.848
81	maps/rooms/8room_088.map	512	512	217	330	4	180	327.451
124	maps/rooms/8room_088.map	512	512	444	430	52	426	498.049
52	maps/rooms/8room_088.map	512	512	510	126	383	233	211.154
34	maps/rooms/8room_088.map	512	512	498	204	402	242	139.64
79	maps/rooms/8room_088.map	512	512	103	290	283	137	317.836
56	maps/rooms/8room_088.map	512	512	252	299	116	219	224.267
127	maps/rooms/8room_088.map	512	512	487	51	104	31	511.375
87	maps/rooms/8room_088.map	512	512	201	29	158	284	349.078
107	maps/rooms/8room_088.map	512	512	487	222	157	333	429.836
127	maps/rooms/8room_088.map	512	512	101	132	360	446	511.517
17	maps/rooms/8room_088.map	512	512	218	407	169	381	68.6985
88	maps/rooms/8room_088.map	512	512	502	430	246	459	354.948
46	maps/rooms/8room_088.map	512	512	444	330	478	185	186.681
123	maps/rooms/8room_088.map	512	512	137	364	60	14	493.475
95	maps/rooms/8room_088.map	512	512	111	440	135	149	380.764
65	maps/rooms/8room_088.map	512	512	189	381	47	283	262.208
24	maps/rooms/8room_088.map	512	512	91	12	156	55	98.1838
81	maps/rooms/8room_088.map	512	512	35	191	195	74	325.551
4	maps/rooms/8room_088.map	512	512	296	293	307	300	16.2426
65	maps/rooms/8room_088.map	512	512	363	341	366	490	262.066
119	maps/rooms/8room_088.map	512	512	6	263	389	343	479.818
92	maps/rooms/8room_088.map	512	512	335	388	83	371	369.877
51	maps/rooms/8room_088.map	512	512	336	190	279	279	206.912
38	maps/rooms/8room_088.map	512	512	270	218	271	99	152.225
127	maps/rooms/8room_088.map	512	512	75	479	440	332	511.747
58	maps/rooms/8room_088.map	512	512	313	268	342	112	233.125
87	maps/rooms/8room_088.map	512	512	111	138	59	398	350.652
111	maps/rooms/8room_088.map	512	512	27	72	348	235	447.463
126	maps/rooms/8room_088.map	512	512	429	249	108	469	507.576
118	maps/rooms/8room_088.map	512	512	395	104	212	436	475.233
36	maps/rooms/8room_088.map	512	512	356	205	292	177	145.397
98	maps/rooms/8room_088.map	512	512	268	231	104	486	392.463
126	maps/rooms/8room_088.map	512	512	318	6	403	400	507.291
52	maps/rooms/8room_088.map	512	512	326	399	207	340	211.782
58	maps/rooms/8room_088.map	512	512	234	170	275	346	234.581
47	maps/rooms/8room_088.map	512	512	454	203	307	150	190.953
126	maps/rooms/8room_088.map	512	512	284	428	143	42	507.032
126	maps/rooms/8room_088.map	512	512	41	143	389	346	506.889
30	maps/rooms/8room_088.map	512	512	445	203	509	134	121.426
49	maps/rooms/8room_088.map	512	512	106	247	133	110	198.468
33	maps/rooms/8room_088.map	512	512	206	508	308	472	133.497
114	maps/rooms/8room_088.map	512	512	127	196	381	383	458.688
113	maps/rooms/8room_088.map	512	512	455	340	230	68	452.563
50	maps/rooms/8room_088.map	512	512	63	503	196	444	200.953
126	maps/rooms/8room_088.map	512	512	281	108	47	427	507.86
118	maps/rooms/8room_088.map	512	512	102	418	421	196	472.848
20	maps/rooms/8room_088.map	512	512	42	413	30	340	83.2843
68	maps/rooms/8room_088.map	512	512	20	249	106	463	275.421
79	maps/rooms/8room_088.map	512	512	269	291	370	419	318.764
40	maps/rooms/8room_088.map	512	512	230	252	289	136	160.74
66	maps/rooms/8room_088.map	512	512	248	285	186	460	265.995
37	maps/rooms/8room_088.map	512	512	345	505	233	456	148.154
45	maps/rooms/8room_088.map	512	512	44	339	5	202	182.569
96	maps/rooms/8room_088.map	512	512	152	335	373	136	385.321
71	maps/rooms/8room_088.map	512	512	56	247	139	29	285.752
126	maps/rooms/8room_088.map	512	512	478	501	328	111	507.22
77	maps/rooms/8room_088.map	512	512	153	454	242	243	309.966
62	maps/rooms/8room_088.map	512	512	42	310	189	184	248.966
86	maps/rooms/8room_088.map	512	512	354	116	190	281	346.137
26	maps/rooms/8room_088.map	512	512	216	213	233	299	106.355
88	maps/rooms/8room_088.map	512	512	323	494	287	223	352.966
18	maps/rooms/8room_088.map	512	512	349	51	340	117	72.2132
126	maps/rooms/8room_088.map	512	512	450	68	303	427	507.889
65	maps/rooms/8room_088.map	512	512	236	301	442	298	262.823
60	maps/rooms/8room_088.map	512	512	293	435	370	358	242.167
78	maps/rooms/8room_088.map	512	512	505	306	472	41	315.238
95	maps/rooms/8room_088.map	512	512	207	498	141	207	380.764
84	maps/rooms/8room_088.map	512	512	239	409	444	298	338.25
49	maps/rooms/8room_088.map	512	512	379	435	366	323	199.125
92	maps/rooms/8room_088.map	512	512	117	351	398	232	368.35
91	maps/rooms/8room_088.map	512	512	255	301	511	168	366.279
122	maps/rooms/8room_088.map	512	512	404	410	88	341	488.747
78	maps/rooms/8room_088.map	512	512	458	11	430	243	313.48
101	maps/rooms/8room_088.map	512	512	264	11	45	207	404.12
122	maps/rooms/8room_088.map	512	512	355	506	396	126	488.019
65	maps/rooms/8room_088.map	512	512	202	350	47	223	263.924
103	maps/rooms/8room_088.map	512	512	421	340	152	489	413.563
122	maps/rooms/8room_088.map	512	512	478	372	86	402	489.647
98	maps/rooms/8room_088.map	512	512	110	187	14	408	395.208
92	maps/rooms/8room_088.map	512	512	489	252	213	162	368.593
91	maps/rooms/8room_088.map	512	512	313	202	22	109	365.664
85	maps/rooms/8room_088.map	512	512	158	316	102	46	343.622
57	maps/rooms/8room_088.map	512	512	61	345	129	187	231.581
126	maps/rooms/8room_088.map	512	512	167	509	441	213	507.99
126	maps/rooms/8room_088.map	512	512	463	444	116	268	507.475
66	maps/rooms/8room_088.map	512	512	88	436	283	348	267.652
95	maps/rooms/8room_088.map	512	512	509	175	215	234	380.22
83	maps/rooms/8room_088.map	512	512	247	476	40	333	335.179
108	maps/rooms/8room_088.map	512	512	136	28	428	187	432.563
126	maps/rooms/8room_088.map	512	512	360	314	41	487	507.848
125	maps/rooms/8room_088.map	512	512	25	199	371	9	503.99
125	maps/rooms/8room_088.map	512	512	238	510	70	156	503.245
53	maps/rooms/8room_088.map	512	512	283	41	107	26	213.368
36	maps/rooms/8room_088.map	512	512	104	434	201	371	144.125
125	maps/rooms/8room_088.map	512	512	46	20	404	220	503.605
55	maps/rooms/8room_088.map	512	512	131	337	179	173	221.054
97	maps/rooms/8room_088.map	512	512	306	219	2	221	388.936
96	maps/rooms/8room_088.map	512	512	191	408	267	140	387.463
117	maps/rooms/8room_088.map	512	512	205	354	397	52	469.262
124	maps/rooms/8room_088.map	512	512	13	318	349	405	496.99
39	maps/rooms/8room_088.map	512	512	123	242	236	285	156.125
125	maps/rooms/8room_088.map	512	512	509	7	170	183	503.233
125	maps/rooms/8room_088.map	512	512	313	61	178	418	501.747
125	maps/rooms/8room_088.map	512	512	202	92	239	483	503.889
124	maps/rooms/8room_088.map	512	512	389	458	455	89	497.191
107	maps/rooms/8room_088.map	512	512	22	111	123	407	431.007
78	maps/rooms/8room_088.map	512	512	333	46	509	143	312.037
54	maps/rooms/8room_088.map	512	512	119	170	254	109	216.853
125	maps/rooms/8room_088.map	512	512	79	479	141	95	503.22
90	maps/rooms/8room_088.map	512	512	172	315	343	90	363.463
89	maps/rooms/8room_088.map	512	512	2	264	133	499	357.563
36	maps/rooms/8room_088.map	512	512	214	206	283	139	145.983
114	maps/rooms/8room_088.map	512	512	93	280	364	483	459.362
44	maps/rooms/8room_088.map	512	512	340	22	403	102	179.669
48	maps/rooms/8room_088.map	512	512	250	406	373	340	194.539
68	maps/rooms/8room_088.map	512	512	116	69	82	235	275.924
110	maps/rooms/8room_088.map	512	512	307	139	346	412	440.978
108	maps/rooms/8room_088.map	512	512	189	383	409	130	433.534
125	maps/rooms/8room_088.map	512	512	510	218	90	265	502.605
86	maps/rooms/8room_088.map	512	512	204	125	7	330	345.179
48	maps/rooms/8room_088.map	512	512	53	474	12	330	192.439
125	maps/rooms/8room_088.map	512	512	317	439	87	164	502.588
53	maps/rooms/8room_088.map	512	512	226	260	154	132	212.51
119	maps/rooms/8room_088.map	512	512	136	221	402	406	476.505
118	maps/rooms/8room_088.map	512	512	140	392	76	62	473.706
110	maps/rooms/8room_088.map	512	512	362	201	191	485	440.99
124	maps/rooms/8room_088.map	512	512	130	455	323	98	499.99
124	maps/rooms/8room_088.map	512	512	348	187	62	415	499.304
124	maps/rooms/8room_088.map	512	512	75	89	58	422	499.563
66	maps/rooms/8room_088.map	512	512	12	303	189	182	265.522
24	maps/rooms/8room_088.map	512	512	462	415	442	493	96.0416
33	maps/rooms/8room_088.map	512	512	279	394	178	372	132.598
124	maps/rooms/8room_088.map	512	512	239	501	278	95	499.475
53	maps/rooms/8room_088.map	512	512	269	275	406	265	212.782
71	maps/rooms/8room_088.map	512	512	456	83	308	206	284.924
124	maps/rooms/8room_088.map	512	512	375	24	185	360	499.019
56	maps/rooms/8room_088.map	512	512	270	59	90	44	226.296
100	maps/rooms/8room_088.map	512	512	404	174	312	462	402.735
49	maps/rooms/8room_088.map	512	512	141	357	101	318	197.853
55	maps/rooms/8room_088.map	512	512	226	380	58	396	223.723
50	maps/rooms/8room_088.map	512	512	314	367	379	235	200.296
92	maps/rooms/8room_088.map	512	512	214	322	94	70	369.907
106	maps/rooms/8room_088.map	512	512	214	38	404	310	424.25
114	maps/rooms/8room_088.map	512	512	470	274	232	508	459.304
34	maps/rooms/8room_088.map	512	512	420	178	377	125	138.912
103	maps/rooms/8room_088.map	512	512	346	107	20	66	413.392
124	maps/rooms/8room_088.map	512	512	346	436	357	98	499.777
115	maps/rooms/8room_088.map	512	512	187	124	103	502	462.291
60	maps/rooms/8room_088.map	512	512	124	254	206	424	242.409
123	maps/rooms/8room_088.map	512	512	470	118	167	390	495.919
93	maps/rooms/8room_088.map	512	512	297	285	46	338	372.35
90	maps/rooms/8room_088.map	512	512	307	380	452	141	363.907
115	maps/rooms/8room_088.map	512	512	260	92	82	345	462.362
43	maps/rooms/8room_088.map	512	512	197	151	181	43	174.953
60	maps/rooms/8room_088.map	512	512	274	439	453	448	241.137
53	maps/rooms/8room_088.map	512	512	405	171	457	19	215.196
72	maps/rooms/8room_088.map	512	512	164	88	50	295	290.48
123	maps/rooms/8room_088.map	512	512	132	92	237	476	495.617
122	maps/rooms/8room_088.map	512	512	482	488	472	124	488.777
85	maps/rooms/8room_088.map	512	512	458	250	217	365	340.836
85	maps/rooms/8room_088.map	512	512	413	429	474	153	343.836
84	maps/rooms/8room_088.map	512	512	503	234	286	358	339.693
85	maps/rooms/8room_088.map	512	512	488	346	204	354	341.38
96	maps/rooms/8room_088.map	512	512	492	264	231	359	387.22
120	maps/rooms/8room_088.map	512	512	402	245	110	89	483.362
66	maps/rooms/8room_088.map	512	512	327	425	131	382	265.208
32	maps/rooms/8room_088.map	512	512	115	12	218	19	128.326
121	maps/rooms/8room_088.map	512	512	414	362	58	294	485.446
79	maps/rooms/8room_088.map	512	512	382	335	357	104	318.61
84	maps/rooms/8room_088.map	512	512	377	40	175	2	338.191
84	maps/rooms/8room_088.map	512	512	219	20	141	263	339.693
63	maps/rooms/8room_088.map	512	512	345	44	322	212	253.125
123	maps/rooms/8room_088.map	512	512	110	191	466	122	495.333
123	maps/rooms/8room_088.map	512	512	7	232	403	199	494.605
123	maps/rooms/8room_088.map	512	512	249	502	73	173	495.375
123	maps/rooms/8room_088.map	512	512	109	322	388	469	495.304
68	maps/rooms/8room_088.map	512	512	354	327	169	420	272.551
96	maps/rooms/8room_088.map	512	512	443	260	211	43	385.191
92	maps/rooms/8room_088.map	512	512	498	402	331	162	368.321
83	maps/rooms/8room_088.map	512	512	103	250	91	12	335.522
100	maps/rooms/8room_088.map	512	512	237	394	447	134	403.362
43	maps/rooms/8room_088.map	512	512	253	152	361	163	172.439
76	maps/rooms/8room_088.map	512	512	107	456	338	406	306.823
123	maps/rooms/8room_088.map	512	512	302	509	277	101	495.291
85	maps/rooms/8room_088.map	512	512	509	3	482	279	340.723
30	maps/rooms/8room_088.map	512	512	269	29	165	38	121.912
101	maps/rooms/8room_088.map	512	512	110	249	329	22	407.362
99	maps/rooms/8room_088.map	512	512	393	127	131	74	396.321
87	maps/rooms/8room_088.map	512	512	158	211	269	440	351.706
90	maps/rooms/8room_088.map	512	512	472	94	456	359	361.836
123	maps/rooms/8room_088.map	512	512	4	329	389	200	495.605
106	maps/rooms/8room_088.map	512	512	217	106	247	415	426.22
104	maps/rooms/8room_088.map	512	512	484	458	472	142	418.149
54	maps/rooms/8room_088.map	512	512	439	303	286	365	217.066
122	maps/rooms/8room_088.map	512	512	404	377	90	296	491.333
122	maps/rooms/8room_088.map	512	512	20	483	66	106	491.35
27	maps/rooms/8room_088.map	512	512	12	204	69	260	111.184
51	maps/rooms/8room_088.map	512	512	482	152	355	121	204.468
35	maps/rooms/8room_088.map	512	512	183	123	86	148	141.598
92	maps/rooms/8room_088.map	512	512	275	426	262	150	368.764
67	maps/rooms/8room_088.map	512	512	69	187	274	125	270.439
99	maps/rooms/8room_088.map	512	512	89	148	52	456	397.794
122	maps/rooms/8room_088.map	512	512	182	18	214	418	491.304
32	maps/rooms/8room_088.map	512	512	43	363	39	276	130.113
117	maps/rooms/8room_088.map	512	512	89	122	434	227	468.676
10	maps/rooms/8room_088.map	512	512	44	426	63	458	43.9706
42	maps/rooms/8room_088.map	512	512	243	361	188	451	170.882
39	maps/rooms/8room_088.map	512	512	165	82	258	20	158.539
33	maps/rooms/8room_088.map	512	512	87	386	162	308	135.569
91	maps/rooms/8room_088.map	512	512	307	142	152	386	367.693
99	maps/rooms/8room_088.map	512	512	318	426	79	250	398.806
122	maps/rooms/8room_088.map	512	512	287	508	431	163	491.233
44	maps/rooms/8room_088.map	512	512	347	233	311	118	176.539
65	maps/rooms/8room_088.map	512	512	77	265	237	149	263.279
50	maps/rooms/8room_088.map	512	512	175	298	58	357	202.267
107	maps/rooms/8room_088.map	512	512	435	482	322	179	429.764
122	maps/rooms/8room_088.map	512	512	455	121	346	479	491.777
93	maps/rooms/8room_088.map	512	512	138	408	111	117	372.007
119	maps/rooms/8room_088.map	512	512	376	391	249	138	478.132
54	maps/rooms/8room_088.map	512	512	310	364	154	259	217.894
95	maps/rooms/8room_088.map	512	512	293	203	508	1	382.664
57	maps/rooms/8room_088.map	512	512	284	451	318	278	230.196
87	maps/rooms/8room_088.map	512	512	191	297	79	53	350.392
122	maps/rooms/8room_088.map	512	512	387	359	117	142	491.96
86	maps/rooms/8room_088.map	512	512	298	404	388	169	344.865
100	maps/rooms/8room_088.map	512	512	508	419	234	502	401.576
67	maps/rooms/8room_088.map	512	512	147	102	139	317	268.539
116	maps/rooms/8room_088.map	512	512	36	436	377	414	465.635
89	maps/rooms/8room_088.map	512	512	135	52	98	334	356.522
27	maps/rooms/8room_088.map	512	512	163	179	210	187	111.669
74	maps/rooms/8room_088.map	512	512	180	365	429	348	297.338
60	maps/rooms/8room_088.map	512	512	237	322	152	148	241.752
114	maps/rooms/8room_088.map	512	512	456	263	216	487	456.617
121	maps/rooms/8room_088.map	512	512	6	113	367	211	487.919
116	maps/rooms/8room_088.map	512	512	271	474	392	141	467.362
111	maps/rooms/8room_088.map	512	512	491	141	420	476	445.505
77	maps/rooms/8room_088.map	512	512	275	243	63	166	310.338
59	maps/rooms/8room_088.map	512	512	304	217	388	79	236.752
106	maps/rooms/8room_088.map	512	512	403	99	104	27	424.22
95	maps/rooms/8room_088.map	512	512	483	196	271	63	381.836
121	maps/rooms/8room_088.map	512	512	2	54	252	373	487.274
121	maps/rooms/8room_088.map	512	512	469	307	151	156	486.688
80	maps/rooms/8room_088.map	512	512	430	5	233	154	321.522
118	maps/rooms/8room_088.map	512	512	422	488	137	230	475.86
112	maps/rooms/8room_088.map	512	512	121	416	162	56	451.635
80	maps/rooms/8room_088.map	512	512	123	405	164	154	320.894
108	maps/rooms/8room_088.map	512	512	506	300	162	269	432.948
31	maps/rooms/8room_088.map	512	512	393	244	491	213	126.113
121	maps/rooms/8room_088.map	512	512	68	429	9	66	487.522
60	maps/rooms/8room_088.map	512	512	413	194	473	356	240.167
82	maps/rooms/8room_088.map	512	512	487	319	358	391	329.35
100	maps/rooms/8room_088.map	512	512	6	44	28	335	400.137
121	maps/rooms/8room_088.map	512	512	490	414	306	71	486.99
93	maps/rooms/8room_088.map	512	512	505	76	287	261	375.451
121	maps/rooms/8room_088.map	512	512	73	325	311	53	487.404
25	maps/rooms/8room_088.map	512	512	188	375	215	377	102.255
94	maps/rooms/8room_088.map	512	512	486	19	378	297	377.321
111	maps/rooms/8room_088.map	512	512	146	14	212	379	447.777
84	maps/rooms/8room_088.map	512	512	149	149	140	430	338.208
83	maps/rooms/8room_088.map	512	512	275	187	57	327	334.309
121	maps/rooms/8room_088.map	512	512	150	27	226	425	487.889
35	maps/rooms/8room_088.map	512	512	354	501	320	430	143.426
57	maps/rooms/8room_088.map	512	512	248	275	231	456	228.267
98	maps/rooms/8room_088.map	512	512	120	334	346	182	392.492
59	maps/rooms/8room_088.map	512	512	457	5	298	83	237.551
70	maps/rooms/8room_088.map	512	512	163	133	184	378	283.037
121	maps/rooms/8room_088.map	512	512	52	126	367	331	487.546
108	maps/rooms/8room_088.map	512	512	436	421	199	210	432.534
30	maps/rooms/8room_088.map	512	512	330	482	227	451	123.012
57	maps/rooms/8room_088.map	512	512	174	197	58	344	228.095
87	maps/rooms/8room_088.map	512	512	311	211	85	333	348.593
103	maps/rooms/8room_088.map	512	512	82	328	369	211	414.978
45	maps/rooms/8room_088.map	512	512	306	128	238	133	181.752
29	maps/rooms/8room_088.map	512	512	483	458	409	475	117.468
69	maps/rooms/8room_088.map	512	512	276	412	343	315	278.167
82	maps/rooms/8room_088.map	512	512	186	234	117	486	331.693
113	maps/rooms/8room_088.map	512	512	441	428	105	402	452.534
121	maps/rooms/8room_088.map	512	512	61	71	86	467	487.593
120	maps/rooms/8room_088.map	512	512	493	77	191	251	483.262
38	maps/rooms/8room_088.map	512	512	201	117	122	75	152.882
85	maps/rooms/8room_088.map	512	512	148	494	190	211	341.309
120	maps/rooms/8room_088.map	512	512	4	420	350	243	482.019
77	maps/rooms/8room_088.map	512	512	121	181	43	404	310.823
36	maps/rooms/8room_088.map	512	512	405	301	394	388	146.225
118	maps/rooms/8room_088.map	512	512	66	219	299	494	475.161
111	maps/rooms/8room_088.map	512	512	348	315	140	499	446.676
120	maps/rooms/8room_088.map	512	512	57	197	417	347	483.605
108	maps/rooms/8room_088.map	512	512	230	50	467	131	433.161
94	maps/rooms/8room_088.map	512	512	7	94	149	325	376.421
120	maps/rooms/8room_088.map	512	512	117	127	313	483	483.061
72	maps/rooms/8room_088.map	512	512	509	479	281	506	290.22
59	maps/rooms/8room_088.map	512	512	496	394	344	361	236.196
11	maps/rooms/8room_088.map	512	512	431	357	426	396	45.2132
120	maps/rooms/8room_088.map	512	512	444	135	153	403	483.434
120	maps/rooms/8room_088.map	512	512	279	27	438	348	483.22
56	maps/rooms/8room_088.map	512	512	181	133	329	251	225.238
120	maps/rooms/8room_088.map	512	512	302	493	395	139	483.919
120	maps/rooms/8room_088.map	512	512	67	412	278	97	483.789
96	maps/rooms/8room_088.map	512	512	285	426	415	162	387.563
48	maps/rooms/8room_088.map	512	512	313	143	451	201	192.711
56	maps/rooms/8room_088.map	512	512	191	187	310	133	226.095
119	maps/rooms/8room_088.map	512	512	298	50	237	443	479.605
102	maps/rooms/8room_088.map	512	512	333	77	443	382	409.409
37	maps/rooms/8room_088.map	512	512	62	196	92	99	151.326
111	maps/rooms/8room_088.map	512	512	10	93	345	171	445.191
70	maps/rooms/8room_088.map	512	512	76	166	238	323	283.794
77	maps/rooms/8room_088.map	512	512	214	171	2	61	309.622
119	maps/rooms/8room_088.map	512	512	453	457	307	91	479.806
119	maps/rooms/8room_088.map	512	512	344	511	284	130	479.877
119	maps/rooms/8room_088.map	512	512	212	451	445	141	478.99
109	maps/rooms/8room_088.map	512	512	308	331	121	27	437.333
119	maps/rooms/8room_088.map	512	512	7	37	361	91	479.706
119	maps/rooms/8room_088.map	512	512	395	108	90	290	479.09
30	maps/rooms/8room_088.map	512	512	154	474	229	447	121.255
37	maps/rooms/8room_088.map	512	512	140	137	162	23	149.64
119	maps/rooms/8room_088.map	512	512	53	155	429	176	479.09
105	maps/rooms/8room_088.map	512	512	227	53	387	324	423.492
62	maps/rooms/8room_088.map	512	512	308	195	473	203	248.581
84	maps/rooms/8room_088.map	512	512	204	301	15	131	337.551
118	maps/rooms/8room_088.map	512	512	488	300	119	393	475.203
71	maps/rooms/8room_088.map	512	512	360	199	290	394	286.137
44	maps/rooms/8room_088.map	512	512	285	455	125	467	178.083
118	maps/rooms/8room_088.map	512	512	322	2	142	335	475.233
52	maps/rooms/8room_088.map	512	512	398	386	306	399	208.095
118	maps/rooms/8room_088.map	512	512	299	479	166	109	475.233
118	maps/rooms/8room_088.map	512	512	370	27	161	313	475.777
106	maps/rooms/8room_088.map	512	512	322	393	82	299	424.049
63	maps/rooms/8room_088.map	512	512	183	100	10	63	255.095
11	maps/rooms/8room_088.map	512	512	227	510	189	502	45.6569
13	maps/rooms/8room_088.map	512	512	470	11	479	60	53.5563
38	maps/rooms/8room_088.map	512	512	445	166	366	135	153.397
118	maps/rooms/8room_088.map	512	512	440	458	150	242	475.203
99	maps/rooms/8room_088.map	512	512	47	371	308	218	396.291
92	maps/rooms/8room_088.map	512	512	451	347	303	140	370.321
42	maps/rooms/8room_088.map	512	512	372	18	377	158	169.468
110	maps/rooms/8room_088.map	512	512	126	41	444	136	443.534
79	maps/rooms/8room_088.map	512	512	201	90	391	216	316.208
117	maps/rooms/8room_088.map	512	512	69	74	62	410	471.492
117	maps/rooms/8room_088.map	512	512	335	382	128	89	471.203
117	maps/rooms/8room_088.map	512	512	367	91	154	392	471.463
95	maps/rooms/8room_088.map	512	512	333	269	75	350	382.078
6	maps/rooms/8room_088.map	512	512	181	137	191	119	26.1421
56	maps/rooms/8room_088.map	512	512	216	182	91	151	226.953
117	maps/rooms/8room_088.map	512	512	394	139	58	261	471.404
50	maps/rooms/8room_088.map	512	512	494	296	439	180	201.167
59	maps/rooms/8room_088.map	512	512	436	314	340	151	239.953
117	maps/rooms/8room_088.map	512	512	499	316	161	425	471.919
34	maps/rooms/8room_088.map	512	512	378	168	350	261	136.64
77	maps/rooms/8room_088.map	512	512	237	402	181	174	309.723
117	maps/rooms/8room_088.map	512	512	74	333	299	65	471.09
104	maps/rooms/8room_088.map	512	512	412	139	232	419	416.434
85	maps/rooms/8room_088.map	512	512	121	122	261	374	343.078
54	maps/rooms/8room_088.map	512	512	275	357	149	230	219.894
61	maps/rooms/8room_088.map	512	512	343	319	233	196	246.48
105	maps/rooms/8room_088.map	512	512	399	141	103	228	422.12
117	maps/rooms/8room_088.map	512	512	192	66	252	411	469.676
58	maps/rooms/8room_088.map	512	512	431	50	509	201	233.953
96	maps/rooms/8room_088.map	512	512	90	438	296	199	386.321
65	maps/rooms/8room_088.map	512	512	420	378	426	188	261.338
53	maps/rooms/8room_088.map	512	512	314	340	202	221	212.924
21	maps/rooms/8room_088.map	512	512	294	171	348	181	87.9411
117	maps/rooms/8room_088.map	512	512	397	441	454	143	471.434
18	maps/rooms/8room_088.map	512	512	135	318	172	340	72.1127
22	maps/rooms/8room_088.map	512	512	136	343	184	330	91.5269
73	maps/rooms/8room_088.map	512	512	6	236	234	139	293.208
116	maps/rooms/8room_088.map	512	512	37	2	92	381	467.321
95	maps/rooms/8room_088.map	512	512	322	199	170	358	380.078
116	maps/rooms/8room_088.map	512	512	15	41	274	287	467.09
67	maps/rooms/8room_088.map	512	512	114	72	236	7	269.409
102	maps/rooms/8room_088.map	512	512	498	418	453	182	408.563
70	maps/rooms/8room_088.map	512	512	270	82	422	136	282.066
116	maps/rooms/8room_088.map	512	512	476	338	114	422	467.848
72	maps/rooms/8room_088.map	512	512	424	121	267	131	290.48
76	maps/rooms/8room_088.map	512	512	338	318	150	263	304.622
9	maps/rooms/8room_088.map	512	512	405	484	392	500	36.5563
70	maps/rooms/8room_088.map	512	512	349	168	136	147	280.894
65	maps/rooms/8room_088.map	512	512	131	291	251	142	261.167
116	maps/rooms/8room_088.map	512	512	509	482	281	204	466.676
116	maps/rooms/8room_088.map	512	512	67	427	392	218	466.777
33	maps/rooms/8room_088.map	512	512	213	235	206	312	135.054
116	maps/rooms/8room_088.map	512	512	431	281	83	201	467.019
116	maps/rooms/8room_088.map	512	512	366	79	439	453	467.978
116	maps/rooms/8room_088.map	512	512	151	487	327	162	467.635
22	maps/rooms/8room_088.map	512	512	505	217	472	151	89.1838
77	maps/rooms/8room_088.map	512	512	25	287	232	392	310.492
32	maps/rooms/8room_088.map	512	512	299	314	341	298	128.225
113	maps/rooms/8room_088.map	512	512	291	428	437	113	453.191
33	maps/rooms/8room_088.map	512	512	356	375	315	436	135.397
82	maps/rooms/8room_088.map	512	512	332	423	133	235	330.12
50	maps/rooms/8room_088.map	512	512	454	380	317	346	201.61
115	maps/rooms/8room_088.map	512	512	124	489	273	130	463.99
23	maps/rooms/8room_088.map	512	512	100	175	183	158	95.3553
66	maps/rooms/8room_088.map	512	512	164	254	232	458	265.38
103	maps/rooms/8room_088.map	512	512	424	258	164	90	412.576
98	maps/rooms/8room_088.map	512	512	330	239	390	489	393.362
96	maps/rooms/8room_088.map	512	512	237	213	3	27	386.392
115	maps/rooms/8room_088.map	512	512	443	506	183	253	463.96
41	maps/rooms/8room_088.map	512	512	162	270	55	293	165.782
50	maps/rooms/8room_088.map	512	512	230	443	86	482	201.853
72	maps/rooms/8room_088.map	512	512	363	360	188	488	288.279
77	maps/rooms/8room_088.map	512	512	508	274	275	218	310.137
100	maps/rooms/8room_088.map	512	512	419	330	174	163	403.362
101	maps/rooms/8room_088.map	512	512	106	86	381	189	405.907
92	maps/rooms/8room_088.map	512	512	75	425	249	194	368.907
115	maps/rooms/8room_088.map	512	512	207	27	66	350	463.179
91	maps/rooms/8room_088.map	512	512	275	74	462	293	367.12
115	maps/rooms/8room_088.map	512	512	226	452	283	73	463.948
114	maps/rooms/8room_088.map	512	512	166	461	420	249	458.032
115	maps/rooms/8room_088.map	512	512	40	340	341	172	463.877
68	maps/rooms/8room_088.map	512	512	343	170	155	206	275.865
86	maps/rooms/8room_088.map	512	512	189	233	383	67	344.936
25	maps/rooms/8room_088.map	512	512	159	301	186	382	103.841
46	maps/rooms/8room_088.map	512	512	238	163	116	228	184.64
60	maps/rooms/8room_088.map	512	512	263	196	377	59	240.238
34	maps/rooms/8room_088.map	512	512	13	36	74	93	139.74
84	maps/rooms/8room_088.map	512	512	310	311	236	43	336.25
59	maps/rooms/8room_088.map	512	512	34	205	147	309	238.095
115	maps/rooms/8room_088.map	512	512	115	499	262	164	463.304
16	maps/rooms/8room_088.map	512	512	135	323	155	291	64.8701
46	maps/rooms/8room_088.map	512	512	286	285	293	410	185.397
66	maps/rooms/8room_088.map	512	512	329	190	458	348	266.196
102	maps/rooms/8room_088.map	512	512	390	351	93	360	409.605
87	maps/rooms/8room_088.map	512	512	207	97	30	131	351.007
10	maps/rooms/8room_088.map	512	512	15	324	11	301	42.0711
34	maps/rooms/8room_088.map	512	512	250	507	178	436	138.983
52	maps/rooms/8room_088.map	512	512	185	502	6	493	211.054
111	maps/rooms/8room_088.map	512	512	157	363	439	228	447.291
97	maps/rooms/8room_088.map	512	512	172	455	331	291	388.161
115	maps/rooms/8room_088.map	512	512	334	349	118	40	463.233
65	maps/rooms/8room_088.map	512	512	110	106	5	138	261.995
64	maps/rooms/8room_088.map	512	512	277	181	236	384	259.238
102	maps/rooms/8room_088.map	512	512	170	181	6	418	408.664
115	maps/rooms/8room_088.map	512	512	326	34	418	386	463.907
83	maps/rooms/8room_088.map	512	512	155	164	401	166	334.108
113	maps/rooms/8room_088.map	512	512	299	63	103	356	453.919
97	maps/rooms/8room_088.map	512	512	167	191	20	450	389.664
13	maps/rooms/8room_088.map	512	512	179	296	172	254	55.2843
114	maps/rooms/8room_088.map	512	512	371	383	168	169	459.718
80	maps/rooms/8room_088.map	512	512	147	332	349	392	323.764
112	maps/rooms/8room_088.map	512	512	46	315	374	195	449.706
56	maps/rooms/8room_088.map	512	512	488	174	388	327	224.723
78	maps/rooms/8room_088.map	512	512	412	42	350	303	314.38
35	maps/rooms/8room_088.map	512	512	247	83	168	26	141.882
114	maps/rooms/8room_088.map	512	512	195	39	166	386	458.877
93	maps/rooms/8room_088.map	512	512	202	122	226	431	373.735
91	maps/rooms/8room_088.map	512	512	188	303	430	143	366.049
80	maps/rooms/8room_088.map	512	512	190	48	137	302	321.066
114	maps/rooms/8room_088.map	512	512	146	175	367	460	459.061
38	maps/rooms/8room_088.map	512	512	430	137	394	82	152.255
68	maps/rooms/8room_088.map	512	512	134	437	327	339	274.723
70	maps/rooms/8room_088.map	512	512	425	275	231	201	281.664
114	maps/rooms/8room_088.map	512	512	462	455	286	150	459.333
63	maps/rooms/8room_088.map	512	512	396	147	279	58	255.966
73	maps/rooms/8room_088.map	512	512	111	451	269	327	292.066
113	maps/rooms/8room_088.map	512	512	297	9	258	374	455.848
72	maps/rooms/8room_088.map	512	512	82	294	297	252	288.137
57	maps/rooms/8room_088.map	512	512	147	44	244	184	231.167
104	maps/rooms/8room_088.map	512	512	461	210	132	335	418.007
78	maps/rooms/8room_088.map	512	512	335	319	477	125	313.622
64	maps/rooms/8room_088.map	512	512	217	45	278	245	259.894
43	maps/rooms/8room_088.map	512	512	248	392	131	442	174.296
63	maps/rooms/8room_088.map	512	512	275	232	437	348	252.309
96	maps/rooms/8room_088.map	512	512	470	319	265	440	384.877
113	maps/rooms/8room_088.map	512	512	262	9	425	292	454.978
79	maps/rooms/8room_088.map	512	512	399	233	495	457	316.108
112	maps/rooms/8room_088.map	512	512	169	147	2	445	449.877
113	maps/rooms/8room_088.map	512	512	414	47	455	420	455.563
12	maps/rooms/8room_088.map	512	512	247	54	269	89	48.6985
96	maps/rooms/8room_088.map	512	512	199	415	346	195	387.534
107	maps/rooms/8room_088.map	512	512	234	244	485	424	428.505
113	maps/rooms/8room_088.map	512	512	324	95	307	448	455.019
37	maps/rooms/8room_088.map	512	512	432	277	484	286	149.225
67	maps/rooms/8room_088.map	512	512	53	413	243	306	270.966
60	maps/rooms/8room_088.map	512	512	118	41	324	85	243.782
113	maps/rooms/8room_088.map	512	512	46	14	229	347	455.889
108	maps/rooms/8room_088.map	512	512	190	295	495	431	433.978
51	maps/rooms/8room_088.map	512	512	218	360	339	246	206.439
51	maps/rooms/8room_088.map	512	512	343	140	201	103	205.953
113	maps/rooms/8room_088.map	512	512	278	47	69	315	455.333
96	maps/rooms/8room_088.map	512	512	19	301	282	374	385.948
98	maps/rooms/8room_088.map	512	512	237	370	495	194	392.492
35	maps/rooms/8room_088.map	512	512	371	282	451	348	140.083
112	maps/rooms/8room_088.map	512	512	428	30	201	297	451.12
85	maps/rooms/8room_088.map	512	512	157	413	28	186	340.794
112	maps/rooms/8room_088.map	512	512	485	98	171	157	450.706
27	maps/rooms/8room_088.map	512	512	421	133	456	143	110.012
99	maps/rooms/8room_088.map	512	512	508	430	323	194	399.735
64	maps/rooms/8room_088.map	512	512	235	499	36	410	258.693
56	maps/rooms/8room_088.map	512	512	474	493	507	331	227.995
112	maps/rooms/8room_088.map	512	512	247	278	485	26	451.948
88	maps/rooms/8room_088.map	512	512	327	242	108	60	355.978
69	maps/rooms/8room_088.map	512	512	301	163	141	307	279.279
81	maps/rooms/8room_088.map	512	512	220	163	327	381	326.037
35	maps/rooms/8room_088.map	512	512	89	244	127	211	142.154
78	maps/rooms/8room_088.map	512	512	255	404	445	462	314.451
64	maps/rooms/8room_088.map	512	512	359	299	419	101	259.681
57	maps/rooms/8room_088.map	512	512	148	10	229	173	228.409
7	maps/rooms/8room_088.map	512	512	295	359	302	330	31.8995
112	maps/rooms/8room_088.map	512	512	463	9	310	332	451.463
112	maps/rooms/8room_088.map	512	512	253	55	439	354	451.877
56	maps/rooms/8room_088.map	512	512	331	137	459	141	225.095
112	maps/rooms/8room_088.map	512	512	495	39	275	343	451.647
62	maps/rooms/8room_088.map	512	512	215	306	154	123	248.309
112	maps/rooms/8room_088.map	512	512	134	150	447	15	451.404
16	maps/rooms/8room_088.map	512	512	98	17	125	71	66.9411
41	maps/rooms/8room_088.map	512	512	223	131	238	95	165.569
57	maps/rooms/8room_088.map	512	512	442	402	374	258	231.823
82	maps/rooms/8room_088.map	512	512	269	126	162	293	330.007
111	maps/rooms/8room_088.map	512	512	434	502	341	159	447.664
111	maps/rooms/8room_088.map	512	512	198	3	416	281	447.706
68	maps/rooms/8room_088.map	512	512	467	469	296	393	272.037
111	maps/rooms/8room_088.map	512	512	509	54	239	283	447.392
111	maps/rooms/8room_088.map	512	512	445	119	242	425	447.333
31	maps/rooms/8room_088.map	512	512	505	389	429	412	127.426
101	maps/rooms/8room_088.map	512	512	310	357	505	127	404.037
110	maps/rooms/8room_088.map	512	512	9	270	309	430	443.019
71	maps/rooms/8room_088.map	512	512	91	418	316	493	285.095
62	maps/rooms/8room_088.map	512	512	488	104	500	309	250.924
110	maps/rooms/8room_088.map	512	512	86	330	393	208	443.534
57	maps/rooms/8room_088.map	512	512	139	280	294	253	231.539
60	maps/rooms/8room_088.map	512	512	5	349	158	346	241.095
110	maps/rooms/8room_088.map	512	512	178	91	48	410	443.291
83	maps/rooms/8room_088.map	512	512	301	189	53	238	333.936
95	maps/rooms/8room_088.map	512	512	299	290	7	218	381.421
77	maps/rooms/8room_088.map	512	512	6	75	213	180	311.137
79	maps/rooms/8room_088.map	512	512	111	60	90	292	317.936
110	maps/rooms/8room_088.map	512	512	399	79	70	31	443.735
110	maps/rooms/8room_088.map	512	512	300	509	135	183	443.919
98	maps/rooms/8room_088.map	512	512	130	14	361	199	393.279
56	maps/rooms/8room_088.map	512	512	425	327	277	387	224.066
92	maps/rooms/8room_088.map	512	512	159	317	452	371	369.693
95	maps/rooms/8room_088.map	512	512	329	351	462	87	383.392
92	maps/rooms/8room_088.map	512	512	149	394	374	221	368.492
17	maps/rooms/8room_088.map	512	512	414	430	375	456	70.6985
53	maps/rooms/8room_088.map	512	512	102	198	245	212	215.811
110	maps/rooms/8room_088.map	512	512	498	44	218	159	443.191
24	maps/rooms/8room_088.map	512	512	191	95	138	35	96.598
68	maps/rooms/8room_088.map	512	512	319	271	155	136	272.865
106	maps/rooms/8room_088.map	512	512	163	354	510	284	424.362
110	maps/rooms/8room_088.map	512	512	423	463	342	131	443.149
64	maps/rooms/8room_088.map	512	512	399	340	335	426	259.338
109	maps/rooms/8room_088.map	512	512	178	125	341	423	439.676
109	maps/rooms/8room_088.map	512	512	311	106	233	453	439.191
109	maps/rooms/8room_088.map	512	512	34	330	332	145	439.392
63	maps/rooms/8room_088.map	512	512	436	509	262	434	254.865
62	maps/rooms/8room_088.map	512	512	345	6	229	135	248.137
40	maps/rooms/8room_088.map	512	512	83	294	69	399	161.912
104	maps/rooms/8room_088.map	512	512	255	99	493	275	418.492
55	maps/rooms/8room_088.map	512	512	191	473	375	490	223.267
84	maps/rooms/8room_088.map	512	512	147	12	373	142	339.522
109	maps/rooms/8room_088.map	512	512	55	279	351	138	439.635
28	maps/rooms/8room_088.map	512	512	414	341	461	283	114.255
76	maps/rooms/8room_088.map	512	512	248	332	346	119	304.48
94	maps/rooms/8room_088.map	512	512	165	35	286	293	376.463
64	maps/rooms/8room_088.map	512	512	404	303	264	159	256.551
109	maps/rooms/8room_088.map	512	512	87	68	197	388	439.706
81	maps/rooms/8room_088.map	512	512	408	436	183	429	327.078
73	maps/rooms/8room_088.map	512	512	30	57	22	173	295.338
109	maps/rooms/8room_088.map	512	512	397	93	127	260	439.291
109	maps/rooms/8room_088.map	512	512	338	388	478	190	439.747
109	maps/rooms/8room_088.map	512	512	235	404	202	100	439.735
108	maps/rooms/8room_088.map	512	512	298	499	51	268	435.22
108	maps/rooms/8room_088.map	512	512	204	506	393	215	435.404
45	maps/rooms/8room_088.map	512	512	276	163	170	85	183.054
108	maps/rooms/8room_088.map	512	512	78	228	364	437	435.818
108	maps/rooms/8room_088.map	512	512	398	10	108	189	435.534
76	maps/rooms/8room_088.map	512	512	62	458	299	505	306.167
90	maps/rooms/8room_088.map	512	512	269	111	389	350	360.907
52	maps/rooms/8room_088.map	512	512	195	132	264	278	210.095
107	maps/rooms/8room_088.map	512	512	101	438	387	224	431.463
107	maps/rooms/8room_088.map	512	512	243	125	155	420	431.291
64	maps/rooms/8room_088.map	512	512	415	351	319	504	259.167
58	maps/rooms/8room_088.map	512	512	306	165	191	50	235.338
70	maps/rooms/8room_088.map	512	512	328	301	494	408	282.421
87	maps/rooms/8room_088.map	512	512	44	462	205	259	351.522
66	maps/rooms/8room_088.map	512	512	59	358	140	178	267.51
54	maps/rooms/8room_088.map	512	512	363	408	210	354	216.095
107	maps/rooms/8room_088.map	512	512	285	25	431	301	431.907
76	maps/rooms/8room_088.map	512	512	276	427	39	403	305.409
107	maps/rooms/8room_088.map	512	512	503	356	201	208	431.848
86	maps/rooms/8room_088.map	512	512	240	361	410	141	344.492
107	maps/rooms/8room_088.map	512	512	197	135	466	359	430.747
55	maps/rooms/8room_088.map	512	512	376	204	250	307	221.61
76	maps/rooms/8room_088.map	512	512	175	72	11	247	305.451
35	maps/rooms/8room_088.map	512	512	122	392	214	335	140.154
99	maps/rooms/8room_088.map	512	512	383	259	406	508	397.605
107	maps/rooms/8room_088.map	512	512	201	501	388	222	431.404
40	maps/rooms/8room_088.map	512	512	190	54	314	99	162.64
106	maps/rooms/8room_088.map	512	512	434	506	183	282	427.718
106	maps/rooms/8room_088.map	512	512	507	410	186	394	427.877
106	maps/rooms/8room_088.map	512	512	328	20	439	354	427.794
38	maps/rooms/8room_088.map	512	512	245	297	158	255	154.882
106	maps/rooms/8room_088.map	512	512	117	87	276	389	427.333
106	maps/rooms/8room_088.map	512	512	365	316	63	315	427.635
39	maps/rooms/8room_088.map	512	512	405	142	509	159	156.497
105	maps/rooms/8room_088.map	512	512	463	151	144	251	423.534
83	maps/rooms/8room_088.map	512	512	290	11	441	218	335.238
74	maps/rooms/8room_088.map	512	512	146	42	295	222	296.279
105	maps/rooms/8room_088.map	512	512	183	219	393	399	423.262
101	maps/rooms/8room_088.map	512	512	392	407	161	300	407.948
105	maps/rooms/8room_088.map	512	512	152	398	436	197	422.806
45	maps/rooms/8room_088.map	512	512	111	360	188	460	183.024
70	maps/rooms/8room_088.map	512	512	283	302	83	393	283.208
22	maps/rooms/8room_088.map	512	512	56	337	67	259	91.1838
105	maps/rooms/8room_088.map	512	512	267	2	187	311	423.676
105	maps/rooms/8room_088.map	512	512	15	237	308	131	423.635
105	maps/rooms/8room_088.map	512	512	47	443	335	261	423.563
29	maps/rooms/8room_088.map	512	512	476	88	403	41	119.255
80	maps/rooms/8room_088.map	512	512	422	201	406	439	323.723
105	maps/rooms/8room_088.map	512	512	69	284	392	231	423.706
104	maps/rooms/8room_088.map	512	512	189	508	376	238	418.605
104	maps/rooms/8room_088.map	512	512	423	434	118	446	419.635
58	maps/rooms/8room_088.map	512	512	340	146	472	7	232.338
91	maps/rooms/8room_088.map	512	512	459	409	187	475	364.593
66	maps/rooms/8room_088.map	512	512	363	263	162	364	266.752
99	maps/rooms/8room_088.map	512	512	157	59	373	303	398.676
104	maps/rooms/8room_088.map	512	512	58	252	387	201	419.019
104	maps/rooms/8room_088.map	512	512	170	29	243	362	419.605
71	maps/rooms/8room_088.map	512	512	456	164	348	42	286.894
55	maps/rooms/8room_088.map	512	512	104	364	253	365	222.61
104	maps/rooms/8room_088.map	512	512	153	487	309	179	419.078
103	maps/rooms/8room_088.map	512	512	442	251	160	63	415.22
103	maps/rooms/8room_088.map	512	512	35	131	210	410	415.505
82	maps/rooms/8room_088.map	512	512	139	344	395	340	330.208
103	maps/rooms/8room_088.map	512	512	427	58	207	291	415.534
55	maps/rooms/8room_088.map	512	512	77	35	214	116	221.296
103	maps/rooms/8room_088.map	512	512	450	38	147	54	415.777
103	maps/rooms/8room_088.map	512	512	155	61	152	417	415.492
80	maps/rooms/8room_088.map	512	512	454	429	428	183	321.723
102	maps/rooms/8room_088.map	512	512	102	36	66	350	411.421
68	maps/rooms/8room_088.map	512	512	462	262	281	181	273.522
74	maps/rooms/8room_088.map	512	512	435	329	408	93	299.995
102	maps/rooms/8room_088.map	512	512	299	511	171	199	411.019
62	maps/rooms/8room_088.map	512	512	427	212	243	164	251.48
33	maps/rooms/8room_088.map	512	512	205	328	172	408	133.426
102	maps/rooms/8room_088.map	512	512	420	495	174	273	411.161
101	maps/rooms/8room_088.map	512	512	430	90	139	68	405.978
102	maps/rooms/8room_088.map	512	512	194	407	430	159	411.747
48	maps/rooms/8room_088.map	512	512	250	444	93	435	195.882
102	maps/rooms/8room_088.map	512	512	440	37	238	284	411.534
102	maps/rooms/8room_088.map	512	512	317	7	431	326	411.451
101	maps/rooms/8room_088.map	512	512	76	434	66	108	407.38
76	maps/rooms/8room_088.map	512	512	469	258	453	68	304.007
101	maps/rooms/8room_088.map	512	512	153	26	72	339	407.279
101	maps/rooms/8room_088.map	512	512	434	19	244	276	407.392
35	maps/rooms/8room_088.map	512	512	156	387	216	287	140.083
67	maps/rooms/8room_088.map	512	512	260	290	471	347	271.966
101	maps/rooms/8room_088.map	512	512	88	195	378	343	407.22
97	maps/rooms/8room_088.map	512	512	290	37	419	332	388.35
62	maps/rooms/8room_088.map	512	512	88	229	146	406	251.167
100	maps/rooms/8room_088.map	512	512	429	430	178	277	403.321
91	maps/rooms/8room_088.map	512	512	57	326	300	169	367.522
84	maps/rooms/8room_088.map	512	512	6	91	60	326	339.309
16	maps/rooms/8room_088.map	512	512	248	278	275	258	65.1838
100	maps/rooms/8room_088.map	512	512	351	222	30	116	403.735
43	maps/rooms/8room_088.map	512	512	71	202	168	284	175.811
100	maps/rooms/8room_088.map	512	512	239	351	487	151	403.764
24	maps/rooms/8room_088.map	512	512	163	493	235	459	98.0833
100	maps/rooms/8room_088.map	512	512	37	239	345	323	403.362
99	maps/rooms/8room_088.map	512	512	121	153	176	471	399.35
75	maps/rooms/8room_088.map	512	512	149	347	125	114	303.752
48	maps/rooms/8room_088.map	512	512	237	499	85	442	193.752
89	maps/rooms/8room_088.map	512	512	477	262	390	28	358.563
99	maps/rooms/8room_088.map	512	512	22	435	120	153	399.037
59	maps/rooms/8room_088.map	512	512	309	387	205	490	238.439
67	maps/rooms/8room_088.map	512	512	264	189	180	0	268.865
63	maps/rooms/8room_088.map	512	512	316	169	169	306	254.309
35	maps/rooms/8room_088.map	512	512	356	118	392	3	140.64
23	maps/rooms/8room_088.map	512	512	253	260	316	260	95.4264
62	maps/rooms/8room_088.map	512	512	441	387	310	395	249.024
98	maps/rooms/8room_088.map	512	512	460	167	242	376	395.09
16	maps/rooms/8room_088.map	512	512	106	114	139	76	67.5269
62	maps/rooms/8room_088.map	512	512	351	23	262	7	250.137
98	maps/rooms/8room_088.map	512	512	291	383	424	102	395.664
98	maps/rooms/8room_088.map	512	512	106	93	337	255	395.291
98	maps/rooms/8room_088.map	512	512	198	375	347	139	395.492
61	maps/rooms/8room_088.map	512	512	171	469	12	361	246.782
73	maps/rooms/8room_088.map	512	512	300	382	127	216	295.108
89	maps/rooms/8room_088.map	512	512	283	194	325	390	359.723
97	maps/rooms/8room_088.map	512	512	340	390	113	270	391.25
97	maps/rooms/8room_088.map	512	512	397	50	237	311	390.907
97	maps/rooms/8room_088.map	512	512	99	386	167	98	391.764
97	maps/rooms/8room_088.map	512	512	57	307	318	154	391.421
95	maps/rooms/8room_088.map	512	512	180	51	443	132	383.12
50	maps/rooms/8room_088.map	512	512	195	102	85	181	200.539
30	maps/rooms/8room_088.map	512	512	379	255	287	217	121.841
45	maps/rooms/8room_088.map	512	512	115	223	6	215	182.054
66	maps/rooms/8room_088.map	512	512	380	308	188	279	266.924
79	maps/rooms/8room_088.map	512	512	219	28	390	94	319.007
97	maps/rooms/8room_088.map	512	512	281	119	110	367	391.635
29	maps/rooms/8room_088.map	512	512	404	328	442	403	118.841
94	maps/rooms/8room_088.map	512	512	56	251	356	214	379.291
35	maps/rooms/8room_088.map	512	512	117	287	167	284	142.64
86	maps/rooms/8room_088.map	512	512	469	162	287	121	345.836
94	maps/rooms/8room_088.map	512	512	25	378	324	484	379.936
94	maps/rooms/8room_088.map	512	512	244	350	396	108	379.563
94	maps/rooms/8room_088.map	512	512	155	86	48	367	379.622
53	maps/rooms/8room_088.map	512	512	414	82	466	222	213.882
16	maps/rooms/8room_088.map	512	512	418	355	396	391	67.0122
36	maps/rooms/8room_088.map	512	512	94	59	163	132	147.255
82	maps/rooms/8room_088.map	512	512	46	348	279	456	330.279
61	maps/rooms/8room_088.map	512	512	325	157	433	314	244.681
20	maps/rooms/8room_088.map	512	512	194	82	190	59	83.0416
94	maps/rooms/8room_088.map	512	512	31	154	224	333	379.563
94	maps/rooms/8room_088.map	512	512	388	354	204	191	379.877
93	maps/rooms/8room_088.map	512	512	50	511	300	334	375.978
58	maps/rooms/8room_088.map	512	512	438	344	422	169	233.125
69	maps/rooms/8room_088.map	512	512	138	454	110	250	279.581
93	maps/rooms/8room_088.map	512	512	436	371	234	162	375.877
17	maps/rooms/8room_088.map	512	512	158	88	214	103	68.5563
57	maps/rooms/8room_088.map	512	512	210	141	61	236	230.752
93	maps/rooms/8room_088.map	512	512	36	151	267	328	375.463
36	maps/rooms/8room_088.map	512	512	351	149	419	227	144.125
93	maps/rooms/8room_088.map	512	512	376	105	164	258	375.551
93	maps/rooms/8room_088.map	512	512	338	446	452	230	374.735
93	maps/rooms/8room_088.map	512	512	68	478	307	283	374.836
48	maps/rooms/8room_088.map	512	512	138	258	157	92	193.468
91	maps/rooms/8room_088.map	512	512	18	45	324	66	366.865
91	maps/rooms/8room_088.map	512	512	354	155	398	396	366.764
91	maps/rooms/8room_088.map	512	512	374	170	130	337	367.735
56	maps/rooms/8room_088.map	512	512	499	55	399	154	224.539
90	maps/rooms/8room_088.map	512	512	55	405	254	200	363.463
90	maps/rooms/8room_088.map	512	512	496	121	291	333	363.735
90	maps/rooms/8room_088.map	512	512	424	99	204	251	363.664
90	maps/rooms/8room_088.map	512	512	143	499	226	230	363.421
41	maps/rooms/8room_088.map	512	512	223	135	307	239	164.953
90	maps/rooms/8room_088.map	512	512	230	467	278	175	363.078
86	maps/rooms/8room_088.map	512	512	14	367	238	283	344.693
74	maps/rooms/8room_088.map	512	512	165	275	223	59	299.238
40	maps/rooms/8room_088.map	512	512	322	222	462	217	162.012
61	maps/rooms/8room_088.map	512	512	53	415	14	210	246.409
55	maps/rooms/8room_088.map	512	512	250	300	363	188	223.752
26	maps/rooms/8room_088.map	512	512	255	235	280	159	104.355
90	maps/rooms/8room_088.map	512	512	166	58	295	301	363.321
82	maps/rooms/8room_088.map	512	512	373	231	174	391	328.723
66	maps/rooms/8room_088.map	512	512	53	34	38	229	264.853
24	maps/rooms/8room_088.map	512	512	478	230	442	285	98.1127
55	maps/rooms/8room_088.map	512	512	162	282	248	434	223.723
89	maps/rooms/8room_088.map	512	512	391	186	137	335	359.149
89	maps/rooms/8room_088.map	512	512	435	47	307	290	359.007
41	maps/rooms/8room_088.map	512	512	43	108	154	172	167.125
89	maps/rooms/8room_088.map	512	512	458	308	201	218	359.735
89	maps/rooms/8room_088.map	512	512	468	466	404	182	359.723
89	maps/rooms/8room_088.map	512	512	60	121	341	219	359.593
76	maps/rooms/8room_088.map	512	512	87	380	268	228	306.037
49	maps/rooms/8room_088.map	512	512	396	436	412	343	198.095
89	maps/rooms/8room_088.map	512	512	319	20	144	231	359.078
88	maps/rooms/8room_088.map	512	512	439	442	292	236	355.978
73	maps/rooms/8room_088.map	512	512	91	57	188	254	292.794
88	maps/rooms/8room_088.map	512	512	313	133	165	387	355.764
68	maps/rooms/8room_088.map	512	512	239	216	34	287	272.208
88	maps/rooms/8room_088.map	512	512	34	61	284	201	355.764
88	maps/rooms/8room_088.map	512	512	374	89	301	353	355.309
71	maps/rooms/8room_088.map	512	512	395	284	204	343	287.966
74	maps/rooms/8room_088.map	512	512	499	211	258	276	299.095
87	maps/rooms/8room_088.map	512	512	95	447	339	332	348.179
88	maps/rooms/8room_088.map	512	512	52	4	91	268	355.551
40	maps/rooms/8room_088.map	512	512	25	380	56	244	162.497
41	maps/rooms/8room_088.map	512	512	219	406	101	469	165.368
88	maps/rooms/8room_088.map	512	512	447	183	249	396	355.877
34	maps/rooms/8room_088.map	512	512	154	331	247	274	136.326
20	maps/rooms/8room_088.map	512	512	476	43	463	106	82.5269
59	maps/rooms/8room_088.map	512	512	220	330	67	351	239.48
88	maps/rooms/8room_088.map	512	512	282	92	431	326	354.966
87	maps/rooms/8room_088.map	512	512	79	474	345	398	350.936
87	maps/rooms/8room_088.map	512	512	371	162	130	232	351.593
67	maps/rooms/8room_088.map	512	512	285	390	267	181	271.995
71	maps/rooms/8room_088.map	512	512	197	110	37	222	285.966
86	maps/rooms/8room_088.map	512	512	280	53	268	347	347.279
64	maps/rooms/8room_088.map	512	512	30	243	149	395	258.681
52	maps/rooms/8room_088.map	512	512	511	215	334	263	210.497
86	maps/rooms/8room_088.map	512	512	487	69	297	216	347.451
82	maps/rooms/8room_088.map	512	512	309	420	142	218	329.149
86	maps/rooms/8room_088.map	512	512	341	173	142	335	347.35
85	maps/rooms/8room_088.map	512	512	264	437	39	313	343.007
85	maps/rooms/8room_088.map	512	512	454	73	310	308	343.25
84	maps/rooms/8room_088.map	512	512	437	462	208	348	339.735
83	maps/rooms/8room_088.map	512	512	134	93	357	108	335.865
83	maps/rooms/8room_088.map	512	512	472	90	253	236	335.108
83	maps/rooms/8room_088.map	512	512	24	155	247	170	335.279
83	maps/rooms/8room_088.map	512	512	172	410	120	159	334.723
82	maps/rooms/8room_088.map	512	512	477	229	208	251	331.108
81	maps/rooms/8room_088.map	512	512	131	26	343	180	327.966
55	maps/rooms/8room_088.map	512	512	267	253	153	340	220.338
81	maps/rooms/8room_088.map	512	512	412	221	159	164	327.865
64	maps/rooms/8room_088.map	512	512	356	341	427	494	259.338
81	maps/rooms/8room_088.map	512	512	87	159	229	341	327.806
81	maps/rooms/8room_088.map	512	512	98	142	341	255	327.865
81	maps/rooms/8room_088.map	512	512	71	346	255	194	327.48
81	maps/rooms/8room_088.map	512	512	70	379	319	332	327.806
37	maps/rooms/8room_088.map	512	512	397	159	430	269	148.64
80	maps/rooms/8room_088.map	512	512	492	12	370	251	323.593
64	maps/rooms/8room_088.map	512	512	99	57	306	108	259.681
80	maps/rooms/8room_088.map	512	512	489	391	298	223	323.593
80	maps/rooms/8room_088.map	512	512	509	291	246	281	323.108
80	maps/rooms/8room_088.map	512	512	197	199	363	89	322.894
54	maps/rooms/8room_088.map	512	512	195	349	266	188	219.581
20	maps/rooms/8room_088.map	512	512	312	475	326	427	80.0416
79	maps/rooms/8room_088.map	512	512	85	254	293	396	319.279
78	maps/rooms/8room_088.map	512	512	374	453	189	298	314.735
78	maps/rooms/8room_088.map	512	512	457	199	455	455	315.723
78	maps/rooms/8room_088.map	512	512	40	400	271	300	315.693
78	maps/rooms/8room_088.map	512	512	261	179	109	370	315.35
77	maps/rooms/8room_088.map	512	512	124	425	169	170	311.137
77	maps/rooms/8room_088.map	512	512	102	346	335	228	311.551
76	maps/rooms/8room_088.map	512	512	416	281	160	312	307.693
76	maps/rooms/8room_088.map	512	512	305	231	127	409	306.794
63	maps/rooms/8room_088.map	512	512	332	104	399	293	254.811
75	maps/rooms/8room_088.map	512	512	156	399	386	342	302.622
75	maps/rooms/8room_088.map	512	512	86	435	330	490	303.066
75	maps/rooms/8room_088.map	512	512	392	16	216	159	303.451
75	maps/rooms/8room_088.map	512	512	63	366	239	227	302.681
75	maps/rooms/8room_088.map	512	512	191	36	176	277	303.723
75	maps/rooms/8room_088.map	512	512	106	229	339	323	303.936
75	maps/rooms/8room_088.map	512	512	462	34	335	227	303.581
75	maps/rooms/8room_088.map	512	512	422	252	214	157	302.764
75	maps/rooms/8room_088.map	512	512	423	450	228	349	303.664
30	maps/rooms/8room_088.map	512	512	297	78	373	140	123.296
74	maps/rooms/8room_088.map	512	512	26	171	207	102	299.137
74	maps/rooms/8room_088.map	512	512	355	126	438	359	299.095
74	maps/rooms/8room_088.map	512	512	141	282	169	31	299.995
36	maps/rooms/8room_088.map	512	512	307	509	363	408	146.598
59	maps/rooms/8room_088.map	512	512	332	189	401	2	239.439
61	maps/rooms/8room_088.map	512	512	60	287	117	102	246.267
12	maps/rooms/8room_088.map	512	512	39	85	7	77	48.0416
43	maps/rooms/8room_088.map	512	512	312	254	190	210	173.882
74	maps/rooms/8room_088.map	512	512	189	329	72	117	298.664
74	maps/rooms/8room_088.map	512	512	367	466	389	253	299.995
73	maps/rooms/8room_088.map	512	512	323	438	106	393	295.48
73	maps/rooms/8room_088.map	512	512	427	140	236	165	295.38
71	maps/rooms/8room_088.map	512	512	216	349	403	471	285.108
73	maps/rooms/8room_088.map	512	512	56	191	245	312	295.622
73	maps/rooms/8room_088.map	512	512	285	22	229	246	295.48
73	maps/rooms/8room_088.map	512	512	63	403	271	297	295.38
45	maps/rooms/8room_088.map	512	512	262	261	387	191	182.439
72	maps/rooms/8room_088.map	512	512	50	197	284	128	291.894
72	maps/rooms/8room_088.map	512	512	430	424	330	239	290.622
72	maps/rooms/8room_088.map	512	512	136	30	342	151	291.652
72	maps/rooms/8room_088.map	512	512	90	295	256	134	291.108
50	maps/rooms/8room_088.map	512	512	234	179	214	317	202.995
71	maps/rooms/8room_088.map	512	512	39	14	149	221	287.108
70	maps/rooms/8room_088.map	512	512	490	477	268	451	283.078
70	maps/rooms/8room_088.map	512	512	63	29	150	242	283.38
70	maps/rooms/8room_088.map	512	512	274	195	439	350	283.522
69	maps/rooms/8room_088.map	512	512	487	100	431	318	279.137
52	maps/rooms/8room_088.map	512	512	424	425	333	334	209.681
69	maps/rooms/8room_088.map	512	512	255	216	298	420	279.894
69	maps/rooms/8room_088.map	512	512	92	223	290	218	279.51
69	maps/rooms/8room_088.map	512	512	403	374	230	309	279.681
69	maps/rooms/8room_088.map	512	512	58	429	72	202	279.368
36	maps/rooms/8room_088.map	512	512	170	130	250	122	144.527
69	maps/rooms/8room_088.map	512	512	327	152	110	139	278.894
67	maps/rooms/8room_088.map	512	512	78	307	157	105	270.823
67	maps/rooms/8room_088.map	512	512	36	142	263	186	271.853
67	maps/rooms/8room_088.map	512	512	291	500	307	289	271.409
63	maps/rooms/8room_088.map	512	512	132	467	291	334	255.037
63	maps/rooms/8room_088.map	512	512	25	242	216	153	255.338
59	maps/rooms/8room_088.map	512	512	153	344	232	431	239.137
42	maps/rooms/8room_088.map	512	512	131	350	196	269	171.74
63	maps/rooms/8room_088.map	512	512	205	223	108	35	255.267
62	maps/rooms/8room_088.map	512	512	435	360	294	463	251.137
61	maps/rooms/8room_088.map	512	512	31	388	80	202	247.61
61	maps/rooms/8room_088.map	512	512	99	242	196	90	246.681
61	maps/rooms/8room_088.map	512	512	373	300	221	158	247.137
59	maps/rooms/8room_088.map	512	512	402	211	235	162	239.823
58	maps/rooms/8room_088.map	512	512	29	224	211	250	235.539
4	maps/rooms/8room_088.map	512	512	163	330	173	340	16.4853
58	maps/rooms/8room_088.map	512	512	12	380	199	393	235.966
58	maps/rooms/8room_088.map	512	512	501	45	357	114	234.924
58	maps/rooms/8room_088.map	512	512	268	212	159	86	234.966
57	maps/rooms/8room_088.map	512	512	18	330	118	170	231.338
54	maps/rooms/8room_088.map	512	512	173	35	333	118	219.368
20	maps/rooms/8room_088.map	512	512	195	85	186	58	80.8701
38	maps/rooms/8room_088.map	512	512	389	327	507	377	153.983
54	maps/rooms/8room_088.map	512	512	88	404	259	451	219.439
54	maps/rooms/8room_088.map	512	512	136	373	168	242	219.267
54	maps/rooms/8room_088.map	512	512	311	174	157	258	219.882
37	maps/rooms/8room_088.map	512	512	351	314	281	247	150.154
53	maps/rooms/8room_088.map	512	512	489	344	306	335	215.439
53	maps/rooms/8room_088.map	512	512	151	6	277	95	215.61
53	maps/rooms/8room_088.map	512	512	313	319	420	182	215.581
52	maps/rooms/8room_088.map	512	512	298	381	162	260	211.551
52	maps/rooms/8room_088.map	512	512	133	93	289	94	211.125
33	maps/rooms/8room_088.map	512	512	392	261	314	249	132.569
52	maps/rooms/8room_088.map	512	512	361	259	217	154	211.752
51	maps/rooms/8room_088.map	512	512	26	172	135	266	207.61
51	maps/rooms/8room_088.map	512	512	328	124	163	63	207.054
51	maps/rooms/8room_088.map	512	512	190	134	334	167	207.167
51	maps/rooms/8room_088.map	512	512	332	71	210	153	207.196
51	maps/rooms/8room_088.map	512	512	11	132	95	270	207.882
51	maps/rooms/8room_088.map	512	512	345	499	172	494	207.924
50	maps/rooms/8room_088.map	512	512	154	213	237	361	203.167
31	maps/rooms/8room_088.map	512	512	175	237	120	162	124.326
50	maps/rooms/8room_088.map	512	512	293	63	142	51	203.61
49	maps/rooms/8room_088.map	512	512	386	117	288	94	199.024
49	maps/rooms/8room_088.map	512	512	266	111	370	90	199.711
49	maps/rooms/8room_088.map	512	512	167	298	237	437	199.752
49	maps/rooms/8room_088.map	512	512	396	61	310	177	199.296
49	maps/rooms/8room_088.map	512	512	366	230	298	362	199.054
49	maps/rooms/8room_088.map	512	512	478	18	428	177	199.225
48	maps/rooms/8room_088.map	512	512	174	282	291	394	195.652
48	maps/rooms/8room_088.map	512	512	396	52	306	168	195.681
48	maps/rooms/8room_088.map	512	512	504	394	352	323	195.368
48	maps/rooms/8room_088.map	512	512	249	103	188	177	195.468
47	maps/rooms/8room_088.map	512	512	419	133	418	282	191.983
47	maps/rooms/8room_088.map	512	512	478	426	441	277	191.296
41	maps/rooms/8room_088.map	512	512	331	223	332	119	165.669
47	maps/rooms/8room_088.map	512	512	109	280	148	142	191.61
47	maps/rooms/8room_088.map	512	512	298	140	239	283	191.782
47	maps/rooms/8room_088.map	512	512	187	19	286	149	191.167
47	maps/rooms/8room_088.map	512	512	505	411	370	331	191.468
47	maps/rooms/8room_088.map	512	512	87	182	249	178	191.397
25	maps/rooms/8room_088.map	512	512	119	110	140	198	103.77
47	maps/rooms/8room_088.map	512	512	111	76	107	179	191.61
47	maps/rooms/8room_088.map	512	512	449	53	490	192	191.397
46	maps/rooms/8room_088.map	512	512	411	315	298	223	187.267
30	maps/rooms/8room_088.map	512	512	290	282	221	334	121.669
46	maps/rooms/8room_088.map	512	512	335	229	433	327	187.439
46	maps/rooms/8room_088.map	512	512	139	40	237	165	187.267
46	maps/rooms/8room_088.map	512	512	175	118	182	281	186.811
46	maps/rooms/8room_088.map	512	512	122	53	196	188	187.811
46	maps/rooms/8room_088.map	512	512	42	292	121	164	187.125
46	maps/rooms/8room_088.map	512	512	452	157	398	275	187.296
45	maps/rooms/8room_088.map	512	512	148	225	255	135	182.782
41	maps/rooms/8room_088.map	512	512	280	402	290	298	167.296
45	maps/rooms/8room_088.map	512	512	151	43	220	159	183.024
45	maps/rooms/8room_088.map	512	512	325	372	351	287	183.368
44	maps/rooms/8room_088.map	512	512	26	499	131	407	179.468
18	maps/rooms/8room_088.map	512	512	439	467	490	482	72.7696
44	maps/rooms/8room_088.map	512	512	6	310	83	191	179.64
44	maps/rooms/8room_088.map	512	512	399	154	444	14	179.125
44	maps/rooms/8room_088.map	512	512	210	342	171	193	179.64
44	maps/rooms/8room_088.map	512	512	78	479	218	454	179.711
16	maps/rooms/8room_088.map	512	512	140	89	165	58	66.0416
44	maps/rooms/8room_088.map	512	512	382	389	430	305	179.296
11	maps/rooms/8room_088.map	512	512	413	179	443	205	44.2843
44	maps/rooms/8room_088.map	512	512	251	237	174	344	179.823
43	maps/rooms/8room_088.map	512	512	101	204	178	307	175.782
43	maps/rooms/8room_088.map	512	512	68	15	107	143	175.024
43	maps/rooms/8room_088.map	512	512	0	182	98	270	175.054
42	maps/rooms/8room_088.map	512	512	29	158	111	202	171.64
26	maps/rooms/8room_088.map	512	512	258	204	329	223	107.74
42	maps/rooms/8room_088.map	512	512	276	447	303	325	171.468
42	maps/rooms/8room_088.map	512	512	470	499	439	362	171.397
42	maps/rooms/8room_088.map	512	512	180	251	196	389	171.054
42	maps/rooms/8room_088.map	512	512	290	409	183	323	170.782
40	maps/rooms/8room_088.map	512	512	263	408	130	406	163.569
42	maps/rooms/8room_088.map	512	512	460	329	319	332	171.983
42	maps/rooms/8room_088.map	512	512	232	296	313	375	171.095
12	maps/rooms/8room_088.map	512	512	167	381	157	419	50.7279
41	maps/rooms/8room_088.map	512	512	196	111	219	165	167.711
29	maps/rooms/8room_088.map	512	512	286	101	204	47	119.296
41	maps/rooms/8room_088.map	512	512	358	5	370	135	167.054
21	maps/rooms/8room_088.map	512	512	173	232	179	304	86.4264
41	maps/rooms/8room_088.map	512	512	267	220	352	138	167.225
21	maps/rooms/8room_088.map	512	512	372	436	355	412	87.2843
40	maps/rooms/8room_088.map	512	512	109	124	150	251	163.397
40	maps/rooms/8room_088.map	512	512	351	395	292	368	163.054
40	maps/rooms/8room_088.map	512	512	142	317	263	263	163.811
39	maps/rooms/8room_088.map	512	512	217	461	347	481	159.882
39	maps/rooms/8room_088.map	512	512	483	165	379	98	159.569
39	maps/rooms/8room_088.map	512	512	104	461	216	414	158.782
39	maps/rooms/8room_088.map	512	512	40	85	117	43	159.569
39	maps/rooms/8room_088.map	512	512	181	436	80	358	159.711
39	maps/rooms/8room_088.map	512	512	249	184	357	264	158.711
38	maps/rooms/8room_088.map	512	512	121	40	198	147	155.296
38	maps/rooms/8room_088.map	512	512	124	351	243	309	155.326
38	maps/rooms/8room_088.map	512	512	418	132	327	162	155.569
38	maps/rooms/8room_088.map	512	512	149	444	249	368	155.439
37	maps/rooms/8room_088.map	512	512	29	376	150	392	151.267
37	maps/rooms/8room_088.map	512	512	36	264	156	258	151.539
37	maps/rooms/8room_088.map	512	512	226	19	311	95	151.225
34	maps/rooms/8room_088.map	512	512	269	426	237	388	136.912
27	maps/rooms/8room_088.map	512	512	265	446	183	413	108.255
37	maps/rooms/8room_088.map	512	512	19	283	145	251	151.539
36	maps/rooms/8room_088.map	512	512	367	286	442	357	147.882
36	maps/rooms/8room_088.map	512	512	373	242	295	329	147.569
34	maps/rooms/8room_088.map	512	512	36	508	109	432	139.669
34	maps/rooms/8room_088.map	512	512	37	3	68	120	139.154
33	maps/rooms/8room_088.map	512	512	242	222	351	216	135.225
33	maps/rooms/8room_088.map	512	512	173	480	169	364	135.598
32	maps/rooms/8room_088.map	512	512	268	372	313	282	131.468
32	maps/rooms/8room_088.map	512	512	437	418	430	303	130.77
32	maps/rooms/8room_088.map	512	512	323	462	381	435	131.811
32	maps/rooms/8room_088.map	512	512	416	455	469	386	131.74
32	maps/rooms/8room_088.map	512	512	507	67	442	145	131.184
32	maps/rooms/8room_088.map	512	512	174	89	174	203	131.154
32	maps/rooms/8room_088.map	512	512	390	374	392	399	131.225
31	maps/rooms/8room_088.map	512	512	331	212	396	151	127.255
31	maps/rooms/8room_088.map	512	512	377	419	325	427	127.74
31	maps/rooms/8room_088.map	512	512	194	79	165	128	127.012
22	maps/rooms/8room_088.map	512	512	295	221	265	148	91.1838
31	maps/rooms/8room_088.map	512	512	459	472	440	363	127.497
31	maps/rooms/8room_088.map	512	512	40	506	102	434	127.598
31	maps/rooms/8room_088.map	512	512	365	408	389	403	127.669
30	maps/rooms/8room_088.map	512	512	350	383	295	402	123.213
30	maps/rooms/8room_088.map	512	512	125	278	154	303	123.598
30	maps/rooms/8room_088.map	512	512	404	475	325	427	122.74
29	maps/rooms/8room_088.map	512	512	63	35	87	130	119.912
29	maps/rooms/8room_088.map	512	512	340	462	273	451	119.64
29	maps/rooms/8room_088.map	512	512	106	127	142	215	119.497
29	maps/rooms/8room_088.map	512	512	344	450	404	392	118.669
29	maps/rooms/8room_088.map	512	512	322	509	297	404	119.698
29	maps/rooms/8room_088.map	512	512	362	238	303	285	119.154
28	maps/rooms/8room_088.map	512	512	374	455	301	426	114.912
28	maps/rooms/8room_088.map	512	512	424	195	326	213	115.255
28	maps/rooms/8room_088.map	512	512	91	293	55	211	115.598
28	maps/rooms/8room_088.map	512	512	245	98	278	182	115.669
28	maps/rooms/8room_088.map	512	512	215	126	175	124	115.355
28	maps/rooms/8room_088.map	512	512	228	405	278	338	115.569
28	maps/rooms/8room_088.map	512	512	150	307	146	218	115.87
28	maps/rooms/8room_088.map	512	512	73	398	169	388	115.882
28	maps/rooms/8room_088.map	512	512	260	7	262	85	114.77
27	maps/rooms/8room_088.map	512	512	243	253	302	313	111.083
27	maps/rooms/8room_088.map	512	512	47	18	68	111	111.841
27	maps/rooms/8room_088.map	512	512	479	220	437	291	111.669
27	maps/rooms/8room_088.map	512	512	251	106	278	188	111.184
27	maps/rooms/8room_088.map	512	512	383	264	298	223	111.841
26	maps/rooms/8room_088.map	512	512	27	427	91	383	107.841
26	maps/rooms/8room_088.map	512	512	453	489	442	400	107.012
26	maps/rooms/8room_088.map	512	512	424	229	342	218	106.841
26	maps/rooms/8room_088.map	512	512	406	12	324	38	107.841
26	maps/rooms/8room_088.map	512	512	380	9	303	59	107.083
26	maps/rooms/8room_088.map	512	512	351	415	287	392	107.527
26	maps/rooms/8room_088.map	512	512	235	162	229	243	107.083
25	maps/rooms/8room_088.map	512	512	182	178	93	201	102.87
25	maps/rooms/8room_088.map	512	512	430	408	395	344	103.184
25	maps/rooms/8room_088.map	512	512	124	223	188	164	103.912
25	maps/rooms/8room_088.map	512	512	355	226	281	204	102.87
25	maps/rooms/8room_088.map	512	512	93	61	164	89	102.941
25	maps/rooms/8room_088.map	512	512	247	194	271	280	103.113
25	maps/rooms/8room_088.map	512	512	183	152	267	186	103.941
24	maps/rooms/8room_088.map	512	512	98	511	187	490	99.6985
24	maps/rooms/8room_088.map	512	512	101	152	168	102	99.4264
24	maps/rooms/8room_088.map	512	512	389	174	327	218	99.3553
24	maps/rooms/8room_088.map	512	512	213	246	178	303	99.8406
24	maps/rooms/8room_088.map	512	512	434	194	346	216	99.4558
23	maps/rooms/8room_088.map	512	512	446	326	377	296	95.9117
23	maps/rooms/8room_088.map	512	512	314	155	282	125	95.8406
23	maps/rooms/8room_088.map	512	512	343	307	415	309	95.598
23	maps/rooms/8room_088.map	512	512	275	22	269	92	95.2548
23	maps/rooms/8room_088.map	512	512	266	4	218	26	95.4975
23	maps/rooms/8room_088.map	512	512	451	95	428	166	95.1127
23	maps/rooms/8room_088.map	512	512	455	88	429	163	95.2843
23	maps/rooms/8room_088.map	512	512	175	467	239	429	95.6985
22	maps/rooms/8room_088.map	512	512	357	254	424	218	91.2843
22	maps/rooms/8room_088.map	512	512	474	315	506	257	91.9411
22	maps/rooms/8room_088.map	512	512	441	91	428	165	91.8701
22	maps/rooms/8room_088.map	512	512	407	472	330	485	91.8406
19	maps/rooms/8room_088.map	512	512	107	292	74	244	78.0122
22	maps/rooms/8room_088.map	512	512	332	110	277	120	91.2843
22	maps/rooms/8room_088.map	512	512	75	323	99	275	91.1127
21	maps/rooms/8room_088.map	512	512	94	279	158	261	87.3553
21	maps/rooms/8room_088.map	512	512	181	402	166	358	87.0416
21	maps/rooms/8room_088.map	512	512	91	110	149	150	87.4975
21	maps/rooms/8room_088.map	512	512	282	253	226	248	87.1838
21	maps/rooms/8room_088.map	512	512	281	269	293	194	87.5269
21	maps/rooms/8room_088.map	512	512	156	50	227	72	87.3848
21	maps/rooms/8room_088.map	512	512	41	484	120	488	87.2843
12	maps/rooms/8room_088.map	512	512	157	174	179	137	48.4558
20	maps/rooms/8room_088.map	512	512	343	285	310	324	83.4558
20	maps/rooms/8room_088.map	512	512	456	71	442	142	83.7696
20	maps/rooms/8room_088.map	512	512	60	324	101	270	83.2843
20	maps/rooms/8room_088.map	512	512	24	405	63	412	83.1127
20	maps/rooms/8room_088.map	512	512	108	406	67	351	83.3553
19	maps/rooms/8room_088.map	512	512	447	418	438	352	79.8701
19	maps/rooms/8room_088.map	512	512	296	206	325	162	79.2843
19	maps/rooms/8room_088.map	512	512	298	308	237	282	79.6274
19	maps/rooms/8room_088.map	512	512	376	362	430	357	79.8701
19	maps/rooms/8room_088.map	512	512	68	407	66	356	79.2843
19	maps/rooms/8room_088.map	512	512	397	391	435	444	79.2843
19	maps/rooms/8room_088.map	512	512	482	91	414	88	79.5269
19	maps/rooms/8room_088.map	512	512	494	404	477	358	78.598
19	maps/rooms/8room_088.map	512	512	445	2	391	14	79.3553
18	maps/rooms/8room_088.map	512	512	422	277	363	292	74.669
18	maps/rooms/8room_088.map	512	512	492	298	448	266	75.4558
18	maps/rooms/8room_088.map	512	512	222	92	267	90	75.2843
18	maps/rooms/8room_088.map	512	512	299	139	277	194	74.799
18	maps/rooms/8room_088.map	512	512	501	20	478	64	75.8701
18	maps/rooms/8room_088.map	512	512	503	185	485	152	75.9706
18	maps/rooms/8room_088.map	512	512	221	214	232	275	75.6985
17	maps/rooms/8room_088.map	512	512	254	428	245	364	71.8701
17	maps/rooms/8room_088.map	512	512	222	317	180	360	71.5269
17	maps/rooms/8room_088.map	512	512	123	393	167	367	71.1127
17	maps/rooms/8room_088.map	512	512	329	420	290	395	71.1127
17	maps/rooms/8room_088.map	512	512	206	127	191	187	71.9706
17	maps/rooms/8room_088.map	512	512	79	435	127	409	71.6985
17	maps/rooms/8room_088.map	512	512	67	446	121	416	71.6985
16	maps/rooms/8room_088.map	512	512	473	359	412	347	67.9706
16	maps/rooms/8room_088.map	512	512	327	187	318	154	67.799
16	maps/rooms/8room_088.map	512	512	266	110	309	94	67.9706
16	maps/rooms/8room_088.map	512	512	473	173	456	224	67.8406
15	maps/rooms/8room_088.map	512	512	441	343	439	289	63.799
15	maps/rooms/8room_088.map	512	512	414	105	391	148	63.799
15	maps/rooms/8room_088.map	512	512	234	344	186	352	63.4558
15	maps/rooms/8room_088.map	512	512	217	276	275	288	63.799
15	maps/rooms/8room_088.map	512	512	105	381	66	346	63.4558
15	maps/rooms/8room_088.map	512	512	110	466	68	425	63.669
15	maps/rooms/8room_088.map	512	512	494	354	438	352	63.2132
15	maps/rooms/8room_088.map	512	512	505	119	450	132	63.5563
15	maps/rooms/8room_088.map	512	512	435	107	430	157	63.7279
15	maps/rooms/8room_088.map	512	512	66	188	120	168	63.4558
14	maps/rooms/8room_088.map	512	512	472	365	509	334	58.8701
14	maps/rooms/8room_088.map	512	512	55	489	53	436	59.6274
14	maps/rooms/8room_088.map	512	512	186	158	234	154	59.4558
14	maps/rooms/8room_088.map	512	512	334	14	314	60	59.1127
14	maps/rooms/8room_088.map	512	512	292	290	256	325	59.8701
14	maps/rooms/8room_088.map	512	512	488	133	480	189	59.8995
14	maps/rooms/8room_088.map	512	512	439	207	456	223	59.6274
14	maps/rooms/8room_088.map	512	512	421	172	392	209	59.4558
14	maps/rooms/8room_088.map	512	512	446	9	410	44	59.2843
14	maps/rooms/8room_088.map	512	512	282	163	323	156	59.6985
13	maps/rooms/8room_088.map	512	512	394	228	359	259	54.8701
13	maps/rooms/8room_088.map	512	512	404	307	368	296	55.0416
13	maps/rooms/8room_088.map	512	512	273	387	301	351	54.6274
13	maps/rooms/8room_088.map	512	512	359	38	340	82	55.6274
8	maps/rooms/8room_088.map	512	512	319	467	323	493	33.3137
13	maps/rooms/8room_088.map	512	512	278	23	265	61	55.3848
13	maps/rooms/8room_088.map	512	512	123	261	165	264	55.0416
13	maps/rooms/8room_088.map	512	512	252	361	282	393	55.1127
13	maps/rooms/8room_088.map	512	512	239	86	270	117	55.5563
12	maps/rooms/8room_088.map	512	512	167	238	183	282	51.799
12	maps/rooms/8room_088.map	512	512	488	220	440	219	51.7279
12	maps/rooms/8room_088.map	512	512	18	258	60	265	51.3848
12	maps/rooms/8room_088.map	512	512	118	335	151	323	51.9706
12	maps/rooms/8room_088.map	512	512	275	399	241	377	51.8995
12	maps/rooms/8room_088.map	512	512	102	471	74	435	51.598
11	maps/rooms/8room_088.map	512	512	180	307	174	271	47.1127
11	maps/rooms/8room_088.map	512	512	211	115	196	95	47.7279
11	maps/rooms/8room_088.map	512	512	220	254	248	224	47.4558
11	maps/rooms/8room_088.map	512	512	447	13	411	35	47.4558
11	maps/rooms/8room_088.map	512	512	466	482	447	475	47.0711
11	maps/rooms/8room_088.map	512	512	185	6	172	43	47.2132
11	maps/rooms/8room_088.map	512	512	247	287	231	321	47.799
10	maps/rooms/8room_088.map	512	512	254	503	291	507	43.3848
10	maps/rooms/8room_088.map	512	512	416	171	440	151	43.799
10	maps/rooms/8room_088.map	512	512	242	511	248	488	43.6274
10	maps/rooms/8room_088.map	512	512	307	451	283	458	42.8995
10	maps/rooms/8room_088.map	512	512	355	268	326	245	43.2132
10	maps/rooms/8room_088.map	512	512	120	137	154	155	43.799
10	maps/rooms/8room_088.map	512	512	117	111	96	134	43.4558
9	maps/rooms/8room_088.map	512	512	106	437	127	409	39.0416
9	maps/rooms/8room_088.map	512	512	84	74	108	58	39.3137
9	maps/rooms/8room_088.map	512	512	454	254	435	250	38.799
9	maps/rooms/8room_088.map	512	512	259	330	271	295	39.9706
9	maps/rooms/8room_088.map	512	512	191	175	174	205	39.3848
9	maps/rooms/8room_088.map	512	512	217	290	201	318	39.8995
9	maps/rooms/8room_088.map	512	512	40	312	47	276	39.7279
9	maps/rooms/8room_088.map	512	512	23	137	14	165	39.3848
9	maps/rooms/8room_088.map	512	512	67	47	94	30	39.8995
8	maps/rooms/8room_088.map	512	512	509	222	479	216	34.9706
8	maps/rooms/8room_088.map	512	512	479	202	483	216	35.5563
8	maps/rooms/8room_088.map	512	512	34	117	65	121	35.1421
8	maps/rooms/8room_088.map	512	512	486	442	495	411	34.7279
8	maps/rooms/8room_088.map	512	512	425	334	396	326	34.799
8	maps/rooms/8room_088.map	512	512	67	476	88	456	35.1421
8	maps/rooms/8room_088.map	512	512	141	91	123	117	35.799
8	maps/rooms/8room_088.map	512	512	326	4	316	31	35.4853
8	maps/rooms/8room_088.map	512	512	162	118	187	137	35.2132
7	maps/rooms/8room_088.map	512	512	299	351	288	334	31.6569
7	maps/rooms/8room_088.map	512	512	28	255	52	261	31.6569
7	maps/rooms/8room_088.map	512	512	261	159	271	132	31.1421
7	maps/rooms/8room_088.map	512	512	413	326	431	317	31.3848
7	maps/rooms/8room_088.map	512	512	317	165	303	190	31.9706
7	maps/rooms/8room_088.map	512	512	301	423	326	426	31.3137
7	maps/rooms/8room_088.map	512	512	89	79	115	86	30.6569
7	maps/rooms/8room_088.map	512	512	56	99	73	118	30.7279
7	maps/rooms/8room_088.map	512	512	285	253	256	246	31.8995
6	maps/rooms/8room_088.map	512	512	232	68	207	72	26.6569
6	maps/rooms/8room_088.map	512	512	379	94	356	97	27.3137
6	maps/rooms/8room_088.map	512	512	324	10	350	14	27.6569
6	maps/rooms/8room_088.map	512	512	235	430	254	415	27.5563
6	maps/rooms/8room_088.map	512	512	361	349	370	332	27.0711
6	maps/rooms/8room_088.map	512	512	22	484	44	479	27.4853
6	maps/rooms/8room_088.map	512	512	200	204	192	190	27.0711
6	maps/rooms/8room_088.map	512	512	508	45	491	29	27.1421
6	maps/rooms/8room_088.map	512	512	395	327	377	342	27.7279
5	maps/rooms/8room_088.map	512	512	316	148	327	166	23.7279
5	maps/rooms/8room_088.map	512	512	39	233	47	253	23.3137
5	maps/rooms/8room_088.map	512	512	307	366	301	346	23.6569
5	maps/rooms/8room_088.map	512	512	108	171	119	187	23.4853
5	maps/rooms/8room_088.map	512	512	196	492	216	487	23.7279
5	maps/rooms/8room_088.map	512	512	138	501	159	500	23.8995
5	maps/rooms/8room_088.map	512	512	226	92	247	87	23.0711
5	maps/rooms/8room_088.map	512	512	57	261	51	282	23.4853
5	maps/rooms/8room_088.map	512	512	283	11	284	32	23.0711
5	maps/rooms/8room_088.map	512	512	470	45	478	62	23.8284
4	maps/rooms/8room_088.map	512	512	249	286	266	282	19.4853
4	maps/rooms/8room_088.map	512	512	494	265	498	269	19.4142
4	maps/rooms/8room_088.map	512	512	15	343	16	331	19.7279
4	maps/rooms/8room_088.map	512	512	14	202	29	197	19.3137
4	maps/rooms/8room_088.map	512	512	382	59	372	74	19.1421
4	maps/rooms/8room_088.map	512	512	223	36	214	51	19.5563
4	maps/rooms/8room_088.map	512	512	362	233	343	231	19.8284
4	maps/rooms/8room_088.map	512	512	239	378	251	365	19.1421
3	maps/rooms/8room_088.map	512	512	343	118	342	133	15.4142
3	maps/rooms/8room_088.map	512	512	61	290	53	285	15.8284
3	maps/rooms/8room_088.map	512	512	349	433	338	423	15.7279
3	maps/rooms/8room_088.map	512	512	143	104	130	109	15.0711
3	maps/rooms/8room_088.map	512	512	420	391	422	376	15.8284
3	maps/rooms/8room_088.map	512	512	215	278	230	280	15.8284
3	maps/rooms/8room_088.map	512	512	421	396	414	388	14.6569
3	maps/rooms/8room_088.map	512	512	477	453	482	459	15.8284
3	maps/rooms/8room_088.map	512	512	139	30	143	42	15.8995
3	maps/rooms/8room_088.map	512	512	55	286	57	296	15.8995
2	maps/rooms/8room_088.map	512	512	302	349	302	338	11
2	maps/rooms/8room_088.map	512	512	254	134	255	145	11.4142
2	maps/rooms/8room_088.map	512	512	158	260	167	266	11.4853
2	maps/rooms/8room_088.map	512	512	166	78	159	81	11.4142
2	maps/rooms/8room_088.map	512	512	51	83	59	91	11.3137
2	maps/rooms/8room_088.map	512	512	470	483	466	493	11.6569
2	maps/rooms/8room_088.map	512	512	244	301	252	307	11.6569
2	maps/rooms/8room_088.map	512	512	307	238	302	232	11.8284
2	maps/rooms/8room_088.map	512	512	298	71	308	73	10.8284
2	maps/rooms/8room_088.map	512	512	494	7	484	11	11.6569
1	maps/rooms/8room_088.map	512	512	136	42	141	47	7.07107
1	maps/rooms/8room_088.map	512	512	330	399	337	399	7
1	maps/rooms/8room_088.map	512	512	367	72	366	79	7.41421
1	maps/rooms/8room_088.map	512	512	278	188	278	195	7.82843
1	maps/rooms/8room_088.map	512	512	135	291	142	290	7.41421
1	maps/rooms/8room_088.map	512	512	28	295	35	296	7.41421
1	maps/rooms/8room_088.map	512	512	343	308	346	302	7.24264
1	maps/rooms/8room_088.map	512	512	298	511	303	506	7.07107
1	maps/rooms/8room_088.map	512	512	170	282	174	276	7.65685
1	maps/rooms/8room_088.map	512	512	159	180	165	178	7.41421
0	maps/rooms/8room_088.map	512	512	486	274	489	275	3.41421
0	maps/rooms/8room_088.map	512	512	229	221	231	219	2.82843
0	maps/rooms/8room_088.map	512	512	363	40	362	37	3.41421
0	maps/rooms/8room_088.map	512	512	334	468	331	468	3
0	maps/rooms/8room_088.map	512	512	206	66	207	69	3.41421
0	maps/rooms/8room_088.map	512	512	3	459	5	461	2.82843
0	maps/rooms/8room_088.map	512	512	377	365	377	362	3
0	maps/rooms/8room_088.map	512	512	233	89	235	91	2.82843
0	maps/rooms/8room_088.map	512	512	247	264	247	267	3
0	maps/rooms/8room_088.map	512	512	290	8	292	10	2.82843
