version 1
127	maps/rooms/8room_084.map	512	512	459	482	258	160	511.475
107	maps/rooms/8room_084.map	512	512	428	157	481	489	430.179
97	maps/rooms/8room_084.map	512	512	341	42	74	76	389.149
127	maps/rooms/8room_084.map	512	512	287	467	381	149	511.948
65	maps/rooms/8room_084.map	512	512	51	26	255	106	263.823
123	maps/rooms/8room_084.map	512	512	281	79	286	405	493.676
60	maps/rooms/8room_084.map	512	512	19	477	164	482	243.581
55	maps/rooms/8room_084.map	512	512	186	77	267	238	222.309
64	maps/rooms/8room_084.map	512	512	159	294	156	505	257.539
73	maps/rooms/8room_084.map	512	512	83	332	267	181	292.723
66	maps/rooms/8room_084.map	512	512	156	326	297	191	264.066
122	maps/rooms/8room_084.map	512	512	3	466	379	431	488.203
127	maps/rooms/8room_084.map	512	512	364	323	49	327	511.09
127	maps/rooms/8room_084.map	512	512	60	359	387	131	510.948
42	maps/rooms/8room_084.map	512	512	214	167	243	51	171.953
127	maps/rooms/8room_084.map	512	512	344	27	61	311	510.99
42	maps/rooms/8room_084.map	512	512	164	404	148	325	171.368
88	maps/rooms/8room_084.map	512	512	219	349	170	70	353.622
59	maps/rooms/8room_084.map	512	512	111	175	101	358	236.782
84	maps/rooms/8room_084.map	512	512	54	250	303	375	338.007
127	maps/rooms/8room_084.map	512	512	28	344	435	247	511.948
114	maps/rooms/8room_084.map	512	512	292	493	45	215	456.889
75	maps/rooms/8room_084.map	512	512	325	206	218	421	300.794
124	maps/rooms/8room_084.map	512	512	100	89	443	275	498.647
127	maps/rooms/8room_084.map	512	512	293	467	381	155	511.948
27	maps/rooms/8room_084.map	512	512	375	458	434	413	110.426
55	maps/rooms/8room_084.map	512	512	487	425	340	419	221.995
127	maps/rooms/8room_084.map	512	512	504	255	134	404	511.919
62	maps/rooms/8room_084.map	512	512	11	69	11	236	249.61
83	maps/rooms/8room_084.map	512	512	270	429	403	234	333.865
82	maps/rooms/8room_084.map	512	512	198	46	253	313	329.037
112	maps/rooms/8room_084.map	512	512	119	382	409	321	450.078
91	maps/rooms/8room_084.map	512	512	239	166	425	395	364.764
72	maps/rooms/8room_084.map	512	512	187	259	260	45	291.451
68	maps/rooms/8room_084.map	512	512	235	300	391	414	273.581
75	maps/rooms/8room_084.map	512	512	482	117	303	89	302.681
105	maps/rooms/8room_084.map	512	512	242	509	508	281	421.404
113	maps/rooms/8room_084.map	512	512	79	44	278	324	453.676
95	maps/rooms/8room_084.map	512	512	402	349	358	86	381.693
48	maps/rooms/8room_084.map	512	512	391	500	507	509	192.095
81	maps/rooms/8room_084.map	512	512	454	415	234	296	326.581
56	maps/rooms/8room_084.map	512	512	419	249	474	412	226.953
127	maps/rooms/8room_084.map	512	512	39	137	428	150	511.203
16	maps/rooms/8room_084.map	512	512	69	263	83	317	64.6274
119	maps/rooms/8room_084.map	512	512	500	39	457	422	476.735
21	maps/rooms/8room_084.map	512	512	398	222	402	180	86.4264
127	maps/rooms/8room_084.map	512	512	59	501	204	128	511.203
126	maps/rooms/8room_084.map	512	512	223	482	477	168	507.345
24	maps/rooms/8room_084.map	512	512	311	138	388	153	99.8406
83	maps/rooms/8room_084.map	512	512	317	56	508	227	333.966
126	maps/rooms/8room_084.map	512	512	475	315	77	424	507.09
77	maps/rooms/8room_084.map	512	512	229	207	454	172	311.622
103	maps/rooms/8room_084.map	512	512	444	495	204	313	412.191
50	maps/rooms/8room_084.map	512	512	250	398	325	251	202.468
34	maps/rooms/8room_084.map	512	512	340	249	261	333	137.811
89	maps/rooms/8room_084.map	512	512	50	118	135	387	358.167
47	maps/rooms/8room_084.map	512	512	254	286	296	153	191.953
86	maps/rooms/8room_084.map	512	512	191	171	311	423	347.823
126	maps/rooms/8room_084.map	512	512	421	332	118	78	506.99
82	maps/rooms/8room_084.map	512	512	504	243	253	211	330.865
126	maps/rooms/8room_084.map	512	512	89	296	362	29	506.818
78	maps/rooms/8room_084.map	512	512	398	136	172	231	315.451
68	maps/rooms/8room_084.map	512	512	234	383	394	264	275.409
79	maps/rooms/8room_084.map	512	512	90	491	200	275	318.551
126	maps/rooms/8room_084.map	512	512	429	200	114	444	507.09
61	maps/rooms/8room_084.map	512	512	41	101	26	295	247.167
126	maps/rooms/8room_084.map	512	512	380	94	138	306	507.304
28	maps/rooms/8room_084.map	512	512	467	147	463	84	112.598
28	maps/rooms/8room_084.map	512	512	281	418	217	493	115.225
10	maps/rooms/8room_084.map	512	512	471	366	457	395	40.5563
69	maps/rooms/8room_084.map	512	512	290	37	495	22	276.167
92	maps/rooms/8room_084.map	512	512	87	389	267	141	371.321
126	maps/rooms/8room_084.map	512	512	69	53	344	338	507.889
126	maps/rooms/8room_084.map	512	512	345	412	454	36	506.806
57	maps/rooms/8room_084.map	512	512	178	258	56	386	229.338
87	maps/rooms/8room_084.map	512	512	22	428	10	143	348.622
123	maps/rooms/8room_084.map	512	512	228	374	403	40	492.806
82	maps/rooms/8room_084.map	512	512	462	303	431	52	329.581
55	maps/rooms/8room_084.map	512	512	283	326	435	245	221.711
126	maps/rooms/8room_084.map	512	512	142	172	508	282	507.948
94	maps/rooms/8room_084.map	512	512	35	66	351	13	376.38
70	maps/rooms/8room_084.map	512	512	493	421	359	271	280.894
112	maps/rooms/8room_084.map	512	512	407	356	114	159	450.434
85	maps/rooms/8room_084.map	512	512	339	140	86	56	343.593
85	maps/rooms/8room_084.map	512	512	116	452	298	261	342.764
81	maps/rooms/8room_084.map	512	512	428	282	314	507	327.836
116	maps/rooms/8room_084.map	512	512	72	137	75	488	467.706
61	maps/rooms/8room_084.map	512	512	125	205	317	188	245.61
99	maps/rooms/8room_084.map	512	512	471	60	229	226	397.421
43	maps/rooms/8room_084.map	512	512	379	367	457	461	172.953
91	maps/rooms/8room_084.map	512	512	391	502	124	489	366.877
89	maps/rooms/8room_084.map	512	512	178	28	62	230	357.179
89	maps/rooms/8room_084.map	512	512	187	474	332	294	357.836
126	maps/rooms/8room_084.map	512	512	467	63	109	239	507.605
115	maps/rooms/8room_084.map	512	512	507	366	324	134	460.948
96	maps/rooms/8room_084.map	512	512	175	406	122	130	385.108
106	maps/rooms/8room_084.map	512	512	354	287	14	277	425.179
25	maps/rooms/8room_084.map	512	512	265	331	238	249	100.456
35	maps/rooms/8room_084.map	512	512	203	509	188	428	140.267
51	maps/rooms/8room_084.map	512	512	2	424	3	270	205.267
35	maps/rooms/8room_084.map	512	512	73	246	143	280	143.397
125	maps/rooms/8room_084.map	512	512	355	438	208	86	503.291
63	maps/rooms/8room_084.map	512	512	53	236	3	58	255.823
125	maps/rooms/8room_084.map	512	512	498	79	131	233	503.877
64	maps/rooms/8room_084.map	512	512	162	274	295	138	256.137
125	maps/rooms/8room_084.map	512	512	509	366	405	78	502.877
31	maps/rooms/8room_084.map	512	512	404	363	488	300	124.397
60	maps/rooms/8room_084.map	512	512	140	142	115	329	241.924
94	maps/rooms/8room_084.map	512	512	113	462	403	427	379.049
125	maps/rooms/8room_084.map	512	512	152	44	149	430	502.848
69	maps/rooms/8room_084.map	512	512	156	274	342	356	276.35
102	maps/rooms/8room_084.map	512	512	153	92	15	332	411.848
125	maps/rooms/8room_084.map	512	512	158	362	380	99	503.191
125	maps/rooms/8room_084.map	512	512	94	370	423	158	503.434
75	maps/rooms/8room_084.map	512	512	206	206	331	94	302.622
125	maps/rooms/8room_084.map	512	512	393	152	12	295	503.747
67	maps/rooms/8room_084.map	512	512	108	425	292	442	269.208
83	maps/rooms/8room_084.map	512	512	374	227	364	435	334.551
125	maps/rooms/8room_084.map	512	512	227	60	222	488	503.25
125	maps/rooms/8room_084.map	512	512	194	62	231	469	503.22
47	maps/rooms/8room_084.map	512	512	294	287	259	427	189.953
119	maps/rooms/8room_084.map	512	512	454	244	134	426	479.019
115	maps/rooms/8room_084.map	512	512	114	342	445	429	461.019
69	maps/rooms/8room_084.map	512	512	90	427	50	195	277.137
125	maps/rooms/8room_084.map	512	512	7	38	253	373	503.174
26	maps/rooms/8room_084.map	512	512	476	204	438	187	104.841
77	maps/rooms/8room_084.map	512	512	43	280	242	130	311.752
71	maps/rooms/8room_084.map	512	512	261	218	279	453	285.451
18	maps/rooms/8room_084.map	512	512	185	100	229	130	73.6985
85	maps/rooms/8room_084.map	512	512	219	223	427	74	340.38
124	maps/rooms/8room_084.map	512	512	31	370	428	326	499.049
70	maps/rooms/8room_084.map	512	512	338	235	186	376	283.652
42	maps/rooms/8room_084.map	512	512	123	298	259	281	169.326
62	maps/rooms/8room_084.map	512	512	455	274	366	461	249.723
124	maps/rooms/8room_084.map	512	512	55	450	436	358	497.475
124	maps/rooms/8room_084.map	512	512	6	250	382	196	499.019
77	maps/rooms/8room_084.map	512	512	493	141	306	5	311.409
101	maps/rooms/8room_084.map	512	512	503	198	197	78	405.948
124	maps/rooms/8room_084.map	512	512	150	463	47	69	499.09
27	maps/rooms/8room_084.map	512	512	44	245	138	235	108.426
124	maps/rooms/8room_084.map	512	512	507	363	176	212	499.889
82	maps/rooms/8room_084.map	512	512	488	95	231	11	331.853
88	maps/rooms/8room_084.map	512	512	79	140	242	70	355.735
54	maps/rooms/8room_084.map	512	512	380	143	237	196	219.338
56	maps/rooms/8room_084.map	512	512	331	501	306	363	226.581
21	maps/rooms/8room_084.map	512	512	281	281	294	223	84.4558
66	maps/rooms/8room_084.map	512	512	125	173	243	12	264.966
124	maps/rooms/8room_084.map	512	512	206	371	355	21	499.049
116	maps/rooms/8room_084.map	512	512	263	378	298	109	464.877
60	maps/rooms/8room_084.map	512	512	461	135	264	116	243.439
102	maps/rooms/8room_084.map	512	512	505	194	388	475	408.191
124	maps/rooms/8room_084.map	512	512	450	20	135	233	499.948
40	maps/rooms/8room_084.map	512	512	191	56	147	146	160.468
101	maps/rooms/8room_084.map	512	512	404	300	108	264	404.978
66	maps/rooms/8room_084.map	512	512	366	275	228	420	266.581
74	maps/rooms/8room_084.map	512	512	217	489	438	396	296.693
124	maps/rooms/8room_084.map	512	512	276	79	101	373	499.375
124	maps/rooms/8room_084.map	512	512	392	265	48	115	499.505
33	maps/rooms/8room_084.map	512	512	62	121	101	69	135.184
123	maps/rooms/8room_084.map	512	512	440	292	98	492	495.103
50	maps/rooms/8room_084.map	512	512	280	504	355	402	202.196
98	maps/rooms/8room_084.map	512	512	428	443	143	466	392.534
93	maps/rooms/8room_084.map	512	512	26	62	79	362	373.836
76	maps/rooms/8room_084.map	512	512	274	492	127	310	306.321
123	maps/rooms/8room_084.map	512	512	24	425	420	398	495.735
83	maps/rooms/8room_084.map	512	512	290	359	203	116	333.137
123	maps/rooms/8room_084.map	512	512	434	447	181	122	495.546
54	maps/rooms/8room_084.map	512	512	486	250	379	378	218.581
120	maps/rooms/8room_084.map	512	512	13	131	181	504	483.676
123	maps/rooms/8room_084.map	512	512	12	411	267	93	495.919
34	maps/rooms/8room_084.map	512	512	379	436	476	404	138.882
55	maps/rooms/8room_084.map	512	512	88	307	243	388	221.966
99	maps/rooms/8room_084.map	512	512	439	71	104	59	398.723
50	maps/rooms/8room_084.map	512	512	157	39	23	117	202.225
103	maps/rooms/8room_084.map	512	512	36	6	45	363	415.522
114	maps/rooms/8room_084.map	512	512	275	315	72	30	458.434
19	maps/rooms/8room_084.map	512	512	172	392	186	449	77.7696
64	maps/rooms/8room_084.map	512	512	244	246	411	377	257.238
70	maps/rooms/8room_084.map	512	512	300	261	452	372	283.066
123	maps/rooms/8room_084.map	512	512	292	487	389	165	495.191
62	maps/rooms/8room_084.map	512	512	116	264	197	107	248.995
21	maps/rooms/8room_084.map	512	512	154	486	149	423	86.6274
24	maps/rooms/8room_084.map	512	512	155	41	206	103	96.0122
123	maps/rooms/8room_084.map	512	512	398	506	52	329	495.174
123	maps/rooms/8room_084.map	512	512	438	187	229	467	495.191
59	maps/rooms/8room_084.map	512	512	38	479	115	300	236.894
67	maps/rooms/8room_084.map	512	512	312	359	378	183	270.652
123	maps/rooms/8room_084.map	512	512	15	299	389	130	495.777
112	maps/rooms/8room_084.map	512	512	493	401	105	397	448.25
43	maps/rooms/8room_084.map	512	512	172	427	198	303	175.64
73	maps/rooms/8room_084.map	512	512	285	239	472	203	293.108
98	maps/rooms/8room_084.map	512	512	312	69	364	307	393.865
122	maps/rooms/8room_084.map	512	512	429	166	164	427	491.948
96	maps/rooms/8room_084.map	512	512	21	132	279	329	387.291
117	maps/rooms/8room_084.map	512	512	72	437	315	140	470.333
122	maps/rooms/8room_084.map	512	512	470	51	325	409	491.09
65	maps/rooms/8room_084.map	512	512	37	396	254	409	262.752
70	maps/rooms/8room_084.map	512	512	189	511	21	466	280.137
62	maps/rooms/8room_084.map	512	512	154	265	253	437	250.865
45	maps/rooms/8room_084.map	512	512	118	400	78	506	181.681
59	maps/rooms/8room_084.map	512	512	197	294	133	453	236.338
76	maps/rooms/8room_084.map	512	512	111	123	40	367	307.752
122	maps/rooms/8room_084.map	512	512	489	405	174	163	491.333
122	maps/rooms/8room_084.map	512	512	269	25	135	420	491.534
83	maps/rooms/8room_084.map	512	512	412	213	165	294	332.208
117	maps/rooms/8room_084.map	512	512	164	498	505	452	469.777
114	maps/rooms/8room_084.map	512	512	499	246	221	453	459.86
122	maps/rooms/8room_084.map	512	512	382	425	178	118	491.534
22	maps/rooms/8room_084.map	512	512	77	382	13	412	90.0416
102	maps/rooms/8room_084.map	512	512	356	40	21	44	408.522
88	maps/rooms/8room_084.map	512	512	348	438	132	307	354.362
122	maps/rooms/8room_084.map	512	512	93	203	425	115	491.12
122	maps/rooms/8room_084.map	512	512	109	43	375	289	491.203
34	maps/rooms/8room_084.map	512	512	245	246	284	202	137.225
41	maps/rooms/8room_084.map	512	512	350	196	297	308	166.296
79	maps/rooms/8room_084.map	512	512	61	248	303	134	318.794
37	maps/rooms/8room_084.map	512	512	366	501	252	489	151.397
38	maps/rooms/8room_084.map	512	512	8	280	2	394	155.154
19	maps/rooms/8room_084.map	512	512	307	174	279	141	76.3553
122	maps/rooms/8room_084.map	512	512	228	82	136	450	490.777
122	maps/rooms/8room_084.map	512	512	359	431	80	172	491.446
59	maps/rooms/8room_084.map	512	512	280	213	362	327	238.551
63	maps/rooms/8room_084.map	512	512	463	227	313	345	255.681
115	maps/rooms/8room_084.map	512	512	346	389	324	83	462.049
115	maps/rooms/8room_084.map	512	512	138	389	456	266	460.605
92	maps/rooms/8room_084.map	512	512	507	357	282	314	368.978
51	maps/rooms/8room_084.map	512	512	315	123	325	78	204.681
51	maps/rooms/8room_084.map	512	512	134	281	242	399	207.137
52	maps/rooms/8room_084.map	512	512	72	196	116	370	208.711
61	maps/rooms/8room_084.map	512	512	26	503	187	476	245.681
49	maps/rooms/8room_084.map	512	512	377	453	309	442	196.439
62	maps/rooms/8room_084.map	512	512	114	300	39	491	251.137
121	maps/rooms/8room_084.map	512	512	45	373	265	66	487.09
57	maps/rooms/8room_084.map	512	512	139	199	115	68	231.995
26	maps/rooms/8room_084.map	512	512	324	46	338	35	104.397
121	maps/rooms/8room_084.map	512	512	472	194	118	263	487.191
121	maps/rooms/8room_084.map	512	512	14	94	239	423	487.688
61	maps/rooms/8room_084.map	512	512	507	311	335	406	244.037
121	maps/rooms/8room_084.map	512	512	409	488	53	354	487.446
53	maps/rooms/8room_084.map	512	512	101	75	9	188	214.539
94	maps/rooms/8room_084.map	512	512	350	502	127	364	379.877
72	maps/rooms/8room_084.map	512	512	25	443	237	431	290.108
88	maps/rooms/8room_084.map	512	512	14	319	171	114	353.948
121	maps/rooms/8room_084.map	512	512	440	482	190	212	484.96
121	maps/rooms/8room_084.map	512	512	47	451	285	126	487.617
58	maps/rooms/8room_084.map	512	512	279	172	199	232	233.924
107	maps/rooms/8room_084.map	512	512	483	298	159	310	428.333
91	maps/rooms/8room_084.map	512	512	188	344	482	371	365.007
102	maps/rooms/8room_084.map	512	512	112	138	356	345	411.735
118	maps/rooms/8room_084.map	512	512	40	312	278	25	474.505
64	maps/rooms/8room_084.map	512	512	255	430	180	232	259.108
44	maps/rooms/8room_084.map	512	512	324	40	213	110	176.397
62	maps/rooms/8room_084.map	512	512	259	298	109	407	251.61
87	maps/rooms/8room_084.map	512	512	283	259	508	115	349.149
75	maps/rooms/8room_084.map	512	512	258	35	205	287	301.208
121	maps/rooms/8room_084.map	512	512	54	400	399	230	487.434
35	maps/rooms/8room_084.map	512	512	235	399	338	354	140.811
121	maps/rooms/8room_084.map	512	512	93	356	455	384	487.907
109	maps/rooms/8room_084.map	512	512	47	329	157	62	439.919
78	maps/rooms/8room_084.map	512	512	21	179	242	286	312.894
118	maps/rooms/8room_084.map	512	512	490	6	237	266	473.978
121	maps/rooms/8room_084.map	512	512	28	63	329	287	487.818
65	maps/rooms/8room_084.map	512	512	388	208	220	305	263.551
120	maps/rooms/8room_084.map	512	512	466	137	226	407	480.434
43	maps/rooms/8room_084.map	512	512	147	431	180	346	173.539
121	maps/rooms/8room_084.map	512	512	309	66	114	380	487.09
120	maps/rooms/8room_084.map	512	512	414	46	467	375	483.421
104	maps/rooms/8room_084.map	512	512	126	245	298	105	418.676
97	maps/rooms/8room_084.map	512	512	468	219	223	345	388.078
120	maps/rooms/8room_084.map	512	512	442	120	192	397	483.777
105	maps/rooms/8room_084.map	512	512	10	180	348	253	423.149
82	maps/rooms/8room_084.map	512	512	282	94	503	8	331.693
114	maps/rooms/8room_084.map	512	512	70	378	239	67	456.434
120	maps/rooms/8room_084.map	512	512	11	130	318	380	483.132
61	maps/rooms/8room_084.map	512	512	319	223	140	195	247.953
55	maps/rooms/8room_084.map	512	512	55	460	140	307	221.38
36	maps/rooms/8room_084.map	512	512	262	143	310	230	144.154
38	maps/rooms/8room_084.map	512	512	393	418	328	351	154.811
23	maps/rooms/8room_084.map	512	512	485	185	507	158	93.669
88	maps/rooms/8room_084.map	512	512	165	95	121	338	352.764
99	maps/rooms/8room_084.map	512	512	180	174	470	250	397.179
98	maps/rooms/8room_084.map	512	512	329	356	142	142	395.392
45	maps/rooms/8room_084.map	512	512	397	487	317	419	180.61
120	maps/rooms/8room_084.map	512	512	500	408	405	93	483.664
84	maps/rooms/8room_084.map	512	512	274	316	406	94	337.622
85	maps/rooms/8room_084.map	512	512	411	103	157	75	341.338
85	maps/rooms/8room_084.map	512	512	115	141	71	411	342.551
79	maps/rooms/8room_084.map	512	512	183	348	54	482	318.563
49	maps/rooms/8room_084.map	512	512	282	163	216	269	198.368
21	maps/rooms/8room_084.map	512	512	499	62	443	59	86.1127
76	maps/rooms/8room_084.map	512	512	301	290	430	109	305.48
91	maps/rooms/8room_084.map	512	512	93	121	319	206	367.108
109	maps/rooms/8room_084.map	512	512	118	46	345	311	439.304
96	maps/rooms/8room_084.map	512	512	395	362	121	232	386.108
120	maps/rooms/8room_084.map	512	512	148	483	62	119	483.605
73	maps/rooms/8room_084.map	512	512	258	196	98	25	293.936
69	maps/rooms/8room_084.map	512	512	93	443	19	326	276.179
110	maps/rooms/8room_084.map	512	512	473	388	242	170	441.777
31	maps/rooms/8room_084.map	512	512	182	265	154	340	127.083
119	maps/rooms/8room_084.map	512	512	478	90	286	367	478.505
120	maps/rooms/8room_084.map	512	512	399	335	164	50	483.789
61	maps/rooms/8room_084.map	512	512	300	312	204	439	246.439
8	maps/rooms/8room_084.map	512	512	205	499	230	499	35.3848
120	maps/rooms/8room_084.map	512	512	281	95	428	340	482.735
89	maps/rooms/8room_084.map	512	512	165	70	127	276	358.007
117	maps/rooms/8room_084.map	512	512	109	74	446	216	469.919
115	maps/rooms/8room_084.map	512	512	99	243	350	116	460.635
104	maps/rooms/8room_084.map	512	512	119	347	180	31	419.25
78	maps/rooms/8room_084.map	512	512	285	85	79	92	313.551
80	maps/rooms/8room_084.map	512	512	415	130	216	280	320.279
120	maps/rooms/8room_084.map	512	512	504	450	428	150	483.078
119	maps/rooms/8room_084.map	512	512	84	387	361	134	479.262
44	maps/rooms/8room_084.map	512	512	402	197	333	202	178.024
82	maps/rooms/8room_084.map	512	512	68	58	151	287	331.38
77	maps/rooms/8room_084.map	512	512	242	330	18	287	308.823
91	maps/rooms/8room_084.map	512	512	271	214	37	394	364.392
113	maps/rooms/8room_084.map	512	512	399	379	127	131	452.777
89	maps/rooms/8room_084.map	512	512	139	505	85	200	357.108
53	maps/rooms/8room_084.map	512	512	406	474	261	475	214.51
107	maps/rooms/8room_084.map	512	512	149	180	425	61	431.936
78	maps/rooms/8room_084.map	512	512	325	178	507	36	314.794
119	maps/rooms/8room_084.map	512	512	172	68	315	426	479.392
5	maps/rooms/8room_084.map	512	512	37	2	56	12	23.1421
111	maps/rooms/8room_084.map	512	512	376	328	131	152	445.777
111	maps/rooms/8room_084.map	512	512	505	430	405	117	446.078
97	maps/rooms/8room_084.map	512	512	362	164	454	457	390.037
27	maps/rooms/8room_084.map	512	512	79	462	52	370	108.841
100	maps/rooms/8room_084.map	512	512	435	58	77	38	400.309
86	maps/rooms/8room_084.map	512	512	260	325	459	147	346.764
96	maps/rooms/8room_084.map	512	512	52	435	99	117	387.936
118	maps/rooms/8room_084.map	512	512	281	509	194	142	472.25
52	maps/rooms/8room_084.map	512	512	408	271	438	135	208.953
44	maps/rooms/8room_084.map	512	512	115	334	198	377	179.48
119	maps/rooms/8room_084.map	512	512	422	340	47	267	479.421
119	maps/rooms/8room_084.map	512	512	14	327	384	341	479.605
109	maps/rooms/8room_084.map	512	512	117	332	175	7	439.049
56	maps/rooms/8room_084.map	512	512	171	427	20	504	227.439
119	maps/rooms/8room_084.map	512	512	90	4	341	306	479.032
119	maps/rooms/8room_084.map	512	512	163	39	293	415	479.706
119	maps/rooms/8room_084.map	512	512	389	31	146	292	479.404
97	maps/rooms/8room_084.map	512	512	60	277	258	470	391.534
47	maps/rooms/8room_084.map	512	512	346	326	262	196	188.024
118	maps/rooms/8room_084.map	512	512	501	232	148	227	473.505
64	maps/rooms/8room_084.map	512	512	301	373	500	383	257.995
118	maps/rooms/8room_084.map	512	512	108	501	340	217	475.362
110	maps/rooms/8room_084.map	512	512	105	187	428	294	442.149
37	maps/rooms/8room_084.map	512	512	488	428	391	498	149.953
75	maps/rooms/8room_084.map	512	512	186	362	55	459	302.007
12	maps/rooms/8room_084.map	512	512	150	212	158	251	51.6274
51	maps/rooms/8room_084.map	512	512	173	36	206	189	204.125
73	maps/rooms/8room_084.map	512	512	390	196	313	25	292.51
118	maps/rooms/8room_084.map	512	512	455	15	435	401	475.907
98	maps/rooms/8room_084.map	512	512	479	253	195	110	394.12
15	maps/rooms/8room_084.map	512	512	93	26	36	20	62.799
60	maps/rooms/8room_084.map	512	512	322	349	173	293	243.894
118	maps/rooms/8room_084.map	512	512	41	250	408	110	475.735
43	maps/rooms/8room_084.map	512	512	395	252	394	114	175.669
118	maps/rooms/8room_084.map	512	512	190	340	460	89	475.333
118	maps/rooms/8room_084.map	512	512	55	447	431	435	475.12
114	maps/rooms/8room_084.map	512	512	327	18	66	200	459.777
18	maps/rooms/8room_084.map	512	512	171	493	165	436	72.4558
65	maps/rooms/8room_084.map	512	512	128	421	84	204	262.095
62	maps/rooms/8room_084.map	512	512	314	149	452	269	250.61
70	maps/rooms/8room_084.map	512	512	199	459	412	361	282.078
63	maps/rooms/8room_084.map	512	512	221	387	158	184	254.652
45	maps/rooms/8room_084.map	512	512	131	39	223	142	182.924
103	maps/rooms/8room_084.map	512	512	440	252	154	403	414.764
81	maps/rooms/8room_084.map	512	512	347	421	141	293	327.806
118	maps/rooms/8room_084.map	512	512	456	72	109	239	475.12
23	maps/rooms/8room_084.map	512	512	182	335	171	259	95.669
75	maps/rooms/8room_084.map	512	512	232	372	8	323	302.238
114	maps/rooms/8room_084.map	512	512	85	386	92	76	456.078
117	maps/rooms/8room_084.map	512	512	29	50	413	143	471.919
37	maps/rooms/8room_084.map	512	512	188	397	260	319	151.74
55	maps/rooms/8room_084.map	512	512	443	243	489	66	221.125
62	maps/rooms/8room_084.map	512	512	211	269	363	378	250.439
79	maps/rooms/8room_084.map	512	512	5	277	194	151	316.037
61	maps/rooms/8room_084.map	512	512	181	421	363	420	245.794
55	maps/rooms/8room_084.map	512	512	403	268	469	424	221.539
116	maps/rooms/8room_084.map	512	512	251	95	30	367	464.848
112	maps/rooms/8room_084.map	512	512	265	509	295	142	449.836
68	maps/rooms/8room_084.map	512	512	302	33	455	134	272.853
51	maps/rooms/8room_084.map	512	512	217	426	220	250	206.782
117	maps/rooms/8room_084.map	512	512	419	15	155	259	470.919
95	maps/rooms/8room_084.map	512	512	327	199	250	499	382.037
100	maps/rooms/8room_084.map	512	512	386	308	151	351	400.936
117	maps/rooms/8room_084.map	512	512	249	427	118	78	470.693
50	maps/rooms/8room_084.map	512	512	269	255	132	181	203.853
117	maps/rooms/8room_084.map	512	512	438	500	77	487	471.889
117	maps/rooms/8room_084.map	512	512	120	29	505	124	471.522
87	maps/rooms/8room_084.map	512	512	347	7	490	230	351.137
29	maps/rooms/8room_084.map	512	512	357	380	366	298	117.184
33	maps/rooms/8room_084.map	512	512	407	205	476	282	132.083
117	maps/rooms/8room_084.map	512	512	488	195	129	297	471.534
117	maps/rooms/8room_084.map	512	512	238	143	418	471	471.99
102	maps/rooms/8room_084.map	512	512	92	105	280	291	409.321
116	maps/rooms/8room_084.map	512	512	348	424	66	186	467.546
74	maps/rooms/8room_084.map	512	512	239	391	259	137	298.894
116	maps/rooms/8room_084.map	512	512	470	324	124	407	464.463
40	maps/rooms/8room_084.map	512	512	312	246	210	277	162.196
116	maps/rooms/8room_084.map	512	512	470	333	142	216	467.291
69	maps/rooms/8room_084.map	512	512	277	299	91	162	277.551
32	maps/rooms/8room_084.map	512	512	194	124	258	77	129.569
23	maps/rooms/8room_084.map	512	512	291	218	316	286	92.4975
59	maps/rooms/8room_084.map	512	512	348	5	301	153	239.551
72	maps/rooms/8room_084.map	512	512	243	452	147	226	290.836
44	maps/rooms/8room_084.map	512	512	287	507	194	386	178.267
87	maps/rooms/8room_084.map	512	512	398	162	124	146	349.764
116	maps/rooms/8room_084.map	512	512	68	107	412	219	467.404
106	maps/rooms/8room_084.map	512	512	375	479	123	306	427.718
74	maps/rooms/8room_084.map	512	512	300	445	269	212	299.238
38	maps/rooms/8room_084.map	512	512	158	348	209	392	153.326
116	maps/rooms/8room_084.map	512	512	327	218	14	416	467.877
116	maps/rooms/8room_084.map	512	512	90	149	278	463	467.203
48	maps/rooms/8room_084.map	512	512	491	111	390	11	195.669
116	maps/rooms/8room_084.map	512	512	140	89	69	423	467.09
61	maps/rooms/8room_084.map	512	512	409	221	216	236	245.723
115	maps/rooms/8room_084.map	512	512	69	390	455	313	463.777
62	maps/rooms/8room_084.map	512	512	269	20	254	227	251.095
115	maps/rooms/8room_084.map	512	512	44	100	364	260	463.605
115	maps/rooms/8room_084.map	512	512	249	473	193	70	463.593
17	maps/rooms/8room_084.map	512	512	103	204	95	261	70.799
29	maps/rooms/8room_084.map	512	512	374	53	284	68	116.355
76	maps/rooms/8room_084.map	512	512	203	279	414	171	307.794
115	maps/rooms/8room_084.map	512	512	110	52	248	372	463.421
101	maps/rooms/8room_084.map	512	512	17	28	211	268	404.291
100	maps/rooms/8room_084.map	512	512	323	297	316	15	401.392
115	maps/rooms/8room_084.map	512	512	153	479	396	242	463.664
99	maps/rooms/8room_084.map	512	512	311	229	99	445	397.078
113	maps/rooms/8room_084.map	512	512	142	380	85	79	452.451
73	maps/rooms/8room_084.map	512	512	347	315	120	317	293.894
95	maps/rooms/8room_084.map	512	512	235	111	510	89	380.664
114	maps/rooms/8room_084.map	512	512	424	315	99	233	458.706
45	maps/rooms/8room_084.map	512	512	14	9	62	132	183.61
84	maps/rooms/8room_084.map	512	512	232	146	117	414	339.208
106	maps/rooms/8room_084.map	512	512	292	163	290	482	424.179
114	maps/rooms/8room_084.map	512	512	178	37	382	361	459.161
66	maps/rooms/8room_084.map	512	512	427	8	357	215	264.983
60	maps/rooms/8room_084.map	512	512	174	201	6	315	242.752
114	maps/rooms/8room_084.map	512	512	502	428	258	157	459.191
94	maps/rooms/8room_084.map	512	512	423	327	172	510	376.576
114	maps/rooms/8room_084.map	512	512	488	13	191	205	458.806
31	maps/rooms/8room_084.map	512	512	478	162	394	111	126.255
113	maps/rooms/8room_084.map	512	512	507	44	354	389	455.605
113	maps/rooms/8room_084.map	512	512	210	60	390	371	455.09
69	maps/rooms/8room_084.map	512	512	61	196	138	425	279.238
113	maps/rooms/8room_084.map	512	512	242	3	194	375	455.321
80	maps/rooms/8room_084.map	512	512	48	438	285	317	323.38
86	maps/rooms/8room_084.map	512	512	472	219	318	63	345.622
91	maps/rooms/8room_084.map	512	512	90	34	379	70	365.752
44	maps/rooms/8room_084.map	512	512	377	419	398	381	178.296
60	maps/rooms/8room_084.map	512	512	203	85	399	69	243.539
111	maps/rooms/8room_084.map	512	512	103	383	436	426	446.451
90	maps/rooms/8room_084.map	512	512	217	486	4	285	363.019
23	maps/rooms/8room_084.map	512	512	195	283	117	300	95.8701
22	maps/rooms/8room_084.map	512	512	203	245	238	300	90.1838
47	maps/rooms/8room_084.map	512	512	138	412	211	297	189.882
55	maps/rooms/8room_084.map	512	512	352	278	283	406	223.368
78	maps/rooms/8room_084.map	512	512	356	283	216	457	312.208
93	maps/rooms/8room_084.map	512	512	412	370	142	339	372.563
113	maps/rooms/8room_084.map	512	512	398	201	157	447	455.534
33	maps/rooms/8room_084.map	512	512	38	178	108	258	133.74
45	maps/rooms/8room_084.map	512	512	216	321	120	198	181.51
34	maps/rooms/8room_084.map	512	512	147	267	137	396	136.799
79	maps/rooms/8room_084.map	512	512	23	266	254	354	319.167
88	maps/rooms/8room_084.map	512	512	278	422	182	173	352.823
113	maps/rooms/8room_084.map	512	512	122	88	418	277	455.777
63	maps/rooms/8room_084.map	512	512	471	122	399	293	252.338
113	maps/rooms/8room_084.map	512	512	25	82	418	62	455.25
35	maps/rooms/8room_084.map	512	512	245	361	169	406	141.326
113	maps/rooms/8room_084.map	512	512	59	190	378	275	455.362
32	maps/rooms/8room_084.map	512	512	351	218	406	261	130.326
105	maps/rooms/8room_084.map	512	512	270	205	467	468	421.22
79	maps/rooms/8room_084.map	512	512	158	294	262	502	316.877
112	maps/rooms/8room_084.map	512	512	383	468	284	135	450.635
80	maps/rooms/8room_084.map	512	512	29	435	235	494	322.22
3	maps/rooms/8room_084.map	512	512	441	238	436	228	12.0711
112	maps/rooms/8room_084.map	512	512	169	425	168	99	450.22
112	maps/rooms/8room_084.map	512	512	7	494	25	142	451.078
66	maps/rooms/8room_084.map	512	512	427	399	374	180	265.439
42	maps/rooms/8room_084.map	512	512	105	354	26	248	171.912
112	maps/rooms/8room_084.map	512	512	438	85	233	314	451.362
112	maps/rooms/8room_084.map	512	512	262	90	426	427	451.676
112	maps/rooms/8room_084.map	512	512	398	501	153	274	451.546
73	maps/rooms/8room_084.map	512	512	265	101	500	170	293.723
80	maps/rooms/8room_084.map	512	512	70	495	271	349	321.693
103	maps/rooms/8room_084.map	512	512	159	99	370	291	413.049
14	maps/rooms/8room_084.map	512	512	434	246	412	201	58.799
87	maps/rooms/8room_084.map	512	512	276	190	76	303	351.208
110	maps/rooms/8room_084.map	512	512	386	365	249	27	442.12
111	maps/rooms/8room_084.map	512	512	470	9	172	136	447.392
77	maps/rooms/8room_084.map	512	512	238	374	3	287	310.492
74	maps/rooms/8room_084.map	512	512	243	386	424	248	299.167
6	maps/rooms/8room_084.map	512	512	492	295	501	285	25.4853
51	maps/rooms/8room_084.map	512	512	452	466	364	366	206.61
35	maps/rooms/8room_084.map	512	512	375	102	457	183	143.811
111	maps/rooms/8room_084.map	512	512	388	492	133	315	446.96
48	maps/rooms/8room_084.map	512	512	159	234	4	187	192.468
110	maps/rooms/8room_084.map	512	512	102	394	125	71	440.635
11	maps/rooms/8room_084.map	512	512	171	242	185	222	47.0711
111	maps/rooms/8room_084.map	512	512	394	59	215	338	447.806
83	maps/rooms/8room_084.map	512	512	86	272	352	223	334.522
77	maps/rooms/8room_084.map	512	512	239	425	246	157	308.296
111	maps/rooms/8room_084.map	512	512	390	460	492	102	447.019
71	maps/rooms/8room_084.map	512	512	228	34	5	104	285.51
50	maps/rooms/8room_084.map	512	512	323	249	238	314	201.539
26	maps/rooms/8room_084.map	512	512	266	89	319	42	104.77
91	maps/rooms/8room_084.map	512	512	261	291	118	110	367.581
32	maps/rooms/8room_084.map	512	512	188	396	243	474	128.397
111	maps/rooms/8room_084.map	512	512	25	329	335	148	447.291
86	maps/rooms/8room_084.map	512	512	487	255	262	349	344.522
90	maps/rooms/8room_084.map	512	512	14	143	73	430	363.38
107	maps/rooms/8room_084.map	512	512	83	105	344	236	431.22
89	maps/rooms/8room_084.map	512	512	510	307	217	377	357.936
111	maps/rooms/8room_084.map	512	512	340	87	247	354	447.12
111	maps/rooms/8room_084.map	512	512	452	479	410	135	447.421
63	maps/rooms/8room_084.map	512	512	170	260	315	147	253.823
68	maps/rooms/8room_084.map	512	512	227	303	441	239	272.024
110	maps/rooms/8room_084.map	512	512	453	246	120	192	443.978
27	maps/rooms/8room_084.map	512	512	139	276	102	252	111.669
87	maps/rooms/8room_084.map	512	512	361	54	331	279	350.037
110	maps/rooms/8room_084.map	512	512	156	322	95	12	441.735
29	maps/rooms/8room_084.map	512	512	253	122	351	142	119.255
9	maps/rooms/8room_084.map	512	512	6	105	40	100	36.8995
110	maps/rooms/8room_084.map	512	512	96	172	387	6	443.191
46	maps/rooms/8room_084.map	512	512	236	356	126	434	185.439
85	maps/rooms/8room_084.map	512	512	376	350	92	428	341.279
110	maps/rooms/8room_084.map	512	512	454	152	281	451	443.99
110	maps/rooms/8room_084.map	512	512	70	363	421	430	443.806
79	maps/rooms/8room_084.map	512	512	378	441	152	459	318.492
104	maps/rooms/8room_084.map	512	512	149	494	483	450	416.35
110	maps/rooms/8room_084.map	512	512	398	84	246	388	443.907
41	maps/rooms/8room_084.map	512	512	238	137	317	242	166.468
97	maps/rooms/8room_084.map	512	512	509	412	178	388	389.551
93	maps/rooms/8room_084.map	512	512	444	126	325	382	375.735
65	maps/rooms/8room_084.map	512	512	133	150	310	175	261.238
36	maps/rooms/8room_084.map	512	512	443	187	346	181	147.711
73	maps/rooms/8room_084.map	512	512	171	324	11	471	294.907
90	maps/rooms/8room_084.map	512	512	147	57	185	310	363.877
63	maps/rooms/8room_084.map	512	512	299	315	349	427	254.752
72	maps/rooms/8room_084.map	512	512	152	348	326	229	290.723
3	maps/rooms/8room_084.map	512	512	150	145	152	158	13.8284
28	maps/rooms/8room_084.map	512	512	419	144	504	186	112.255
55	maps/rooms/8room_084.map	512	512	10	131	66	297	221.924
85	maps/rooms/8room_084.map	512	512	243	244	150	507	340.551
109	maps/rooms/8room_084.map	512	512	257	444	383	139	439.392
103	maps/rooms/8room_084.map	512	512	303	468	360	226	413.492
109	maps/rooms/8room_084.map	512	512	346	467	284	158	439.735
109	maps/rooms/8room_084.map	512	512	462	403	187	166	439.948
109	maps/rooms/8room_084.map	512	512	15	475	361	386	439.978
38	maps/rooms/8room_084.map	512	512	318	30	439	18	152.397
69	maps/rooms/8room_084.map	512	512	429	198	242	111	278.794
49	maps/rooms/8room_084.map	512	512	218	70	270	218	197.439
53	maps/rooms/8room_084.map	512	512	107	15	255	9	215.882
100	maps/rooms/8room_084.map	512	512	155	437	88	126	402.492
14	maps/rooms/8room_084.map	512	512	442	355	421	330	57.6985
107	maps/rooms/8room_084.map	512	512	179	489	379	271	430.777
109	maps/rooms/8room_084.map	512	512	430	458	94	492	439.019
49	maps/rooms/8room_084.map	512	512	215	283	191	121	197.882
49	maps/rooms/8room_084.map	512	512	43	135	91	14	198.439
77	maps/rooms/8room_084.map	512	512	84	239	213	47	308.865
28	maps/rooms/8room_084.map	512	512	507	62	406	89	113.355
109	maps/rooms/8room_084.map	512	512	94	182	398	213	439.534
109	maps/rooms/8room_084.map	512	512	166	48	133	393	438.978
108	maps/rooms/8room_084.map	512	512	188	484	219	146	435.652
41	maps/rooms/8room_084.map	512	512	151	297	196	169	164.296
92	maps/rooms/8room_084.map	512	512	461	178	231	325	370.522
73	maps/rooms/8room_084.map	512	512	370	451	265	312	295.966
27	maps/rooms/8room_084.map	512	512	274	131	198	102	108.255
89	maps/rooms/8room_084.map	512	512	184	374	394	293	356.137
108	maps/rooms/8room_084.map	512	512	59	280	353	136	435.463
37	maps/rooms/8room_084.map	512	512	243	228	174	319	151.255
99	maps/rooms/8room_084.map	512	512	251	395	282	51	398.279
108	maps/rooms/8room_084.map	512	512	509	63	284	321	435.635
108	maps/rooms/8room_084.map	512	512	486	390	290	148	435.12
108	maps/rooms/8room_084.map	512	512	353	106	147	275	435.291
32	maps/rooms/8room_084.map	512	512	108	498	54	454	128.326
58	maps/rooms/8room_084.map	512	512	196	407	86	287	235.539
108	maps/rooms/8room_084.map	512	512	313	430	200	89	435.321
102	maps/rooms/8room_084.map	512	512	146	111	29	378	409.605
58	maps/rooms/8room_084.map	512	512	201	35	311	173	235.338
76	maps/rooms/8room_084.map	512	512	108	499	314	408	304.037
9	maps/rooms/8room_084.map	512	512	298	207	331	212	37.0711
46	maps/rooms/8room_084.map	512	512	147	313	101	437	186.711
41	maps/rooms/8room_084.map	512	512	135	217	75	339	166.912
108	maps/rooms/8room_084.map	512	512	231	444	413	167	435.735
55	maps/rooms/8room_084.map	512	512	192	493	371	495	223.953
56	maps/rooms/8room_084.map	512	512	137	35	67	159	227.681
49	maps/rooms/8room_084.map	512	512	354	502	456	376	196.024
103	maps/rooms/8room_084.map	512	512	365	393	191	99	413.22
25	maps/rooms/8room_084.map	512	512	375	402	460	379	102.527
52	maps/rooms/8room_084.map	512	512	248	321	271	500	209.983
102	maps/rooms/8room_084.map	512	512	378	275	127	387	409.35
62	maps/rooms/8room_084.map	512	512	407	419	387	215	251.238
84	maps/rooms/8room_084.map	512	512	462	79	229	194	336.451
108	maps/rooms/8room_084.map	512	512	200	366	133	35	435.362
101	maps/rooms/8room_084.map	512	512	85	426	244	115	407.463
96	maps/rooms/8room_084.map	512	512	153	326	447	351	385.191
108	maps/rooms/8room_084.map	512	512	14	277	334	147	434.635
108	maps/rooms/8room_084.map	512	512	102	459	374	247	435.806
71	maps/rooms/8room_084.map	512	512	447	299	330	492	284.208
60	maps/rooms/8room_084.map	512	512	181	476	328	391	240.794
107	maps/rooms/8room_084.map	512	512	409	38	160	247	431.421
107	maps/rooms/8room_084.map	512	512	48	146	345	328	431.877
54	maps/rooms/8room_084.map	512	512	246	95	390	27	219.439
107	maps/rooms/8room_084.map	512	512	308	407	73	164	431.747
107	maps/rooms/8room_084.map	512	512	438	12	290	294	431.179
96	maps/rooms/8room_084.map	512	512	498	371	499	215	386.605
50	maps/rooms/8room_084.map	512	512	453	429	436	286	201.397
107	maps/rooms/8room_084.map	512	512	376	479	70	356	431.333
106	maps/rooms/8room_084.map	512	512	260	295	499	497	427.492
88	maps/rooms/8room_084.map	512	512	456	173	185	208	354.25
106	maps/rooms/8room_084.map	512	512	408	329	134	404	427.35
106	maps/rooms/8room_084.map	512	512	10	52	11	393	427.078
106	maps/rooms/8room_084.map	512	512	412	429	80	310	427.919
106	maps/rooms/8room_084.map	512	512	469	154	173	318	427.078
103	maps/rooms/8room_084.map	512	512	275	119	74	394	412.534
101	maps/rooms/8room_084.map	512	512	9	392	265	192	405.463
20	maps/rooms/8room_084.map	512	512	450	219	464	263	82.9706
106	maps/rooms/8room_084.map	512	512	21	290	301	506	426.818
106	maps/rooms/8room_084.map	512	512	158	472	264	171	427.693
105	maps/rooms/8room_084.map	512	512	379	329	112	308	423.22
91	maps/rooms/8room_084.map	512	512	47	76	184	330	365.108
64	maps/rooms/8room_084.map	512	512	338	94	388	247	256.681
61	maps/rooms/8room_084.map	512	512	392	245	408	46	246.983
99	maps/rooms/8room_084.map	512	512	494	377	158	390	397.693
91	maps/rooms/8room_084.map	512	512	151	86	268	357	364.409
92	maps/rooms/8room_084.map	512	512	432	281	431	39	368.037
45	maps/rooms/8room_084.map	512	512	133	489	218	414	182.953
83	maps/rooms/8room_084.map	512	512	310	179	86	332	335.35
105	maps/rooms/8room_084.map	512	512	264	170	489	418	423.635
79	maps/rooms/8room_084.map	512	512	215	287	410	332	316.652
105	maps/rooms/8room_084.map	512	512	499	12	230	184	422.948
48	maps/rooms/8room_084.map	512	512	158	40	263	167	194.752
97	maps/rooms/8room_084.map	512	512	199	141	460	232	388.978
77	maps/rooms/8room_084.map	512	512	486	117	292	101	308.024
105	maps/rooms/8room_084.map	512	512	143	430	302	136	422.664
93	maps/rooms/8room_084.map	512	512	286	410	67	194	375.191
73	maps/rooms/8room_084.map	512	512	121	236	43	13	294.681
104	maps/rooms/8room_084.map	512	512	188	403	365	142	417.848
105	maps/rooms/8room_084.map	512	512	139	500	71	146	423.806
105	maps/rooms/8room_084.map	512	512	190	140	104	477	423.392
67	maps/rooms/8room_084.map	512	512	326	390	167	268	268.48
44	maps/rooms/8room_084.map	512	512	286	88	293	117	177.439
84	maps/rooms/8room_084.map	512	512	466	10	220	56	337.865
53	maps/rooms/8room_084.map	512	512	216	389	107	259	214.823
90	maps/rooms/8room_084.map	512	512	313	35	200	298	363.664
60	maps/rooms/8room_084.map	512	512	18	466	200	402	242.61
66	maps/rooms/8room_084.map	512	512	306	121	102	74	264.48
105	maps/rooms/8room_084.map	512	512	476	402	386	105	423.836
89	maps/rooms/8room_084.map	512	512	138	195	252	468	358.463
44	maps/rooms/8room_084.map	512	512	152	119	115	7	179.267
49	maps/rooms/8room_084.map	512	512	339	199	429	111	197.054
104	maps/rooms/8room_084.map	512	512	9	125	328	24	419.179
96	maps/rooms/8room_084.map	512	512	480	158	488	435	384.622
49	maps/rooms/8room_084.map	512	512	213	24	367	14	196.225
79	maps/rooms/8room_084.map	512	512	426	413	405	164	318.995
38	maps/rooms/8room_084.map	512	512	326	280	406	379	154.397
46	maps/rooms/8room_084.map	512	512	187	436	325	502	184.267
72	maps/rooms/8room_084.map	512	512	52	248	293	291	288.51
104	maps/rooms/8room_084.map	512	512	110	76	401	215	419.706
43	maps/rooms/8room_084.map	512	512	402	200	510	281	174.64
99	maps/rooms/8room_084.map	512	512	182	356	264	28	399.563
74	maps/rooms/8room_084.map	512	512	70	122	194	322	296.693
93	maps/rooms/8room_084.map	512	512	63	277	313	245	373.907
89	maps/rooms/8room_084.map	512	512	54	251	350	315	357.137
22	maps/rooms/8room_084.map	512	512	306	427	375	394	91.4975
22	maps/rooms/8room_084.map	512	512	469	410	415	450	88.8701
104	maps/rooms/8room_084.map	512	512	34	373	240	118	419.291
81	maps/rooms/8room_084.map	512	512	206	55	476	57	325.095
70	maps/rooms/8room_084.map	512	512	287	203	347	395	282.794
29	maps/rooms/8room_084.map	512	512	372	46	308	44	117.154
94	maps/rooms/8room_084.map	512	512	199	424	213	105	377.794
79	maps/rooms/8room_084.map	512	512	146	94	195	327	316.451
104	maps/rooms/8room_084.map	512	512	121	105	43	339	419.664
92	maps/rooms/8room_084.map	512	512	43	147	279	342	368.321
57	maps/rooms/8room_084.map	512	512	381	110	317	181	230.681
43	maps/rooms/8room_084.map	512	512	103	210	101	346	173.539
104	maps/rooms/8room_084.map	512	512	410	154	194	386	419.22
89	maps/rooms/8room_084.map	512	512	37	199	282	330	357.764
92	maps/rooms/8room_084.map	512	512	194	134	115	430	369.936
104	maps/rooms/8room_084.map	512	512	499	312	189	453	419.233
103	maps/rooms/8room_084.map	512	512	137	387	23	72	415.108
103	maps/rooms/8room_084.map	512	512	486	88	191	205	415.321
82	maps/rooms/8room_084.map	512	512	151	130	418	142	328.966
103	maps/rooms/8room_084.map	512	512	237	187	38	467	415.191
73	maps/rooms/8room_084.map	512	512	307	63	131	175	292.752
102	maps/rooms/8room_084.map	512	512	407	502	458	151	411.806
93	maps/rooms/8room_084.map	512	512	147	445	22	158	372.492
102	maps/rooms/8room_084.map	512	512	333	500	219	206	411.622
102	maps/rooms/8room_084.map	512	512	504	275	312	70	411.007
101	maps/rooms/8room_084.map	512	512	408	424	234	136	407.22
101	maps/rooms/8room_084.map	512	512	430	52	273	331	407.321
101	maps/rooms/8room_084.map	512	512	159	301	319	77	407.362
81	maps/rooms/8room_084.map	512	512	35	498	132	250	325.735
78	maps/rooms/8room_084.map	512	512	379	186	396	435	315.966
75	maps/rooms/8room_084.map	512	512	90	484	171	297	300.551
101	maps/rooms/8room_084.map	512	512	372	507	238	246	407.25
101	maps/rooms/8room_084.map	512	512	430	306	192	70	407.948
35	maps/rooms/8room_084.map	512	512	134	202	37	264	142.397
68	maps/rooms/8room_084.map	512	512	170	222	227	435	274.208
100	maps/rooms/8room_084.map	512	512	359	98	391	387	402.907
100	maps/rooms/8room_084.map	512	512	18	488	315	367	403.806
100	maps/rooms/8room_084.map	512	512	108	444	325	226	403.735
71	maps/rooms/8room_084.map	512	512	89	182	92	421	284.409
100	maps/rooms/8room_084.map	512	512	486	499	204	396	403.735
100	maps/rooms/8room_084.map	512	512	280	18	248	371	403.936
100	maps/rooms/8room_084.map	512	512	69	427	415	399	403.421
59	maps/rooms/8room_084.map	512	512	141	318	299	216	239.095
99	maps/rooms/8room_084.map	512	512	302	138	212	446	398.794
99	maps/rooms/8room_084.map	512	512	393	246	146	440	399.735
94	maps/rooms/8room_084.map	512	512	174	53	447	108	378.291
30	maps/rooms/8room_084.map	512	512	198	168	264	242	122.912
96	maps/rooms/8room_084.map	512	512	477	504	300	358	385.007
82	maps/rooms/8room_084.map	512	512	131	280	374	370	331.735
57	maps/rooms/8room_084.map	512	512	344	246	152	215	229.409
48	maps/rooms/8room_084.map	512	512	198	501	179	377	195.066
99	maps/rooms/8room_084.map	512	512	190	463	457	280	398.919
98	maps/rooms/8room_084.map	512	512	106	130	274	408	395.605
98	maps/rooms/8room_084.map	512	512	486	350	354	163	394.907
25	maps/rooms/8room_084.map	512	512	121	76	191	116	103.799
98	maps/rooms/8room_084.map	512	512	341	13	421	279	395.38
49	maps/rooms/8room_084.map	512	512	310	437	283	503	196.539
98	maps/rooms/8room_084.map	512	512	191	206	430	432	395.534
98	maps/rooms/8room_084.map	512	512	111	440	419	345	395.836
47	maps/rooms/8room_084.map	512	512	125	235	10	345	189.853
90	maps/rooms/8room_084.map	512	512	3	454	107	173	363.492
61	maps/rooms/8room_084.map	512	512	501	413	457	286	247.51
47	maps/rooms/8room_084.map	512	512	284	133	286	108	188.782
47	maps/rooms/8room_084.map	512	512	348	477	471	406	189.095
98	maps/rooms/8room_084.map	512	512	237	108	44	345	395.421
23	maps/rooms/8room_084.map	512	512	206	277	171	212	95.4975
97	maps/rooms/8room_084.map	512	512	216	431	57	146	391.948
71	maps/rooms/8room_084.map	512	512	509	15	406	228	287.137
97	maps/rooms/8room_084.map	512	512	340	360	430	82	391.764
97	maps/rooms/8room_084.map	512	512	164	164	396	389	390.806
97	maps/rooms/8room_084.map	512	512	389	222	125	347	391.735
96	maps/rooms/8room_084.map	512	512	376	426	124	267	386.605
46	maps/rooms/8room_084.map	512	512	27	155	158	148	185.924
96	maps/rooms/8room_084.map	512	512	279	390	85	172	387.605
95	maps/rooms/8room_084.map	512	512	135	466	185	147	383.936
95	maps/rooms/8room_084.map	512	512	431	254	152	111	383.463
54	maps/rooms/8room_084.map	512	512	15	399	189	406	219.326
95	maps/rooms/8room_084.map	512	512	71	3	358	137	383.534
54	maps/rooms/8room_084.map	512	512	478	51	316	24	219.853
95	maps/rooms/8room_084.map	512	512	483	430	171	398	383.279
91	maps/rooms/8room_084.map	512	512	143	179	402	158	365.907
95	maps/rooms/8room_084.map	512	512	509	254	214	201	383.806
95	maps/rooms/8room_084.map	512	512	235	423	381	162	383.108
95	maps/rooms/8room_084.map	512	512	374	146	85	255	382.836
70	maps/rooms/8room_084.map	512	512	31	126	198	270	281.208
46	maps/rooms/8room_084.map	512	512	228	195	165	309	184.196
52	maps/rooms/8room_084.map	512	512	408	485	452	348	208.439
94	maps/rooms/8room_084.map	512	512	281	495	231	170	379.995
94	maps/rooms/8room_084.map	512	512	366	229	78	143	378.794
78	maps/rooms/8room_084.map	512	512	259	210	71	374	315.179
90	maps/rooms/8room_084.map	512	512	133	486	100	182	362.966
94	maps/rooms/8room_084.map	512	512	429	74	426	372	378.865
94	maps/rooms/8room_084.map	512	512	282	108	228	299	379.593
93	maps/rooms/8room_084.map	512	512	87	392	163	114	375.321
93	maps/rooms/8room_084.map	512	512	133	43	422	151	375.877
93	maps/rooms/8room_084.map	512	512	379	317	139	314	375.936
88	maps/rooms/8room_084.map	512	512	468	505	445	220	355.48
93	maps/rooms/8room_084.map	512	512	471	317	370	60	372.451
43	maps/rooms/8room_084.map	512	512	437	331	308	415	175.51
92	maps/rooms/8room_084.map	512	512	58	174	282	379	371.191
78	maps/rooms/8room_084.map	512	512	169	260	18	458	315.25
86	maps/rooms/8room_084.map	512	512	276	476	185	232	345.978
33	maps/rooms/8room_084.map	512	512	262	359	201	278	132.184
92	maps/rooms/8room_084.map	512	512	375	138	84	226	371.936
92	maps/rooms/8room_084.map	512	512	378	374	186	139	371.392
92	maps/rooms/8room_084.map	512	512	459	7	171	46	371.35
60	maps/rooms/8room_084.map	512	512	279	484	450	440	243.551
65	maps/rooms/8room_084.map	512	512	95	12	287	116	263.723
83	maps/rooms/8room_084.map	512	512	41	162	227	55	333.007
68	maps/rooms/8room_084.map	512	512	206	276	231	79	275.037
90	maps/rooms/8room_084.map	512	512	462	57	167	82	363.924
90	maps/rooms/8room_084.map	512	512	317	31	245	310	363.936
67	maps/rooms/8room_084.map	512	512	178	418	93	232	268.823
63	maps/rooms/8room_084.map	512	512	6	88	20	292	252.853
78	maps/rooms/8room_084.map	512	512	356	10	292	199	315.108
90	maps/rooms/8room_084.map	512	512	169	476	262	196	363.693
72	maps/rooms/8room_084.map	512	512	24	245	146	370	291.208
90	maps/rooms/8room_084.map	512	512	348	424	452	194	363.664
88	maps/rooms/8room_084.map	512	512	114	214	399	142	355.794
88	maps/rooms/8room_084.map	512	512	425	41	425	272	355.066
87	maps/rooms/8room_084.map	512	512	235	35	470	184	351.38
87	maps/rooms/8room_084.map	512	512	415	35	102	39	351.51
87	maps/rooms/8room_084.map	512	512	421	107	218	282	351.865
87	maps/rooms/8room_084.map	512	512	425	388	196	205	351.664
31	maps/rooms/8room_084.map	512	512	409	348	307	382	127.154
86	maps/rooms/8room_084.map	512	512	143	463	208	170	347.037
56	maps/rooms/8room_084.map	512	512	495	487	362	406	224.125
86	maps/rooms/8room_084.map	512	512	121	125	56	415	347.066
72	maps/rooms/8room_084.map	512	512	510	274	290	392	290.25
64	maps/rooms/8room_084.map	512	512	156	78	211	213	259.622
86	maps/rooms/8room_084.map	512	512	95	264	371	257	347.693
39	maps/rooms/8room_084.map	512	512	255	140	310	42	158.497
86	maps/rooms/8room_084.map	512	512	471	143	400	431	347.007
57	maps/rooms/8room_084.map	512	512	259	101	94	53	229.652
54	maps/rooms/8room_084.map	512	512	146	484	84	358	218.61
76	maps/rooms/8room_084.map	512	512	170	29	383	141	305.451
58	maps/rooms/8room_084.map	512	512	437	195	493	5	235.054
86	maps/rooms/8room_084.map	512	512	229	313	186	66	347.764
85	maps/rooms/8room_084.map	512	512	343	259	50	269	343.108
24	maps/rooms/8room_084.map	512	512	324	172	316	188	99.7401
85	maps/rooms/8room_084.map	512	512	86	204	327	146	343.451
85	maps/rooms/8room_084.map	512	512	300	501	425	283	343.25
84	maps/rooms/8room_084.map	512	512	447	106	186	144	339.108
37	maps/rooms/8room_084.map	512	512	412	58	437	114	149.426
39	maps/rooms/8room_084.map	512	512	221	326	137	380	156.326
36	maps/rooms/8room_084.map	512	512	505	179	470	76	144.912
84	maps/rooms/8room_084.map	512	512	262	72	418	298	339.179
81	maps/rooms/8room_084.map	512	512	195	344	459	323	325.35
2	maps/rooms/8room_084.map	512	512	187	168	196	172	10.6569
84	maps/rooms/8room_084.map	512	512	72	314	352	266	339.966
84	maps/rooms/8room_084.map	512	512	9	319	258	217	339.108
77	maps/rooms/8room_084.map	512	512	96	261	181	508	308.451
58	maps/rooms/8room_084.map	512	512	199	298	281	120	233.48
84	maps/rooms/8room_084.map	512	512	92	309	55	51	339.551
83	maps/rooms/8room_084.map	512	512	482	101	303	283	335.35
83	maps/rooms/8room_084.map	512	512	29	83	197	304	335.735
34	maps/rooms/8room_084.map	512	512	380	179	386	89	138.77
82	maps/rooms/8room_084.map	512	512	500	202	241	153	331.037
82	maps/rooms/8room_084.map	512	512	283	56	437	227	331.25
81	maps/rooms/8room_084.map	512	512	187	374	268	121	327.823
81	maps/rooms/8room_084.map	512	512	342	92	171	136	327.61
81	maps/rooms/8room_084.map	512	512	47	500	159	252	327.907
81	maps/rooms/8room_084.map	512	512	406	362	204	189	327.593
70	maps/rooms/8room_084.map	512	512	277	133	86	19	282.764
23	maps/rooms/8room_084.map	512	512	127	215	147	138	95.4264
80	maps/rooms/8room_084.map	512	512	332	134	341	391	323.179
80	maps/rooms/8room_084.map	512	512	188	59	333	283	323.149
40	maps/rooms/8room_084.map	512	512	53	482	142	431	161.196
80	maps/rooms/8room_084.map	512	512	251	390	500	365	323.279
80	maps/rooms/8room_084.map	512	512	341	366	183	159	323.25
80	maps/rooms/8room_084.map	512	512	183	158	367	354	323.764
52	maps/rooms/8room_084.map	512	512	121	148	211	34	209.882
47	maps/rooms/8room_084.map	512	512	311	269	206	361	189.225
54	maps/rooms/8room_084.map	512	512	103	377	123	204	219.024
80	maps/rooms/8room_084.map	512	512	185	410	28	211	323.037
78	maps/rooms/8room_084.map	512	512	409	170	190	284	315.794
77	maps/rooms/8room_084.map	512	512	267	121	363	351	311.865
72	maps/rooms/8room_084.map	512	512	279	215	327	21	289.865
76	maps/rooms/8room_084.map	512	512	44	39	164	249	306.794
76	maps/rooms/8room_084.map	512	512	452	83	270	239	307.622
75	maps/rooms/8room_084.map	512	512	67	286	295	252	300.451
76	maps/rooms/8room_084.map	512	512	212	215	459	216	305.522
76	maps/rooms/8room_084.map	512	512	130	136	327	286	306.622
20	maps/rooms/8room_084.map	512	512	364	200	331	183	83.6985
75	maps/rooms/8room_084.map	512	512	91	252	319	142	303.966
75	maps/rooms/8room_084.map	512	512	21	485	147	276	303.25
74	maps/rooms/8room_084.map	512	512	9	88	167	284	298.936
74	maps/rooms/8room_084.map	512	512	13	260	228	157	299.48
36	maps/rooms/8room_084.map	512	512	362	322	422	357	147.912
74	maps/rooms/8room_084.map	512	512	77	488	154	264	299.066
67	maps/rooms/8room_084.map	512	512	311	79	245	219	269.924
74	maps/rooms/8room_084.map	512	512	122	104	345	145	299.723
74	maps/rooms/8room_084.map	512	512	473	146	260	245	299.622
33	maps/rooms/8room_084.map	512	512	189	153	133	204	133.468
72	maps/rooms/8room_084.map	512	512	468	456	246	374	290.752
56	maps/rooms/8room_084.map	512	512	198	444	359	439	224.066
39	maps/rooms/8room_084.map	512	512	305	271	255	158	156.74
72	maps/rooms/8room_084.map	512	512	139	342	243	117	291.652
71	maps/rooms/8room_084.map	512	512	426	79	320	259	287.681
60	maps/rooms/8room_084.map	512	512	8	14	200	77	243.51
71	maps/rooms/8room_084.map	512	512	249	491	317	271	286.995
71	maps/rooms/8room_084.map	512	512	340	170	115	83	286.794
71	maps/rooms/8room_084.map	512	512	149	458	296	286	287.894
71	maps/rooms/8room_084.map	512	512	143	361	302	507	287.35
70	maps/rooms/8room_084.map	512	512	126	199	165	426	283.924
70	maps/rooms/8room_084.map	512	512	247	67	151	263	282.794
69	maps/rooms/8room_084.map	512	512	173	130	354	266	279.309
65	maps/rooms/8room_084.map	512	512	451	107	353	232	260.581
69	maps/rooms/8room_084.map	512	512	511	436	340	303	279.238
69	maps/rooms/8room_084.map	512	512	25	503	139	307	279.179
68	maps/rooms/8room_084.map	512	512	201	187	77	379	275.037
68	maps/rooms/8room_084.map	512	512	361	26	264	192	275.652
59	maps/rooms/8room_084.map	512	512	178	502	45	456	239.894
39	maps/rooms/8room_084.map	512	512	223	419	114	367	158.255
68	maps/rooms/8room_084.map	512	512	503	447	338	299	275.652
68	maps/rooms/8room_084.map	512	512	220	121	344	309	275.966
67	maps/rooms/8room_084.map	512	512	12	22	52	235	271.652
42	maps/rooms/8room_084.map	512	512	43	153	82	292	170.811
67	maps/rooms/8room_084.map	512	512	63	270	188	443	271.48
67	maps/rooms/8room_084.map	512	512	104	399	197	178	271.823
54	maps/rooms/8room_084.map	512	512	393	441	263	470	219.267
67	maps/rooms/8room_084.map	512	512	140	259	324	379	271.966
67	maps/rooms/8room_084.map	512	512	405	185	267	110	271.693
66	maps/rooms/8room_084.map	512	512	38	332	242	378	267.279
66	maps/rooms/8room_084.map	512	512	13	115	213	54	266.681
59	maps/rooms/8room_084.map	512	512	150	489	77	327	239.51
48	maps/rooms/8room_084.map	512	512	451	244	333	300	193.782
66	maps/rooms/8room_084.map	512	512	397	247	487	49	267.681
59	maps/rooms/8room_084.map	512	512	127	371	231	233	239.924
66	maps/rooms/8room_084.map	512	512	504	301	338	162	267.066
65	maps/rooms/8room_084.map	512	512	171	73	105	231	263.137
65	maps/rooms/8room_084.map	512	512	435	220	259	335	263.409
65	maps/rooms/8room_084.map	512	512	503	201	325	93	263.137
64	maps/rooms/8room_084.map	512	512	115	60	133	165	259.309
64	maps/rooms/8room_084.map	512	512	435	374	270	438	259.409
54	maps/rooms/8room_084.map	512	512	424	427	310	459	219.581
59	maps/rooms/8room_084.map	512	512	313	412	389	302	237.238
64	maps/rooms/8room_084.map	512	512	76	361	187	191	259.61
63	maps/rooms/8room_084.map	512	512	15	27	242	55	255.811
52	maps/rooms/8room_084.map	512	512	299	195	163	181	208.61
63	maps/rooms/8room_084.map	512	512	418	502	340	315	255.652
63	maps/rooms/8room_084.map	512	512	34	441	45	238	255.882
58	maps/rooms/8room_084.map	512	512	126	173	301	215	234.924
58	maps/rooms/8room_084.map	512	512	261	467	176	290	235.48
58	maps/rooms/8room_084.map	512	512	7	338	197	281	235.61
58	maps/rooms/8room_084.map	512	512	141	167	71	358	235.995
58	maps/rooms/8room_084.map	512	512	98	494	98	307	235.995
57	maps/rooms/8room_084.map	512	512	58	419	255	370	231.782
57	maps/rooms/8room_084.map	512	512	59	502	76	315	231.439
57	maps/rooms/8room_084.map	512	512	490	70	368	207	231.61
57	maps/rooms/8room_084.map	512	512	155	415	340	373	231.711
57	maps/rooms/8room_084.map	512	512	347	487	212	418	231.581
56	maps/rooms/8room_084.map	512	512	372	99	317	239	227.125
56	maps/rooms/8room_084.map	512	512	376	70	282	139	227.125
56	maps/rooms/8room_084.map	512	512	324	340	375	194	227.267
56	maps/rooms/8room_084.map	512	512	402	322	320	413	227.995
54	maps/rooms/8room_084.map	512	512	110	173	212	84	219.167
53	maps/rooms/8room_084.map	512	512	476	30	374	169	215.368
34	maps/rooms/8room_084.map	512	512	205	390	103	367	136.841
53	maps/rooms/8room_084.map	512	512	121	412	234	294	215.125
53	maps/rooms/8room_084.map	512	512	200	41	244	210	215.995
53	maps/rooms/8room_084.map	512	512	112	413	263	331	215.711
53	maps/rooms/8room_084.map	512	512	474	85	357	213	215.853
53	maps/rooms/8room_084.map	512	512	24	99	71	260	215.681
52	maps/rooms/8room_084.map	512	512	247	292	133	177	211.853
52	maps/rooms/8room_084.map	512	512	149	443	174	283	211.711
52	maps/rooms/8room_084.map	512	512	462	435	424	270	211.569
52	maps/rooms/8room_084.map	512	512	360	260	249	142	211.167
51	maps/rooms/8room_084.map	512	512	267	510	344	380	207.61
51	maps/rooms/8room_084.map	512	512	446	262	414	148	207.296
51	maps/rooms/8room_084.map	512	512	367	344	388	212	207.267
51	maps/rooms/8room_084.map	512	512	134	160	271	223	207.196
50	maps/rooms/8room_084.map	512	512	34	149	99	304	203.439
42	maps/rooms/8room_084.map	512	512	92	37	243	38	169.113
50	maps/rooms/8room_084.map	512	512	119	409	165	232	203.225
50	maps/rooms/8room_084.map	512	512	254	365	322	226	203.853
50	maps/rooms/8room_084.map	512	512	205	444	274	330	202.983
49	maps/rooms/8room_084.map	512	512	185	200	247	351	199.912
48	maps/rooms/8room_084.map	512	512	21	93	180	46	195.782
48	maps/rooms/8room_084.map	512	512	270	30	207	171	195.296
48	maps/rooms/8room_084.map	512	512	267	245	396	166	195.782
48	maps/rooms/8room_084.map	512	512	454	338	468	467	195.569
47	maps/rooms/8room_084.map	512	512	154	474	217	370	191.953
47	maps/rooms/8room_084.map	512	512	325	428	354	278	190.983
46	maps/rooms/8room_084.map	512	512	476	153	430	306	187.711
22	maps/rooms/8room_084.map	512	512	302	132	319	179	91.598
20	maps/rooms/8room_084.map	512	512	452	471	384	498	82.6985
46	maps/rooms/8room_084.map	512	512	173	348	312	283	187.054
46	maps/rooms/8room_084.map	512	512	188	329	102	202	187.368
46	maps/rooms/8room_084.map	512	512	453	154	429	310	187.539
46	maps/rooms/8room_084.map	512	512	379	460	429	318	187.196
45	maps/rooms/8room_084.map	512	512	379	23	256	12	183.782
41	maps/rooms/8room_084.map	512	512	158	458	60	393	164.74
45	maps/rooms/8room_084.map	512	512	427	422	338	296	183.953
45	maps/rooms/8room_084.map	512	512	263	201	220	61	183.953
45	maps/rooms/8room_084.map	512	512	346	204	248	311	183.711
44	maps/rooms/8room_084.map	512	512	259	413	165	445	179.924
44	maps/rooms/8room_084.map	512	512	483	100	398	10	178.841
44	maps/rooms/8room_084.map	512	512	398	334	456	188	179.397
43	maps/rooms/8room_084.map	512	512	326	195	438	227	175.196
43	maps/rooms/8room_084.map	512	512	478	252	400	357	175.267
43	maps/rooms/8room_084.map	512	512	183	246	271	144	175.782
42	maps/rooms/8room_084.map	512	512	470	260	369	184	171.912
42	maps/rooms/8room_084.map	512	512	94	473	205	392	171.782
42	maps/rooms/8room_084.map	512	512	50	287	56	411	171.841
35	maps/rooms/8room_084.map	512	512	329	422	399	421	143.468
42	maps/rooms/8room_084.map	512	512	100	301	221	368	171.581
41	maps/rooms/8room_084.map	512	512	347	406	220	359	167.64
41	maps/rooms/8room_084.map	512	512	425	151	284	139	167.569
20	maps/rooms/8room_084.map	512	512	173	154	197	99	83.6274
28	maps/rooms/8room_084.map	512	512	263	127	229	53	112.184
41	maps/rooms/8room_084.map	512	512	284	427	344	319	166.912
41	maps/rooms/8room_084.map	512	512	335	269	199	281	167.598
41	maps/rooms/8room_084.map	512	512	247	509	246	363	167.669
40	maps/rooms/8room_084.map	512	512	103	204	197	303	163.368
40	maps/rooms/8room_084.map	512	512	171	105	242	198	163.054
40	maps/rooms/8room_084.map	512	512	437	339	317	419	163.681
40	maps/rooms/8room_084.map	512	512	499	510	417	426	163.598
40	maps/rooms/8room_084.map	512	512	424	266	306	270	163.296
40	maps/rooms/8room_084.map	512	512	5	85	125	79	162.912
40	maps/rooms/8room_084.map	512	512	74	31	78	149	163.497
39	maps/rooms/8room_084.map	512	512	508	206	405	122	158.882
39	maps/rooms/8room_084.map	512	512	363	325	428	370	159.983
39	maps/rooms/8room_084.map	512	512	349	23	408	101	158.598
39	maps/rooms/8room_084.map	512	512	315	410	284	479	159.054
24	maps/rooms/8room_084.map	512	512	89	220	72	151	98.4264
39	maps/rooms/8room_084.map	512	512	372	392	236	375	159.225
39	maps/rooms/8room_084.map	512	512	5	63	26	163	159.569
38	maps/rooms/8room_084.map	512	512	319	441	235	420	154.782
38	maps/rooms/8room_084.map	512	512	494	126	381	171	155.983
38	maps/rooms/8room_084.map	512	512	105	204	231	187	155.184
33	maps/rooms/8room_084.map	512	512	486	397	440	466	132.882
14	maps/rooms/8room_084.map	512	512	110	252	99	203	57.799
38	maps/rooms/8room_084.map	512	512	219	489	248	359	155.184
38	maps/rooms/8room_084.map	512	512	349	328	293	440	155.397
37	maps/rooms/8room_084.map	512	512	98	456	137	348	151.811
37	maps/rooms/8room_084.map	512	512	194	165	280	261	151.539
37	maps/rooms/8room_084.map	512	512	51	284	62	159	150.669
19	maps/rooms/8room_084.map	512	512	197	508	264	489	79.3553
37	maps/rooms/8room_084.map	512	512	479	455	421	351	151.012
37	maps/rooms/8room_084.map	512	512	195	457	94	391	151.61
36	maps/rooms/8room_084.map	512	512	375	219	294	218	147.882
36	maps/rooms/8room_084.map	512	512	163	140	104	232	147.368
36	maps/rooms/8room_084.map	512	512	318	214	396	260	147.012
36	maps/rooms/8room_084.map	512	512	108	38	242	55	147.184
36	maps/rooms/8room_084.map	512	512	89	103	160	115	147.912
36	maps/rooms/8room_084.map	512	512	315	294	238	251	147.196
35	maps/rooms/8room_084.map	512	512	483	443	369	479	143.497
35	maps/rooms/8room_084.map	512	512	196	140	267	50	143.083
35	maps/rooms/8room_084.map	512	512	444	492	333	489	143.74
29	maps/rooms/8room_084.map	512	512	59	482	118	469	116.326
34	maps/rooms/8room_084.map	512	512	173	315	82	377	139.711
34	maps/rooms/8room_084.map	512	512	183	74	286	127	139.296
34	maps/rooms/8room_084.map	512	512	157	109	254	86	138.912
34	maps/rooms/8room_084.map	512	512	376	393	421	294	139.054
33	maps/rooms/8room_084.map	512	512	158	476	131	395	134.77
33	maps/rooms/8room_084.map	512	512	380	215	301	231	135.811
33	maps/rooms/8room_084.map	512	512	246	163	350	138	135.669
33	maps/rooms/8room_084.map	512	512	489	466	402	413	135.598
32	maps/rooms/8room_084.map	512	512	110	424	207	376	131.083
32	maps/rooms/8room_084.map	512	512	122	204	197	290	131.711
32	maps/rooms/8room_084.map	512	512	71	232	185	208	131.355
32	maps/rooms/8room_084.map	512	512	40	3	143	37	131.912
32	maps/rooms/8room_084.map	512	512	58	20	30	120	131.598
32	maps/rooms/8room_084.map	512	512	284	71	357	106	131.841
31	maps/rooms/8room_084.map	512	512	434	98	372	182	127.255
31	maps/rooms/8room_084.map	512	512	121	436	189	375	127.468
31	maps/rooms/8room_084.map	512	512	423	171	342	221	127.426
31	maps/rooms/8room_084.map	512	512	106	500	186	458	127.598
31	maps/rooms/8room_084.map	512	512	410	332	390	343	127.284
31	maps/rooms/8room_084.map	512	512	294	205	261	124	127.497
30	maps/rooms/8room_084.map	512	512	154	214	228	152	123.598
30	maps/rooms/8room_084.map	512	512	484	390	383	394	123.083
30	maps/rooms/8room_084.map	512	512	376	231	263	216	123.698
30	maps/rooms/8room_084.map	512	512	37	157	101	238	123.326
30	maps/rooms/8room_084.map	512	512	133	315	61	381	122.912
25	maps/rooms/8room_084.map	512	512	59	421	142	389	100.255
30	maps/rooms/8room_084.map	512	512	303	39	265	127	123.255
30	maps/rooms/8room_084.map	512	512	196	458	290	419	123.468
30	maps/rooms/8room_084.map	512	512	427	438	366	353	123.296
30	maps/rooms/8room_084.map	512	512	227	149	260	53	123.811
29	maps/rooms/8room_084.map	512	512	84	456	138	392	119.74
29	maps/rooms/8room_084.map	512	512	126	358	191	313	119.497
29	maps/rooms/8room_084.map	512	512	440	88	451	190	119.184
29	maps/rooms/8room_084.map	512	512	373	310	341	266	119.841
29	maps/rooms/8room_084.map	512	512	308	454	351	391	119.397
28	maps/rooms/8room_084.map	512	512	396	456	396	389	115.953
28	maps/rooms/8room_084.map	512	512	418	371	344	329	115.841
28	maps/rooms/8room_084.map	512	512	278	322	343	308	115.426
28	maps/rooms/8room_084.map	512	512	233	123	285	47	115.74
28	maps/rooms/8room_084.map	512	512	11	12	17	99	115.184
27	maps/rooms/8room_084.map	512	512	170	355	254	372	110.983
27	maps/rooms/8room_084.map	512	512	242	243	215	338	111.698
23	maps/rooms/8room_084.map	512	512	54	359	118	393	95.4975
27	maps/rooms/8room_084.map	512	512	424	502	408	419	111.426
27	maps/rooms/8room_084.map	512	512	349	231	248	223	111.284
10	maps/rooms/8room_084.map	512	512	253	133	293	138	42.0711
27	maps/rooms/8room_084.map	512	512	133	458	114	363	111.497
26	maps/rooms/8room_084.map	512	512	315	104	288	47	107.941
26	maps/rooms/8room_084.map	512	512	120	402	100	308	107.355
26	maps/rooms/8room_084.map	512	512	201	455	284	424	107.983
26	maps/rooms/8room_084.map	512	512	72	418	82	350	107.598
26	maps/rooms/8room_084.map	512	512	155	498	186	424	107.184
26	maps/rooms/8room_084.map	512	512	191	220	106	244	107.77
26	maps/rooms/8room_084.map	512	512	120	364	57	307	107.941
25	maps/rooms/8room_084.map	512	512	470	268	426	346	103.64
25	maps/rooms/8room_084.map	512	512	396	295	394	235	103.255
25	maps/rooms/8room_084.map	512	512	138	506	183	461	103.355
25	maps/rooms/8room_084.map	512	512	438	186	370	198	103.255
25	maps/rooms/8room_084.map	512	512	164	425	196	495	103.497
25	maps/rooms/8room_084.map	512	512	462	121	444	207	103.012
24	maps/rooms/8room_084.map	512	512	430	78	349	58	99.2843
15	maps/rooms/8room_084.map	512	512	73	23	66	68	60.0416
24	maps/rooms/8room_084.map	512	512	326	101	398	129	99.9411
24	maps/rooms/8room_084.map	512	512	188	85	233	137	98.8406
24	maps/rooms/8room_084.map	512	512	39	253	30	175	99.669
24	maps/rooms/8room_084.map	512	512	406	441	472	471	98.6274
24	maps/rooms/8room_084.map	512	512	178	264	243	223	99.0122
23	maps/rooms/8room_084.map	512	512	44	31	47	114	94.9706
23	maps/rooms/8room_084.map	512	512	204	492	238	426	95.9411
23	maps/rooms/8room_084.map	512	512	173	491	231	456	95.8701
22	maps/rooms/8room_084.map	512	512	249	415	214	345	91.1838
19	maps/rooms/8room_084.map	512	512	34	248	30	275	78.1127
22	maps/rooms/8room_084.map	512	512	232	414	293	419	91.9828
22	maps/rooms/8room_084.map	512	512	116	393	196	397	91.799
4	maps/rooms/8room_084.map	512	512	438	339	443	327	17.7279
22	maps/rooms/8room_084.map	512	512	79	373	76	289	91.8701
22	maps/rooms/8room_084.map	512	512	299	69	267	93	91.0122
21	maps/rooms/8room_084.map	512	512	306	88	273	51	87.9411
21	maps/rooms/8room_084.map	512	512	95	306	157	279	87.8701
21	maps/rooms/8room_084.map	512	512	34	213	105	227	86.598
21	maps/rooms/8room_084.map	512	512	167	162	206	108	87.9706
21	maps/rooms/8room_084.map	512	512	150	283	95	234	87.0122
21	maps/rooms/8room_084.map	512	512	125	291	183	330	87.5685
20	maps/rooms/8room_084.map	512	512	483	27	450	76	83.1127
20	maps/rooms/8room_084.map	512	512	499	104	470	170	83.5269
20	maps/rooms/8room_084.map	512	512	298	280	263	222	83.8701
20	maps/rooms/8room_084.map	512	512	397	174	354	219	83.9411
20	maps/rooms/8room_084.map	512	512	201	509	169	466	83.4264
20	maps/rooms/8room_084.map	512	512	243	299	243	223	83.3137
19	maps/rooms/8room_084.map	512	512	325	419	308	380	79.6985
19	maps/rooms/8room_084.map	512	512	130	251	181	299	79.669
19	maps/rooms/8room_084.map	512	512	67	25	47	88	79.2843
19	maps/rooms/8room_084.map	512	512	45	167	91	172	79.8701
19	maps/rooms/8room_084.map	512	512	173	89	186	127	79.1838
19	maps/rooms/8room_084.map	512	512	492	238	451	277	79.9411
18	maps/rooms/8room_084.map	512	512	259	173	208	204	75.4558
18	maps/rooms/8room_084.map	512	512	476	424	425	396	75.9706
18	maps/rooms/8room_084.map	512	512	92	274	144	271	74.598
18	maps/rooms/8room_084.map	512	512	251	285	246	354	75.5563
18	maps/rooms/8room_084.map	512	512	26	172	15	106	75.0416
18	maps/rooms/8room_084.map	512	512	278	222	217	204	75.4264
18	maps/rooms/8room_084.map	512	512	282	488	331	501	75.8406
18	maps/rooms/8room_084.map	512	512	461	347	456	302	75.598
17	maps/rooms/8room_084.map	512	512	331	76	377	105	71.7279
17	maps/rooms/8room_084.map	512	512	263	131	324	147	71.2843
17	maps/rooms/8room_084.map	512	512	262	248	318	260	71.0122
17	maps/rooms/8room_084.map	512	512	453	371	425	385	71.5563
17	maps/rooms/8room_084.map	512	512	197	391	253	373	71.4558
17	maps/rooms/8room_084.map	512	512	319	229	334	291	71.8701
17	maps/rooms/8room_084.map	512	512	308	318	309	281	71.1127
17	maps/rooms/8room_084.map	512	512	108	410	170	424	70.6274
17	maps/rooms/8room_084.map	512	512	462	221	425	261	71.1421
16	maps/rooms/8room_084.map	512	512	430	258	372	249	67.0416
16	maps/rooms/8room_084.map	512	512	191	240	197	294	67.598
16	maps/rooms/8room_084.map	512	512	276	23	315	39	66.9411
16	maps/rooms/8room_084.map	512	512	61	221	74	269	67.5269
12	maps/rooms/8room_084.map	512	512	86	247	43	246	51.799
16	maps/rooms/8room_084.map	512	512	494	471	454	438	67.3848
16	maps/rooms/8room_084.map	512	512	63	335	37	279	67.9411
16	maps/rooms/8room_084.map	512	512	63	357	90	310	67.5563
16	maps/rooms/8room_084.map	512	512	300	244	261	205	67.9411
16	maps/rooms/8room_084.map	512	512	376	485	351	439	67.8701
15	maps/rooms/8room_084.map	512	512	390	162	351	137	63.6985
15	maps/rooms/8room_084.map	512	512	263	377	248	326	63.2132
15	maps/rooms/8room_084.map	512	512	226	156	245	210	63.0416
15	maps/rooms/8room_084.map	512	512	170	85	217	106	62.7279
15	maps/rooms/8room_084.map	512	512	443	360	390	341	63.2132
15	maps/rooms/8room_084.map	512	512	396	235	360	264	63.2843
15	maps/rooms/8room_084.map	512	512	511	223	467	246	63.8701
15	maps/rooms/8room_084.map	512	512	399	116	381	165	63.4853
14	maps/rooms/8room_084.map	512	512	434	140	415	151	59.799
14	maps/rooms/8room_084.map	512	512	262	40	211	50	59.4853
14	maps/rooms/8room_084.map	512	512	89	98	102	54	58.799
14	maps/rooms/8room_084.map	512	512	355	188	391	213	59.9706
14	maps/rooms/8room_084.map	512	512	410	445	371	452	59.9411
14	maps/rooms/8room_084.map	512	512	5	155	21	206	59.9706
14	maps/rooms/8room_084.map	512	512	388	41	353	21	59.2843
13	maps/rooms/8room_084.map	512	512	193	181	227	214	55.8701
13	maps/rooms/8room_084.map	512	512	141	130	187	144	55.4558
13	maps/rooms/8room_084.map	512	512	460	436	417	426	55.1421
13	maps/rooms/8room_084.map	512	512	403	76	398	122	55.3848
13	maps/rooms/8room_084.map	512	512	37	360	56	314	55.6274
13	maps/rooms/8room_084.map	512	512	427	103	426	151	55.3848
13	maps/rooms/8room_084.map	512	512	42	260	44	311	55.9706
13	maps/rooms/8room_084.map	512	512	250	30	270	75	55.0416
13	maps/rooms/8room_084.map	512	512	431	343	457	301	55.1127
13	maps/rooms/8room_084.map	512	512	383	162	428	171	54.7279
12	maps/rooms/8room_084.map	512	512	271	68	262	23	51.8995
12	maps/rooms/8room_084.map	512	512	66	452	87	411	50.8701
12	maps/rooms/8room_084.map	512	512	164	2	203	30	51.7696
12	maps/rooms/8room_084.map	512	512	57	26	44	57	51.799
12	maps/rooms/8room_084.map	512	512	382	397	405	359	51.0416
12	maps/rooms/8room_084.map	512	512	373	371	412	350	51.2132
12	maps/rooms/8room_084.map	512	512	20	28	41	58	51.1421
12	maps/rooms/8room_084.map	512	512	229	330	219	366	51.2132
11	maps/rooms/8room_084.map	512	512	480	475	454	464	47.8701
11	maps/rooms/8room_084.map	512	512	39	110	77	129	47.6274
11	maps/rooms/8room_084.map	512	512	122	285	98	305	47.8995
11	maps/rooms/8room_084.map	512	512	84	457	127	457	47.1421
11	maps/rooms/8room_084.map	512	512	471	239	450	267	47.2426
11	maps/rooms/8room_084.map	512	512	467	442	430	432	47.2426
11	maps/rooms/8room_084.map	512	512	375	307	412	308	47.4558
11	maps/rooms/8room_084.map	512	512	470	495	466	454	47.6274
11	maps/rooms/8room_084.map	512	512	388	219	368	207	47.799
10	maps/rooms/8room_084.map	512	512	185	226	157	249	43.9706
10	maps/rooms/8room_084.map	512	512	103	92	135	79	43.7279
10	maps/rooms/8room_084.map	512	512	70	42	89	76	43.0416
10	maps/rooms/8room_084.map	512	512	415	175	379	173	43.4558
10	maps/rooms/8room_084.map	512	512	243	450	235	418	43.5563
10	maps/rooms/8room_084.map	512	512	236	21	226	58	42.799
10	maps/rooms/8room_084.map	512	512	32	400	59	383	43.6569
10	maps/rooms/8room_084.map	512	512	391	222	373	193	43.4853
9	maps/rooms/8room_084.map	512	512	24	344	47	319	39.2132
9	maps/rooms/8room_084.map	512	512	194	25	185	56	39.4142
9	maps/rooms/8room_084.map	512	512	467	311	459	294	38.799
9	maps/rooms/8room_084.map	512	512	294	62	265	60	39.0416
9	maps/rooms/8room_084.map	512	512	175	154	198	170	39
9	maps/rooms/8room_084.map	512	512	464	238	451	266	39.2426
9	maps/rooms/8room_084.map	512	512	426	102	418	138	39.3137
9	maps/rooms/8room_084.map	512	512	470	190	444	205	39.9706
8	maps/rooms/8room_084.map	512	512	4	438	14	411	34.6569
8	maps/rooms/8room_084.map	512	512	155	165	133	184	35.1421
8	maps/rooms/8room_084.map	512	512	325	301	325	271	35.799
8	maps/rooms/8room_084.map	512	512	220	94	223	62	35.7279
8	maps/rooms/8room_084.map	512	512	342	2	322	26	35.799
8	maps/rooms/8room_084.map	512	512	68	453	79	422	35.5563
8	maps/rooms/8room_084.map	512	512	468	66	440	79	35.7279
8	maps/rooms/8room_084.map	512	512	409	219	398	242	35.8995
8	maps/rooms/8room_084.map	512	512	381	58	346	60	35.8284
7	maps/rooms/8room_084.map	512	512	52	356	77	344	31.7279
7	maps/rooms/8room_084.map	512	512	476	260	451	254	31.4853
7	maps/rooms/8room_084.map	512	512	195	490	222	488	31.1421
7	maps/rooms/8room_084.map	512	512	47	135	66	151	30.799
7	maps/rooms/8room_084.map	512	512	503	444	474	437	31.8995
7	maps/rooms/8room_084.map	512	512	490	406	462	411	30.8995
7	maps/rooms/8room_084.map	512	512	138	471	151	455	31.3848
7	maps/rooms/8room_084.map	512	512	44	357	71	351	30.6569
7	maps/rooms/8room_084.map	512	512	182	431	189	404	30.7279
7	maps/rooms/8room_084.map	512	512	53	223	75	232	31.4853
6	maps/rooms/8room_084.map	512	512	137	468	150	456	27.7279
6	maps/rooms/8room_084.map	512	512	297	508	273	500	27.3137
6	maps/rooms/8room_084.map	512	512	376	447	353	454	27.0711
6	maps/rooms/8room_084.map	512	512	510	178	490	162	27.799
3	maps/rooms/8room_084.map	512	512	238	152	251	155	14.2426
6	maps/rooms/8room_084.map	512	512	303	173	297	198	27.4853
6	maps/rooms/8room_084.map	512	512	367	357	388	365	27.1421
6	maps/rooms/8room_084.map	512	512	366	503	349	488	26.7279
6	maps/rooms/8room_084.map	512	512	421	420	405	406	27.6569
6	maps/rooms/8room_084.map	512	512	350	413	333	395	27.9706
5	maps/rooms/8room_084.map	512	512	100	381	108	361	23.3137
5	maps/rooms/8room_084.map	512	512	206	126	191	136	23.2426
5	maps/rooms/8room_084.map	512	512	259	461	248	447	23.2426
5	maps/rooms/8room_084.map	512	512	124	466	124	456	23.8995
5	maps/rooms/8room_084.map	512	512	368	59	345	60	23.4142
5	maps/rooms/8room_084.map	512	512	325	396	311	407	23.2426
5	maps/rooms/8room_084.map	512	512	242	314	240	294	23.0711
5	maps/rooms/8room_084.map	512	512	150	118	171	117	23.0711
5	maps/rooms/8room_084.map	512	512	28	488	49	492	23.2426
4	maps/rooms/8room_084.map	512	512	509	215	495	207	19.0711
4	maps/rooms/8room_084.map	512	512	2	264	20	264	19.6569
4	maps/rooms/8room_084.map	512	512	253	70	263	73	18.8995
4	maps/rooms/8room_084.map	512	512	120	394	134	402	19.6569
4	maps/rooms/8room_084.map	512	512	64	379	82	377	18.8284
4	maps/rooms/8room_084.map	512	512	411	329	415	313	19.3137
4	maps/rooms/8room_084.map	512	512	25	91	37	104	19.7279
4	maps/rooms/8room_084.map	512	512	475	74	486	83	19.0711
4	maps/rooms/8room_084.map	512	512	142	101	151	111	19.4853
3	maps/rooms/8room_084.map	512	512	205	263	217	258	15.2426
3	maps/rooms/8room_084.map	512	512	66	197	77	208	15.5563
3	maps/rooms/8room_084.map	512	512	422	472	418	458	15.6569
3	maps/rooms/8room_084.map	512	512	21	378	31	367	15.7279
3	maps/rooms/8room_084.map	512	512	212	412	213	398	15.2426
3	maps/rooms/8room_084.map	512	512	172	253	180	259	15.6569
3	maps/rooms/8room_084.map	512	512	357	251	365	259	15.0711
2	maps/rooms/8room_084.map	512	512	218	24	213	33	11.0711
2	maps/rooms/8room_084.map	512	512	285	15	284	21	11.2426
2	maps/rooms/8room_084.map	512	512	490	70	487	80	11.2426
2	maps/rooms/8room_084.map	512	512	37	193	41	183	11.6569
2	maps/rooms/8room_084.map	512	512	307	371	304	380	11.4142
2	maps/rooms/8room_084.map	512	512	74	181	68	190	11.4853
2	maps/rooms/8room_084.map	512	512	484	500	486	493	10.6569
2	maps/rooms/8room_084.map	512	512	402	332	400	322	11.4142
2	maps/rooms/8room_084.map	512	512	54	60	64	57	11.2426
1	maps/rooms/8room_084.map	512	512	444	232	439	237	7.07107
1	maps/rooms/8room_084.map	512	512	61	55	59	61	6.82843
1	maps/rooms/8room_084.map	512	512	394	420	396	427	7.82843
1	maps/rooms/8room_084.map	512	512	87	8	93	11	7.24264
1	maps/rooms/8room_084.map	512	512	109	264	107	257	7.82843
1	maps/rooms/8room_084.map	512	512	322	162	329	162	7
1	maps/rooms/8room_084.map	512	512	73	124	77	130	7.65685
1	maps/rooms/8room_084.map	512	512	483	175	490	175	7
1	maps/rooms/8room_084.map	512	512	103	28	108	32	7.24264
1	maps/rooms/8room_084.map	512	512	184	82	184	89	7
0	maps/rooms/8room_084.map	512	512	259	139	258	136	3.41421
0	maps/rooms/8room_084.map	512	512	408	330	409	327	3.41421
0	maps/rooms/8room_084.map	512	512	209	377	211	375	2.82843
0	maps/rooms/8room_084.map	512	512	165	439	167	436	3.82843
0	maps/rooms/8room_084.map	512	512	367	141	367	138	3
0	maps/rooms/8room_084.map	512	512	58	362	60	360	2.82843
0	maps/rooms/8room_084.map	512	512	439	291	439	294	3
0	maps/rooms/8room_084.map	512	512	434	503	432	504	3
0	maps/rooms/8room_084.map	512	512	506	427	504	425	2.82843
0	maps/rooms/8room_084.map	512	512	70	329	72	327	2.82843
