version 1
34	maps/rooms/8room_025.map	512	512	133	79	45	57	139.397
123	maps/rooms/8room_025.map	512	512	505	438	108	342	493.617
81	maps/rooms/8room_025.map	512	512	371	235	387	492	324.966
127	maps/rooms/8room_025.map	512	512	302	444	312	35	511.049
74	maps/rooms/8room_025.map	512	512	351	19	135	21	298.167
127	maps/rooms/8room_025.map	512	512	10	191	339	424	511.446
40	maps/rooms/8room_025.map	512	512	195	236	278	134	160.64
77	maps/rooms/8room_025.map	512	512	281	218	486	292	308.664
62	maps/rooms/8room_025.map	512	512	441	418	234	473	249.723
62	maps/rooms/8room_025.map	512	512	504	390	306	478	251.48
70	maps/rooms/8room_025.map	512	512	473	55	371	251	282.167
127	maps/rooms/8room_025.map	512	512	6	490	126	129	511.617
70	maps/rooms/8room_025.map	512	512	155	506	332	361	280.936
80	maps/rooms/8room_025.map	512	512	372	301	187	462	321.907
123	maps/rooms/8room_025.map	512	512	187	7	507	194	492.019
127	maps/rooms/8room_025.map	512	512	141	23	435	318	511.759
28	maps/rooms/8room_025.map	512	512	313	361	291	444	112.841
60	maps/rooms/8room_025.map	512	512	82	455	25	259	241.752
72	maps/rooms/8room_025.map	512	512	297	278	105	294	288.51
127	maps/rooms/8room_025.map	512	512	510	230	166	447	511.919
127	maps/rooms/8room_025.map	512	512	444	93	237	454	511.505
21	maps/rooms/8room_025.map	512	512	223	256	189	312	85.0122
44	maps/rooms/8room_025.map	512	512	462	271	445	201	176.296
86	maps/rooms/8room_025.map	512	512	158	168	435	162	346.924
85	maps/rooms/8room_025.map	512	512	366	412	377	150	341.007
59	maps/rooms/8room_025.map	512	512	108	175	261	222	238.368
127	maps/rooms/8room_025.map	512	512	20	72	357	330	511.517
102	maps/rooms/8room_025.map	512	512	508	340	257	169	408.576
10	maps/rooms/8room_025.map	512	512	318	362	333	373	40.6274
34	maps/rooms/8room_025.map	512	512	275	242	309	346	139.054
87	maps/rooms/8room_025.map	512	512	66	279	268	385	350.936
31	maps/rooms/8room_025.map	512	512	75	131	164	90	125.255
52	maps/rooms/8room_025.map	512	512	298	382	239	220	208.681
91	maps/rooms/8room_025.map	512	512	263	181	413	407	366.635
84	maps/rooms/8room_025.map	512	512	234	363	277	101	336.179
127	maps/rooms/8room_025.map	512	512	495	54	150	274	511.215
56	maps/rooms/8room_025.map	512	512	330	73	474	99	226.953
127	maps/rooms/8room_025.map	512	512	500	299	83	329	510.647
96	maps/rooms/8room_025.map	512	512	15	472	255	345	385.735
40	maps/rooms/8room_025.map	512	512	206	494	106	468	160.711
53	maps/rooms/8room_025.map	512	512	329	178	344	372	213.326
28	maps/rooms/8room_025.map	512	512	309	249	310	157	112.556
126	maps/rooms/8room_025.map	512	512	57	327	443	248	505.718
12	maps/rooms/8room_025.map	512	512	361	108	377	76	49.4558
127	maps/rooms/8room_025.map	512	512	154	423	424	174	510.889
126	maps/rooms/8room_025.map	512	512	484	47	185	325	506.872
77	maps/rooms/8room_025.map	512	512	311	439	318	188	311.037
126	maps/rooms/8room_025.map	512	512	480	408	123	230	507.818
88	maps/rooms/8room_025.map	512	512	25	73	107	310	353.492
121	maps/rooms/8room_025.map	512	512	405	409	297	76	485.777
81	maps/rooms/8room_025.map	512	512	18	350	278	436	325.078
126	maps/rooms/8room_025.map	512	512	263	22	36	376	507.458
78	maps/rooms/8room_025.map	512	512	479	261	335	423	312.652
38	maps/rooms/8room_025.map	512	512	182	255	269	322	155.882
116	maps/rooms/8room_025.map	512	512	455	276	75	220	466.09
64	maps/rooms/8room_025.map	512	512	487	78	370	237	258.551
55	maps/rooms/8room_025.map	512	512	148	395	321	453	220.137
82	maps/rooms/8room_025.map	512	512	367	188	278	328	329.108
62	maps/rooms/8room_025.map	512	512	102	405	172	210	248.622
45	maps/rooms/8room_025.map	512	512	73	386	180	297	183.196
69	maps/rooms/8room_025.map	512	512	318	134	424	314	278.451
34	maps/rooms/8room_025.map	512	512	101	503	55	434	139.669
12	maps/rooms/8room_025.map	512	512	156	99	157	60	48.1421
9	maps/rooms/8room_025.map	512	512	221	370	203	398	37.2132
126	maps/rooms/8room_025.map	512	512	2	475	276	195	507.73
58	maps/rooms/8room_025.map	512	512	148	93	227	266	234.551
76	maps/rooms/8room_025.map	512	512	204	217	24	313	306.309
35	maps/rooms/8room_025.map	512	512	428	222	412	115	141.811
22	maps/rooms/8room_025.map	512	512	237	436	276	477	90.7696
114	maps/rooms/8room_025.map	512	512	293	185	66	478	459.688
42	maps/rooms/8room_025.map	512	512	394	203	253	199	169.711
49	maps/rooms/8room_025.map	512	512	146	139	247	264	196.267
126	maps/rooms/8room_025.map	512	512	66	79	478	39	507.848
78	maps/rooms/8room_025.map	512	512	238	295	471	327	315.409
123	maps/rooms/8room_025.map	512	512	200	111	140	484	495.517
71	maps/rooms/8room_025.map	512	512	149	285	351	167	287.764
49	maps/rooms/8room_025.map	512	512	489	87	478	245	199.125
29	maps/rooms/8room_025.map	512	512	162	306	244	276	116.083
56	maps/rooms/8room_025.map	512	512	397	162	235	185	225.267
72	maps/rooms/8room_025.map	512	512	467	355	441	162	291.894
125	maps/rooms/8room_025.map	512	512	228	427	488	123	501.889
70	maps/rooms/8room_025.map	512	512	431	436	180	447	282.894
126	maps/rooms/8room_025.map	512	512	2	51	399	128	507.061
48	maps/rooms/8room_025.map	512	512	101	98	261	147	192.154
119	maps/rooms/8room_025.map	512	512	413	111	316	485	479.919
116	maps/rooms/8room_025.map	512	512	137	171	507	281	467.789
95	maps/rooms/8room_025.map	512	512	150	34	296	315	380.848
53	maps/rooms/8room_025.map	512	512	184	402	310	310	214.024
13	maps/rooms/8room_025.map	512	512	313	124	349	111	53.8701
126	maps/rooms/8room_025.map	512	512	468	83	119	204	507.078
48	maps/rooms/8room_025.map	512	512	440	349	454	235	194.368
104	maps/rooms/8room_025.map	512	512	498	479	179	367	416.161
101	maps/rooms/8room_025.map	512	512	389	131	403	437	405.22
57	maps/rooms/8room_025.map	512	512	195	109	117	274	231.794
89	maps/rooms/8room_025.map	512	512	143	435	391	292	359.108
46	maps/rooms/8room_025.map	512	512	400	414	253	463	185.095
44	maps/rooms/8room_025.map	512	512	402	398	446	348	179.196
72	maps/rooms/8room_025.map	512	512	419	479	255	339	288.208
112	maps/rooms/8room_025.map	512	512	309	421	216	65	450.747
126	maps/rooms/8room_025.map	512	512	42	346	430	165	506.889
126	maps/rooms/8room_025.map	512	512	327	398	44	88	507.86
3	maps/rooms/8room_025.map	512	512	299	389	302	378	13.8995
67	maps/rooms/8room_025.map	512	512	84	490	123	287	271.48
125	maps/rooms/8room_025.map	512	512	66	471	65	94	503.789
55	maps/rooms/8room_025.map	512	512	67	236	130	60	220.196
79	maps/rooms/8room_025.map	512	512	302	427	511	308	319.865
122	maps/rooms/8room_025.map	512	512	446	232	44	204	490.434
125	maps/rooms/8room_025.map	512	512	255	476	253	60	502.96
1	maps/rooms/8room_025.map	512	512	69	338	70	342	4.41421
59	maps/rooms/8room_025.map	512	512	345	293	438	397	239.853
83	maps/rooms/8room_025.map	512	512	348	234	60	239	334.48
53	maps/rooms/8room_025.map	512	512	271	66	172	180	215.811
39	maps/rooms/8room_025.map	512	512	151	116	248	202	159.711
89	maps/rooms/8room_025.map	512	512	315	266	488	37	357.321
40	maps/rooms/8room_025.map	512	512	87	121	4	24	160.61
88	maps/rooms/8room_025.map	512	512	71	103	329	100	355.794
125	maps/rooms/8room_025.map	512	512	234	477	310	69	502.877
61	maps/rooms/8room_025.map	512	512	469	294	412	490	244.439
104	maps/rooms/8room_025.map	512	512	25	491	274	455	417.191
125	maps/rooms/8room_025.map	512	512	393	3	81	254	503.86
58	maps/rooms/8room_025.map	512	512	93	47	89	215	234.853
70	maps/rooms/8room_025.map	512	512	85	419	303	429	281.723
107	maps/rooms/8room_025.map	512	512	61	475	37	280	428.078
119	maps/rooms/8room_025.map	512	512	200	108	406	381	479.86
30	maps/rooms/8room_025.map	512	512	307	267	237	299	121.74
116	maps/rooms/8room_025.map	512	512	213	26	102	401	467.002
125	maps/rooms/8room_025.map	512	512	180	68	94	477	503.759
98	maps/rooms/8room_025.map	512	512	444	190	138	91	395.593
72	maps/rooms/8room_025.map	512	512	223	127	447	182	289.652
102	maps/rooms/8room_025.map	512	512	52	205	191	457	410.078
87	maps/rooms/8room_025.map	512	512	71	44	253	248	348.877
30	maps/rooms/8room_025.map	512	512	200	254	118	308	122.569
90	maps/rooms/8room_025.map	512	512	117	285	255	9	363.647
125	maps/rooms/8room_025.map	512	512	136	463	74	106	503.617
52	maps/rooms/8room_025.map	512	512	275	287	111	264	211.51
57	maps/rooms/8room_025.map	512	512	306	477	509	466	228.853
53	maps/rooms/8room_025.map	512	512	391	382	350	334	214.296
103	maps/rooms/8room_025.map	512	512	336	102	451	382	413.635
39	maps/rooms/8room_025.map	512	512	330	252	412	345	159.225
125	maps/rooms/8room_025.map	512	512	91	133	472	219	503.09
32	maps/rooms/8room_025.map	512	512	19	99	69	8	131.569
125	maps/rooms/8room_025.map	512	512	249	508	421	157	501.676
98	maps/rooms/8room_025.map	512	512	2	249	307	165	394.865
63	maps/rooms/8room_025.map	512	512	319	346	179	187	253.551
93	maps/rooms/8room_025.map	512	512	339	132	155	376	372.676
73	maps/rooms/8room_025.map	512	512	511	110	312	39	294.836
57	maps/rooms/8room_025.map	512	512	507	345	508	174	229.882
60	maps/rooms/8room_025.map	512	512	259	184	153	365	242.622
108	maps/rooms/8room_025.map	512	512	202	402	62	119	432.362
88	maps/rooms/8room_025.map	512	512	247	381	343	135	355.764
39	maps/rooms/8room_025.map	512	512	437	88	358	176	158.64
73	maps/rooms/8room_025.map	512	512	324	510	502	346	293.764
100	maps/rooms/8room_025.map	512	512	435	217	296	471	402.907
56	maps/rooms/8room_025.map	512	512	250	310	211	470	224.238
19	maps/rooms/8room_025.map	512	512	404	476	355	436	77.8701
100	maps/rooms/8room_025.map	512	512	196	82	294	407	402.22
125	maps/rooms/8room_025.map	512	512	179	59	154	447	503.676
63	maps/rooms/8room_025.map	512	512	239	148	308	329	253.238
87	maps/rooms/8room_025.map	512	512	419	443	183	279	350.693
80	maps/rooms/8room_025.map	512	512	119	454	35	303	322.421
93	maps/rooms/8room_025.map	512	512	125	156	382	277	373.99
124	maps/rooms/8room_025.map	512	512	11	395	383	195	499.446
81	maps/rooms/8room_025.map	512	512	275	260	406	44	327.995
71	maps/rooms/8room_025.map	512	512	458	220	231	264	287.936
75	maps/rooms/8room_025.map	512	512	183	99	265	347	302.309
80	maps/rooms/8room_025.map	512	512	44	307	268	219	322.451
82	maps/rooms/8room_025.map	512	512	500	318	228	315	328.238
92	maps/rooms/8room_025.map	512	512	486	271	249	98	370.149
40	maps/rooms/8room_025.map	512	512	121	21	151	117	160.995
117	maps/rooms/8room_025.map	512	512	9	11	309	236	469.132
34	maps/rooms/8room_025.map	512	512	423	197	471	101	138.912
115	maps/rooms/8room_025.map	512	512	322	429	187	70	462.434
60	maps/rooms/8room_025.map	512	512	278	474	229	344	240.095
54	maps/rooms/8room_025.map	512	512	490	109	335	109	216.64
59	maps/rooms/8room_025.map	512	512	293	412	102	406	236.338
55	maps/rooms/8room_025.map	512	512	45	170	40	52	223.468
103	maps/rooms/8room_025.map	512	512	106	175	386	56	412.321
104	maps/rooms/8room_025.map	512	512	298	101	6	53	416.836
45	maps/rooms/8room_025.map	512	512	398	315	364	435	180.468
24	maps/rooms/8room_025.map	512	512	187	269	221	322	96.0122
124	maps/rooms/8room_025.map	512	512	495	27	201	311	499.872
45	maps/rooms/8room_025.map	512	512	264	216	245	62	182.397
124	maps/rooms/8room_025.map	512	512	111	159	457	334	498.63
16	maps/rooms/8room_025.map	512	512	189	462	158	488	65.0416
72	maps/rooms/8room_025.map	512	512	476	212	258	180	288.693
77	maps/rooms/8room_025.map	512	512	306	280	191	473	310.108
124	maps/rooms/8room_025.map	512	512	425	29	445	397	498.978
53	maps/rooms/8room_025.map	512	512	258	239	90	198	214.439
100	maps/rooms/8room_025.map	512	512	404	307	155	504	402.392
70	maps/rooms/8room_025.map	512	512	398	396	197	349	282.936
76	maps/rooms/8room_025.map	512	512	370	399	255	206	305.907
124	maps/rooms/8room_025.map	512	512	110	263	409	54	499.12
124	maps/rooms/8room_025.map	512	512	44	106	410	54	499.806
92	maps/rooms/8room_025.map	512	512	211	498	479	362	369.966
89	maps/rooms/8room_025.map	512	512	244	171	348	421	358.25
124	maps/rooms/8room_025.map	512	512	472	322	78	212	499.605
36	maps/rooms/8room_025.map	512	512	292	316	267	199	144.468
35	maps/rooms/8room_025.map	512	512	150	34	242	25	143.468
124	maps/rooms/8room_025.map	512	512	111	0	287	354	499.245
124	maps/rooms/8room_025.map	512	512	75	456	409	214	499.73
115	maps/rooms/8room_025.map	512	512	506	107	389	422	463.907
124	maps/rooms/8room_025.map	512	512	50	107	307	418	498.718
65	maps/rooms/8room_025.map	512	512	306	476	213	347	263.723
90	maps/rooms/8room_025.map	512	512	399	184	494	412	362.22
102	maps/rooms/8room_025.map	512	512	218	107	126	361	408.291
105	maps/rooms/8room_025.map	512	512	142	414	189	72	423.434
86	maps/rooms/8room_025.map	512	512	114	135	284	370	346.563
104	maps/rooms/8room_025.map	512	512	367	219	137	8	419.818
123	maps/rooms/8room_025.map	512	512	82	428	407	165	495.144
123	maps/rooms/8room_025.map	512	512	404	373	119	391	495.375
97	maps/rooms/8room_025.map	512	512	378	76	116	237	391.551
76	maps/rooms/8room_025.map	512	512	366	262	126	178	307.037
39	maps/rooms/8room_025.map	512	512	27	140	154	109	158.326
107	maps/rooms/8room_025.map	512	512	72	92	377	262	428.747
108	maps/rooms/8room_025.map	512	512	443	473	169	282	432.019
55	maps/rooms/8room_025.map	512	512	139	191	85	36	222.782
79	maps/rooms/8room_025.map	512	512	172	8	371	69	318.066
35	maps/rooms/8room_025.map	512	512	175	415	149	298	143.326
123	maps/rooms/8room_025.map	512	512	116	199	396	461	494.96
90	maps/rooms/8room_025.map	512	512	169	332	13	88	360.25
49	maps/rooms/8room_025.map	512	512	305	158	306	306	196.154
44	maps/rooms/8room_025.map	512	512	137	163	268	234	177.439
38	maps/rooms/8room_025.map	512	512	410	242	421	293	152.811
100	maps/rooms/8room_025.map	512	512	385	411	63	381	400.492
36	maps/rooms/8room_025.map	512	512	125	260	66	157	147.154
94	maps/rooms/8room_025.map	512	512	164	394	397	271	378.534
57	maps/rooms/8room_025.map	512	512	246	449	91	335	231.409
112	maps/rooms/8room_025.map	512	512	211	444	101	143	449.635
123	maps/rooms/8room_025.map	512	512	413	405	136	147	495.902
103	maps/rooms/8room_025.map	512	512	164	358	183	24	414.061
117	maps/rooms/8room_025.map	512	512	386	58	434	365	469.233
123	maps/rooms/8room_025.map	512	512	306	435	239	37	493.718
123	maps/rooms/8room_025.map	512	512	491	333	133	140	495.416
123	maps/rooms/8room_025.map	512	512	55	38	351	315	495.475
73	maps/rooms/8room_025.map	512	512	410	325	199	370	292.894
78	maps/rooms/8room_025.map	512	512	61	91	274	71	315.409
70	maps/rooms/8room_025.map	512	512	236	363	73	487	280.823
31	maps/rooms/8room_025.map	512	512	124	356	27	332	126.255
86	maps/rooms/8room_025.map	512	512	22	489	103	263	347.877
36	maps/rooms/8room_025.map	512	512	413	22	339	102	145.397
73	maps/rooms/8room_025.map	512	512	394	437	157	371	292.522
122	maps/rooms/8room_025.map	512	512	212	2	447	324	491.032
116	maps/rooms/8room_025.map	512	512	6	35	44	370	467.09
53	maps/rooms/8room_025.map	512	512	367	392	220	406	212.924
60	maps/rooms/8room_025.map	512	512	163	260	310	391	240.551
46	maps/rooms/8room_025.map	512	512	110	427	216	451	184.853
117	maps/rooms/8room_025.map	512	512	343	4	15	182	470.534
122	maps/rooms/8room_025.map	512	512	487	6	132	198	490.747
90	maps/rooms/8room_025.map	512	512	183	268	3	41	360.806
67	maps/rooms/8room_025.map	512	512	296	409	99	430	271.622
122	maps/rooms/8room_025.map	512	512	323	501	81	174	491.132
122	maps/rooms/8room_025.map	512	512	195	55	247	439	491.747
98	maps/rooms/8room_025.map	512	512	450	318	173	351	395.764
122	maps/rooms/8room_025.map	512	512	255	102	425	415	491.375
81	maps/rooms/8room_025.map	512	512	323	510	466	295	326.108
40	maps/rooms/8room_025.map	512	512	185	153	297	123	161.841
113	maps/rooms/8room_025.map	512	512	229	82	214	436	453.434
69	maps/rooms/8room_025.map	512	512	362	292	504	153	277.794
34	maps/rooms/8room_025.map	512	512	299	46	366	115	138.083
116	maps/rooms/8room_025.map	512	512	187	505	234	171	467.877
122	maps/rooms/8room_025.map	512	512	45	109	405	282	491.174
63	maps/rooms/8room_025.map	512	512	498	486	299	420	253.409
20	maps/rooms/8room_025.map	512	512	459	155	500	111	81.1838
122	maps/rooms/8room_025.map	512	512	484	152	224	437	491.233
25	maps/rooms/8room_025.map	512	512	157	410	86	424	100.74
122	maps/rooms/8room_025.map	512	512	180	504	261	122	491.191
107	maps/rooms/8room_025.map	512	512	140	37	105	398	430.492
96	maps/rooms/8room_025.map	512	512	251	237	490	45	385.818
120	maps/rooms/8room_025.map	512	512	408	455	28	356	483.818
122	maps/rooms/8room_025.map	512	512	63	138	423	290	491.002
38	maps/rooms/8room_025.map	512	512	328	461	213	454	155.095
83	maps/rooms/8room_025.map	512	512	494	376	249	291	332.309
121	maps/rooms/8room_025.map	512	512	313	443	136	64	487.345
109	maps/rooms/8room_025.map	512	512	68	145	395	155	439.735
56	maps/rooms/8room_025.map	512	512	123	327	59	490	226.823
72	maps/rooms/8room_025.map	512	512	115	283	265	137	289.238
121	maps/rooms/8room_025.map	512	512	127	44	195	439	487.96
66	maps/rooms/8room_025.map	512	512	53	36	85	258	264.368
53	maps/rooms/8room_025.map	512	512	264	236	96	200	214.024
51	maps/rooms/8room_025.map	512	512	267	110	142	187	204.225
38	maps/rooms/8room_025.map	512	512	471	235	409	134	153.225
35	maps/rooms/8room_025.map	512	512	438	20	452	102	143.64
72	maps/rooms/8room_025.map	512	512	398	148	225	271	290.836
51	maps/rooms/8room_025.map	512	512	234	115	199	258	207.681
75	maps/rooms/8room_025.map	512	512	214	84	424	90	303.037
92	maps/rooms/8room_025.map	512	512	170	31	377	251	370.706
108	maps/rooms/8room_025.map	512	512	123	29	441	33	433.22
106	maps/rooms/8room_025.map	512	512	213	62	152	408	425.576
121	maps/rooms/8room_025.map	512	512	504	51	437	412	487.463
107	maps/rooms/8room_025.map	512	512	482	450	295	206	431.434
101	maps/rooms/8room_025.map	512	512	509	343	216	377	404.161
92	maps/rooms/8room_025.map	512	512	445	299	159	220	371.777
61	maps/rooms/8room_025.map	512	512	333	476	146	388	246.238
101	maps/rooms/8room_025.map	512	512	265	74	79	334	407.848
74	maps/rooms/8room_025.map	512	512	151	9	51	201	296.451
49	maps/rooms/8room_025.map	512	512	23	334	24	185	197.782
30	maps/rooms/8room_025.map	512	512	57	286	109	245	120.74
121	maps/rooms/8room_025.map	512	512	259	4	447	335	487.96
121	maps/rooms/8room_025.map	512	512	218	99	445	397	487.032
94	maps/rooms/8room_025.map	512	512	374	11	89	118	378.35
74	maps/rooms/8room_025.map	512	512	205	368	44	182	297.593
64	maps/rooms/8room_025.map	512	512	140	214	41	43	259.924
35	maps/rooms/8room_025.map	512	512	202	451	168	397	141.539
102	maps/rooms/8room_025.map	512	512	41	358	363	276	410.777
70	maps/rooms/8room_025.map	512	512	68	483	284	501	283.48
23	maps/rooms/8room_025.map	512	512	110	365	135	295	94.397
99	maps/rooms/8room_025.map	512	512	201	3	239	313	399.22
33	maps/rooms/8room_025.map	512	512	424	187	507	152	133.74
65	maps/rooms/8room_025.map	512	512	6	487	125	478	260.551
33	maps/rooms/8room_025.map	512	512	91	167	155	262	133.225
18	maps/rooms/8room_025.map	512	512	256	445	276	494	72.3553
121	maps/rooms/8room_025.map	512	512	360	227	23	438	487.688
62	maps/rooms/8room_025.map	512	512	102	342	267	219	250.894
34	maps/rooms/8room_025.map	512	512	252	140	221	230	137.811
54	maps/rooms/8room_025.map	512	512	393	346	436	439	217.539
78	maps/rooms/8room_025.map	512	512	155	195	408	202	314.652
88	maps/rooms/8room_025.map	512	512	15	88	163	322	354.007
121	maps/rooms/8room_025.map	512	512	40	85	430	139	487.907
113	maps/rooms/8room_025.map	512	512	330	120	171	444	452.22
55	maps/rooms/8room_025.map	512	512	229	227	215	54	223.995
53	maps/rooms/8room_025.map	512	512	511	365	378	485	215.167
121	maps/rooms/8room_025.map	512	512	508	124	103	204	487.392
87	maps/rooms/8room_025.map	512	512	130	195	365	41	348.137
121	maps/rooms/8room_025.map	512	512	147	302	500	128	487.233
89	maps/rooms/8room_025.map	512	512	235	82	297	360	358.593
54	maps/rooms/8room_025.map	512	512	472	347	339	235	217.409
85	maps/rooms/8room_025.map	512	512	39	455	223	308	340.664
120	maps/rooms/8room_025.map	512	512	461	24	83	131	483.291
68	maps/rooms/8room_025.map	512	512	57	104	245	83	275.167
83	maps/rooms/8room_025.map	512	512	452	233	334	371	332.007
83	maps/rooms/8room_025.map	512	512	283	60	66	212	333.735
120	maps/rooms/8room_025.map	512	512	236	20	109	408	483.659
55	maps/rooms/8room_025.map	512	512	132	46	284	148	222.51
120	maps/rooms/8room_025.map	512	512	18	79	402	136	483.149
65	maps/rooms/8room_025.map	512	512	235	156	436	166	262.296
73	maps/rooms/8room_025.map	512	512	429	138	267	306	292.208
32	maps/rooms/8room_025.map	512	512	310	21	200	10	131.811
120	maps/rooms/8room_025.map	512	512	20	52	355	262	483.617
120	maps/rooms/8room_025.map	512	512	442	361	93	213	483.534
120	maps/rooms/8room_025.map	512	512	393	61	127	351	483.446
120	maps/rooms/8room_025.map	512	512	31	76	227	399	483.576
120	maps/rooms/8room_025.map	512	512	30	237	335	405	483.718
120	maps/rooms/8room_025.map	512	512	468	73	130	42	483.191
60	maps/rooms/8room_025.map	512	512	424	100	503	261	242.995
119	maps/rooms/8room_025.map	512	512	434	119	49	179	479.392
103	maps/rooms/8room_025.map	512	512	156	388	457	332	412.806
54	maps/rooms/8room_025.map	512	512	63	248	211	180	216.267
119	maps/rooms/8room_025.map	512	512	94	327	464	403	479.688
103	maps/rooms/8room_025.map	512	512	468	508	214	294	414.735
54	maps/rooms/8room_025.map	512	512	211	459	58	406	218.51
71	maps/rooms/8room_025.map	512	512	424	198	195	153	287.823
119	maps/rooms/8room_025.map	512	512	380	163	77	85	479.392
97	maps/rooms/8room_025.map	512	512	40	348	349	218	389.877
119	maps/rooms/8room_025.map	512	512	458	431	146	249	478.818
100	maps/rooms/8room_025.map	512	512	214	54	477	197	400.635
108	maps/rooms/8room_025.map	512	512	319	126	323	493	433.735
82	maps/rooms/8room_025.map	512	512	171	391	271	130	328.622
75	maps/rooms/8room_025.map	512	512	404	147	296	363	300.652
119	maps/rooms/8room_025.map	512	512	390	111	219	450	478.777
56	maps/rooms/8room_025.map	512	512	327	127	419	246	227.024
62	maps/rooms/8room_025.map	512	512	294	67	270	231	249.338
119	maps/rooms/8room_025.map	512	512	25	410	314	134	479.174
119	maps/rooms/8room_025.map	512	512	481	408	98	340	479.617
46	maps/rooms/8room_025.map	512	512	238	94	230	223	186.539
119	maps/rooms/8room_025.map	512	512	267	117	431	408	479.718
56	maps/rooms/8room_025.map	512	512	205	45	381	41	226.853
83	maps/rooms/8room_025.map	512	512	82	126	281	314	334.078
29	maps/rooms/8room_025.map	512	512	153	421	89	474	118.497
118	maps/rooms/8room_025.map	512	512	106	158	361	431	475.404
70	maps/rooms/8room_025.map	512	512	275	434	507	473	281.551
69	maps/rooms/8room_025.map	512	512	348	90	398	284	279.723
86	maps/rooms/8room_025.map	512	512	148	136	28	312	345.865
49	maps/rooms/8room_025.map	512	512	168	263	327	236	199.782
118	maps/rooms/8room_025.map	512	512	172	483	491	274	475.404
39	maps/rooms/8room_025.map	512	512	363	477	462	390	159.296
118	maps/rooms/8room_025.map	512	512	454	392	199	114	475.718
67	maps/rooms/8room_025.map	512	512	130	349	330	375	268.693
81	maps/rooms/8room_025.map	512	512	5	87	169	288	327.007
93	maps/rooms/8room_025.map	512	512	435	181	345	443	374.593
114	maps/rooms/8room_025.map	512	512	155	485	372	202	457.061
76	maps/rooms/8room_025.map	512	512	19	5	105	227	306.35
116	maps/rooms/8room_025.map	512	512	285	434	216	99	464.576
78	maps/rooms/8room_025.map	512	512	347	59	120	24	314.167
103	maps/rooms/8room_025.map	512	512	205	475	500	341	415.919
118	maps/rooms/8room_025.map	512	512	103	302	467	225	475.877
91	maps/rooms/8room_025.map	512	512	255	502	19	396	366.735
97	maps/rooms/8room_025.map	512	512	491	195	392	392	388.936
48	maps/rooms/8room_025.map	512	512	171	117	26	125	192.154
84	maps/rooms/8room_025.map	512	512	462	372	212	457	337.735
100	maps/rooms/8room_025.map	512	512	242	334	441	86	401.492
74	maps/rooms/8room_025.map	512	512	134	122	249	338	299.451
33	maps/rooms/8room_025.map	512	512	210	200	126	215	132.012
58	maps/rooms/8room_025.map	512	512	54	503	232	471	235.966
80	maps/rooms/8room_025.map	512	512	506	402	314	285	322.38
106	maps/rooms/8room_025.map	512	512	70	488	67	171	424.777
7	maps/rooms/8room_025.map	512	512	278	396	267	374	30.6569
47	maps/rooms/8room_025.map	512	512	84	472	214	491	191.61
118	maps/rooms/8room_025.map	512	512	338	3	132	307	475.304
108	maps/rooms/8room_025.map	512	512	70	147	391	19	433.25
118	maps/rooms/8room_025.map	512	512	452	235	168	452	475.576
48	maps/rooms/8room_025.map	512	512	99	361	244	447	195.267
57	maps/rooms/8room_025.map	512	512	92	328	206	226	228.167
103	maps/rooms/8room_025.map	512	512	296	349	127	43	412.404
21	maps/rooms/8room_025.map	512	512	296	500	342	443	86.2548
64	maps/rooms/8room_025.map	512	512	199	18	251	210	257.48
96	maps/rooms/8room_025.map	512	512	53	35	47	323	384.936
84	maps/rooms/8room_025.map	512	512	196	24	441	138	339.794
86	maps/rooms/8room_025.map	512	512	110	98	351	233	346.794
94	maps/rooms/8room_025.map	512	512	70	7	366	13	376.25
118	maps/rooms/8room_025.map	512	512	475	184	214	454	475.233
73	maps/rooms/8room_025.map	512	512	68	360	264	493	294.037
118	maps/rooms/8room_025.map	512	512	493	472	281	158	475.647
25	maps/rooms/8room_025.map	512	512	284	386	258	318	101.113
109	maps/rooms/8room_025.map	512	512	101	338	438	474	436.99
118	maps/rooms/8room_025.map	512	512	10	440	278	147	475.86
118	maps/rooms/8room_025.map	512	512	148	467	162	101	475.99
74	maps/rooms/8room_025.map	512	512	462	284	220	287	298.421
14	maps/rooms/8room_025.map	512	512	334	330	344	281	59.6274
42	maps/rooms/8room_025.map	512	512	102	213	213	122	171.823
77	maps/rooms/8room_025.map	512	512	22	331	259	317	309.066
42	maps/rooms/8room_025.map	512	512	358	126	412	229	171.125
109	maps/rooms/8room_025.map	512	512	420	366	159	364	439.877
117	maps/rooms/8room_025.map	512	512	469	85	139	150	471.108
117	maps/rooms/8room_025.map	512	512	405	164	153	446	471.948
117	maps/rooms/8room_025.map	512	512	313	450	166	92	471.132
107	maps/rooms/8room_025.map	512	512	379	72	439	347	430.505
98	maps/rooms/8room_025.map	512	512	212	415	486	296	393.451
90	maps/rooms/8room_025.map	512	512	159	103	422	31	363.836
73	maps/rooms/8room_025.map	512	512	300	506	214	289	292.622
60	maps/rooms/8room_025.map	512	512	504	307	367	439	240.924
42	maps/rooms/8room_025.map	512	512	440	499	329	434	169.397
53	maps/rooms/8room_025.map	512	512	378	209	204	261	214.125
117	maps/rooms/8room_025.map	512	512	43	29	392	219	471.475
117	maps/rooms/8room_025.map	512	512	170	393	333	56	470.777
47	maps/rooms/8room_025.map	512	512	40	344	172	242	191.823
87	maps/rooms/8room_025.map	512	512	147	470	138	212	350.179
117	maps/rooms/8room_025.map	512	512	347	62	369	437	471.049
117	maps/rooms/8room_025.map	512	512	486	107	147	277	471.434
66	maps/rooms/8room_025.map	512	512	132	276	303	148	264.338
116	maps/rooms/8room_025.map	512	512	46	238	441	279	467.362
112	maps/rooms/8room_025.map	512	512	361	106	6	213	450.392
61	maps/rooms/8room_025.map	512	512	510	507	468	310	244.338
116	maps/rooms/8room_025.map	512	512	319	342	46	69	467.889
91	maps/rooms/8room_025.map	512	512	62	298	158	99	366.421
113	maps/rooms/8room_025.map	512	512	61	25	258	335	452.99
80	maps/rooms/8room_025.map	512	512	22	258	114	92	320.409
116	maps/rooms/8room_025.map	512	512	375	351	125	49	467.789
75	maps/rooms/8room_025.map	512	512	138	282	52	466	301.865
48	maps/rooms/8room_025.map	512	512	490	490	427	380	192.681
35	maps/rooms/8room_025.map	512	512	163	109	228	163	143.326
116	maps/rooms/8room_025.map	512	512	441	373	109	323	467.421
103	maps/rooms/8room_025.map	512	512	484	279	244	67	415.948
35	maps/rooms/8room_025.map	512	512	402	390	309	436	143.569
115	maps/rooms/8room_025.map	512	512	172	71	373	379	463.375
72	maps/rooms/8room_025.map	512	512	300	146	70	153	291.853
39	maps/rooms/8room_025.map	512	512	150	364	247	309	158.267
38	maps/rooms/8room_025.map	512	512	249	261	155	360	153.752
107	maps/rooms/8room_025.map	512	512	410	457	111	447	429.191
85	maps/rooms/8room_025.map	512	512	339	270	349	45	341.208
115	maps/rooms/8room_025.map	512	512	438	137	438	482	463.25
115	maps/rooms/8room_025.map	512	512	183	492	335	145	462.848
57	maps/rooms/8room_025.map	512	512	66	479	245	489	228.196
50	maps/rooms/8room_025.map	512	512	146	358	280	262	202.51
24	maps/rooms/8room_025.map	512	512	71	424	34	458	98.0122
81	maps/rooms/8room_025.map	512	512	141	267	282	467	327.208
84	maps/rooms/8room_025.map	512	512	84	21	125	284	339.037
115	maps/rooms/8room_025.map	512	512	492	206	144	76	463.647
14	maps/rooms/8room_025.map	512	512	23	421	70	410	59.5563
79	maps/rooms/8room_025.map	512	512	91	51	147	278	318.966
28	maps/rooms/8room_025.map	512	512	394	73	414	53	113.012
57	maps/rooms/8room_025.map	512	512	302	303	366	413	229.296
115	maps/rooms/8room_025.map	512	512	502	261	121	228	463.647
92	maps/rooms/8room_025.map	512	512	171	115	447	52	370.078
74	maps/rooms/8room_025.map	512	512	307	98	486	205	298.551
68	maps/rooms/8room_025.map	512	512	20	175	9	385	272.581
66	maps/rooms/8room_025.map	512	512	462	398	329	234	267.208
39	maps/rooms/8room_025.map	512	512	64	212	189	155	159.983
22	maps/rooms/8room_025.map	512	512	436	416	485	365	91.598
115	maps/rooms/8room_025.map	512	512	30	312	244	59	463.818
102	maps/rooms/8room_025.map	512	512	141	10	119	328	411.179
49	maps/rooms/8room_025.map	512	512	185	100	58	67	197.723
46	maps/rooms/8room_025.map	512	512	235	100	331	29	184.439
104	maps/rooms/8room_025.map	512	512	436	439	155	307	417.534
30	maps/rooms/8room_025.map	512	512	324	71	332	7	123.397
115	maps/rooms/8room_025.map	512	512	343	59	133	381	462.818
103	maps/rooms/8room_025.map	512	512	490	390	337	143	413.706
108	maps/rooms/8room_025.map	512	512	399	323	93	363	432.492
91	maps/rooms/8room_025.map	512	512	159	414	38	139	365.321
115	maps/rooms/8room_025.map	512	512	478	344	125	437	461.019
86	maps/rooms/8room_025.map	512	512	345	233	455	7	344.208
26	maps/rooms/8room_025.map	512	512	128	163	79	196	107.941
114	maps/rooms/8room_025.map	512	512	290	49	452	357	459.019
100	maps/rooms/8room_025.map	512	512	351	393	73	360	402.262
71	maps/rooms/8room_025.map	512	512	237	425	442	508	287.137
114	maps/rooms/8room_025.map	512	512	276	26	121	359	458.759
114	maps/rooms/8room_025.map	512	512	331	285	26	50	459.546
114	maps/rooms/8room_025.map	512	512	349	19	276	388	458.978
108	maps/rooms/8room_025.map	512	512	419	441	86	357	432.948
114	maps/rooms/8room_025.map	512	512	362	500	311	146	459.049
38	maps/rooms/8room_025.map	512	512	418	440	476	318	154.225
59	maps/rooms/8room_025.map	512	512	459	457	399	310	239.853
61	maps/rooms/8room_025.map	512	512	45	234	11	343	246.238
114	maps/rooms/8room_025.map	512	512	26	342	401	279	459.404
114	maps/rooms/8room_025.map	512	512	477	296	243	59	459.676
48	maps/rooms/8room_025.map	512	512	442	223	439	61	193.225
64	maps/rooms/8room_025.map	512	512	377	505	162	458	256.267
114	maps/rooms/8room_025.map	512	512	59	120	212	427	459.505
41	maps/rooms/8room_025.map	512	512	125	489	168	405	167.811
113	maps/rooms/8room_025.map	512	512	359	383	333	29	455.362
11	maps/rooms/8room_025.map	512	512	389	43	404	3	47.3848
104	maps/rooms/8room_025.map	512	512	191	468	135	157	418.22
51	maps/rooms/8room_025.map	512	512	183	2	343	61	207.125
98	maps/rooms/8room_025.map	512	512	105	203	141	501	392.434
83	maps/rooms/8room_025.map	512	512	125	298	10	68	335.593
113	maps/rooms/8room_025.map	512	512	132	409	442	213	454.86
113	maps/rooms/8room_025.map	512	512	502	437	280	157	455.99
95	maps/rooms/8room_025.map	512	512	446	47	276	237	383.764
73	maps/rooms/8room_025.map	512	512	228	299	25	221	292.966
78	maps/rooms/8room_025.map	512	512	123	167	364	271	315.735
101	maps/rooms/8room_025.map	512	512	286	31	108	293	406.718
113	maps/rooms/8room_025.map	512	512	387	271	36	182	455.848
36	maps/rooms/8room_025.map	512	512	251	70	335	151	145.326
96	maps/rooms/8room_025.map	512	512	206	183	499	248	387.706
113	maps/rooms/8room_025.map	512	512	499	250	197	445	455.534
59	maps/rooms/8room_025.map	512	512	193	99	58	227	236.238
74	maps/rooms/8room_025.map	512	512	35	287	264	205	298.823
28	maps/rooms/8room_025.map	512	512	425	89	487	99	112.184
113	maps/rooms/8room_025.map	512	512	237	87	109	408	455.132
102	maps/rooms/8room_025.map	512	512	254	492	508	292	408.593
113	maps/rooms/8room_025.map	512	512	61	440	420	438	455.576
47	maps/rooms/8room_025.map	512	512	506	403	407	389	189.024
76	maps/rooms/8room_025.map	512	512	139	115	117	364	304.622
112	maps/rooms/8room_025.map	512	512	83	73	287	358	451.718
79	maps/rooms/8room_025.map	512	512	281	211	410	412	318.836
21	maps/rooms/8room_025.map	512	512	296	193	324	238	84.0122
112	maps/rooms/8room_025.map	512	512	405	415	100	250	451.12
34	maps/rooms/8room_025.map	512	512	501	392	411	463	138.983
112	maps/rooms/8room_025.map	512	512	376	200	91	440	451.375
112	maps/rooms/8room_025.map	512	512	292	426	216	64	451.019
69	maps/rooms/8room_025.map	512	512	420	287	307	451	279.652
57	maps/rooms/8room_025.map	512	512	156	143	50	12	228.764
67	maps/rooms/8room_025.map	512	512	146	110	342	62	270.652
112	maps/rooms/8room_025.map	512	512	470	488	127	358	451.233
112	maps/rooms/8room_025.map	512	512	38	12	370	197	449.434
112	maps/rooms/8room_025.map	512	512	229	69	244	428	451.99
51	maps/rooms/8room_025.map	512	512	190	345	77	452	205.238
59	maps/rooms/8room_025.map	512	512	331	302	351	471	239.752
23	maps/rooms/8room_025.map	512	512	362	409	412	458	93.0416
45	maps/rooms/8room_025.map	512	512	278	359	354	375	181.64
36	maps/rooms/8room_025.map	512	512	159	102	229	107	147.024
98	maps/rooms/8room_025.map	512	512	357	348	295	39	392.421
111	maps/rooms/8room_025.map	512	512	154	503	380	211	447.747
83	maps/rooms/8room_025.map	512	512	204	490	301	229	334.149
67	maps/rooms/8room_025.map	512	512	43	292	139	190	269.823
111	maps/rooms/8room_025.map	512	512	221	128	463	392	447.505
111	maps/rooms/8room_025.map	512	512	154	415	348	98	447.676
49	maps/rooms/8room_025.map	512	512	215	130	136	271	198.853
111	maps/rooms/8room_025.map	512	512	76	504	181	141	446.919
72	maps/rooms/8room_025.map	512	512	82	211	276	105	290.167
30	maps/rooms/8room_025.map	512	512	47	61	116	4	122.811
68	maps/rooms/8room_025.map	512	512	306	454	413	278	273.652
68	maps/rooms/8room_025.map	512	512	313	236	220	406	275.309
65	maps/rooms/8room_025.map	512	512	227	351	79	245	263.823
58	maps/rooms/8room_025.map	512	512	22	107	154	134	234.196
17	maps/rooms/8room_025.map	512	512	462	239	505	198	69.9411
38	maps/rooms/8room_025.map	512	512	376	236	271	207	154.569
42	maps/rooms/8room_025.map	512	512	249	213	253	76	169.225
38	maps/rooms/8room_025.map	512	512	73	306	21	228	153.296
79	maps/rooms/8room_025.map	512	512	109	418	62	190	316.664
111	maps/rooms/8room_025.map	512	512	495	82	153	102	447.865
37	maps/rooms/8room_025.map	512	512	61	150	61	34	149.397
95	maps/rooms/8room_025.map	512	512	329	303	85	498	383.007
75	maps/rooms/8room_025.map	512	512	434	509	395	278	300.894
66	maps/rooms/8room_025.map	512	512	223	382	395	295	266.48
35	maps/rooms/8room_025.map	512	512	108	298	116	207	142.012
49	maps/rooms/8room_025.map	512	512	442	485	294	443	197.539
103	maps/rooms/8room_025.map	512	512	201	337	494	238	414.09
111	maps/rooms/8room_025.map	512	512	506	483	272	236	447.718
76	maps/rooms/8room_025.map	512	512	468	342	290	175	304.421
111	maps/rooms/8room_025.map	512	512	222	374	108	63	447.233
79	maps/rooms/8room_025.map	512	512	381	284	390	70	318.664
25	maps/rooms/8room_025.map	512	512	122	147	70	99	103.598
91	maps/rooms/8room_025.map	512	512	188	174	264	451	367.978
74	maps/rooms/8room_025.map	512	512	441	21	382	229	299.894
70	maps/rooms/8room_025.map	512	512	47	262	284	255	281.782
111	maps/rooms/8room_025.map	512	512	488	239	123	170	447.563
111	maps/rooms/8room_025.map	512	512	92	447	261	114	447.061
69	maps/rooms/8room_025.map	512	512	260	347	406	237	278.409
78	maps/rooms/8room_025.map	512	512	491	444	319	317	314.723
100	maps/rooms/8room_025.map	512	512	30	249	326	133	402.794
51	maps/rooms/8room_025.map	512	512	263	372	405	418	204.024
52	maps/rooms/8room_025.map	512	512	238	115	73	73	210.196
27	maps/rooms/8room_025.map	512	512	362	248	372	342	109.598
59	maps/rooms/8room_025.map	512	512	475	419	280	456	236.409
37	maps/rooms/8room_025.map	512	512	223	13	172	109	148.196
32	maps/rooms/8room_025.map	512	512	335	206	444	190	130.355
111	maps/rooms/8room_025.map	512	512	59	175	421	140	447.007
86	maps/rooms/8room_025.map	512	512	200	98	450	19	345.451
92	maps/rooms/8room_025.map	512	512	446	247	219	349	370.706
75	maps/rooms/8room_025.map	512	512	494	92	279	118	301.024
99	maps/rooms/8room_025.map	512	512	430	47	428	332	399.492
79	maps/rooms/8room_025.map	512	512	265	58	68	222	317.877
110	maps/rooms/8room_025.map	512	512	26	15	194	320	443.818
66	maps/rooms/8room_025.map	512	512	188	408	318	276	266.409
71	maps/rooms/8room_025.map	512	512	482	347	328	387	287.723
94	maps/rooms/8room_025.map	512	512	282	216	510	9	377.919
110	maps/rooms/8room_025.map	512	512	261	466	266	106	443.576
85	maps/rooms/8room_025.map	512	512	71	193	356	122	340.995
73	maps/rooms/8room_025.map	512	512	271	313	122	478	294.208
110	maps/rooms/8room_025.map	512	512	62	125	330	290	443.233
27	maps/rooms/8room_025.map	512	512	277	418	226	488	110.497
59	maps/rooms/8room_025.map	512	512	470	325	360	221	238.309
93	maps/rooms/8room_025.map	512	512	58	340	294	152	374.635
88	maps/rooms/8room_025.map	512	512	311	148	374	418	352.522
108	maps/rooms/8room_025.map	512	512	367	237	40	115	434.262
48	maps/rooms/8room_025.map	512	512	173	335	270	196	195.581
110	maps/rooms/8room_025.map	512	512	492	77	195	245	443.392
27	maps/rooms/8room_025.map	512	512	445	285	431	362	110.113
90	maps/rooms/8room_025.map	512	512	338	125	68	93	362.409
110	maps/rooms/8room_025.map	512	512	454	478	168	258	443.848
91	maps/rooms/8room_025.map	512	512	202	190	271	473	366.978
52	maps/rooms/8room_025.map	512	512	106	44	199	183	208.551
65	maps/rooms/8room_025.map	512	512	12	306	29	143	260.995
44	maps/rooms/8room_025.map	512	512	99	109	138	236	177.397
70	maps/rooms/8room_025.map	512	512	466	122	287	105	283.095
107	maps/rooms/8room_025.map	512	512	426	81	118	234	428.078
110	maps/rooms/8room_025.map	512	512	414	455	270	137	442.676
77	maps/rooms/8room_025.map	512	512	71	180	4	406	309.066
37	maps/rooms/8room_025.map	512	512	27	311	100	282	150.569
12	maps/rooms/8room_025.map	512	512	284	9	298	36	51.0416
100	maps/rooms/8room_025.map	512	512	15	331	331	218	402.22
22	maps/rooms/8room_025.map	512	512	199	69	268	87	88.9411
42	maps/rooms/8room_025.map	512	512	297	180	389	104	171.581
51	maps/rooms/8room_025.map	512	512	68	285	15	195	205.853
49	maps/rooms/8room_025.map	512	512	339	154	174	147	198.669
95	maps/rooms/8room_025.map	512	512	474	328	214	475	380.806
90	maps/rooms/8room_025.map	512	512	187	106	460	198	363.25
107	maps/rooms/8room_025.map	512	512	58	435	24	121	431.706
8	maps/rooms/8room_025.map	512	512	271	226	253	215	32.8995
110	maps/rooms/8room_025.map	512	512	447	447	206	201	443.534
85	maps/rooms/8room_025.map	512	512	322	71	393	306	342.149
89	maps/rooms/8room_025.map	512	512	498	198	354	391	358.179
30	maps/rooms/8room_025.map	512	512	489	159	486	249	120.497
110	maps/rooms/8room_025.map	512	512	498	62	463	371	443.907
90	maps/rooms/8room_025.map	512	512	393	30	102	43	361.179
82	maps/rooms/8room_025.map	512	512	413	261	275	72	328.622
97	maps/rooms/8room_025.map	512	512	137	158	398	361	391.747
56	maps/rooms/8room_025.map	512	512	243	466	216	329	227.882
108	maps/rooms/8room_025.map	512	512	264	10	375	338	434.948
110	maps/rooms/8room_025.map	512	512	123	484	375	237	443.978
12	maps/rooms/8room_025.map	512	512	54	201	71	165	50.799
48	maps/rooms/8room_025.map	512	512	79	362	211	299	195.953
65	maps/rooms/8room_025.map	512	512	158	420	220	307	260.338
110	maps/rooms/8room_025.map	512	512	510	8	274	276	443.362
94	maps/rooms/8room_025.map	512	512	263	327	25	133	377.806
14	maps/rooms/8room_025.map	512	512	477	437	431	456	59.0416
72	maps/rooms/8room_025.map	512	512	354	334	158	397	288.095
27	maps/rooms/8room_025.map	512	512	98	135	24	123	110.284
109	maps/rooms/8room_025.map	512	512	14	119	236	411	439.848
100	maps/rooms/8room_025.map	512	512	347	25	105	198	403.233
62	maps/rooms/8room_025.map	512	512	468	268	391	149	251.037
77	maps/rooms/8room_025.map	512	512	358	509	397	285	309.894
108	maps/rooms/8room_025.map	512	512	37	103	40	427	435.149
98	maps/rooms/8room_025.map	512	512	23	252	219	462	394.635
102	maps/rooms/8room_025.map	512	512	72	188	402	109	411.593
60	maps/rooms/8room_025.map	512	512	456	276	285	222	241.208
109	maps/rooms/8room_025.map	512	512	409	9	206	298	439.948
69	maps/rooms/8room_025.map	512	512	349	182	122	125	278.066
38	maps/rooms/8room_025.map	512	512	270	408	153	428	155.811
85	maps/rooms/8room_025.map	512	512	247	47	456	189	341.794
69	maps/rooms/8room_025.map	512	512	332	134	130	222	279.296
109	maps/rooms/8room_025.map	512	512	242	107	175	445	438.806
109	maps/rooms/8room_025.map	512	512	309	94	197	410	439.22
69	maps/rooms/8room_025.map	512	512	381	451	315	242	279.409
99	maps/rooms/8room_025.map	512	512	474	438	281	213	399.99
69	maps/rooms/8room_025.map	512	512	251	361	365	475	276.451
67	maps/rooms/8room_025.map	512	512	174	249	404	195	271.196
109	maps/rooms/8room_025.map	512	512	14	109	92	359	439.806
19	maps/rooms/8room_025.map	512	512	329	309	284	350	76.8701
109	maps/rooms/8room_025.map	512	512	146	462	499	367	439.262
109	maps/rooms/8room_025.map	512	512	219	71	359	385	439.505
107	maps/rooms/8room_025.map	512	512	444	372	143	248	430.907
91	maps/rooms/8room_025.map	512	512	227	350	218	79	365.078
107	maps/rooms/8room_025.map	512	512	334	507	325	149	431.978
69	maps/rooms/8room_025.map	512	512	261	231	490	246	276.208
106	maps/rooms/8room_025.map	512	512	54	469	87	185	427.191
106	maps/rooms/8room_025.map	512	512	344	14	206	303	427.877
87	maps/rooms/8room_025.map	512	512	399	319	342	62	351.321
73	maps/rooms/8room_025.map	512	512	282	303	148	109	294.593
56	maps/rooms/8room_025.map	512	512	410	322	236	259	226.095
5	maps/rooms/8room_025.map	512	512	155	221	170	230	20.4853
87	maps/rooms/8room_025.map	512	512	116	424	197	170	350.078
106	maps/rooms/8room_025.map	512	512	361	15	277	317	426.794
102	maps/rooms/8room_025.map	512	512	62	309	65	21	411.007
19	maps/rooms/8room_025.map	512	512	190	380	174	325	78.3553
52	maps/rooms/8room_025.map	512	512	78	309	149	259	208.782
47	maps/rooms/8room_025.map	512	512	226	484	393	451	190.184
45	maps/rooms/8room_025.map	512	512	56	19	53	168	182.711
82	maps/rooms/8room_025.map	512	512	246	208	481	322	329.492
20	maps/rooms/8room_025.map	512	512	501	55	510	12	80.1838
106	maps/rooms/8room_025.map	512	512	92	56	205	361	427.99
106	maps/rooms/8room_025.map	512	512	396	291	126	51	426.818
23	maps/rooms/8room_025.map	512	512	471	73	455	70	94.0122
44	maps/rooms/8room_025.map	512	512	83	180	193	99	178.296
99	maps/rooms/8room_025.map	512	512	490	356	199	377	399.948
106	maps/rooms/8room_025.map	512	512	485	93	479	432	427.693
84	maps/rooms/8room_025.map	512	512	332	157	69	66	336.492
106	maps/rooms/8room_025.map	512	512	424	22	69	39	426.836
46	maps/rooms/8room_025.map	512	512	206	25	191	173	185.125
77	maps/rooms/8room_025.map	512	512	283	498	82	330	309.25
106	maps/rooms/8room_025.map	512	512	260	75	369	395	427.676
40	maps/rooms/8room_025.map	512	512	370	343	482	293	161.983
105	maps/rooms/8room_025.map	512	512	91	460	125	110	423.563
30	maps/rooms/8room_025.map	512	512	140	367	41	361	121.225
74	maps/rooms/8room_025.map	512	512	40	374	61	156	299.894
105	maps/rooms/8room_025.map	512	512	250	83	109	393	422.747
10	maps/rooms/8room_025.map	512	512	264	434	232	428	42.0416
49	maps/rooms/8room_025.map	512	512	134	499	196	373	198.125
62	maps/rooms/8room_025.map	512	512	492	470	275	506	249.995
86	maps/rooms/8room_025.map	512	512	466	371	325	165	346.078
105	maps/rooms/8room_025.map	512	512	442	152	137	291	423.563
68	maps/rooms/8room_025.map	512	512	236	378	51	468	275.652
105	maps/rooms/8room_025.map	512	512	21	470	264	307	423.605
56	maps/rooms/8room_025.map	512	512	365	483	284	399	224.581
83	maps/rooms/8room_025.map	512	512	329	217	329	493	333.823
30	maps/rooms/8room_025.map	512	512	226	387	291	468	123.983
76	maps/rooms/8room_025.map	512	512	317	248	95	293	305.309
48	maps/rooms/8room_025.map	512	512	132	339	180	217	193.681
82	maps/rooms/8room_025.map	512	512	156	66	391	196	330.522
95	maps/rooms/8room_025.map	512	512	8	351	291	194	383.706
105	maps/rooms/8room_025.map	512	512	477	103	362	400	423.806
80	maps/rooms/8room_025.map	512	512	18	355	271	434	320.149
105	maps/rooms/8room_025.map	512	512	62	294	181	55	423.22
105	maps/rooms/8room_025.map	512	512	21	19	245	270	423.333
99	maps/rooms/8room_025.map	512	512	162	504	92	251	396.907
105	maps/rooms/8room_025.map	512	512	82	53	119	363	423.149
84	maps/rooms/8room_025.map	512	512	66	341	227	143	339.208
14	maps/rooms/8room_025.map	512	512	409	453	434	429	57.9706
5	maps/rooms/8room_025.map	512	512	207	317	201	297	22.4853
105	maps/rooms/8room_025.map	512	512	5	279	320	419	423.676
104	maps/rooms/8room_025.map	512	512	262	378	356	70	419.078
68	maps/rooms/8room_025.map	512	512	144	314	281	152	273.108
95	maps/rooms/8room_025.map	512	512	204	368	50	115	380.22
104	maps/rooms/8room_025.map	512	512	25	310	299	146	419.706
33	maps/rooms/8room_025.map	512	512	180	332	206	434	133.941
104	maps/rooms/8room_025.map	512	512	74	359	383	201	419.09
104	maps/rooms/8room_025.map	512	512	283	69	202	390	418.877
102	maps/rooms/8room_025.map	512	512	471	458	239	266	411.362
102	maps/rooms/8room_025.map	512	512	28	27	265	238	411.848
101	maps/rooms/8room_025.map	512	512	476	100	284	364	407.078
101	maps/rooms/8room_025.map	512	512	291	351	210	30	407.12
82	maps/rooms/8room_025.map	512	512	412	162	154	152	329.924
101	maps/rooms/8room_025.map	512	512	41	70	354	125	407.037
101	maps/rooms/8room_025.map	512	512	124	476	357	243	407.806
101	maps/rooms/8room_025.map	512	512	353	12	214	279	407.563
71	maps/rooms/8room_025.map	512	512	218	408	71	243	287.38
101	maps/rooms/8room_025.map	512	512	443	393	122	391	405.534
99	maps/rooms/8room_025.map	512	512	194	504	323	212	399.492
82	maps/rooms/8room_025.map	512	512	203	348	431	249	331.25
63	maps/rooms/8room_025.map	512	512	168	170	322	300	255.179
90	maps/rooms/8room_025.map	512	512	342	447	324	168	361.108
95	maps/rooms/8room_025.map	512	512	27	91	311	15	381.706
71	maps/rooms/8room_025.map	512	512	15	216	72	5	287.581
99	maps/rooms/8room_025.map	512	512	84	365	313	155	399.233
99	maps/rooms/8room_025.map	512	512	329	1	88	212	399.061
99	maps/rooms/8room_025.map	512	512	373	260	73	399	399.333
81	maps/rooms/8room_025.map	512	512	267	104	381	351	327.25
99	maps/rooms/8room_025.map	512	512	139	20	277	329	399.676
59	maps/rooms/8room_025.map	512	512	320	10	396	172	239.279
98	maps/rooms/8room_025.map	512	512	155	46	287	356	395.848
62	maps/rooms/8room_025.map	512	512	130	224	136	23	249.368
12	maps/rooms/8room_025.map	512	512	356	412	375	454	51.6274
46	maps/rooms/8room_025.map	512	512	254	151	393	105	186.296
91	maps/rooms/8room_025.map	512	512	269	355	29	405	365.179
98	maps/rooms/8room_025.map	512	512	455	191	407	459	394.593
98	maps/rooms/8room_025.map	512	512	354	154	46	59	395.978
67	maps/rooms/8room_025.map	512	512	339	27	254	127	270.196
32	maps/rooms/8room_025.map	512	512	315	132	334	245	130.527
15	maps/rooms/8room_025.map	512	512	389	281	368	243	63.8701
3	maps/rooms/8room_025.map	512	512	458	484	461	495	12.2426
92	maps/rooms/8room_025.map	512	512	239	449	479	281	371.764
53	maps/rooms/8room_025.map	512	512	300	121	431	231	215.368
40	maps/rooms/8room_025.map	512	512	358	139	286	40	163.468
48	maps/rooms/8room_025.map	512	512	175	213	52	140	192.711
86	maps/rooms/8room_025.map	512	512	395	122	127	150	344.208
32	maps/rooms/8room_025.map	512	512	397	171	338	259	129.912
51	maps/rooms/8room_025.map	512	512	302	200	349	346	204.439
97	maps/rooms/8room_025.map	512	512	191	452	198	159	391.179
92	maps/rooms/8room_025.map	512	512	391	475	119	350	369.291
35	maps/rooms/8room_025.map	512	512	4	338	94	294	143.154
71	maps/rooms/8room_025.map	512	512	106	306	255	153	287.966
65	maps/rooms/8room_025.map	512	512	488	282	443	490	262.196
97	maps/rooms/8room_025.map	512	512	396	222	82	331	391.635
97	maps/rooms/8room_025.map	512	512	428	61	316	353	391.764
47	maps/rooms/8room_025.map	512	512	286	397	162	504	191.752
97	maps/rooms/8room_025.map	512	512	113	274	348	85	391.279
42	maps/rooms/8room_025.map	512	512	412	264	346	333	170.296
97	maps/rooms/8room_025.map	512	512	87	374	416	440	391.877
97	maps/rooms/8room_025.map	512	512	440	21	226	234	391.877
30	maps/rooms/8room_025.map	512	512	427	40	334	73	122.326
91	maps/rooms/8room_025.map	512	512	267	331	451	142	366.764
89	maps/rooms/8room_025.map	512	512	220	489	325	212	358.35
96	maps/rooms/8room_025.map	512	512	146	283	404	104	386.99
32	maps/rooms/8room_025.map	512	512	87	370	6	428	131.669
96	maps/rooms/8room_025.map	512	512	76	210	407	220	387.936
68	maps/rooms/8room_025.map	512	512	166	402	223	194	272.924
52	maps/rooms/8room_025.map	512	512	221	171	191	3	211.137
71	maps/rooms/8room_025.map	512	512	333	332	198	169	286.593
96	maps/rooms/8room_025.map	512	512	6	73	104	336	387.735
4	maps/rooms/8room_025.map	512	512	238	386	247	394	19.2426
31	maps/rooms/8room_025.map	512	512	202	427	285	470	126.569
96	maps/rooms/8room_025.map	512	512	107	292	396	188	387.108
96	maps/rooms/8room_025.map	512	512	425	26	125	106	387.179
47	maps/rooms/8room_025.map	512	512	373	70	251	151	191.912
96	maps/rooms/8room_025.map	512	512	72	226	382	125	386.865
30	maps/rooms/8room_025.map	512	512	439	189	411	109	120.184
95	maps/rooms/8room_025.map	512	512	211	322	366	46	383.451
95	maps/rooms/8room_025.map	512	512	457	61	150	159	383.936
95	maps/rooms/8room_025.map	512	512	98	83	407	98	383.421
58	maps/rooms/8room_025.map	512	512	297	338	151	430	232.995
80	maps/rooms/8room_025.map	512	512	440	110	285	291	323.38
61	maps/rooms/8room_025.map	512	512	77	292	67	227	245.551
90	maps/rooms/8room_025.map	512	512	377	396	155	282	362.735
91	maps/rooms/8room_025.map	512	512	163	164	452	110	366.723
94	maps/rooms/8room_025.map	512	512	106	505	372	469	377.907
94	maps/rooms/8room_025.map	512	512	217	426	393	191	379.492
94	maps/rooms/8room_025.map	512	512	482	181	308	400	379.25
51	maps/rooms/8room_025.map	512	512	483	86	389	204	204.853
94	maps/rooms/8room_025.map	512	512	84	357	354	250	378.806
47	maps/rooms/8room_025.map	512	512	486	253	442	151	191.296
64	maps/rooms/8room_025.map	512	512	322	265	238	69	258.652
94	maps/rooms/8room_025.map	512	512	246	111	365	383	379.291
93	maps/rooms/8room_025.map	512	512	438	98	152	154	375.137
77	maps/rooms/8room_025.map	512	512	428	165	184	173	308.451
71	maps/rooms/8room_025.map	512	512	329	91	145	180	287.652
55	maps/rooms/8room_025.map	512	512	475	469	285	502	222.338
79	maps/rooms/8room_025.map	512	512	476	215	218	202	318.522
89	maps/rooms/8room_025.map	512	512	265	484	98	252	359.492
93	maps/rooms/8room_025.map	512	512	498	358	348	117	375.794
65	maps/rooms/8room_025.map	512	512	237	56	41	135	262.782
77	maps/rooms/8room_025.map	512	512	69	170	215	350	308.108
93	maps/rooms/8room_025.map	512	512	407	173	142	332	374.978
93	maps/rooms/8room_025.map	512	512	63	45	47	318	375.936
93	maps/rooms/8room_025.map	512	512	440	499	493	200	375.48
93	maps/rooms/8room_025.map	512	512	297	86	138	288	375.149
9	maps/rooms/8room_025.map	512	512	348	230	374	251	39.9706
92	maps/rooms/8room_025.map	512	512	429	325	125	232	370.664
77	maps/rooms/8room_025.map	512	512	150	371	380	327	311.137
92	maps/rooms/8room_025.map	512	512	42	506	243	447	371.179
89	maps/rooms/8room_025.map	512	512	327	478	46	425	359.522
89	maps/rooms/8room_025.map	512	512	205	151	189	445	359.421
19	maps/rooms/8room_025.map	512	512	206	198	262	182	76.7279
55	maps/rooms/8room_025.map	512	512	157	281	103	122	223.853
68	maps/rooms/8room_025.map	512	512	214	255	229	43	275.693
24	maps/rooms/8room_025.map	512	512	463	393	482	335	97.2843
64	maps/rooms/8room_025.map	512	512	413	306	255	425	258.196
89	maps/rooms/8room_025.map	512	512	373	263	109	125	359.362
88	maps/rooms/8room_025.map	512	512	27	483	232	443	355.007
61	maps/rooms/8room_025.map	512	512	399	495	462	308	246.409
88	maps/rooms/8room_025.map	512	512	46	94	119	361	355.22
52	maps/rooms/8room_025.map	512	512	63	207	173	74	211.853
32	maps/rooms/8room_025.map	512	512	279	266	362	324	128.154
62	maps/rooms/8room_025.map	512	512	285	138	393	20	249.823
88	maps/rooms/8room_025.map	512	512	389	508	178	318	355.593
88	maps/rooms/8room_025.map	512	512	9	73	288	148	355.723
88	maps/rooms/8room_025.map	512	512	407	82	286	344	355.693
62	maps/rooms/8room_025.map	512	512	168	144	353	222	251.51
57	maps/rooms/8room_025.map	512	512	383	344	199	279	228.924
87	maps/rooms/8room_025.map	512	512	438	322	186	407	351.995
47	maps/rooms/8room_025.map	512	512	53	249	62	93	191.468
87	maps/rooms/8room_025.map	512	512	380	511	484	239	351.279
87	maps/rooms/8room_025.map	512	512	412	341	492	109	351.966
86	maps/rooms/8room_025.map	512	512	322	8	235	251	347.321
84	maps/rooms/8room_025.map	512	512	223	58	107	311	337.635
85	maps/rooms/8room_025.map	512	512	259	266	185	504	343.362
68	maps/rooms/8room_025.map	512	512	457	60	245	147	275.066
43	maps/rooms/8room_025.map	512	512	168	475	292	473	174.024
56	maps/rooms/8room_025.map	512	512	268	492	244	327	225.368
85	maps/rooms/8room_025.map	512	512	204	451	363	236	343.664
85	maps/rooms/8room_025.map	512	512	312	232	184	477	343.049
85	maps/rooms/8room_025.map	512	512	322	452	309	168	343.208
68	maps/rooms/8room_025.map	512	512	119	233	339	315	275.966
82	maps/rooms/8room_025.map	512	512	41	79	299	84	331.551
84	maps/rooms/8room_025.map	512	512	483	507	479	236	339.794
84	maps/rooms/8room_025.map	512	512	99	152	330	295	339.12
84	maps/rooms/8room_025.map	512	512	466	90	258	147	339.167
83	maps/rooms/8room_025.map	512	512	137	285	399	179	335.279
52	maps/rooms/8room_025.map	512	512	292	413	454	431	210.752
26	maps/rooms/8room_025.map	512	512	475	229	459	293	107.841
83	maps/rooms/8room_025.map	512	512	235	284	440	463	334.693
82	maps/rooms/8room_025.map	512	512	316	110	292	369	331.409
60	maps/rooms/8room_025.map	512	512	39	456	163	345	240.338
32	maps/rooms/8room_025.map	512	512	478	158	405	73	129.882
81	maps/rooms/8room_025.map	512	512	405	173	330	402	327.723
81	maps/rooms/8room_025.map	512	512	31	412	99	178	327.078
81	maps/rooms/8room_025.map	512	512	43	107	154	342	327.664
80	maps/rooms/8room_025.map	512	512	53	206	305	309	323.693
55	maps/rooms/8room_025.map	512	512	264	435	106	340	223.066
43	maps/rooms/8room_025.map	512	512	148	404	100	285	173.61
80	maps/rooms/8room_025.map	512	512	84	173	286	347	323.563
44	maps/rooms/8room_025.map	512	512	325	162	334	42	176.196
80	maps/rooms/8room_025.map	512	512	327	194	59	197	323.551
79	maps/rooms/8room_025.map	512	512	431	182	199	313	318.764
76	maps/rooms/8room_025.map	512	512	404	227	187	94	307.279
79	maps/rooms/8room_025.map	512	512	102	54	329	204	319.049
42	maps/rooms/8room_025.map	512	512	248	393	171	510	168.61
67	maps/rooms/8room_025.map	512	512	322	343	407	165	271.309
47	maps/rooms/8room_025.map	512	512	410	236	378	335	189.267
78	maps/rooms/8room_025.map	512	512	150	260	233	502	315.551
78	maps/rooms/8room_025.map	512	512	492	86	327	275	315.522
78	maps/rooms/8room_025.map	512	512	59	303	230	222	315.421
76	maps/rooms/8room_025.map	512	512	155	509	46	323	307.208
76	maps/rooms/8room_025.map	512	512	165	20	133	271	307.794
59	maps/rooms/8room_025.map	512	512	121	282	2	431	239.522
61	maps/rooms/8room_025.map	512	512	303	348	445	422	245.782
75	maps/rooms/8room_025.map	512	512	395	463	142	454	302.794
75	maps/rooms/8room_025.map	512	512	231	205	181	445	303.238
75	maps/rooms/8room_025.map	512	512	206	443	147	203	303.208
75	maps/rooms/8room_025.map	512	512	399	238	168	337	303.563
45	maps/rooms/8room_025.map	512	512	171	285	175	157	180.024
74	maps/rooms/8room_025.map	512	512	343	155	143	283	299.321
67	maps/rooms/8room_025.map	512	512	477	455	378	275	271.066
39	maps/rooms/8room_025.map	512	512	147	502	100	499	159.983
67	maps/rooms/8room_025.map	512	512	463	487	361	309	271.037
66	maps/rooms/8room_025.map	512	512	185	77	345	235	267.037
66	maps/rooms/8room_025.map	512	512	98	407	91	196	267.522
42	maps/rooms/8room_025.map	512	512	146	253	199	380	168.811
14	maps/rooms/8room_025.map	512	512	212	377	250	404	57.2843
66	maps/rooms/8room_025.map	512	512	267	323	439	277	267.439
61	maps/rooms/8room_025.map	512	512	365	182	260	147	244.267
45	maps/rooms/8room_025.map	512	512	9	89	126	158	181.397
27	maps/rooms/8room_025.map	512	512	300	155	199	134	111.698
66	maps/rooms/8room_025.map	512	512	446	278	227	289	267.037
38	maps/rooms/8room_025.map	512	512	372	168	457	86	154.397
66	maps/rooms/8room_025.map	512	512	110	244	220	60	266.836
65	maps/rooms/8room_025.map	512	512	388	296	484	453	263.066
65	maps/rooms/8room_025.map	512	512	438	106	290	233	263.995
64	maps/rooms/8room_025.map	512	512	234	383	348	250	259.309
64	maps/rooms/8room_025.map	512	512	230	419	222	213	259.439
47	maps/rooms/8room_025.map	512	512	30	344	185	359	190.368
64	maps/rooms/8room_025.map	512	512	206	420	27	456	259.61
42	maps/rooms/8room_025.map	512	512	188	363	245	237	170.64
23	maps/rooms/8room_025.map	512	512	398	129	451	159	95.1838
64	maps/rooms/8room_025.map	512	512	338	431	370	236	259.409
32	maps/rooms/8room_025.map	512	512	223	374	303	451	131.811
63	maps/rooms/8room_025.map	512	512	425	234	359	388	255.338
63	maps/rooms/8room_025.map	512	512	509	243	305	239	255.279
63	maps/rooms/8room_025.map	512	512	187	338	314	479	255.681
63	maps/rooms/8room_025.map	512	512	149	5	240	147	255.007
63	maps/rooms/8room_025.map	512	512	28	351	221	240	255.38
63	maps/rooms/8room_025.map	512	512	366	466	199	358	255.652
61	maps/rooms/8room_025.map	512	512	476	26	506	242	247.196
61	maps/rooms/8room_025.map	512	512	67	41	29	221	247.882
60	maps/rooms/8room_025.map	512	512	375	183	370	382	242.752
33	maps/rooms/8room_025.map	512	512	303	427	206	383	132.154
60	maps/rooms/8room_025.map	512	512	435	108	264	146	243.125
58	maps/rooms/8room_025.map	512	512	63	250	276	239	235.64
58	maps/rooms/8room_025.map	512	512	418	505	482	322	235.953
41	maps/rooms/8room_025.map	512	512	367	174	346	169	164.711
58	maps/rooms/8room_025.map	512	512	94	270	221	366	235.309
58	maps/rooms/8room_025.map	512	512	92	316	277	271	234.61
58	maps/rooms/8room_025.map	512	512	74	10	189	169	235.522
57	maps/rooms/8room_025.map	512	512	339	504	274	315	231.338
55	maps/rooms/8room_025.map	512	512	37	457	165	406	223.024
54	maps/rooms/8room_025.map	512	512	338	413	167	447	219.024
54	maps/rooms/8room_025.map	512	512	231	296	47	331	219.711
54	maps/rooms/8room_025.map	512	512	57	241	241	287	219.924
54	maps/rooms/8room_025.map	512	512	470	190	320	270	219.581
21	maps/rooms/8room_025.map	512	512	86	254	138	281	87.8701
54	maps/rooms/8room_025.map	512	512	292	152	275	332	219.752
52	maps/rooms/8room_025.map	512	512	503	462	433	316	211.681
52	maps/rooms/8room_025.map	512	512	431	446	286	356	211.468
51	maps/rooms/8room_025.map	512	512	98	498	54	335	206.983
37	maps/rooms/8room_025.map	512	512	343	370	347	440	150.569
51	maps/rooms/8room_025.map	512	512	87	295	76	165	207.61
50	maps/rooms/8room_025.map	512	512	393	429	274	331	203.711
50	maps/rooms/8room_025.map	512	512	466	119	314	142	203.811
50	maps/rooms/8room_025.map	512	512	290	143	382	286	203.953
50	maps/rooms/8room_025.map	512	512	308	274	403	140	203.61
50	maps/rooms/8room_025.map	512	512	494	106	345	108	203.225
50	maps/rooms/8room_025.map	512	512	406	382	366	271	202.823
50	maps/rooms/8room_025.map	512	512	428	28	318	125	203.024
41	maps/rooms/8room_025.map	512	512	428	212	451	110	167.468
50	maps/rooms/8room_025.map	512	512	30	392	156	266	202.794
50	maps/rooms/8room_025.map	512	512	81	82	202	197	202.752
46	maps/rooms/8room_025.map	512	512	429	122	331	39	187.51
46	maps/rooms/8room_025.map	512	512	72	292	45	209	187.681
46	maps/rooms/8room_025.map	512	512	158	232	197	81	187.823
46	maps/rooms/8room_025.map	512	512	66	498	135	377	186.61
45	maps/rooms/8room_025.map	512	512	325	435	255	298	183.368
45	maps/rooms/8room_025.map	512	512	51	216	201	266	183.054
45	maps/rooms/8room_025.map	512	512	394	376	369	327	183.397
41	maps/rooms/8room_025.map	512	512	212	279	91	332	167.983
44	maps/rooms/8room_025.map	512	512	458	444	430	303	179.225
18	maps/rooms/8room_025.map	512	512	19	95	36	40	75.3553
44	maps/rooms/8room_025.map	512	512	238	214	335	107	179.296
44	maps/rooms/8room_025.map	512	512	140	441	287	477	179.368
44	maps/rooms/8room_025.map	512	512	263	76	234	216	179.953
43	maps/rooms/8room_025.map	512	512	110	461	137	327	175.953
43	maps/rooms/8room_025.map	512	512	199	93	228	230	175.539
43	maps/rooms/8room_025.map	512	512	84	499	127	355	175.225
43	maps/rooms/8room_025.map	512	512	391	60	284	148	175.225
43	maps/rooms/8room_025.map	512	512	451	271	309	264	175.024
43	maps/rooms/8room_025.map	512	512	50	40	69	190	175.326
43	maps/rooms/8room_025.map	512	512	183	380	46	322	175.326
43	maps/rooms/8room_025.map	512	512	285	23	316	143	175.024
41	maps/rooms/8room_025.map	512	512	244	313	194	186	167.953
24	maps/rooms/8room_025.map	512	512	251	418	310	398	97.3259
41	maps/rooms/8room_025.map	512	512	397	406	359	300	167.054
41	maps/rooms/8room_025.map	512	512	510	118	407	207	167.581
41	maps/rooms/8room_025.map	512	512	153	389	266	477	167.61
41	maps/rooms/8room_025.map	512	512	234	467	296	334	167.468
41	maps/rooms/8room_025.map	512	512	13	61	110	124	167.983
40	maps/rooms/8room_025.map	512	512	451	456	313	418	163.397
40	maps/rooms/8room_025.map	512	512	307	498	296	375	163.74
40	maps/rooms/8room_025.map	512	512	356	39	249	51	162.64
39	maps/rooms/8room_025.map	512	512	218	252	149	371	159.681
39	maps/rooms/8room_025.map	512	512	374	247	277	154	158.953
37	maps/rooms/8room_025.map	512	512	399	391	355	330	151.61
37	maps/rooms/8room_025.map	512	512	197	268	68	266	151.912
37	maps/rooms/8room_025.map	512	512	453	247	348	223	151.125
37	maps/rooms/8room_025.map	512	512	299	342	204	308	151.083
37	maps/rooms/8room_025.map	512	512	266	178	191	72	151.125
37	maps/rooms/8room_025.map	512	512	166	126	143	248	151.811
36	maps/rooms/8room_025.map	512	512	379	84	276	61	147.296
36	maps/rooms/8room_025.map	512	512	194	59	167	157	146.681
36	maps/rooms/8room_025.map	512	512	472	62	403	141	147.397
36	maps/rooms/8room_025.map	512	512	450	276	494	203	147.225
26	maps/rooms/8room_025.map	512	512	75	43	29	124	107.669
36	maps/rooms/8room_025.map	512	512	107	134	214	166	147.326
35	maps/rooms/8room_025.map	512	512	12	258	93	198	142.841
34	maps/rooms/8room_025.map	512	512	116	510	102	400	139.054
34	maps/rooms/8room_025.map	512	512	420	270	372	363	138.598
34	maps/rooms/8room_025.map	512	512	365	8	428	99	139.497
33	maps/rooms/8room_025.map	512	512	437	19	358	72	134.811
33	maps/rooms/8room_025.map	512	512	339	408	272	314	135.225
33	maps/rooms/8room_025.map	512	512	75	55	159	92	135.953
27	maps/rooms/8room_025.map	512	512	221	313	247	237	110.184
33	maps/rooms/8room_025.map	512	512	332	484	429	427	135.296
33	maps/rooms/8room_025.map	512	512	296	301	307	398	135.054
32	maps/rooms/8room_025.map	512	512	470	170	376	119	131.184
31	maps/rooms/8room_025.map	512	512	483	13	487	125	127.74
31	maps/rooms/8room_025.map	512	512	440	373	477	282	127.598
23	maps/rooms/8room_025.map	512	512	420	357	454	290	93.1838
31	maps/rooms/8room_025.map	512	512	424	508	365	474	126.841
29	maps/rooms/8room_025.map	512	512	125	443	89	489	119.154
31	maps/rooms/8room_025.map	512	512	121	150	48	227	127.983
31	maps/rooms/8room_025.map	512	512	318	249	279	344	126.811
31	maps/rooms/8room_025.map	512	512	281	173	343	260	127.326
31	maps/rooms/8room_025.map	512	512	324	57	309	139	126.841
29	maps/rooms/8room_025.map	512	512	235	21	314	59	119.083
29	maps/rooms/8room_025.map	512	512	285	457	187	445	119.397
29	maps/rooms/8room_025.map	512	512	503	189	458	105	118.598
24	maps/rooms/8room_025.map	512	512	393	306	440	258	98.7401
8	maps/rooms/8room_025.map	512	512	309	184	302	162	35.3848
29	maps/rooms/8room_025.map	512	512	219	216	271	138	119.841
29	maps/rooms/8room_025.map	512	512	94	455	141	371	119.811
29	maps/rooms/8room_025.map	512	512	239	75	265	165	119.012
29	maps/rooms/8room_025.map	512	512	175	7	163	96	119.569
28	maps/rooms/8room_025.map	512	512	237	218	263	306	114.669
28	maps/rooms/8room_025.map	512	512	332	409	274	328	115.569
28	maps/rooms/8room_025.map	512	512	245	255	266	176	115.497
28	maps/rooms/8room_025.map	512	512	83	77	46	58	115.983
28	maps/rooms/8room_025.map	512	512	35	467	64	409	115.426
28	maps/rooms/8room_025.map	512	512	162	442	205	369	115.698
27	maps/rooms/8room_025.map	512	512	210	475	160	408	111.326
27	maps/rooms/8room_025.map	512	512	20	344	121	350	111.77
27	maps/rooms/8room_025.map	512	512	418	132	338	142	111.598
27	maps/rooms/8room_025.map	512	512	61	314	111	307	111.77
26	maps/rooms/8room_025.map	512	512	139	231	213	264	107.912
26	maps/rooms/8room_025.map	512	512	489	246	406	216	107.912
26	maps/rooms/8room_025.map	512	512	395	487	362	399	107.184
26	maps/rooms/8room_025.map	512	512	471	254	398	219	106.669
26	maps/rooms/8room_025.map	512	512	476	341	487	262	107.355
26	maps/rooms/8room_025.map	512	512	29	94	73	157	107.426
26	maps/rooms/8room_025.map	512	512	108	503	79	426	107.698
25	maps/rooms/8room_025.map	512	512	495	155	410	136	103.941
25	maps/rooms/8room_025.map	512	512	42	58	125	48	103.426
25	maps/rooms/8room_025.map	512	512	11	508	25	443	103.426
25	maps/rooms/8room_025.map	512	512	93	472	109	383	103.77
25	maps/rooms/8room_025.map	512	512	425	172	364	218	103.426
25	maps/rooms/8room_025.map	512	512	122	475	97	404	103.255
25	maps/rooms/8room_025.map	512	512	291	406	370	437	103.497
24	maps/rooms/8room_025.map	512	512	157	503	190	444	99.2548
24	maps/rooms/8room_025.map	512	512	108	365	178	318	99.669
20	maps/rooms/8room_025.map	512	512	295	282	250	236	82.4558
24	maps/rooms/8room_025.map	512	512	455	488	437	399	99.9706
24	maps/rooms/8room_025.map	512	512	147	21	162	95	99.669
24	maps/rooms/8room_025.map	512	512	202	482	255	413	99.1543
23	maps/rooms/8room_025.map	512	512	19	230	31	301	95.4264
23	maps/rooms/8room_025.map	512	512	407	266	367	200	95.397
23	maps/rooms/8room_025.map	512	512	426	109	366	118	94.598
23	maps/rooms/8room_025.map	512	512	189	458	257	460	95.9828
23	maps/rooms/8room_025.map	512	512	8	507	25	449	95.1838
22	maps/rooms/8room_025.map	512	512	248	187	236	214	91.669
22	maps/rooms/8room_025.map	512	512	362	280	312	332	91.598
22	maps/rooms/8room_025.map	512	512	231	44	206	111	91.2548
22	maps/rooms/8room_025.map	512	512	130	333	207	303	91.7696
22	maps/rooms/8room_025.map	512	512	217	436	144	403	91.3553
22	maps/rooms/8room_025.map	512	512	443	500	401	435	91.1838
22	maps/rooms/8room_025.map	512	512	72	47	139	68	91.2548
21	maps/rooms/8room_025.map	512	512	373	116	309	160	87.4975
21	maps/rooms/8room_025.map	512	512	24	254	57	194	87.2843
21	maps/rooms/8room_025.map	512	512	458	495	438	419	87.799
21	maps/rooms/8room_025.map	512	512	297	221	344	261	87.3259
21	maps/rooms/8room_025.map	512	512	361	189	395	181	87.0122
21	maps/rooms/8room_025.map	512	512	275	159	248	207	87.5269
20	maps/rooms/8room_025.map	512	512	251	76	275	144	83.4558
20	maps/rooms/8room_025.map	512	512	478	107	419	138	82.8701
20	maps/rooms/8room_025.map	512	512	438	20	377	44	82.598
20	maps/rooms/8room_025.map	512	512	55	87	109	125	83.4558
20	maps/rooms/8room_025.map	512	512	308	89	311	137	83.5269
20	maps/rooms/8room_025.map	512	512	410	164	369	110	83.2843
20	maps/rooms/8room_025.map	512	512	216	297	230	222	82.799
19	maps/rooms/8room_025.map	512	512	136	346	192	318	79.4558
19	maps/rooms/8room_025.map	512	512	102	234	134	255	79.1838
12	maps/rooms/8room_025.map	512	512	222	36	254	24	51.6985
19	maps/rooms/8room_025.map	512	512	274	183	262	201	79.0122
19	maps/rooms/8room_025.map	512	512	179	458	197	410	79.799
19	maps/rooms/8room_025.map	512	512	99	269	159	255	79.9411
19	maps/rooms/8room_025.map	512	512	262	222	325	227	79.598
18	maps/rooms/8room_025.map	512	512	57	270	120	249	75.2132
18	maps/rooms/8room_025.map	512	512	62	71	95	116	75.6985
18	maps/rooms/8room_025.map	512	512	228	380	279	384	75.4264
18	maps/rooms/8room_025.map	512	512	475	189	428	211	75.5269
18	maps/rooms/8room_025.map	512	512	293	329	293	399	73.3137
18	maps/rooms/8room_025.map	512	512	428	239	458	232	75.4264
18	maps/rooms/8room_025.map	512	512	425	284	363	270	74.7696
18	maps/rooms/8room_025.map	512	512	454	493	416	440	75.1838
17	maps/rooms/8room_025.map	512	512	362	102	320	142	71.4558
17	maps/rooms/8room_025.map	512	512	141	482	89	450	71.1127
17	maps/rooms/8room_025.map	512	512	444	350	417	332	71.3848
17	maps/rooms/8room_025.map	512	512	130	311	163	256	71.0122
17	maps/rooms/8room_025.map	512	512	205	23	161	62	71.8701
17	maps/rooms/8room_025.map	512	512	227	425	279	391	71.9411
17	maps/rooms/8room_025.map	512	512	308	391	319	327	71.8701
17	maps/rooms/8room_025.map	512	512	228	207	290	202	70.6985
17	maps/rooms/8room_025.map	512	512	283	343	277	285	71.8406
16	maps/rooms/8room_025.map	512	512	155	494	206	466	67.2843
16	maps/rooms/8room_025.map	512	512	345	455	301	424	67.5269
16	maps/rooms/8room_025.map	512	512	245	99	209	71	67.2132
16	maps/rooms/8room_025.map	512	512	147	447	200	427	67.7279
16	maps/rooms/8room_025.map	512	512	215	178	186	221	67.3553
7	maps/rooms/8room_025.map	512	512	5	230	21	220	31.8995
16	maps/rooms/8room_025.map	512	512	67	290	47	326	67.1127
16	maps/rooms/8room_025.map	512	512	252	486	314	478	67.3137
16	maps/rooms/8room_025.map	512	512	444	153	409	169	67.6274
16	maps/rooms/8room_025.map	512	512	364	261	306	261	67.1127
15	maps/rooms/8room_025.map	512	512	431	345	454	390	63.6985
15	maps/rooms/8room_025.map	512	512	421	206	366	216	63.9706
15	maps/rooms/8room_025.map	512	512	35	62	74	95	63.2132
15	maps/rooms/8room_025.map	512	512	166	393	167	339	63.5269
15	maps/rooms/8room_025.map	512	512	38	234	91	254	63.6274
15	maps/rooms/8room_025.map	512	512	467	35	438	70	63.3553
15	maps/rooms/8room_025.map	512	512	2	435	21	399	62.799
15	maps/rooms/8room_025.map	512	512	246	388	295	415	63.6985
15	maps/rooms/8room_025.map	512	512	83	249	111	204	63.0416
14	maps/rooms/8room_025.map	512	512	13	358	57	333	59.0416
14	maps/rooms/8room_025.map	512	512	397	29	430	62	59.4558
14	maps/rooms/8room_025.map	512	512	57	72	88	43	59.1127
14	maps/rooms/8room_025.map	512	512	4	405	42	370	59.5269
14	maps/rooms/8room_025.map	512	512	395	62	369	37	59.9706
13	maps/rooms/8room_025.map	512	512	86	370	106	330	55.3137
13	maps/rooms/8room_025.map	512	512	79	508	113	478	55.2132
13	maps/rooms/8room_025.map	512	512	34	94	76	116	55.2132
13	maps/rooms/8room_025.map	512	512	312	459	356	440	55.5269
13	maps/rooms/8room_025.map	512	512	251	287	209	261	55.1127
13	maps/rooms/8room_025.map	512	512	255	425	279	384	55.6274
13	maps/rooms/8room_025.map	512	512	383	51	334	58	55.2132
13	maps/rooms/8room_025.map	512	512	26	224	57	204	55.6274
13	maps/rooms/8room_025.map	512	512	211	437	253	460	55.0416
12	maps/rooms/8room_025.map	512	512	344	503	328	472	51.2843
12	maps/rooms/8room_025.map	512	512	85	422	115	389	50.6985
12	maps/rooms/8room_025.map	512	512	170	86	191	115	51.1127
12	maps/rooms/8room_025.map	512	512	50	422	83	398	51.9706
11	maps/rooms/8room_025.map	512	512	27	258	8	277	46.6274
11	maps/rooms/8room_025.map	512	512	258	201	226	229	47.6985
11	maps/rooms/8room_025.map	512	512	179	358	145	370	47.2132
11	maps/rooms/8room_025.map	512	512	253	131	274	146	47.3137
11	maps/rooms/8room_025.map	512	512	492	259	464	286	47.9706
11	maps/rooms/8room_025.map	512	512	319	43	347	73	47.4558
11	maps/rooms/8room_025.map	512	512	359	379	367	360	47.2843
11	maps/rooms/8room_025.map	512	512	217	34	207	71	47.6274
11	maps/rooms/8room_025.map	512	512	218	340	210	303	47.8701
10	maps/rooms/8room_025.map	512	512	500	238	476	219	43.4853
10	maps/rooms/8room_025.map	512	512	275	55	237	58	43.7279
10	maps/rooms/8room_025.map	512	512	436	150	408	137	43.1421
10	maps/rooms/8room_025.map	512	512	95	335	118	306	43.2132
10	maps/rooms/8room_025.map	512	512	209	393	199	354	43.7279
10	maps/rooms/8room_025.map	512	512	176	509	190	474	42.799
10	maps/rooms/8room_025.map	512	512	6	66	32	95	43.8701
10	maps/rooms/8room_025.map	512	512	500	102	492	134	42.6274
9	maps/rooms/8room_025.map	512	512	274	60	270	86	39.5563
9	maps/rooms/8room_025.map	512	512	255	323	264	357	38.8995
9	maps/rooms/8room_025.map	512	512	130	300	134	266	39.799
9	maps/rooms/8room_025.map	512	512	442	413	456	388	39.6274
9	maps/rooms/8room_025.map	512	512	111	275	123	253	39.3137
9	maps/rooms/8room_025.map	512	512	421	162	394	182	38.799
9	maps/rooms/8room_025.map	512	512	406	60	429	47	39.2132
9	maps/rooms/8room_025.map	512	512	248	390	248	424	38.9706
8	maps/rooms/8room_025.map	512	512	476	39	489	67	35.3848
8	maps/rooms/8room_025.map	512	512	130	462	148	443	35.6274
8	maps/rooms/8room_025.map	512	512	295	489	266	477	35.1421
8	maps/rooms/8room_025.map	512	512	113	248	146	249	35.8995
8	maps/rooms/8room_025.map	512	512	414	194	438	199	35.9706
8	maps/rooms/8room_025.map	512	512	405	158	392	186	35.3848
8	maps/rooms/8room_025.map	512	512	15	499	18	480	35.6569
8	maps/rooms/8room_025.map	512	512	431	10	405	22	35.0711
7	maps/rooms/8room_025.map	512	512	197	207	225	199	31.3137
7	maps/rooms/8room_025.map	512	512	34	236	57	251	31.5563
7	maps/rooms/8room_025.map	512	512	422	401	424	432	31.8284
7	maps/rooms/8room_025.map	512	512	126	339	136	332	30.8995
7	maps/rooms/8room_025.map	512	512	162	419	161	408	31.3137
7	maps/rooms/8room_025.map	512	512	179	469	169	457	30.7279
7	maps/rooms/8room_025.map	512	512	45	266	73	266	31.0711
7	maps/rooms/8room_025.map	512	512	72	278	75	307	31.0711
6	maps/rooms/8room_025.map	512	512	15	203	31	186	27.3848
6	maps/rooms/8room_025.map	512	512	244	501	265	503	27.6274
6	maps/rooms/8room_025.map	512	512	10	111	23	95	27.2426
6	maps/rooms/8room_025.map	512	512	470	182	469	201	27.2132
6	maps/rooms/8room_025.map	512	512	336	439	354	424	27.7279
6	maps/rooms/8room_025.map	512	512	157	19	135	32	27.9706
6	maps/rooms/8room_025.map	512	512	507	213	505	238	27.4853
6	maps/rooms/8room_025.map	512	512	76	269	91	252	27.3137
6	maps/rooms/8room_025.map	512	512	194	220	188	225	27.2426
6	maps/rooms/8room_025.map	512	512	445	318	430	304	27.2426
5	maps/rooms/8room_025.map	512	512	330	33	331	54	23.8995
5	maps/rooms/8room_025.map	512	512	438	457	421	446	23.5563
5	maps/rooms/8room_025.map	512	512	135	108	123	114	23.3137
5	maps/rooms/8room_025.map	512	512	494	21	484	40	23.1421
5	maps/rooms/8room_025.map	512	512	138	426	117	419	23.8995
5	maps/rooms/8room_025.map	512	512	202	126	185	137	22.7279
5	maps/rooms/8room_025.map	512	512	164	162	150	178	22.9706
5	maps/rooms/8room_025.map	512	512	195	84	202	105	23.8995
4	maps/rooms/8room_025.map	512	512	475	506	459	498	19.3137
4	maps/rooms/8room_025.map	512	512	332	509	327	492	19.0711
4	maps/rooms/8room_025.map	512	512	442	458	425	452	19.4853
4	maps/rooms/8room_025.map	512	512	194	237	206	222	19.9706
4	maps/rooms/8room_025.map	512	512	392	147	389	164	19.8995
4	maps/rooms/8room_025.map	512	512	82	373	100	373	19.6569
4	maps/rooms/8room_025.map	512	512	180	503	174	498	19.2426
4	maps/rooms/8room_025.map	512	512	282	199	297	195	19.1421
4	maps/rooms/8room_025.map	512	512	102	454	87	449	19.3137
3	maps/rooms/8room_025.map	512	512	383	29	395	31	15.6569
3	maps/rooms/8room_025.map	512	512	164	355	168	342	15.4853
3	maps/rooms/8room_025.map	512	512	475	434	471	424	15.8995
3	maps/rooms/8room_025.map	512	512	14	275	19	286	15.4142
3	maps/rooms/8room_025.map	512	512	361	169	370	162	15.4142
3	maps/rooms/8room_025.map	512	512	365	284	355	291	15.2426
3	maps/rooms/8room_025.map	512	512	30	265	19	273	15.4853
3	maps/rooms/8room_025.map	512	512	255	262	255	276	15.6569
2	maps/rooms/8room_025.map	512	512	83	292	91	300	11.3137
2	maps/rooms/8room_025.map	512	512	271	472	267	463	10.6569
2	maps/rooms/8room_025.map	512	512	196	423	198	412	11.8284
2	maps/rooms/8room_025.map	512	512	139	473	135	463	11.6569
2	maps/rooms/8room_025.map	512	512	250	326	254	316	11.6569
2	maps/rooms/8room_025.map	512	512	444	460	433	459	11.4142
2	maps/rooms/8room_025.map	512	512	158	486	152	477	11.4853
2	maps/rooms/8room_025.map	512	512	301	155	309	161	11.6569
2	maps/rooms/8room_025.map	512	512	313	451	323	451	10.8284
2	maps/rooms/8room_025.map	512	512	436	264	428	264	11.0711
1	maps/rooms/8room_025.map	512	512	4	420	11	418	7.82843
1	maps/rooms/8room_025.map	512	512	501	248	498	254	7.24264
1	maps/rooms/8room_025.map	512	512	6	173	11	168	7.07107
1	maps/rooms/8room_025.map	512	512	223	470	217	466	7.65685
1	maps/rooms/8room_025.map	512	512	429	262	424	267	7.07107
1	maps/rooms/8room_025.map	512	512	490	130	485	135	7.07107
1	maps/rooms/8room_025.map	512	512	140	264	146	266	6.82843
1	maps/rooms/8room_025.map	512	512	494	327	489	322	7.07107
1	maps/rooms/8room_025.map	512	512	124	323	128	328	7.24264
0	maps/rooms/8room_025.map	512	512	233	174	236	172	3.82843
0	maps/rooms/8room_025.map	512	512	311	152	309	154	2.82843
0	maps/rooms/8room_025.map	512	512	220	159	222	157	2.82843
0	maps/rooms/8room_025.map	512	512	24	151	27	151	3
0	maps/rooms/8room_025.map	512	512	248	303	250	301	2.82843
0	maps/rooms/8room_025.map	512	512	426	469	424	466	3.82843
0	maps/rooms/8room_025.map	512	512	283	18	281	20	2.82843
0	maps/rooms/8room_025.map	512	512	410	54	411	51	3.41421
0	maps/rooms/8room_025.map	512	512	459	265	457	267	2.82843
0	maps/rooms/8room_025.map	512	512	237	71	235	69	2.82843
